 1 1000
 2 598.281
 3 1.7179
 4 1000
 5 722.114
 6 14.3141
 7 1000
 8 37.4997
 9 960.45
 10 923.668
 11 24.1982
 12 483.354
 13 1000
 14 999.806
 15 0.813932
 16 1000
 17 999.665
 18 0.835614
 19 1000
 20 995.642
 21 4.38886
 22 1000
 23 999.029
 24 1.37773
 25 223.628
 26 282.838
 27 6.45458
 28 995.803
 29 435.68
 30 81.3539
 31 463.612
 32 241.939
 33 417.97
 34 208.535
 35 316.215
 36 133.015
 37 993.201
 38 999.356
 39 2.17758
 40 607.71
 41 977.077
 42 1.6862
 43 477.134
 44 883.89
 45 6.88339
 46 998.521
 47 931.203
 48 71.1048
 49 935.463
 50 193.523
 51 360.23
 52 137.424
 53 961.985
 54 295.222
 55 131.802
 56 269.439
 57 706.249
 58 89.7544
 59 195.695
 60 114.632
 61 22.3067
 62 1.75621
 63 464.014
 64 207.737
 65 1.97936
 66 581.084
 67 900.189
 68 102.131
 69 999.991
 70 1000
 71 998.463
 72 2.47997
 73 999.844
 74 91.9109
 75 909.969
 76 964.413
 77 8.19657
 78 815.594
 79 998.595
 80 78.3442
 81 919.469
 82 988.834
 83 625.31
 84 2.00045
 85 131.537
 86 2.41079
 87 989.092
 88 1.82453
 89 1.71954
 90 2.04514
 91 7.91215
 92 477.044
 93 806.197
 94 434.531
 95 805.399
 96 896.831
 97 304.917
 98 246.057
 99 135.612
 100 733.419
 101 940.747
 102 98.7727
 103 180.123
 104 154.948
 105 135.188
 106 176.906
 107 174.569
 108 176.85
 109 128.406
 110 93.5516
 111 191.17
 112 206.651
 113 191.206
 114 177.156
 115 173.297
 116 130.116
 117 184.828
 118 193.411
 119 159.603
 120 113.058
 121 116.723
 122 49.7938
 123 43.2828
 124 38.0031
 125 31.7032
 126 43.9789
 127 25.0696
 128 83.733
 129 55.4322
 130 49.1061
 131 21.2758
 132 19.7653
 133 19.9
 134 29.1432
 135 8.95243
 136 40.8758
 137 10.854
 138 9.37859
 139 8.69873
 140 11.5796
 141 11.118
 142 8.83862
 143 8.7741
 144 17.63
 145 15.8618
 146 11.5208
 147 10.2945
 148 16.8718
 149 16.0955
 150 11.4335
 151 13.3738
 152 19.5742
 153 25.2171
 154 14.0457
 155 19.1669
 156 20.9073
 157 34.2265
 158 0.351584
 159 0.0684753
 160 2.73896
 161 18.6259
 162 53.2958
 163 61.6089
 164 131.13
 165 2.24466
