 1 71672
 2 621.565
 3 1.75273
 4 431472
 5 740.817
 6 14.663
 7 1.3046e+06
 8 61.2878
 9 1586.85
 10 2720.22
 11 37.0623
 12 743.228
 13 1.49808e+06
 14 11336.3
 15 0.814048
 16 866647
 17 5545.17
 18 0.911195
 19 226699
 20 3177.9
 21 12.0599
 22 412493
 23 4348.56
 24 3.16876
 25 239.182
 26 317.709
 27 7.19137
 28 3529.85
 29 476.493
 30 88.554
 31 467.688
 32 246.47
 33 426.25
 34 219.163
 35 328.455
 36 138.594
 37 1518.05
 38 3215.02
 39 3.3536
 40 942.756
 41 5196.2
 42 1.78123
 43 644.007
 44 1527.77
 45 10.8254
 46 4165.39
 47 3125.46
 48 217.137
 49 1926.65
 50 195.555
 51 452.37
 52 172.544
 53 3446.68
 54 335.774
 55 165.036
 56 342.967
 57 710.723
 58 91.3087
 59 198.669
 60 116.499
 61 22.3304
 62 1.75636
 63 474.665
 64 208.354
 65 1.99282
 66 592.365
 67 3478.72
 68 379.66
 69 109868
 70 525310
 71 3247.35
 72 4.23798
 73 19863.3
 74 447.097
 75 4355.14
 76 5299.32
 77 15.546
 78 1541.23
 79 7789.59
 80 208.546
 81 2218.74
 82 2618.65
 83 751.327
 84 2.11385
 85 153.778
 86 2.5343
 87 3270.09
 88 1.82466
 89 1.71955
 90 2.04533
 91 8.37307
 92 544.406
 93 1097.1
 94 523.537
 95 1135.92
 96 1428.31
 97 322.118
 98 248.294
 99 136.314
 100 852.013
 101 1553.76
 102 102.918
 103 182.361
 104 156.694
 105 135.881
 106 177.882
 107 175.59
 108 177.69
 109 129.311
 110 94.8646
 111 191.859
 112 207.43
 113 191.771
 114 177.438
 115 173.717
 116 130.625
 117 185.108
 118 193.664
 119 159.745
 120 113.768
 121 117.298
 122 50.235
 123 43.514
 124 38.2314
 125 32.1479
 126 44.4063
 127 25.91
 128 84.4351
 129 55.9129
 130 49.8699
 131 21.4155
 132 19.8958
 133 20.029
 134 29.6313
 135 9.06862
 136 41.1363
 137 11.0017
 138 9.4884
 139 8.83978
 140 11.7443
 141 11.4855
 142 9.01096
 143 8.93942
 144 17.8252
 145 16.0408
 146 11.6856
 147 10.4925
 148 17.0902
 149 16.328
 150 11.584
 151 13.5787
 152 19.8192
 153 25.8115
 154 14.3293
 155 19.3657
 156 21.0286
 157 34.4225
 158 0.42675
 159 0.0701463
 160 2.80019
 161 19.836
 162 61.6118
 163 64.5197
 164 133.504
 165 2.26284
