 1 31.6228
 2 24.3426
 3 0.963065
 4 31.6228
 5 26.5872
 6 1.47001
 7 31.6228
 8 2.15099
 9 30.4436
 10 30.153
 11 2.01052
 12 21.1854
 13 31.6228
 14 31.619
 15 0.902176
 16 31.6228
 17 31.6158
 18 0.905509
 19 31.6228
 20 31.4979
 21 1.05212
 22 31.6228
 23 31.597
 24 0.935125
 25 14.5606
 26 16.1313
 27 1.29104
 28 31.5435
 29 19.2095
 30 4.47687
 31 21.3692
 32 10.0883
 33 16.6477
 34 14.1679
 35 15.177
 36 7.01562
 37 31.5055
 38 31.6052
 39 1.31704
 40 24.4432
 41 31.2067
 42 1.28654
 43 21.296
 44 29.3006
 45 1.51724
 46 31.585
 47 29.5564
 48 3.62158
 49 30.3668
 50 13.3751
 51 16.7652
 52 7.32359
 53 30.8554
 54 17.0063
 55 7.6025
 56 13.8188
 57 25.9504
 58 8.90786
 59 11.5184
 60 7.29329
 61 4.48129
 62 1.31996
 63 21.2697
 64 13.4245
 65 0.989818
 66 23.5259
 67 28.6167
 68 4.57153
 69 31.6225
 70 31.6228
 71 31.5835
 72 1.32799
 73 31.6193
 74 4.25434
 75 28.9134
 76 30.9814
 77 1.57776
 78 28.3093
 79 31.5907
 80 3.84647
 81 29.2451
 82 31.4124
 83 24.4129
 84 1.31166
 85 11.2084
 86 1.39306
 87 31.3684
 88 1.1802
 89 1.11261
 90 1.32276
 91 2.36444
 92 20.2694
 93 26.826
 94 17.5958
 95 26.9613
 96 29.144
 97 16.0473
 98 14.2717
 99 9.37605
 100 26.3015
 101 30.3493
 102 8.754
 103 12.7953
 104 11.7001
 105 10.8537
 106 12.8405
 107 12.6973
 108 12.7642
 109 10.5197
 110 8.30926
 111 13.1852
 112 14.0341
 113 13.4132
 114 12.7793
 115 12.4321
 116 10.2595
 117 12.808
 118 13.2713
 119 11.9453
 120 9.92963
 121 10.3695
 122 6.82539
 123 6.46715
 124 5.86124
 125 5.41416
 126 6.43558
 127 4.47842
 128 8.71476
 129 6.84091
 130 6.56269
 131 4.32997
 132 4.35794
 133 4.36641
 134 5.30947
 135 2.76839
 136 6.32566
 137 3.13479
 138 2.92793
 139 2.81357
 140 3.28353
 141 3.08346
 142 2.736
 143 2.75111
 144 4.07508
 145 3.88923
 146 3.27431
 147 3.0698
 148 3.96392
 149 3.89316
 150 3.24551
 151 3.50485
 152 4.32702
 153 4.90444
 154 3.61596
 155 4.26691
 156 4.45724
 157 5.76596
 158 0.286538
 159 0.205859
 160 1.37227
 161 3.55553
 162 6.4062
 163 7.00966
 164 10.895
 165 0.668729
