 Smallest eigenvalues
  6.6752e-07   (9 1) 
  7.6652e-07   (46 0.632) (45 -0.623) (47 0.292) (38 0.221) (41 -0.163) (49 -0.1) (40 0.087) (58 0.0564) (39 -0.0541) (36 -0.052) (50 0.0513) (31 -0.0509) (30 0.0454) (158 0.0377) (57 -0.0352) (14 0.0348) (54 0.034) (43 0.0338) (53 -0.0319) (77 -0.0319) (18 0.0315) (75 -0.0297) (37 0.0261) (26 0.0246) (21 0.0245) (52 -0.0214) (11 0.0206) (73 -0.02) (42 -0.0197) (74 0.0194) (94 0.0191) (27 -0.0191) (19 0.0184) (56 -0.0173) (44 0.0151) (23 -0.0148) (29 0.0141) (99 0.0108) (76 0.0107) 
  1.1539e-06   (158 0.999) (46 -0.0238) (45 0.0236) (47 -0.011) 
  1.9036e-06   (5 1) 
  2.3176e-06   (42 0.806) (38 0.328) (45 0.233) (41 -0.217) (43 -0.201) (40 0.195) (154 0.135) (39 -0.125) (44 0.0812) (47 0.0789) (36 -0.0483) (31 -0.0462) (30 0.0406) (49 -0.0367) (58 0.031) (14 0.0304) (18 0.03) (75 -0.0291) (26 0.028) (32 0.0218) (52 -0.0211) (21 0.0203) (57 -0.0181) (34 0.0177) (11 0.0177) (94 0.0152) (19 0.0149) (51 0.0148) (46 -0.0141) (27 -0.0134) (73 -0.0131) (54 0.0131) (23 -0.0128) (76 0.0116) (55 -0.0104) 
  2.4243e-06   (154 0.991) (42 -0.109) (38 -0.0446) (45 -0.0317) (41 0.0294) (43 0.0273) (40 -0.0265) (39 0.0169) (44 -0.011) (47 -0.0107) 
  4.4111e-06   (2 -1) 
  9.0801e-06   (152 -0.982) (34 0.177) (31 -0.0401) (30 0.0379) (33 -0.0347) (38 -0.0144) (36 0.0107) 
  1.3952e-05   (34 -0.909) (31 0.206) (30 -0.194) (152 -0.191) (33 0.178) (38 0.074) (36 -0.0549) (32 0.0512) (26 -0.0508) (37 0.0397) (18 -0.0351) (29 0.0288) (53 -0.0287) (52 0.0261) (14 -0.0251) (21 -0.025) (19 -0.0204) (28 -0.0196) (45 -0.0196) (75 0.0162) (40 0.0158) (27 0.0145) (41 -0.0137) (56 -0.0135) (23 0.0134) (48 -0.0132) (58 -0.0132) (47 -0.013) (35 0.0127) (11 -0.012) (42 0.012) (22 0.0117) (94 -0.0113) 
  4.4871e-05   (25 -0.888) (51 -0.22) (49 0.186) (50 -0.176) (24 -0.137) (26 -0.128) (23 -0.101) (20 0.0956) (19 0.0781) (52 0.0705) (33 -0.0614) (21 0.0593) (53 -0.0533) (27 -0.0509) (56 0.0457) (18 -0.0456) (47 -0.0435) (39 -0.0391) (29 0.0335) (45 -0.0327) (31 -0.0293) (71 0.0288) (13 -0.0269) (58 0.0267) (77 -0.0251) (32 -0.025) (37 -0.0249) (22 0.0198) (40 0.0189) (75 -0.0182) (68 0.0155) (79 -0.0149) (72 0.014) (34 -0.0125) (43 -0.0123) (46 0.0122) (66 -0.0121) (63 -0.0119) (59 -0.0102) 
   8.688e-05   (151 0.977) (51 -0.124) (49 0.099) (50 -0.092) (25 0.0747) (52 0.043) (53 -0.0313) (56 0.0303) (38 0.022) (47 -0.0188) (58 0.015) (26 0.0145) (24 0.0109) 
  0.00011879   (51 0.569) (49 -0.455) (50 0.423) (25 -0.336) (151 0.213) (52 -0.198) (53 0.144) (56 -0.139) (38 -0.101) (47 0.0863) (58 -0.069) (26 -0.0655) (24 -0.0487) (45 0.0456) (71 -0.0444) (57 0.0413) (46 -0.0338) (77 0.0338) (75 0.0336) (18 -0.0336) (23 -0.0327) (20 0.0308) (40 -0.03) (33 -0.026) (94 -0.0235) (37 0.0232) (68 -0.0231) (69 -0.0226) (55 0.0226) (79 0.022) (30 -0.0214) (41 0.0212) (72 -0.0204) (81 0.0204) (19 0.0198) (43 -0.0197) (32 -0.0179) (36 0.0177) (59 0.0175) (73 0.017) (44 0.0166) (63 0.016) (14 -0.0143) (34 -0.0136) (13 -0.0124) (31 0.0119) (54 0.0118) (99 -0.0114) (27 -0.0113) (65 -0.0108) (29 0.0105) 
  0.00016339   (1 1) 
    0.000172   (11 0.986) (14 -0.136) (18 -0.0401) (17 -0.0367) (21 -0.0306) (13 -0.0296) (38 -0.0264) (23 0.0243) (19 -0.0229) (31 0.018) (15 -0.018) (30 -0.0158) (26 -0.0134) (27 0.013) (36 0.0119) 
  0.00018612   (161 1) 
  0.00019981   (3 -1) 
  0.00023086   (15 0.748) (14 0.626) (17 -0.11) (13 0.0889) (11 0.0881) (18 -0.0854) (21 -0.055) (23 0.0488) (19 -0.0456) (16 -0.031) (38 -0.0274) (27 0.0236) (31 0.0236) (30 -0.022) (20 -0.0214) (26 -0.0183) (36 0.0124) (45 0.0114) (33 -0.0113) 
  0.00026851   (160 1) 
  0.00027624   (7 1) 
  0.00028227   (24 0.899) (23 -0.345) (21 0.154) (26 -0.0885) (19 0.0842) (18 0.0797) (25 -0.0746) (157 -0.0592) (22 -0.0573) (32 0.0515) (14 0.0459) (37 -0.0457) (30 -0.0419) (27 0.0367) (31 0.0347) (20 0.0307) (11 0.0264) (53 -0.0163) (41 0.0155) (52 0.0154) (17 0.0145) (56 -0.0143) (36 0.0141) (28 -0.014) (15 0.0125) (45 0.0104) (34 0.01) 
  0.00028482   (157 -0.998) (24 -0.0533) (23 0.0204) 
   0.0003042   (6 1) 
  0.00031136   (17 0.984) (14 0.104) (21 -0.0857) (16 0.0555) (18 -0.0479) (19 -0.0466) (11 0.0455) (15 0.0363) (27 0.0261) (159 0.0231) (30 -0.0178) (37 -0.0144) (13 0.0131) (41 0.0114) (25 -0.0113) (45 0.0112) 
  0.00031442   (159 1) (17 -0.0227) 
  0.00032524   (73 -0.768) (58 -0.397) (57 0.339) (75 0.217) (74 -0.132) (38 0.105) (54 -0.101) (76 -0.0734) (56 0.0609) (39 -0.0601) (52 0.0541) (47 -0.0512) (36 -0.047) (45 -0.0468) (50 0.0454) (43 0.0448) (40 0.0403) (59 0.039) (70 0.0386) (96 0.0386) (31 -0.0384) (18 0.0376) (49 0.0369) (46 -0.0329) (77 0.0308) (67 -0.0304) (88 0.03) (26 0.0296) (14 0.0271) (48 0.0264) (30 0.0229) (42 -0.0218) (89 -0.0215) (78 -0.021) (68 0.0209) (72 -0.0192) (69 -0.0189) (92 -0.0184) (122 0.0182) (112 -0.0171) (99 0.0168) (102 -0.0163) (124 -0.0161) (37 0.016) (11 0.0151) (120 -0.0145) (87 -0.0139) (21 0.0136) (113 0.0124) (19 0.0119) (80 0.0115) (66 0.0115) (116 -0.0112) (127 -0.0107) (32 0.0106) (44 0.0105) (13 0.0105) (71 -0.0103) 
  0.00037006   (58 -0.535) (73 0.513) (57 0.44) (70 -0.218) (38 0.174) (67 -0.162) (75 -0.136) (153 -0.134) (47 -0.122) (45 -0.101) (49 0.101) (54 -0.0955) (74 0.0825) (50 0.0759) (68 0.0668) (39 -0.0661) (40 0.0652) (36 -0.0593) (31 -0.058) (71 0.0572) (69 -0.0553) (46 -0.0535) (59 0.0532) (56 0.0528) (18 0.0447) (42 -0.0432) (14 0.0429) (76 0.0422) (30 0.0422) (66 0.0414) (26 0.0408) (55 -0.0335) (21 0.0295) (122 -0.0286) (52 0.0281) (11 0.0253) (83 -0.0252) (19 0.0206) (48 0.0205) (37 0.0199) (32 0.0183) (78 0.0182) (112 -0.0181) (89 -0.0174) (127 -0.0172) (113 0.0163) (80 -0.0152) (44 0.0149) (17 0.0148) (116 -0.0147) (51 0.0146) (77 -0.0145) (27 -0.0139) (64 -0.0133) (53 0.0132) (133 -0.0122) (126 -0.0119) (99 0.0112) (88 0.011) (41 -0.0109) (120 -0.0105) (29 0.0105) 
  0.00040248   (153 -0.991) (58 0.0761) (57 -0.0628) (73 -0.0624) (70 0.0288) (38 -0.025) (67 0.0219) (47 0.0172) (75 0.0164) (45 0.0143) (49 -0.0141) (54 0.014) (50 -0.0108) 
  0.00042187   (20 0.757) (21 -0.521) (18 0.309) (19 0.211) (47 -0.061) (25 0.0474) (49 -0.0453) (26 -0.0352) (22 0.03) (24 0.0265) (50 -0.0264) (23 0.0245) (14 0.0227) (45 -0.0202) (48 -0.0182) (17 -0.0154) (16 -0.0144) (43 -0.0111) (54 0.0109) (46 -0.0107) (57 -0.0106) 
  0.00047486   (47 -0.618) (49 -0.463) (150 0.395) (50 -0.265) (45 -0.197) (38 0.196) (48 -0.169) (46 -0.0932) (40 0.0906) (54 0.0858) (58 0.0786) (39 -0.0748) (21 0.0703) (57 -0.0686) (55 0.0656) (20 -0.0582) (31 -0.0573) (36 -0.051) (42 -0.0457) (30 0.0418) (26 0.0389) (14 0.0358) (56 -0.0245) (53 0.0237) (73 -0.0236) (37 0.0214) (51 -0.0213) (11 0.0204) (32 0.0179) (52 -0.0174) (75 -0.0155) (41 -0.0149) (27 -0.0131) (44 0.0123) (23 -0.011) (112 -0.0101) 
  0.00054299   (150 0.919) (47 0.266) (49 0.199) (50 0.114) (45 0.0849) (38 -0.0842) (48 0.0726) (46 0.0401) (40 -0.039) (54 -0.0368) (58 -0.0337) (39 0.0322) (57 0.0294) (21 -0.0291) (55 -0.0282) (31 0.0246) (20 0.0234) (36 0.0219) (42 0.0197) (30 -0.018) (26 -0.0167) (14 -0.0155) (56 0.0105) (53 -0.0102) (73 0.0101) 
  0.00055158   (53 0.571) (52 0.51) (43 0.383) (50 0.33) (54 0.199) (49 0.165) (47 -0.158) (42 0.143) (45 -0.105) (58 0.088) (57 -0.0851) (56 -0.0831) (38 0.051) (46 -0.0421) (51 -0.0388) (41 0.0368) (36 -0.0311) (40 -0.0277) (44 0.0261) (70 -0.0252) (18 0.0191) (147 -0.018) (26 0.0171) (31 -0.0149) (30 0.0139) (14 0.0132) (67 -0.0119) 
  0.00056843   (147 -0.798) (43 -0.46) (42 -0.231) (52 0.165) (53 0.157) (40 0.103) (38 0.0993) (45 0.0806) (39 -0.0716) (50 0.0544) (47 0.0421) (41 -0.0414) (54 0.0384) (58 0.0326) (31 -0.0272) (57 -0.026) (56 -0.0245) (44 -0.0214) (26 0.0199) (73 -0.0189) (30 0.0181) (48 0.0166) (21 0.0151) (14 0.0144) (36 -0.0123) (18 0.0122) (51 -0.0114) (37 0.0106) (70 0.01) 
   0.0005842   (147 -0.603) (43 0.597) (42 0.301) (52 -0.234) (53 -0.225) (40 -0.136) (38 -0.133) (45 -0.104) (39 0.0947) (50 -0.082) (54 -0.0566) (41 0.0538) (47 -0.051) (58 -0.0456) (57 0.0368) (31 0.0365) (56 0.0349) (44 0.0276) (26 -0.0269) (73 0.0252) (30 -0.0245) (48 -0.0219) (21 -0.0202) (14 -0.0195) (36 0.0173) (18 -0.0168) (49 -0.0167) (51 0.0162) (37 -0.0144) (32 -0.0127) (70 -0.0127) (94 -0.012) (19 -0.011) 
  0.00061542   (70 0.81) (71 -0.323) (72 0.29) (69 0.181) (73 0.165) (68 -0.117) (49 0.105) (50 0.101) (38 0.0974) (58 -0.0881) (67 0.0799) (47 -0.0748) (57 0.0639) (52 -0.0426) (45 -0.0403) (83 -0.0395) (54 -0.0394) (36 -0.0385) (39 -0.0373) (40 0.0334) (46 -0.033) (31 -0.0303) (55 0.0298) (18 0.0286) (43 0.0285) (148 0.0275) (56 0.0271) (66 -0.0267) (89 -0.0266) (26 0.0258) (75 0.0238) (14 0.0234) (30 0.0232) (53 -0.0221) (42 -0.0203) (120 -0.018) (76 -0.0167) (127 -0.0158) (102 -0.0152) (112 -0.0147) (51 0.0144) (21 0.0141) (19 0.0138) (124 -0.0138) (37 0.0136) (48 0.0136) (99 0.0136) (95 0.0121) (91 -0.0117) (11 0.0116) (94 -0.0111) (113 0.0111) (116 -0.0109) (44 0.0106) (74 0.0105) (80 -0.0104) (104 -0.0101) 
  0.00072876   (148 0.539) (49 0.417) (52 -0.399) (50 0.372) (47 -0.281) (57 -0.168) (38 0.132) (58 0.118) (45 -0.116) (53 -0.113) (70 -0.112) (55 0.0999) (46 -0.074) (73 -0.0725) (40 0.0679) (39 -0.0629) (43 -0.0615) (42 -0.0566) (71 0.0557) (72 -0.0553) (56 -0.0547) (54 0.0496) (51 0.0419) (31 -0.0364) (36 -0.034) (69 -0.0297) (26 0.0266) (14 0.0263) (30 0.0252) (21 0.0239) (18 0.0224) (41 -0.0208) (68 0.0201) (122 -0.0193) (44 0.0183) (94 0.0142) (19 0.0138) (37 0.0126) (11 0.0123) (32 0.0123) (83 0.0108) (59 -0.0106) 
  0.00079206   (148 0.842) (49 -0.271) (52 0.257) (50 -0.242) (47 0.182) (57 0.105) (38 -0.0881) (45 0.0757) (53 0.0732) (58 -0.0726) (55 -0.065) (46 0.0486) (70 0.0454) (40 -0.0447) (39 0.0417) (73 0.041) (43 0.0383) (42 0.037) (56 0.0341) (54 -0.0304) (51 -0.0273) (72 0.026) (71 -0.0251) (31 0.0245) (36 0.0232) (26 -0.018) (14 -0.0177) (30 -0.017) (21 -0.0159) (18 -0.0154) (41 0.0133) (69 0.013) (122 0.0122) (44 -0.0121) 
  0.00085482   (36 -0.868) (37 -0.252) (38 -0.227) (18 0.199) (21 0.197) (23 0.138) (19 0.103) (14 0.0653) (39 0.0632) (31 -0.045) (40 -0.0427) (43 -0.0378) (35 0.0356) (26 -0.0322) (30 0.0299) (45 0.0266) (11 0.0261) (20 0.0261) (17 0.0255) (22 0.0241) (42 0.0206) (57 -0.0188) (46 0.0186) (54 0.0179) (15 -0.0168) (47 0.0162) (13 0.0161) (58 0.0153) (32 0.0146) (24 -0.0143) (50 -0.0124) (52 -0.0117) 
   0.0010729   (21 0.542) (18 0.465) (23 0.437) (36 0.329) (19 0.264) (26 -0.247) (14 0.114) (31 0.105) (22 0.0799) (30 -0.0747) (20 0.0734) (37 0.0691) (17 0.0678) (27 0.0505) (11 0.0385) (15 -0.0301) (32 -0.0298) (25 0.0295) (24 -0.0286) (13 0.0244) (144 -0.0215) (35 -0.0183) (29 -0.0178) 
   0.0012001   (144 -0.999) (145 -0.0482) (21 -0.0125) (18 -0.0109) 
   0.0012545   (46 -0.673) (47 0.47) (45 -0.305) (38 0.262) (14 0.201) (15 -0.16) (43 0.111) (40 0.104) (50 -0.0974) (54 0.0966) (42 -0.0922) (58 0.0774) (36 -0.073) (49 -0.0728) (55 0.0719) (52 -0.071) (57 -0.0553) (41 0.0489) (31 -0.0432) (30 0.041) (51 -0.0392) (11 0.039) (13 0.0324) (39 -0.0313) (37 0.03) (26 0.0281) (70 -0.0275) (75 0.0254) (83 -0.0231) (56 -0.0229) (53 0.0181) (48 0.0171) (80 -0.0151) (94 -0.014) (32 0.014) (17 -0.0117) (44 -0.0108) (89 -0.0107) (76 -0.0105) (16 0.0104) 
   0.0013081   (14 0.67) (15 -0.636) (18 -0.168) (46 0.165) (13 0.131) (38 -0.105) (47 -0.102) (21 -0.0937) (45 0.0836) (17 -0.0784) (26 -0.0705) (19 -0.0649) (11 0.063) (16 0.0577) (31 0.0545) (40 -0.0427) (30 -0.0403) (36 0.0395) (42 0.03) (43 -0.0288) (23 0.0252) (39 0.0226) (27 0.0217) (50 0.0202) (54 -0.0177) (37 -0.0161) (32 -0.016) (55 -0.0158) (52 0.0149) (49 0.0135) (58 -0.0133) (29 -0.0102) 
   0.0014068   (146 1) (145 0.0117) 
   0.0014274   (54 -0.804) (31 -0.313) (56 -0.276) (55 0.185) (30 0.184) (52 0.156) (57 -0.143) (32 0.128) (34 -0.11) (58 0.106) (26 0.0666) (18 0.0576) (43 0.0475) (48 0.0462) (14 0.045) (36 0.0425) (21 0.0343) (33 0.0339) (50 0.0291) (68 0.0283) (70 -0.0281) (46 -0.0271) (19 0.0247) (69 -0.0227) (73 0.0213) (11 0.0202) (27 -0.0202) (75 0.0197) (49 -0.0162) (38 -0.0159) (67 -0.0156) (47 -0.0138) (76 -0.0129) (37 -0.0126) (140 0.0125) (45 -0.0125) (35 -0.0112) (13 0.0112) (23 -0.0109) (29 0.0103) (15 -0.01) 
   0.0015741   (31 -0.649) (30 0.38) (54 0.367) (32 0.274) (34 -0.246) (38 -0.217) (36 0.178) (56 0.114) (26 0.102) (52 -0.0811) (40 -0.074) (33 0.0738) (55 -0.0722) (18 0.0717) (140 0.0715) (39 0.0648) (14 0.0587) (21 0.0579) (37 -0.0575) (57 0.0435) (45 0.038) (47 0.0377) (19 0.0373) (35 -0.0361) (27 -0.0359) (58 -0.0334) (42 0.0295) (11 0.0257) (46 0.0257) (43 -0.0229) (50 -0.0226) (48 -0.0222) (23 -0.0184) (29 0.0146) (13 0.0121) (15 -0.0116) (68 -0.0111) (73 -0.0105) 
   0.0016508   (140 0.997) (31 0.0505) (30 -0.0296) (32 -0.0213) (34 0.019) (54 -0.0161) (38 0.0154) (36 -0.0131) 
    0.001793   (16 -0.811) (27 -0.537) (26 0.135) (29 -0.0838) (28 -0.0684) (14 0.0615) (17 0.0593) (31 0.0578) (15 -0.0517) (30 -0.05) (18 0.0478) (23 -0.0371) (38 -0.0332) (138 0.0264) (21 0.0229) (19 0.0218) (36 0.0216) (13 -0.018) (44 -0.0179) (20 -0.0165) (32 -0.0158) (11 0.013) (40 -0.0112) (22 0.01) 
   0.0019898   (27 -0.722) (16 0.561) (138 0.261) (26 0.197) (29 -0.134) (28 -0.0909) (31 0.0761) (18 0.0676) (19 0.0609) (21 0.058) (30 -0.0559) (38 -0.0418) (23 -0.0405) (15 0.0312) (14 0.0281) (36 0.0254) (13 0.0252) (11 0.0227) (39 0.019) (32 -0.019) (20 0.0175) (25 0.0173) (22 -0.0132) (40 -0.0129) (45 0.0109) 
   0.0020924   (138 0.965) (27 0.21) (16 -0.13) (26 -0.057) (29 0.0385) (28 0.0265) (31 -0.0222) (18 -0.0196) (19 -0.0171) (30 0.0165) (21 -0.0163) (38 0.0121) (23 0.012) 
   0.0022957   (29 0.926) (51 -0.209) (50 0.154) (27 -0.138) (48 -0.119) (49 -0.105) (72 -0.0682) (45 0.0637) (53 -0.0488) (31 0.0478) (28 -0.0396) (30 0.0395) (39 0.0374) (71 0.0357) (32 -0.0338) (25 0.0333) (47 0.0326) (70 0.0315) (33 -0.0287) (56 -0.0273) (22 -0.0233) (58 -0.0202) (34 0.0195) (41 0.0194) (44 -0.0182) (132 0.018) (26 0.0168) (18 0.0162) (14 0.0156) (83 -0.0148) (74 0.0146) (69 0.0146) (66 -0.0137) (60 -0.0131) (77 0.0128) (21 0.0125) (37 0.0125) (81 0.0116) (19 0.0113) (35 -0.0111) (36 0.0104) (16 0.0101) 
     0.00231   (72 -0.692) (71 0.357) (70 0.319) (77 0.236) (132 0.223) (51 0.204) (69 0.158) (50 -0.141) (66 -0.137) (49 0.0963) (68 -0.0921) (83 -0.0863) (48 0.0794) (55 -0.0698) (41 -0.0599) (57 -0.0556) (58 -0.0552) (38 0.051) (96 -0.0505) (79 0.0465) (81 0.0463) (75 -0.0431) (73 0.0418) (76 -0.0364) (52 0.0358) (63 -0.035) (89 -0.0349) (53 0.0342) (67 -0.0337) (94 -0.0335) (39 0.0334) (82 0.0317) (45 -0.0309) (84 0.0291) (62 -0.0284) (131 0.026) (130 -0.0245) (54 -0.0234) (56 0.0232) (88 -0.0231) (47 -0.0208) (43 0.0198) (92 0.0193) (30 0.0191) (128 -0.0173) (65 -0.0171) (60 -0.0171) (80 0.0165) (91 -0.0161) (85 0.0155) (78 0.015) (101 0.0146) (95 -0.0135) (98 0.0122) (117 -0.0117) (46 -0.0112) (36 -0.0102) 
   0.0023435   (51 0.493) (132 0.462) (50 -0.36) (48 0.303) (29 0.275) (72 0.265) (49 0.236) (71 -0.145) (70 -0.131) (53 0.117) (41 -0.108) (56 0.0869) (45 -0.0825) (47 -0.0789) (58 0.0759) (77 -0.0657) (27 -0.0532) (44 0.0504) (83 0.0503) (69 -0.0428) (131 0.039) (130 -0.0362) (66 0.035) (39 -0.0337) (55 -0.0317) (74 -0.026) (81 -0.0251) (52 0.0248) (73 -0.0245) (60 0.0221) (68 0.021) (88 0.0206) (57 -0.0202) (96 0.0196) (38 -0.0195) (133 -0.0186) (25 0.0185) (63 0.0183) (79 -0.0182) (40 0.0181) (18 0.018) (76 0.0177) (94 0.0164) (28 -0.0158) (75 0.0148) (116 0.014) (65 0.0132) (128 -0.0123) (102 0.0111) (62 0.0108) (91 0.0106) (13 0.0103) 
   0.0024278   (132 0.852) (51 -0.317) (50 0.23) (48 -0.183) (29 -0.17) (49 -0.151) (41 0.0744) (53 -0.0712) (131 0.0556) (56 -0.0526) (45 0.0517) (130 -0.0511) (47 0.0476) (72 0.04) (133 -0.0386) (55 0.0356) (27 0.0343) (77 -0.0263) (58 -0.0259) (57 0.0256) (44 -0.0247) (52 -0.0228) (69 -0.0189) (66 0.0176) (71 -0.0162) (128 -0.0144) (70 -0.0139) (67 0.0132) (74 0.0131) (68 0.013) (25 -0.0103) 
    0.002496   (18 0.648) (20 -0.453) (21 -0.387) (19 -0.248) (22 -0.218) (55 0.196) (13 0.141) (25 -0.12) (26 -0.114) (57 -0.0726) (58 -0.071) (39 0.0587) (31 0.0484) (56 0.0467) (23 -0.0378) (30 0.0377) (54 0.0348) (12 0.0277) (36 0.0233) (83 0.022) (17 -0.0218) (43 -0.0213) (40 -0.0204) (15 -0.0191) (14 0.0182) (53 0.018) (72 -0.0165) (46 0.0164) (47 0.0154) (122 0.0153) (96 0.0153) (16 0.0151) (50 -0.0151) (67 -0.0146) (41 0.0135) (28 0.0133) (29 -0.0124) (126 -0.012) (94 0.0109) (44 -0.0105) 
   0.0027044   (57 0.719) (58 0.647) (18 0.0858) (72 -0.0695) (39 -0.0689) (50 0.0648) (55 -0.0639) (59 -0.0628) (96 0.0624) (83 0.0555) (20 -0.0523) (67 -0.0513) (54 -0.0481) (69 0.043) (21 -0.0429) (71 0.0412) (47 -0.03) (126 -0.0297) (78 -0.0293) (13 0.029) (134 -0.0282) (19 -0.0276) (68 -0.0263) (88 0.0253) (22 -0.0248) (70 0.0238) (63 -0.0234) (46 -0.0212) (77 0.0204) (98 -0.0198) (53 -0.0194) (42 -0.0192) (73 0.0191) (43 0.0188) (80 0.018) (41 -0.0178) (106 0.0169) (87 -0.0165) (92 -0.0157) (95 0.015) (97 -0.0148) (66 -0.0147) (52 -0.0141) (91 0.0139) (44 0.0138) (34 -0.0122) (122 -0.0118) (40 0.0114) (75 0.0112) (127 -0.0111) (48 0.0111) (25 -0.0109) (31 -0.0102) 
   0.0027857   (134 -0.821) (55 -0.512) (56 -0.134) (18 0.0809) (38 0.0707) (57 -0.0703) (48 -0.064) (39 0.0603) (54 -0.0528) (20 -0.0504) (53 -0.0439) (72 0.038) (41 0.0369) (21 -0.0358) (83 -0.0353) (67 0.0272) (30 0.0259) (46 -0.0242) (22 -0.0242) (19 -0.0218) (44 -0.0213) (25 -0.0211) (47 -0.021) (71 -0.0207) (51 0.0197) (133 -0.019) (69 -0.0185) (49 0.0175) (96 -0.0168) (42 -0.015) (75 0.0145) (94 -0.0144) (45 -0.0139) (73 -0.0131) (14 0.0121) (70 -0.0118) (36 -0.0116) (80 -0.0115) (40 0.0106) (98 0.0106) (122 -0.0106) (68 0.0103) (50 0.01) 
   0.0029243   (55 0.738) (134 -0.57) (56 0.192) (18 -0.121) (38 -0.101) (48 0.0909) (39 -0.0819) (54 0.0784) (20 0.0749) (53 0.0641) (57 0.0629) (21 0.0535) (72 -0.0518) (41 -0.0517) (83 0.051) (126 -0.0469) (67 -0.0369) (30 -0.0366) (22 0.0359) (46 0.0359) (19 0.0326) (47 0.0319) (25 0.0307) (96 0.0307) (44 0.0297) (51 -0.0283) (71 0.0281) (49 -0.0254) (69 0.0247) (94 0.0229) (42 0.0226) (58 -0.0216) (122 0.0215) (75 -0.0215) (45 0.02) (98 -0.0184) (73 0.0182) (50 -0.0181) (14 -0.0175) (36 0.0171) (80 0.0163) (40 -0.0159) (70 0.0159) (89 0.0145) (68 -0.0137) (124 -0.0136) (13 -0.0123) (91 0.0118) (37 -0.0112) (92 -0.011) (95 0.0105) (88 0.0103) (127 -0.0101) 
    0.003394   (40 -0.782) (67 -0.354) (39 -0.332) (38 0.29) (83 0.125) (68 0.101) (45 0.0891) (57 -0.0758) (44 0.0609) (70 0.055) (36 -0.0488) (85 -0.0441) (47 0.0362) (58 0.036) (42 -0.0354) (88 -0.0321) (55 -0.0319) (96 -0.0301) (49 -0.029) (54 0.0284) (48 0.0282) (94 -0.0269) (43 -0.0264) (66 0.0247) (69 -0.0214) (46 0.0208) (130 -0.0208) (89 -0.0203) (31 -0.0193) (30 0.019) (52 -0.0188) (131 -0.0186) (53 -0.0181) (22 -0.0145) (73 -0.0142) (92 0.0137) (29 0.0127) (19 0.0123) (18 0.0119) (37 0.0117) (14 0.0116) (26 0.0113) (71 -0.0107) (56 -0.0105) (50 -0.0105) 
   0.0036776   (83 0.818) (67 0.33) (130 -0.21) (131 -0.195) (85 -0.171) (96 -0.13) (68 -0.119) (94 -0.117) (88 -0.115) (89 -0.106) (80 0.063) (91 -0.0618) (58 -0.0615) (92 0.0599) (69 0.0484) (72 -0.0483) (38 0.0398) (87 0.0379) (112 -0.036) (97 0.0322) (90 0.03) (106 0.0287) (100 0.0279) (70 -0.0269) (66 -0.0259) (73 0.0257) (98 0.025) (110 -0.0248) (55 -0.0241) (75 -0.0239) (54 -0.0226) (113 0.0221) (99 0.0215) (84 0.021) (57 0.021) (102 -0.0203) (71 0.0197) (103 0.0195) (124 -0.0192) (105 0.0191) (95 -0.0182) (45 -0.0162) (111 0.0161) (116 -0.0149) (81 -0.0148) (107 0.0141) (36 -0.0139) (52 0.0134) (30 0.013) (76 0.012) (46 -0.0118) (39 0.0113) (82 -0.0113) (41 0.0105) (43 0.0102) (77 0.0101) 
    0.003728   (67 0.612) (83 -0.389) (130 -0.376) (131 -0.361) (40 -0.261) (39 -0.165) (68 -0.148) (70 -0.118) (85 0.0997) (38 0.0926) (88 0.0925) (48 0.0889) (96 0.0883) (94 0.0636) (57 0.0594) (44 0.0561) (89 0.0534) (66 -0.0424) (92 -0.0373) (106 -0.0309) (73 0.0294) (58 -0.0259) (87 -0.0258) (41 -0.0252) (71 0.0251) (36 -0.0218) (91 0.0215) (18 0.021) (51 -0.0202) (74 0.0169) (95 0.0167) (47 -0.0155) (55 0.0153) (100 -0.0144) (31 -0.0144) (49 -0.0143) (110 0.0143) (97 -0.013) (69 0.0129) (127 -0.0124) (79 -0.0122) (105 -0.012) (42 -0.012) (13 0.0119) (101 -0.0113) (102 0.0105) 
   0.0039648   (130 -0.579) (131 -0.556) (67 -0.503) (40 0.196) (68 0.136) (39 0.114) (38 -0.0854) (70 0.0835) (48 -0.0586) (83 -0.0469) (57 -0.0433) (58 0.0383) (44 -0.0377) (66 0.0359) (73 -0.0278) (69 -0.0256) (71 -0.0229) (36 0.0212) (72 0.0208) (88 -0.0191) (80 -0.0186) (51 0.0165) (18 -0.0153) (96 -0.0145) (31 0.013) (54 0.012) (41 0.0119) (75 0.0118) (106 0.0114) (47 0.0106) (74 -0.0104) 
   0.0040167   (98 0.512) (100 0.281) (106 0.277) (108 0.273) (107 -0.259) (112 0.247) (102 -0.217) (125 0.205) (113 0.201) (124 -0.199) (103 -0.195) (99 -0.188) (110 0.136) (94 0.127) (115 0.122) (101 -0.121) (149 -0.0965) (123 0.0912) (111 -0.0883) (105 0.0754) (121 0.069) (92 0.0642) (96 0.0542) (75 0.0526) (48 0.0491) (88 0.0478) (97 0.0464) (89 0.0423) (126 0.0418) (142 -0.0413) (114 0.04) (109 0.0358) (104 0.0347) (118 -0.0317) (91 0.0294) (80 0.0273) (122 -0.0244) (90 -0.0227) (51 -0.0226) (67 -0.0224) (78 0.0224) (87 0.0214) (68 -0.0214) (69 0.0209) (119 0.0201) (83 0.0201) (141 0.0196) (81 -0.0185) (74 -0.0183) (73 0.0163) (49 -0.0161) (86 0.0157) (82 -0.0156) (76 -0.0151) (120 -0.0145) (50 0.0111) (44 0.0105) (133 -0.0103) 
   0.0040662   (142 -0.859) (149 0.428) (141 0.277) (125 0.0183) (124 -0.0178) (98 -0.0117) 
   0.0041284   (48 0.802) (51 -0.3) (49 -0.232) (44 0.198) (50 0.161) (55 -0.133) (67 -0.12) (75 0.0994) (38 -0.0988) (47 -0.0983) (40 0.0957) (53 -0.0949) (68 -0.0769) (57 -0.0768) (41 -0.0762) (69 0.0761) (39 -0.076) (125 -0.0609) (54 0.0474) (46 -0.0456) (124 0.045) (106 -0.0424) (83 0.0409) (108 -0.0407) (73 0.0399) (74 -0.0396) (80 0.0392) (72 -0.0361) (22 0.0345) (121 -0.0291) (45 -0.0289) (56 -0.0287) (78 0.0263) (65 -0.0258) (76 -0.0253) (123 -0.0245) (19 -0.0242) (13 0.023) (43 0.0227) (18 0.0222) (112 -0.0219) (89 0.0214) (126 -0.0213) (102 0.0206) (88 0.0202) (30 -0.0195) (81 -0.0189) (66 0.0179) (100 -0.0178) (122 0.0177) (111 0.0172) (149 0.0167) (42 -0.0167) (94 0.0158) (101 0.0157) (103 0.0157) (85 0.0157) (21 -0.0149) (52 -0.0149) (77 0.0144) (58 -0.014) (20 -0.014) (113 -0.0139) (61 -0.0124) (70 -0.0118) (116 0.0118) (82 -0.0117) (105 -0.0112) (99 -0.0106) 
   0.0042011   (68 -0.415) (81 -0.356) (69 0.349) (44 0.292) (79 0.282) (82 -0.238) (74 -0.226) (48 -0.202) (91 -0.192) (77 -0.162) (70 -0.157) (80 0.155) (67 -0.145) (76 0.134) (71 -0.133) (92 0.114) (111 0.0918) (65 -0.0768) (72 -0.076) (39 -0.0751) (85 0.0748) (100 0.0708) (98 -0.0705) (107 0.0628) (105 -0.0577) (75 0.0555) (66 0.052) (86 0.0496) (83 -0.0493) (42 -0.0474) (49 0.0399) (41 -0.0396) (87 0.0359) (47 0.0358) (89 0.0328) (112 0.0322) (57 -0.032) (101 0.0314) (54 -0.0308) (38 -0.0296) (156 -0.0285) (43 0.0279) (40 0.0266) (125 0.0261) (61 -0.0248) (116 -0.0247) (96 0.0246) (51 0.0228) (64 -0.0227) (121 0.0227) (84 0.0225) (58 -0.0222) (45 0.0221) (73 0.022) (113 -0.02) (50 -0.0189) (110 -0.0183) (104 0.0182) (78 0.0178) (123 0.0139) (55 -0.013) (52 0.0122) (108 -0.0105) (95 0.0105) (97 0.0101) (149 -0.0101) 
   0.0044192   (156 -0.999) (44 -0.0349) (48 0.0132) (149 -0.0106) 
   0.0046318   (44 0.817) (48 -0.22) (39 -0.216) (68 0.191) (38 -0.169) (41 -0.156) (69 -0.146) (81 0.123) (42 -0.109) (40 0.108) (70 0.0853) (80 -0.0845) (74 0.0833) (79 -0.0822) (82 0.0742) (71 0.0686) (77 0.0618) (111 -0.0561) (47 0.0549) (85 -0.0535) (43 0.0525) (76 -0.0499) (67 0.0463) (83 0.0449) (55 -0.044) (107 -0.0435) (65 0.0371) (96 0.0364) (30 -0.036) (100 -0.0328) (105 0.0323) (156 -0.0322) (78 0.0321) (94 0.0302) (46 -0.0302) (13 0.0272) (66 -0.0272) (104 -0.0267) (57 -0.0264) (50 -0.0251) (45 0.0249) (49 0.0248) (92 -0.0228) (91 0.0225) (56 -0.0223) (18 0.0219) (125 -0.0213) (21 -0.0193) (58 -0.019) (19 -0.0185) (20 -0.0185) (101 -0.0173) (95 0.0162) (36 0.0162) (98 0.0151) (75 -0.0149) (121 -0.0147) (116 0.0146) (112 -0.0144) (110 0.014) (16 -0.0128) (103 -0.0125) (22 0.0122) (87 -0.0119) (90 0.0118) (64 0.0114) (61 0.0112) (25 0.0112) 
   0.0047978   (19 0.802) (20 -0.388) (135 0.316) (21 -0.29) (18 -0.104) (22 0.0856) (8 -0.0478) (26 -0.0273) (13 -0.0194) (25 0.0187) (27 0.0158) (23 0.0149) 
   0.0049141   (135 0.949) (19 -0.267) (20 0.129) (21 0.0968) (18 0.0346) (22 -0.0285) (8 0.0131) 
   0.0051144   (8 0.999) (19 0.0428) (20 -0.0194) (21 -0.0141) 
   0.0053623   (4 1) 
   0.0055254   (23 -0.79) (24 -0.396) (21 0.241) (25 0.193) (18 0.181) (26 -0.159) (19 0.156) (14 0.0914) (27 0.0833) (22 -0.0696) (20 0.0673) (28 -0.0635) (31 0.0463) (30 -0.046) (11 0.0434) (38 -0.0409) (143 0.0279) (36 0.0209) (45 0.0189) (32 -0.0169) (33 -0.0155) (34 -0.0145) (17 0.0135) (13 0.0128) (75 -0.0116) (39 0.01) 
   0.0057826   (143 1) (23 0.0221) (24 0.0111) 
   0.0060013   (10 -0.937) (28 0.343) (26 0.0405) (27 -0.0257) (30 -0.0203) (23 -0.0201) (21 0.013) (31 0.0123) (38 -0.0115) (29 0.0112) 
   0.0062507   (136 -0.954) (28 0.275) (10 0.108) (26 0.0322) (27 -0.0208) (23 -0.0182) (30 -0.0142) (18 0.0119) (21 0.0111) 
   0.0065476   (28 -0.879) (10 -0.331) (136 -0.3) (26 -0.103) (27 0.0666) (23 0.0581) (30 0.0454) (18 -0.0382) (21 -0.0354) (31 -0.0301) (14 -0.0248) (29 -0.0248) (38 0.0225) (19 -0.0199) (34 0.0162) (20 -0.0146) (11 -0.0141) (24 0.0133) (32 -0.0111) (36 -0.0104) 
    0.006647   (13 -0.899) (39 0.28) (44 0.171) (14 0.162) (38 0.127) (18 0.0883) (41 0.069) (12 -0.0612) (40 -0.0561) (48 0.0548) (55 0.0507) (19 -0.0477) (20 -0.0443) (21 -0.0385) (57 0.0358) (43 -0.0344) (16 0.0328) (46 0.0267) (58 0.0266) (83 -0.0251) (96 -0.025) (15 -0.0221) (45 0.022) (30 0.0212) (72 0.0173) (56 0.0164) (88 -0.0157) (22 0.0151) (80 -0.0149) (47 -0.0137) (94 -0.0124) (61 -0.0121) (73 -0.0121) (26 -0.0114) (70 -0.0111) (65 0.0111) (36 -0.0101) 
   0.0070227   (139 -0.996) (39 0.0594) (13 0.0363) (44 0.0299) (38 0.0286) (41 0.0186) (40 -0.0121) 
   0.0080529   (39 -0.696) (13 -0.359) (44 -0.354) (38 -0.335) (41 -0.218) (40 0.143) (48 -0.0948) (55 -0.089) (43 0.087) (139 -0.087) (18 0.0808) (30 -0.0772) (46 -0.0606) (14 0.0585) (57 -0.0565) (20 -0.0539) (21 -0.0524) (19 -0.0511) (45 -0.0476) (58 -0.0468) (83 0.0377) (96 0.0361) (72 -0.0311) (56 -0.0302) (36 0.0269) (16 0.0244) (65 -0.0231) (61 0.0221) (47 0.0218) (79 -0.0208) (25 0.0199) (60 0.0195) (73 0.019) (94 0.0172) (88 0.0156) (70 0.0155) (78 -0.0154) (12 -0.0149) (31 -0.0145) (53 -0.0139) (67 -0.0131) (37 -0.0126) (15 -0.0124) (98 -0.0123) (64 0.0122) (52 0.0113) (81 -0.011) (62 -0.0106) (80 0.0104) (89 0.0102) (92 -0.0101) (87 -0.0101) (84 0.0101) (77 0.01) (75 0.01) 
   0.0086406   (12 -0.95) (30 0.239) (31 0.149) (33 0.0992) (13 0.0596) (39 -0.0362) (63 0.0232) (38 -0.0212) (137 0.0191) (29 -0.0171) (26 -0.0153) (28 0.0117) (40 0.0111) (22 0.0103) 
   0.0091889   (137 0.961) (30 0.206) (31 0.124) (12 0.101) (33 0.0786) (39 -0.0254) (26 -0.0165) (41 0.0156) (18 -0.0134) (38 -0.0125) (29 -0.0116) (13 -0.0115) 

 Largest eigenvalues
      25.741   (163 0.975) 
      16.968   (75 -0.729) (76 0.294) (94 -0.35) 
      6.6952   (75 0.367) (94 -0.714) (96 0.376) 
      2.9655   (94 0.365) (96 0.701) 
      1.2286   (98 0.311) (124 0.393) (125 -0.628) 
       1.221   (142 0.384) (149 0.889) 
      1.1848   (165 -0.998) 
      1.1571   (164 0.994) 
      1.1204   (91 -0.426) (92 -0.709) (102 0.373) 
      1.1142   (92 -0.297) (102 -0.417) (109 -0.767) 
      1.1077   (102 -0.608) (109 0.491) (114 0.291) (116 0.305) 
      1.0051   (102 -0.363) (114 -0.327) (116 -0.44) (117 -0.54) 
     0.99012   (99 0.62) (101 -0.624) 
     0.93483   (105 0.595) (107 0.521) 
     0.90837   (110 -0.29) (113 0.362) (114 0.617) 
     0.75916   (114 -0.458) (117 0.567) 
     0.68184   (108 0.43) (110 0.576) (112 -0.399) 
     0.66952   (107 -0.317) (108 -0.494) (112 -0.486) 
     0.66117   (115 -0.445) (123 0.411) (125 -0.423) 
     0.60526   (115 0.72) (117 -0.289) (123 0.298) 
     0.59139   (108 0.569) (110 -0.512) (113 -0.374) 
     0.58952   (106 0.74) (108 -0.342) 
     0.58779   (122 0.377) (126 0.382) (127 -0.32) (128 0.598) 
     0.55688   (126 -0.81) (128 0.4) 
     0.54865   (122 -0.754) (126 0.367) 
     0.53887   (119 0.439) (120 0.704) 
     0.53295   (121 -0.489) (123 0.541) (127 0.5) 
     0.41626   (119 0.405) (120 -0.429) (121 0.485) 
     0.41409   (119 -0.704) (133 0.339) 
     0.41254   (88 0.217) (90 0.923) 
     0.40647   (121 -0.408) (127 -0.486) (133 0.458) 
     0.31961   (97 0.919) 
     0.29471   (104 -0.47) (105 -0.52) (107 0.445) 
     0.27026   (103 0.815) (105 0.266) 
     0.24758   (98 -0.271) (100 0.46) (113 0.3) (124 0.36) 
     0.24657   (80 -0.277) (85 0.668) (100 -0.281) (103 -0.217) (124 0.252) 
     0.23029   (80 0.436) (85 -0.306) (100 -0.565) 
     0.20663   (78 0.325) (80 -0.566) (85 -0.508) 
     0.16193   (100 0.308) (111 0.595) (112 0.311) 
     0.14529   (87 -0.299) (88 0.471) (89 0.33) (91 0.405) (96 -0.335) 
     0.13395   (88 -0.383) (95 0.505) (104 -0.399) 
     0.12423   (87 -0.375) (91 -0.545) (92 0.375) 
     0.11911   (87 0.705) (88 0.43) (95 -0.357) 
     0.11156   (86 -0.648) (91 0.335) (95 -0.373) 
      0.1095   (68 -0.387) (81 0.382) (82 0.51) 
    0.099562   (65 0.216) (68 0.353) (74 -0.275) (77 -0.235) (79 0.297) (84 -0.252) (86 0.247) (95 -0.275) (111 -0.211) 
    0.094544   (59 -0.234) (61 -0.343) (65 -0.408) (69 -0.251) (74 0.278) (86 0.238) 
    0.092817   (59 0.595) (61 0.403) 
     0.09133   (59 -0.634) (65 0.368) 
    0.087843   (59 0.343) (61 -0.35) (74 -0.282) (95 0.297) (104 0.322) 
    0.087288   (61 0.572) (69 -0.298) 
     0.08194   (61 -0.445) (64 0.354) (65 0.431) (79 0.261) (82 0.275) 
    0.077099   (64 -0.704) (69 0.257) (74 0.214) (82 0.23) 
    0.072667   (60 0.548) (62 -0.327) (65 -0.337) (69 0.289) 
    0.067259   (60 -0.664) (64 0.268) (65 -0.243) 
     0.06645   (60 0.283) (65 0.208) (69 -0.267) (74 -0.229) (79 -0.235) (111 0.234) (116 0.341) 
    0.063717   (66 -0.277) (77 -0.344) (81 0.288) 
    0.058607   (62 0.52) (66 0.394) 
    0.056242   (62 -0.556) (71 -0.331) 
    0.055317   (62 0.355) (66 -0.617) 
    0.053312   (63 0.319) (71 0.381) (81 -0.306) 
    0.052806   (63 -0.582) (72 -0.218) (74 0.282) (77 -0.259) (81 -0.226) (99 0.223) (101 0.231) 
    0.050085   (63 0.618) (66 -0.315) 
    0.046015   (74 -0.239) (81 0.29) (82 -0.286) (84 -0.418) (118 0.338) 
    0.041713   (33 -0.837) (41 -0.325) 
    0.041081   (33 0.378) (41 -0.766) 
    0.040151   (76 0.396) (89 -0.262) (118 0.449) 
    0.039161   (52 -0.335) (53 0.451) (56 0.372) (76 -0.32) (118 0.295) 
    0.034614   (52 0.362) (53 -0.435) (76 -0.46) (77 -0.317) 
    0.033694   (32 0.742) (37 -0.457) 
    0.030607   (32 -0.545) (37 -0.583) 
    0.030193   (35 -0.361) (37 0.433) (89 0.425) 
    0.029447   (35 0.838) (89 0.23) 
    0.027055   (35 -0.352) (37 -0.287) (56 0.528) 
    0.026356   (130 0.621) (131 -0.653) 
    0.024659   (129 -0.578) (155 -0.805) 
    0.022241   (129 -0.577) (155 0.29) (162 -0.763) 
    0.021871   (129 -0.577) (155 0.516) (162 0.633) 
    0.020449   (22 0.955) 
    0.018443   (141 0.942) (142 0.325) 
