 1 96982.6
 2 646.353
 3 1.435
 4 329753
 5 785.489
 6 11.3898
 7 1.04487e+06
 8 74.3415
 9 1578.25
 10 2594.3
 11 51.8763
 12 724.06
 13 1.44544e+06
 14 11243.8
 15 0.81395
 16 725590
 17 5354.49
 18 0.873683
 19 250028
 20 3334.51
 21 8.37618
 22 305932
 23 4433.28
 24 2.53163
 25 233.2
 26 319.706
 27 5.32207
 28 3442.04
 29 522.327
 30 69.5174
 31 455.969
 32 281.646
 33 406.5
 34 221.316
 35 364.467
 36 120.3
 37 1510.94
 38 3297.19
 39 2.88442
 40 941.671
 41 5370.66
 42 1.72251
 43 654.921
 44 1582.16
 45 8.70929
 46 3249.02
 47 3469.44
 48 140.175
 49 2022.1
 50 211.836
 51 519.007
 52 154.394
 53 3524.35
 54 339.125
 55 187.414
 56 317.176
 57 773.545
 58 100.575
 59 233.49
 60 95.822
 61 22.4842
 62 1.71484
 63 486.222
 64 199.663
 65 2.20122
 66 612.201
 67 3660.34
 68 296.352
 69 108994
 70 309159
 71 3347.14
 72 3.38605
 73 18886
 74 616.854
 75 4205.05
 76 5211.49
 77 20.6503
 78 1570.23
 79 7284.03
 80 322.461
 81 2050.59
 82 2902.17
 83 988.607
 84 1.92304
 85 157.469
 86 2.2539
 87 3308.03
 88 1.92376
 89 1.78819
 90 2.16121
 91 7.86318
 92 478.004
 93 866.754
 94 394.13
 95 812.382
 96 1057.48
 97 318.974
 98 206.445
 99 131.53
 100 642.465
 101 1423.03
 102 87.8821
 103 177.089
 104 147.137
 105 124.026
 106 174.197
 107 170.485
 108 170.666
 109 122.462
 110 89.7642
 111 183
 112 204.813
 113 184.432
 114 169.118
 115 160.79
 116 119.816
 117 179.082
 118 185.589
 119 149.884
 120 109.238
 121 114.072
 122 48.8656
 123 42.9949
 124 36.9996
 125 31.942
 126 44.2525
 127 25.3281
 128 82.8954
 129 55.4394
 130 48.3087
 131 21.2569
 132 19.6487
 133 19.6511
 134 29.2241
 135 9.02019
 136 40.2987
 137 10.9273
 138 9.50144
 139 8.88544
 140 11.7757
 141 11.4699
 142 8.94938
 143 8.90292
 144 17.6844
 145 15.7909
 146 11.6092
 147 10.3593
 148 16.7614
 149 16.0692
 150 11.4375
 151 13.5289
 152 19.3818
 153 24.8006
 154 14.2151
 155 19.2823
 156 20.8815
 157 34.1324
 158 0.556087
 159 0.186042
 160 2.80788
 161 19.7016
 162 59.8316
 163 61.3153
 164 132.364
 165 2.38632
