 1 1000
 2 626.223
 3 1.4159
 4 1000
 5 768.771
 6 11.1653
 7 1000
 8 45.3163
 9 953.306
 10 917.651
 11 33.7669
 12 470.414
 13 1000
 14 999.862
 15 0.81389
 16 1000
 17 999.735
 18 0.828326
 19 1000
 20 996.953
 21 3.11728
 22 1000
 23 999.229
 24 1.22046
 25 219.327
 26 289.701
 27 4.87783
 28 996.383
 29 485.098
 30 64.8255
 31 451.975
 32 277.455
 33 400.156
 34 211.323
 35 353.175
 36 116.316
 37 997.378
 38 999.51
 39 2.02523
 40 596.27
 41 975.316
 42 1.66406
 43 473.263
 44 881.563
 45 5.54965
 46 998.682
 47 960.029
 48 42.1075
 49 928.965
 50 208.776
 51 393.621
 52 117.436
 53 961.139
 54 294.862
 55 147.404
 56 246.15
 57 768.363
 58 99.0525
 59 230.348
 60 94.4958
 61 22.4613
 62 1.71474
 63 475.835
 64 199.098
 65 2.18336
 66 600.982
 67 923.929
 68 78.3007
 69 999.991
 70 1000
 71 998.899
 72 2.19313
 73 999.855
 74 126.576
 75 875.513
 76 964.677
 77 10.7787
 78 823.819
 79 998.767
 80 127.795
 81 870.881
 82 991.053
 83 773.476
 84 1.84163
 85 134.035
 86 2.16732
 87 988.902
 88 1.92354
 89 1.78817
 90 2.16094
 91 7.55367
 92 450.2
 93 778.603
 94 381.282
 95 686.128
 96 816.686
 97 309.656
 98 205.174
 99 130.958
 100 566.773
 101 926.902
 102 84.3484
 103 175.201
 104 145.724
 105 123.205
 106 173.077
 107 169.42
 108 169.897
 109 121.715
 110 88.6155
 111 182.339
 112 204.11
 113 183.888
 114 168.877
 115 160.445
 116 119.387
 117 178.73
 118 185.317
 119 149.774
 120 108.676
 121 113.512
 122 48.4274
 123 42.79
 124 36.8023
 125 31.566
 126 43.8915
 127 24.621
 128 82.2566
 129 54.969
 130 47.5592
 131 21.1484
 132 19.547
 133 19.5553
 134 28.791
 135 8.92764
 136 40.093
 137 10.8136
 138 9.41707
 139 8.76934
 140 11.6394
 141 11.1421
 142 8.81316
 143 8.77834
 144 17.5372
 145 15.6514
 146 11.4884
 147 10.2086
 148 16.5975
 149 15.8869
 150 11.3259
 151 13.3535
 152 19.1807
 153 24.2854
 154 13.968
 155 19.1112
 156 20.7975
 157 33.9729
 158 0.462558
 159 0.182876
 160 2.7479
 161 18.544
 162 52.0721
 163 58.6059
 164 130.296
 165 2.36397
