 1 31.6228
 2 24.9282
 3 0.945543
 4 31.6228
 5 27.509
 6 1.33596
 7 31.6228
 8 2.4011
 9 30.2171
 10 30.0317
 11 2.43324
 12 20.6887
 13 31.6228
 14 31.62
 15 0.902155
 16 31.6228
 17 31.6171
 18 0.904716
 19 31.6228
 20 31.5376
 21 1.0051
 22 31.6228
 23 31.6027
 24 0.927847
 25 14.3955
 26 16.391
 27 1.19266
 28 31.5554
 29 20.7076
 30 3.69529
 31 21.1525
 32 11.3068
 33 15.8286
 34 14.1991
 35 16.4619
 36 6.15103
 37 31.5733
 38 31.6097
 39 1.30822
 40 24.2209
 41 31.1725
 42 1.28356
 43 21.1716
 44 29.2431
 45 1.46484
 46 31.59
 47 30.4204
 48 2.6961
 49 30.2546
 50 13.9157
 51 17.7833
 52 6.34249
 53 30.8392
 54 16.9935
 55 8.36881
 56 12.8544
 57 27.0229
 58 9.36486
 59 12.7056
 60 6.08766
 61 4.49739
 62 1.30565
 63 21.5446
 64 13.1589
 65 0.996951
 66 23.9612
 67 29.3298
 68 3.82747
 69 31.6225
 70 31.6228
 71 31.5948
 72 1.31417
 73 31.6195
 74 5.33015
 75 27.8784
 76 30.9886
 77 1.67492
 78 28.4254
 79 31.5946
 80 5.3842
 81 27.7768
 82 31.4551
 83 27.2657
 84 1.29797
 85 11.3201
 86 1.36358
 87 31.3643
 88 1.24293
 89 1.16455
 90 1.38114
 91 2.34266
 92 19.5827
 93 26.2295
 94 16.3538
 95 24.4969
 96 27.514
 97 16.2235
 98 13.0005
 99 9.3941
 100 22.8776
 101 30.0502
 102 8.06623
 103 12.6672
 104 11.3677
 105 10.3033
 106 12.6907
 107 12.4909
 108 12.5005
 109 10.283
 110 8.14661
 111 12.8537
 112 13.9188
 113 13.1101
 114 12.4574
 115 11.9665
 116 9.84458
 117 12.6132
 118 12.9793
 119 11.5655
 120 9.75597
 121 10.2348
 122 6.74221
 123 6.43953
 124 5.78504
 125 5.41918
 126 6.43704
 127 4.45382
 128 8.65025
 129 6.83828
 130 6.46905
 131 4.3374
 132 4.34323
 133 4.33823
 134 5.28234
 135 2.77811
 136 6.27015
 137 3.14597
 138 2.94997
 139 2.83777
 140 3.30052
 141 3.09433
 142 2.74116
 143 2.76505
 144 4.07265
 145 3.87268
 146 3.28337
 147 3.07226
 148 3.94054
 149 3.87787
 150 3.24571
 151 3.51448
 152 4.29177
 153 4.82203
 154 3.61701
 155 4.26622
 156 4.45156
 157 5.74947
 158 0.353912
 159 0.351623
 160 1.37172
 161 3.54462
 162 6.34111
 163 6.88503
 164 10.9142
 165 0.72952
