 Smallest eigenvalues
  6.9183e-07   (9 1) 
  9.5706e-07   (44 -0.629) (46 -0.568) (43 0.334) (45 0.214) (37 0.175) (40 -0.16) (47 -0.146) (42 -0.114) (51 -0.0644) (35 -0.0591) (30 0.0585) (49 0.0549) (56 -0.0511) (50 -0.051) (58 0.0387) (18 0.0345) (74 -0.0322) (158 -0.0299) (14 -0.0294) (54 -0.0287) (52 0.0255) (36 0.0248) (34 0.0244) (39 -0.023) (32 -0.0225) (94 0.0215) (20 0.0201) (77 0.0189) (11 -0.0182) (73 0.0178) (27 0.0166) (76 -0.0151) (29 -0.0142) (19 -0.0135) (25 -0.0129) (26 -0.0111) (22 0.011) (75 0.0105) 
  1.3782e-06   (158 -1) (44 0.0189) (46 0.017) (43 -0.01) 
  3.0326e-06   (4 -1) 
  3.2346e-06   (41 0.634) (40 -0.63) (44 0.247) (37 0.237) (42 0.174) (155 0.114) (39 -0.109) (43 -0.0758) (35 -0.0642) (30 0.0583) (47 -0.0463) (45 0.0446) (51 -0.0359) (18 0.0322) (38 0.0308) (36 0.0297) (46 -0.0274) (49 0.0254) (14 -0.0253) (56 -0.0243) (32 -0.0216) (58 0.0214) (74 -0.0196) (75 0.0191) (20 0.0172) (94 0.0165) (11 -0.0156) (25 -0.015) (54 -0.0128) (26 -0.0125) (73 0.0122) (27 0.0121) (33 0.0114) (52 0.0111) (28 -0.011) (19 -0.0102) (15 -0.0101) (53 0.01) 
  3.2687e-06   (155 0.993) (41 -0.073) (40 0.0726) (44 -0.0285) (37 -0.0274) (42 -0.02) (39 0.0126) 
  3.9995e-06   (2 -1) 
  9.1539e-06   (152 0.978) (32 -0.199) (33 0.0452) (30 0.0406) (34 -0.0184) (37 -0.0167) (35 0.0113) 
  1.0311e-05   (32 0.921) (152 0.211) (33 -0.21) (30 -0.188) (34 0.0853) (37 0.0774) (35 -0.0524) (18 -0.0382) (31 -0.0342) (53 -0.0317) (28 0.0238) (26 0.0234) (44 -0.0231) (14 0.0222) (25 0.0218) (20 -0.0205) (40 -0.0202) (41 0.0198) (29 -0.0192) (36 0.0167) (19 0.0146) (58 -0.0144) (74 0.0144) (27 -0.0137) (22 -0.0134) (94 -0.0121) (42 -0.012) (54 -0.0113) (11 0.0108) (24 0.0108) (51 0.0104) 
  4.6969e-05   (26 0.764) (25 -0.493) (52 -0.289) (51 0.213) (27 0.0956) (20 0.0825) (19 -0.0568) (24 -0.055) (33 -0.0496) (40 -0.0449) (29 -0.0423) (21 -0.0402) (31 -0.0335) (49 -0.0334) (58 0.033) (45 -0.0303) (47 0.0276) (13 -0.0274) (72 -0.0274) (50 0.0266) (54 -0.0251) (44 -0.0223) (57 0.0209) (32 -0.0202) (79 0.0191) (77 0.0185) (34 0.0173) (74 -0.0165) (55 0.0163) (39 0.0147) (42 -0.0145) (53 -0.014) (18 -0.013) (63 0.0126) (68 -0.0125) (67 -0.0124) (38 0.0124) (71 -0.0121) (48 -0.0115) (75 0.0108) (69 0.0102) (30 0.0101) 
  8.7884e-05   (151 -0.967) (52 -0.182) (51 0.137) (26 -0.081) (25 0.0489) (58 0.0207) (57 0.0201) (49 -0.0197) (40 -0.0168) (44 -0.0157) (54 -0.0155) (37 0.0151) (47 0.0128) (39 -0.0114) (53 -0.0109) (50 0.0104) (72 -0.0103) 
   0.0001272   (52 0.694) (51 -0.522) (26 0.303) (151 -0.254) (25 -0.183) (58 -0.0791) (57 -0.077) (49 0.0751) (40 0.0639) (44 0.0596) (54 0.059) (37 -0.0574) (47 -0.0488) (39 0.0432) (53 0.0416) (50 -0.0395) (72 0.0393) (41 0.034) (27 0.03) (94 -0.0268) (56 0.0261) (35 0.0255) (33 -0.0253) (55 -0.0241) (77 -0.0238) (69 -0.0229) (30 -0.0228) (75 -0.0226) (18 -0.0222) (79 -0.0215) (46 -0.0212) (74 0.0199) (20 0.0197) (63 -0.0181) (71 0.0181) (43 -0.0177) (81 -0.0169) (73 -0.0161) (24 -0.0153) (21 -0.015) (19 -0.015) (68 0.0148) (29 -0.0143) (31 -0.0141) (13 -0.0136) (70 -0.0111) (14 0.0111) (59 -0.0103) (67 0.0102) 
   0.0001651   (1 1) 
  0.00017049   (11 -0.989) (14 0.104) (15 0.0547) (18 -0.0432) (16 -0.034) (13 -0.0326) (20 -0.0249) (37 -0.0244) (30 -0.0219) (22 -0.0189) (19 0.0167) (35 0.0126) (24 0.0126) (27 -0.012) 
  0.00018828   (161 1) 
  0.00022585   (3 -1) 
   0.0002396   (15 -0.923) (14 -0.318) (16 -0.122) (18 -0.0984) (13 0.0829) (11 -0.0731) (20 -0.0521) (22 -0.0391) (19 0.0351) (30 -0.0306) (24 0.0282) (27 -0.0234) (37 -0.0226) (17 0.0167) (23 -0.0157) (35 0.0125) (40 0.0112) 
  0.00026146   (160 1) 
  0.00026804   (7 -1) 
  0.00027573   (22 0.667) (23 0.573) (24 0.4) (20 0.146) (18 0.103) (25 0.0816) (19 -0.0765) (26 0.0748) (21 0.0721) (157 0.0474) (34 -0.0414) (14 -0.0344) (27 -0.0333) (15 -0.031) (30 -0.0301) (11 -0.0245) (41 -0.0193) (53 -0.0179) (37 -0.0166) (28 0.0132) (31 -0.0131) (17 -0.0128) (57 -0.0121) (44 0.0116) (42 0.0113) (16 0.0105) 
  0.00028962   (157 0.999) (22 -0.0316) (23 -0.0272) (24 -0.019) 
  0.00029878   (6 1) 
   0.0003007   (16 0.972) (17 0.178) (15 -0.0861) (14 -0.0726) (20 -0.0633) (11 -0.0405) (18 -0.0379) (19 0.0355) (21 -0.0279) (27 -0.0213) (159 0.0195) (13 0.0145) (31 -0.0126) (25 -0.0112) (26 0.0107) (44 0.0107) (41 -0.0103) 
   0.0003022   (159 1) (16 -0.019) 
   0.0003269   (73 0.77) (56 0.431) (58 -0.267) (74 0.245) (75 -0.148) (54 0.105) (37 0.0983) (53 -0.071) (70 -0.0682) (45 -0.0552) (51 0.055) (35 -0.0516) (57 -0.0491) (44 -0.0439) (49 -0.0436) (40 -0.0431) (30 0.0406) (18 0.0396) (65 -0.0359) (46 0.0355) (96 -0.0354) (89 0.0352) (48 -0.0342) (41 -0.0334) (43 0.0332) (71 0.0274) (76 0.0271) (78 0.0251) (14 -0.0239) (39 0.0232) (25 -0.0207) (100 0.0202) (52 0.0179) (90 -0.0178) (112 0.0178) (122 -0.0168) (36 0.0163) (69 0.0163) (88 0.0162) (47 0.0155) (102 0.015) (124 0.0149) (55 -0.0147) (87 0.0141) (26 -0.0132) (11 -0.0132) (77 -0.013) (120 0.0123) (68 -0.0123) (80 -0.0118) (13 0.0117) (127 0.0107) (110 0.0102) 
  0.00034388   (56 0.593) (73 -0.495) (58 -0.404) (70 0.173) (74 -0.153) (37 0.147) (65 -0.142) (54 0.116) (49 -0.113) (154 -0.113) (45 -0.103) (69 -0.0983) (75 0.0933) (57 -0.0813) (40 -0.0797) (44 -0.0782) (53 -0.078) (35 -0.0671) (71 -0.0666) (30 0.0659) (51 0.0645) (42 -0.0605) (46 0.06) (55 -0.0579) (47 0.0566) (18 0.0493) (43 0.0474) (48 -0.0433) (41 -0.0433) (14 -0.0378) (68 -0.0371) (122 0.0272) (82 0.0232) (25 -0.0231) (36 0.023) (11 -0.0221) (20 0.022) (26 -0.0219) (52 0.0209) (66 0.0202) (89 0.0196) (78 -0.0195) (112 0.0188) (127 0.0169) (19 -0.0151) (100 0.0146) (115 -0.0141) (121 0.0138) (27 0.0138) (110 0.0136) (64 -0.0135) (67 0.0134) (79 -0.0131) (130 0.0124) (16 0.0123) (131 0.0112) (126 0.011) (13 0.0108) (80 0.0105) (29 -0.0103) (76 -0.0102) 
  0.00037589   (154 -0.994) (56 -0.0702) (73 0.051) (58 0.0475) (70 -0.0189) (37 -0.0178) (65 0.0162) (74 0.0158) (54 -0.0139) (49 0.0133) (45 0.0123) (69 0.0109) 
  0.00041481   (21 -0.96) (18 0.191) (25 0.103) (24 0.0781) (20 0.0752) (22 -0.067) (23 0.0641) (47 0.0579) (19 -0.0492) (49 0.041) (45 -0.0273) (14 -0.0198) (42 -0.0173) (48 0.0172) (46 0.0167) (26 0.0164) (16 -0.016) (44 -0.0153) (15 -0.0147) (56 -0.0127) (27 -0.0124) (51 -0.0107) (13 0.0104) 
  0.00044546   (47 0.626) (49 0.452) (150 -0.341) (45 -0.295) (44 -0.18) (46 0.176) (37 0.171) (48 0.169) (40 -0.119) (42 -0.0951) (56 -0.0852) (21 0.0815) (43 0.0814) (51 -0.0699) (30 0.0683) (35 -0.062) (55 0.0572) (41 -0.0553) (53 0.0531) (58 0.0505) (54 -0.0494) (14 -0.0324) (25 -0.0279) (36 0.0257) (50 -0.0252) (18 0.0233) (26 -0.0228) (73 0.0197) (11 -0.0183) (24 -0.0153) (52 0.0153) (20 0.0152) (27 0.0133) (38 -0.0126) (32 -0.0117) (75 0.0103) (22 0.01) 
  0.00053023   (150 -0.94) (47 -0.227) (49 -0.164) (45 0.107) (44 0.0652) (46 -0.0638) (37 -0.0622) (48 -0.0612) (40 0.0432) (42 0.0345) (56 0.0308) (43 -0.0295) (21 -0.0279) (51 0.0253) (30 -0.0248) (35 0.0225) (55 -0.0207) (41 0.0201) (53 -0.0192) (58 -0.0183) (54 0.0179) (14 0.0118) 
   0.0005494   (51 0.684) (52 0.563) (42 0.281) (49 -0.177) (53 0.124) (56 -0.119) (44 -0.113) (54 -0.111) (50 -0.105) (45 -0.102) (43 0.0951) (47 0.0713) (37 0.0579) (46 0.0517) (58 0.0506) (48 -0.0361) (35 -0.0338) (70 0.0227) (18 0.0212) (30 0.0194) (40 0.0191) (25 -0.0166) (69 -0.0164) (147 0.0156) (65 -0.0126) (14 -0.0121) 
  0.00060664   (147 0.77) (42 -0.538) (51 0.153) (44 0.145) (43 -0.13) (52 0.117) (40 -0.115) (41 -0.0812) (37 0.0811) (45 0.0682) (47 -0.0611) (56 -0.0357) (30 0.0318) (49 0.0315) (46 -0.0247) (53 0.022) (58 0.0207) (38 -0.0179) (73 0.0172) (35 -0.016) (39 0.0158) (18 0.0147) (14 -0.0135) (26 -0.0134) (50 -0.0129) (54 -0.0119) (20 0.0118) (36 0.0114) (48 -0.0113) (25 -0.0102) 
  0.00064251   (42 0.642) (147 0.638) (51 -0.202) (44 -0.172) (52 -0.156) (43 0.155) (40 0.138) (37 -0.0994) (41 0.0979) (45 -0.0798) (47 0.072) (56 0.0459) (30 -0.0389) (49 -0.0337) (53 -0.0295) (46 0.0285) (58 -0.0261) (38 0.0216) (73 -0.0209) (35 0.0202) (39 -0.019) (18 -0.0184) (50 0.0182) (54 0.017) (14 0.0166) (26 0.0163) (48 0.0145) (20 -0.0145) (36 -0.014) (25 0.0128) (94 -0.012) (70 0.0106) 
  0.00072855   (70 -0.695) (71 0.45) (69 0.397) (49 -0.205) (73 -0.18) (68 0.135) (72 -0.122) (37 0.0917) (45 -0.0687) (65 0.0606) (56 0.0535) (47 0.0534) (46 0.0464) (35 -0.0438) (48 -0.0401) (44 -0.04) (40 -0.04) (51 -0.0388) (82 0.0385) (30 0.0358) (55 0.0341) (54 0.0324) (18 0.0318) (41 -0.031) (43 0.0302) (58 -0.0297) (89 0.0276) (50 -0.023) (149 0.0227) (14 -0.0216) (67 -0.02) (25 -0.0196) (66 -0.0191) (100 0.0188) (75 -0.0165) (127 0.0159) (112 0.0157) (120 0.0156) (36 0.0146) (42 -0.0143) (102 0.0139) (95 0.0138) (53 -0.0136) (124 0.0119) (20 0.0118) (88 -0.0116) (57 0.0109) (115 -0.0105) (104 0.0104) (26 -0.0104) (19 -0.0104) (11 -0.0102) 
  0.00080734   (49 -0.667) (149 0.492) (51 -0.249) (47 0.199) (56 -0.189) (45 -0.164) (70 0.145) (42 -0.13) (37 0.113) (46 0.108) (71 -0.108) (40 -0.0941) (44 -0.085) (69 -0.0848) (48 -0.0825) (50 -0.0822) (55 0.0795) (73 0.0779) (58 0.0664) (53 0.0614) (43 0.0476) (52 -0.043) (30 0.0427) (41 -0.0424) (35 -0.0414) (54 -0.039) (68 -0.0345) (72 0.0301) (18 0.0266) (14 -0.0245) (122 0.0197) (20 0.0191) (26 -0.0184) (57 0.0175) (36 0.0163) (94 0.0149) (82 -0.0128) (25 -0.0122) (19 -0.0117) (11 -0.0108) 
  0.00089598   (149 0.87) (49 0.383) (51 0.142) (47 -0.114) (56 0.105) (45 0.0945) (42 0.074) (37 -0.0666) (70 -0.064) (46 -0.0624) (40 0.0544) (44 0.0492) (71 0.0492) (48 0.0478) (50 0.0471) (55 -0.0459) (73 -0.0394) (69 0.0375) (58 -0.0366) (53 -0.0343) (43 -0.0278) (30 -0.0253) (41 0.0249) (35 0.0248) (52 0.0242) (54 0.0211) (18 -0.016) (68 0.0159) (14 0.0145) (72 -0.0139) (20 -0.0112) (26 0.0107) (122 -0.0107) (57 -0.0102) 
  0.00099792   (35 -0.871) (37 -0.305) (18 0.233) (20 0.153) (36 -0.137) (22 -0.114) (19 -0.0788) (21 0.0752) (24 0.0738) (14 -0.0584) (25 0.0576) (40 0.0394) (23 -0.0382) (26 0.0369) (30 0.0369) (41 0.0339) (34 0.0303) (45 0.0295) (44 0.027) (56 -0.0225) (11 -0.0223) (16 0.0203) (43 -0.0199) (13 0.0197) (46 -0.0168) (54 -0.0154) (39 -0.0147) (51 -0.0119) (53 0.0113) (49 0.0112) (15 -0.0106) (48 0.0101) 
   0.0011258   (18 0.549) (20 0.418) (22 -0.343) (35 0.34) (25 0.264) (24 0.234) (21 0.226) (19 -0.203) (26 0.159) (30 -0.112) (23 -0.105) (14 -0.103) (27 -0.0578) (16 0.0564) (37 0.0386) (36 0.0341) (11 -0.0335) (13 0.0314) (15 -0.0202) (144 0.0182) (29 0.018) (34 -0.0166) (17 -0.0157) (32 0.014) (42 0.0131) (28 0.0101) 
   0.0011744   (144 1) (145 0.0154) (18 -0.0108) 
   0.0012372   (47 -0.648) (45 -0.437) (46 0.39) (14 -0.241) (37 0.196) (44 -0.183) (49 0.15) (41 -0.101) (56 -0.0824) (15 0.0796) (35 -0.0774) (53 0.0773) (55 0.0729) (54 -0.0715) (51 -0.0671) (43 0.0668) (48 0.0622) (58 0.0584) (40 -0.0584) (39 -0.0583) (13 0.0581) (30 0.0506) (52 -0.036) (11 -0.0342) (38 -0.0304) (36 0.0293) (70 0.024) (82 0.0228) (25 -0.0208) (74 0.0189) (69 -0.0184) (75 -0.0165) (50 -0.0154) (79 -0.0136) (57 -0.0134) (94 -0.0119) (80 0.0115) (20 0.0109) (89 0.0105) (34 0.0104) 
   0.0013385   (14 -0.84) (15 0.354) (13 0.224) (18 -0.177) (47 0.154) (45 0.116) (46 -0.101) (37 -0.0876) (30 -0.0608) (20 -0.0582) (11 -0.0569) (16 -0.0544) (44 0.054) (25 0.0469) (19 0.0461) (26 0.042) (35 0.0417) (41 0.0332) (49 -0.0324) (40 0.0297) (24 0.0235) (27 -0.0224) (43 -0.0222) (55 -0.0164) (53 -0.0155) (21 -0.0154) (22 -0.0153) (36 -0.015) (17 0.0146) (51 0.0143) (38 0.0139) (56 0.0139) (54 0.013) (48 -0.0124) (39 0.0113) (58 -0.0111) (29 0.0101) 
   0.0014138   (146 -1) (145 -0.017) 
   0.0015239   (54 0.809) (30 0.4) (53 -0.281) (56 -0.238) (32 0.0877) (55 0.0846) (51 0.0761) (58 0.0639) (18 0.0633) (31 -0.0506) (25 -0.0403) (14 -0.0401) (48 -0.0386) (42 0.0351) (52 0.0336) (35 0.0326) (26 -0.0323) (68 -0.0316) (69 -0.025) (20 0.0247) (70 0.0235) (73 -0.0227) (37 -0.022) (65 -0.0216) (46 0.0216) (49 0.0205) (27 0.0202) (45 -0.0201) (19 -0.0179) (75 -0.0175) (11 -0.0173) (44 -0.0163) (57 -0.0145) (13 0.0135) (33 -0.0133) (47 -0.0119) (110 0.0101) 
   0.0015586   (30 0.821) (54 -0.378) (37 -0.199) (32 0.199) (35 0.152) (53 0.139) (31 -0.105) (56 0.0858) (18 0.0823) (140 0.062) (40 0.0608) (26 -0.0551) (25 -0.0536) (14 -0.0522) (51 -0.0464) (20 0.0442) (36 -0.0432) (45 0.0389) (44 0.037) (41 0.0366) (27 0.0346) (33 -0.031) (34 -0.0304) (55 -0.0289) (19 -0.0287) (46 -0.0249) (38 0.0244) (48 0.0232) (58 -0.0224) (11 -0.0222) (52 -0.0175) (13 0.0155) (43 -0.0147) (22 0.0133) (24 -0.0131) (42 0.0128) (68 0.0128) (29 -0.0122) (15 -0.0113) (73 0.0106) (28 -0.0105) (47 -0.0105) 
   0.0017172   (140 0.998) (30 -0.0549) (54 0.0156) (32 -0.0132) (37 0.0123) 
   0.0017864   (27 0.747) (17 0.603) (18 0.146) (26 -0.129) (16 -0.0902) (29 0.0897) (30 -0.0786) (25 -0.061) (28 0.0484) (24 -0.0459) (19 -0.0447) (22 0.0366) (14 -0.0362) (37 -0.0343) (23 0.0255) (35 0.0248) (43 -0.0217) (138 -0.0214) (21 0.0147) (20 0.0136) (79 -0.0118) (11 -0.0118) (40 0.0113) (32 0.0112) (45 0.0101) 
   0.0019172   (17 -0.754) (27 0.571) (138 -0.199) (16 0.148) (26 -0.103) (29 0.0992) (20 0.0727) (30 -0.0647) (25 -0.0422) (14 -0.0419) (19 -0.0375) (28 0.0372) (37 -0.0345) (15 -0.0307) (13 0.0276) (22 0.0258) (11 -0.0233) (35 0.0219) (23 -0.0208) (40 0.0164) (21 -0.0153) (18 -0.0138) (32 0.0117) (68 -0.0108) (24 -0.0107) (50 -0.0103) 
   0.0020427   (138 -0.98) (17 0.14) (27 -0.132) (16 -0.0281) (26 0.0238) (29 -0.0221) (20 -0.0151) (30 0.0148) 
   0.0021581   (29 -0.922) (50 -0.293) (48 0.15) (27 0.111) (71 -0.0682) (43 -0.0509) (44 0.0497) (28 0.0444) (46 -0.0427) (26 -0.0385) (72 0.0359) (69 0.0354) (31 0.0341) (40 0.0331) (25 0.0314) (33 -0.0279) (52 -0.0265) (32 -0.0261) (53 -0.0256) (70 -0.0256) (38 -0.0225) (23 -0.0196) (58 -0.0193) (30 -0.0192) (42 0.0189) (39 -0.0186) (17 -0.0185) (22 0.0164) (47 -0.0161) (14 -0.0145) (67 -0.0145) (82 0.0143) (18 0.0133) (133 0.0131) (81 -0.0112) (66 -0.0109) (75 -0.0105) (35 0.0103) 
   0.0022358   (71 -0.658) (72 0.347) (69 0.327) (50 0.303) (70 -0.248) (133 0.18) (67 -0.155) (68 0.154) (77 -0.136) (48 -0.12) (76 0.117) (46 0.0898) (82 0.0854) (58 -0.0603) (55 -0.0573) (57 0.0564) (44 -0.0552) (45 0.054) (96 0.0536) (81 -0.0509) (43 0.0454) (66 -0.0451) (56 -0.0363) (39 -0.0351) (52 0.0339) (63 0.0323) (79 -0.0321) (88 -0.0317) (61 -0.0309) (29 -0.0299) (37 0.0292) (85 -0.0272) (92 -0.0266) (94 -0.0235) (80 -0.0199) (73 -0.0192) (130 0.0185) (95 -0.0153) (78 -0.0151) (59 0.0148) (101 -0.0146) (87 -0.0145) (75 0.0143) (83 0.0143) (128 0.0143) (89 0.0142) (131 -0.0138) (40 -0.0135) (116 0.0122) (30 0.0122) (31 0.0121) (35 -0.0117) (27 0.0116) (90 -0.0112) (20 0.0112) (98 -0.0102) 
   0.0023675   (50 0.63) (133 0.423) (48 -0.346) (29 -0.307) (71 0.282) (72 -0.142) (69 -0.132) (46 0.126) (43 0.117) (70 0.116) (58 0.0704) (44 -0.0648) (53 0.0613) (52 0.06) (45 0.0596) (40 -0.0512) (82 -0.0506) (67 0.0485) (27 0.0463) (39 0.045) (68 -0.0437) (76 -0.0398) (47 0.0379) (77 0.0345) (42 -0.0325) (81 0.0239) (130 0.0234) (37 -0.0234) (57 0.0221) (96 -0.022) (66 0.0216) (49 0.0216) (26 -0.0197) (61 0.0193) (25 0.0181) (88 0.0179) (28 0.0176) (131 -0.0172) (94 0.0171) (63 -0.0163) (74 0.0152) (73 0.0151) (79 0.015) (60 -0.0147) (41 0.0145) (18 0.014) (17 -0.013) (56 -0.0128) (87 0.0127) (110 -0.0125) (115 0.0117) (91 0.0114) (54 -0.0113) (33 0.0113) (102 -0.0112) (75 0.011) (13 0.0109) (100 -0.0109) 
   0.0023922   (133 0.886) (50 -0.359) (48 0.188) (29 0.167) (46 -0.0784) (43 -0.0647) (44 0.0418) (45 -0.0396) (52 -0.0352) (131 -0.0314) (130 0.0288) (53 -0.0271) (40 0.0268) (27 -0.0262) (57 -0.0221) (58 -0.0207) (47 -0.0193) (42 0.0166) (55 0.0156) (39 -0.0137) (56 0.0136) (49 -0.0117) (68 -0.011) (77 0.0109) (26 0.0106) 
   0.0027113   (20 -0.663) (18 0.565) (19 0.295) (55 0.214) (22 0.146) (13 0.143) (26 0.14) (23 -0.115) (17 -0.0875) (58 -0.0695) (39 -0.0547) (31 0.054) (53 0.0489) (25 0.0429) (21 0.0395) (57 0.0371) (24 0.0313) (12 0.0304) (35 0.0223) (40 0.0218) (82 -0.0217) (56 -0.0176) (45 0.0173) (71 -0.0163) (43 -0.0161) (96 -0.016) (16 -0.0156) (122 -0.0153) (46 -0.0142) (30 -0.0142) (65 -0.013) (41 0.0117) (126 0.0116) (37 -0.0112) (29 0.0105) (27 0.0102) 
   0.0027893   (58 0.773) (56 0.397) (57 -0.389) (55 -0.187) (20 -0.0789) (18 0.0789) (71 -0.0722) (96 -0.0615) (39 0.0608) (53 -0.0588) (82 -0.0547) (68 0.0475) (65 -0.0461) (69 0.0458) (49 -0.0416) (54 0.0402) (19 0.0354) (72 0.0331) (50 -0.0295) (13 0.0292) (126 0.0288) (78 0.0276) (134 0.0231) (46 0.0218) (88 0.0215) (67 -0.0209) (45 -0.0205) (87 0.0194) (98 0.0193) (63 0.0192) (52 0.0189) (95 0.0188) (40 -0.0182) (41 -0.017) (51 -0.017) (73 -0.0169) (59 0.0168) (106 -0.0162) (80 -0.0158) (23 -0.0153) (22 0.0152) (47 0.0145) (92 0.0144) (43 0.0143) (17 -0.0139) (77 -0.0133) (122 0.013) (97 0.0127) (91 0.0122) (127 0.012) (62 -0.0102) 
   0.0028174   (134 0.792) (55 -0.547) (56 -0.124) (53 -0.107) (39 -0.0798) (18 0.0793) (58 -0.0771) (20 -0.076) (37 0.0507) (48 0.0487) (71 0.0431) (57 0.0401) (82 0.0388) (45 -0.0341) (19 0.031) (65 0.0281) (49 -0.0251) (68 -0.0244) (69 -0.0243) (96 0.0213) (72 -0.0211) (26 0.019) (41 -0.0189) (50 0.0186) (31 0.0186) (43 -0.0181) (44 -0.0176) (22 0.0176) (38 -0.0172) (30 0.0171) (40 0.0162) (46 0.0158) (54 -0.0152) (23 -0.015) (35 -0.0133) (73 0.0128) (51 -0.0125) (94 -0.0122) (122 0.012) (98 -0.0118) (75 -0.0116) (67 0.0113) (92 -0.011) (14 -0.011) (17 -0.0107) (80 0.0105) (74 0.0101) 
   0.0033043   (55 0.715) (134 0.61) (56 0.144) (53 0.141) (18 -0.106) (20 0.101) (39 0.0998) (58 0.0686) (37 -0.0658) (48 -0.0625) (71 -0.0537) (82 -0.0509) (126 0.0465) (45 0.0449) (19 -0.0415) (57 -0.0361) (65 -0.0349) (96 -0.0342) (49 0.0342) (69 0.03) (68 0.03) (72 0.0264) (41 0.0252) (26 -0.0248) (31 -0.0234) (22 -0.0233) (44 0.0228) (50 -0.0227) (43 0.0227) (30 -0.0223) (38 0.0219) (46 -0.0215) (23 0.0201) (40 -0.0199) (122 -0.0198) (98 0.0181) (54 0.0178) (35 0.0176) (94 0.0172) (51 0.0168) (73 -0.0161) (92 0.0159) (75 0.0151) (17 0.0144) (14 0.0143) (67 -0.0138) (124 0.0138) (88 0.0137) (13 -0.0136) (80 -0.0135) (74 -0.0134) (127 0.0119) (52 0.0117) (87 0.0116) (95 0.0116) (47 -0.011) (36 -0.01) 
   0.0035191   (38 0.823) (65 -0.379) (37 0.272) (40 0.19) (82 -0.122) (39 0.119) (44 0.0889) (56 -0.0774) (35 -0.0699) (45 0.0461) (66 0.0437) (84 -0.0431) (88 -0.0337) (68 -0.0329) (54 -0.0328) (70 -0.0318) (96 0.0318) (51 -0.0281) (30 0.0266) (49 0.0257) (36 0.0242) (67 -0.0238) (55 -0.0231) (94 -0.0219) (132 -0.0192) (57 0.0191) (46 -0.0175) (87 -0.0162) (47 -0.0162) (92 -0.0155) (18 0.015) (29 -0.0126) (23 -0.0125) (43 0.0119) (48 -0.0118) (71 0.0115) (14 -0.0106) (19 -0.0101) (98 0.01) 
   0.0036341   (82 -0.812) (65 0.401) (132 -0.229) (84 -0.17) (96 0.142) (88 -0.14) (94 -0.0946) (92 -0.0768) (68 0.0676) (87 -0.0666) (80 -0.0545) (89 0.0537) (66 -0.0504) (58 -0.0479) (37 0.0406) (71 -0.0398) (100 0.0375) (91 -0.0372) (110 0.0368) (56 0.0359) (112 0.0316) (38 0.0304) (79 0.0304) (72 0.0288) (97 -0.0287) (106 -0.0276) (69 0.0237) (55 -0.0235) (85 0.023) (95 -0.0226) (75 0.0225) (67 0.0222) (98 -0.0211) (54 0.0207) (73 -0.0201) (103 -0.02) (105 -0.0198) (124 0.0183) (102 0.0183) (35 -0.018) (45 -0.0174) (70 0.0173) (53 -0.017) (107 -0.017) (39 -0.0156) (101 -0.0149) (51 0.0146) (115 -0.0145) (30 0.014) (111 -0.0138) (74 -0.0127) (48 -0.0118) (99 0.0118) (50 -0.011) (113 -0.0105) 
   0.0038506   (65 0.653) (132 -0.46) (82 0.406) (38 0.318) (84 0.103) (88 0.102) (37 0.101) (96 -0.0964) (39 0.0946) (48 -0.0847) (70 0.0715) (66 -0.0679) (56 0.0627) (94 0.0541) (43 0.0491) (87 0.0473) (40 0.0428) (92 0.0427) (67 0.0407) (69 -0.0388) (50 -0.032) (35 -0.0319) (106 0.0317) (44 0.0315) (68 0.0252) (95 0.0221) (73 -0.0215) (71 -0.0213) (18 0.0202) (57 -0.0197) (49 0.0193) (64 0.017) (55 0.0166) (85 -0.0158) (54 0.0147) (105 0.0145) (100 -0.0133) (30 0.0129) (111 0.0129) (127 0.0123) (13 0.0123) (101 0.012) (74 -0.0119) (97 0.011) (107 0.0109) (99 -0.0108) (102 -0.0108) (80 0.0103) (76 0.0101) 
   0.0040148   (132 -0.857) (65 -0.449) (38 -0.198) (37 -0.0718) (66 0.0491) (39 -0.0485) (48 0.0484) (70 -0.0419) (56 -0.0417) (68 -0.0316) (43 -0.0286) (40 -0.0285) (67 -0.0272) (35 0.0239) (71 0.0221) (50 0.0202) (88 -0.018) (131 0.0178) (96 0.0175) (73 0.0167) (44 -0.0159) (130 0.0157) (69 0.0136) (18 -0.0131) (54 -0.013) (58 0.0129) (30 -0.0116) (49 -0.0111) (64 -0.0108) (106 -0.0107) (79 -0.0101) 
   0.0041427   (98 -0.569) (99 0.286) (106 -0.267) (108 -0.261) (107 0.254) (113 -0.238) (125 -0.226) (103 0.201) (102 0.192) (124 0.189) (110 -0.162) (112 -0.148) (94 0.124) (105 -0.111) (148 -0.101) (117 0.0988) (114 0.0946) (100 0.0868) (111 0.0839) (101 0.0788) (96 -0.0694) (115 -0.0602) (88 0.0599) (121 -0.0588) (74 0.05) (48 -0.0459) (92 -0.0444) (97 -0.0438) (123 -0.0435) (89 -0.0424) (126 -0.0404) (116 0.0369) (122 0.035) (50 -0.0324) (142 -0.0317) (68 0.0309) (75 -0.0308) (80 -0.0265) (86 -0.0257) (91 0.0219) (78 -0.0215) (141 -0.0212) (82 -0.0204) (109 -0.0203) (104 -0.0197) (119 -0.0186) (73 -0.0184) (65 -0.0181) (81 0.0163) (90 0.0155) (95 0.0147) (120 0.0147) (49 0.013) (127 -0.0127) (131 0.0122) (83 -0.0119) (70 0.0107) (79 0.0107) (128 -0.0105) (69 0.0104) (43 0.0102) 
   0.0042008   (142 -0.807) (148 0.466) (141 -0.361) (125 -0.0237) (124 0.019) (113 -0.0109) 
   0.0043169   (48 -0.76) (50 -0.46) (43 0.211) (49 0.195) (39 0.12) (68 0.11) (65 -0.105) (55 -0.104) (74 0.0944) (44 0.0733) (52 -0.0715) (46 0.0687) (37 -0.0684) (125 0.0653) (56 -0.0634) (38 -0.0627) (40 -0.0607) (54 -0.0557) (75 -0.0553) (73 -0.0418) (124 -0.0415) (106 0.0411) (108 0.0401) (82 -0.0389) (69 0.0371) (80 -0.0349) (58 -0.0328) (70 0.0304) (23 0.0297) (57 0.0284) (72 0.0271) (51 -0.027) (121 0.0254) (45 -0.025) (53 -0.025) (19 0.0242) (78 -0.0234) (88 0.0232) (13 0.0219) (100 -0.0218) (110 0.0215) (20 -0.0212) (122 -0.021) (126 0.0205) (22 -0.0204) (113 0.02) (66 -0.0187) (102 -0.0183) (47 0.0182) (103 -0.0171) (148 0.0166) (42 -0.0164) (64 -0.0158) (31 -0.0156) (84 0.0149) (18 0.0149) (79 0.0148) (94 0.0137) (123 0.0135) (112 0.0133) (89 -0.0131) (81 0.0129) (105 0.0128) (71 -0.0116) (115 0.0115) (101 -0.0104) (32 0.0104) (120 0.0101) 
   0.0043468   (68 0.537) (80 -0.335) (81 0.317) (43 0.231) (70 0.226) (76 -0.204) (48 0.187) (91 -0.178) (74 0.177) (79 -0.165) (83 -0.159) (75 0.15) (44 0.138) (69 0.133) (92 -0.131) (72 0.117) (66 -0.104) (77 0.102) (71 0.101) (39 0.0873) (98 0.0761) (110 0.0736) (86 -0.0719) (99 0.0704) (67 0.0679) (84 0.067) (65 -0.0662) (107 -0.0609) (50 0.06) (112 -0.0546) (78 0.0539) (105 0.0532) (82 0.0483) (64 -0.0418) (49 -0.0387) (45 -0.0343) (111 0.0323) (46 -0.032) (95 0.0304) (125 -0.0277) (58 -0.027) (113 0.0269) (41 -0.0263) (115 -0.025) (89 -0.0246) (104 -0.0241) (54 0.0237) (156 -0.0234) (56 -0.0231) (121 -0.0228) (57 0.0226) (90 0.0223) (100 0.021) (62 -0.0209) (40 -0.0197) (96 -0.0193) (47 -0.0185) (53 -0.0175) (101 -0.0144) (51 0.0143) (55 -0.0137) (63 -0.0133) (117 -0.0126) (42 -0.0119) (97 -0.0116) (17 -0.011) (87 -0.011) (59 0.0107) (119 0.0105) (123 -0.0102) 
   0.0045929   (156 -0.999) (43 -0.0332) (44 -0.0184) (48 -0.0138) (39 -0.0136) (148 -0.0108) 
   0.0046483   (43 0.722) (44 0.393) (39 0.298) (48 0.236) (68 -0.214) (80 0.125) (37 -0.101) (70 -0.101) (81 -0.0998) (45 -0.0987) (40 -0.0915) (76 0.066) (71 -0.0627) (42 -0.0598) (46 -0.0552) (74 -0.0536) (75 -0.0534) (50 0.0507) (110 -0.048) (84 -0.0479) (38 -0.0478) (78 -0.0477) (83 0.0468) (66 0.0456) (82 -0.0428) (41 -0.0427) (47 -0.0418) (107 0.0413) (55 -0.0411) (156 -0.0383) (96 -0.0368) (69 -0.0356) (67 -0.0348) (77 -0.0322) (72 -0.0306) (104 0.0298) (20 -0.0287) (58 -0.0282) (92 0.028) (49 -0.0279) (13 0.027) (31 -0.0268) (112 0.0263) (99 -0.026) (105 -0.0254) (56 -0.0252) (94 0.024) (125 0.0224) (30 -0.0218) (35 0.0198) (51 0.0194) (79 0.0193) (98 -0.0188) (100 -0.0185) (91 0.018) (18 0.0179) (111 -0.0171) (19 0.0169) (64 0.0169) (95 0.0165) (115 0.0148) (121 0.0141) (101 0.0137) (23 0.0128) (103 0.0124) (25 0.0123) (86 0.0121) (89 0.0121) (32 0.0111) (36 -0.011) (57 0.011) (85 0.0105) (53 -0.0102) 
   0.0048107   (19 -0.851) (20 -0.432) (137 -0.276) (23 0.0562) (22 -0.0539) (8 0.0473) (18 -0.0399) (25 0.0395) (13 -0.0206) (17 -0.0175) (27 -0.0161) (21 0.0138) (14 -0.01) 
   0.0050879   (137 -0.961) (19 0.244) (20 0.124) (23 -0.0161) (22 0.0155) (18 0.0115) (25 -0.0113) (8 -0.0107) 
   0.0053974   (8 -0.999) (19 -0.0437) (20 -0.0204) 
   0.0055098   (5 1) 
   0.0057396   (24 -0.828) (22 0.367) (25 0.224) (18 0.202) (20 0.2) (19 -0.121) (27 -0.0885) (14 -0.0737) (26 0.0704) (28 0.068) (30 -0.0568) (15 -0.0412) (11 -0.0381) (37 -0.0321) (143 -0.0225) (17 -0.0215) (35 0.0199) (13 0.0167) (40 0.0163) (33 -0.0157) (23 -0.015) (44 0.0133) (32 0.0127) (74 -0.0114) (45 0.0107) 
    0.006024   (143 -1) (24 0.0187) 
   0.0062333   (10 0.934) (28 -0.353) (30 -0.0197) (24 -0.0166) (29 -0.0163) (25 -0.0145) (26 -0.0143) (27 0.0128) (20 0.0123) (22 0.0115) (18 0.0107) (37 -0.0105) 
     0.00666   (136 0.936) (28 -0.325) (10 -0.129) (24 -0.0187) (30 -0.0157) (18 0.0157) (26 -0.0137) (29 -0.0135) (27 0.0126) (25 -0.0125) (20 0.0116) 
   0.0067768   (28 0.866) (136 0.353) (10 0.332) (24 0.0498) (30 0.0419) (18 -0.0418) (26 0.0366) (29 0.0361) (27 -0.0335) (25 0.0333) (20 -0.031) (22 -0.0255) (32 -0.0218) (14 0.0209) (37 0.0196) (31 0.0165) (19 0.014) (23 -0.0132) (11 0.0125) 
   0.0072773   (13 -0.877) (39 -0.306) (14 -0.241) (43 0.14) (44 0.108) (40 0.105) (18 0.0727) (12 -0.0694) (20 -0.0687) (37 0.0614) (19 0.0571) (48 -0.0501) (55 0.0463) (58 0.0369) (46 -0.0315) (17 -0.029) (56 0.0284) (42 -0.0275) (96 0.0259) (82 0.0249) (47 0.0182) (57 -0.0175) (23 0.0167) (25 0.0166) (31 0.0159) (88 -0.0155) (72 -0.0119) (80 0.0115) (79 -0.0114) (35 -0.0114) (69 -0.0113) (73 0.0113) (38 -0.0112) (87 -0.011) (53 0.0107) (71 0.0105) (33 -0.0104) (65 0.0101) (64 -0.01) 
    0.007685   (139 -0.995) (39 -0.0762) (13 0.0414) (43 0.0267) (40 0.0264) (44 0.0233) (37 0.0169) (14 0.0111) 
    0.008031   (39 0.753) (13 -0.359) (43 -0.265) (40 -0.261) (44 -0.231) (37 -0.166) (139 -0.103) (14 -0.0958) (48 0.0877) (46 0.0849) (20 -0.0811) (55 -0.079) (31 -0.0666) (18 0.0639) (58 -0.0622) (19 0.0561) (42 0.0545) (56 -0.0442) (96 -0.0369) (82 -0.0365) (47 -0.0332) (35 0.0304) (17 -0.03) (30 -0.0294) (57 0.0255) (38 0.0246) (72 0.0241) (53 -0.0234) (79 0.0229) (60 -0.0216) (25 0.0208) (45 0.0202) (26 -0.019) (12 -0.0185) (33 0.0182) (66 -0.0175) (73 -0.0174) (41 -0.0173) (36 -0.0171) (64 0.017) (62 0.0165) (69 0.0151) (88 0.015) (87 0.0143) (65 -0.0143) (54 -0.0133) (77 -0.0129) (94 0.0122) (71 -0.0122) (27 -0.012) (70 -0.0119) (49 -0.0118) (92 0.0111) (51 0.0107) (98 0.0105) (95 0.01) 
   0.0090509   (12 -0.95) (31 0.294) (13 0.0671) (33 0.0436) (39 0.037) (32 0.0311) (30 0.0309) (63 -0.0204) (135 -0.0176) (26 0.0138) (14 0.0108) (29 0.0101) (28 -0.0101) 
   0.0095904   (135 -0.935) (31 0.323) (12 0.122) (33 0.0424) (30 0.0378) (39 0.03) (32 0.0294) (26 0.0178) (13 -0.0155) (18 -0.0146) (20 0.0132) (46 -0.0121) 

 Largest eigenvalues
      11.248   (163 0.975) 
      9.1651   (74 -0.584) (75 0.534) (94 -0.334) 
       5.055   (94 -0.734) (96 -0.321) 
      2.2748   (94 0.286) (96 -0.727) 
      1.2287   (98 -0.33) (124 -0.346) (125 0.674) 
      1.2226   (142 0.397) (148 0.869) 
      1.1915   (164 0.995) 
      1.1713   (165 0.992) 
      1.1408   (89 0.323) (90 -0.333) (91 -0.462) (92 0.539) (102 -0.37) 
      1.1123   (102 0.41) (109 0.768) 
      1.0334   (102 0.598) (109 -0.485) (115 0.319) (118 0.299) 
      1.0233   (102 0.357) (115 -0.401) (118 -0.597) 
     0.92308   (100 0.721) (101 0.477) 
     0.91325   (105 -0.563) (106 0.31) (107 -0.543) 
     0.86707   (110 0.28) (111 -0.206) (113 -0.214) (114 0.635) (123 0.233) (128 0.223) 
     0.79507   (114 -0.295) (115 -0.395) (118 0.565) 
     0.69033   (108 -0.448) (111 0.579) (112 0.404) 
     0.68616   (107 0.293) (108 0.5) (112 0.449) (113 0.308) 
     0.65661   (113 -0.298) (117 -0.559) (123 -0.356) (124 0.313) (125 0.399) (131 0.334) 
     0.60756   (117 0.722) (118 -0.303) 
     0.59888   (108 -0.55) (111 -0.458) (113 0.421) 
     0.59367   (106 -0.724) (108 0.349) 
     0.59282   (122 -0.353) (126 -0.404) (127 0.298) (128 -0.614) 
     0.56685   (126 0.805) (128 -0.406) 
     0.55951   (122 0.755) (124 -0.317) (126 -0.356) 
       0.549   (119 -0.49) (120 -0.719) 
     0.52155   (121 0.413) (123 -0.555) (127 -0.526) 
     0.44953   (119 -0.367) (120 0.469) (121 -0.449) (127 -0.296) (131 -0.316) 
      0.4231   (119 0.703) (131 -0.338) 
     0.39257   (89 0.651) (90 0.706) 
     0.38496   (121 0.422) (127 0.52) (131 -0.467) 
     0.31708   (97 -0.924) 
     0.28957   (98 -0.315) (104 0.327) (105 0.622) (107 -0.441) 
      0.2683   (103 -0.821) (105 -0.266) 
     0.26133   (98 0.279) (99 0.463) (112 0.309) (124 -0.347) 
     0.23741   (84 0.66) (99 -0.287) 
     0.23029   (79 0.379) (80 -0.33) (84 -0.321) (99 -0.554) 
     0.19211   (79 -0.519) (80 0.406) (84 -0.499) 
     0.15639   (99 0.303) (110 0.398) (111 0.276) (112 -0.439) (113 0.256) 
     0.14633   (87 0.405) (88 0.524) (91 0.369) (96 0.349) 
     0.13344   (88 -0.409) (95 0.475) (104 0.421) 
     0.12152   (87 0.341) (91 -0.509) (92 -0.423) (104 0.311) 
     0.11763   (86 -0.433) (87 -0.539) (88 0.492) 
     0.11115   (85 -0.459) (86 0.53) (91 0.329) (95 -0.393) 
     0.10904   (68 0.454) (81 -0.45) (83 0.45) 
    0.098698   (68 -0.34) (76 -0.301) (85 0.282) (95 -0.294) 
    0.094685   (59 0.262) (64 -0.305) (66 -0.384) (69 -0.232) (81 0.244) 
    0.091621   (59 -0.637) (62 0.227) (64 0.254) (68 0.207) (76 0.235) 
    0.088219   (59 0.636) (66 0.346) 
     0.08797   (59 -0.293) (64 -0.294) (104 -0.363) 
      0.0851   (62 0.451) (64 0.305) (69 -0.299) 
    0.081748   (62 -0.567) (66 0.43) 
    0.076558   (62 0.44) (64 -0.469) 
    0.071772   (60 -0.72) (66 -0.28) (69 0.264) 
    0.067485   (60 0.588) (64 0.339) 
     0.06577   (60 -0.205) (66 0.227) (69 -0.256) (70 -0.185) (80 0.218) (81 0.188) (85 0.189) (101 0.192) (110 0.205) (114 -0.271) (115 0.321) (116 0.231) 
     0.06386   (69 0.244) (72 -0.302) (76 -0.295) (81 -0.269) (83 -0.282) 
    0.059355   (61 0.568) (67 0.422) (81 -0.293) 
    0.056812   (61 -0.605) (72 0.286) 
    0.055709   (61 0.361) (67 -0.591) 
    0.053999   (63 -0.306) (67 0.276) (69 0.244) (72 -0.385) (81 0.285) (83 0.273) (101 -0.29) 
    0.053251   (63 0.533) (72 0.286) 
    0.050468   (63 -0.589) (64 0.306) (67 -0.308) (72 0.336) 
    0.046011   (81 -0.249) (83 -0.289) (85 0.386) (86 0.285) (101 -0.275) (116 -0.36) 
    0.043815   (33 -0.896) (45 0.211) (46 0.207) 
     0.04172   (33 0.346) (45 0.572) (46 0.537) 
     0.04113   (76 -0.283) (77 -0.393) (116 -0.453) 
    0.039465   (53 0.481) (57 0.4) (77 0.382) (116 -0.315) 
    0.034983   (53 -0.581) (77 0.468) 
    0.034045   (34 -0.784) (41 -0.318) 
    0.031923   (34 0.571) (40 -0.354) (41 -0.38) (57 -0.299) 
    0.029869   (36 -0.286) (40 0.274) (53 0.271) (89 -0.333) (90 0.286) 
    0.029447   (36 0.826) (57 0.224) 
    0.027915   (36 -0.43) (53 -0.311) (57 0.574) 
    0.026999   (130 -0.903) (131 0.217) 
    0.025586   (129 -0.578) (153 0.802) 
     0.02417   (129 -0.577) (162 -0.77) 
    0.022322   (129 -0.577) (153 -0.531) (162 0.621) 
    0.021034   (22 -0.493) (23 0.79) 
      0.0195   (141 -0.901) (142 0.428) 
