 1 1000
 2 494.984
 3 21.9877
 4 1000
 5 407.248
 6 273.596
 7 999.843
 8 3.64363
 9 991.73
 10 892.811
 11 2.32909
 12 785.989
 13 1000
 14 997.987
 15 0.824405
 16 1000
 17 996.908
 18 3.06355
 19 1000
 20 838.787
 21 158.294
 22 1000
 23 952.815
 24 46.5358
 25 242.71
 26 252.672
 27 17.4071
 28 986.192
 29 195.557
 30 247.83
 31 493.341
 32 55.7593
 33 827.461
 34 214.455
 35 138.52
 36 368.609
 37 988.918
 38 997.532
 39 3.73743
 40 608.977
 41 970.59
 42 1.7685
 43 497.265
 44 863.618
 45 17.4801
 46 998.338
 47 328.006
 48 673.484
 49 945.195
 50 190.1
 51 277.323
 52 173.167
 53 953.338
 54 273.941
 55 160.87
 56 228.896
 57 889.975
 58 88.3869
 59 135.523
 60 186.365
 61 22.2545
 62 1.79609
 63 456.971
 64 314.889
 65 1.6726
 66 488.741
 67 933.297
 68 68.7692
 69 999.893
 70 1000
 71 895.915
 72 103.9
 73 999.613
 74 3.1369
 75 997.989
 76 984.154
 77 3.43805
 78 884.517
 79 999.085
 80 20.1226
 81 978.136
 82 990.192
 83 241.179
 84 2.84644
 85 107.97
 86 2.64333
 87 989.148
 88 1.71048
 89 1.63831
 90 1.9044
 91 9.0202
 92 422.789
 93 810.918
 94 660.083
 95 902.18
 96 945.715
 97 308.695
 98 306.092
 99 126.527
 100 823.629
 101 947.278
 102 123.294
 103 150.757
 104 133.992
 105 132.814
 106 160.649
 107 165.395
 108 169.965
 109 126.035
 110 96.9459
 111 181.586
 112 204.804
 113 190.374
 114 173.685
 115 181.136
 116 145.456
 117 172.299
 118 193.859
 119 152.465
 120 85.5821
 121 122.971
 122 47.9521
 123 62.3191
 124 36.9503
 125 28.9495
 126 51.9272
 127 25.7317
 128 88.3248
 129 65.623
 130 60.7137
 131 20.0122
 132 20.7748
 133 22.2764
 134 35.3802
 135 8.47218
 136 46.2446
 137 9.5312
 138 8.87965
 139 8.92146
 140 10.3092
 141 10.6565
 142 8.445
 143 9.01372
 144 14.809
 145 14.9557
 146 12.3615
 147 9.87313
 148 28.8845
 149 15.8965
 150 11.7578
 151 13.6121
 152 23.3655
 153 20.5136
 154 13.1706
 155 19.822
 156 24.0467
 157 46.5641
 158 0.154632
 159 0.13876
 160 0.360337
 161 21.7807
 162 23.8179
 163 331.447
 164 798.947
 165 7.30868
