 1 50910.1
 2 668.465
 3 29.4123
 4 175981
 5 540.812
 6 363.242
 7 496599
 8 39.8052
 9 13853.6
 10 2530.99
 11 4.02388
 12 1664.8
 13 296607
 14 4200.96
 15 0.848009
 16 323796
 17 3758.55
 18 9.13717
 19 121057
 20 2153.15
 21 404.711
 22 163629
 23 3352.7
 24 161.147
 25 264.513
 26 327.393
 27 22.3656
 28 2846.58
 29 253.179
 30 319.219
 31 518.134
 32 70.5467
 33 1052.49
 34 221.424
 35 158.508
 36 424.069
 37 1529.69
 38 2967.59
 39 7.94311
 40 980.038
 41 4319.54
 42 2.10821
 43 680.233
 44 1471.97
 45 29.0979
 46 10848.3
 47 981.407
 48 1730.51
 49 1853.15
 50 193.406
 51 333.458
 52 207.841
 53 2914.01
 54 307.387
 55 217.813
 56 316.899
 57 947.642
 58 89.4541
 59 140.951
 60 195.248
 61 22.7686
 62 1.80004
 63 481.942
 64 318.186
 65 1.68265
 66 498.932
 67 3274.13
 68 234.05
 69 152666
 70 167827
 71 2336.09
 72 267.597
 73 17454.1
 74 24.789
 75 14611.9
 76 8392.93
 77 5.90919
 78 1897.5
 79 8718.18
 80 61.9481
 81 2720.79
 82 1576.48
 83 268.373
 84 3.00599
 85 138.497
 86 2.97371
 87 4887.83
 88 1.71073
 89 1.63833
 90 1.90469
 91 10.0564
 92 492.202
 93 1565.78
 94 1259.03
 95 2256.93
 96 2274.21
 97 325.381
 98 320.843
 99 128.044
 100 993.903
 101 1519.46
 102 127.657
 103 153.81
 104 135.311
 105 133.724
 106 161.312
 107 166.126
 108 170.903
 109 127.139
 110 98.8713
 111 182.847
 112 205.76
 113 191.101
 114 174.169
 115 181.666
 116 146.417
 117 172.881
 118 194.259
 119 153.218
 120 87.0988
 121 123.673
 122 48.5958
 123 65.3494
 124 37.6564
 125 29.8106
 126 52.4009
 127 27.2048
 128 90.9656
 129 66.7948
 130 61.6169
 131 20.3762
 132 21.0614
 133 22.6599
 134 36.388
 135 8.76474
 136 46.7613
 137 9.95099
 138 9.21768
 139 9.23521
 140 10.9967
 141 11.3832
 142 8.89967
 143 9.53608
 144 15.3476
 145 15.2709
 146 12.7262
 147 10.4763
 148 30.2872
 149 16.6898
 150 12.0799
 151 13.9464
 152 23.8544
 153 21.6414
 154 13.5907
 155 20.2237
 156 24.2995
 157 46.847
 158 0.191836
 159 0.145366
 160 0.402851
 161 27.1553
 162 25.833
 163 1678.21
 164 3602.08
 165 14.9236
