 1 31.6228
 2 21.6622
 3 1.91331
 4 31.6228
 5 16.0318
 6 11.1532
 7 31.6195
 8 1.02501
 9 31.4227
 10 29.7327
 11 0.983381
 12 27.8161
 13 31.6228
 14 31.5843
 15 0.904247
 16 31.6228
 17 31.5371
 18 1.00307
 19 31.6228
 20 26.7422
 21 5.94482
 22 31.6228
 23 30.1943
 24 2.43958
 25 15.1982
 26 14.8976
 27 1.95389
 28 31.3523
 29 9.81812
 30 12.1489
 31 21.7081
 32 2.80657
 33 27.5791
 34 14.4293
 35 6.92848
 36 16.5606
 37 31.4254
 38 31.5539
 39 1.38692
 40 24.4029
 41 31.0894
 42 1.29449
 43 21.7322
 44 28.8142
 45 1.90237
 46 31.5782
 47 11.4918
 48 21.8565
 49 30.5294
 50 13.2751
 51 13.9698
 52 9.2397
 53 30.6882
 54 16.3401
 55 9.05924
 56 12.0414
 57 29.2342
 58 8.76236
 59 8.66312
 60 10.8053
 61 4.40694
 62 1.33081
 63 21.0334
 64 16.4142
 65 0.968636
 66 21.1004
 67 29.6129
 68 3.5326
 69 31.6197
 70 31.6228
 71 28.5082
 72 4.62688
 73 31.6143
 74 1.35931
 75 31.567
 76 31.3521
 77 1.37666
 78 29.6465
 79 31.6017
 80 1.97195
 81 30.9983
 82 31.4162
 83 15.0128
 84 1.40445
 85 10.1383
 86 1.42957
 87 31.372
 88 1.09579
 89 1.04123
 90 1.24316
 91 2.45574
 92 18.1628
 93 26.8843
 94 23.6772
 95 29.3613
 96 30.3583
 97 16.1844
 98 15.8181
 99 8.95097
 100 27.9584
 101 30.4871
 102 10.0769
 103 11.5854
 104 10.8008
 105 10.8701
 106 12.2547
 107 12.3596
 108 12.4833
 109 10.3429
 110 8.35967
 111 12.783
 112 13.978
 113 13.393
 114 12.6167
 115 12.6795
 116 10.9095
 117 12.2651
 118 13.2473
 119 11.5992
 120 8.51699
 121 10.701
 122 6.70675
 123 7.71833
 124 5.52541
 125 5.1089
 126 6.89933
 127 4.49362
 128 8.83097
 129 7.26245
 130 7.20978
 131 4.08536
 132 4.44249
 133 4.57676
 134 5.84594
 135 2.64153
 136 6.72274
 137 2.85695
 138 2.80198
 139 2.80988
 140 3.05098
 141 2.99818
 142 2.65305
 143 2.77255
 144 3.68718
 145 3.74264
 146 3.35198
 147 2.87915
 148 5.17332
 149 3.80361
 150 3.23541
 151 3.48372
 152 4.72001
 153 4.406
 154 3.50355
 155 4.36637
 156 4.81387
 157 6.75723
 158 0.149046
 159 0.288422
 160 0.27155
 161 3.73761
 162 4.34514
 163 16.0004
 164 27.1169
 165 0.561482
