 Smallest eigenvalues
  1.9668e-06   (9 1) 
  3.0884e-06   (48 -0.614) (51 0.499) (49 -0.375) (154 -0.201) (52 -0.184) (43 0.176) (55 -0.136) (53 0.124) (78 0.119) (42 -0.119) (12 -0.114) (47 -0.0926) (44 -0.0714) (54 0.0708) (46 0.0667) (35 -0.0628) (56 0.0546) (11 -0.0467) (63 -0.0459) (25 0.0409) (40 0.0384) (14 -0.037) (38 0.035) (41 0.0342) (50 0.0295) (60 -0.0287) (24 -0.0277) (79 -0.0274) (68 0.0258) (61 0.0257) (36 0.0255) (66 0.0221) (71 -0.0219) (29 -0.0191) (13 -0.0184) (76 -0.0183) (70 0.0182) (57 0.0181) (39 0.018) (17 0.0172) (80 0.0166) (72 0.0163) (31 0.0153) (30 -0.0152) (84 0.0147) (73 -0.0144) (88 0.0136) (22 -0.0132) (65 -0.0124) (64 0.0122) (74 -0.0114) (75 -0.0106) (37 -0.0103) 
  3.3715e-06   (154 -0.98) (48 0.126) (51 -0.102) (49 0.0771) (52 0.0377) (43 -0.0363) (55 0.0278) (53 -0.0256) (42 0.0244) (78 -0.024) (12 0.0235) (47 0.0191) (44 0.0147) (54 -0.0145) (46 -0.0137) (35 0.013) (56 -0.0112) 
  5.6824e-06   (4 1) 
  5.9585e-06   (148 0.634) (47 0.523) (44 -0.402) (43 0.243) (45 -0.144) (46 0.133) (48 0.12) (42 -0.119) (12 -0.0982) (78 0.0705) (35 -0.0651) (51 -0.0488) (40 0.0431) (25 0.0428) (11 -0.0405) (14 -0.0318) (24 -0.0315) (38 0.0314) (36 0.0312) (53 -0.0271) (52 -0.0271) (56 0.0242) (49 -0.0231) (37 -0.0214) (28 0.0183) (60 -0.0174) (54 0.017) (13 -0.0155) (17 0.0152) (34 0.0146) (41 0.0143) (79 -0.0141) (71 -0.0132) (77 -0.0119) (70 0.0116) (29 -0.0109) (27 -0.0106) (20 0.0106) 
  6.1114e-06   (148 0.774) (47 -0.428) (44 0.329) (43 -0.199) (45 0.118) (46 -0.109) (48 -0.0985) (42 0.0977) (12 0.0805) (78 -0.0576) (35 0.0533) (51 0.0399) (40 -0.0353) (25 -0.0351) (11 0.0332) (14 0.026) (24 0.0258) (38 -0.0257) (36 -0.0255) (53 0.0222) (52 0.0222) (56 -0.0198) (49 0.0189) (37 0.0175) (28 -0.015) (60 0.0142) (54 -0.0139) (13 0.0127) (17 -0.0125) (34 -0.012) (41 -0.0117) (79 0.0115) (71 0.0108) 
  6.5475e-06   (1 -0.988) (29 -0.0988) (31 0.0598) (30 0.0572) (35 0.0549) (25 0.0291) (28 0.0285) (33 0.0244) (24 -0.0188) (36 -0.0142) (37 0.0123) 
  8.2606e-06   (155 -0.999) (29 -0.0328) (31 0.0198) (30 0.0191) (35 0.0183) (25 0.0101) 
  1.9642e-05   (29 0.622) (31 -0.376) (30 -0.363) (35 -0.348) (25 -0.191) (12 0.185) (28 -0.18) (1 -0.151) (33 -0.15) (24 0.132) (36 0.0862) (37 -0.0814) (11 0.08) (14 0.0588) (20 -0.0583) (42 -0.0537) (155 -0.0527) (78 -0.0483) (27 0.0482) (34 0.0465) (32 -0.0414) (22 0.0387) (44 -0.0374) (21 -0.0364) (43 0.0354) (16 -0.0302) (39 0.03) (13 0.0281) (48 -0.0252) (17 -0.0217) (79 0.0192) (51 0.0162) (45 0.0146) (60 0.014) (54 -0.0136) (56 -0.0136) (38 0.013) (53 0.0124) (50 -0.0121) (49 0.0118) (40 0.0117) (71 0.0114) (75 -0.0113) (26 0.0109) (80 -0.0107) (41 0.0106) (15 -0.0104) 
  3.6283e-05   (20 -0.558) (18 0.52) (45 0.413) (46 -0.286) (43 0.217) (21 -0.141) (26 -0.139) (22 -0.127) (42 -0.116) (16 0.0826) (48 0.0777) (17 0.0761) (12 -0.0696) (29 -0.0691) (19 0.0559) (44 -0.0534) (78 0.0521) (15 0.0454) (39 0.031) (32 -0.0303) (47 -0.0285) (35 -0.028) (37 0.0277) (50 0.0256) (11 -0.0243) (53 -0.0236) (28 -0.0232) (74 -0.023) (72 0.02) (40 0.018) (68 0.0176) (14 -0.0166) (62 0.0157) (38 0.0153) (51 -0.0151) (67 -0.0149) (30 -0.0146) (34 -0.0144) (61 0.0129) (24 0.0128) (41 0.0126) (31 0.0121) (56 0.0116) (60 -0.0114) 
  8.2608e-05   (158 -0.999) (45 0.0243) (20 0.0181) (46 -0.0173) (18 -0.0157) (43 0.0106) 
  9.9574e-05   (45 -0.575) (20 -0.411) (46 0.408) (18 0.356) (43 -0.25) (42 0.185) (48 -0.143) (21 -0.114) (22 -0.0813) (78 -0.0813) (44 0.0753) (12 0.0744) (41 -0.0726) (25 -0.0644) (26 -0.0643) (47 0.0621) (24 0.0589) (35 0.0588) (158 -0.0429) (40 -0.0407) (19 0.0397) (16 0.0397) (17 0.038) (34 -0.038) (28 -0.0375) (36 -0.0355) (11 0.0339) (37 0.0338) (29 -0.0321) (33 0.0318) (38 -0.0309) (56 -0.0305) (27 0.0302) (15 0.0288) (14 0.0278) (51 0.0268) (50 -0.0263) (54 -0.0256) (74 0.0218) (68 -0.0209) (72 -0.0202) (53 0.0198) (67 0.0174) (30 -0.0174) (63 0.0173) (80 -0.0156) (65 0.0149) (49 0.0141) (71 0.0141) (77 0.0138) (70 -0.0138) (60 0.0135) (81 0.0135) (66 -0.0134) (13 0.0133) (62 -0.0129) (61 -0.0124) (79 0.012) (32 -0.0115) 
  0.00010456   (3 -1) 
  0.00010803   (22 0.48) (20 -0.46) (18 -0.351) (12 -0.327) (21 0.324) (25 -0.255) (24 0.209) (17 0.201) (11 -0.123) (14 -0.111) (35 0.0925) (16 -0.082) (23 -0.0768) (30 0.0686) (13 -0.0601) (43 -0.0474) (15 -0.0467) (26 -0.0383) (38 -0.038) (31 -0.0326) (36 -0.0323) (47 0.0293) (32 0.0285) (29 0.0267) (28 -0.0264) (33 -0.0252) (34 -0.0245) (44 0.0231) (40 -0.0219) (46 -0.0219) (78 0.0172) (42 0.015) (19 0.014) (27 0.0122) (57 0.012) (52 -0.0109) (45 0.0101) 
  0.00020006   (159 1) 
  0.00021227   (2 -1) 
   0.0002416   (21 -0.859) (12 -0.25) (25 -0.208) (24 0.179) (17 0.164) (20 0.16) (22 0.155) (18 -0.0998) (11 -0.0945) (14 -0.0856) (35 0.0662) (26 -0.0537) (23 0.0479) (157 0.0468) (13 -0.0453) (30 0.038) (27 0.038) (31 -0.0315) (44 0.0236) (36 -0.0211) (34 -0.0176) (42 0.0172) (38 -0.0163) (78 0.0156) (40 -0.0145) (43 -0.0135) (47 0.0117) (46 -0.0108) 
  0.00028272   (157 0.999) (21 0.0403) (12 0.0118) 
  0.00028996   (8 1) 
   0.0003023   (28 -0.807) (150 -0.397) (25 0.191) (27 0.187) (12 -0.148) (35 0.148) (26 0.148) (32 -0.109) (24 -0.0918) (33 0.0679) (11 -0.0594) (31 -0.0557) (20 0.0505) (36 -0.0498) (48 0.0477) (14 -0.0464) (37 0.0462) (17 0.0455) (51 0.0415) (16 0.033) (21 0.0271) (29 -0.0263) (43 -0.0245) (42 0.0242) (49 0.0211) (22 -0.0211) (18 0.0209) (78 0.0205) (13 -0.0195) (75 -0.0177) (15 0.0177) 
   0.0003125   (150 -0.918) (28 0.349) (25 -0.0825) (27 -0.081) (12 0.0642) (26 -0.064) (35 -0.064) (32 0.0471) (24 0.0398) (33 -0.0294) (11 0.0257) (31 0.0241) (20 -0.0219) (36 0.0216) (48 -0.0206) (14 0.0201) (37 -0.02) (17 -0.0197) (51 -0.0179) (16 -0.0143) (21 -0.0117) (29 0.0114) (43 0.0106) (42 -0.0105) 
  0.00032176   (6 -1) 
  0.00033253   (22 -0.571) (25 -0.499) (24 0.318) (20 0.241) (21 0.233) (12 -0.225) (153 -0.213) (23 -0.212) (17 0.128) (26 -0.113) (11 -0.082) (18 0.0751) (35 0.0744) (14 -0.0721) (32 -0.0601) (33 0.0542) (16 0.0514) (28 -0.0406) (13 -0.0326) (15 0.032) (78 0.0233) (31 -0.0229) (48 0.0226) (39 0.0224) (42 0.0224) (29 -0.0215) (37 0.021) (36 -0.0179) (73 -0.0157) (56 0.0113) 
  0.00034357   (153 -0.977) (22 0.125) (25 0.109) (24 -0.0694) (20 -0.0526) (21 -0.0508) (12 0.0493) (23 0.0464) (17 -0.028) (26 0.0246) (11 0.0179) (18 -0.0164) (35 -0.0163) (14 0.0158) (32 0.0131) (33 -0.0118) (16 -0.0112) 
  0.00035434   (73 -0.576) (57 -0.486) (70 0.337) (66 -0.242) (74 -0.199) (60 0.189) (71 -0.181) (52 0.162) (63 0.15) (78 -0.137) (43 0.116) (47 -0.099) (56 0.0813) (69 -0.0695) (68 -0.0636) (79 0.0593) (61 -0.0581) (46 0.0563) (54 0.0529) (72 0.0466) (64 -0.0456) (44 -0.0455) (16 -0.0442) (33 0.0434) (67 0.0428) (32 -0.0395) (38 0.0386) (50 0.0376) (18 -0.0373) (77 0.0337) (51 0.0336) (45 -0.0332) (20 -0.0319) (40 0.0309) (75 -0.0259) (15 -0.0233) (29 -0.0232) (59 -0.0229) (62 -0.0224) (123 -0.0221) (76 0.0209) (88 0.0201) (35 -0.0197) (30 -0.0197) (48 0.0176) (41 0.0167) (126 0.0164) (109 0.0163) (120 0.0157) (80 -0.0157) (89 -0.0154) (100 0.0145) (84 0.0143) (104 0.0141) (121 0.0137) (152 -0.0123) (21 -0.0121) (91 0.012) (65 -0.0119) (55 0.0115) (22 -0.0113) (25 -0.0109) (122 -0.0107) (106 -0.0106) (37 -0.0106) (99 -0.0105) (31 0.0103) (101 0.0103) (127 -0.0101) (119 -0.0101) 
  0.00037092   (73 0.655) (57 -0.408) (66 -0.299) (152 -0.242) (74 0.182) (63 0.171) (43 0.15) (47 -0.145) (52 0.136) (71 0.125) (68 -0.112) (60 0.111) (49 0.0936) (72 -0.0899) (46 0.082) (56 0.0799) (44 -0.0759) (12 -0.0605) (67 0.0597) (55 0.0587) (39 0.055) (35 -0.0521) (64 -0.0505) (61 -0.0496) (16 -0.0493) (70 0.0476) (38 0.0467) (33 0.0444) (18 -0.0421) (48 -0.0415) (32 -0.0412) (53 -0.0407) (120 0.0399) (40 0.0385) (45 -0.037) (29 -0.0341) (79 -0.0287) (30 -0.0284) (69 -0.0282) (59 -0.0282) (41 0.0267) (11 -0.0264) (15 -0.025) (22 -0.0236) (51 0.0233) (84 0.0225) (62 -0.0221) (31 0.0221) (14 -0.0218) (20 -0.0206) (36 0.0204) (121 -0.0198) (125 -0.0181) (127 -0.0167) (75 0.016) (54 0.0149) (88 0.0149) (89 -0.0144) (23 0.0136) (139 0.0129) (13 -0.0129) (122 0.0128) (131 -0.0126) (37 -0.012) (42 -0.0106) (99 -0.0106) (65 -0.01) 
  0.00038748   (152 -0.97) (73 -0.156) (57 0.108) (66 0.0773) (63 -0.0444) (74 -0.0428) (43 -0.0393) (47 0.0379) (52 -0.0363) (60 -0.0301) (71 -0.0288) (68 0.0287) (49 -0.0235) (72 0.0217) (46 -0.0214) (56 -0.0211) (44 0.0197) (70 -0.0158) (67 -0.0154) (12 0.0153) (55 -0.0148) (39 -0.0139) (35 0.0134) (64 0.0132) (16 0.0131) (61 0.0131) (38 -0.0124) (33 -0.0119) (18 0.0112) (32 0.011) (53 0.0103) (40 -0.0102) (48 0.0101) 
  0.00044503   (24 -0.827) (25 -0.523) (23 -0.108) (54 -0.0849) (52 0.0659) (53 -0.0526) (56 -0.0477) (55 -0.0367) (12 -0.0365) (22 0.0365) (21 -0.036) (57 0.0353) (47 -0.0341) (49 0.0306) (20 -0.0251) (28 -0.0242) (30 -0.022) (11 -0.021) (39 0.0207) (43 0.0191) (16 0.0176) (46 0.017) (48 -0.0156) (78 0.0149) (44 -0.0129) (14 -0.0129) (60 -0.011) (18 -0.0104) 
  0.00049175   (147 0.748) (54 -0.365) (52 0.308) (56 -0.217) (53 -0.2) (55 -0.156) (57 0.133) (43 0.121) (47 -0.12) (49 0.0966) (24 0.0789) (25 0.068) (44 -0.0666) (46 0.0654) (48 -0.0614) (51 0.0558) (12 -0.0475) (60 -0.0433) (35 -0.0416) (73 -0.0376) (78 0.0289) (38 0.0284) (40 0.028) (45 -0.0257) (16 -0.0254) (33 0.0241) (50 -0.0239) (39 0.0237) (32 -0.0221) (23 0.022) (29 -0.0213) (71 -0.0204) (63 -0.0201) (18 -0.0192) (11 -0.0191) (36 0.0177) (14 -0.0162) (66 0.0147) (41 0.0145) (42 -0.0144) (15 -0.0135) (120 0.0134) (22 -0.0124) (31 0.012) (61 0.0103) 
  0.00049557   (147 0.663) (54 0.412) (52 -0.348) (56 0.245) (53 0.225) (55 0.176) (57 -0.15) (43 -0.136) (47 0.136) (49 -0.109) (24 -0.0846) (44 0.0753) (25 -0.074) (46 -0.0739) (48 0.0694) (51 -0.0631) (12 0.0538) (60 0.0489) (35 0.047) (73 0.0425) (78 -0.0326) (38 -0.0321) (40 -0.0316) (45 0.0291) (16 0.0286) (33 -0.0272) (50 0.0271) (39 -0.0268) (32 0.0249) (23 -0.0243) (29 0.0241) (71 0.0231) (63 0.0226) (18 0.0218) (11 0.0217) (36 -0.02) (14 0.0183) (66 -0.0166) (41 -0.0163) (42 0.0163) (15 0.0152) (120 -0.0149) (22 0.0138) (31 -0.0136) (61 -0.0116) (30 0.0113) (37 0.0112) (70 -0.0109) (79 0.0104) (13 0.0103) (28 -0.0101) 
  0.00050372   (55 0.573) (53 0.567) (39 -0.385) (52 0.288) (57 0.167) (54 -0.154) (43 0.145) (40 0.106) (47 -0.0837) (44 -0.0712) (49 0.0614) (60 -0.0565) (46 0.0552) (48 -0.051) (78 0.045) (56 0.0412) (35 0.0348) (42 -0.0331) (71 -0.0252) (70 0.0248) (36 -0.0206) (50 -0.0191) (51 0.0186) (151 -0.0184) (20 -0.0153) (25 -0.0145) (73 -0.0144) (45 -0.0132) (69 -0.013) (61 0.0106) 
  0.00052257   (151 -0.97) (39 0.214) (55 0.0566) (53 0.0519) (40 -0.0433) (35 -0.0384) (52 0.0313) (12 -0.0211) (43 -0.0203) (57 0.0175) (36 0.0174) (25 0.0151) (37 -0.0145) (49 -0.0127) (78 0.0122) (38 0.0114) (29 -0.0112) (48 0.0111) (42 0.011) (44 0.0107) (54 -0.0105) (32 -0.0103) 
  0.00053043   (39 -0.82) (55 -0.268) (53 -0.249) (151 -0.244) (40 0.164) (35 0.15) (52 -0.146) (12 0.0836) (57 -0.0819) (43 0.0698) (36 -0.0674) (25 -0.0588) (37 0.0571) (54 0.0531) (78 -0.0521) (49 0.046) (38 -0.0456) (29 0.0441) (32 0.0414) (42 -0.0413) (48 -0.0404) (33 -0.0399) (73 0.0396) (44 -0.0373) (11 0.0328) (60 0.0324) (56 -0.0323) (23 -0.0313) (14 0.0276) (71 0.0264) (24 0.0255) (16 0.0251) (51 -0.024) (31 -0.0223) (18 0.0214) (34 -0.0192) (28 -0.0188) (50 -0.0175) (79 0.0172) (47 -0.016) (66 -0.0145) (45 0.0143) (13 0.0138) (46 0.0108) (68 -0.0103) 
  0.00058262   (70 -0.858) (57 -0.279) (71 0.224) (73 -0.196) (52 0.153) (49 -0.128) (69 0.0959) (60 0.0822) (48 0.0751) (51 0.0694) (74 -0.0647) (50 0.0544) (43 0.0521) (68 0.0444) (72 0.0415) (76 0.0379) (75 -0.0372) (149 0.0322) (55 0.0316) (84 0.0294) (65 -0.0257) (47 -0.0252) (16 -0.0247) (56 0.0231) (33 0.0229) (61 -0.0225) (38 0.0225) (20 -0.0217) (40 0.0215) (32 -0.0214) (54 -0.0207) (18 -0.0197) (77 0.0189) (88 0.0188) (45 -0.0187) (63 0.0177) (46 0.0168) (39 -0.0168) (125 -0.016) (123 -0.0153) (127 -0.0145) (124 -0.0144) (126 0.0129) (29 -0.0129) (120 0.0129) (79 -0.0127) (90 0.0121) (97 -0.011) (15 -0.0106) (100 0.0106) (104 0.0104) (35 -0.0103) 
  0.00058968   (149 0.854) (49 0.357) (48 -0.175) (52 -0.148) (51 -0.135) (50 -0.108) (47 -0.104) (54 0.103) (43 0.0891) (44 -0.0705) (73 -0.0643) (46 0.0623) (70 -0.06) (39 0.0523) (53 0.039) (12 -0.0351) (78 0.0318) (35 -0.0296) (66 0.0273) (63 -0.02) (68 0.0182) (29 -0.0179) (57 0.0175) (16 -0.0172) (42 -0.0171) (38 0.0171) (33 0.0164) (55 -0.0162) (32 -0.0158) (79 -0.0153) (72 0.0151) (18 -0.014) (11 -0.0139) (40 0.0133) (23 0.0132) (25 0.0123) (14 -0.012) (74 -0.0114) (36 0.0109) (31 0.0108) (41 0.0106) (22 -0.0106) 
  0.00063032   (49 -0.58) (149 0.519) (48 0.284) (52 0.233) (51 0.219) (50 0.175) (47 0.174) (54 -0.169) (70 0.152) (43 -0.15) (73 0.118) (44 0.117) (46 -0.104) (39 -0.085) (53 -0.0643) (12 0.0579) (78 -0.0526) (35 0.0495) (66 -0.0445) (68 -0.0328) (63 0.0319) (29 0.0304) (16 0.0301) (38 -0.0297) (33 -0.0286) (42 0.0281) (32 0.0275) (72 -0.0275) (79 0.0261) (55 0.0247) (18 0.0245) (40 -0.0234) (11 0.0232) (74 0.0228) (23 -0.0219) (25 -0.02) (14 0.0199) (31 -0.0182) (41 -0.0181) (36 -0.0179) (22 0.0178) (37 0.0151) (15 0.0139) (120 -0.0138) (67 0.0136) (30 0.0135) (69 -0.0124) (57 -0.0108) (13 0.0107) 
  0.00066492   (38 0.885) (23 0.197) (22 -0.178) (18 -0.165) (43 -0.153) (40 -0.133) (20 -0.129) (39 -0.12) (16 -0.115) (47 0.0738) (33 0.0639) (32 -0.0579) (37 -0.0568) (41 -0.0552) (15 -0.0543) (52 -0.0428) (46 -0.0422) (44 0.0417) (57 0.034) (21 -0.0336) (24 -0.0334) (45 0.0271) (12 -0.0219) (30 -0.0192) (56 -0.0156) (35 -0.0147) (54 -0.0129) (14 -0.0127) (36 -0.0122) (11 -0.0117) (78 -0.0112) (13 -0.0104) (29 -0.0101) (51 -0.0101) 
  0.00079442   (23 0.567) (22 -0.486) (38 -0.333) (18 -0.332) (20 -0.244) (16 -0.17) (33 -0.16) (32 0.151) (24 -0.129) (29 0.129) (12 -0.0977) (30 0.0914) (15 -0.0806) (35 0.0789) (31 -0.066) (25 0.0619) (21 -0.0454) (11 -0.0419) (14 -0.039) (142 -0.0365) (37 0.0334) (27 -0.0324) (143 0.0248) (13 -0.0238) (40 0.021) (43 -0.0185) (28 0.017) (36 -0.0145) (44 0.0138) (47 0.0135) (17 0.0131) (49 -0.0128) (48 0.0112) 
  0.00087606   (142 -0.825) (143 0.562) (139 0.0274) (23 -0.0262) (22 0.0225) (18 0.0156) (20 0.0115) 
   0.0009528   (47 -0.472) (52 -0.406) (48 0.386) (49 -0.296) (43 0.295) (16 -0.277) (46 0.201) (51 -0.153) (45 -0.149) (44 -0.148) (50 0.143) (57 0.142) (56 -0.102) (15 -0.0974) (41 0.0721) (33 0.0634) (17 -0.0633) (54 -0.062) (53 0.0594) (32 -0.0582) (40 0.0525) (38 0.052) (78 -0.0501) (12 -0.037) (39 0.0356) (42 0.0338) (60 -0.0328) (18 0.0317) (25 -0.0308) (30 -0.0276) (29 -0.0228) (14 -0.0187) (11 -0.0165) (31 0.015) (20 -0.0148) (24 0.0138) (13 -0.0138) (84 0.0128) (70 0.0116) (37 -0.0111) (120 0.0109) (77 0.0104) (21 -0.0102) (79 0.01) 
   0.0010869   (16 -0.772) (18 0.353) (15 -0.255) (17 -0.218) (12 -0.159) (47 0.151) (20 0.138) (43 -0.124) (48 -0.0954) (52 0.0917) (22 0.0873) (33 -0.0788) (32 0.0744) (46 -0.0704) (49 0.0688) (14 -0.0642) (11 -0.0631) (23 -0.0592) (44 0.0576) (29 0.0541) (30 0.053) (45 0.047) (35 0.046) (13 -0.0397) (50 -0.0381) (38 -0.0372) (51 0.035) (39 -0.0333) (31 -0.0316) (41 -0.0297) (21 0.028) (57 -0.0266) (40 -0.0264) (56 0.0222) (54 0.0146) (78 0.0137) (25 -0.013) (36 -0.012) (37 0.0118) (53 -0.0107) 
   0.0011925   (146 -1) (139 0.0282) 
   0.0012637   (54 0.701) (52 0.363) (56 -0.318) (57 0.23) (35 -0.204) (33 0.196) (36 0.186) (32 -0.166) (29 -0.097) (37 0.0949) (39 -0.0815) (16 -0.0747) (50 0.073) (18 -0.0691) (30 -0.0655) (48 0.0586) (51 0.0546) (38 -0.0545) (47 -0.0542) (53 -0.0541) (31 0.053) (20 -0.0478) (78 -0.0448) (60 -0.0434) (49 -0.0428) (15 -0.0396) (55 -0.0315) (46 0.0291) (45 -0.0261) (23 0.0225) (22 -0.0223) (21 -0.022) (34 0.0205) (71 0.0202) (79 0.0199) (43 0.0182) (138 -0.0175) (66 -0.0159) (72 0.0152) (73 0.0149) (68 -0.0135) (12 -0.0123) (25 -0.0105) 
   0.0014164   (35 -0.434) (36 0.414) (33 0.342) (54 -0.312) (32 -0.284) (37 0.228) (52 -0.214) (43 -0.189) (38 -0.182) (39 -0.174) (29 -0.17) (56 0.13) (138 -0.127) (30 -0.106) (47 0.0988) (31 0.0972) (18 -0.0833) (16 -0.0792) (57 -0.0744) (44 0.073) (40 -0.0649) (12 -0.0625) (46 -0.0599) (41 -0.0536) (34 0.0488) (51 -0.0424) (20 -0.0407) (23 0.0407) (15 -0.0372) (45 0.0342) (22 -0.0328) (53 0.0304) (50 -0.0288) (11 -0.0277) (14 -0.0247) (78 0.0232) (21 -0.0165) (73 -0.0154) (60 0.015) (13 -0.0149) (71 -0.012) (139 -0.0106) (48 -0.0106) (55 0.0106) 
    0.001511   (138 -0.988) (139 -0.0855) (35 0.0594) (36 -0.0565) (33 -0.0476) (32 0.0396) (37 -0.0309) (54 0.0281) (38 0.0243) (43 0.0237) (39 0.0237) (29 0.0236) (52 0.021) (30 0.0148) (31 -0.0135) (18 0.012) (16 0.0116) (47 -0.0116) (56 -0.0113) 
   0.0015236   (11 -0.896) (12 0.302) (36 -0.265) (35 -0.144) (30 -0.054) (14 0.0512) (34 0.0468) (29 -0.0345) (134 -0.0327) (31 0.0312) (13 0.029) (38 -0.0241) (43 -0.0194) (15 -0.0192) (37 0.0181) (39 -0.014) (46 -0.013) (72 -0.0117) (40 -0.0105) 
   0.0015874   (134 -0.82) (36 -0.439) (35 -0.248) (11 0.175) (12 -0.118) (30 -0.0808) (34 0.0777) (29 -0.0597) (31 0.0507) (38 -0.037) (39 -0.0307) (43 -0.0289) (14 -0.0284) (37 0.0254) (33 0.0194) (32 -0.0187) (25 0.0184) (40 -0.0177) (42 0.0171) (46 -0.0168) (18 -0.0161) (13 -0.0153) (44 0.0138) (24 -0.0125) (55 -0.0123) (22 -0.0119) (16 -0.0112) (53 0.0106) (47 0.0106) 
   0.0018817   (36 0.647) (134 -0.571) (35 0.365) (11 -0.201) (12 0.152) (30 0.119) (34 -0.114) (29 0.0878) (31 -0.0746) (38 0.0546) (39 0.0449) (43 0.0426) (14 0.0379) (37 -0.0375) (33 -0.0285) (32 0.0275) (25 -0.0265) (40 0.0261) (42 -0.0251) (46 0.0249) (18 0.0236) (13 0.0203) (44 -0.0202) (55 0.0181) (24 0.0176) (22 0.0173) (16 0.0162) (47 -0.0156) (53 -0.0154) (19 -0.0145) (17 -0.0136) (48 -0.0124) (78 -0.0121) (51 0.0121) 
   0.0020001   (30 -0.705) (31 0.359) (33 -0.318) (29 -0.274) (32 0.236) (53 0.178) (55 -0.174) (36 0.141) (35 0.117) (28 -0.084) (71 -0.0659) (50 -0.0635) (51 -0.0623) (34 0.0543) (18 -0.0525) (16 -0.0469) (52 0.0466) (25 -0.0422) (24 0.0411) (37 -0.0402) (49 -0.0325) (69 -0.0318) (74 0.0302) (72 0.0296) (48 0.0292) (40 -0.0259) (68 0.0251) (47 0.0229) (46 -0.0227) (60 0.0226) (70 -0.0206) (43 -0.0199) (130 0.019) (73 0.0188) (56 -0.0179) (41 0.0178) (78 -0.0171) (57 -0.017) (20 -0.0165) (21 -0.0145) (65 0.0142) (23 0.0108) 
    0.002073   (71 -0.649) (68 0.306) (74 0.293) (69 -0.27) (130 0.256) (72 0.232) (78 -0.181) (70 -0.173) (53 -0.147) (55 0.133) (66 0.123) (73 0.107) (67 -0.105) (77 -0.104) (60 0.0872) (57 -0.069) (51 0.0653) (63 -0.0648) (56 0.0586) (62 0.0579) (83 -0.055) (80 -0.0548) (41 0.0483) (42 -0.0457) (79 0.0425) (47 -0.0369) (86 -0.0333) (54 0.0311) (61 0.0299) (75 0.0286) (30 0.0273) (59 0.0265) (45 -0.0265) (107 -0.0255) (109 -0.0243) (46 0.0241) (33 0.0236) (64 0.0232) (32 -0.0221) (40 0.0218) (81 0.0197) (48 0.0196) (96 0.0178) (35 -0.0175) (120 -0.0169) (84 0.0167) (89 -0.0163) (87 -0.016) (85 -0.0152) (52 0.0138) (16 -0.0129) (58 -0.0129) (43 0.0119) (36 -0.0113) (91 -0.0113) (100 0.0112) (38 0.0108) (93 -0.0104) 
   0.0022203   (130 0.57) (55 0.467) (53 -0.461) (71 0.212) (50 0.184) (30 -0.172) (69 0.115) (51 0.114) (74 -0.104) (72 -0.0984) (52 -0.0982) (31 0.0831) (73 -0.0731) (33 -0.0714) (42 -0.0703) (49 0.07) (56 0.0691) (29 -0.069) (70 0.0673) (60 -0.0641) (57 0.0616) (48 -0.0615) (68 -0.0574) (32 0.0526) (63 -0.0522) (78 0.0464) (46 0.0464) (65 -0.0455) (34 0.0315) (84 -0.0312) (47 -0.0267) (81 -0.0261) (18 -0.0256) (28 -0.0252) (133 0.0228) (77 0.0209) (131 0.0203) (67 0.0198) (16 -0.019) (88 0.0175) (120 -0.017) (80 0.0168) (64 0.0163) (35 0.0157) (54 0.0155) (24 0.0148) (43 -0.0139) (90 -0.0136) (36 0.0133) (15 -0.0131) (41 0.0131) (75 -0.013) (123 0.0113) (25 -0.0109) (124 0.0108) (127 0.0106) (62 -0.0106) (37 -0.0104) (107 0.0102) 
    0.002351   (130 0.777) (53 0.381) (55 -0.381) (30 0.134) (50 -0.133) (51 -0.103) (56 -0.0693) (31 -0.0675) (42 0.0664) (52 0.066) (63 0.0591) (68 -0.0588) (71 0.0588) (133 0.0566) (29 0.0541) (33 0.0521) (131 0.0491) (49 -0.0488) (46 -0.0414) (48 0.0376) (32 -0.0369) (66 -0.0344) (65 0.0329) (47 0.0313) (41 -0.0262) (34 -0.0255) (78 0.0249) (57 -0.0218) (18 0.0215) (54 -0.0214) (74 -0.0207) (67 0.0201) (28 0.0199) (64 -0.0195) (16 0.0195) (77 0.0186) (73 0.018) (83 0.0176) (60 0.0175) (84 0.0173) (79 -0.0147) (88 -0.013) (86 0.0126) (81 0.0126) (24 -0.0117) (62 -0.0113) (59 -0.0105) (45 0.0103) 
   0.0025825   (23 -0.723) (18 -0.31) (22 -0.29) (25 0.271) (20 -0.239) (56 -0.223) (21 -0.193) (15 -0.122) (16 -0.0946) (29 0.0849) (52 -0.0801) (33 -0.0799) (24 -0.0786) (32 0.0693) (57 -0.0663) (55 0.0506) (43 -0.0481) (47 0.044) (60 0.0349) (30 0.0336) (19 -0.0306) (46 -0.0291) (53 0.0271) (17 -0.0265) (12 0.0264) (78 0.0261) (26 0.0249) (54 -0.0247) (38 -0.0244) (27 -0.0219) (48 -0.0218) (13 -0.0187) (45 0.0164) (37 0.016) (14 -0.0155) (71 -0.0154) (120 -0.0143) (44 0.014) (28 0.0134) (63 -0.0118) (124 -0.011) 
   0.0026581   (60 -0.878) (56 0.31) (57 -0.176) (61 0.132) (55 -0.114) (52 0.113) (59 -0.0876) (78 -0.0868) (23 -0.0792) (47 -0.0662) (132 0.0537) (79 0.0484) (54 0.0475) (63 -0.0447) (18 -0.0429) (71 -0.0407) (46 0.0407) (20 -0.0406) (48 0.0368) (22 -0.0362) (25 0.0318) (45 -0.0318) (62 0.0314) (51 -0.0282) (21 -0.0264) (15 -0.0256) (43 0.0238) (84 -0.0232) (35 -0.0229) (16 -0.0226) (109 0.0225) (64 0.0224) (49 0.0222) (108 -0.0203) (69 -0.0193) (68 0.0183) (80 -0.0181) (125 -0.0179) (73 -0.0164) (72 -0.0164) (50 0.0158) (124 -0.0155) (107 0.0145) (119 0.0143) (65 -0.0135) (77 0.0132) (38 0.0129) (29 0.0122) (40 0.0112) (36 0.0109) (58 0.0105) (24 -0.0103) (90 -0.0102) (110 -0.0102) (82 0.0101) 
   0.0027012   (132 0.762) (56 0.463) (57 0.27) (60 0.205) (52 0.124) (50 -0.115) (23 -0.102) (55 -0.0933) (53 -0.0751) (18 -0.0608) (47 -0.0594) (20 -0.0537) (43 0.0533) (22 -0.0465) (48 0.0429) (78 -0.0403) (71 0.0391) (16 -0.0377) (63 0.0367) (21 -0.0364) (25 0.0363) (41 0.0357) (54 0.0324) (42 0.0315) (61 -0.0313) (45 -0.0299) (15 -0.0248) (51 0.0239) (59 0.0234) (68 -0.0224) (65 0.0216) (131 -0.0212) (84 0.0185) (120 0.0175) (74 -0.0158) (40 0.0157) (44 -0.0148) (64 -0.0136) (12 0.0123) (33 0.0121) (38 0.0117) (77 0.0113) (32 -0.0107) (70 -0.0104) 
   0.0028784   (132 0.645) (56 -0.572) (57 -0.303) (60 -0.167) (52 -0.156) (50 0.133) (23 0.127) (55 0.12) (53 0.0891) (47 0.0758) (18 0.0753) (20 0.0668) (43 -0.0649) (22 0.0579) (78 0.0543) (48 -0.0538) (16 0.0464) (25 -0.0455) (21 0.0452) (71 -0.043) (54 -0.0424) (41 -0.041) (63 -0.0395) (45 0.038) (42 -0.0374) (15 0.0315) (124 -0.0306) (120 -0.0274) (125 -0.0269) (61 0.0258) (51 -0.0256) (68 0.025) (65 -0.0244) (84 -0.0208) (59 -0.0201) (40 -0.0195) (74 0.0193) (122 0.0187) (44 0.0167) (131 -0.0161) (12 -0.0151) (38 -0.0149) (77 -0.0145) (64 0.0142) (46 -0.0141) (33 -0.014) (70 0.013) (127 -0.0128) (107 0.0126) (32 0.0126) (35 0.0125) (69 -0.0101) (24 0.0101) 
   0.0035724   (40 0.883) (66 -0.22) (43 -0.159) (65 -0.154) (41 -0.151) (39 0.15) (84 -0.135) (63 -0.12) (38 0.0814) (57 0.0766) (44 0.0751) (47 0.0579) (33 0.0439) (64 0.0436) (87 0.0395) (32 -0.0361) (52 -0.0347) (30 -0.0342) (16 -0.0323) (67 0.0323) (31 0.029) (50 0.0287) (129 0.0277) (69 -0.0251) (45 0.0239) (18 -0.0238) (51 -0.0228) (55 -0.0228) (70 -0.0228) (71 -0.022) (29 -0.0218) (96 0.0205) (46 -0.0191) (20 -0.0181) (78 0.0175) (91 -0.0163) (53 0.0162) (73 -0.0162) (25 -0.0157) (109 -0.0147) (37 0.0141) (15 0.0133) (23 0.0132) (90 0.0127) (42 -0.0127) (68 0.0126) (107 -0.0121) (35 -0.0106) (82 0.0102) 
   0.0037721   (84 -0.86) (129 0.337) (66 0.193) (87 0.169) (65 0.129) (63 0.102) (78 0.0884) (57 -0.0708) (90 0.0632) (85 0.0561) (107 -0.0516) (109 -0.0504) (91 -0.0482) (40 -0.0465) (96 0.0396) (43 0.0386) (52 0.0386) (92 0.0381) (64 -0.0368) (120 0.0336) (60 0.0329) (86 -0.0325) (47 -0.0323) (67 -0.0306) (127 -0.0264) (103 -0.0255) (123 -0.0246) (41 0.022) (88 0.022) (50 -0.0203) (56 0.0203) (83 0.0199) (77 -0.0199) (89 -0.019) (94 -0.0188) (126 0.0187) (93 -0.0186) (69 0.0171) (48 0.0165) (72 -0.0157) (54 0.0155) (44 -0.0154) (45 -0.0152) (112 0.0143) (117 -0.0141) (102 0.0134) (39 -0.0133) (114 0.0133) (42 0.0132) (49 -0.0124) (110 0.0117) (111 -0.0116) (105 -0.0114) (119 -0.011) (100 0.0109) (61 -0.0106) 
   0.0039619   (129 0.69) (66 0.397) (84 0.385) (65 0.265) (40 0.21) (63 0.194) (50 0.0969) (87 -0.0832) (57 -0.082) (64 -0.0714) (78 -0.0584) (67 -0.0581) (70 0.0568) (71 0.0565) (69 0.0525) (41 -0.0474) (39 0.0399) (90 -0.0387) (127 -0.0385) (91 0.0352) (109 0.0322) (96 -0.03) (85 -0.0296) (73 0.0282) (107 0.0253) (68 -0.025) (52 0.0248) (43 -0.0243) (38 0.0238) (42 -0.0233) (79 0.0211) (46 0.0206) (49 0.0203) (48 -0.0186) (74 -0.0182) (92 -0.0174) (76 -0.0171) (103 0.0156) (86 0.0148) (33 0.0145) (18 -0.0137) (94 0.0129) (56 0.0127) (30 -0.0123) (59 -0.0121) (80 -0.0117) (82 -0.0114) (15 -0.0109) (45 0.0108) (32 -0.0106) (61 -0.0104) 
   0.0040582   (129 0.637) (66 -0.523) (65 -0.35) (63 -0.26) (40 -0.242) (57 0.124) (64 0.0951) (50 -0.0938) (67 0.0778) (70 -0.0649) (69 -0.0648) (71 -0.0556) (84 0.0477) (52 -0.0464) (41 0.0458) (39 -0.0427) (38 -0.0338) (73 -0.0324) (68 0.0275) (46 -0.0267) (127 -0.0253) (56 -0.0246) (60 -0.0243) (33 -0.0211) (79 -0.0191) (76 0.019) (42 0.0182) (109 -0.0177) (18 0.0176) (16 0.017) (61 0.0167) (30 0.0166) (32 0.0166) (59 0.0157) (74 0.0152) (49 -0.0146) (47 0.0143) (96 0.0142) (78 0.0141) (35 0.0135) (91 -0.0133) (93 0.0127) (20 0.0126) (43 0.0123) (15 0.0117) (83 -0.0116) (29 0.0115) (82 0.0111) (54 -0.0111) (48 0.0105) (80 0.0103) 
    0.004124   (105 0.589) (96 -0.326) (103 0.282) (123 -0.266) (101 0.202) (108 -0.194) (110 -0.189) (106 -0.174) (119 0.171) (107 -0.168) (99 -0.154) (112 -0.15) (122 0.144) (98 -0.136) (102 -0.116) (117 -0.11) (124 0.107) (97 -0.094) (109 -0.088) (114 -0.0836) (120 -0.0805) (111 -0.0725) (50 0.0686) (121 -0.0681) (100 -0.0639) (90 -0.0562) (115 -0.0528) (94 0.0505) (91 -0.0464) (113 0.045) (118 -0.0391) (116 -0.0299) (84 -0.0297) (104 -0.0295) (82 -0.0288) (72 -0.028) (93 -0.0234) (92 -0.023) (55 -0.0195) (89 0.0187) (71 -0.0187) (85 -0.0157) (80 -0.0148) (60 0.0146) (53 0.0143) (51 -0.0135) (81 -0.0132) (56 0.0127) (49 0.0117) (66 -0.0104) (83 0.0103) (78 0.01) 
    0.004269   (143 0.824) (142 0.563) (139 0.0522) (123 -0.0242) (96 0.0119) (141 -0.0112) (122 0.0109) 
   0.0043482   (50 0.853) (55 -0.201) (49 0.161) (51 -0.148) (53 0.146) (56 0.141) (72 -0.123) (48 -0.119) (60 0.0978) (40 -0.0898) (71 -0.0882) (46 0.0845) (57 0.0835) (42 -0.0736) (123 0.0687) (52 0.068) (15 -0.0641) (84 -0.0599) (63 -0.0585) (41 -0.0559) (45 0.0532) (107 0.0528) (65 -0.0523) (66 -0.052) (119 -0.0513) (82 -0.0513) (105 -0.0488) (70 -0.0426) (96 -0.0424) (122 -0.0401) (124 -0.0383) (54 -0.0365) (109 0.0364) (80 -0.0319) (117 0.03) (43 -0.0282) (23 -0.0263) (87 -0.0257) (90 -0.025) (68 0.0248) (47 0.0238) (74 0.0235) (81 -0.0231) (31 -0.0228) (103 -0.0227) (108 0.0226) (59 0.0224) (16 0.0214) (101 -0.0211) (120 0.0205) (121 0.0202) (92 0.0199) (79 0.0193) (112 -0.0192) (64 0.0191) (69 -0.019) (115 0.0173) (111 -0.0161) (38 -0.0161) (83 0.016) (73 0.0143) (12 0.0139) (110 0.0134) (78 0.0124) (39 -0.012) (91 0.0117) (13 -0.011) (104 -0.011) (99 0.0108) (85 -0.0107) 
   0.0043934   (72 -0.575) (46 0.428) (45 0.319) (80 -0.303) (81 -0.294) (50 -0.182) (71 -0.179) (83 0.157) (93 -0.154) (87 -0.129) (44 0.0805) (98 -0.0754) (76 0.0722) (77 0.0691) (79 0.0681) (48 0.0679) (78 0.0617) (113 -0.0562) (42 -0.0561) (49 -0.0541) (70 -0.0506) (41 -0.0489) (97 0.0472) (107 0.047) (109 -0.0441) (100 0.0424) (105 -0.0385) (89 0.0358) (47 0.0339) (66 0.0332) (60 0.0309) (90 0.0298) (85 -0.0297) (75 -0.0275) (69 0.0255) (96 0.025) (123 -0.0249) (156 0.0244) (43 -0.0243) (63 -0.0241) (73 -0.0231) (54 0.0223) (119 0.0223) (51 0.0205) (68 0.0203) (82 -0.0199) (91 -0.0183) (101 -0.0181) (74 0.0179) (114 0.0173) (115 -0.0159) (57 -0.0156) (117 -0.0154) (122 0.0149) (103 0.014) (52 0.014) (104 0.0134) (99 0.0115) (67 -0.0113) (19 -0.0111) (110 0.0109) (36 -0.0103) 
    0.004534   (156 0.999) (46 -0.0264) (45 -0.0196) 
   0.0046733   (46 0.62) (72 0.482) (45 0.459) (80 0.153) (71 0.142) (81 0.128) (79 -0.125) (44 0.119) (42 -0.102) (87 0.094) (41 -0.0825) (47 0.072) (109 0.0689) (83 -0.0678) (43 -0.0673) (90 0.059) (40 -0.0543) (78 -0.0507) (48 0.0445) (70 0.0444) (66 -0.0443) (113 0.044) (98 0.0403) (85 0.0367) (63 0.0341) (100 -0.03) (107 -0.0299) (105 0.0281) (96 -0.0276) (76 -0.0273) (36 -0.0269) (49 -0.0263) (12 0.0257) (156 0.025) (15 -0.0233) (57 0.0225) (69 -0.0218) (38 -0.0212) (123 0.0207) (75 0.0195) (73 0.0188) (117 0.0178) (114 -0.0167) (50 -0.0164) (110 -0.0162) (93 -0.016) (86 -0.0158) (122 -0.0157) (115 0.0155) (68 -0.0149) (60 -0.014) (54 -0.0133) (35 0.0128) (118 -0.0128) (119 -0.0126) (23 -0.0122) (91 -0.012) (77 -0.0119) (67 0.0119) (97 -0.0118) (56 0.0118) (104 -0.0113) (101 0.0113) (84 -0.0111) (102 0.0102) (124 -0.01) 
    0.004717   (19 0.961) (136 -0.258) (20 0.053) (18 -0.0442) (15 0.0358) (23 -0.0295) (16 -0.0284) (17 0.0262) (7 0.0189) (25 0.0179) (36 0.0151) (12 0.0132) (46 0.0114) (30 0.011) 
   0.0049484   (136 -0.966) (19 -0.257) (20 -0.0141) (18 0.0118) 
   0.0051481   (7 -1) (19 0.0172) 
   0.0053485   (5 -1) 
   0.0053771   (30 -0.46) (35 0.395) (135 0.319) (33 0.302) (32 -0.297) (28 0.282) (31 -0.231) (25 0.228) (12 -0.218) (29 0.187) (24 -0.132) (36 -0.124) (34 -0.102) (11 -0.0884) (37 0.0769) (14 -0.0683) (17 0.0601) (27 -0.0598) (38 -0.0419) (13 -0.0376) (18 0.0363) (78 0.0334) (20 0.0319) (21 0.0318) (16 0.0303) (43 -0.03) (44 0.0268) (26 0.0256) (40 -0.0254) (42 0.0251) (47 0.0187) (48 0.0126) (39 0.0125) (79 -0.0123) (15 0.0119) (71 -0.0108) 
   0.0054421   (135 0.948) (30 0.155) (35 -0.133) (33 -0.102) (32 0.1) (28 -0.0952) (31 0.0778) (25 -0.077) (12 0.0736) (29 -0.063) (24 0.0446) (36 0.0418) (34 0.0345) (11 0.0298) (37 -0.0259) (14 0.0231) (17 -0.0203) (27 0.0202) (38 0.0141) (13 0.0127) (18 -0.0122) (78 -0.011) (20 -0.0108) (21 -0.0107) (16 -0.0102) (43 0.0101) 
   0.0056927   (10 -0.748) (17 -0.599) (12 -0.166) (16 0.161) (25 -0.0693) (20 -0.0681) (11 -0.0624) (24 0.0569) (15 0.0506) (14 -0.0484) (18 -0.0456) (21 -0.0318) (19 0.0259) (13 -0.0249) (35 0.0171) (28 -0.0124) (30 -0.0109) (78 0.0108) 
   0.0058163   (145 -0.999) (10 0.0269) (17 -0.0238) 
    0.006185   (17 0.683) (10 -0.663) (16 -0.183) (12 0.155) (20 0.0814) (25 0.0812) (24 -0.0654) (11 0.0623) (18 0.0529) (14 0.0527) (15 -0.0509) (21 0.0379) (145 -0.0374) (13 0.0331) (19 -0.0288) (35 -0.0199) (78 -0.0143) (30 0.0142) (28 0.0129) (37 -0.0124) (33 -0.0101) 
   0.0064655   (14 0.796) (13 0.38) (12 -0.315) (41 0.259) (42 0.19) (45 0.0605) (15 -0.05) (11 -0.0481) (47 0.0474) (50 0.0445) (40 0.0407) (46 0.0349) (48 -0.0223) (38 0.0185) (35 -0.0182) (29 0.0162) (31 0.0143) (60 -0.0112) (36 0.0106) (44 0.0105) (109 -0.0103) 
   0.0069771   (144 -0.999) (41 0.0295) (42 0.0237) (14 -0.0152) 
   0.0073371   (41 -0.689) (42 -0.555) (14 0.308) (45 -0.148) (13 0.142) (47 -0.121) (40 -0.12) (50 -0.0898) (46 -0.079) (35 0.0698) (38 -0.0563) (12 -0.0523) (48 0.0498) (15 -0.0442) (144 -0.0435) (36 -0.0419) (29 -0.0417) (18 -0.0385) (44 -0.0358) (39 0.034) (74 0.0301) (31 -0.0292) (25 -0.0274) (33 0.0262) (23 -0.0255) (59 -0.0234) (60 0.023) (17 -0.0211) (49 -0.0202) (109 0.0186) (80 0.0174) (56 0.0167) (28 -0.016) (24 0.016) (52 0.016) (79 0.015) (81 -0.0149) (16 -0.0145) (32 -0.0145) (61 -0.0144) (67 0.014) (65 0.0137) (84 -0.0136) (55 -0.0135) (21 -0.0118) (107 0.0115) (75 0.0115) (68 0.0113) (86 -0.0108) (11 0.0104) (77 0.0103) (63 -0.0102) 
   0.0077168   (13 0.85) (14 -0.416) (31 0.246) (29 0.182) (32 -0.0728) (41 -0.0295) (30 0.0282) (37 -0.0276) (35 0.0226) (12 -0.0219) (15 -0.0194) (33 0.0175) (67 0.0162) (137 -0.0136) (68 0.011) (34 0.0108) (40 -0.0103) 
   0.0084679   (137 -0.991) (31 0.0947) (29 0.0692) (13 -0.0514) (32 -0.0256) (14 0.0223) (41 -0.0117) (30 0.0109) 

 Largest eigenvalues
       61.01   (163 0.244) (164 0.957) 
      28.195   (12 0.422) (78 -0.32) 
        15.3   (12 -0.306) (78 -0.74) (79 0.289) 
      13.513   (107 0.489) (109 0.732) 
      4.5662   (96 -0.29) (119 -0.377) (122 -0.294) (123 0.546) (124 -0.288) 
      1.4618   (163 0.97) (164 -0.241) 
      1.2236   (162 0.996) 
      1.1471   (165 0.997) 
      1.1418   (90 0.377) (91 0.82) 
      1.1348   (101 0.764) (106 0.5) 
      1.1314   (101 0.353) (106 -0.784) 
      0.9229   (111 0.343) (115 -0.775) 
     0.91033   (104 0.835) (105 0.29) 
      0.8639   (99 -0.606) (100 -0.463) (103 -0.287) 
     0.85688   (111 -0.579) (112 0.329) 
     0.75973   (110 -0.476) (111 0.317) (115 0.343) (120 0.305) (139 0.289) 
     0.67279   (110 0.713) (111 0.3) 
     0.67017   (96 -0.753) (97 -0.221) (99 0.28) (110 0.225) 
     0.66348   (114 -0.497) (125 0.323) (126 0.462) (139 0.386) 
     0.59979   (111 -0.341) (112 -0.517) (114 0.499) 
      0.5768   (108 0.594) (112 0.342) (114 0.507) 
     0.57164   (108 -0.675) (110 -0.286) (112 0.401) 
     0.56811   (114 -0.347) (122 -0.365) (123 -0.38) (127 -0.29) (131 -0.287) (133 0.379) 
     0.56796   (122 0.426) (124 -0.488) (125 -0.479) 
     0.55176   (118 0.341) (119 0.308) (120 0.589) (121 -0.313) (124 0.296) 
     0.53481   (117 -0.639) (118 -0.499) 
     0.51994   (116 0.428) (117 0.316) (119 -0.428) (122 0.363) (125 0.291) (127 0.304) (133 0.308) 
     0.49423   (116 -0.649) (126 0.291) (139 -0.299) 
     0.49331   (116 0.545) (122 -0.326) (126 0.392) (139 -0.349) 
       0.428   (92 0.97) 
     0.40659   (121 -0.324) (125 -0.268) (127 -0.391) (139 -0.39) 
     0.32907   (94 -0.926) (103 0.217) 
     0.31677   (94 0.328) (103 0.689) (104 0.337) (105 -0.396) 
      0.3036   (102 -0.822) 
     0.28017   (98 -0.461) (113 0.328) (118 0.263) (127 -0.268) 
     0.25155   (79 -0.33) (87 -0.658) 
     0.23206   (79 0.481) (98 0.546) 
     0.23029   (79 -0.482) (87 0.597) 
     0.21927   (98 -0.379) (107 0.358) (113 -0.574) 
     0.17149   (90 -0.759) (91 0.3) (93 0.395) 
     0.15275   (90 0.32) (97 -0.537) (107 -0.344) 
      0.1443   (93 -0.624) (107 -0.32) 
      0.1342   (85 -0.723) (86 0.517) 
     0.12784   (88 -0.307) (89 -0.693) (93 0.342) (97 0.298) 
     0.12095   (72 -0.374) (79 0.376) (80 0.331) (81 0.486) (83 -0.405) 
     0.11235   (76 0.279) (77 0.33) (80 -0.319) 
      0.1099   (59 0.337) (65 0.307) (69 -0.336) (76 -0.305) 
      0.1052   (58 0.534) (59 -0.545) 
     0.10117   (58 -0.571) (63 0.285) (65 -0.285) (68 0.206) (69 0.273) (80 0.214) (83 0.268) 
    0.094451   (58 0.43) (59 0.351) (76 0.279) (97 -0.279) 
    0.089253   (58 -0.373) (59 -0.572) 
     0.07961   (59 0.324) (63 0.394) (65 -0.379) 
    0.076863   (64 -0.776) (68 0.228) (76 -0.214) (83 -0.213) 
    0.073883   (61 -0.551) (62 0.403) (64 0.311) (65 0.29) (69 0.294) 
    0.072894   (61 0.663) (64 0.233) (65 0.254) (69 0.244) 
    0.066447   (61 -0.299) (76 0.247) (118 0.287) 
     0.06338   (68 0.309) (74 -0.35) (77 0.334) 
    0.061167   (61 -0.23) (62 -0.592) (69 0.238) (76 -0.214) (80 -0.242) (81 0.227) (86 -0.235) 
    0.058857   (62 0.541) (68 -0.294) (74 0.33) 
    0.055592   (62 -0.26) (67 -0.312) (68 0.398) (69 -0.294) (71 0.331) (76 0.291) (77 -0.307) 
    0.053298   (67 0.432) (74 -0.376) (81 -0.342) 
    0.050032   (67 -0.54) (76 -0.3) (77 0.333) 
    0.047816   (67 0.522) (68 0.34) 
    0.046255   (74 -0.277) (76 0.309) (81 0.34) (83 0.286) 
     0.04398   (34 -0.865) (42 -0.314) 
    0.042169   (34 0.436) (41 0.507) (42 -0.573) 
    0.041495   (75 0.456) (88 0.277) (121 0.303) 
    0.040622   (48 -0.304) (49 -0.32) (51 -0.546) (75 -0.415) 
    0.032337   (51 0.473) (75 -0.556) 
    0.031748   (26 -0.369) (27 -0.761) 
    0.029445   (26 -0.708) (27 0.514) 
    0.027565   (26 0.484) (43 0.286) (44 0.411) (88 -0.332) 
     0.02641   (32 0.571) (33 0.566) 
    0.021639   (43 -0.317) (44 -0.502) (75 0.317) (88 -0.414) 
    0.020737   (120 -0.361) (131 0.695) (133 0.385) 
    0.020648   (128 -0.578) (160 -0.809) 
    0.019346   (128 -0.577) (160 0.311) (161 0.755) 
    0.017754   (128 -0.577) (160 0.498) (161 -0.647) 
    0.015461   (15 -0.924) (16 0.339) 
    0.014971   (140 0.997) 
