 1 31.6228
 2 24.0677
 3 0.973214
 4 31.6228
 5 26.1571
 6 1.53972
 7 31.6228
 8 2.06162
 9 30.5234
 10 30.2142
 11 1.8604
 12 21.3673
 13 31.6228
 14 31.6187
 15 0.902185
 16 31.6228
 17 31.6151
 18 0.90593
 19 31.6228
 20 31.4729
 21 1.08004
 22 31.6228
 23 31.5939
 24 0.938907
 25 14.6392
 26 16.0136
 27 1.34187
 28 31.5386
 29 18.5371
 30 4.84992
 31 21.4693
 32 9.61769
 33 16.9228
 34 14.1724
 35 14.6285
 36 7.3866
 37 31.4932
 38 31.6028
 39 1.32146
 40 24.5481
 41 31.2227
 42 1.28814
 43 21.3557
 44 29.3287
 45 1.54361
 46 31.5828
 47 28.9732
 48 4.23567
 49 30.421
 50 13.1156
 51 16.2982
 52 7.7657
 53 30.8617
 54 17.014
 55 7.30754
 56 14.1986
 57 25.459
 58 8.70817
 59 10.9943
 60 7.8651
 61 4.47143
 62 1.32797
 63 21.1298
 64 13.5491
 65 0.988375
 66 23.3173
 67 28.2168
 68 4.98634
 69 31.6225
 70 31.6228
 71 31.5774
 72 1.33533
 73 31.6192
 74 3.84856
 75 29.3008
 76 30.9778
 77 1.54255
 78 28.2328
 79 31.5897
 80 3.33967
 81 29.729
 82 31.4222
 83 23.1325
 84 1.31974
 85 11.1524
 86 1.41006
 87 31.3704
 88 1.16212
 89 1.09737
 90 1.30274
 91 2.37137
 92 20.5598
 93 26.9924
 94 18.0988
 95 27.6512
 96 29.5106
 97 15.8538
 98 14.9391
 99 9.34331
 100 28.0199
 101 30.5718
 102 9.08469
 103 12.7687
 104 11.8008
 105 11.0669
 106 12.8716
 107 12.7668
 108 12.8652
 109 10.6243
 110 8.38083
 111 13.346
 112 14.1077
 113 13.5496
 114 12.9058
 115 12.6227
 116 10.4669
 117 12.8915
 118 13.4154
 119 12.1373
 120 10.0111
 121 10.4292
 122 6.85728
 123 6.47656
 124 5.89312
 125 5.40698
 126 6.43375
 127 4.48587
 128 8.73613
 129 6.83167
 130 6.59904
 131 4.32187
 132 4.36204
 133 4.37612
 134 5.31732
 135 2.76068
 136 6.34711
 137 3.12572
 138 2.91405
 139 2.79898
 140 3.27263
 141 3.07397
 142 2.73103
 143 2.74149
 144 4.07326
 145 3.89341
 146 3.26647
 147 3.06531
 148 3.97159
 149 3.89722
 150 3.24109
 151 3.49578
 152 4.3404
 153 4.94052
 154 3.61395
 155 4.26645
 156 4.45948
 157 5.7741
 158 0.256883
 159 0.240426
 160 1.37242
 161 3.56052
 162 6.44051
 163 7.08264
 164 10.9088
 165 0.642892
