 1 66758.1
 2 610.217
 3 1.94217
 4 421199
 5 720.881
 6 16.3472
 7 1.34966e+06
 8 56.549
 9 1586.71
 10 2773.71
 11 31.7496
 12 748.019
 13 1.51135e+06
 14 11481.9
 15 0.814099
 16 879942
 17 5665.54
 18 0.934828
 19 214091
 20 3103.43
 21 14.208
 22 409658
 23 4318.24
 24 3.512
 25 242.157
 26 317.357
 27 8.20095
 28 3571.38
 29 456.953
 30 97.6941
 31 473.175
 32 232.871
 33 432.353
 34 219.087
 35 313.758
 36 146.454
 37 1522.49
 38 3179.54
 39 3.5958
 40 945.292
 41 5124.03
 42 1.81629
 43 640.046
 44 1503.7
 45 11.8753
 46 4841.01
 47 2965.8
 48 265.477
 49 1884.54
 50 189.13
 51 424.216
 52 179.52
 53 3417.45
 54 334.811
 55 156.592
 56 353.34
 57 683.242
 58 87.8708
 59 184.255
 60 126.144
 61 22.2374
 62 1.7814
 63 468.827
 64 212.468
 65 1.93438
 66 583.005
 67 3383.94
 68 424.889
 69 110499
 70 513233
 71 3215.35
 72 4.71476
 73 20350
 74 382.885
 75 4402.45
 76 5334.89
 77 13.7224
 78 1524.04
 79 8008.68
 80 169.644
 81 2272.7
 82 2514.72
 83 662.106
 84 2.22125
 85 151.964
 86 2.70235
 87 3250.11
 88 1.79779
 89 1.70052
 90 2.00818
 91 8.65046
 92 575.584
 93 1217.15
 94 608.444
 95 1346.26
 96 1629.14
 97 320.638
 98 271.703
 99 137.937
 100 973.437
 101 1611.68
 102 110.158
 103 182.535
 104 159.683
 105 140.439
 106 178.539
 107 177.232
 108 180.388
 109 132.484
 110 97.2853
 111 196.268
 112 209.278
 113 195.165
 114 180.778
 115 179.205
 116 136.119
 117 187.845
 118 197.79
 119 164.911
 120 116.056
 121 118.814
 122 50.8178
 123 43.7627
 124 38.818
 125 32.2334
 126 44.4982
 127 26.183
 128 85.0376
 129 56.0061
 130 50.5177
 131 21.474
 132 20.0089
 133 20.1983
 134 29.7927
 135 9.10012
 136 41.4907
 137 11.0316
 138 9.48312
 139 8.8225
 140 11.7279
 141 11.4785
 142 9.0445
 143 8.96049
 144 17.8872
 145 16.1488
 146 11.7161
 147 10.5532
 148 17.2346
 149 16.4424
 150 11.643
 151 13.5923
 152 20.0123
 153 26.2776
 154 14.3881
 155 19.4124
 156 21.1106
 157 34.5805
 158 0.373001
 159 0.0951537
 160 2.79586
 161 19.8934
 162 62.5561
 163 66.4683
 164 134.785
 165 2.20457
