 1 1000
 2 585.446
 3 1.89676
 4 1000
 5 701.006
 6 15.9196
 7 1000
 8 34.7193
 9 962.946
 10 926.737
 11 20.8236
 12 488.067
 13 1000
 14 999.788
 15 0.813951
 16 1000
 17 999.632
 18 0.839882
 19 1000
 20 994.8
 21 5.16348
 22 1000
 23 998.918
 24 1.46252
 25 225.746
 26 279.924
 27 7.28285
 28 995.568
 29 414.601
 30 89.0897
 31 469.041
 32 228.19
 33 423.135
 34 208.125
 35 301.082
 36 140.03
 37 992.48
 38 999.268
 39 2.25749
 40 613.203
 41 977.913
 42 1.6996
 43 479.06
 44 885.166
 45 7.56954
 46 998.46
 47 911.729
 48 90.6437
 49 938.555
 50 186.927
 51 345.027
 52 145.851
 53 962.31
 54 295.526
 55 125.805
 56 278.825
 57 678.963
 58 86.3027
 59 181.332
 60 123.957
 61 22.2132
 62 1.78122
 63 458.058
 64 211.793
 65 1.92235
 66 571.638
 67 886.862
 68 115.495
 69 999.99
 70 1000
 71 998.233
 72 2.64015
 73 999.841
 74 78.9383
 75 922.848
 76 964.297
 77 7.27983
 78 810.772
 79 998.556
 80 62.2642
 81 935.611
 82 989.582
 83 564.033
 84 2.09322
 85 130.31
 86 2.55734
 87 989.186
 88 1.79767
 89 1.70051
 90 2.00801
 91 8.08861
 92 489.689
 93 814.269
 94 448.87
 95 833.79
 96 912.498
 97 297.474
 98 268.507
 99 137.129
 100 825.88
 101 952.752
 102 105.803
 103 180.098
 104 157.789
 105 139.764
 106 177.607
 107 176.228
 108 179.512
 109 131.485
 110 95.8794
 111 195.548
 112 208.441
 113 194.567
 114 180.459
 115 178.738
 116 135.551
 117 187.564
 118 197.521
 119 164.734
 120 115.247
 121 118.213
 122 50.3599
 123 43.49
 124 38.5507
 125 31.7376
 126 44.0183
 127 25.2523
 128 84.2898
 129 55.5087
 130 49.7448
 131 21.3041
 132 19.849
 133 20.0367
 134 29.2615
 135 8.95414
 136 41.1875
 137 10.8521
 138 9.34653
 139 8.65401
 140 11.5332
 141 11.0769
 142 8.83789
 143 8.75949
 144 17.6538
 145 15.9361
 146 11.5161
 147 10.3193
 148 16.977
 149 16.1711
 150 11.4599
 151 13.3559
 152 19.7307
 153 25.6302
 154 14.0708
 155 19.1843
 156 20.9557
 157 34.3515
 158 0.304893
 159 0.0925727
 160 2.73409
 161 18.659
 162 53.9437
 163 63.4224
 164 132.208
 165 2.18817
