 Smallest eigenvalues
  6.6166e-07   (9 1) 
  7.4093e-07   (46 0.708) (45 -0.514) (47 0.333) (38 0.229) (40 0.132) (49 0.107) (41 -0.0797) (59 -0.0628) (32 -0.0606) (53 -0.0527) (44 0.0435) (52 0.0431) (157 0.0418) (37 0.0405) (50 -0.039) (77 -0.0382) (54 0.0359) (42 -0.0345) (14 0.0345) (31 -0.0305) (76 0.0302) (18 -0.0299) (57 -0.0296) (21 -0.0274) (26 0.0263) (27 -0.0234) (51 -0.023) (73 -0.0229) (11 -0.0216) (36 -0.0206) (39 -0.0203) (30 0.0203) (20 -0.0195) (95 0.0179) (74 0.0158) (23 -0.0128) (29 0.0121) (75 -0.0119) (68 0.0113) (16 0.0111) (17 0.0103) (60 -0.0103) 
  1.1364e-06   (157 0.999) (46 -0.0296) (45 0.0216) (47 -0.0139) 
  1.9484e-06   (5 1) 
  2.3742e-06   (43 -0.772) (42 -0.348) (38 0.304) (45 0.254) (40 0.174) (41 -0.161) (154 -0.144) (39 -0.117) (47 0.0879) (44 0.0771) (46 -0.0632) (32 -0.0622) (37 0.0445) (59 -0.0343) (76 0.0321) (26 0.0305) (14 0.0304) (50 -0.0288) (18 -0.0288) (49 0.0271) (31 -0.0252) (21 -0.0235) (11 -0.0186) (27 -0.0176) (53 -0.016) (20 -0.0156) (57 -0.0146) (73 -0.0145) (95 0.0142) (33 -0.0138) (77 -0.0134) (55 -0.0129) (23 -0.0118) (34 0.0112) (51 0.011) 
  2.4411e-06   (154 -0.99) (43 0.113) (42 0.0508) (38 -0.0444) (45 -0.0371) (40 -0.0254) (41 0.0236) (39 0.0171) (47 -0.0128) (44 -0.0112) 
  4.6709e-06   (2 -1) 
  9.0277e-06   (152 0.983) (34 0.171) (32 -0.0508) (31 -0.0273) (38 -0.0147) (36 0.0127) (30 0.0117) (33 0.0113) (26 0.011) 
  1.4979e-05   (34 -0.915) (32 0.271) (152 0.184) (31 0.146) (38 0.0786) (36 -0.0681) (30 -0.0625) (33 -0.0606) (26 -0.0589) (29 0.0392) (37 0.0354) (18 0.0335) (21 0.0288) (50 0.0277) (52 0.0275) (27 0.0247) (14 -0.0246) (20 0.0208) (76 -0.0198) (45 -0.0183) (43 -0.0156) (47 -0.015) (48 -0.0149) (40 0.014) (53 -0.0132) (23 0.0131) (41 -0.0131) (51 0.0125) (11 0.0125) (54 0.0116) (22 0.0116) (39 -0.0112) (59 0.0111) (95 -0.0106) (16 -0.0105) (73 0.0102) 
  4.3927e-05   (24 -0.615) (25 -0.592) (23 -0.309) (49 -0.3) (19 0.121) (21 -0.11) (52 0.104) (51 -0.0964) (26 -0.0781) (50 0.0755) (33 0.0697) (18 0.0497) (56 -0.0431) (39 -0.0418) (47 -0.0417) (22 0.0402) (27 -0.0361) (30 0.034) (71 0.0316) (54 -0.0302) (29 0.03) (36 0.0292) (46 0.0281) (77 -0.0273) (59 -0.0265) (13 -0.0261) (40 0.0242) (55 -0.0234) (45 -0.02) (76 0.0162) (41 -0.014) (28 -0.0134) (66 -0.0129) (63 -0.0121) (32 -0.0119) (67 -0.0117) (61 0.0114) (80 0.0114) (79 -0.0109) (48 0.0103) 
  8.5641e-05   (151 -0.98) (49 -0.15) (52 0.059) (51 -0.054) (24 0.0469) (25 0.0457) (50 0.0414) (56 -0.0247) (23 0.0225) (38 0.0205) (54 -0.02) (47 -0.0179) (55 -0.0174) (59 -0.0141) (46 0.0133) 
  0.00011557   (49 0.748) (52 -0.295) (51 0.27) (24 -0.229) (25 -0.223) (50 -0.207) (151 -0.197) (56 0.124) (23 -0.11) (38 -0.102) (54 0.0999) (47 0.0892) (55 0.087) (59 0.0708) (46 -0.0666) (71 -0.0493) (26 -0.0482) (19 0.0403) (77 0.038) (18 0.0345) (33 0.0327) (57 0.0289) (41 0.0283) (45 0.028) (76 -0.0269) (21 -0.0249) (37 -0.0249) (32 0.0246) (75 0.0229) (81 0.0223) (40 -0.0216) (95 -0.0216) (42 0.0207) (39 0.0205) (79 0.0203) (36 -0.0189) (67 0.0188) (68 -0.0178) (73 0.0173) (69 -0.0165) (61 -0.0162) (63 0.0156) (44 0.0151) (14 -0.0142) (22 0.0136) (70 -0.0135) (78 0.0123) (13 -0.0122) (43 -0.0121) (65 -0.0119) (66 0.0115) (72 -0.0112) (88 -0.0104) (31 0.0104) (30 0.0103) (64 -0.0101) 
  0.00016272   (1 1) 
  0.00017033   (11 -0.985) (14 -0.142) (17 -0.038) (18 0.038) (21 0.0337) (13 -0.0334) (15 -0.029) (38 -0.0259) (20 0.0246) (32 0.023) (23 0.0211) (27 0.0141) (26 -0.014) (24 -0.0115) (39 0.0107) (16 -0.0104) 
  0.00017585   (161 1) 
  0.00018642   (3 1) 
  0.00023248   (14 0.731) (16 -0.601) (15 0.227) (13 0.113) (17 -0.107) (11 -0.0951) (18 0.0795) (21 0.0617) (20 0.042) (23 0.0408) (32 0.0311) (38 -0.0275) (24 -0.0251) (27 0.0239) (19 -0.0227) (26 -0.0189) (33 0.0154) (31 0.0117) (45 0.0115) (37 -0.01) (39 0.01) 
  0.00027064   (160 1) 
  0.00027875   (7 -1) 
  0.00028194   (24 0.707) (25 -0.651) (21 -0.145) (23 -0.101) (20 -0.0896) (30 -0.0804) (26 -0.0754) (18 -0.0675) (155 0.0653) (36 0.0642) (14 0.0468) (27 0.0443) (22 -0.0369) (19 0.0351) (31 0.0317) (11 -0.0269) (32 0.0268) (52 0.0196) (38 -0.0164) (17 0.0163) (51 0.0126) (50 0.0114) (45 0.0106) (35 -0.0103) 
  0.00028781   (155 0.998) (24 -0.0463) (25 0.0426) 
  0.00030636   (6 -1) 
   0.0003152   (17 0.984) (14 0.103) (21 0.0853) (20 0.0622) (15 0.0505) (11 -0.0473) (18 0.0431) (158 -0.0248) (27 0.0231) (36 0.019) (13 0.0162) (31 0.0157) (28 0.0145) (23 -0.0135) (19 -0.0124) (45 0.0122) (24 -0.012) (30 -0.012) (38 -0.011) 
  0.00031982   (158 -0.999) (159 -0.0256) (17 -0.0244) 
  0.00032242   (73 -0.749) (59 0.441) (57 0.296) (76 -0.226) (74 -0.188) (38 0.0992) (54 -0.0943) (50 0.0638) (47 -0.0634) (39 -0.0611) (40 0.0569) (75 0.0536) (45 -0.0498) (32 -0.0464) (43 0.0456) (72 -0.0439) (77 0.0435) (58 0.0422) (53 0.0398) (96 0.0396) (37 0.0395) (18 -0.0363) (68 0.0341) (69 -0.0312) (26 0.0309) (49 0.0302) (56 -0.0291) (42 -0.0278) (88 0.027) (41 -0.0267) (14 0.0265) (87 -0.0217) (51 -0.0215) (48 0.0215) (92 0.0207) (46 -0.0207) (122 0.0189) (78 -0.0181) (70 0.0175) (36 -0.0172) (102 -0.0163) (120 -0.016) (11 -0.0158) (124 -0.0158) (20 -0.0156) (113 0.0153) (21 -0.0152) (66 0.0148) (99 0.0145) (112 -0.0142) (89 0.0128) (16 0.0123) (44 0.012) (31 -0.0117) (13 0.0109) (64 -0.0108) (61 -0.0107) (127 -0.0107) (116 -0.0103) (80 0.0102) (153 0.0102) 
  0.00038559   (59 0.568) (73 0.512) (57 0.37) (70 -0.219) (68 0.183) (38 0.168) (153 0.144) (47 -0.14) (76 0.139) (74 0.121) (45 -0.103) (50 0.101) (39 -0.0849) (69 -0.0782) (71 0.0777) (54 -0.0763) (32 -0.0729) (40 0.0672) (52 -0.0628) (58 0.0538) (41 -0.0512) (37 0.0497) (26 0.0428) (18 -0.0422) (14 0.0421) (66 0.0417) (67 0.0413) (75 -0.0348) (21 -0.0316) (43 0.0308) (51 -0.0306) (122 -0.0286) (53 0.0285) (11 -0.0267) (83 -0.026) (20 -0.0255) (31 -0.0247) (46 -0.0239) (77 -0.0225) (42 0.0205) (113 0.0198) (16 0.019) (36 -0.0186) (44 0.0182) (88 0.0177) (127 -0.0174) (78 0.0173) (61 -0.0162) (64 -0.0162) (17 0.0155) (80 -0.0152) (120 -0.0148) (27 -0.0146) (112 -0.0146) (48 0.0144) (62 0.0139) (117 0.0135) (116 -0.013) (98 -0.0125) (133 -0.0124) (126 -0.0123) (131 0.0119) (49 0.0116) (63 -0.0114) (28 -0.0109) (55 -0.0105) (33 -0.0105) 
   0.0004206   (153 0.989) (59 -0.0874) (73 -0.0669) (57 -0.0571) (70 0.0315) (68 -0.0269) (38 -0.026) (47 0.0213) (76 -0.018) (45 0.0157) (74 -0.0157) (50 -0.0156) (39 0.0133) (54 0.0123) (69 0.0116) (32 0.0114) (71 -0.0111) (40 -0.0106) 
  0.00042502   (19 0.698) (20 0.517) (18 -0.461) (21 0.141) (47 -0.0586) (50 -0.0537) (24 0.0381) (23 0.0319) (26 -0.0265) (14 0.0237) (25 0.0234) (22 0.0217) (45 -0.0196) (52 0.018) (17 -0.0178) (51 0.0153) (48 -0.0153) (54 0.0146) (42 0.0114) (59 -0.0108) 
  0.00048883   (47 -0.58) (50 -0.512) (150 -0.419) (52 0.216) (38 0.183) (45 -0.182) (51 0.145) (48 -0.14) (54 0.117) (39 -0.0946) (59 -0.0879) (40 0.0757) (41 -0.0719) (32 -0.0704) (20 -0.0643) (57 -0.0632) (19 -0.0533) (55 0.0507) (37 0.0405) (21 -0.0399) (26 0.0395) (14 0.0344) (43 0.0302) (73 -0.0261) (31 -0.0238) (11 -0.0213) (56 -0.0193) (44 0.0175) (42 0.0174) (76 0.0173) (46 -0.0169) (36 -0.0158) (16 0.0149) (27 -0.0147) 
  0.00051106   (150 -0.908) (47 0.268) (50 0.236) (52 -0.0994) (38 -0.0845) (45 0.084) (51 -0.0668) (48 0.0645) (54 -0.0539) (39 0.0437) (59 0.0404) (40 -0.035) (41 0.0332) (32 0.0325) (57 0.0291) (20 0.0285) (55 -0.0234) (19 0.0229) (37 -0.0187) (26 -0.0182) (21 0.0181) (14 -0.016) (43 -0.014) (73 0.012) (31 0.011) 
  0.00054058   (53 0.643) (42 -0.425) (54 0.363) (50 0.313) (51 -0.223) (47 -0.191) (49 0.149) (43 0.137) (45 -0.106) (59 -0.0988) (56 0.0912) (57 -0.0742) (41 0.0551) (38 0.0459) (52 -0.039) (44 0.0296) (40 -0.0286) (37 0.0265) (70 -0.0232) (48 -0.0231) (148 -0.0191) (32 -0.0187) (18 -0.0186) (39 -0.0181) (26 0.0177) (46 -0.0159) (14 0.0133) (68 0.0125) (36 -0.0121) (58 -0.0106) 
  0.00056085   (148 -0.808) (42 0.479) (53 0.212) (41 -0.11) (43 -0.101) (38 0.0925) (54 0.0897) (40 0.0872) (50 0.0714) (45 0.0646) (39 -0.0603) (51 -0.0487) (49 0.0435) (59 -0.0363) (32 -0.0331) (56 0.0312) (52 0.0288) (47 0.0259) (57 -0.0221) (44 -0.0215) (26 0.0204) (73 -0.0197) (21 -0.0146) (14 0.0135) (48 0.0112) (20 -0.011) (18 -0.0108) 
  0.00056483   (42 -0.644) (148 -0.588) (53 -0.312) (41 0.15) (54 -0.135) (43 0.134) (38 -0.129) (40 -0.119) (50 -0.108) (45 -0.0852) (39 0.0835) (51 0.0742) (49 -0.0647) (59 0.0529) (32 0.0462) (56 -0.0458) (52 -0.0383) (57 0.0327) (47 -0.0294) (26 -0.0286) (44 0.0286) (73 0.0274) (21 0.0203) (14 -0.019) (18 0.0155) (20 0.0154) (48 -0.0146) (31 0.0132) (46 0.013) (70 -0.0128) (37 -0.0122) (95 -0.0117) (16 -0.0104) (11 0.0103) (76 -0.0102) 
   0.0006174   (70 0.794) (71 -0.36) (72 0.305) (69 0.179) (73 0.154) (68 -0.134) (59 0.119) (38 0.0909) (50 0.0887) (47 -0.0752) (52 -0.0707) (57 0.0685) (39 -0.0484) (54 -0.0431) (83 -0.0397) (45 -0.0391) (32 -0.0377) (76 -0.0355) (51 -0.035) (43 0.0349) (40 0.0324) (37 0.0319) (53 -0.0305) (147 -0.0297) (56 -0.0289) (18 -0.0274) (67 0.0268) (26 0.0267) (55 0.0247) (14 0.0228) (49 0.0222) (41 -0.0218) (66 -0.0216) (120 -0.0193) (46 -0.0193) (88 0.018) (42 -0.0176) (127 -0.0157) (21 -0.0157) (102 -0.0153) (20 -0.0143) (124 -0.014) (89 -0.0139) (36 -0.0139) (31 -0.0138) (113 0.0134) (58 0.013) (11 -0.0122) (94 0.012) (112 -0.0118) (80 -0.0115) (91 -0.0114) (95 -0.0112) (44 0.011) (99 0.0106) (90 0.0103) (74 0.0102) (126 -0.0102) 
  0.00066166   (147 -0.559) (52 -0.484) (53 -0.368) (47 -0.288) (50 0.28) (51 -0.162) (57 -0.157) (59 -0.133) (38 0.123) (55 0.118) (45 -0.111) (70 -0.0833) (73 -0.0702) (42 0.0701) (40 0.0671) (39 -0.0666) (41 -0.0571) (54 0.054) (72 -0.0516) (71 0.0474) (32 -0.0447) (46 -0.0288) (37 0.0275) (26 0.0274) (14 0.0248) (69 -0.0239) (21 -0.0236) (44 0.0214) (18 -0.02) (122 -0.0186) (20 -0.0178) (58 -0.0139) (31 -0.0138) (95 0.0136) (11 -0.0129) (16 0.0129) (48 -0.0122) (74 -0.0107) (67 -0.0102) 
  0.00071183   (147 -0.829) (52 0.329) (53 0.249) (47 0.197) (50 -0.192) (51 0.11) (57 0.103) (38 -0.0868) (59 0.0853) (55 -0.0805) (45 0.0766) (39 0.0469) (42 -0.0466) (40 -0.0465) (73 0.0418) (41 0.0394) (54 -0.0347) (32 0.0317) (70 0.0276) (72 0.0239) (46 0.0202) (37 -0.0199) (26 -0.0196) (71 -0.019) (14 -0.0177) (21 0.0165) (44 -0.0149) (18 0.0147) (122 0.0126) (20 0.0126) 
  0.00078975   (37 0.899) (38 -0.213) (21 -0.194) (18 -0.18) (20 -0.133) (23 0.13) (39 0.0972) (36 -0.0934) (32 -0.0642) (14 0.0633) (24 -0.0549) (40 -0.0511) (43 -0.0395) (16 0.0322) (45 0.0291) (11 -0.0278) (17 0.0266) (41 0.0262) (19 0.0227) (42 0.0211) (47 0.021) (26 -0.02) (22 0.0184) (31 -0.0182) (54 0.018) (59 -0.0177) (57 -0.0175) (13 0.0169) (50 -0.016) (34 -0.0156) (46 0.0131) 
    0.001078   (21 -0.532) (23 0.427) (18 -0.414) (20 -0.346) (37 -0.328) (26 -0.232) (24 -0.149) (32 0.134) (14 0.109) (17 0.0701) (22 0.0625) (19 0.0614) (16 0.058) (27 0.0492) (36 0.0487) (31 0.045) (11 -0.0406) (25 0.0366) (28 0.0358) (13 0.0254) (145 0.0219) (30 -0.019) (33 0.0174) (29 -0.0144) 
   0.0011423   (145 0.951) (144 -0.307) (21 0.0133) (18 0.0105) (23 -0.0105) 
   0.0012354   (46 -0.629) (47 0.442) (45 -0.387) (38 0.267) (16 0.196) (43 0.168) (14 0.165) (39 -0.126) (50 -0.119) (54 0.112) (41 -0.0913) (49 -0.0859) (59 -0.0817) (37 0.0617) (32 -0.0591) (55 0.0517) (57 -0.0483) (48 0.0448) (42 -0.0435) (11 -0.041) (53 -0.0337) (26 0.0315) (13 0.0306) (76 -0.0283) (31 -0.0278) (36 -0.0266) (70 -0.0263) (83 -0.0232) (56 -0.0219) (40 0.02) (80 -0.0145) (95 -0.0145) (51 0.0136) (17 -0.0133) (21 -0.0123) (33 -0.0119) (34 -0.0108) (15 0.0105) 
    0.001302   (16 0.758) (14 0.526) (18 0.163) (46 0.15) (13 0.122) (38 -0.105) (45 0.103) (21 0.0976) (20 0.0944) (47 -0.0927) (17 -0.0894) (26 -0.0707) (32 0.0689) (11 -0.0652) (39 0.0504) (43 -0.047) (15 0.037) (41 0.0361) (37 -0.0329) (31 0.0243) (50 0.0233) (27 0.0226) (23 0.0224) (54 -0.0207) (40 -0.0203) (49 0.0184) (36 0.0162) (28 0.0145) (59 0.0134) (55 -0.0116) (48 -0.0115) (33 0.0101) 
   0.0014222   (146 -1) 
   0.0014462   (54 -0.621) (55 0.485) (32 -0.358) (56 0.344) (53 0.166) (34 -0.135) (57 -0.123) (59 -0.114) (52 0.105) (31 -0.084) (26 0.0707) (49 0.0679) (50 0.0635) (18 -0.0544) (33 -0.0459) (14 0.0438) (48 0.0438) (36 0.0436) (37 -0.04) (42 -0.0392) (21 -0.0363) (43 0.0326) (20 -0.0315) (47 -0.0301) (69 -0.0268) (30 0.0262) (46 -0.0261) (70 -0.0256) (76 -0.0239) (68 0.0237) (27 -0.022) (11 -0.0215) (73 0.0206) (16 0.0203) (45 -0.0189) (28 -0.0185) (38 -0.0166) (139 0.014) (58 -0.0137) (71 0.0127) (13 0.0119) (67 -0.0115) (51 -0.0112) (77 0.0106) (96 0.0104) 
   0.0015902   (32 -0.746) (34 -0.3) (54 0.284) (38 -0.219) (55 -0.203) (31 -0.171) (37 -0.163) (56 -0.149) (36 0.132) (26 0.11) (39 0.103) (33 -0.0972) (53 -0.0801) (139 0.0758) (18 -0.0661) (40 -0.0632) (21 -0.0604) (41 0.0585) (14 0.0574) (47 0.0505) (30 0.0495) (52 -0.0483) (20 -0.0464) (45 0.0435) (50 -0.041) (27 -0.0399) (43 -0.0385) (49 -0.0369) (57 0.0349) (59 0.0338) (28 -0.0314) (11 -0.0272) (16 0.0248) (48 -0.0189) (46 0.0174) (23 -0.0134) (13 0.0128) (24 0.0111) (73 -0.0103) (19 0.01) 
   0.0016644   (139 0.997) (32 0.0619) (34 0.0247) (38 0.0166) (31 0.0142) (37 0.0129) (54 -0.0128) (36 -0.0106) 
   0.0017991   (15 -0.829) (27 -0.375) (28 -0.287) (14 0.221) (26 0.105) (29 -0.0881) (16 -0.0804) (32 0.0735) (13 -0.0444) (17 0.0357) (31 0.0331) (38 -0.0311) (18 -0.0295) (136 0.0286) (20 -0.0285) (23 -0.0235) (37 -0.0177) (44 -0.0177) (30 -0.0165) (24 0.0142) (11 -0.0136) (21 -0.0123) (39 0.0114) (33 0.0113) 
   0.0020233   (27 -0.604) (15 0.481) (28 -0.461) (136 0.296) (26 0.187) (29 -0.16) (32 0.109) (16 0.0647) (14 -0.0645) (18 -0.0632) (20 -0.0551) (21 -0.0546) (38 -0.0444) (31 0.0435) (13 0.0379) (23 -0.031) (19 0.0276) (24 0.0268) (30 -0.0268) (37 -0.0241) (40 -0.0223) (11 -0.022) (39 0.0184) (33 0.014) (45 0.0118) (17 0.0115) (36 0.0112) (41 0.0101) 
   0.0021146   (136 0.955) (27 0.199) (28 0.152) (15 -0.124) (26 -0.061) (29 0.0523) (32 -0.0361) (18 0.0205) (20 0.018) (16 -0.0176) (21 0.0173) (38 0.0146) (31 -0.0145) (14 0.0134) (13 -0.0104) (23 0.0103) 
   0.0022816   (29 0.921) (51 -0.222) (27 -0.125) (28 -0.118) (48 -0.111) (52 0.102) (49 0.0877) (53 -0.0795) (31 -0.0749) (72 -0.0707) (30 0.0599) (45 0.0563) (32 0.0503) (40 -0.034) (50 -0.0339) (34 0.0319) (70 0.0313) (39 0.0309) (56 0.0307) (54 0.0296) (55 0.0266) (47 0.0255) (71 0.0227) (24 0.0225) (22 -0.0219) (59 0.0212) (46 -0.0211) (44 -0.02) (132 0.0199) (74 0.0195) (25 0.0192) (35 0.017) (26 0.0166) (20 -0.016) (77 0.016) (37 -0.0159) (18 -0.0152) (83 -0.0151) (14 0.0134) (66 -0.013) (60 -0.0122) (43 0.0115) (81 0.0113) (21 -0.0103) 
   0.0023427   (72 -0.74) (70 0.324) (77 0.28) (132 0.236) (71 0.221) (51 0.204) (66 -0.129) (69 0.124) (83 -0.0869) (53 0.0817) (67 0.0781) (55 -0.075) (131 0.0728) (52 -0.0687) (38 0.0656) (49 -0.0651) (48 0.0623) (54 -0.0555) (57 -0.0538) (73 0.0533) (79 0.0509) (76 0.0498) (59 0.0495) (96 -0.0477) (74 0.0465) (39 0.0451) (50 0.0449) (81 0.0408) (89 -0.0407) (82 0.0404) (95 -0.039) (63 -0.038) (84 0.0326) (45 -0.0315) (75 -0.0307) (62 -0.0278) (78 0.0276) (91 -0.0204) (128 -0.0198) (58 0.0194) (60 -0.0174) (68 -0.0168) (31 -0.0168) (47 -0.0163) (88 0.0157) (92 -0.0156) (80 0.0152) (101 -0.0145) (85 0.0141) (98 -0.014) (117 -0.0131) (42 -0.012) (29 -0.0119) (21 -0.0113) (94 -0.0112) (61 0.0109) (32 -0.0108) (119 0.0106) (37 0.0101) 
   0.0023668   (51 0.539) (132 0.467) (48 0.291) (72 0.272) (29 0.259) (52 -0.242) (53 0.203) (49 -0.2) (70 -0.128) (131 0.121) (55 -0.0926) (56 -0.0923) (71 -0.0909) (40 0.0874) (59 -0.0812) (54 -0.0804) (50 0.08) (45 -0.0791) (77 -0.0788) (47 -0.0678) (44 0.0567) (83 0.0506) (39 0.047) (27 -0.0446) (28 -0.0436) (74 -0.0436) (66 0.0282) (46 0.0281) (73 -0.0275) (81 -0.0253) (69 -0.0249) (41 -0.0229) (60 0.0202) (68 0.0196) (63 0.0191) (79 -0.0189) (96 0.0179) (89 0.0175) (95 0.0173) (18 -0.0172) (75 0.0168) (128 -0.0166) (76 -0.0155) (57 -0.0144) (24 0.0137) (30 0.0131) (116 0.0124) (32 0.012) (33 -0.0119) (61 -0.0119) (65 0.0118) (87 -0.0116) (43 -0.0115) (102 0.0109) (13 0.0106) 
   0.0024028   (132 0.818) (51 -0.364) (131 0.188) (48 -0.183) (29 -0.168) (52 0.157) (53 -0.139) (49 0.132) (55 0.0747) (72 0.0635) (54 0.0618) (50 -0.0584) (45 0.0534) (40 -0.0515) (56 0.0507) (47 0.043) (39 -0.0413) (77 -0.0371) (59 0.0312) (27 0.0308) (44 -0.0304) (28 0.029) (57 0.0242) (70 -0.0231) (69 -0.0225) (66 0.0224) (128 -0.0204) (133 -0.0189) (67 -0.0188) (46 -0.0164) (38 -0.015) (41 0.0143) (71 -0.0136) (84 -0.0112) (74 0.0108) 
    0.002505   (18 -0.622) (21 0.492) (19 -0.434) (22 -0.225) (55 0.142) (13 0.141) (56 -0.13) (25 -0.112) (26 -0.104) (57 -0.0881) (20 -0.0865) (24 -0.0857) (23 -0.0825) (59 0.0643) (40 -0.0582) (31 -0.0485) (54 0.0482) (32 0.0396) (16 0.0289) (12 -0.0272) (39 0.0257) (83 0.0221) (37 -0.0214) (43 -0.0204) (47 0.02) (17 -0.0197) (33 -0.0179) (72 -0.0173) (28 0.0156) (122 0.0149) (49 -0.0149) (96 0.0145) (46 0.0142) (29 -0.0135) (41 0.0135) (14 0.0133) (42 0.0132) (95 0.0123) (45 0.0122) (126 -0.0121) (50 -0.0116) (53 0.0115) (68 0.0113) (44 -0.0108) (11 -0.0104) (67 0.0101) 
    0.002642   (57 0.79) (59 -0.56) (18 -0.0812) (72 -0.0748) (40 0.0715) (96 0.0619) (83 0.056) (58 -0.0554) (21 0.0539) (19 -0.0506) (49 0.0469) (67 0.0446) (54 -0.0415) (69 0.0399) (47 -0.0365) (51 -0.0351) (68 0.0339) (134 -0.0302) (126 -0.0302) (70 0.0293) (13 0.0293) (53 -0.0279) (71 0.0277) (50 0.0266) (78 -0.0265) (43 0.0258) (77 0.0257) (89 0.0254) (22 -0.0252) (39 -0.0236) (63 -0.0235) (73 0.021) (46 -0.0199) (52 -0.0197) (98 0.0188) (79 0.0174) (91 0.0171) (106 0.0171) (87 -0.0169) (80 0.016) (44 0.0157) (66 -0.0155) (97 -0.0155) (95 0.0152) (92 0.0139) (48 0.0139) (94 0.0138) (34 -0.0136) (76 -0.0132) (38 -0.0131) (20 -0.0122) (64 0.0112) (122 -0.0108) (127 -0.0106) (60 -0.0103) 
   0.0027533   (134 -0.827) (55 -0.379) (56 0.342) (54 -0.0913) (133 -0.0905) (18 -0.0746) (38 0.0733) (48 -0.0715) (40 -0.0664) (57 -0.0474) (21 0.0455) (19 -0.0448) (72 0.0384) (53 -0.0352) (83 -0.034) (47 -0.0266) (22 -0.0239) (31 -0.0227) (44 -0.0226) (46 -0.0206) (67 -0.0198) (50 0.0196) (43 0.0191) (68 -0.0186) (76 -0.0168) (45 -0.0167) (20 -0.0165) (25 -0.0158) (95 -0.0155) (24 -0.0151) (69 -0.0148) (96 -0.0146) (41 -0.0136) (70 -0.0133) (73 -0.013) (71 -0.0126) (51 0.0123) (23 -0.0121) (32 -0.0115) (14 0.0113) (89 -0.0107) (80 -0.0104) 
   0.0028195   (55 0.567) (134 -0.551) (56 -0.512) (54 0.139) (18 0.116) (38 -0.108) (48 0.106) (40 0.0942) (21 -0.071) (19 0.0699) (133 -0.0563) (53 0.0544) (72 -0.0542) (83 0.051) (126 -0.0469) (59 0.0444) (47 0.0422) (22 0.0371) (31 0.0332) (44 0.0326) (46 0.032) (50 -0.0309) (43 -0.0302) (96 0.0282) (67 0.0274) (68 0.0262) (95 0.0262) (76 0.0259) (20 0.0254) (45 0.0253) (57 0.0245) (25 0.024) (24 0.023) (122 0.0217) (41 0.0205) (69 0.0202) (73 0.0186) (70 0.0185) (23 0.0184) (32 0.0177) (71 0.0176) (98 0.0174) (89 0.0173) (14 -0.017) (51 -0.0163) (49 -0.0153) (80 0.0153) (39 0.0149) (91 0.0137) (37 -0.0137) (52 0.0135) (124 -0.0133) (33 0.0129) (13 -0.0124) (16 -0.0114) 
   0.0034096   (41 0.826) (68 0.339) (38 0.225) (40 0.211) (39 -0.151) (83 0.126) (67 0.108) (45 0.101) (42 0.0778) (57 -0.0733) (69 -0.0714) (70 0.0685) (44 0.0659) (59 -0.0475) (85 -0.0447) (47 0.0421) (89 -0.0392) (37 0.0389) (55 -0.0373) (48 0.0339) (130 0.0327) (95 -0.0298) (53 -0.0284) (96 -0.0283) (50 -0.0256) (32 -0.0247) (71 -0.0175) (73 -0.0167) (54 0.0165) (56 0.0148) (22 -0.014) (52 0.014) (66 0.0132) (31 -0.0129) (92 -0.0126) (29 0.0121) (43 0.0119) (26 0.0119) (36 -0.0118) (14 0.0111) (18 -0.011) (21 -0.0108) (124 -0.0103) (99 0.0103) (91 -0.0101) 
    0.003667   (83 0.818) (130 0.314) (68 -0.304) (85 -0.171) (89 -0.157) (95 -0.129) (96 -0.121) (69 0.0923) (67 -0.0772) (91 -0.0758) (59 0.0649) (80 0.0603) (92 -0.0492) (72 -0.049) (38 0.0364) (70 -0.0355) (90 0.0342) (97 0.0325) (112 -0.0324) (98 -0.0304) (106 0.029) (113 0.0287) (76 0.028) (73 0.0278) (81 -0.0237) (87 0.0226) (88 0.0224) (101 -0.0222) (110 -0.0201) (56 0.02) (102 -0.0199) (40 -0.0197) (54 -0.0197) (103 0.0192) (124 -0.0188) (105 0.0188) (45 -0.0182) (41 -0.0173) (71 0.0165) (86 0.0162) (57 0.0157) (116 -0.0149) (100 0.0142) (111 0.0139) (66 -0.0136) (55 -0.0133) (107 0.0122) (120 -0.012) (99 0.0119) (79 0.0117) (32 -0.0117) (84 0.0114) (117 0.0113) (37 0.011) (82 -0.0109) (114 -0.0108) (94 -0.0108) (51 -0.0106) (42 -0.0104) (77 0.0104) 
   0.0037217   (68 -0.57) (130 0.547) (83 -0.384) (41 0.27) (67 -0.204) (70 -0.139) (40 0.126) (89 0.107) (85 0.0985) (69 0.095) (48 0.0904) (96 0.0828) (95 0.07) (38 0.0649) (39 -0.0607) (44 0.057) (57 0.0552) (71 0.0402) (59 0.0359) (92 0.0336) (73 0.0322) (106 -0.0305) (91 0.0304) (66 -0.0229) (42 0.0218) (74 0.0217) (87 -0.0212) (18 -0.0201) (131 -0.019) (37 0.0176) (101 0.0172) (51 -0.017) (47 -0.0157) (79 -0.0146) (32 -0.0145) (45 0.0138) (110 0.0137) (97 -0.0134) (127 -0.0125) (55 0.0123) (13 0.012) (94 0.0119) (52 0.0112) (105 -0.0107) (75 -0.0102) 
   0.0039188   (130 0.774) (68 0.512) (41 -0.219) (67 0.17) (70 0.109) (69 -0.102) (40 -0.0896) (38 -0.0712) (83 -0.0689) (48 -0.0631) (39 0.0531) (59 -0.0505) (57 -0.0422) (44 -0.0411) (71 -0.0343) (73 -0.0334) (131 -0.0275) (80 -0.0224) (72 0.0214) (66 0.0212) (37 -0.0188) (74 -0.0167) (32 0.0163) (51 0.0162) (18 0.0156) (42 -0.0143) (96 -0.0128) (88 -0.0127) (76 -0.0124) (89 -0.0124) (47 0.0124) (52 -0.0122) (106 0.0116) 
   0.0039316   (98 -0.386) (99 -0.346) (112 0.3) (100 0.3) (108 0.281) (106 0.276) (107 -0.262) (102 -0.229) (124 -0.209) (103 -0.19) (125 0.183) (113 0.148) (101 -0.139) (95 0.13) (123 0.115) (115 -0.115) (110 0.111) (111 -0.0974) (149 0.0946) (121 0.0737) (92 -0.0696) (89 0.0606) (105 0.0542) (76 -0.0521) (48 0.0496) (104 0.0496) (97 0.0486) (142 0.0464) (126 0.042) (96 0.0408) (109 0.0404) (116 -0.0328) (118 -0.0323) (90 -0.0275) (67 0.0267) (80 0.0266) (87 0.0241) (91 0.0233) (69 0.0229) (78 0.0219) (114 0.0215) (51 -0.0214) (83 0.0201) (81 -0.02) (119 0.0196) (141 -0.0189) (122 -0.0185) (73 0.0175) (82 -0.0171) (120 -0.0164) (52 0.0142) (74 -0.0142) (75 0.0141) (117 0.0139) (68 0.0119) (77 0.0111) (86 0.0108) (44 0.0104) 
   0.0040462   (142 0.878) (149 -0.409) (141 -0.244) (124 -0.0174) (125 0.0147) (98 0.012) 
   0.0040903   (48 0.808) (51 -0.287) (44 0.192) (52 0.19) (49 0.148) (55 -0.129) (53 -0.126) (67 0.12) (47 -0.11) (40 0.106) (41 -0.0993) (76 -0.0982) (38 -0.0965) (50 -0.0934) (69 0.0835) (56 0.0815) (57 -0.0806) (68 0.0749) (125 -0.0558) (124 0.0489) (73 0.0442) (106 -0.0424) (83 0.0421) (108 -0.0412) (72 -0.0391) (80 0.0388) (54 0.0357) (22 0.0336) (74 -0.032) (46 -0.0312) (75 0.031) (121 -0.0309) (123 -0.0301) (89 0.0299) (45 -0.0297) (78 0.0277) (19 -0.0262) (112 -0.026) (100 -0.0244) (77 0.0244) (65 -0.0235) (13 0.0232) (81 -0.0229) (18 -0.0223) (126 -0.0216) (102 0.0215) (31 0.019) (21 0.0181) (43 0.0177) (111 0.0173) (95 0.017) (149 -0.0167) (85 0.0163) (66 0.0159) (122 0.0158) (103 0.0151) (39 0.0151) (42 -0.0146) (82 -0.014) (105 -0.0127) (71 -0.0116) 
   0.0041691   (69 0.417) (67 0.364) (81 -0.362) (44 0.304) (82 -0.277) (79 0.276) (74 -0.217) (91 -0.208) (48 -0.208) (77 -0.161) (70 -0.148) (75 0.136) (71 -0.125) (111 0.0963) (78 0.0952) (40 0.0851) (92 -0.0823) (72 -0.0817) (101 -0.0807) (85 0.0764) (65 -0.0654) (107 0.0647) (105 -0.061) (98 0.0586) (80 0.0574) (43 0.0511) (66 0.0507) (83 -0.0488) (87 0.0464) (73 0.0458) (84 0.0436) (47 0.0356) (38 -0.0339) (57 -0.0328) (86 0.0325) (54 -0.0315) (156 -0.031) (99 0.0278) (89 0.0276) (49 -0.0272) (45 0.0265) (96 0.0261) (125 0.0246) (50 0.0239) (41 -0.0227) (64 -0.0227) (121 0.0224) (51 0.0222) (116 -0.0202) (112 0.0202) (68 -0.02) (61 -0.0178) (59 0.0173) (113 -0.0167) (60 -0.0167) (123 0.0158) (46 -0.0143) (56 0.0141) (39 -0.0122) (108 -0.0119) (149 0.0102) 
   0.0043305   (156 -0.999) (44 -0.0341) (48 0.013) (149 0.0105) (40 -0.0104) 
   0.0045817   (44 0.82) (40 0.258) (48 -0.209) (69 -0.191) (38 -0.171) (67 -0.167) (81 0.133) (41 -0.103) (43 0.0997) (79 -0.0997) (82 0.0894) (74 0.087) (70 0.0855) (77 0.0664) (71 0.0624) (111 -0.0587) (85 -0.0546) (80 -0.0532) (47 0.0527) (75 -0.0503) (83 0.0457) (107 -0.0451) (56 0.0449) (46 -0.0431) (105 0.0385) (101 0.0378) (45 0.0359) (49 -0.0353) (96 0.0347) (95 0.0343) (65 0.0337) (31 0.0323) (156 -0.0297) (66 -0.028) (68 0.0279) (55 -0.0278) (13 0.0266) (91 0.0258) (57 -0.0257) (19 -0.0236) (21 0.0234) (18 -0.0212) (125 -0.0199) (42 0.0188) (92 0.0186) (104 -0.0177) (59 0.0163) (99 -0.0156) (15 -0.0154) (121 -0.0148) (94 0.0147) (32 0.0146) (84 -0.0139) (37 -0.0134) (90 0.0134) (87 -0.013) (103 -0.0129) (64 0.0121) (89 -0.0117) (116 0.0116) (123 -0.0116) (124 0.0112) (22 0.0112) (33 0.0111) 
   0.0048094   (20 -0.669) (19 0.458) (21 0.456) (135 0.337) (22 0.093) (18 0.0925) (8 0.048) (26 -0.0244) (23 0.0207) (13 -0.0185) (28 0.0165) (25 0.0116) 
   0.0048883   (135 0.942) (20 0.239) (19 -0.164) (21 -0.163) (22 -0.0332) (18 -0.0331) (8 -0.0143) 
   0.0050126   (8 -0.999) (20 -0.0359) (19 0.0254) (21 0.0229) 
    0.005319   (4 -1) 
   0.0054115   (23 -0.808) (25 0.38) (21 -0.27) (18 -0.171) (20 -0.169) (26 -0.148) (27 0.102) (24 0.0985) (14 0.0923) (19 0.0783) (32 0.0635) (11 -0.0456) (22 -0.0433) (38 -0.0407) (143 0.0306) (31 0.0286) (33 0.0255) (39 0.0191) (37 -0.0189) (16 0.0188) (45 0.0186) (17 0.0152) (13 0.0142) (76 0.0127) (15 0.0125) (28 -0.0109) 
   0.0057413   (143 0.999) (23 0.0247) (144 0.0147) (25 -0.0116) 
   0.0058946   (10 -0.939) (28 0.279) (27 -0.187) (26 0.0573) (23 -0.0193) (31 0.0154) (32 0.0153) (21 -0.015) (30 -0.0117) (29 0.0112) (38 -0.0109) 
   0.0060558   (137 -0.961) (28 0.21) (27 -0.141) (10 0.0986) (26 0.0428) (23 -0.0162) (21 -0.0122) (18 -0.0105) (32 0.0101) 
   0.0063349   (28 -0.732) (27 0.492) (10 -0.329) (137 -0.277) (26 -0.149) (23 0.0563) (21 0.0425) (18 0.0365) (32 -0.0353) (30 0.0347) (31 -0.0346) (29 -0.0256) (14 -0.0251) (38 0.0227) (20 0.0202) (24 -0.0162) (34 0.0153) (11 0.0147) (25 -0.0115) (19 -0.01) 
   0.0064496   (13 -0.898) (40 -0.267) (44 0.166) (14 0.154) (38 0.149) (18 -0.0861) (15 0.0838) (39 0.08) (19 -0.0634) (12 0.0594) (48 0.058) (21 0.0473) (16 0.0434) (55 0.0396) (56 -0.0378) (42 0.0368) (57 0.0368) (45 0.0312) (83 -0.0253) (41 0.0249) (96 -0.0239) (46 0.0234) (59 -0.0216) (31 -0.0206) (89 -0.0185) (72 0.0177) (80 -0.0146) (95 -0.0144) (22 0.0142) (73 -0.0127) (65 0.0121) (60 -0.012) (47 -0.0119) (26 -0.0112) (70 -0.011) 
   0.0067921   (140 0.997) (40 -0.0553) (13 0.0338) (38 0.0304) (44 0.027) (39 0.0126) 
   0.0080204   (40 0.701) (38 -0.385) (13 -0.353) (44 -0.345) (39 -0.16) (48 -0.102) (42 -0.0875) (140 0.0807) (18 -0.0787) (31 0.077) (41 -0.0712) (45 -0.0706) (55 -0.0699) (56 0.0684) (19 -0.0681) (21 0.0654) (57 -0.059) (46 -0.0529) (14 0.0518) (15 0.0402) (59 0.0396) (83 0.0384) (96 0.0349) (72 -0.0312) (60 0.0283) (43 0.027) (65 -0.026) (37 -0.0226) (78 -0.0212) (16 0.021) (95 0.0207) (33 0.0204) (73 0.0199) (89 0.0198) (47 0.0174) (79 -0.0161) (71 -0.0161) (75 0.0149) (68 0.0143) (98 0.014) (12 0.0138) (70 0.0137) (52 0.0132) (81 -0.0126) (80 0.0121) (50 0.0121) (84 0.0119) (29 0.0112) (62 -0.0112) (27 0.0107) (24 0.0104) (25 0.0101) 
   0.0084198   (12 0.951) (31 -0.238) (33 -0.157) (32 0.0778) (13 0.058) (38 -0.0295) (39 -0.0288) (29 -0.0233) (63 0.023) (40 0.0226) (138 0.0197) (26 -0.0158) (27 -0.0109) (23 -0.0107) (22 0.0105) 
   0.0090707   (138 0.969) (31 -0.183) (33 -0.114) (12 -0.0916) (32 0.0567) (39 -0.0253) (38 -0.0184) (26 -0.0157) (29 -0.0151) (18 0.0116) (13 -0.0101) 

 Largest eigenvalues
      20.992   (163 0.976) 
      19.082   (76 0.76) (95 -0.346) 
      7.6163   (76 -0.396) (95 -0.681) (96 0.416) 
      3.2118   (95 0.424) (96 0.672) 
      1.2286   (124 0.44) (125 -0.578) 
      1.2201   (142 -0.373) (149 -0.897) 
      1.1829   (164 0.997) 
      1.1816   (165 0.995) 
      1.1497   (91 -0.304) (92 0.783) (102 0.371) 
      1.1141   (92 0.331) (102 -0.419) (109 -0.767) 
      1.1101   (102 -0.608) (109 0.491) (114 0.314) (116 0.326) 
      0.9921   (102 -0.362) (114 -0.346) (116 -0.539) (117 -0.413) 
     0.97516   (99 0.606) (100 0.641) 
     0.94339   (105 0.567) (107 0.505) 
     0.92631   (113 0.473) (114 0.545) 
     0.74505   (114 -0.481) (117 0.557) (120 -0.294) 
      0.6799   (108 0.421) (110 0.625) (112 -0.394) 
      0.6635   (107 -0.325) (108 -0.488) (112 -0.504) 
     0.66187   (115 0.553) (123 0.416) (125 -0.437) 
     0.60409   (115 -0.737) (123 0.305) 
      0.5876   (108 0.576) (110 -0.485) (112 -0.344) (113 -0.302) 
     0.58728   (106 0.743) (108 -0.335) 
     0.58537   (122 0.387) (126 0.372) (127 -0.328) (128 0.588) 
     0.55168   (126 -0.812) (128 0.398) 
     0.54296   (120 -0.297) (122 -0.735) (126 0.372) 
     0.53765   (117 0.32) (118 -0.531) (120 0.647) 
     0.53423   (121 -0.523) (123 0.528) (127 0.483) 
     0.42762   (118 -0.366) (120 -0.397) (121 0.483) (127 0.297) (133 0.315) 
     0.42206   (118 0.634) (133 0.336) 
     0.40061   (90 0.941) 
     0.39874   (121 -0.388) (124 -0.375) (127 -0.466) (133 0.45) 
     0.32085   (96 0.208) (97 0.917) 
     0.31597   (104 -0.6) (105 -0.357) (107 0.446) 
     0.26264   (103 0.813) (105 0.239) 
     0.25223   (101 -0.501) (113 0.316) (124 0.347) 
       0.239   (80 -0.276) (85 0.671) (101 0.238) (103 -0.215) (124 0.244) 
     0.23029   (78 -0.287) (80 0.426) (85 -0.3) (101 0.542) 
     0.21581   (78 0.362) (80 -0.566) (85 -0.51) 
     0.16587   (101 -0.291) (111 0.634) 
     0.14486   (89 0.576) (91 0.434) (96 -0.323) 
     0.13464   (89 -0.446) (94 0.508) (104 -0.334) 
     0.12607   (87 -0.342) (91 -0.594) 
     0.12015   (87 0.625) (88 0.466) (89 0.308) (94 -0.367) 
     0.11205   (86 -0.637) (89 -0.302) (91 0.358) (94 -0.363) 
     0.10981   (67 0.342) (69 0.335) (81 0.325) (82 0.532) 
     0.10043   (67 -0.352) (79 0.284) (86 0.294) 
    0.095728   (60 -0.265) (61 -0.273) (65 -0.398) (74 0.274) (86 0.254) 
    0.094469   (58 -0.569) (60 0.324) (61 0.321) 
    0.091672   (58 0.635) (65 0.366) 
    0.089213   (58 -0.369) (60 -0.255) (61 -0.259) (74 -0.271) (94 0.296) (104 0.261) (105 -0.226) (119 0.221) 
    0.087044   (58 0.264) (60 0.416) (61 0.398) (65 -0.287) (69 -0.25) 
    0.082003   (60 -0.325) (64 0.434) (65 0.404) (79 0.252) (82 0.268) 
    0.078028   (64 -0.707) (65 0.25) (69 0.228) (74 0.209) (82 0.212) 
    0.073291   (60 0.356) (61 -0.33) (62 -0.308) (64 0.315) (65 -0.38) 
    0.067818   (60 -0.475) (61 0.515) 
    0.066156   (60 0.211) (61 -0.237) (69 -0.228) (74 -0.224) (79 -0.235) (111 0.224) (116 0.336) (117 -0.25) (119 0.195) 
     0.06366   (66 -0.294) (71 0.298) (77 -0.358) (81 0.287) 
    0.058298   (62 0.508) (63 0.289) (66 0.363) 
    0.056061   (62 -0.533) (71 -0.351) (84 0.29) 
    0.055179   (62 0.347) (66 -0.614) (74 -0.293) 
    0.053104   (63 0.315) (66 0.297) (71 0.397) (81 -0.308) (98 -0.237) 
    0.052704   (62 0.247) (63 -0.569) (71 -0.204) (74 0.284) (77 -0.263) (81 -0.208) (98 -0.235) 
    0.049947   (63 0.59) (66 -0.313) (71 -0.31) 
    0.046084   (74 -0.258) (81 0.301) (82 -0.277) (84 -0.404) (119 -0.313) 
    0.041157   (31 -0.492) (33 0.75) (39 0.331) 
    0.040913   (33 -0.392) (39 0.76) 
    0.039568   (75 0.412) (84 0.263) (119 -0.441) 
     0.03885   (50 -0.369) (52 -0.388) (75 -0.328) 
    0.034493   (50 0.347) (52 0.339) (75 -0.509) 
    0.033603   (30 -0.781) (36 0.49) 
    0.030416   (30 0.566) (35 -0.336) (36 0.554) 
    0.030117   (35 0.457) (36 -0.335) (87 0.274) (88 -0.407) 
    0.029446   (35 -0.773) (36 -0.38) 
    0.026824   (36 0.32) (45 -0.369) (56 -0.317) 
    0.026063   (131 -0.872) (132 0.204) 
     0.02443   (129 -0.578) (159 0.806) 
    0.021835   (129 -0.577) (159 -0.293) (162 -0.762) 
    0.020926   (129 -0.577) (159 -0.514) (162 0.634) 
    0.020155   (22 0.956) 
    0.017987   (141 -0.955) (142 -0.285) 
