 1 61395.5
 2 597.408
 3 5.34488
 4 247384
 5 638.577
 6 55.9733
 7 723369
 8 92.295
 9 6136.65
 10 2731.05
 11 7.73888
 12 1410.15
 13 824375
 14 7828.32
 15 0.816067
 16 699827
 17 5035.09
 18 1.75192
 19 161138
 20 2812.07
 21 58.2009
 22 267557
 23 3950.23
 24 15.7998
 25 254.159
 26 311.383
 27 12.9122
 28 3360.16
 29 360.726
 30 173.826
 31 527.732
 32 117.284
 33 745.885
 34 221.992
 35 201.37
 36 283.64
 37 1532.42
 38 3119.56
 39 6.2683
 40 937.622
 41 4906.9
 42 2.00238
 43 651.463
 44 1508.92
 45 23.9047
 46 6853.34
 47 1999.99
 48 680.408
 49 2022.55
 50 184.964
 51 316.824
 52 232.88
 53 2996.66
 54 301.459
 55 142.453
 56 302.171
 57 1347.34
 58 81.8317
 59 143.005
 60 170.024
 61 29.2644
 62 1.76359
 63 212.503
 64 392.58
 65 1.92818
 66 422.999
 67 3659.04
 68 181.701
 69 98057.1
 70 344697
 71 3135.01
 72 18.1989
 73 21620.5
 74 99.4041
 75 10599.9
 76 10831.1
 77 8.61769
 78 1298.96
 79 11098.8
 80 106.315
 81 2256.93
 82 2262.47
 83 442.174
 84 2.49171
 85 170.879
 86 2.70758
 87 2122.88
 88 1.7132
 89 1.64151
 90 1.88439
 91 9.38848
 92 508.931
 93 1460.59
 94 903.579
 95 1574.08
 96 1960.89
 97 395.598
 98 292.434
 99 144.101
 100 887.645
 101 1560.06
 102 117.787
 103 163.302
 104 148.162
 105 141.169
 106 168.162
 107 172.119
 108 175.272
 109 129.752
 110 96.6015
 111 190.266
 112 207.228
 113 189.634
 114 172.109
 115 183.095
 116 141.457
 117 179.82
 118 199.263
 119 154.59
 120 92.9717
 121 126.523
 122 49.6683
 123 61.231
 124 38.5891
 125 30.82
 126 50.9834
 127 28.6613
 128 99.244
 129 69.307
 130 63.18
 131 20.174
 132 20.9163
 133 23.2889
 134 36.928
 135 9.12005
 136 47.5238
 137 10.3938
 138 9.48226
 139 9.34315
 140 11.0153
 141 12.0171
 142 8.95446
 143 9.47576
 144 15.1293
 145 15.0481
 146 12.7195
 147 10.3088
 148 25.1765
 149 16.9313
 150 12.5033
 151 13.9497
 152 23.4702
 153 22.2384
 154 14.6417
 155 19.9422
 156 23.9598
 157 46.9531
 158 0.265066
 159 0.130186
 160 0.18026
 161 3.93712
 162 33.7043
 163 194.249
 164 263.211
 165 6.5263
