 1 31.6228
 2 23.4833
 3 1.13016
 4 31.6228
 5 23.7232
 6 3.03324
 7 31.6219
 8 1.43387
 9 31.0718
 10 29.9639
 11 1.0765
 12 26.9365
 13 31.6228
 14 31.6111
 15 0.90244
 16 31.6228
 17 31.6041
 18 0.917388
 19 31.6228
 20 30.9533
 21 1.61099
 22 31.6228
 23 31.4816
 24 1.06146
 25 15.0349
 26 15.5495
 27 1.57724
 28 31.498
 29 14.8645
 30 7.80276
 31 22.471
 32 4.79348
 33 24.8046
 34 14.4999
 35 9.55069
 36 12.9268
 37 31.4432
 38 31.5777
 39 1.36101
 40 24.0398
 41 31.1343
 42 1.29286
 43 21.3576
 44 28.9962
 45 1.78812
 46 31.5715
 47 23.437
 48 9.91809
 49 30.8734
 50 13.1403
 51 13.5769
 52 10.2056
 53 30.9688
 54 16.4271
 55 7.21072
 56 13.2003
 57 30.4632
 58 8.47311
 59 8.77623
 60 9.71505
 61 4.84163
 62 1.31746
 63 14.2102
 64 18.3092
 65 0.981613
 66 19.2742
 67 30.2213
 68 2.89173
 69 31.6203
 70 31.6228
 71 31.4237
 72 1.50631
 73 31.6173
 74 1.63185
 75 31.3492
 76 31.4428
 77 1.48168
 78 28.2038
 79 31.6062
 80 2.6786
 81 30.3217
 82 31.4558
 83 19.5324
 84 1.34716
 85 10.8775
 86 1.38464
 87 30.8792
 88 1.10093
 89 1.04648
 90 1.23133
 91 2.44407
 92 18.7938
 93 27.4017
 94 20.9597
 95 27.645
 96 29.9074
 97 17.9713
 98 14.9584
 99 9.67179
 100 26.6333
 101 30.4381
 102 9.5895
 103 11.9759
 104 11.3429
 105 11.1728
 106 12.4955
 107 12.557
 108 12.6468
 109 10.4925
 110 8.30601
 111 13.1071
 112 14.0252
 113 13.3385
 114 12.5551
 115 12.7576
 116 10.7001
 117 12.5622
 118 13.4421
 119 11.688
 120 8.85103
 121 10.7805
 122 6.80268
 123 7.61762
 124 5.68182
 125 5.24005
 126 6.82781
 127 4.61862
 128 9.2793
 129 7.4031
 130 7.30741
 131 4.09965
 132 4.44991
 133 4.66878
 134 5.92278
 135 2.72992
 136 6.80519
 137 2.99934
 138 2.88869
 139 2.87273
 140 3.15093
 141 3.1236
 142 2.68479
 143 2.8319
 144 3.73448
 145 3.74175
 146 3.38319
 147 2.96864
 148 4.90097
 149 3.93641
 150 3.32756
 151 3.51554
 152 4.70589
 153 4.54408
 154 3.6671
 155 4.35383
 156 4.77152
 157 6.75624
 158 0.193455
 159 0.277022
 160 0.271976
 161 1.41364
 162 5.09203
 163 11.7562
 164 15.5382
 165 0.907331
