 1 1000
 2 562.927
 3 5.08407
 4 1000
 5 611.856
 6 53.6647
 7 999.957
 8 15.4942
 9 980.31
 10 907.132
 11 4.45087
 12 740.32
 13 1000
 14 999.399
 15 0.814598
 16 1000
 17 999.171
 18 1.0138
 19 1000
 20 977.035
 21 20.8614
 22 1000
 23 995.008
 24 4.64674
 25 237.864
 26 268.942
 27 11.1928
 28 993.551
 29 317.669
 30 154.004
 31 525.751
 32 113.533
 33 720.651
 34 215.153
 35 191.379
 36 268.511
 37 989.807
 38 998.426
 39 3.1026
 40 590.4
 41 973.249
 42 1.74452
 43 481.067
 44 871.9
 45 14.2635
 46 998.112
 47 726.557
 48 275.975
 49 961.469
 50 182.831
 51 274.351
 52 198.73
 53 967.842
 54 274.842
 55 117.047
 56 243.866
 57 946.964
 58 80.1498
 59 128.862
 60 152.03
 61 29.2198
 62 1.76326
 63 211.226
 64 389.168
 65 1.92231
 66 420.416
 67 953.557
 68 48.5763
 69 999.913
 70 1000
 71 992.761
 72 6.99847
 73 999.749
 74 10.4481
 75 990.782
 76 989.736
 77 5.7983
 78 804.289
 79 999.256
 80 41.7832
 81 955.213
 82 991.868
 83 405.381
 84 2.37633
 85 133.235
 86 2.41526
 87 968.748
 88 1.71311
 89 1.64149
 90 1.88427
 91 8.70889
 92 428.067
 93 833.372
 94 554.551
 95 828.816
 96 927.589
 97 374.943
 98 281.466
 99 142.624
 100 755.594
 101 944.824
 102 114.045
 103 160.439
 104 146.386
 105 140.304
 106 167.372
 107 171.206
 108 174.395
 109 128.896
 110 94.8433
 111 189.383
 112 206.246
 113 188.906
 114 171.748
 115 182.605
 116 140.763
 117 179.425
 118 198.947
 119 154.173
 120 91.9391
 121 125.955
 122 49.1828
 123 60.1679
 124 38.2052
 125 30.2866
 126 50.6576
 127 27.4141
 128 97.5544
 129 68.2498
 130 62.0745
 131 19.9148
 132 20.7048
 133 23.0058
 134 36.2177
 135 8.89889
 136 47.2427
 137 10.2029
 138 9.26613
 139 9.13524
 140 10.7413
 141 11.4366
 142 8.65268
 143 9.2108
 144 14.8994
 145 14.8057
 146 12.4403
 147 10.0115
 148 24.8624
 149 16.5679
 150 12.2359
 151 13.6664
 152 23.0849
 153 21.6234
 154 14.3374
 155 19.7165
 156 23.7583
 157 46.7122
 158 0.222789
 159 0.126238
 160 0.16705
 161 3.75411
 162 31.6304
 163 165.588
 164 258.083
 165 6.07035
