 Smallest eigenvalues
   1.213e-06   (9 -1) 
  1.3741e-06   (47 0.799) (49 -0.406) (41 0.221) (40 -0.171) (42 -0.137) (39 0.128) (50 0.0925) (154 0.0856) (51 0.0821) (57 0.0795) (46 0.0763) (56 -0.0724) (82 0.0668) (44 -0.0657) (43 0.0613) (30 -0.0535) (52 0.0511) (53 -0.0497) (55 0.0462) (13 -0.0416) (81 -0.0377) (15 -0.0371) (59 -0.0364) (68 -0.0348) (31 -0.0323) (48 -0.0307) (17 -0.0282) (21 0.0269) (78 0.0267) (34 0.026) (38 0.0259) (20 0.0253) (67 0.0249) (84 0.024) (24 -0.0229) (54 0.0225) (26 -0.0209) (29 -0.0208) (77 0.0208) (25 0.0175) (37 -0.0171) (61 0.0166) (27 -0.0152) (79 -0.0149) (76 -0.0149) (66 -0.0148) (22 0.0138) (16 -0.0134) (74 0.0126) (88 0.0122) (89 -0.0113) (72 0.0112) (69 0.0108) (23 0.0105) (28 -0.0101) (36 -0.01) 
  1.4289e-06   (154 0.996) (47 -0.0687) (49 0.0348) (41 -0.0191) (40 0.0148) (42 0.0118) (39 -0.011) 
  2.9011e-06   (6 -1) 
  3.7375e-06   (43 0.499) (46 -0.413) (45 -0.395) (41 0.305) (150 -0.281) (44 -0.281) (47 -0.241) (40 -0.194) (39 0.138) (42 -0.126) (48 0.124) (30 -0.0535) (82 0.0528) (56 -0.0528) (57 0.0482) (13 -0.0358) (31 -0.0333) (15 -0.0315) (53 -0.029) (50 -0.0289) (68 -0.028) (26 -0.0273) (81 -0.0272) (49 -0.0262) (55 0.0241) (17 -0.024) (20 0.0235) (21 0.0231) (54 0.023) (34 0.0223) (24 -0.0211) (38 0.021) (59 -0.019) (84 0.0179) (78 0.0177) (37 -0.0167) (79 -0.0149) (16 -0.0139) (66 -0.0131) (36 -0.0112) (67 0.0101) 
  4.0423e-06   (150 -0.96) (43 -0.146) (46 0.121) (45 0.116) (41 -0.0896) (44 0.0823) (47 0.0707) (40 0.057) (39 -0.0406) (42 0.0369) (48 -0.0363) (30 0.0157) (56 0.0154) (82 -0.0152) (57 -0.0141) (13 0.0105) 
  6.2059e-06   (2 0.997) (31 -0.0577) (30 -0.0325) (34 -0.0271) (33 0.0219) 
  1.0195e-05   (153 -0.993) (31 -0.0898) (30 -0.0507) (34 -0.0418) (33 0.0347) (26 -0.0132) (39 -0.0102) 
  1.6288e-05   (31 0.738) (30 0.416) (34 0.343) (33 -0.285) (153 -0.121) (26 0.109) (39 0.0843) (36 -0.0806) (2 0.0767) (32 0.0618) (17 0.0581) (20 -0.0573) (40 -0.056) (24 0.0545) (28 0.0514) (15 0.0452) (13 0.0451) (42 -0.0448) (43 0.0382) (82 -0.0366) (21 -0.0361) (41 0.0357) (27 0.0334) (25 -0.026) (44 -0.0257) (81 0.0216) (47 0.0215) (16 0.0205) (48 -0.0199) (22 -0.0174) (23 -0.0146) (29 -0.014) (68 0.0131) (53 0.0121) (56 0.0118) (75 0.0114) 
  3.5233e-05   (20 -0.658) (21 0.48) (45 0.385) (22 0.22) (44 -0.152) (46 0.135) (47 -0.129) (41 0.114) (42 -0.107) (43 0.0947) (40 -0.0919) (17 0.083) (39 0.0749) (23 -0.0656) (36 -0.0591) (33 0.0379) (56 -0.0377) (30 -0.0326) (24 -0.0313) (32 -0.031) (28 -0.0302) (26 -0.0298) (25 0.029) (55 0.0282) (15 0.0275) (78 0.0265) (31 -0.0262) (35 -0.0255) (73 0.0254) (29 -0.0244) (72 0.0243) (50 -0.0238) (48 0.0204) (53 -0.0201) (67 0.02) (57 0.0188) (49 -0.0184) (82 0.0175) (62 0.0163) (81 -0.0155) (65 0.014) (19 0.0127) (61 0.0113) (52 -0.011) (84 0.0109) (54 0.0101) 
  8.5595e-05   (155 -0.998) (45 0.044) (20 0.0287) (21 -0.0185) (44 -0.0164) (46 0.0158) (47 -0.0158) (40 -0.0149) (42 -0.0135) (43 0.0101) 
  8.8431e-05   (45 -0.64) (20 -0.41) (21 0.264) (44 0.239) (46 -0.23) (47 0.229) (40 0.216) (42 0.196) (43 -0.146) (41 -0.137) (22 0.122) (39 -0.102) (17 0.0709) (155 -0.0689) (23 -0.0509) (48 -0.0507) (82 -0.0488) (53 0.0445) (49 0.0414) (15 0.0401) (55 -0.0389) (54 -0.0387) (81 0.034) (57 -0.0338) (56 0.0315) (13 0.0313) (72 -0.0282) (78 -0.0277) (73 -0.0262) (67 -0.0253) (35 -0.0241) (30 0.024) (26 0.0192) (52 0.0185) (65 -0.0174) (59 0.0173) (62 -0.0168) (84 -0.0156) (38 -0.0151) (29 -0.015) (32 0.0149) (51 0.0146) (74 -0.0144) (68 0.0144) (25 0.0137) (16 0.013) (31 0.0125) (33 0.0122) (37 0.0114) (61 -0.0113) (60 -0.0111) (69 -0.0108) 
  0.00012139   (1 1) 
   0.0001325   (13 -0.93) (15 0.302) (16 0.115) (14 -0.0969) (17 0.0817) (21 -0.0558) (20 -0.0481) (24 0.0431) (30 0.0363) (22 -0.0287) (41 -0.0286) (18 -0.0265) (39 -0.0224) (40 0.0211) (25 -0.0191) (12 -0.0191) (11 0.0191) (34 -0.0183) (23 -0.0177) (29 0.0145) (26 0.0138) (31 0.0131) (38 -0.0114) 
  0.00018441   (159 1) 
  0.00020309   (3 1) 
  0.00024958   (16 -0.84) (15 -0.416) (17 0.225) (13 -0.196) (21 -0.0845) (20 -0.0838) (24 0.0713) (18 -0.0541) (30 0.0472) (25 -0.0331) (23 -0.0315) (22 -0.0307) (39 -0.0225) (40 0.0221) (34 -0.0207) (41 -0.0201) (29 0.0171) (31 0.0169) (26 0.0143) (158 0.0135) (28 0.0105) (12 -0.01) 
  0.00025667   (158 1) (16 0.0114) 
  0.00026223   (7 -1) 
  0.00028305   (25 0.935) (27 0.158) (24 -0.145) (152 -0.141) (23 0.112) (30 0.0923) (20 0.077) (17 -0.0726) (21 0.0628) (13 -0.0568) (22 0.049) (15 -0.0482) (16 -0.0418) (36 -0.0414) (31 0.0389) (47 -0.037) (33 0.0353) (49 -0.0349) (48 -0.0284) (29 0.0284) (39 -0.0271) (32 -0.0235) (41 -0.0235) (40 0.0213) (46 0.0208) (35 0.0169) (45 -0.0166) (82 0.0152) (34 -0.0148) (56 -0.0146) (42 0.0145) (75 0.0108) (26 -0.0106) 
  0.00029064   (152 -0.99) (25 -0.133) (27 -0.0225) (24 0.0206) (23 -0.016) (30 -0.0132) (20 -0.011) (17 0.0104) 
  0.00029677   (5 -1) 
  0.00032071   (18 0.749) (17 -0.589) (20 -0.164) (19 -0.0975) (15 -0.0975) (16 -0.0974) (13 -0.0929) (22 -0.0894) (21 -0.0753) (156 -0.0613) (23 -0.0527) (30 0.0435) (25 -0.0378) (24 0.0209) (47 -0.0173) (40 0.0167) (36 -0.0157) (27 0.0151) (82 0.0145) (14 -0.0139) (42 0.0135) (56 -0.0135) (33 0.0133) (29 0.0128) (43 -0.012) (31 0.0103) (49 -0.0101) 
  0.00032468   (156 -0.998) (18 -0.046) (17 0.0362) (20 0.0101) 
  0.00034901   (74 0.692) (57 -0.381) (59 0.351) (73 -0.243) (70 0.204) (66 -0.159) (53 -0.133) (41 0.129) (54 0.102) (55 0.0902) (52 -0.0843) (72 0.0842) (82 -0.0763) (46 0.0722) (43 -0.0593) (56 -0.0581) (51 -0.0566) (45 -0.0563) (40 -0.055) (50 0.0528) (71 -0.0504) (67 -0.0498) (44 0.0477) (68 0.0447) (38 0.0407) (60 -0.0399) (34 0.0379) (81 0.0354) (75 0.0338) (48 -0.0325) (39 0.0299) (21 0.0281) (15 -0.0272) (26 -0.0268) (122 0.0261) (30 -0.0259) (13 -0.0252) (89 -0.0235) (47 -0.0224) (20 0.0223) (37 -0.0212) (97 0.0204) (49 0.0201) (101 0.0187) (79 0.0186) (99 -0.0175) (32 0.0172) (88 0.0171) (121 -0.0147) (115 -0.0134) (151 0.0131) (33 -0.013) (125 -0.0128) (62 -0.0127) (116 0.0125) (29 -0.0123) (104 0.0121) (22 0.0121) (27 -0.0118) (90 -0.0114) (107 -0.0111) (65 0.0105) (98 0.0105) (23 -0.0104) (100 -0.0101) 
  0.00042443   (74 -0.597) (57 -0.436) (59 0.342) (66 -0.233) (73 0.231) (70 0.187) (151 0.186) (41 0.165) (46 0.122) (49 0.105) (39 0.105) (54 0.102) (53 -0.0976) (48 -0.0929) (52 -0.0897) (40 -0.0794) (45 -0.0781) (67 -0.0757) (72 -0.0559) (34 0.0539) (43 -0.0513) (30 -0.0488) (13 -0.0458) (15 -0.0445) (68 0.0435) (38 0.0432) (56 -0.0411) (60 -0.0406) (44 0.0387) (20 0.0366) (26 -0.0363) (55 0.035) (21 0.0329) (119 -0.0322) (78 -0.0293) (37 -0.028) (84 0.0258) (29 -0.0233) (31 -0.0225) (17 -0.0222) (22 0.0215) (65 0.0207) (71 0.0206) (126 -0.0194) (124 -0.0192) (75 -0.0188) (89 -0.0185) (32 0.0174) (33 -0.017) (51 -0.0167) (116 0.0165) (62 -0.0148) (97 0.0134) (125 0.0131) (134 -0.0129) (27 -0.0128) (122 -0.012) (115 -0.0118) (117 -0.0114) (28 -0.0114) (120 0.0112) (88 0.0108) (129 -0.0107) (118 0.0105) 
  0.00044328   (151 0.982) (74 0.104) (57 0.0877) (59 -0.0693) (66 0.046) (73 -0.0404) (70 -0.0378) (41 -0.0335) (46 -0.0243) (54 -0.0207) (39 -0.0205) (53 0.0205) (49 -0.0203) (52 0.0183) (48 0.0181) (40 0.016) (45 0.0158) (67 0.0149) (34 -0.0109) (43 0.0107) 
  0.00045536   (22 -0.829) (21 0.53) (20 0.0939) (23 0.0626) (24 0.0605) (51 -0.0599) (52 0.0455) (49 0.0442) (18 -0.0415) (48 -0.0305) (53 0.0299) (46 0.0219) (16 -0.0219) (13 -0.0185) (57 0.0184) (17 -0.018) (39 0.0172) (54 -0.0167) (15 -0.0131) (19 0.0129) (26 0.0128) (45 -0.011) (41 0.0104) 
  0.00046457   (148 -0.571) (51 -0.48) (52 0.317) (49 0.307) (48 -0.235) (53 0.22) (41 0.174) (46 0.152) (54 -0.131) (57 0.104) (39 0.0953) (22 0.0904) (50 0.0887) (40 -0.0843) (45 -0.081) (59 -0.0625) (55 0.0517) (47 0.0482) (30 -0.0464) (34 0.0415) (56 -0.0387) (15 -0.0341) (13 -0.0338) (74 0.0299) (26 -0.0297) (38 0.0289) (43 -0.0286) (21 -0.0255) (31 -0.0238) (82 0.021) (20 0.0198) (68 -0.0195) (37 -0.0177) (44 0.0175) (24 -0.0151) (73 -0.0145) (17 -0.0141) (29 -0.0138) (42 -0.0136) (32 0.0127) (33 -0.0117) (81 -0.0116) (27 -0.0114) (67 0.0114) (119 -0.0112) (84 0.0106) 
  0.00049874   (148 -0.821) (51 0.334) (52 -0.22) (49 -0.214) (48 0.164) (53 -0.153) (41 -0.121) (46 -0.105) (54 0.0908) (57 -0.0721) (39 -0.0664) (50 -0.0616) (22 -0.0597) (40 0.0586) (45 0.0564) (59 0.0434) (55 -0.0359) (47 -0.0335) (30 0.0323) (34 -0.0289) (56 0.0269) (15 0.0238) (13 0.0236) (74 -0.0208) (26 0.0206) (38 -0.0201) (43 0.0199) (31 0.0165) (21 0.0157) (82 -0.0145) (20 -0.0141) (68 0.0135) (37 0.0123) (44 -0.0122) (24 0.0103) (73 0.01) 
   0.0005372   (52 -0.658) (53 0.397) (39 -0.384) (50 0.285) (41 0.22) (40 -0.201) (49 0.149) (48 -0.134) (57 0.102) (51 0.0896) (55 -0.088) (46 0.0812) (54 -0.0721) (59 -0.0562) (45 -0.0532) (56 -0.0503) (42 -0.0376) (38 0.0264) (47 0.0217) (70 0.0199) (149 -0.0196) (68 -0.0189) (82 0.016) (21 0.0157) (81 -0.0116) (37 -0.0109) (84 0.0103) 
  0.00053976   (149 -0.932) (39 0.302) (52 -0.125) (40 0.0961) (53 0.0637) (50 0.0583) (41 -0.0555) (30 -0.0246) (57 0.0217) (42 0.0192) (34 0.0182) (55 -0.0158) (43 -0.0156) (44 0.0154) (26 -0.0152) (56 -0.0142) (82 0.0133) (47 -0.0132) (59 -0.0124) (20 0.012) (74 0.012) (15 -0.012) (31 -0.0116) (54 -0.011) (13 -0.0105) 
   0.0005492   (39 -0.757) (149 -0.362) (52 0.357) (40 -0.236) (53 -0.185) (50 -0.166) (41 0.131) (30 0.0633) (57 -0.0613) (42 -0.0473) (34 -0.0472) (55 0.0452) (43 0.0405) (26 0.0396) (44 -0.0395) (56 0.0393) (82 -0.0353) (59 0.0348) (47 0.0327) (54 0.0321) (74 -0.0314) (15 0.0311) (20 -0.031) (31 0.0295) (13 0.0273) (68 0.023) (22 -0.0219) (81 0.0194) (21 -0.0176) (73 0.0175) (67 -0.0135) (36 0.0135) (27 0.0131) (23 -0.0131) (33 0.0117) (17 0.0117) (46 0.0115) (32 -0.0114) (48 0.0108) 
  0.00056782   (70 -0.912) (57 -0.212) (72 -0.18) (59 0.139) (51 -0.0996) (41 0.0753) (55 0.0747) (71 0.0728) (52 -0.0721) (50 0.0679) (54 0.0593) (67 0.0586) (73 0.0573) (74 0.0502) (53 -0.0462) (49 -0.0435) (66 0.04) (40 -0.039) (43 -0.0354) (146 -0.0336) (82 -0.0282) (44 0.0277) (45 -0.0267) (38 0.026) (46 0.0251) (75 0.0248) (47 -0.0247) (84 0.0246) (34 0.022) (21 0.022) (124 -0.0203) (26 -0.0185) (77 0.0182) (30 -0.0179) (122 0.017) (15 -0.0169) (88 0.0156) (78 -0.0154) (13 -0.015) (89 -0.0149) (37 -0.0139) (56 0.0137) (126 -0.0135) (20 0.0133) (90 0.0128) (60 -0.0124) (96 0.0122) (115 -0.0113) (69 -0.011) (76 0.0102) (119 -0.0102) (32 0.01) 
  0.00057861   (146 -0.764) (51 0.41) (49 0.322) (48 -0.188) (50 -0.188) (46 0.107) (53 -0.107) (39 0.0941) (41 0.0929) (57 0.0817) (70 -0.054) (74 0.0536) (45 -0.0526) (52 0.0507) (54 -0.0448) (47 0.0438) (40 -0.0354) (59 -0.0301) (30 -0.0288) (82 0.0286) (73 -0.0261) (66 0.0234) (15 -0.023) (34 0.0223) (20 0.0204) (13 -0.0196) (26 -0.0194) (67 0.0184) (68 -0.0162) (56 0.0162) (31 -0.0152) (38 0.0138) (42 -0.0137) (81 -0.0137) (22 0.0134) (119 -0.0121) (17 -0.012) (21 0.0119) (37 -0.0112) (147 -0.0108) (43 -0.0107) 
  0.00059702   (146 -0.644) (51 -0.482) (49 -0.38) (48 0.223) (50 0.219) (53 0.129) (46 -0.129) (41 -0.115) (39 -0.112) (70 0.112) (57 -0.0855) (74 -0.0664) (45 0.064) (52 -0.0563) (47 -0.0507) (54 0.0499) (40 0.0444) (30 0.0352) (82 -0.0328) (66 -0.03) (15 0.0284) (59 0.0282) (73 0.0281) (34 -0.0277) (20 -0.0251) (67 -0.025) (13 0.0241) (26 0.0241) (56 -0.02) (68 0.0196) (31 0.0184) (38 -0.0179) (22 -0.0164) (42 0.0163) (81 0.0161) (21 -0.0155) (43 0.0148) (17 0.0144) (37 0.0141) (119 0.0137) (29 0.0118) 
  0.00070072   (38 0.904) (21 0.202) (20 0.168) (22 0.154) (41 -0.145) (24 0.134) (40 0.0957) (37 -0.0934) (39 -0.0733) (15 -0.0703) (34 0.0642) (43 0.0519) (13 -0.0516) (17 -0.0466) (46 -0.0419) (44 -0.0395) (45 0.0365) (25 -0.0296) (33 -0.0293) (53 0.0269) (32 0.0257) (57 0.018) (52 0.0175) (23 0.0173) (18 0.0157) (54 -0.0155) (59 -0.014) (47 0.0138) (50 -0.0132) (51 0.0117) 
  0.00078919   (21 0.497) (20 0.422) (24 0.416) (22 0.411) (38 -0.335) (26 0.144) (15 -0.127) (17 -0.127) (30 0.114) (34 -0.103) (23 0.0999) (25 -0.084) (13 -0.0839) (29 0.0559) (37 0.054) (18 0.0483) (27 0.0479) (32 -0.0424) (31 0.0405) (28 0.0358) (33 0.0358) (142 0.0355) (39 -0.023) (41 -0.0106) 
   0.0010207   (142 0.975) (143 0.219) (21 -0.0194) (20 -0.0165) (24 -0.016) (22 -0.016) 
   0.0011435   (48 0.537) (46 0.404) (41 0.277) (15 -0.231) (45 -0.227) (43 -0.217) (49 -0.216) (53 0.211) (47 -0.211) (44 0.209) (50 -0.138) (51 0.135) (40 -0.132) (54 -0.131) (16 0.123) (52 0.117) (13 -0.0771) (59 -0.0724) (39 0.0708) (57 0.0621) (38 0.0605) (34 0.051) (42 0.0483) (56 0.0393) (82 -0.0349) (68 0.0294) (55 -0.0293) (26 -0.0273) (30 -0.026) (33 -0.0244) (37 -0.0242) (81 0.0212) (17 0.0212) (78 -0.0185) (32 0.0185) (67 -0.0171) (70 0.0159) (29 -0.0135) (79 0.0126) (27 -0.0121) (84 0.0114) (66 0.0109) (21 0.0108) 
    0.001271   (15 -0.776) (16 0.493) (13 -0.153) (20 -0.132) (48 -0.125) (46 -0.115) (17 0.114) (21 -0.107) (41 -0.106) (22 -0.08) (45 0.0685) (43 0.0646) (44 -0.0597) (34 -0.0533) (26 0.0531) (40 0.0529) (30 0.0526) (47 0.052) (49 0.0472) (39 -0.0457) (53 -0.0451) (38 -0.0334) (50 0.0333) (51 -0.0293) (54 0.0276) (24 0.0269) (29 0.0269) (52 -0.0248) (18 -0.0216) (32 -0.0205) (27 0.0203) (33 0.02) (31 0.0176) (37 0.0144) (59 0.0133) (28 0.0125) (57 -0.0111) (14 0.0107) (42 -0.0104) 
   0.0012859   (145 -1) (134 -0.0102) 
   0.0014809   (53 -0.615) (54 -0.51) (34 0.326) (55 -0.226) (52 -0.192) (51 -0.184) (30 -0.135) (36 -0.129) (50 0.123) (57 0.113) (59 -0.0913) (31 -0.0846) (32 0.0819) (56 0.0705) (26 -0.0701) (33 -0.0687) (39 -0.0589) (15 -0.0471) (37 0.0467) (21 0.0458) (43 -0.0455) (20 0.0445) (47 -0.0437) (44 0.0392) (13 -0.037) (46 0.0359) (29 -0.0353) (71 0.0345) (38 -0.0329) (45 -0.0324) (27 -0.0316) (41 0.0315) (82 -0.031) (28 -0.0302) (68 0.0294) (22 0.0286) (49 -0.0284) (137 -0.019) (67 -0.0178) (81 0.0151) (73 0.0147) (66 -0.0141) (70 0.0133) (121 -0.0113) (79 0.0109) (17 -0.0102) 
    0.001522   (34 0.666) (36 -0.29) (53 0.29) (30 -0.269) (54 0.207) (31 -0.185) (41 -0.168) (32 0.153) (38 -0.148) (39 -0.144) (37 0.134) (33 -0.129) (137 -0.112) (26 -0.111) (52 0.0972) (51 0.0961) (55 0.0934) (40 0.0911) (50 -0.0694) (20 0.0672) (15 -0.0636) (46 -0.0621) (29 -0.0601) (21 0.0568) (45 0.0548) (43 0.0541) (28 -0.0533) (13 -0.0518) (27 -0.05) (44 -0.0449) (22 0.0447) (57 -0.0347) (59 0.0308) (17 -0.0261) (56 -0.0233) (48 0.0233) (47 0.021) (24 -0.0199) (25 0.0193) (82 0.0146) (71 -0.0136) (35 0.0106) (74 0.0105) 
   0.0015739   (137 -0.993) (34 -0.0816) (36 0.0353) (30 0.033) (31 0.0225) (53 -0.0208) (134 -0.0204) (32 -0.0188) (41 0.0181) (39 0.0173) (38 0.0172) (37 -0.016) (33 0.016) (26 0.014) (54 -0.0137) (40 -0.0101) 
    0.001699   (14 0.93) (30 -0.244) (31 0.204) (29 -0.102) (13 -0.101) (34 -0.0722) (32 -0.0431) (28 -0.038) (133 0.0354) (26 -0.0262) (39 -0.0202) (41 -0.0192) (40 0.0172) (15 0.0171) (33 0.0158) (71 -0.0147) (18 0.0141) (24 -0.0141) (38 -0.0139) (37 0.0116) (22 0.0106) (36 0.0105) 
   0.0018026   (30 -0.563) (133 0.523) (31 0.448) (14 -0.317) (29 -0.221) (34 -0.154) (32 -0.0941) (26 -0.0724) (28 -0.0549) (15 -0.0494) (39 -0.0472) (20 0.0423) (41 -0.0377) (24 -0.035) (21 0.0348) (17 -0.0338) (33 0.0285) (37 0.0276) (36 0.0256) (40 0.0251) (38 -0.0238) (27 -0.0218) (35 -0.0211) (22 0.0197) (25 0.0184) (42 0.0175) (19 0.0163) (23 0.0147) (16 -0.0138) (44 0.0134) (46 -0.0129) (50 0.0123) (45 0.0103) (48 0.0102) 
   0.0020595   (133 0.852) (30 0.355) (31 -0.284) (14 0.156) (29 0.14) (34 0.0975) (32 0.0595) (26 0.0455) (28 0.0353) (39 0.0297) (15 0.0296) (20 -0.0261) (41 0.0239) (24 0.0221) (21 -0.0215) (17 0.0212) (33 -0.0181) (37 -0.0174) (36 -0.0162) (40 -0.0161) (38 0.0151) (27 0.0137) (35 0.0133) (22 -0.0125) (25 -0.0116) (42 -0.0108) (19 -0.0101) 
   0.0021447   (29 -0.91) (30 0.275) (50 0.204) (31 -0.148) (52 0.0867) (51 0.0845) (26 -0.0432) (48 0.0431) (34 -0.0385) (72 0.0359) (20 0.0322) (49 0.0311) (28 -0.0294) (27 0.027) (37 0.0239) (46 -0.0238) (47 -0.0229) (41 -0.0223) (35 0.0223) (45 0.0217) (54 -0.0211) (73 -0.0203) (59 0.018) (130 0.0178) (56 -0.0177) (74 -0.0171) (42 0.0162) (15 -0.0141) (36 0.013) (23 -0.0119) (67 0.0114) (38 -0.0112) (71 -0.0108) (22 0.0104) 
   0.0023442   (72 0.672) (73 -0.412) (67 0.273) (74 -0.244) (130 0.22) (71 -0.211) (77 -0.179) (69 -0.137) (70 -0.134) (82 -0.101) (59 0.0844) (66 0.0725) (68 -0.0675) (56 0.0672) (78 -0.0667) (54 0.0629) (129 0.06) (40 -0.0574) (51 -0.055) (75 -0.0513) (81 0.0497) (55 -0.0493) (50 -0.0473) (64 0.0469) (62 0.0438) (83 -0.0399) (52 -0.0386) (86 0.0353) (61 0.0331) (49 -0.0318) (105 -0.0316) (53 -0.0294) (44 0.0283) (42 -0.0275) (79 -0.0273) (45 -0.0271) (76 0.0271) (101 -0.0259) (29 0.0257) (102 0.0249) (43 -0.0224) (80 0.0216) (48 -0.021) (84 0.0206) (30 -0.0206) (63 0.0202) (46 0.017) (131 0.0155) (60 -0.015) (89 -0.0146) (93 -0.0141) (87 0.0135) (85 -0.0117) (90 0.0113) (58 -0.0108) (47 -0.0107) (38 0.0104) (34 0.0101) 
   0.0024288   (130 0.59) (50 -0.59) (52 -0.268) (51 -0.255) (29 -0.181) (72 -0.164) (129 0.153) (48 -0.103) (42 -0.0857) (54 0.0855) (131 0.0843) (59 -0.0824) (73 0.0802) (74 0.0768) (49 -0.072) (56 0.0714) (45 -0.0462) (47 0.0458) (57 0.0398) (30 0.0389) (46 0.0378) (69 0.037) (67 -0.0343) (71 0.0341) (70 0.0339) (40 -0.0255) (77 0.0222) (35 0.0219) (84 -0.0203) (78 0.0199) (41 -0.0189) (82 0.0183) (64 -0.0175) (61 -0.0174) (20 0.0163) (31 -0.0162) (80 -0.0161) (26 -0.0158) (43 -0.0142) (68 0.014) (75 0.014) (60 0.0135) (81 -0.0132) (53 0.0128) (65 0.0124) (119 0.0122) (91 0.0118) (90 -0.0117) (102 -0.0112) (115 0.0104) (88 0.0103) (85 -0.0103) (55 -0.01) 
   0.0024923   (130 0.718) (50 0.49) (52 0.228) (51 0.223) (129 0.192) (29 0.163) (131 0.131) (48 0.0898) (54 -0.0885) (56 -0.0784) (42 0.0779) (72 -0.0706) (49 0.0678) (73 0.0594) (67 -0.0552) (45 0.0455) (59 0.0409) (40 0.0387) (71 0.0365) (77 0.0356) (46 -0.0356) (47 -0.0334) (30 -0.0322) (57 -0.0295) (55 0.0232) (43 0.0184) (35 -0.0182) (44 -0.0159) (41 0.0157) (31 0.0157) (26 0.0156) (83 0.0155) (76 -0.0152) (82 0.0148) (66 -0.0143) (20 -0.0141) (70 0.0132) (85 0.0115) (69 0.0115) (74 0.0114) (91 -0.0113) (62 -0.0109) (39 -0.0106) (84 0.0105) (15 0.0105) (65 -0.0103) 
   0.0026356   (23 -0.901) (24 -0.255) (20 0.196) (21 0.13) (54 -0.116) (55 0.111) (26 0.0922) (56 0.09) (59 0.078) (53 0.0463) (41 -0.0433) (15 -0.0389) (28 0.0365) (32 -0.0342) (25 0.0317) (27 0.0315) (34 -0.0278) (43 0.0261) (38 -0.026) (29 0.0236) (50 -0.0235) (57 0.0228) (22 0.0218) (30 0.0216) (13 -0.0204) (45 0.0198) (46 -0.0196) (12 -0.0188) (44 -0.0185) (51 0.0182) (37 0.0176) (82 0.0145) (47 0.0141) (68 -0.0141) (119 0.0138) (42 0.0118) (11 0.0115) (18 -0.0102) 
   0.0029283   (59 -0.761) (57 -0.525) (56 -0.231) (68 -0.168) (23 -0.0991) (67 0.0923) (54 0.0905) (53 -0.0772) (60 0.0638) (50 0.0387) (84 -0.0382) (55 0.0367) (66 -0.0362) (72 0.0362) (43 -0.0359) (132 -0.0355) (41 0.0332) (49 0.0328) (124 -0.0312) (82 -0.0309) (81 0.0291) (20 0.0281) (45 -0.027) (105 0.026) (101 0.0258) (102 -0.0246) (24 -0.0236) (73 -0.023) (71 -0.0223) (65 0.0216) (46 0.0215) (62 0.021) (21 0.0207) (78 0.02) (70 0.0194) (90 -0.0187) (42 -0.0184) (44 0.0179) (58 0.0169) (123 -0.0169) (40 0.0169) (47 -0.0167) (99 -0.0166) (34 0.0154) (110 -0.0141) (48 -0.0131) (77 -0.0123) (80 -0.0114) (51 0.0114) (97 0.0113) (31 0.0107) (63 0.01) 
   0.0031032   (132 -0.823) (55 -0.375) (54 0.314) (56 -0.152) (57 0.132) (23 -0.0952) (68 0.0792) (53 -0.079) (50 0.0459) (67 -0.0429) (40 -0.0389) (52 0.0376) (41 0.0351) (51 -0.0346) (42 0.0331) (46 0.0315) (44 0.0314) (82 -0.0308) (43 -0.0306) (24 -0.0253) (20 0.0244) (66 0.0232) (21 0.0231) (47 -0.022) (72 -0.0201) (49 0.0183) (45 -0.0175) (59 0.016) (70 -0.0156) (81 0.0154) (48 -0.0141) (78 -0.014) (39 0.0139) (74 0.0138) (84 0.0137) (34 0.0126) (15 -0.0126) (73 0.0124) (79 0.0119) (119 -0.0117) (38 0.0114) (33 -0.0106) (22 0.0105) (30 -0.0101) 
   0.0033857   (132 -0.567) (55 0.539) (54 -0.461) (56 0.235) (57 -0.156) (23 0.145) (53 0.12) (68 -0.105) (50 -0.0691) (67 0.0566) (40 0.0548) (52 -0.0535) (41 -0.0531) (51 0.0493) (46 -0.047) (43 0.0467) (82 0.0466) (44 -0.0466) (42 -0.0464) (124 -0.0407) (24 0.0382) (20 -0.0373) (21 -0.0348) (47 0.0329) (66 -0.0315) (123 -0.0294) (49 -0.0287) (45 0.0272) (72 0.0271) (59 0.0262) (119 0.0255) (81 -0.0239) (70 0.0214) (48 0.0212) (74 -0.0205) (39 -0.0199) (78 0.0194) (34 -0.0194) (84 -0.019) (15 0.0188) (79 -0.0173) (38 -0.0168) (73 -0.0167) (102 -0.0157) (22 -0.0154) (33 0.0154) (105 0.0145) (30 0.0143) (13 0.012) (121 -0.012) (71 -0.0119) (65 0.0107) (77 -0.0101) 
   0.0035835   (37 -0.947) (66 -0.216) (38 -0.138) (34 0.0785) (84 -0.0779) (41 -0.0625) (57 0.0616) (39 -0.045) (30 -0.0372) (40 0.0354) (59 -0.0311) (29 -0.0306) (70 -0.0294) (71 -0.0286) (46 -0.0285) (33 -0.0285) (65 0.0281) (56 0.0262) (86 -0.025) (128 -0.0233) (45 0.0227) (21 0.0219) (52 0.0198) (32 0.0159) (69 -0.0155) (55 -0.0152) (26 -0.0147) (53 0.014) (15 -0.0138) (68 0.0137) (82 0.0135) (85 -0.0134) (20 0.0134) (51 0.0122) (13 -0.0121) (67 0.0121) (36 -0.0118) (49 -0.0114) (105 -0.0111) (64 -0.0109) (42 0.0107) (73 -0.0106) (48 0.0103) 
    0.003702   (84 -0.853) (128 -0.298) (86 -0.208) (82 0.202) (66 0.157) (85 -0.101) (90 0.0988) (105 -0.0767) (102 0.0717) (87 0.0689) (81 -0.0633) (59 0.0599) (83 -0.0491) (92 -0.0453) (91 0.0447) (37 0.0446) (101 -0.0437) (57 -0.0411) (68 -0.0408) (93 -0.0394) (78 0.0379) (89 -0.0323) (80 0.0303) (41 0.0288) (79 -0.0284) (40 -0.028) (116 0.0255) (50 0.0255) (55 -0.0233) (115 -0.0218) (111 0.0213) (119 -0.0212) (53 -0.021) (103 0.0209) (113 0.0208) (100 0.0207) (88 0.0201) (54 0.0195) (117 -0.0192) (65 -0.0191) (46 0.0189) (38 0.0187) (125 -0.0184) (42 0.017) (94 -0.0168) (77 -0.0162) (96 0.0151) (110 -0.0142) (118 0.0136) (121 -0.0135) (44 0.0129) (97 -0.0128) (109 -0.0127) (126 -0.0118) (45 -0.0108) (43 -0.0103) (69 0.0101) (51 -0.01) 
   0.0038755   (128 -0.681) (66 0.588) (84 0.29) (37 -0.166) (57 -0.106) (70 0.089) (71 0.0863) (56 -0.0806) (86 0.0758) (65 -0.0752) (82 -0.0748) (59 0.0679) (55 0.049) (90 -0.0466) (69 0.0443) (67 -0.0401) (85 0.0336) (73 0.0335) (52 -0.0311) (105 0.031) (102 -0.0278) (64 0.0278) (91 -0.0231) (53 -0.023) (87 -0.023) (83 0.023) (101 0.0229) (68 -0.0228) (81 0.0204) (34 0.0188) (51 -0.0188) (42 -0.0183) (60 -0.0181) (38 -0.0175) (76 -0.017) (92 0.0164) (41 0.016) (110 0.0135) (74 -0.0135) (80 -0.0132) (97 0.0132) (46 0.0131) (126 -0.0127) (54 -0.0124) (30 -0.0123) (45 -0.012) (103 -0.0102) (20 0.0101) 
   0.0039378   (128 -0.668) (66 -0.662) (37 0.183) (57 0.125) (59 -0.0958) (70 -0.0928) (71 -0.0908) (84 0.089) (65 0.0842) (56 0.0789) (69 -0.0491) (68 0.0417) (55 -0.0382) (67 0.0366) (53 0.0327) (64 -0.0319) (52 0.0314) (73 -0.0304) (41 -0.0275) (34 -0.0251) (51 0.0233) (60 0.0219) (46 -0.0212) (78 -0.0191) (74 0.0179) (30 0.0166) (76 0.0165) (45 0.0165) (82 -0.0162) (86 0.0156) (77 0.0143) (38 0.014) (21 -0.0131) (15 0.0117) (29 0.0115) (20 -0.0112) (93 0.011) (85 0.0107) (13 0.0105) (42 0.0101) 
   0.0040327   (106 -0.73) (113 -0.272) (104 -0.27) (107 0.234) (114 -0.21) (68 0.19) (109 0.164) (97 0.142) (115 0.139) (101 0.131) (108 -0.106) (91 0.105) (120 0.0877) (98 -0.0828) (118 0.0796) (105 -0.0749) (71 -0.0729) (100 -0.0694) (67 -0.0667) (103 -0.0648) (92 0.0568) (89 0.0549) (117 -0.0537) (121 -0.0515) (102 0.0477) (56 -0.0473) (90 -0.0451) (147 -0.0446) (55 0.0389) (99 -0.0349) (116 -0.0337) (94 0.0334) (110 -0.0332) (82 0.0326) (69 -0.0286) (81 -0.0283) (88 -0.0261) (59 -0.0251) (70 -0.019) (73 -0.0184) (54 -0.0165) (66 0.0159) (111 -0.015) (79 -0.0147) (78 0.0144) (123 0.0138) (72 0.0124) (74 -0.0122) (112 0.0109) (124 -0.0107) (125 -0.0107) 
   0.0041432   (144 0.988) (147 0.152) (134 -0.0124) 
   0.0043443   (68 0.743) (56 -0.316) (71 -0.3) (67 -0.256) (55 0.242) (106 0.183) (69 -0.116) (59 -0.102) (70 -0.078) (107 -0.0757) (73 -0.0706) (82 0.0703) (105 0.0696) (74 -0.0605) (54 -0.0597) (104 0.0558) (81 -0.0542) (113 0.0537) (72 0.0521) (66 0.0499) (52 -0.0474) (102 -0.0469) (84 -0.0409) (42 -0.0381) (40 0.0368) (103 0.0367) (108 0.0361) (79 -0.0361) (78 0.0347) (115 -0.034) (50 -0.0333) (57 0.033) (109 -0.0328) (53 -0.0321) (90 -0.0285) (114 0.0272) (147 0.0271) (61 0.0255) (92 -0.0254) (118 -0.0253) (77 -0.025) (120 -0.0249) (97 -0.0191) (101 -0.0181) (80 0.0156) (94 -0.0148) (117 0.0142) (91 0.0136) (65 -0.0128) (76 0.0127) (23 -0.0116) (98 0.0115) (86 0.0111) (58 -0.0105) (75 -0.0103) (89 0.0101) (33 0.0101) 
   0.0044498   (44 -0.514) (71 -0.428) (43 -0.382) (79 -0.306) (80 -0.242) (72 -0.183) (42 -0.154) (83 0.153) (93 -0.143) (78 0.139) (86 0.129) (68 -0.122) (45 -0.12) (40 0.098) (81 -0.0958) (56 0.0852) (76 0.085) (55 -0.0809) (82 -0.0802) (98 -0.0676) (112 0.0672) (77 0.0654) (108 -0.0646) (99 -0.0487) (66 0.0437) (50 0.0419) (96 -0.041) (59 0.0405) (84 -0.0359) (103 -0.0322) (67 0.0305) (69 -0.0298) (73 -0.0287) (75 0.0286) (87 -0.0285) (97 0.0253) (28 -0.0252) (85 0.0236) (47 -0.0233) (48 0.0232) (74 -0.023) (106 0.0225) (52 0.0222) (89 0.0214) (101 -0.0192) (41 0.0179) (157 -0.0178) (91 -0.0156) (70 0.0154) (65 -0.0151) (104 0.0151) (46 0.0141) (39 -0.0139) (64 0.0134) (57 -0.0126) (54 0.0121) (14 -0.0118) 
    0.004474   (157 -0.999) (44 0.0288) (43 0.0216) (71 -0.0102) 
   0.0045742   (44 -0.524) (71 0.501) (43 -0.395) (72 0.221) (78 -0.205) (79 0.203) (42 -0.174) (80 0.152) (45 -0.134) (40 0.131) (68 0.127) (86 -0.118) (56 -0.0967) (83 -0.0895) (108 0.0832) (82 0.0699) (112 -0.0672) (66 -0.0652) (90 0.0567) (87 0.0499) (76 -0.0453) (105 0.045) (69 0.0448) (81 0.0429) (98 0.0413) (157 -0.0366) (55 0.0343) (99 0.0306) (101 0.0289) (48 0.028) (39 -0.0254) (65 0.025) (57 0.0239) (75 -0.0228) (67 -0.0221) (106 -0.0197) (91 0.019) (53 0.019) (70 -0.0187) (64 -0.0186) (84 0.0175) (74 0.0169) (85 -0.0158) (116 -0.0157) (33 0.0148) (102 -0.0147) (31 0.0139) (104 -0.0136) (73 0.0135) (47 -0.0133) (34 -0.0128) (97 -0.0122) (41 -0.0121) (28 -0.0117) (38 -0.0109) (23 -0.0108) (117 0.0107) (119 0.0106) 
   0.0047947   (19 0.954) (135 -0.215) (18 0.188) (17 0.0839) (21 -0.0233) (23 -0.0149) (8 0.0146) (26 0.0133) (20 0.0117) (22 -0.0101) 
   0.0048518   (135 -0.976) (19 -0.21) (18 -0.0415) (17 -0.0185) 
   0.0050213   (8 -1) (19 0.0129) 
   0.0051007   (4 1) 
    0.005275   (24 -0.827) (23 0.313) (25 -0.241) (21 0.212) (20 0.143) (30 0.126) (22 0.126) (17 -0.114) (13 -0.0987) (15 -0.0965) (26 0.0933) (139 -0.0721) (16 -0.0551) (31 0.0478) (39 -0.036) (41 -0.0345) (40 0.0328) (29 0.0315) (19 0.0312) (18 -0.0291) (34 -0.0234) (43 -0.0205) (82 0.0186) (44 0.0152) (56 -0.0151) (47 -0.0144) (35 -0.014) (46 -0.0133) (27 0.0132) (57 0.0122) (28 0.0119) (37 0.0115) (42 0.0113) (68 -0.0109) (38 -0.0107) 
   0.0053627   (139 -0.997) (24 0.0598) (23 -0.0227) (25 0.0174) (21 -0.0153) (20 -0.0103) 
   0.0056639   (10 0.851) (17 -0.376) (18 -0.327) (19 0.0973) (20 -0.0919) (24 0.0493) (21 -0.0442) (15 -0.0359) (16 -0.0342) (23 -0.029) (13 -0.0274) (30 0.0172) (25 -0.0161) (26 0.0148) (31 0.012) 
   0.0057882   (138 0.996) (17 -0.0552) (10 -0.0511) (18 -0.0482) (19 0.0142) (20 -0.0134) 
   0.0060315   (17 0.605) (18 0.528) (10 0.523) (19 -0.155) (20 0.147) (138 0.0926) (24 -0.0791) (21 0.0687) (15 0.0593) (16 0.0541) (23 0.0499) (13 0.0454) (25 0.0291) (30 -0.0286) (26 -0.0269) (31 -0.02) (82 -0.0137) (22 0.0131) (39 0.0131) (43 0.0129) (41 0.0102) 
   0.0062736   (12 0.929) (11 -0.295) (40 -0.137) (42 0.131) (41 -0.0623) (44 -0.0606) (43 -0.0358) (13 -0.0312) (55 0.0246) (39 0.0237) (56 -0.0158) (46 -0.0143) (15 -0.0134) (14 -0.0123) (59 -0.012) (23 -0.0116) (33 -0.0105) 
     0.00678   (140 0.998) (42 0.0439) (40 -0.0424) (41 -0.0185) (44 -0.0172) (12 -0.0157) 
   0.0073423   (42 -0.627) (40 0.604) (41 0.264) (44 0.246) (12 0.208) (43 0.137) (39 -0.102) (140 0.0701) (55 -0.0692) (11 -0.0624) (46 0.059) (33 0.0505) (56 0.0447) (50 0.044) (59 0.0359) (23 -0.0309) (52 0.0304) (54 0.0287) (60 0.0281) (32 0.0278) (73 -0.0266) (30 0.0265) (65 -0.0243) (38 -0.0232) (78 0.0225) (84 -0.0209) (102 -0.0205) (47 -0.0205) (28 -0.0199) (105 0.019) (74 -0.0177) (31 0.0176) (79 0.0174) (20 0.0163) (75 -0.0155) (101 0.0151) (61 -0.0144) (67 0.0144) (34 -0.0143) (80 -0.0134) (21 -0.0121) (71 0.0115) (35 0.0114) (66 -0.011) (53 0.0106) (51 0.0102) 
   0.0082936   (11 -0.926) (12 -0.294) (33 -0.183) (32 -0.124) (35 0.043) (31 -0.04) (36 0.0302) (40 0.0223) (30 -0.0203) (13 -0.0184) (64 -0.0155) (26 0.0144) (41 0.0143) (34 -0.0116) (136 0.0105) 
   0.0092509   (136 0.98) (33 -0.148) (32 -0.102) (11 0.0541) (31 -0.0333) (35 0.032) (36 0.0231) (40 0.0183) (12 0.0175) (30 -0.0166) (26 0.0162) (41 0.0121) (34 -0.01) 

 Largest eigenvalues
      37.129   (162 -0.946) (164 0.245) 
       15.87   (55 0.379) (56 -0.611) (57 0.328) (68 -0.305) (82 -0.344) 
       14.59   (81 0.376) (82 -0.689) 
      4.9701   (101 0.386) (102 -0.521) (105 0.567) 
      4.2769   (147 0.978) 
      1.5222   (162 -0.256) (164 -0.966) 
      1.2279   (163 0.996) 
      1.2029   (165 -0.996) 
      1.1265   (89 -0.351) (91 -0.79) 
      1.1169   (100 -0.492) (101 0.361) (102 0.32) (106 0.326) (107 0.536) 
       1.103   (100 -0.402) (107 -0.733) (115 0.308) 
      1.0765   (111 -0.341) (115 -0.78) 
      1.0246   (102 0.252) (104 0.83) (106 -0.21) 
     0.99678   (100 0.622) (101 0.568) 
     0.92126   (111 0.691) (129 0.234) (134 -0.22) 
     0.84433   (109 0.361) (111 -0.435) (116 0.298) 
      0.7623   (109 -0.741) (110 0.336) 
     0.68135   (97 0.784) (99 0.497) 
     0.64324   (113 -0.329) (114 0.432) (123 -0.29) (125 -0.522) (134 -0.383) 
     0.64138   (114 -0.826) (125 -0.317) 
     0.60074   (109 0.389) (110 0.543) (113 0.593) 
     0.57718   (110 -0.698) (113 0.421) 
     0.57464   (122 0.45) (123 0.435) (129 -0.423) 
     0.57419   (123 -0.405) (124 -0.624) (125 0.346) (129 -0.379) 
     0.55143   (119 -0.684) (121 0.38) (124 0.324) 
     0.54976   (117 -0.313) (118 0.708) (119 0.354) 
     0.54938   (117 0.293) (120 0.403) (121 -0.538) (123 -0.29) (126 0.349) 
     0.53107   (116 -0.363) (117 -0.546) (122 0.339) (126 0.286) (134 0.313) 
     0.50358   (116 0.532) (117 0.339) (121 0.304) (125 -0.312) (134 0.357) 
     0.45618   (92 -0.941) 
     0.44922   (120 0.451) (126 -0.419) (134 0.415) 
     0.41555   (94 -0.939) (103 -0.208) 
     0.33522   (94 0.285) (103 -0.836) (104 0.215) (105 -0.242) 
     0.31706   (102 -0.518) (103 0.414) (105 -0.585) 
     0.27162   (98 -0.414) (112 -0.322) (116 0.252) (126 -0.274) 
      0.2537   (78 -0.32) (85 0.339) (86 0.556) 
     0.25307   (78 0.488) (98 0.51) 
     0.23829   (71 -0.315) (78 -0.504) (85 -0.292) (86 -0.485) 
     0.23029   (98 -0.342) (108 -0.379) (112 0.622) 
     0.18995   (90 -0.744) (93 0.468) 
      0.1527   (90 0.399) (96 0.541) (108 0.46) 
     0.14099   (87 0.306) (93 -0.612) (108 0.366) 
     0.13049   (85 -0.498) (87 -0.742) 
     0.11704   (88 -0.545) (89 -0.559) (93 0.308) (96 -0.321) 
     0.10963   (78 0.348) (79 0.357) (80 0.414) (83 -0.408) 
     0.10744   (76 0.328) (77 0.344) (79 -0.322) (88 0.279) (96 -0.288) 
     0.10231   (60 -0.309) (65 -0.335) (69 -0.303) (76 -0.315) 
    0.098967   (58 0.605) (60 0.454) 
    0.093286   (58 -0.601) (65 0.347) 
    0.089896   (58 0.362) (60 -0.397) (65 -0.229) (76 0.288) (96 0.307) (108 -0.302) 
    0.084792   (58 -0.273) (60 0.636) (65 -0.223) (69 -0.281) (96 0.231) 
    0.076275   (60 -0.332) (64 -0.329) (65 0.41) 
    0.076005   (63 -0.751) (67 0.216) (69 0.276) (76 -0.213) (83 -0.23) 
    0.072318   (61 -0.54) (62 0.307) (63 0.436) (69 0.371) 
    0.071682   (61 0.694) (63 0.252) (69 0.232) 
    0.063641   (61 -0.295) (69 -0.293) (118 -0.319) 
    0.061774   (67 0.324) (73 0.311) (77 0.352) 
    0.057544   (61 -0.228) (62 -0.605) (67 -0.269) (69 0.209) (73 -0.212) (79 -0.238) (80 0.235) 
    0.057102   (62 0.595) (67 -0.241) (72 -0.222) (73 -0.27) (77 -0.254) 
    0.053539   (62 -0.298) (67 0.468) (69 -0.29) (76 0.271) (77 -0.294) 
    0.049998   (64 -0.377) (73 0.315) (80 -0.322) 
    0.047255   (64 0.497) (65 0.356) (77 0.304) 
    0.046731   (64 -0.437) (65 -0.331) (67 0.322) (73 -0.288) 
    0.044948   (73 0.241) (75 0.222) (76 0.21) (77 -0.223) (79 -0.23) (80 0.33) (83 0.3) (85 0.217) (89 -0.209) (120 -0.23) 
    0.043706   (33 -0.214) (35 -0.866) (42 -0.254) 
    0.042024   (40 -0.424) (41 -0.434) (42 -0.539) 
    0.040143   (75 -0.477) (120 -0.299) 
    0.039512   (48 0.429) (49 0.381) (75 0.432) 
    0.038509   (46 0.354) (48 -0.388) (49 -0.339) (75 0.472) 
    0.031329   (26 -0.31) (27 0.743) (36 -0.402) 
    0.029446   (27 -0.541) (32 -0.526) 
    0.027254   (32 0.507) (88 -0.308) 
    0.025527   (34 0.398) (36 0.664) 
    0.021186   (36 -0.278) (43 0.275) (46 0.394) (75 -0.29) (88 -0.276) 
    0.020844   (129 0.446) (131 0.684) 
    0.020429   (127 0.578) (160 -0.807) 
    0.019321   (127 0.577) (160 0.301) (161 0.759) 
    0.018251   (127 0.577) (160 0.507) (161 -0.64) 
    0.015614   (28 -0.969) 
    0.015103   (141 -0.998) 
