 1 69421.6
 2 614.667
 3 1.8636
 4 424552
 5 728.689
 6 15.6694
 7 1.16406e+06
 8 58.3275
 9 1586.99
 10 2752.61
 11 33.7595
 12 746.33
 13 1.50633e+06
 14 11412.7
 15 0.814079
 16 874736
 17 5615.38
 18 0.925002
 19 218854
 20 3132.79
 21 13.3216
 22 410645
 23 4329.11
 24 3.37241
 25 240.937
 26 317.387
 27 7.79259
 28 3554.74
 29 464.455
 30 94.0857
 31 471.013
 32 238.017
 33 430.24
 34 219.032
 35 319.375
 36 143.428
 37 1520.64
 38 3193.27
 39 3.49906
 40 944.013
 41 5151.74
 42 1.80183
 43 641.453
 44 1513.02
 45 11.4583
 46 4540.99
 47 3028.52
 48 245.007
 49 1901.83
 50 191.605
 51 435.31
 52 176.759
 53 3428.25
 54 335.132
 55 159.773
 56 349.357
 57 694.019
 58 89.1685
 59 189.826
 60 122.32
 61 22.2764
 62 1.77086
 63 471.195
 64 210.765
 65 1.95509
 66 586.685
 67 3422.57
 68 405.963
 69 110219
 70 515804
 71 3226.03
 72 4.52101
 73 20148.9
 74 407.478
 75 4384.79
 76 5321.01
 77 14.4112
 78 1531.36
 79 7921.72
 80 184.093
 81 2254.2
 82 2555.81
 83 696.307
 84 2.17789
 85 152.687
 86 2.63172
 87 3258.29
 88 1.80717
 89 1.70717
 90 2.02124
 91 8.53499
 92 563.111
 93 1168.22
 94 572.151
 95 1257.02
 96 1547.51
 97 321.458
 98 262.007
 99 137.362
 100 921.966
 101 1587.46
 102 107.559
 103 183.325
 104 159.112
 105 138.975
 106 178.665
 107 176.848
 108 179.551
 109 131.257
 110 96.3832
 111 194.142
 112 207.993
 113 193.46
 114 179.531
 115 177.304
 116 133.878
 117 186.708
 118 195.791
 119 162.462
 120 115.006
 121 118.13
 122 50.5843
 123 43.6564
 124 38.5772
 125 32.1974
 126 44.4406
 127 26.0676
 128 84.7482
 129 55.9775
 130 50.2681
 131 21.4515
 132 19.9644
 133 20.1319
 134 29.7318
 135 9.08658
 136 41.3592
 137 11.02
 138 9.48463
 139 8.82825
 140 11.7336
 141 11.4818
 142 9.03021
 143 8.95155
 144 17.8625
 145 16.1058
 146 11.7039
 147 10.5289
 148 17.1785
 149 16.3982
 150 11.6209
 151 13.5891
 152 19.9376
 153 26.093
 154 14.3629
 155 19.3918
 156 21.0754
 157 34.5104
 158 0.394184
 159 0.0490262
 160 2.79759
 161 19.8702
 162 62.1408
 163 65.6571
 164 134.211
 165 2.22749
