 1 31.6228
 2 24.1766
 3 0.969027
 4 31.6228
 5 26.3271
 6 1.51161
 7 31.6228
 8 2.0951
 9 30.4936
 10 30.1893
 11 1.91716
 12 21.2969
 13 31.6228
 14 31.6188
 15 0.902181
 16 31.6228
 17 31.6154
 18 0.905761
 19 31.6228
 20 31.4833
 21 1.06848
 22 31.6228
 23 31.5951
 24 0.937382
 25 14.6076
 26 16.0589
 27 1.32155
 28 31.5405
 29 18.7988
 30 4.70316
 31 21.43
 32 9.79533
 33 16.824
 34 14.169
 35 14.84
 36 7.24399
 37 31.4976
 38 31.6038
 39 1.3197
 40 24.5068
 41 31.2165
 42 1.28749
 43 21.3315
 44 29.318
 45 1.53312
 46 31.5836
 47 29.2225
 48 3.97398
 49 30.3998
 50 13.2195
 51 16.4858
 52 7.58759
 53 30.8593
 54 17.0107
 55 7.41912
 56 14.0538
 57 25.6536
 58 8.78632
 59 11.1992
 60 7.63814
 61 4.47558
 62 1.32465
 63 21.1867
 64 13.4979
 65 0.988826
 66 23.4001
 67 28.3846
 68 4.81248
 69 31.6225
 70 31.6228
 71 31.5799
 72 1.33239
 73 31.6192
 74 4.0041
 75 29.1526
 76 30.9795
 77 1.55587
 78 28.2665
 79 31.5899
 80 3.52586
 81 29.5503
 82 31.418
 83 23.6435
 84 1.31643
 85 11.1748
 86 1.40296
 87 31.3696
 88 1.16851
 89 1.10275
 90 1.30987
 91 2.37019
 92 20.437
 93 26.9347
 94 17.8703
 95 27.3806
 96 29.3754
 97 15.9329
 98 14.6661
 99 9.3601
 100 27.3087
 101 30.4685
 102 8.9628
 103 12.8093
 104 11.7826
 105 10.9951
 106 12.8726
 107 12.7478
 108 12.8328
 109 10.5837
 110 8.35787
 111 13.2695
 112 14.0595
 113 13.483
 114 12.8593
 115 12.5583
 116 10.3822
 117 12.8573
 118 13.3468
 119 12.0474
 120 9.97438
 121 10.4027
 122 6.8451
 123 6.47287
 124 5.88066
 125 5.41033
 126 6.43343
 127 4.48311
 128 8.7255
 129 6.83646
 130 6.58547
 131 4.3256
 132 4.36081
 133 4.37272
 134 5.31476
 135 2.76415
 136 6.33951
 137 3.12984
 138 2.91999
 139 2.80513
 140 3.27724
 141 3.07818
 142 2.73332
 143 2.74573
 144 4.07433
 145 3.89211
 146 3.26999
 147 3.06753
 148 3.96902
 149 3.89613
 150 3.24346
 151 3.50008
 152 4.33557
 153 4.92649
 154 3.61483
 155 4.26667
 156 4.45859
 157 5.77045
 158 0.268748
 159 0.16983
 160 1.37236
 161 3.55851
 162 6.42534
 163 7.05236
 164 10.9013
 165 0.652923
