 1 1000
 2 590.511
 3 1.82271
 4 1000
 5 709.302
 6 15.2748
 7 1000
 8 35.7599
 9 962.015
 10 925.487
 11 22.0968
 12 486.229
 13 1000
 14 999.795
 15 0.813944
 16 1000
 17 999.645
 18 0.838135
 19 1000
 20 995.149
 21 4.84134
 22 1000
 23 998.963
 24 1.42811
 25 224.889
 26 281.029
 27 6.95056
 28 995.657
 29 422.734
 30 86.058
 31 466.91
 32 233.399
 33 421.4
 34 208.219
 35 306.883
 36 137.349
 37 992.734
 38 999.305
 39 2.22548
 40 611.04
 41 977.59
 42 1.69406
 43 478.268
 44 884.681
 45 7.29554
 46 998.482
 47 920.057
 48 82.2947
 49 937.341
 50 189.511
 51 351.099
 52 142.482
 53 962.188
 54 295.39
 55 128.071
 56 275.229
 57 689.68
 58 87.6072
 59 186.887
 60 120.267
 61 22.2524
 62 1.7707
 63 460.476
 64 210.118
 65 1.94254
 66 575.369
 67 892.455
 68 109.887
 69 999.99
 70 1000
 71 998.326
 72 2.57538
 73 999.842
 74 83.9026
 75 917.921
 76 964.356
 77 7.62572
 78 812.856
 79 998.561
 80 68.1536
 81 929.614
 82 989.269
 83 588.142
 84 2.05561
 85 130.798
 86 2.49569
 87 989.149
 88 1.80704
 89 1.70716
 90 2.02106
 91 8.01504
 92 483.991
 93 811.443
 94 442.076
 95 822.687
 96 906.78
 97 300.405
 98 259.244
 99 136.6
 100 786.912
 101 947.065
 102 103.26
 103 180.955
 104 157.263
 105 138.297
 106 177.717
 107 175.836
 108 178.688
 109 130.295
 110 95.0157
 111 193.437
 112 207.184
 113 192.881
 114 179.228
 115 176.856
 116 133.337
 117 186.43
 118 195.531
 119 162.301
 120 114.24
 121 117.541
 122 50.134
 123 43.4031
 124 38.3282
 125 31.724
 126 43.9841
 127 25.176
 128 84.0205
 129 55.4879
 130 49.4993
 131 21.2948
 132 19.8174
 133 19.9846
 134 29.2189
 135 8.95368
 136 41.074
 137 10.8544
 138 9.3599
 139 8.67198
 140 11.5521
 141 11.0948
 142 8.83839
 143 8.76586
 144 17.6456
 145 15.9077
 146 11.519
 147 10.3104
 148 16.9375
 149 16.1435
 150 11.4518
 151 13.3663
 152 19.6716
 153 25.4679
 154 14.0603
 155 19.1766
 156 20.9351
 157 34.2956
 158 0.323335
 159 0.0477583
 160 2.73604
 161 18.6457
 162 53.657
 163 62.6672
 164 131.719
 165 2.2104
