 Smallest eigenvalues
  6.6387e-07   (9 1) 
  8.5906e-07   (46 0.67) (45 -0.571) (47 0.319) (38 0.228) (40 0.135) (49 -0.105) (41 -0.096) (32 0.0561) (59 -0.0559) (53 -0.0462) (50 -0.0414) (157 0.0401) (54 0.0368) (36 -0.0363) (77 -0.0354) (14 0.035) (44 0.0342) (51 -0.034) (37 0.0329) (57 -0.0318) (18 -0.0306) (31 -0.0305) (30 0.0283) (21 -0.0273) (76 0.0264) (26 0.0257) (42 -0.0241) (58 0.0239) (27 -0.0221) (73 -0.0215) (11 0.0213) (39 -0.0197) (75 -0.0187) (95 0.0182) (74 0.0177) (43 0.0175) (19 -0.0163) (23 0.014) (29 0.0133) (68 0.0119) (56 -0.0117) (60 -0.0105) (52 0.0103) (17 0.0102) 
  1.1432e-06   (157 0.999) (46 -0.0269) (45 0.023) (158 -0.0156) (47 -0.0128) 
  1.9387e-06   (5 1) 
  2.3554e-06   (43 -0.637) (42 -0.558) (38 0.32) (45 0.243) (41 -0.189) (40 0.147) (154 -0.14) (39 -0.112) (47 0.0847) (44 0.0786) (32 0.06) (37 0.0429) (46 -0.0411) (14 0.0308) (59 -0.0298) (26 0.0295) (18 -0.0293) (76 0.0287) (50 -0.0284) (31 -0.0281) (49 -0.0278) (21 -0.0232) (11 0.0183) (57 -0.016) (27 -0.0159) (58 0.0148) (36 -0.0148) (75 -0.0147) (95 0.0142) (73 -0.0139) (53 -0.0138) (34 0.0137) (19 -0.0133) (23 0.0125) (55 -0.012) (52 -0.0119) (77 -0.0117) (54 0.0111) (33 0.01) 
  2.4352e-06   (154 -0.99) (43 0.0904) (42 0.0791) (38 -0.0455) (45 -0.0344) (41 0.0268) (40 -0.0209) (39 0.0159) (47 -0.012) (44 -0.0111) 
  4.5693e-06   (2 -1) 
  9.0509e-06   (152 0.982) (34 0.174) (32 0.0453) (31 -0.0267) (30 0.021) (33 -0.0199) (38 -0.0147) (36 0.0127) (26 0.0106) 
  1.4405e-05   (34 -0.917) (32 -0.238) (152 0.187) (31 0.141) (30 -0.111) (33 0.105) (38 0.0776) (36 -0.0669) (26 -0.0556) (18 0.0342) (29 0.0339) (52 0.0335) (21 0.0285) (14 -0.0249) (37 0.0215) (27 0.0191) (45 -0.0189) (76 -0.0186) (19 0.0183) (53 -0.0169) (50 0.0159) (41 -0.0154) (28 -0.0154) (48 -0.0144) (47 -0.0141) (23 -0.0137) (43 -0.0133) (58 -0.0129) (11 -0.0123) (40 0.0121) (54 0.0117) (22 0.0116) (95 -0.0107) (20 0.0101) 
  4.4309e-05   (25 0.844) (49 0.3) (24 0.272) (23 0.191) (51 -0.121) (52 0.106) (19 -0.104) (21 -0.0986) (26 -0.094) (33 -0.0674) (18 0.0499) (20 0.0489) (56 0.0479) (39 -0.0449) (47 -0.0434) (27 -0.0427) (50 0.0403) (30 0.032) (29 0.0318) (71 0.0308) (22 0.0306) (59 -0.0274) (36 0.0266) (13 0.0265) (77 -0.0264) (45 -0.026) (46 0.0217) (54 -0.0189) (53 -0.0174) (55 -0.0153) (41 -0.015) (68 0.0146) (76 0.0138) (79 -0.0128) (66 -0.0124) (75 -0.0123) (63 -0.0122) (32 0.0113) (80 0.0108) (31 0.0104) (43 -0.0102) 
  8.6214e-05   (151 -0.979) (49 0.154) (51 -0.0683) (25 -0.0673) (52 0.0614) (56 0.029) (50 0.023) (38 0.0212) (24 -0.0211) (47 -0.0186) (59 -0.0141) (23 -0.014) (54 -0.0138) (55 -0.0133) (26 0.0112) (46 0.0111) 
  0.00011682   (49 -0.744) (51 0.33) (25 0.318) (52 -0.297) (151 -0.203) (56 -0.141) (50 -0.111) (38 -0.102) (24 0.0998) (47 0.0896) (59 0.0685) (54 0.0666) (23 0.066) (55 0.0643) (46 -0.0536) (26 -0.0535) (71 -0.0479) (53 0.0444) (45 0.0369) (77 0.0364) (18 0.0349) (57 0.0332) (41 0.0307) (33 -0.0303) (19 -0.0301) (37 -0.0289) (75 0.0282) (32 -0.0241) (68 -0.024) (20 0.0225) (81 0.0215) (79 0.0214) (95 -0.0212) (21 -0.0212) (76 -0.0203) (69 -0.0203) (58 -0.0196) (73 0.0174) (40 -0.0172) (43 -0.0168) (31 0.0158) (44 0.0154) (63 0.0151) (14 -0.0143) (42 0.014) (72 -0.014) (61 -0.0126) (13 0.0123) (36 -0.0123) (88 -0.0112) (65 -0.0112) (99 -0.0105) (66 0.0103) (64 -0.0103) (22 0.0102) (34 -0.0101) 
  0.00016298   (1 1) 
  0.00017127   (11 0.985) (14 -0.142) (18 0.039) (17 -0.0377) (21 0.0337) (13 0.0317) (38 -0.0268) (23 -0.0229) (32 -0.0219) (19 0.0199) (27 0.0142) (26 -0.0138) (20 0.013) (31 0.0103) 
  0.00018497   (161 1) 
  0.00018698   (3 -1) 
  0.00023189   (14 0.708) (16 -0.481) (15 0.467) (17 -0.108) (13 -0.102) (11 0.0924) (18 0.0819) (21 0.062) (23 -0.0451) (19 0.0408) (32 -0.0297) (38 -0.0282) (27 0.0248) (20 0.0189) (26 -0.0187) (24 0.018) (31 0.0142) (33 -0.0136) (45 0.0115) 
  0.00026993   (160 1) 
  0.00027825   (7 1) 
  0.00028163   (24 -0.919) (25 0.229) (23 0.191) (21 -0.153) (26 -0.0809) (30 -0.0781) (18 -0.0726) (19 -0.0705) (156 -0.0629) (36 0.0547) (20 -0.0526) (14 0.0473) (22 -0.0424) (27 0.0411) (11 0.0268) (31 0.0261) (52 0.0216) (37 0.0175) (32 -0.0164) (17 0.0157) (38 -0.0135) (56 -0.0116) (40 -0.0112) (45 0.0107) (28 -0.0106) (75 -0.0101) 
   0.0002865   (156 -0.998) (24 0.0579) (25 -0.0144) (23 -0.012) 
  0.00030548   (6 1) 
  0.00031394   (17 0.984) (14 0.108) (21 0.0872) (11 0.0467) (18 0.046) (15 0.0416) (20 0.0405) (19 0.0374) (27 0.0265) (159 0.0242) (36 0.0174) (16 0.0164) (31 0.0156) (13 -0.0147) (30 -0.0132) (45 0.0119) (23 0.0106) (24 0.0101) 
  0.00031814   (159 1) (17 -0.0238) 
  0.00032296   (73 -0.76) (59 0.387) (57 0.313) (76 -0.2) (58 -0.181) (74 -0.153) (75 0.115) (38 0.105) (54 -0.0993) (50 0.0652) (39 -0.062) (47 -0.0586) (43 0.0522) (45 -0.047) (32 0.0442) (96 0.0392) (77 0.0378) (18 -0.0369) (56 0.0369) (40 0.0341) (72 -0.0336) (37 0.033) (41 -0.033) (88 0.0329) (68 0.0322) (52 0.0316) (36 -0.0306) (26 0.0305) (53 0.0286) (14 0.0269) (70 0.0265) (69 -0.0257) (46 -0.0255) (48 0.0233) (49 -0.0211) (92 -0.02) (78 -0.0194) (122 0.0186) (87 -0.017) (102 -0.0164) (67 -0.0161) (124 -0.0161) (112 -0.0156) (11 0.0155) (99 0.0155) (120 -0.0154) (21 -0.015) (113 0.0143) (66 0.0133) (31 -0.0127) (116 -0.0114) (44 0.0113) (30 0.0112) (42 -0.0109) (80 0.0108) (127 -0.0107) (13 -0.0107) 
  0.00037939   (73 0.515) (59 0.508) (57 0.396) (58 -0.237) (70 -0.221) (38 0.176) (68 0.142) (153 0.14) (47 -0.134) (50 0.123) (76 0.122) (67 -0.117) (45 -0.101) (74 0.0971) (54 -0.0868) (39 -0.0759) (75 -0.0733) (32 0.0694) (71 0.0657) (69 -0.064) (41 -0.0581) (18 -0.0434) (14 0.0427) (37 0.0422) (26 0.0421) (66 0.0403) (40 0.0385) (36 -0.0363) (46 -0.0363) (42 0.0322) (21 -0.0317) (122 -0.0287) (53 0.0278) (31 -0.0266) (11 0.0262) (83 -0.0257) (43 0.0243) (55 -0.0214) (52 -0.0194) (88 0.0191) (77 -0.0188) (113 0.0186) (78 0.0178) (127 -0.0173) (19 -0.0167) (44 0.0167) (30 0.0166) (112 -0.0163) (56 0.016) (27 -0.016) (48 0.0157) (80 -0.0154) (20 -0.0153) (17 0.0153) (116 -0.0151) (64 -0.0146) (120 -0.0128) (62 0.0126) (133 -0.0123) (126 -0.0121) (131 0.0121) (98 -0.0117) (61 -0.0114) (117 0.0113) (16 0.0112) (15 -0.0103) (63 -0.0102) 
  0.00041357   (153 0.99) (59 -0.0758) (73 -0.0654) (57 -0.0594) (58 0.0353) (70 0.0307) (38 -0.0265) (68 -0.0203) (47 0.0198) (50 -0.0183) (67 0.0166) (76 -0.0154) (45 0.015) (54 0.0134) (74 -0.0123) (39 0.0116) (32 -0.0105) 
  0.00042345   (20 0.766) (19 -0.452) (18 -0.387) (21 0.21) (47 -0.0598) (50 -0.0559) (25 -0.0413) (26 -0.0297) (23 -0.0275) (24 -0.0264) (22 0.0247) (14 0.0229) (45 -0.0198) (48 -0.017) (17 -0.0168) (54 0.0133) (42 0.0108) (57 -0.0102) (16 -0.0101) 
  0.00048311   (47 -0.597) (50 -0.549) (150 -0.409) (38 0.194) (45 -0.187) (48 -0.157) (54 0.105) (39 -0.0861) (41 -0.0809) (20 -0.0767) (59 -0.0766) (52 0.0711) (32 0.0677) (57 -0.0655) (49 -0.0611) (55 0.0605) (46 -0.0461) (21 -0.046) (40 0.043) (26 0.0393) (58 0.0368) (14 0.0354) (37 0.0343) (36 -0.0318) (42 0.0314) (31 -0.0259) (43 0.0252) (73 -0.0251) (19 0.0235) (11 0.0209) (30 0.0162) (76 0.0155) (44 0.0153) (27 -0.0152) (53 0.0107) (23 0.0107) 
  0.00053138   (150 -0.912) (47 0.268) (50 0.246) (38 -0.0872) (45 0.0839) (48 0.0705) (54 -0.0472) (39 0.0387) (41 0.0364) (59 0.0343) (20 0.0327) (52 -0.0319) (32 -0.0304) (57 0.0293) (49 0.0274) (55 -0.0271) (46 0.0207) (21 0.0202) (40 -0.0193) (26 -0.0176) (58 -0.0165) (14 -0.016) (37 -0.0154) (36 0.0143) (42 -0.0141) (31 0.0116) (43 -0.0113) (73 0.0112) 
  0.00054201   (53 0.687) (50 0.367) (42 -0.354) (54 0.278) (43 0.25) (47 -0.178) (49 -0.134) (52 0.132) (51 -0.124) (45 -0.103) (56 -0.088) (59 -0.0861) (57 -0.0788) (38 0.0493) (41 0.0459) (58 0.0414) (44 0.028) (40 -0.0271) (46 -0.0262) (70 -0.0242) (37 0.0221) (36 -0.0205) (18 -0.0188) (147 0.0187) (32 0.0176) (26 0.0175) (48 -0.016) (14 0.0132) (68 0.0107) 
  0.00055831   (147 0.804) (42 0.437) (43 -0.242) (53 0.212) (41 -0.11) (38 0.0987) (52 0.0728) (45 0.0694) (39 -0.0693) (50 0.0668) (54 0.0626) (40 0.0588) (49 -0.0377) (47 0.0327) (32 0.0321) (59 -0.0318) (51 -0.0289) (56 -0.0286) (57 -0.0237) (44 -0.0215) (26 0.0202) (73 -0.0194) (21 -0.015) (58 0.015) (14 0.014) (48 0.014) (18 -0.0114) (31 -0.0106) 
  0.00057228   (147 0.594) (42 -0.581) (43 0.32) (53 -0.308) (41 0.147) (38 -0.135) (52 -0.103) (50 -0.102) (39 0.094) (54 -0.0934) (45 -0.0908) (40 -0.0788) (49 0.0554) (59 0.0457) (32 -0.0441) (51 0.0431) (56 0.0414) (47 -0.0386) (57 0.0345) (44 0.0283) (26 -0.028) (73 0.0266) (58 -0.0216) (21 0.0206) (14 -0.0194) (48 -0.0185) (18 0.0162) (31 0.0147) (36 0.0133) (70 -0.0128) (95 -0.0115) (20 0.0103) 
  0.00061635   (70 0.807) (71 -0.327) (72 0.305) (69 0.176) (73 0.158) (68 -0.137) (50 0.121) (59 0.0965) (38 0.0965) (47 -0.0753) (57 0.0671) (52 -0.0523) (58 -0.0469) (39 -0.0433) (54 -0.0416) (83 -0.0397) (43 0.0383) (45 -0.0382) (32 0.0359) (76 -0.0322) (53 -0.0311) (67 0.0303) (148 -0.0289) (18 -0.0279) (55 0.0271) (56 0.027) (37 0.0267) (41 -0.0266) (26 0.0264) (36 -0.0249) (46 -0.0243) (14 0.0231) (66 -0.023) (120 -0.0188) (88 0.018) (89 -0.0168) (40 0.0166) (127 -0.0157) (21 -0.0157) (102 -0.0153) (31 -0.0148) (94 0.0145) (124 -0.014) (49 -0.0135) (112 -0.0132) (113 0.0126) (74 0.0121) (11 0.012) (19 -0.0119) (99 0.0119) (91 -0.0116) (80 -0.0112) (116 -0.011) (44 0.0107) 
  0.00068833   (148 -0.551) (50 0.452) (52 -0.433) (53 -0.291) (47 -0.287) (57 -0.162) (38 0.131) (59 -0.116) (45 -0.112) (55 0.112) (70 -0.0955) (42 0.0734) (73 -0.071) (39 -0.0657) (41 -0.0632) (54 0.0587) (58 0.0556) (72 -0.0541) (71 0.0485) (46 -0.0467) (32 0.0431) (40 0.0427) (51 -0.0333) (56 -0.0273) (26 0.0271) (69 -0.0259) (14 0.0257) (21 -0.0242) (37 0.0237) (18 -0.0211) (36 -0.0201) (44 0.0201) (122 -0.0189) (43 -0.0153) (31 -0.0152) (68 0.0141) (95 0.0134) (11 0.0127) (48 -0.0124) (20 -0.0116) (19 -0.0107) (83 0.0103) 
   0.0007615   (148 -0.834) (50 -0.303) (52 0.288) (53 0.194) (47 0.193) (57 0.104) (38 -0.0902) (45 0.0758) (55 -0.0751) (59 0.0734) (42 -0.0484) (39 0.0451) (41 0.0429) (73 0.0414) (54 -0.0372) (70 0.0351) (58 -0.035) (46 0.0318) (32 -0.03) (40 -0.0289) (72 0.0253) (51 0.0222) (71 -0.0208) (26 -0.019) (14 -0.0179) (56 0.0171) (37 -0.0167) (21 0.0166) (18 0.0151) (36 0.0143) (44 -0.0137) (122 0.0125) (69 0.0109) (31 0.0107) 
  0.00079559   (37 0.852) (36 -0.301) (38 -0.225) (21 -0.199) (18 -0.188) (23 -0.135) (20 -0.0857) (19 -0.0802) (39 0.0779) (14 0.0644) (32 0.0582) (43 -0.0447) (24 0.037) (41 0.0324) (11 0.0272) (45 0.027) (17 0.0263) (26 -0.0247) (40 -0.0244) (22 0.0202) (31 -0.0192) (47 0.0191) (15 -0.019) (54 0.0184) (16 0.0183) (57 -0.0181) (50 -0.0166) (13 -0.0165) (46 0.0154) (59 -0.0153) (30 0.0125) (34 -0.0116) (35 0.0111) 
   0.0010772   (21 -0.547) (18 -0.437) (23 -0.435) (37 -0.308) (26 -0.238) (20 -0.222) (19 -0.207) (36 0.128) (32 -0.125) (14 0.112) (24 0.0984) (17 0.0695) (22 0.0681) (27 0.0555) (31 0.0474) (11 0.0398) (16 0.0337) (30 -0.0335) (15 -0.0332) (13 -0.0249) (144 0.0222) (29 -0.0163) (33 -0.0115) 
   0.0011835   (144 0.989) (145 -0.145) (21 0.0132) (18 0.0108) (23 0.0104) 
    0.001246   (46 -0.656) (47 0.447) (45 -0.346) (38 0.273) (14 0.18) (43 0.168) (16 0.145) (50 -0.126) (15 -0.111) (54 0.108) (41 -0.0935) (39 -0.0829) (59 -0.0726) (49 0.0633) (55 0.0628) (32 0.055) (57 -0.0511) (37 0.0508) (36 -0.0483) (52 -0.0408) (11 0.0402) (48 0.0351) (58 0.0351) (13 -0.0311) (26 0.0302) (31 -0.0293) (70 -0.0269) (76 -0.0255) (83 -0.0232) (40 -0.0214) (51 -0.019) (53 -0.0187) (80 -0.0149) (30 0.0147) (95 -0.0142) (17 -0.0126) (75 0.0121) (21 -0.012) (42 0.0105) (44 -0.0105) (19 -0.0102) 
   0.0012832   (14 0.585) (16 0.577) (15 -0.423) (18 0.166) (46 0.158) (13 -0.125) (38 -0.108) (21 0.0975) (47 -0.0949) (45 0.0931) (17 -0.0852) (26 -0.0707) (32 -0.0651) (11 0.0644) (20 0.0634) (19 0.0483) (43 -0.0465) (41 0.0383) (39 0.0376) (36 0.0276) (37 -0.0267) (31 0.0258) (23 -0.0247) (50 0.0245) (27 0.0244) (54 -0.0198) (30 -0.0174) (49 -0.0139) (55 -0.0139) (59 0.0121) 
   0.0014198   (146 -1) (145 0.0106) 
   0.0014353   (54 -0.707) (32 0.357) (55 0.357) (56 -0.352) (52 0.136) (57 -0.131) (34 -0.125) (53 0.103) (59 -0.1) (31 -0.0981) (26 0.0692) (30 0.0628) (18 -0.0559) (49 -0.054) (58 0.0499) (48 0.0453) (14 0.0446) (36 0.0423) (43 0.0419) (33 0.0393) (21 -0.0364) (50 0.0362) (68 0.0292) (37 -0.0291) (42 -0.0276) (70 -0.0268) (46 -0.0265) (69 -0.0248) (27 -0.0242) (47 -0.023) (76 -0.0229) (11 0.021) (73 0.0209) (20 -0.0196) (19 -0.0195) (38 -0.0163) (45 -0.015) (140 -0.0134) (16 0.012) (13 -0.0116) (71 0.0114) (15 -0.011) (23 0.0105) (96 0.0101) (88 0.01) 
   0.0015837   (32 0.745) (54 0.324) (34 -0.28) (38 -0.225) (31 -0.201) (36 0.152) (56 0.15) (55 -0.147) (30 0.125) (37 -0.124) (26 0.107) (33 0.0843) (39 0.0837) (140 -0.0741) (18 -0.0686) (52 -0.0673) (41 0.0651) (21 -0.0609) (14 0.0583) (53 -0.051) (47 0.0451) (27 -0.043) (45 0.0397) (43 -0.0389) (57 0.0382) (59 0.0304) (40 -0.0302) (19 -0.0301) (50 -0.0294) (49 0.0289) (20 -0.0284) (11 0.0267) (35 -0.0236) (46 0.0208) (48 -0.0203) (23 0.0162) (58 -0.0152) (15 -0.0142) (16 0.0138) (29 0.0125) (13 -0.0125) (68 -0.0116) (73 -0.0105) 
   0.0016627   (140 -0.997) (32 -0.0603) (34 0.0225) (38 0.0167) (31 0.0163) (54 -0.0144) (36 -0.0118) (30 -0.0102) 
   0.0017968   (15 -0.649) (16 -0.532) (27 -0.484) (28 -0.119) (26 0.117) (14 0.097) (29 -0.0864) (32 -0.0691) (17 0.0425) (18 -0.0361) (31 0.0341) (38 -0.0328) (23 0.0292) (136 -0.0278) (20 -0.0274) (13 0.0269) (30 -0.022) (44 -0.0178) (37 -0.0149) (21 -0.0149) (36 0.0145) (11 0.0133) (22 0.0103) (41 0.0102) 
    0.002011   (27 -0.728) (15 0.392) (16 0.338) (136 -0.282) (26 0.193) (28 -0.178) (29 -0.149) (32 -0.0969) (18 -0.0658) (21 -0.0588) (19 -0.0517) (38 -0.0444) (31 0.0407) (23 0.0369) (30 -0.0315) (20 -0.0295) (13 -0.0291) (11 0.0223) (37 -0.0191) (25 -0.0185) (36 0.0183) (39 0.0179) (40 -0.016) (24 -0.0137) (41 0.012) (45 0.0114) (51 -0.0108) 
   0.0021061   (136 -0.959) (27 0.228) (15 -0.0963) (16 -0.084) (26 -0.0601) (28 0.0558) (29 0.0463) (32 0.0304) (18 0.0204) (21 0.0177) (19 0.0155) (38 0.0139) (31 -0.0129) (23 -0.0117) 
   0.0022919   (29 0.924) (51 -0.246) (27 -0.149) (48 -0.113) (49 -0.107) (72 -0.0711) (53 -0.0648) (45 0.061) (31 -0.06) (28 -0.0567) (32 -0.0527) (52 0.0351) (39 0.0337) (56 -0.0319) (70 0.031) (47 0.0302) (25 -0.0296) (30 0.0289) (34 0.0273) (71 0.0265) (40 -0.0264) (22 -0.0224) (33 -0.0205) (44 -0.0196) (132 0.0193) (59 0.0189) (55 0.0185) (54 0.0184) (37 -0.0169) (26 0.0168) (74 0.0161) (18 -0.0158) (83 -0.015) (14 0.015) (77 0.0148) (60 -0.0138) (35 -0.0136) (66 -0.013) (46 -0.0122) (69 0.012) (20 -0.0118) (81 0.0114) (21 -0.0112) (24 -0.0107) (43 0.0101) 
   0.0023322   (72 -0.732) (70 0.319) (71 0.264) (77 0.262) (132 0.233) (51 0.231) (69 0.142) (66 -0.132) (49 0.0873) (83 -0.0867) (55 -0.0749) (48 0.0684) (53 0.0629) (67 -0.0615) (38 0.0571) (57 -0.0545) (68 -0.054) (73 0.0529) (131 0.0513) (39 0.051) (79 0.0499) (96 -0.0489) (75 -0.0449) (81 0.0429) (54 -0.0427) (89 -0.0419) (59 0.0407) (95 -0.0386) (63 -0.0386) (82 0.037) (58 -0.0354) (45 -0.0323) (84 0.0313) (40 0.0298) (76 0.025) (62 -0.0224) (78 0.0207) (60 -0.0206) (47 -0.0192) (91 -0.0188) (128 -0.0187) (31 -0.0176) (92 0.017) (101 -0.0158) (80 0.0154) (85 0.0144) (98 -0.0135) (74 0.0132) (43 0.0131) (65 -0.0129) (117 -0.0123) (21 -0.0113) (50 0.0104) (119 -0.0101) (88 0.0101) 
    0.002359   (51 0.59) (132 0.468) (48 0.294) (72 0.274) (29 0.266) (49 0.246) (53 0.162) (70 -0.128) (71 -0.108) (40 0.1) (56 0.0983) (45 -0.0839) (131 0.0818) (52 -0.0784) (47 -0.0765) (77 -0.0738) (59 -0.0726) (55 -0.0673) (27 -0.0552) (44 0.0551) (83 0.0504) (54 -0.0471) (69 -0.033) (58 0.0323) (74 -0.0309) (66 0.0304) (41 -0.03) (73 -0.0282) (81 -0.0251) (60 0.0232) (28 -0.0219) (75 0.0207) (68 0.0202) (63 0.0195) (79 -0.019) (96 0.0186) (18 -0.0178) (95 0.0177) (57 -0.0166) (38 -0.0165) (25 -0.0162) (39 0.016) (89 0.0159) (128 -0.0145) (116 0.0136) (88 0.0134) (65 0.0129) (46 0.0123) (32 -0.0118) (102 0.0109) (133 -0.0109) (33 0.0107) (13 -0.0104) (91 0.01) 
   0.0024108   (132 0.837) (51 -0.391) (48 -0.181) (29 -0.169) (49 -0.16) (131 0.123) (53 -0.107) (40 -0.064) (55 0.0586) (56 -0.0568) (45 0.0549) (72 0.0541) (47 0.0476) (52 0.0442) (54 0.0382) (27 0.0369) (77 -0.0323) (44 -0.0287) (59 0.0285) (57 0.0247) (39 -0.0244) (133 -0.0239) (69 -0.0218) (66 0.0206) (70 -0.0192) (41 0.0186) (67 0.0182) (128 -0.0174) (71 -0.0147) (28 0.0138) (74 0.0132) (84 -0.0102) (18 0.01) 
   0.0024961   (18 -0.641) (21 0.492) (19 0.338) (20 -0.249) (22 -0.223) (55 0.17) (13 -0.141) (25 0.134) (26 -0.107) (56 0.0985) (57 -0.0824) (59 0.0606) (23 0.0575) (31 -0.0487) (39 0.045) (54 0.0441) (40 -0.0428) (32 -0.0398) (58 -0.0295) (12 -0.0274) (16 0.0247) (43 -0.0235) (24 0.0227) (83 0.022) (17 -0.0203) (47 0.0181) (37 -0.018) (41 0.0178) (72 -0.0172) (14 0.0156) (28 0.0156) (122 0.0151) (46 0.0151) (36 0.015) (96 0.0148) (67 -0.0142) (53 0.0141) (29 -0.013) (49 0.0129) (50 -0.0127) (95 0.0124) (126 -0.012) (33 0.0114) (44 -0.0107) (45 0.0105) (11 0.0101) 
   0.0026683   (57 0.766) (59 -0.539) (58 0.254) (18 -0.0841) (72 -0.0736) (96 0.0622) (83 0.0558) (40 0.0549) (67 -0.0549) (21 0.0543) (39 -0.0494) (54 -0.0451) (49 -0.0444) (69 0.0431) (50 0.042) (19 0.0384) (47 -0.0338) (71 0.0317) (20 -0.0303) (126 -0.03) (134 -0.0296) (13 -0.0291) (55 -0.0288) (78 -0.0283) (70 0.0265) (43 0.0263) (22 -0.0251) (53 -0.0246) (63 -0.0236) (89 0.0235) (77 0.0233) (51 -0.0216) (73 0.0204) (46 -0.0202) (98 0.0196) (52 -0.0177) (106 0.017) (80 0.017) (87 -0.0165) (95 0.016) (91 0.0158) (66 -0.0157) (97 -0.0153) (44 0.0149) (92 -0.0147) (34 -0.0131) (48 0.0126) (79 0.0123) (25 0.0122) (76 -0.0113) (122 -0.0112) (88 0.0111) (60 -0.0109) (127 -0.0108) (64 0.0106) (94 0.0105) 
   0.0027679   (134 -0.827) (55 -0.447) (56 -0.261) (54 -0.0784) (18 -0.078) (38 0.0737) (48 -0.0685) (40 -0.062) (57 -0.0563) (21 0.0461) (53 -0.0397) (72 0.0388) (83 -0.0345) (133 -0.0335) (19 0.0321) (20 -0.0319) (67 0.0266) (39 0.0263) (22 -0.0241) (47 -0.024) (31 -0.0237) (44 -0.0223) (46 -0.0219) (25 0.0213) (50 0.0204) (51 0.0181) (69 -0.0172) (95 -0.016) (43 0.0155) (96 -0.0155) (76 -0.015) (71 -0.015) (45 -0.0146) (73 -0.0133) (70 -0.0124) (14 0.0117) (42 0.0115) (89 -0.0112) (80 -0.011) (98 -0.0102) (122 -0.0101) (32 0.01) 
   0.0028444   (55 0.66) (134 -0.559) (56 0.385) (18 0.119) (54 0.118) (38 -0.107) (48 0.0999) (40 0.0874) (21 -0.0709) (53 0.0598) (72 -0.054) (83 0.051) (19 -0.0494) (20 0.0486) (126 -0.0469) (57 0.0398) (47 0.0374) (22 0.0369) (67 -0.0367) (39 -0.0354) (31 0.0341) (46 0.0335) (50 -0.0325) (59 0.0325) (25 -0.0319) (44 0.0318) (96 0.0292) (95 0.0265) (51 -0.0253) (43 -0.0245) (69 0.0233) (76 0.0228) (45 0.0217) (122 0.0217) (71 0.0207) (73 0.0188) (133 -0.0187) (98 0.0181) (58 -0.018) (89 0.0178) (14 -0.0173) (70 0.0171) (42 -0.0171) (80 0.0158) (32 -0.0153) (41 0.014) (124 -0.0134) (91 0.013) (36 0.013) (23 -0.0128) (13 0.0123) (37 -0.0105) (49 0.0103) 
   0.0034039   (41 0.806) (68 0.257) (38 0.256) (67 -0.255) (40 0.221) (39 -0.2) (83 0.125) (45 0.0946) (57 -0.0743) (44 0.0641) (70 0.0631) (42 0.0619) (85 -0.0446) (69 -0.0422) (47 0.0398) (59 -0.0391) (89 -0.0381) (55 -0.0355) (37 0.0354) (48 0.0321) (130 0.0307) (50 -0.0294) (96 -0.0291) (95 -0.0289) (53 -0.0268) (36 -0.0252) (32 0.0238) (54 0.0226) (58 0.0189) (73 -0.0158) (66 0.0153) (22 -0.0142) (31 -0.0136) (92 0.0131) (71 -0.013) (29 0.0125) (46 0.012) (19 -0.0119) (26 0.0117) (14 0.0115) (18 -0.0113) (56 -0.0112) (21 -0.0108) 
   0.0036923   (83 0.819) (130 0.303) (68 -0.25) (67 0.218) (85 -0.172) (89 -0.157) (96 -0.125) (95 -0.123) (91 -0.0706) (69 0.0674) (80 0.0619) (59 0.0576) (92 0.0536) (72 -0.0494) (38 0.0384) (112 -0.0343) (90 0.033) (97 0.0327) (70 -0.0324) (87 0.0303) (106 0.029) (98 -0.0288) (58 -0.028) (73 0.0273) (113 0.0263) (76 0.026) (100 0.0246) (54 -0.0217) (110 -0.0213) (102 -0.0202) (81 -0.0198) (103 0.0194) (124 -0.0191) (105 0.019) (55 -0.0188) (94 0.0186) (40 -0.0185) (57 0.0177) (45 -0.017) (99 0.0166) (116 -0.0164) (66 -0.0161) (111 0.0156) (71 0.0156) (56 -0.0142) (84 0.0135) (86 0.0132) (107 0.013) (131 -0.0125) (32 0.011) (41 -0.0109) (101 -0.0109) (52 0.0108) (120 -0.0107) (82 -0.0105) (31 -0.0105) (77 0.0102) (51 -0.01) 
   0.0037059   (130 0.536) (67 0.451) (68 -0.423) (83 -0.386) (41 0.263) (70 -0.131) (40 0.123) (89 0.104) (85 0.0991) (39 -0.0984) (48 0.0897) (96 0.0852) (38 0.0777) (95 0.0685) (57 0.0569) (44 0.0568) (69 0.0466) (92 -0.0352) (73 0.0314) (71 0.0312) (131 -0.031) (106 -0.0307) (59 0.0294) (91 0.027) (66 -0.0263) (88 0.0232) (87 -0.0228) (18 -0.0206) (51 -0.0205) (74 0.019) (42 0.0171) (37 0.0164) (47 -0.0163) (32 0.0145) (101 0.0145) (110 0.0139) (55 0.0139) (79 -0.0138) (58 -0.0137) (97 -0.0134) (127 -0.0125) (13 -0.0119) (45 0.0114) (105 -0.0113) (36 -0.0104) (102 0.0102) (75 -0.01) 
   0.0039447   (130 0.785) (67 -0.382) (68 0.375) (41 -0.207) (70 0.0989) (40 -0.0848) (38 -0.0791) (39 0.0737) (48 -0.0612) (83 -0.06) (69 -0.0568) (131 -0.0458) (57 -0.0427) (59 -0.0415) (44 -0.0399) (73 -0.0314) (71 -0.0268) (66 0.0236) (72 0.022) (80 -0.021) (58 0.0197) (51 0.018) (37 -0.0165) (18 0.0156) (32 -0.0154) (88 -0.0148) (96 -0.0135) (74 -0.0129) (47 0.0121) (36 0.0117) (106 0.0115) (42 -0.0113) (89 -0.0113) (54 0.0105) (75 0.0101) 
   0.0039639   (98 -0.447) (100 0.316) (99 -0.285) (112 0.28) (108 0.278) (106 0.276) (107 -0.261) (102 -0.224) (124 -0.204) (125 0.194) (103 -0.192) (113 0.172) (95 0.123) (110 0.118) (115 -0.116) (123 0.105) (111 -0.0982) (149 0.0953) (121 0.0719) (92 0.0676) (105 0.0648) (89 0.061) (101 0.0502) (48 0.0495) (97 0.0475) (96 0.047) (76 -0.0462) (142 0.0443) (126 0.0421) (104 0.0405) (109 0.0386) (118 0.0379) (94 -0.0377) (116 -0.0319) (114 0.0293) (67 -0.0292) (75 0.029) (80 0.0269) (90 -0.0261) (91 0.0259) (51 -0.0252) (87 0.0239) (69 0.0228) (78 0.0223) (122 -0.0208) (83 0.0201) (81 -0.0193) (141 -0.0192) (73 0.0167) (82 -0.0165) (74 -0.0159) (120 -0.0153) (86 0.0127) (49 -0.011) (44 0.0105) (88 0.0102) 
   0.0040477   (142 0.871) (149 -0.417) (141 -0.257) (124 -0.0175) (125 0.0163) (98 0.0124) 
   0.0040904   (48 0.806) (51 -0.337) (44 0.195) (49 -0.169) (67 -0.14) (55 -0.134) (53 -0.114) (47 -0.111) (41 -0.104) (38 -0.0993) (40 0.0931) (76 -0.0853) (69 0.0837) (52 0.0797) (50 -0.0792) (57 -0.0791) (125 -0.0583) (75 0.0582) (56 -0.0576) (124 0.047) (106 -0.0425) (73 0.0418) (83 0.0416) (54 0.0412) (108 -0.041) (80 0.0391) (46 -0.0376) (72 -0.0372) (74 -0.0356) (39 -0.0345) (22 0.0339) (121 -0.0302) (45 -0.0299) (89 0.0298) (123 -0.0277) (78 0.0272) (19 0.0264) (112 -0.0245) (65 -0.0242) (13 -0.0232) (18 -0.0227) (43 0.022) (100 -0.0218) (126 -0.0215) (102 0.0211) (81 -0.0211) (77 0.0198) (31 0.0192) (21 0.0184) (111 0.0176) (149 -0.0167) (122 0.0165) (85 0.0161) (95 0.0159) (66 0.0153) (103 0.0153) (82 -0.013) (61 -0.0118) (105 -0.0116) (101 -0.0111) (71 -0.0107) (113 -0.0103) (116 0.0102) 
   0.0041841   (69 0.394) (81 -0.361) (67 -0.314) (44 0.3) (79 0.285) (82 -0.261) (68 -0.236) (74 -0.221) (48 -0.205) (91 -0.202) (77 -0.165) (70 -0.151) (71 -0.135) (75 0.133) (80 0.0963) (111 0.0955) (92 0.0952) (85 0.0759) (72 -0.0723) (40 0.0714) (65 -0.0691) (98 0.0649) (107 0.0636) (105 -0.0595) (100 0.0565) (101 -0.0562) (78 0.0556) (83 -0.0487) (66 0.0481) (43 0.047) (39 -0.0454) (76 0.0436) (87 0.0421) (86 0.0396) (47 0.0373) (84 0.0361) (73 0.0328) (57 -0.0325) (38 -0.0322) (54 -0.0318) (155 -0.03) (49 0.0298) (51 0.0286) (41 -0.0277) (89 0.0273) (45 0.0256) (96 0.0255) (125 0.0253) (112 0.0246) (61 -0.0226) (121 0.0225) (116 -0.022) (64 -0.0218) (42 0.0214) (50 0.02) (113 -0.0183) (99 0.0172) (58 -0.0153) (123 0.015) (88 -0.0147) (59 0.0142) (104 0.0133) (108 -0.0114) (56 -0.0109) (149 0.0102) (46 -0.01) 
   0.0043645   (155 -0.999) (44 -0.0344) (48 0.0131) (149 0.0106) 
   0.0045914   (44 0.819) (40 0.229) (48 -0.213) (69 -0.174) (38 -0.173) (67 0.132) (81 0.129) (68 0.123) (41 -0.118) (39 -0.109) (79 -0.0936) (43 0.091) (70 0.0852) (74 0.0852) (82 0.0833) (71 0.0673) (80 -0.0664) (77 0.0659) (111 -0.0584) (47 0.055) (85 -0.0542) (42 0.0504) (75 -0.0467) (83 0.0453) (107 -0.0442) (46 -0.0381) (56 -0.0364) (55 -0.0362) (96 0.0355) (95 0.0355) (105 0.0352) (65 0.0347) (49 0.0338) (31 0.0335) (45 0.0323) (155 -0.0307) (101 0.0271) (13 -0.0269) (66 -0.0262) (57 -0.0262) (100 -0.0259) (91 0.0246) (104 -0.0237) (21 0.0237) (19 0.0221) (18 -0.0219) (78 0.0209) (125 -0.0206) (92 -0.0203) (76 -0.0202) (59 0.0168) (121 -0.0148) (99 -0.0136) (90 0.0129) (87 -0.0129) (116 0.0126) (103 -0.0126) (32 -0.0124) (89 -0.0117) (22 0.0116) (37 -0.0116) (64 0.0115) (84 -0.0115) (98 -0.0111) (123 -0.0108) (112 -0.0108) (61 0.0106) (15 -0.0105) (124 0.0104) 
   0.0048276   (19 -0.688) (20 -0.474) (21 0.413) (135 0.328) (18 0.101) (22 0.0896) (8 -0.0479) (26 -0.0256) (13 0.0189) (23 -0.0183) (25 -0.0164) (27 0.0148) (28 0.0109) 
   0.0048799   (135 0.945) (19 0.239) (20 0.165) (21 -0.144) (18 -0.035) (22 -0.0311) (8 0.0138) 
   0.0050504   (8 0.999) (19 -0.0374) (20 -0.0248) (21 0.0204) 
   0.0053353   (4 1) 
   0.0054506   (23 0.828) (25 -0.295) (21 -0.266) (24 0.204) (18 -0.175) (26 -0.152) (19 -0.142) (14 0.0931) (27 0.0895) (20 -0.0856) (32 -0.0598) (28 -0.0525) (22 -0.0513) (11 0.0447) (38 -0.0422) (31 0.0322) (143 -0.0295) (33 -0.021) (45 0.0187) (37 -0.0157) (17 0.0148) (39 0.014) (30 -0.0137) (36 0.0135) (13 -0.0135) (76 0.0113) (34 -0.0111) 
   0.0057539   (143 -1) (23 -0.0245) (145 -0.0106) 
   0.0059372   (10 -0.938) (28 0.334) (27 -0.0622) (26 0.0492) (23 0.0202) (31 0.0156) (21 -0.0148) (32 -0.0138) (30 -0.0128) (38 -0.0114) (29 0.0109) 
   0.0061337   (137 0.958) (28 0.258) (10 0.102) (27 -0.0482) (26 0.0377) (23 0.0175) (21 -0.0123) (18 -0.0111) (30 -0.0108) (31 0.0101) 
   0.0064448   (28 -0.868) (10 -0.33) (137 0.286) (27 0.162) (26 -0.127) (23 -0.0588) (21 0.0413) (18 0.0373) (30 0.0362) (31 -0.034) (32 0.0307) (14 -0.0251) (29 -0.0245) (38 0.0231) (19 0.0184) (34 0.016) (11 -0.0145) (25 0.011) (36 -0.0108) 
   0.0065064   (13 0.899) (40 -0.206) (39 0.194) (44 0.168) (14 0.162) (38 0.138) (18 -0.0881) (12 0.06) (48 0.0566) (19 0.0561) (16 0.0544) (21 0.048) (55 0.0458) (41 0.0444) (57 0.0365) (42 0.0303) (56 0.0292) (45 0.0266) (83 -0.0252) (46 0.025) (96 -0.0244) (43 -0.0218) (31 -0.021) (59 -0.0204) (20 -0.0195) (89 -0.0178) (72 0.0175) (15 0.0156) (80 -0.0148) (22 0.0145) (95 -0.0137) (47 -0.0128) (73 -0.0125) (58 0.012) (65 0.0116) (61 -0.0114) (26 -0.0113) (70 -0.0111) 
   0.0068843   (139 0.996) (40 -0.0453) (39 0.0374) (13 -0.0348) (38 0.0296) (44 0.0281) 
   0.0080433   (40 0.557) (39 -0.46) (38 -0.363) (13 0.356) (44 -0.348) (41 -0.122) (48 -0.0986) (139 0.0831) (18 -0.0807) (55 -0.0805) (31 0.0782) (42 -0.0697) (21 0.0655) (19 0.061) (45 -0.0595) (57 -0.0582) (14 0.0567) (46 -0.0566) (43 0.0565) (56 -0.053) (83 0.0381) (59 0.0376) (96 0.0354) (72 -0.031) (16 0.0304) (65 -0.0247) (60 0.0223) (20 -0.0217) (95 0.0202) (58 -0.0199) (73 0.0197) (47 0.0195) (61 0.0193) (89 0.0192) (37 -0.0192) (79 -0.0187) (78 -0.0184) (25 -0.0162) (36 0.0155) (75 0.0147) (70 0.0147) (12 0.0142) (52 0.0141) (98 0.0136) (71 -0.0133) (81 -0.0118) (80 0.0117) (62 -0.0115) (15 0.0113) (84 0.0113) (68 0.0108) (64 0.0105) (30 -0.01) 
   0.0085106   (12 0.95) (31 -0.254) (33 0.127) (32 -0.0866) (13 -0.0585) (39 -0.0371) (38 -0.0244) (63 0.0223) (29 -0.0205) (138 0.0195) (26 -0.0157) (28 0.0117) (22 0.0105) (23 0.0101) 
   0.0091172   (138 0.966) (31 -0.203) (33 0.0952) (12 -0.0951) (32 -0.0664) (39 -0.0291) (26 -0.016) (38 -0.0145) (29 -0.0135) (18 0.0125) (13 0.0106) 

 Largest eigenvalues
      37.364   (163 0.975) 
      19.225   (75 -0.345) (76 0.698) (95 -0.339) 
      7.2389   (76 -0.361) (95 -0.676) (96 0.398) 
      3.1216   (95 0.427) (96 0.685) 
      1.2286   (124 0.417) (125 -0.603) 
      1.2205   (142 -0.378) (149 -0.894) 
      1.1828   (165 -0.999) 
      1.1553   (164 0.994) 
      1.1527   (91 -0.354) (92 -0.757) (102 0.372) 
      1.1142   (92 -0.32) (102 -0.418) (109 -0.767) 
      1.1142   (102 -0.608) (109 0.491) (114 0.306) (116 0.311) 
     0.99724   (102 -0.363) (114 -0.34) (116 -0.487) (117 -0.485) 
     0.98099   (99 0.602) (100 0.371) (101 0.578) 
     0.94012   (105 0.591) (107 0.513) 
     0.91927   (113 0.422) (114 0.583) 
      0.7504   (114 -0.475) (117 0.576) 
     0.68067   (108 0.425) (110 0.614) (112 -0.397) 
     0.66473   (107 -0.322) (108 -0.49) (112 -0.498) 
     0.66259   (115 0.542) (123 0.416) (125 -0.431) 
     0.60456   (115 -0.743) (123 0.304) 
     0.58897   (108 0.574) (110 -0.495) (112 -0.307) (113 -0.335) 
     0.58833   (106 0.743) (108 -0.338) 
     0.58632   (122 0.383) (126 0.376) (127 -0.325) (128 0.592) 
     0.55381   (126 -0.811) (128 0.399) 
     0.54529   (122 -0.745) (126 0.37) 
     0.53605   (118 0.468) (120 0.678) 
     0.53583   (121 -0.51) (123 0.534) (127 0.49) 
     0.42232   (119 0.359) (120 -0.413) (121 0.485) (127 0.297) (133 0.317) 
     0.41825   (118 -0.393) (119 -0.573) (133 0.338) 
     0.40683   (88 0.206) (90 0.936) 
     0.40186   (121 -0.397) (127 -0.474) (133 0.454) 
     0.32036   (96 0.204) (97 0.918) 
      0.3068   (104 -0.529) (105 -0.457) (107 0.447) 
     0.26557   (103 0.814) (105 0.258) 
     0.25046   (100 0.375) (101 -0.337) (113 0.314) (124 0.354) 
     0.24205   (80 -0.28) (85 0.67) (100 -0.265) (103 -0.216) (124 0.249) 
     0.23029   (80 0.435) (85 -0.303) (100 -0.506) (101 0.292) 
     0.21182   (78 0.35) (80 -0.572) (85 -0.511) 
      0.1641   (100 0.28) (104 0.21) (111 0.622) (112 0.259) 
     0.14502   (89 0.571) (91 0.424) (96 -0.328) 
     0.13429   (89 -0.434) (94 0.483) (104 -0.378) 
     0.12527   (87 -0.368) (91 -0.576) (92 0.318) 
     0.11968   (87 0.69) (88 0.375) (94 -0.355) 
     0.11183   (86 -0.644) (89 -0.306) (91 0.35) (94 -0.367) 
     0.10967   (69 0.307) (81 0.351) (82 0.524) 
     0.10002   (67 0.28) (74 -0.256) (77 -0.239) (79 0.299) (84 -0.24) (86 0.278) (94 -0.269) 
    0.094748   (61 -0.346) (65 -0.405) (74 0.277) (86 0.25) 
    0.094226   (58 0.513) (61 0.417) 
    0.091455   (58 -0.588) (65 0.366) 
     0.08866   (58 0.333) (61 -0.335) (74 -0.276) (94 0.285) (104 0.299) 
    0.087166   (58 -0.233) (60 0.212) (61 0.54) (65 -0.273) (69 -0.269) (94 0.215) 
    0.081942   (61 -0.372) (64 0.408) (65 0.413) 
    0.077561   (64 -0.715) (65 0.219) (69 0.242) (74 0.212) (82 0.22) 
    0.073042   (60 0.469) (62 -0.314) (64 0.316) (65 -0.365) 
    0.067556   (60 -0.63) (61 0.25) (62 0.244) (65 -0.236) 
    0.066272   (60 0.281) (69 -0.245) (74 -0.227) (79 -0.242) (111 0.228) (116 0.366) 
    0.063683   (66 -0.285) (71 0.283) (77 -0.353) (81 0.289) 
    0.058416   (62 0.464) (63 0.327) (66 0.38) 
    0.056119   (62 -0.507) (71 -0.343) (84 0.287) 
    0.055228   (62 0.352) (66 -0.619) (74 -0.29) 
    0.053162   (63 0.291) (66 0.306) (71 0.394) (81 -0.309) (82 0.231) 
    0.052713   (62 0.289) (63 -0.547) 
    0.049998   (63 0.578) (66 -0.314) (71 -0.305) 
    0.046055   (74 -0.25) (81 0.298) (82 -0.281) (84 -0.412) (118 -0.25) 
    0.041266   (31 -0.39) (33 -0.807) 
    0.041044   (33 0.393) (39 0.633) (40 0.543) 
    0.039751   (75 0.365) (118 -0.335) (119 0.31) 
    0.038992   (52 -0.472) (53 0.297) (75 -0.287) 
    0.034536   (52 0.445) (75 -0.436) (76 -0.268) (77 -0.278) 
    0.033637   (30 -0.775) (36 0.447) 
    0.030332   (30 0.551) (36 0.552) 
    0.030273   (35 -0.406) (36 -0.384) (88 -0.442) 
    0.029447   (35 0.818) (36 -0.249) (88 -0.242) 
    0.026906   (35 -0.313) (36 0.285) (45 -0.324) (54 -0.256) (56 0.412) (88 -0.251) 
    0.026189   (131 -0.89) 
    0.024508   (129 -0.578) (158 -0.806) 
    0.021911   (129 -0.577) (158 0.292) (162 -0.763) 
    0.021363   (129 -0.577) (158 0.515) (162 0.634) 
      0.0203   (22 0.956) 
    0.018163   (141 -0.95) (142 -0.3) 
