 1 42360.6
 2 584.953
 3 23.1481
 4 170707
 5 524.923
 6 253.825
 7 586529
 8 40.8018
 9 12453.7
 10 2683.48
 11 4.04231
 12 1522.42
 13 369123
 14 4897
 15 0.832246
 16 319076
 17 3936.02
 18 7.1251
 19 116645
 20 2091.65
 21 320.119
 22 168420
 23 3334.08
 24 104.218
 25 268.927
 26 326.96
 27 20.9268
 28 3021.82
 29 263.35
 30 283.048
 31 513.089
 32 83.0506
 33 909.069
 34 224.659
 35 167.162
 36 376.062
 37 1543.14
 38 2956.66
 39 7.29687
 40 982.8
 41 4412.73
 42 2.10232
 43 671.345
 44 1458.05
 45 27.5408
 46 33350
 47 1022.15
 48 2576.76
 49 1814.27
 50 182.327
 51 300.318
 52 195.598
 53 2955.81
 54 302.698
 55 204.99
 56 319.549
 57 840.492
 58 85.6428
 59 124.291
 60 202.457
 61 23.7123
 62 1.88103
 63 359.361
 64 337.819
 65 1.65965
 66 489.372
 67 2617.92
 68 410.331
 69 114922
 70 173896
 71 2379.11
 72 146.17
 73 18676.5
 74 26.1359
 75 12245
 76 8052.87
 77 5.2707
 78 1767.76
 79 8998.89
 80 45.6635
 81 2631.15
 82 1591.07
 83 207.744
 84 3.11111
 85 144.466
 86 3.5848
 87 4221.48
 88 1.71904
 89 1.6453
 90 1.92547
 91 10.4043
 92 498.911
 93 1917.17
 94 2517.6
 95 3343.22
 96 2695.86
 97 309.298
 98 386.715
 99 128.371
 100 1336.5
 101 1614.93
 102 135.633
 103 152.952
 104 138.816
 105 138.31
 106 161.793
 107 168.152
 108 174.102
 109 133.584
 110 104.282
 111 191.098
 112 207.831
 113 194.742
 114 177.385
 115 188.962
 116 156.355
 117 177.542
 118 200.718
 119 165.017
 120 94.3407
 121 126.368
 122 50.7489
 123 71.2334
 124 40.6075
 125 30.8173
 126 51.7736
 127 27.6497
 128 94.5561
 129 64.0001
 130 62.6879
 131 20.2462
 132 20.979
 133 22.8547
 134 36.2239
 135 8.77423
 136 47.4571
 137 9.77216
 138 9.28294
 139 9.13636
 140 10.7368
 141 10.9945
 142 8.99644
 143 9.23171
 144 15.1701
 145 15.212
 146 12.6225
 147 10.0974
 148 25.4639
 149 16.4439
 150 11.984
 151 13.5975
 152 23.5185
 153 22.2133
 154 13.6712
 155 20.0732
 156 24.1462
 157 45.7439
 158 0.135834
 159 0.315683
 160 0.407918
 161 5.85568
 162 25.1901
 163 974.468
 164 1488.6
 165 6.86787
