 1 31.6228
 2 21.3427
 3 1.80003
 4 31.6228
 5 17.4759
 6 9.0492
 7 31.6206
 8 1.03958
 9 31.4248
 10 30.1047
 11 0.989449
 12 27.6594
 13 31.6228
 14 31.5933
 15 0.903494
 16 31.6228
 17 31.5576
 18 0.979494
 19 31.6228
 20 27.5147
 21 5.15522
 22 31.6228
 23 30.6674
 24 1.94014
 25 15.3661
 26 15.1395
 27 1.90331
 28 31.3964
 29 10.5632
 30 11.3398
 31 21.895
 32 3.3854
 33 26.7289
 34 14.526
 35 7.52862
 36 15.45
 37 31.4128
 38 31.5585
 39 1.37872
 40 24.5535
 41 31.1452
 42 1.295
 43 21.7807
 44 28.9365
 45 1.87738
 46 31.6028
 47 8.99443
 48 24.2911
 49 30.6915
 50 12.731
 51 13.5472
 52 9.3208
 53 30.7526
 54 16.2823
 55 8.75148
 56 12.2804
 57 28.2682
 58 8.47802
 59 8.17005
 60 11.4536
 61 4.39762
 62 1.35218
 63 17.8267
 64 16.7228
 65 0.967794
 66 20.8664
 67 28.5331
 68 4.6966
 69 31.5905
 70 31.6228
 71 29.8567
 72 3.21971
 73 31.616
 74 1.37572
 75 31.5551
 76 31.3334
 77 1.36718
 78 29.3421
 79 31.6014
 80 1.7914
 81 31.1693
 82 31.4432
 83 13.3294
 84 1.42893
 85 10.2447
 86 1.48005
 87 31.3547
 88 1.10106
 89 1.04679
 90 1.25456
 91 2.44047
 92 15.7724
 93 27.557
 94 28.9093
 95 30.68
 96 30.7973
 97 15.3202
 98 17.468
 99 8.63885
 100 30.1715
 101 30.9624
 102 10.4151
 103 11.4626
 104 10.9015
 105 11.0622
 106 12.2597
 107 12.4255
 108 12.5738
 109 10.5082
 110 8.51284
 111 13.0815
 112 14.0412
 113 13.5131
 114 12.7092
 115 12.9111
 116 11.2694
 117 12.3903
 118 13.4265
 119 11.9486
 120 8.70281
 121 10.7766
 122 6.73279
 123 7.69929
 124 5.56647
 125 5.10411
 126 6.81337
 127 4.41696
 128 8.99392
 129 7.02467
 130 7.25914
 131 4.01243
 132 4.3908
 133 4.56123
 134 5.80796
 135 2.57971
 136 6.75831
 137 2.80238
 138 2.74154
 139 2.72855
 140 3.00966
 141 2.91216
 142 2.61135
 143 2.70012
 144 3.67099
 145 3.68923
 146 3.28566
 147 2.82527
 148 4.87613
 149 3.80474
 150 3.16834
 151 3.38731
 152 4.66775
 153 4.47518
 154 3.48481
 155 4.34044
 156 4.76636
 157 6.64241
 158 0.105774
 159 0.437991
 160 0.273499
 161 1.45215
 162 4.51261
 163 16.6523
 164 25.0353
 165 0.516542
