 1 1000
 2 479.338
 3 19.1163
 4 1000
 5 437.1
 6 211.436
 7 999.898
 8 4.03972
 9 992.126
 10 913.776
 11 2.45553
 12 776.452
 13 1000
 14 998.473
 15 0.819348
 16 1000
 17 997.624
 18 2.45062
 19 1000
 20 864.114
 21 132.874
 22 1000
 23 968.28
 24 30.9807
 25 248.099
 26 260.555
 27 16.769
 28 988.461
 29 211.659
 30 228.836
 31 503.385
 32 72.9863
 33 795.528
 34 217.364
 35 149.667
 36 334.95
 37 988.131
 38 997.641
 39 3.52594
 40 617.408
 41 973.603
 42 1.77118
 43 498.591
 44 868.777
 45 16.7736
 46 999.242
 47 245.766
 48 754.992
 49 953.88
 50 177.509
 51 258.911
 52 168.297
 53 956.592
 54 271.761
 55 153.139
 56 232.87
 57 832.862
 58 84.9476
 59 122.181
 60 197.251
 61 23.4099
 62 1.87837
 63 329.612
 64 329.719
 65 1.65231
 66 480.683
 67 897.195
 68 105.432
 69 998.899
 70 1000
 71 940.83
 72 59.0546
 73 999.695
 74 3.53372
 75 997.6
 76 983
 77 3.19783
 78 866.128
 79 999.123
 80 14.7411
 81 984.212
 82 991.651
 83 190.137
 84 2.9679
 85 111.901
 86 3.12117
 87 988.729
 88 1.71879
 89 1.64527
 90 1.92511
 91 9.3755
 92 361.257
 93 838.546
 94 892.975
 95 963.536
 96 968.146
 97 283.127
 98 365.827
 99 121.264
 100 944.051
 101 974.593
 102 129.37
 103 149.262
 104 137.188
 105 137.232
 106 161.053
 107 167.382
 108 173.081
 109 132.236
 110 102.277
 111 189.835
 112 206.534
 113 193.603
 114 176.569
 115 188.344
 116 155.34
 117 176.785
 118 199.684
 119 162.67
 120 91.0399
 121 125.625
 122 48.8713
 123 62.3435
 124 38.3906
 125 29.5733
 126 50.84
 127 25.6062
 128 92.1557
 129 62.8674
 130 61.8918
 131 19.8236
 132 20.5359
 133 22.3602
 134 35.1056
 135 8.39224
 136 46.8796
 137 9.38906
 138 8.82459
 139 8.68199
 140 10.1458
 141 10.2045
 142 8.4202
 143 8.77273
 144 14.7417
 145 14.7687
 146 12.1602
 147 9.62143
 148 24.9467
 149 15.8918
 150 11.5726
 151 13.1578
 152 22.9544
 153 21.1753
 154 13.1779
 155 19.6706
 156 23.7667
 157 45.2887
 158 0.102672
 159 0.301876
 160 0.340019
 161 5.28284
 162 23.9448
 163 359.614
 164 702.914
 165 5.88152
