 Smallest eigenvalues
  1.6753e-06   (9 -1) 
  2.7091e-06   (50 -0.721) (48 -0.484) (54 -0.233) (153 -0.191) (44 -0.188) (49 0.126) (14 0.11) (51 0.11) (37 -0.097) (78 0.0952) (46 0.092) (53 -0.0857) (52 -0.0715) (38 0.0691) (27 -0.0678) (61 0.0558) (56 -0.0543) (79 -0.0514) (39 -0.0489) (47 -0.048) (80 0.039) (76 0.0365) (69 -0.0355) (68 0.0344) (40 -0.032) (43 -0.0284) (71 -0.0269) (34 -0.0264) (42 0.026) (74 -0.0257) (70 0.024) (19 0.023) (36 0.023) (21 0.0214) (65 -0.021) (75 -0.0206) (32 0.0204) (23 0.0201) (41 -0.0193) (45 -0.019) (25 -0.0165) (31 0.0162) (72 0.0162) (63 -0.0151) (84 0.015) (30 -0.0146) (33 0.0142) (22 -0.0142) (57 -0.0139) (20 -0.013) (88 0.0118) (35 -0.0107) 
   3.134e-06   (153 -0.982) (50 0.14) (48 0.0941) (54 0.0452) (44 0.0366) (49 -0.0245) (14 -0.0215) (51 -0.0213) (37 0.0189) (78 -0.0182) (46 -0.0179) (53 0.0166) (52 0.0139) (38 -0.0135) (27 0.0132) (61 -0.0108) (56 0.0105) 
  5.7506e-06   (5 -1) 
   5.858e-06   (47 0.664) (148 -0.57) (44 -0.313) (45 -0.172) (46 0.156) (37 -0.124) (49 -0.114) (48 0.107) (14 0.0964) (27 -0.0691) (78 0.066) (39 -0.0639) (50 0.054) (38 0.0536) (41 -0.0387) (79 -0.0351) (52 0.0319) (55 -0.031) (51 0.0285) (43 -0.0285) (61 0.0284) (30 -0.025) (42 0.024) (19 0.0232) (56 -0.0219) (34 -0.0217) (54 -0.0199) (80 0.0194) (70 0.0161) (36 0.0158) (23 0.0157) (28 0.015) (22 -0.0148) (53 -0.0147) (35 -0.0147) (71 -0.0145) (25 -0.0145) (15 0.0143) (24 -0.0117) (33 0.011) (77 -0.0106) (69 -0.0101) (21 0.0101) (65 -0.01) 
  5.9375e-06   (148 -0.821) (47 -0.461) (44 0.217) (45 0.119) (46 -0.108) (37 0.0862) (49 0.0794) (48 -0.0744) (14 -0.067) (27 0.048) (78 -0.0457) (39 0.0444) (50 -0.0375) (38 -0.0373) (41 0.0268) (79 0.0243) (52 -0.0221) (55 0.0215) (51 -0.0198) (43 0.0198) (61 -0.0197) (30 0.0174) (42 -0.0167) (19 -0.0161) (56 0.0152) (34 0.0151) (54 0.0138) (80 -0.0134) (70 -0.0112) (36 -0.011) (23 -0.0109) (28 -0.0104) (22 0.0103) (53 0.0102) (35 0.0102) (71 0.0101) (25 0.0101) 
   8.573e-06   (1 0.991) (30 -0.102) (37 0.0496) (27 -0.0463) (35 0.0225) (28 0.0202) (14 0.0139) (38 -0.0137) (34 0.0134) (39 0.0121) (31 0.0104) 
  8.6905e-06   (155 -0.998) (30 -0.0425) (27 -0.0202) (37 0.0199) (14 0.0109) 
  2.3607e-05   (30 0.754) (27 0.359) (37 -0.353) (14 -0.193) (35 -0.163) (28 -0.146) (1 0.131) (34 -0.109) (38 0.102) (39 -0.0792) (22 0.0761) (31 -0.0731) (19 -0.0677) (32 -0.0655) (15 -0.0571) (155 -0.0563) (23 -0.0545) (24 0.0474) (29 0.043) (44 -0.0419) (25 0.0417) (21 -0.0389) (78 -0.0367) (40 -0.0347) (43 -0.0302) (49 0.0293) (79 0.0264) (80 -0.0225) (16 -0.0205) (61 -0.0183) (18 0.0179) (41 -0.0174) (55 0.0159) (20 0.0154) (10 -0.0135) (42 -0.0133) (70 -0.0119) (33 0.0119) (52 -0.0118) (47 0.0111) (57 -0.0111) (74 -0.0104) (53 0.0102) 
  2.8457e-05   (20 0.66) (21 0.341) (46 -0.333) (45 0.288) (22 0.269) (23 0.254) (44 -0.247) (18 0.126) (15 0.0731) (38 0.0697) (16 -0.0548) (31 0.0524) (40 0.0463) (37 -0.0462) (36 0.0461) (78 0.0455) (24 0.0452) (14 0.036) (49 -0.035) (48 0.0325) (29 0.0302) (17 0.0297) (43 -0.0279) (34 -0.0256) (28 0.0255) (27 -0.0246) (50 0.0227) (30 -0.0201) (19 0.0197) (61 0.0193) (52 0.0189) (71 -0.0183) (72 0.0176) (39 -0.0173) (33 -0.0168) (55 -0.0162) (47 -0.0153) (62 0.0143) (74 -0.0139) (68 0.0138) (66 -0.0137) (26 -0.0124) (80 0.012) (56 -0.0115) (35 -0.0115) (73 0.0111) 
  3.7783e-05   (157 -0.999) (46 -0.0239) (45 0.0205) (20 -0.0188) (44 -0.0168) 
  0.00010247   (46 0.538) (45 -0.46) (20 0.407) (44 0.377) (21 0.188) (22 0.187) (23 0.138) (37 0.137) (18 0.107) (38 -0.0933) (14 -0.0862) (49 0.086) (27 0.0806) (48 -0.0764) (78 -0.0679) (39 0.0539) (41 0.0519) (47 0.0473) (16 -0.0453) (157 -0.0449) (24 0.0441) (43 0.0385) (50 -0.0376) (80 -0.0333) (55 0.0329) (40 0.0319) (33 -0.0295) (31 0.0285) (79 0.0282) (61 -0.0268) (71 0.0254) (25 0.0253) (68 -0.0243) (28 -0.0234) (15 0.0228) (17 0.0202) (35 0.0202) (52 -0.0201) (30 0.0195) (53 0.0187) (69 0.0178) (72 -0.0171) (74 0.0165) (56 0.0153) (19 -0.0153) (77 0.015) (29 0.0129) (66 0.0128) (75 -0.0128) (62 -0.0124) (54 0.0122) (70 -0.0113) 
  0.00011179   (2 1) 
  0.00013156   (19 -0.548) (14 0.535) (17 -0.398) (16 -0.35) (23 -0.19) (27 0.187) (18 -0.12) (20 0.102) (25 0.0857) (21 -0.0788) (22 0.0735) (37 0.0593) (34 0.0496) (44 0.0446) (39 0.0428) (15 -0.0348) (36 -0.0283) (32 -0.0266) (46 -0.0257) (33 -0.0256) (38 -0.0251) (24 0.025) (31 -0.0196) (47 0.0163) (28 -0.0154) (29 0.0149) (42 -0.0143) (78 0.0129) (10 0.0114) (79 -0.011) 
  0.00020872   (159 1) 
  0.00023342   (3 1) 
  0.00023698   (19 0.705) (22 0.464) (14 0.329) (27 0.25) (23 -0.211) (21 -0.149) (16 -0.0964) (17 -0.0939) (24 0.081) (20 -0.0752) (15 0.0722) (37 0.0675) (25 0.0521) (158 0.0398) (32 -0.0345) (39 0.0336) (44 0.0249) (34 0.0223) (33 -0.0222) (36 -0.0199) (35 0.0171) (40 0.016) (46 -0.0139) (18 0.013) (78 0.0122) (79 -0.0121) 
  0.00024626   (158 0.999) (19 -0.0281) (22 -0.0185) (14 -0.0131) 
   0.0002695   (7 -1) 
   0.0002871   (29 0.629) (28 -0.496) (150 -0.364) (27 -0.319) (30 0.176) (37 0.169) (14 0.145) (32 -0.0956) (48 0.066) (21 0.0649) (35 0.0627) (19 0.0595) (15 0.0514) (22 -0.0501) (38 -0.0498) (18 0.043) (20 -0.0402) (39 0.0397) (25 -0.035) (41 0.0246) (75 -0.0211) (50 -0.019) (43 0.0183) (24 -0.0168) (33 0.0159) (78 0.0157) (16 -0.0157) (54 -0.0138) (31 -0.0128) (40 0.0115) (51 -0.0112) (49 0.0111) (68 0.0107) (79 -0.0104) (44 0.0102) 
  0.00029759   (150 -0.931) (29 -0.246) (28 0.194) (27 0.125) (30 -0.0687) (37 -0.0661) (14 -0.0566) (32 0.0373) (48 -0.0257) (21 -0.0253) (35 -0.0245) (19 -0.0232) (15 -0.0201) (22 0.0196) (38 0.0194) (18 -0.0168) (20 0.0157) (39 -0.0155) (25 0.0137) 
  0.00030408   (6 -1) 
  0.00031158   (22 -0.633) (27 0.396) (25 0.333) (23 0.293) (21 0.244) (14 0.241) (19 0.239) (154 -0.173) (15 0.103) (37 0.101) (16 -0.0601) (35 0.0523) (30 0.0445) (18 0.0414) (41 0.0413) (32 -0.0376) (39 0.0313) (34 -0.029) (26 0.025) (28 0.0244) (40 0.0219) (48 0.0208) (78 0.0187) (43 0.0186) (51 -0.015) (79 -0.0146) (73 -0.0135) (20 -0.0127) (75 -0.0127) (55 -0.0117) (69 -0.0105) (46 -0.0102) 
  0.00032616   (154 -0.985) (22 0.111) (27 -0.0697) (25 -0.0585) (23 -0.0515) (21 -0.0429) (14 -0.0425) (19 -0.0421) (15 -0.0182) (37 -0.0177) (16 0.0106) 
  0.00033039   (57 0.507) (73 -0.496) (70 0.379) (71 -0.258) (61 -0.236) (74 -0.202) (69 0.19) (51 -0.166) (44 -0.139) (68 -0.0995) (67 0.0988) (78 -0.0949) (79 0.0857) (76 -0.0835) (65 -0.0792) (66 -0.0776) (55 -0.0768) (46 0.0693) (56 0.0666) (34 -0.0661) (47 -0.0652) (77 0.0651) (42 0.0512) (15 -0.0428) (80 -0.0399) (37 0.0389) (60 -0.0371) (43 0.0315) (23 0.031) (53 -0.0306) (72 0.0296) (63 0.029) (35 0.0283) (59 -0.0259) (45 -0.025) (62 -0.0244) (22 0.0239) (14 0.0211) (39 -0.0204) (125 -0.0194) (120 0.0192) (123 -0.0178) (33 0.0166) (38 0.0164) (64 -0.0162) (31 0.0161) (50 -0.0158) (88 0.0143) (82 -0.0136) (104 -0.0136) (152 -0.0135) (105 0.0131) (20 -0.0125) (27 0.0123) (41 0.0122) (91 -0.0118) (121 -0.0116) (25 -0.0114) (75 -0.0113) (21 -0.0113) (129 0.0112) (19 -0.011) (84 0.0109) (48 0.0107) (89 -0.0104) (101 0.0104) (106 -0.0103) 
   0.0003428   (73 0.61) (57 0.415) (69 0.236) (152 -0.233) (74 0.219) (71 0.204) (44 -0.192) (68 -0.191) (61 -0.153) (67 0.142) (49 0.127) (51 -0.125) (55 -0.108) (46 0.103) (47 -0.0948) (66 -0.0946) (70 -0.0894) (34 -0.0849) (65 -0.08) (14 0.0799) (42 0.0618) (56 0.0591) (41 0.0571) (54 0.0545) (15 -0.0445) (63 0.0431) (39 -0.043) (23 0.0428) (43 0.0428) (72 -0.0412) (50 0.0323) (45 -0.0316) (38 0.0294) (35 0.0294) (120 -0.0267) (33 0.0264) (119 -0.0262) (31 0.0256) (123 -0.0256) (59 -0.0253) (62 -0.023) (25 -0.0228) (84 0.022) (79 -0.022) (20 -0.0219) (32 0.0194) (64 -0.019) (129 0.0184) (48 -0.0181) (122 0.0162) (149 -0.0157) (60 -0.0149) (52 0.0145) (80 0.014) (27 -0.0133) (76 0.0133) (36 0.0117) (131 -0.0114) (88 0.0112) (75 0.0104) 
  0.00036814   (152 -0.972) (73 -0.139) (57 -0.107) (69 -0.0589) (74 -0.0498) (44 0.0488) (68 0.0471) (71 -0.0455) (61 0.0402) (67 -0.0354) (51 0.0328) (49 -0.0307) (149 -0.0273) (55 0.0272) (46 -0.026) (47 0.0239) (66 0.0237) (34 0.0217) (65 0.0203) (14 -0.0197) (70 0.0164) (42 -0.0158) (56 -0.0152) (41 -0.014) (54 -0.0131) (15 0.0115) (23 -0.0109) (43 -0.0109) (39 0.0108) (63 -0.0107) 
  0.00043315   (24 -0.971) (27 0.122) (22 0.0895) (53 0.086) (25 -0.0782) (23 0.0653) (51 -0.0509) (52 0.0466) (55 0.0465) (14 0.0416) (49 0.0382) (57 -0.0317) (15 0.0267) (44 -0.0251) (47 -0.0215) (41 0.0197) (46 0.0189) (21 0.0171) (19 0.0168) (30 0.0161) (34 -0.016) (56 -0.0157) (28 -0.0141) (17 -0.0139) (61 0.0128) (50 0.0118) (78 0.0102) (35 0.0101) 
  0.00045268   (147 0.721) (53 0.422) (51 -0.282) (55 0.245) (52 0.203) (49 0.157) (44 -0.156) (57 -0.135) (24 0.0981) (46 0.0875) (47 -0.0828) (56 -0.062) (14 0.0573) (61 0.0549) (34 -0.0525) (42 0.0389) (73 -0.0387) (27 -0.0361) (48 -0.0341) (39 -0.0334) (50 0.0318) (37 -0.0308) (45 -0.0274) (78 0.0259) (38 0.0239) (43 0.023) (15 -0.0229) (70 0.022) (54 0.0212) (71 -0.0196) (41 0.0166) (79 -0.0155) (33 0.0145) (23 0.0134) (68 0.0131) (35 0.0131) (31 0.0127) (20 -0.0122) (80 0.012) (25 -0.0112) (36 0.0111) (30 -0.0107) (60 0.0105) (32 0.01) 
  0.00048661   (147 0.693) (53 -0.44) (51 0.294) (55 -0.256) (52 -0.212) (49 -0.164) (44 0.163) (57 0.141) (24 -0.0973) (46 -0.0913) (47 0.0863) (56 0.0646) (14 -0.06) (61 -0.0572) (34 0.0548) (42 -0.0405) (73 0.0403) (27 0.037) (48 0.0356) (39 0.0348) (50 -0.0332) (37 0.0321) (45 0.0286) (78 -0.027) (38 -0.0249) (43 -0.024) (15 0.0238) (70 -0.0229) (54 -0.0221) (71 0.0204) (41 -0.0173) (79 0.0161) (33 -0.0151) (23 -0.0143) (68 -0.0137) (35 -0.0137) (31 -0.0133) (20 0.0127) (80 -0.0124) (25 0.0121) (36 -0.0116) (30 0.0111) (60 -0.0109) (32 -0.0105) 
  0.00050627   (52 -0.741) (41 -0.412) (54 0.275) (51 -0.248) (55 -0.174) (44 -0.166) (57 -0.165) (49 0.106) (53 0.0852) (37 0.0831) (46 0.0785) (61 0.0704) (56 -0.0627) (42 0.0614) (47 -0.0532) (50 0.0528) (78 0.0384) (70 0.035) (48 -0.0316) (39 0.0274) (45 -0.0218) (151 -0.0202) (79 -0.0184) (73 -0.016) (27 0.0152) (60 0.0147) (80 0.0145) (76 -0.0143) (40 -0.0136) (36 -0.0129) (71 -0.0119) (35 0.0116) (69 0.0115) (22 0.0115) (30 0.0112) (23 0.0112) (15 -0.0109) (38 -0.0102) 
  0.00051648   (151 -0.959) (41 0.241) (52 -0.0871) (37 -0.0642) (51 -0.0393) (54 0.0338) (39 -0.0315) (34 -0.0286) (55 -0.0277) (44 0.0261) (14 0.0243) (27 -0.0214) (57 -0.0214) (38 0.0208) (42 -0.0179) (49 -0.0158) (40 0.0137) (25 -0.013) (30 -0.0127) (78 0.0123) (73 -0.0118) (61 0.0115) 
  0.00053912   (41 -0.79) (52 0.349) (151 -0.282) (37 0.212) (51 0.151) (54 -0.134) (55 0.107) (39 0.105) (34 0.0973) (57 0.0841) (14 -0.0827) (44 -0.0766) (27 0.0715) (38 -0.0698) (42 0.0563) (49 0.0465) (40 -0.0456) (78 -0.0445) (61 -0.0442) (25 0.044) (30 0.0422) (73 0.0416) (56 0.0348) (43 -0.0336) (53 -0.0319) (79 0.0288) (70 -0.0266) (80 -0.0211) (48 -0.0207) (33 -0.0205) (23 -0.0199) (50 0.0175) (68 -0.0163) (71 0.0158) (28 -0.0154) (46 0.0152) (36 -0.0151) (20 0.0145) (15 0.0128) (72 -0.012) (31 -0.0109) (76 0.0107) (19 -0.01) 
     0.00056   (70 -0.701) (71 0.324) (73 -0.318) (69 -0.306) (57 0.287) (51 -0.164) (49 -0.122) (76 -0.11) (61 -0.109) (50 -0.0927) (72 0.0909) (68 0.0905) (74 -0.0673) (77 0.0649) (44 -0.0573) (75 -0.053) (53 0.049) (56 0.0434) (54 0.0405) (34 -0.0373) (65 -0.0359) (146 0.0341) (48 0.0314) (55 -0.0295) (42 0.0284) (37 0.0265) (46 0.0263) (84 0.0244) (15 -0.0239) (123 -0.0224) (47 -0.0208) (23 0.0207) (52 -0.0198) (22 0.019) (43 0.0184) (60 -0.0177) (67 -0.0168) (35 0.0159) (125 -0.0159) (66 -0.0156) (41 -0.0154) (129 0.0147) (88 0.0134) (45 -0.0124) (59 -0.0114) (90 0.0111) (80 0.011) (38 0.0103) (14 0.0103) (62 -0.0101) (82 -0.01) 
  0.00058982   (146 0.833) (49 0.366) (50 0.247) (51 0.182) (53 -0.151) (44 -0.118) (73 -0.0813) (48 -0.0696) (46 0.0685) (47 -0.057) (69 -0.0507) (41 0.05) (54 -0.0467) (14 0.043) (70 -0.0386) (68 0.0363) (34 -0.0336) (37 -0.0326) (78 0.0283) (39 -0.0263) (79 -0.0236) (42 0.0231) (56 -0.0212) (27 -0.0209) (57 -0.0207) (25 -0.0185) (67 -0.0181) (72 0.0178) (38 0.0174) (80 0.0158) (23 0.0148) (15 -0.013) (74 -0.012) (43 0.0118) (33 0.0109) (31 0.0103) (76 -0.0101) (20 -0.0101) 
  0.00064007   (146 0.552) (49 -0.545) (50 -0.367) (51 -0.264) (53 0.225) (44 0.183) (73 0.143) (46 -0.105) (48 0.103) (70 0.102) (69 0.0958) (47 0.0876) (41 -0.0744) (54 0.068) (14 -0.0656) (68 -0.0606) (34 0.0533) (37 0.0474) (78 -0.0431) (39 0.0404) (42 -0.0368) (79 0.0361) (72 -0.0325) (27 0.0311) (56 0.0293) (25 0.0284) (67 0.0284) (38 -0.027) (80 -0.0246) (23 -0.0238) (74 0.0223) (76 0.0219) (15 0.0212) (43 -0.0191) (75 0.0171) (33 -0.017) (31 -0.016) (20 0.0157) (71 -0.0145) (30 0.0144) (57 0.0129) (119 0.0124) (32 -0.0123) (45 0.0112) (52 0.0105) 
   0.0007089   (39 -0.802) (37 0.321) (23 0.222) (25 -0.213) (38 0.189) (44 0.153) (34 -0.129) (42 -0.116) (15 -0.103) (27 0.0883) (41 -0.0837) (35 0.08) (43 -0.0738) (20 -0.0714) (14 0.0655) (40 -0.0613) (46 -0.054) (22 0.0481) (36 -0.0462) (47 0.0449) (51 0.0435) (24 0.0408) (57 -0.0346) (21 -0.0334) (33 0.0247) (30 0.0236) (17 -0.0206) (45 0.0194) (19 -0.0177) (26 -0.0172) (55 0.0166) (31 0.0161) 
  0.00075723   (25 -0.622) (23 0.55) (39 0.285) (34 0.235) (27 0.182) (20 -0.167) (14 0.157) (15 -0.145) (37 -0.116) (24 0.109) (35 -0.0896) (38 -0.0884) (31 -0.0766) (33 -0.0707) (26 -0.0561) (21 -0.0491) (32 -0.0438) (141 -0.0417) (22 0.0409) (17 -0.0349) (44 0.0301) (28 -0.0275) (49 -0.0179) (29 0.0141) (40 0.0136) (46 -0.0118) (41 -0.0116) 
  0.00079106   (141 -0.999) (25 0.0273) (23 -0.0244) (149 0.0112) 
  0.00087741   (49 -0.435) (51 0.419) (44 -0.411) (47 -0.386) (46 0.269) (15 -0.251) (48 0.218) (57 -0.145) (43 0.134) (55 0.117) (45 -0.107) (14 0.103) (42 0.101) (17 0.0981) (34 -0.0939) (37 0.0869) (41 0.0654) (52 -0.0491) (35 0.047) (16 0.0447) (54 0.0438) (78 -0.039) (27 0.0377) (61 0.0336) (53 0.0232) (79 0.0229) (22 0.0229) (33 0.0222) (30 0.021) (19 -0.0194) (69 0.0186) (31 0.0167) (38 0.0167) (20 0.0165) (39 -0.0158) (68 -0.0136) (65 0.0134) (84 0.0132) (77 0.0132) (80 -0.0118) (32 0.0115) (76 -0.0114) (74 -0.0111) 
  0.00097492   (15 -0.722) (17 0.439) (14 0.282) (16 0.202) (23 -0.188) (44 0.155) (20 0.139) (34 0.116) (47 0.113) (49 0.0955) (51 -0.0905) (25 0.0901) (46 -0.0894) (48 -0.0516) (43 -0.0479) (22 -0.047) (42 -0.0438) (18 0.0431) (35 -0.0431) (21 0.0409) (24 -0.0397) (41 -0.038) (31 -0.035) (33 -0.0346) (45 0.034) (27 0.0311) (57 0.026) (32 -0.0243) (37 -0.0235) (55 -0.0233) (39 0.022) (38 -0.0213) (29 0.0153) (28 -0.0147) (54 -0.0134) (30 -0.0111) 
   0.0010637   (144 -1) (149 0.0247) 
   0.0011623   (53 -0.66) (51 -0.437) (34 -0.325) (55 0.261) (57 -0.228) (35 0.171) (52 0.15) (54 0.146) (36 0.143) (33 0.0745) (38 -0.0714) (15 -0.0707) (39 0.0592) (49 -0.059) (31 0.0539) (23 0.0536) (41 -0.0508) (50 -0.0488) (14 0.0422) (47 -0.04) (61 0.0387) (44 -0.0385) (22 0.0354) (46 0.0341) (48 0.0332) (25 -0.0326) (78 -0.0318) (32 0.031) (69 0.0305) (79 0.0275) (37 -0.0273) (20 -0.0271) (68 -0.0229) (70 -0.0191) (136 -0.0186) (21 -0.0184) (45 -0.0158) (80 -0.0135) (17 -0.0118) (67 0.011) (56 -0.0102) 
   0.0013361   (34 -0.605) (36 0.343) (35 0.317) (53 0.279) (51 0.244) (44 0.216) (37 -0.194) (38 -0.176) (39 0.146) (41 -0.141) (33 0.137) (136 -0.124) (55 -0.0983) (14 0.0976) (42 -0.0928) (31 0.0907) (46 -0.0787) (43 -0.0717) (57 0.0711) (23 0.0674) (52 -0.067) (15 -0.0662) (54 -0.0626) (32 0.0583) (25 -0.0562) (47 0.0551) (20 -0.0394) (27 -0.0392) (45 0.0288) (50 0.0241) (40 -0.0232) (22 0.0197) (78 0.0173) (28 0.0167) (24 0.0155) (17 -0.0138) (70 0.0125) (21 -0.0125) (61 -0.0123) (73 -0.0123) (79 -0.0121) (29 -0.0119) (30 -0.0117) 
   0.0014904   (136 -0.992) (34 0.0819) (36 -0.0456) (35 -0.0429) (44 -0.0259) (37 0.0246) (38 0.0233) (53 -0.0225) (51 -0.022) (39 -0.0193) (33 -0.0186) (41 0.0185) (14 -0.0131) (149 0.0128) (31 -0.0124) (42 0.0114) 
   0.0015055   (10 0.972) (35 -0.19) (34 -0.0793) (33 0.0522) (31 0.0521) (32 0.0495) (37 0.042) (36 -0.03) (132 0.021) (39 0.0201) (38 -0.0178) (44 0.0138) (11 0.0132) (27 -0.0124) (46 -0.0106) 
   0.0016437   (132 0.869) (35 -0.386) (34 -0.164) (10 -0.132) (33 0.104) (31 0.103) (32 0.0965) (37 0.0784) (36 -0.0618) (14 0.0546) (27 -0.0436) (39 0.0368) (38 -0.0338) (44 0.0267) (23 0.0178) (46 -0.0154) (19 0.0147) (26 0.0146) (25 -0.0135) (42 -0.0123) (54 -0.012) (41 -0.0113) (20 -0.011) (22 -0.0108) 
   0.0018779   (35 0.687) (132 0.494) (34 0.293) (10 0.19) (33 -0.186) (31 -0.183) (32 -0.172) (37 -0.14) (36 0.11) (14 -0.0957) (27 0.0773) (39 -0.0656) (38 0.0603) (44 -0.0476) (23 -0.0317) (46 0.0276) (19 -0.026) (26 -0.0259) (25 0.0238) (42 0.0219) (54 0.0214) (41 0.02) (20 0.0194) (22 0.0192) (49 0.016) (55 -0.0147) (40 -0.0122) (50 -0.0114) (45 0.0111) (28 -0.0104) (29 0.0104) 
    0.002023   (31 0.645) (32 0.543) (34 0.313) (35 0.23) (54 -0.182) (33 0.171) (30 0.156) (55 0.1) (52 -0.096) (50 0.0598) (74 0.0593) (37 -0.0529) (36 -0.0512) (40 -0.0463) (49 -0.0458) (72 0.044) (28 -0.0436) (51 -0.0412) (68 0.0273) (71 -0.027) (42 -0.0256) (20 -0.0251) (27 0.0246) (128 0.0246) (15 -0.0245) (75 -0.0206) (57 0.02) (61 -0.0189) (60 -0.0163) (46 -0.0163) (78 -0.016) (44 0.0158) (80 -0.0153) (24 0.0149) (21 -0.0143) (23 0.0131) (16 -0.0128) (29 0.0124) (47 0.0112) (14 0.0105) (43 0.0102) (41 0.0101) 
   0.0021855   (74 0.573) (72 0.39) (68 0.368) (71 -0.327) (128 0.295) (75 -0.196) (78 -0.141) (69 -0.122) (55 -0.114) (76 -0.108) (80 -0.108) (77 -0.101) (67 -0.0938) (54 0.0917) (79 0.0832) (52 0.0736) (61 -0.0652) (60 -0.0622) (62 0.0562) (57 0.0557) (83 -0.0556) (65 0.0524) (50 -0.0482) (40 -0.0455) (31 -0.0398) (85 -0.039) (34 -0.0371) (105 -0.0365) (44 -0.0289) (51 -0.0288) (46 0.0264) (73 0.0246) (82 -0.0238) (32 -0.0237) (47 -0.0215) (38 0.0211) (87 0.0185) (81 0.0185) (48 0.0182) (124 -0.0182) (42 0.0181) (89 -0.0175) (59 0.0167) (70 0.0167) (86 -0.0158) (37 0.0156) (134 -0.0154) (63 -0.0144) (93 -0.0144) (35 -0.0139) (122 -0.013) (106 0.0124) (58 -0.0119) (100 -0.011) (107 -0.0106) (64 0.0105) (125 -0.0103) (84 0.01) 
   0.0023546   (128 0.571) (54 0.547) (55 -0.325) (52 0.276) (74 -0.208) (72 -0.143) (31 0.139) (50 -0.131) (32 0.113) (51 0.105) (71 0.0972) (49 0.0968) (57 -0.0841) (68 -0.0667) (61 0.0655) (75 0.0596) (33 0.0578) (34 0.0507) (76 0.0408) (40 -0.0389) (60 0.0387) (65 -0.0375) (78 0.0364) (73 -0.0363) (30 0.036) (84 -0.0313) (35 0.0308) (43 -0.0305) (67 0.0304) (80 0.0304) (70 0.0304) (69 -0.0286) (48 -0.0281) (53 0.0263) (124 -0.0245) (56 0.0216) (46 0.0201) (44 -0.02) (129 0.0193) (88 0.019) (39 0.0169) (81 0.0164) (20 -0.0156) (123 0.0152) (15 -0.0152) (77 0.0135) (28 -0.0134) (36 -0.0132) (45 0.0125) (87 -0.0124) (41 0.012) (105 0.0115) (90 -0.0114) (27 0.0112) (63 0.0102) (37 0.01) 
   0.0026274   (128 0.763) (54 -0.438) (55 0.283) (52 -0.232) (50 0.115) (31 -0.109) (68 -0.0932) (32 -0.0929) (49 -0.0708) (69 0.0684) (74 -0.0674) (51 -0.0661) (71 0.0544) (33 -0.0498) (40 0.0484) (72 -0.0445) (129 0.0418) (57 0.0404) (134 0.0368) (34 -0.0335) (75 0.0314) (70 -0.0289) (77 0.0288) (30 -0.0283) (78 0.027) (79 -0.026) (44 0.0258) (35 -0.025) (46 -0.0249) (131 0.0248) (83 0.0237) (61 -0.023) (43 0.0218) (85 0.0208) (84 0.0193) (81 -0.0191) (80 0.0186) (73 0.0174) (53 -0.0164) (15 0.0156) (62 -0.0155) (56 -0.0147) (39 -0.0145) (67 0.0138) (48 0.0136) (88 -0.0125) (20 0.0124) (38 -0.0121) (37 -0.0119) (42 -0.0116) (76 0.0114) (27 -0.0109) 
   0.0026497   (25 0.613) (23 0.542) (22 0.3) (21 -0.222) (20 -0.197) (27 -0.186) (55 0.165) (15 -0.13) (54 0.115) (34 0.0918) (56 -0.0911) (51 0.0791) (37 -0.0737) (19 -0.0702) (57 0.0614) (44 0.0559) (31 -0.0539) (35 -0.0523) (17 -0.043) (26 0.0429) (52 -0.0367) (61 -0.0303) (46 -0.029) (47 0.0287) (33 -0.0275) (42 -0.0269) (13 0.0246) (36 0.0215) (24 -0.0202) (18 -0.0194) (78 0.0192) (121 0.0148) (119 0.0133) (48 -0.0132) (74 0.0128) (68 0.012) (70 0.012) (41 -0.0114) (12 -0.0113) (79 -0.0109) (50 -0.0106) (28 -0.0102) 
   0.0027514   (61 0.844) (56 0.291) (57 0.204) (60 0.2) (55 -0.173) (54 -0.166) (51 -0.103) (79 0.071) (78 -0.0689) (23 0.0684) (47 -0.0642) (25 0.0609) (130 0.0592) (50 0.0522) (46 0.049) (22 0.0448) (80 -0.0446) (52 0.0433) (62 0.0362) (72 0.035) (59 -0.0339) (15 -0.0299) (48 0.0294) (76 -0.0286) (21 -0.0286) (84 -0.0271) (105 0.0266) (73 -0.0248) (20 -0.0234) (77 0.0215) (45 -0.0199) (53 -0.0196) (42 0.0187) (123 -0.0182) (63 0.0181) (121 0.0179) (44 -0.0169) (107 0.0155) (66 -0.0154) (108 -0.0148) (19 -0.0142) (68 0.0141) (120 -0.0135) (119 -0.0134) (70 0.013) (34 -0.0127) (39 -0.0125) (104 -0.0124) (27 -0.0122) (90 -0.012) (30 0.0114) (74 0.0111) (81 0.0103) (106 -0.0102) (49 -0.0101) 
   0.0028596   (130 0.772) (55 -0.376) (57 -0.269) (54 -0.264) (61 -0.198) (51 -0.135) (56 0.116) (23 0.0889) (52 0.0873) (25 0.0804) (22 0.0579) (44 -0.0509) (43 0.0498) (47 -0.0481) (60 -0.0461) (15 -0.0394) (21 -0.0366) (68 -0.0304) (20 -0.0298) (50 0.0274) (70 -0.0269) (78 -0.0269) (46 0.0259) (74 -0.0251) (48 0.0242) (65 0.0214) (69 0.021) (45 -0.0207) (129 0.0205) (84 0.0196) (27 -0.0189) (34 -0.0188) (53 0.0186) (19 -0.017) (121 -0.0164) (72 -0.0156) (131 0.0152) (77 0.0133) (37 0.0129) (59 0.0124) (42 0.012) (49 -0.0119) (119 -0.011) (105 -0.0108) (79 0.0102) (73 -0.0101) (62 -0.0101) 
   0.0032623   (130 0.632) (55 0.474) (54 0.338) (57 0.308) (51 0.175) (56 -0.169) (61 0.161) (23 -0.115) (52 -0.111) (25 -0.104) (22 -0.0749) (47 0.0649) (44 0.0636) (43 -0.0602) (15 0.0509) (21 0.0474) (121 0.0456) (78 0.0389) (20 0.0386) (50 -0.0385) (60 0.0372) (46 -0.0364) (68 0.0358) (48 -0.0323) (70 0.0318) (74 0.0297) (45 0.0271) (69 -0.0264) (65 -0.0257) (27 0.0242) (34 0.0241) (123 -0.0233) (84 -0.0225) (19 0.0221) (53 -0.0207) (129 0.0204) (79 -0.0186) (77 -0.0182) (105 0.0181) (119 0.0167) (42 -0.0165) (72 0.0159) (49 0.0154) (131 0.0147) (37 -0.0147) (73 0.0147) (76 0.0125) (71 -0.0124) (59 -0.0119) (66 -0.0104) 
   0.0035605   (42 0.899) (65 -0.255) (44 0.19) (84 -0.147) (66 -0.13) (67 0.0964) (57 -0.0831) (43 -0.0812) (46 -0.0748) (39 -0.066) (47 0.0518) (51 0.0404) (126 0.0388) (45 0.0365) (87 -0.033) (54 -0.0306) (34 -0.0301) (72 0.0282) (37 -0.0263) (38 0.0249) (49 -0.0234) (68 0.0228) (74 0.0227) (41 0.0215) (14 0.0211) (73 -0.0209) (71 0.0184) (32 0.0183) (105 -0.0183) (36 0.0175) (63 -0.0174) (56 -0.0169) (55 0.0154) (76 -0.0153) (31 0.0144) (23 0.0138) (90 0.0135) (75 -0.0131) (33 0.0128) (82 0.0108) (50 0.01) 
   0.0036775   (84 -0.855) (126 0.381) (65 0.188) (87 -0.147) (66 0.0977) (78 0.0816) (67 -0.0766) (105 -0.0742) (42 -0.0689) (90 0.0676) (57 0.0636) (82 0.0541) (44 -0.0424) (51 -0.0402) (61 -0.037) (79 -0.0331) (107 -0.032) (88 0.0309) (83 -0.0304) (92 0.0302) (80 0.0295) (91 -0.0289) (125 -0.028) (43 0.0274) (93 -0.0265) (47 -0.0257) (54 -0.0247) (121 -0.0241) (122 0.0221) (46 0.0219) (108 -0.0205) (104 0.0203) (77 -0.0203) (69 -0.0181) (106 0.0161) (96 0.0156) (103 -0.0147) (55 -0.0143) (94 -0.0143) (86 -0.0141) (45 -0.014) (81 -0.0132) (76 0.0125) (34 -0.0123) (63 0.0122) (49 -0.0113) (71 -0.0112) (111 -0.0111) (102 0.0111) (73 0.0108) (72 -0.0102) (123 -0.0102) 
   0.0038323   (126 0.706) (65 0.419) (84 0.404) (42 0.217) (66 0.216) (67 -0.162) (57 0.0796) (87 0.0725) (72 -0.0575) (74 -0.0528) (78 -0.0437) (90 -0.0433) (68 -0.0415) (71 -0.0403) (105 0.0401) (73 0.0382) (76 0.0349) (54 0.0322) (56 0.0302) (75 0.03) (79 0.0291) (43 -0.0287) (82 -0.0278) (63 0.0257) (83 0.0228) (80 -0.0218) (92 -0.0205) (125 -0.0172) (47 0.0171) (49 0.0163) (41 0.0159) (104 -0.0159) (34 -0.0158) (39 -0.0152) (107 0.0149) (108 0.0147) (45 0.0139) (50 -0.0136) (77 -0.0134) (44 0.0133) (129 -0.0132) (88 -0.0123) (70 -0.0119) (91 0.0109) (64 -0.0108) (51 -0.0108) (48 -0.0103) (61 -0.01) 
   0.0040299   (65 -0.602) (126 0.594) (66 -0.311) (42 -0.273) (67 0.236) (57 -0.13) (84 0.0801) (72 0.0729) (74 0.0606) (71 0.0538) (68 0.0518) (73 -0.0509) (76 -0.0485) (75 -0.0378) (63 -0.0372) (51 0.0366) (61 0.0358) (56 -0.0333) (34 0.0288) (77 0.0287) (39 0.025) (43 0.0212) (129 -0.0207) (69 0.0195) (54 -0.0195) (15 0.0171) (50 0.0161) (64 0.0158) (41 -0.0153) (14 -0.0146) (23 -0.0146) (93 0.0128) (79 -0.0124) (31 -0.0114) (70 0.0111) (55 0.0109) (105 -0.0107) (33 -0.0106) (49 -0.0101) (32 -0.01) 
   0.0040753   (107 0.561) (105 -0.4) (106 -0.4) (112 -0.329) (113 0.208) (110 -0.189) (101 0.17) (114 -0.163) (56 0.131) (115 0.126) (99 -0.112) (118 0.105) (103 0.0958) (97 0.0907) (92 0.0897) (91 0.0884) (109 0.0876) (116 -0.0859) (98 0.0606) (104 -0.0576) (145 0.0418) (78 0.0344) (55 0.0343) (140 0.0314) (90 -0.0308) (61 -0.0276) (121 -0.0227) (119 0.0213) (54 0.0203) (79 -0.02) (94 0.0182) (117 -0.0177) (123 -0.0164) (108 0.0143) (87 -0.0124) (80 0.0118) (111 0.0115) (125 -0.0114) (52 -0.0107) (120 -0.0102) 
   0.0042239   (140 0.99) (145 -0.133) (149 0.0194) (107 -0.0172) (105 0.0165) (139 -0.0129) (106 0.0118) (56 -0.0108) 
   0.0043072   (56 0.874) (55 0.255) (61 -0.155) (54 0.12) (47 0.117) (37 0.109) (52 -0.106) (57 -0.094) (105 0.0926) (49 0.0881) (107 -0.0803) (51 0.0696) (48 -0.0676) (41 0.0639) (78 0.0611) (50 -0.0579) (53 0.0548) (44 -0.0536) (39 0.0525) (46 -0.0514) (45 0.0512) (70 0.045) (14 -0.0447) (106 0.0444) (69 -0.0428) (79 -0.0412) (27 0.0387) (68 0.0351) (65 -0.0325) (60 -0.0325) (38 -0.0302) (74 0.0298) (112 0.0284) (15 -0.0272) (101 -0.0269) (113 -0.0257) (104 0.023) (35 0.0229) (92 0.0222) (84 -0.022) (145 -0.0207) (110 0.0203) (115 -0.02) (114 0.0199) (80 0.0191) (77 -0.019) (109 -0.0189) (34 -0.0175) (90 -0.0173) (118 -0.0166) (72 0.0165) (99 0.0162) (102 -0.0161) (71 0.0158) (63 -0.0158) (21 -0.0145) (22 0.0145) (36 -0.0141) (17 -0.014) (67 -0.0127) (43 -0.0124) (116 0.0123) (59 0.0121) (19 -0.0116) (25 0.0111) (20 -0.0108) (94 -0.0102) 
   0.0043817   (45 0.444) (71 0.408) (46 0.365) (81 0.362) (70 0.327) (83 0.214) (80 -0.207) (69 -0.184) (93 -0.164) (87 0.138) (77 0.102) (43 -0.0971) (76 -0.09) (78 0.0892) (72 0.0813) (109 0.0694) (99 -0.0603) (82 -0.0584) (74 0.0576) (44 0.052) (67 -0.0507) (114 -0.0501) (100 -0.0482) (96 -0.0461) (54 -0.0452) (68 0.0442) (85 -0.0428) (49 -0.0401) (98 0.04) (61 -0.0386) (79 -0.0368) (104 -0.0362) (89 0.0359) (51 -0.0336) (48 0.0309) (156 0.0286) (47 0.0282) (66 0.0274) (56 -0.027) (75 -0.0266) (84 -0.0246) (26 -0.0214) (107 -0.0199) (65 0.0189) (37 -0.0187) (53 -0.0185) (101 -0.0183) (35 -0.018) (57 0.0165) (50 0.0161) (88 -0.0154) (113 -0.0136) (63 -0.0118) (17 -0.0111) (106 0.011) (40 0.0106) (27 -0.0102) 
   0.0046316   (156 0.999) (45 -0.0256) (46 -0.0202) 
   0.0046658   (45 0.609) (46 0.46) (71 -0.37) (70 -0.288) (81 -0.187) (69 0.167) (80 0.147) (43 -0.129) (87 -0.108) (83 -0.0995) (78 -0.0974) (47 0.0936) (72 -0.0785) (109 -0.0756) (44 0.0713) (79 -0.0618) (90 0.061) (67 0.0566) (76 0.0526) (68 -0.0455) (74 -0.0421) (37 0.0402) (77 -0.0386) (99 0.0384) (114 0.0382) (66 -0.0304) (100 0.0291) (85 0.0288) (107 0.0287) (39 0.0287) (75 0.0285) (41 0.0285) (57 -0.0258) (42 -0.0236) (105 0.0224) (14 -0.0219) (86 -0.0216) (82 0.0211) (156 0.0204) (61 0.0196) (104 0.0192) (65 -0.0187) (98 -0.0186) (63 0.0184) (53 0.0179) (49 -0.0177) (122 -0.0167) (38 -0.0149) (92 0.0148) (106 -0.0146) (27 0.0135) (73 0.0133) (35 -0.0123) (113 0.0119) (93 -0.0116) (101 0.0116) (48 0.0113) (25 0.0111) 
   0.0047313   (26 0.943) (133 -0.32) (25 -0.0726) (16 -0.0237) (35 0.0183) (45 0.0175) (21 0.0165) (34 0.0153) (17 0.0146) (31 -0.0139) (46 0.0127) (93 0.0121) (36 0.0111) (32 -0.0108) (109 0.0102) 
   0.0049613   (133 -0.947) (26 -0.318) (8 -0.0309) (25 0.0245) 
   0.0051027   (8 0.999) (133 -0.0304) 
   0.0052836   (4 1) 
   0.0053305   (30 0.549) (27 -0.465) (29 -0.412) (37 0.279) (135 0.239) (14 0.23) (28 0.222) (32 -0.12) (35 0.107) (39 0.102) (19 0.0745) (25 -0.0732) (33 -0.0646) (22 -0.0583) (38 -0.0581) (15 0.05) (41 0.047) (21 0.0418) (23 0.0403) (24 -0.0397) (34 0.0393) (44 0.0359) (36 -0.035) (78 0.025) (79 -0.0192) (46 -0.0162) (31 -0.015) (16 -0.015) (47 0.0147) (43 0.0138) (20 0.0127) (55 -0.0127) (56 -0.0107) (72 0.0104) 
   0.0054649   (135 0.971) (30 -0.135) (27 0.114) (29 0.101) (37 -0.0687) (14 -0.0566) (28 -0.0546) (32 0.0294) (35 -0.0264) (39 -0.0251) (19 -0.0183) (25 0.018) (33 0.0159) (22 0.0144) (38 0.0143) (15 -0.0123) (41 -0.0115) (21 -0.0103) 
   0.0056075   (11 -0.803) (16 0.497) (15 0.2) (14 0.168) (19 -0.123) (27 0.092) (18 0.0801) (22 0.0618) (21 -0.0432) (37 0.0326) (24 0.0259) (30 0.0185) (25 0.0167) (10 0.0162) (26 0.0145) (13 -0.0127) (17 -0.0106) (39 0.01) 
    0.005726   (142 0.999) (11 0.0273) (16 0.0272) (15 0.0107) 
   0.0059263   (16 -0.674) (11 -0.595) (15 -0.266) (14 -0.211) (19 0.168) (27 -0.128) (18 -0.111) (22 -0.0857) (21 0.0641) (37 -0.0455) (142 0.0422) (24 -0.0342) (30 -0.028) (25 -0.0243) (26 -0.0192) (17 0.0183) (38 0.0156) (35 -0.014) (39 -0.012) (80 -0.0115) (28 0.0115) (78 -0.0113) (60 -0.0103) 
   0.0063889   (13 -0.934) (43 0.307) (12 0.12) (40 -0.0686) (45 0.064) (44 0.0431) (47 0.0406) (15 -0.0285) (41 -0.0242) (37 -0.0237) (31 -0.0199) (14 -0.0176) (17 -0.0169) (32 0.0166) (39 -0.0165) (38 0.0155) (54 0.0155) (42 0.0143) (61 0.0121) (48 -0.0117) (36 0.0115) (105 -0.0113) (23 0.0107) (55 0.0105) 
   0.0066564   (143 0.999) (43 0.035) (13 0.0158) 
   0.0074016   (43 -0.877) (13 -0.327) (45 -0.16) (40 0.156) (44 -0.131) (47 -0.0994) (37 0.0927) (41 0.0819) (39 0.0603) (14 -0.0489) (38 -0.0457) (143 0.0407) (32 -0.0403) (42 -0.0392) (54 -0.0384) (12 0.0362) (31 0.0355) (36 -0.0293) (74 0.0288) (25 0.0272) (61 -0.0269) (15 -0.0267) (48 0.0266) (72 -0.0257) (27 0.0252) (79 0.0239) (59 -0.0232) (49 -0.0213) (67 0.0207) (50 0.0206) (105 0.0203) (46 -0.0191) (80 0.0189) (51 -0.0188) (20 -0.0185) (21 -0.0178) (63 -0.0173) (64 0.0169) (17 -0.0163) (84 -0.0154) (55 -0.0152) (35 0.0147) (56 -0.0146) (77 0.0127) (22 0.0121) (76 0.012) (81 0.0118) (62 0.0111) (19 -0.0105) (85 -0.0104) (107 0.0104) (16 0.0104) (23 0.01) 
   0.0075838   (12 0.943) (32 0.225) (31 -0.196) (13 0.122) (40 0.0451) (36 -0.031) (35 0.0247) (30 0.0223) (37 0.0181) (34 -0.0167) (137 -0.0155) (66 0.0144) (43 -0.0134) (68 0.0126) 
   0.0082035   (137 -0.994) (32 0.0754) (31 -0.0643) (12 -0.0487) (40 0.0164) 

 Largest eigenvalues
      118.37   (163 0.207) (164 0.966) 
      29.939   (14 -0.245) (27 0.214) (37 0.489) (39 0.208) (41 0.236) (47 0.27) (78 -0.286) (79 0.218) 
      15.085   (37 -0.296) (78 -0.577) (79 0.421) (80 -0.303) 
      6.0752   (105 0.768) (107 0.351) 
      4.4628   (145 -0.98) 
      1.4075   (163 0.978) 
      1.2253   (162 0.992) 
      1.1542   (165 0.998) 
      1.1435   (91 -0.369) (92 -0.819) 
      1.1356   (100 -0.31) (101 0.707) (106 0.504) 
      1.1253   (101 0.35) (106 -0.628) (107 -0.516) 
     0.95612   (111 0.372) (115 -0.804) 
     0.93507   (103 -0.904) 
     0.87065   (99 -0.526) (100 0.655) (101 0.382) 
     0.82096   (111 -0.646) (123 -0.37) 
      0.7811   (110 -0.46) (111 0.47) (115 0.376) (123 -0.315) (149 -0.294) 
     0.71438   (97 -0.3) (110 0.737) 
     0.68411   (97 0.919) (110 0.249) 
     0.66155   (112 0.309) (113 0.466) (123 0.34) (125 -0.386) (149 -0.386) 
     0.66068   (112 -0.738) (113 -0.281) (123 0.227) (125 -0.235) (129 0.22) (149 -0.261) 
     0.64558   (108 0.667) (113 -0.553) 
     0.59928   (108 -0.673) (110 -0.293) (112 0.319) (113 -0.348) 
     0.57374   (113 0.374) (120 0.456) (121 -0.339) (129 0.3) (134 0.362) 
     0.57266   (120 -0.417) (121 0.539) (123 -0.505) 
     0.56962   (117 0.363) (119 -0.563) (120 -0.296) (121 -0.481) 
     0.54999   (116 -0.213) (117 -0.816) (120 -0.231) (121 -0.21) (134 0.222) 
      0.5415   (116 0.43) (118 0.366) (119 0.39) (122 0.357) (124 0.317) (134 0.332) 
     0.52087   (116 -0.66) (124 0.307) (134 0.307) 
      0.5069   (116 0.539) (119 -0.288) (125 -0.382) (149 0.329) 
      0.4958   (91 -0.873) (92 0.432) 
     0.44198   (118 0.459) (120 -0.281) (125 -0.319) (129 0.335) (149 0.386) 
     0.40733   (94 -0.933) (104 -0.24) 
     0.39082   (94 0.324) (102 0.4) (104 -0.752) 
     0.34651   (102 -0.809) (104 -0.242) (105 -0.243) 
     0.32934   (98 0.322) (99 -0.311) (104 0.299) (114 0.348) (122 0.301) (129 0.289) 
     0.30255   (78 -0.247) (87 0.661) 
     0.26423   (78 0.359) (98 -0.357) (99 0.36) 
     0.24315   (78 -0.399) (79 -0.302) (87 -0.581) 
     0.23029   (109 0.441) (114 -0.548) 
     0.22589   (90 -0.776) (93 0.471) 
     0.19315   (90 0.401) (96 0.539) (109 -0.436) 
     0.18172   (86 -0.317) (93 -0.613) (109 -0.366) 
     0.16059   (85 -0.303) (86 0.822) 
     0.13787   (89 -0.745) (93 0.329) (96 -0.314) 
      0.1346   (79 0.424) (81 -0.455) (83 -0.462) 
     0.12881   (71 -0.197) (77 0.336) (79 -0.248) (80 -0.211) (81 0.224) (83 -0.194) (85 0.203) (88 0.242) (89 0.268) (93 0.227) (96 -0.258) (114 0.204) (122 -0.238) 
     0.11751   (59 0.398) (63 -0.365) (69 0.376) 
     0.11282   (58 0.471) (59 -0.609) 
     0.10329   (58 -0.553) (63 0.432) 
    0.094615   (58 0.483) (59 0.336) (63 -0.286) (96 0.298) 
    0.092819   (58 -0.429) (59 -0.52) (63 -0.352) 
    0.082619   (59 0.249) (63 0.6) (67 -0.248) (69 0.238) (83 -0.279) 
    0.080275   (64 -0.74) (67 0.287) 
    0.077013   (60 0.388) (62 0.429) (64 0.499) (67 0.385) 
    0.073678   (60 -0.681) (62 -0.245) (64 0.211) 
    0.065655   (60 0.359) (67 -0.292) (76 -0.207) (80 0.229) (114 -0.232) (118 -0.25) (119 0.265) 
    0.063455   (60 -0.293) (62 0.254) (72 0.254) (77 0.292) (81 -0.237) 
    0.061358   (60 0.278) (62 -0.594) (68 -0.271) (80 -0.264) (85 -0.245) 
    0.057581   (62 0.507) (72 -0.31) 
    0.056269   (66 -0.308) (68 0.495) (76 -0.296) (77 -0.289) 
    0.055665   (66 0.398) (72 0.365) (75 0.309) (80 0.287) (81 0.298) (98 -0.28) 
     0.05005   (66 -0.462) (67 -0.313) (76 0.346) (77 0.281) (98 -0.295) 
    0.048125   (66 0.424) (67 0.315) (68 0.346) (72 -0.303) (75 -0.259) 
    0.046992   (72 0.256) (76 -0.393) (80 -0.279) (81 -0.284) (83 0.255) (88 0.293) 
    0.045233   (33 -0.776) (40 -0.5) 
    0.042838   (33 0.51) (40 -0.752) 
    0.042226   (75 0.333) (85 -0.34) (98 0.293) (124 -0.305) 
    0.041659   (48 -0.615) (49 -0.33) (50 0.346) (75 -0.294) 
    0.038528   (48 0.468) (74 -0.307) (75 -0.503) 
    0.032009   (18 -0.423) (21 -0.403) (28 0.437) (29 0.385) 
    0.029442   (18 -0.696) (21 0.491) 
    0.027911   (18 0.438) (21 0.363) (28 0.372) (38 0.398) 
    0.025675   (21 -0.348) (28 -0.475) (29 -0.34) (38 0.461) 
    0.021371   (38 -0.469) (85 0.414) (88 -0.465) 
    0.021349   (122 -0.333) (125 0.344) (131 0.644) (134 0.321) 
    0.020643   (127 0.578) (160 -0.809) 
     0.01877   (127 0.577) (160 0.315) (161 -0.753) 
    0.016273   (127 0.577) (160 0.495) (161 0.649) 
    0.015381   (15 -0.395) (17 -0.782) 
    0.014707   (138 0.995) 
