 1 45456.4
 2 613.712
 3 28.1359
 4 176480
 5 509.256
 6 324.615
 7 450855
 8 38.8328
 9 11981.5
 10 2523.89
 11 3.90856
 12 1612.43
 13 310031
 14 4313.73
 15 0.842889
 16 306973
 17 3712.91
 18 8.89525
 19 118742
 20 2044.09
 21 390.119
 22 164820
 23 3248.64
 24 143.755
 25 266.738
 26 325.869
 27 22.475
 28 2912.37
 29 249.611
 30 308.967
 31 514.399
 32 74.2415
 33 992.807
 34 222.871
 35 159.973
 36 409.698
 37 1531.6
 38 2949.62
 39 7.81358
 40 983.481
 41 4327.1
 42 2.12443
 43 675.694
 44 1462.5
 45 28.9145
 46 16956.8
 47 932.95
 48 2058.05
 49 1825.96
 50 188.626
 51 312.557
 52 202.684
 53 2911.55
 54 307.742
 55 214.783
 56 314.965
 57 906.077
 58 87.753
 59 131.038
 60 202.853
 61 22.591
 62 1.83874
 63 460.41
 64 330.606
 65 1.66817
 66 493.942
 67 2912.35
 68 298.415
 69 159789
 70 171073
 71 2236.79
 72 222.292
 73 17750.9
 74 24.242
 75 13529.9
 76 8332.52
 77 5.44783
 78 1835.03
 79 8908.65
 80 51.3984
 81 2664.67
 82 1546.61
 83 226.761
 84 3.07246
 85 137.52
 86 3.28106
 87 4666.19
 88 1.71429
 89 1.64131
 90 1.91486
 91 10.3169
 92 497.837
 93 1747.42
 94 1792.62
 95 2822.35
 96 2510.35
 97 316.509
 98 353.206
 99 127.156
 100 1172.86
 101 1568.95
 102 129.838
 103 149.466
 104 134.082
 105 133.959
 106 159.352
 107 165.352
 108 171.044
 109 129.765
 110 101.038
 111 188.311
 112 209.684
 113 195
 114 175.748
 115 184.398
 116 151.918
 117 175.004
 118 198.996
 119 160.466
 120 90.1592
 121 125.656
 122 49.6084
 123 70.0629
 124 38.9043
 125 29.9143
 126 52.6694
 127 27.5028
 128 92.7344
 129 66.1282
 130 62.56
 131 20.3063
 132 21.123
 133 22.7774
 134 36.3798
 135 8.70607
 136 47.0384
 137 9.82237
 138 9.18494
 139 9.2098
 140 10.8014
 141 11.121
 142 8.90266
 143 9.40574
 144 15.2452
 145 15.2499
 146 12.6432
 147 10.3368
 148 29.5745
 149 16.4541
 150 11.9986
 151 13.8086
 152 23.9126
 153 21.6068
 154 13.5521
 155 20.1445
 156 24.3708
 157 46.8223
 158 0.154352
 159 0.577113
 160 0.491334
 161 25.666
 162 26.6804
 163 1138.01
 164 1531.38
 165 7.39855
