 1 31.6228
 2 21.3433
 3 1.93706
 4 31.6228
 5 16.1763
 6 10.7357
 7 31.6195
 8 1.03812
 9 31.4069
 10 29.8559
 11 0.982825
 12 27.7286
 13 31.6228
 14 31.5865
 15 0.904031
 16 31.6228
 17 31.5388
 18 1.00163
 19 31.6228
 20 26.6774
 21 6.00686
 22 31.6228
 23 30.2982
 24 2.32788
 25 15.2939
 26 14.945
 27 1.9647
 28 31.363
 29 9.87862
 30 12.029
 31 21.7578
 32 2.99335
 33 27.273
 34 14.4716
 35 7.05215
 36 16.2159
 37 31.4211
 38 31.5537
 39 1.38579
 40 24.4872
 41 31.1113
 42 1.29509
 43 21.7793
 44 28.862
 45 1.90266
 46 31.5895
 47 9.88527
 48 23.4304
 49 30.6144
 50 13.0214
 51 13.6469
 52 9.35395
 53 30.6995
 54 16.3188
 55 9.04076
 56 12.057
 57 29.1585
 58 8.62711
 59 8.33429
 60 11.3025
 61 4.41332
 62 1.34268
 63 20.5827
 64 16.6597
 65 0.968067
 66 21.0101
 67 29.1318
 68 4.04818
 69 31.6109
 70 31.6228
 71 28.8776
 72 4.24036
 73 31.6146
 74 1.36255
 75 31.5642
 76 31.3332
 77 1.36904
 78 29.4454
 79 31.6023
 80 1.8591
 81 31.1115
 82 31.4175
 83 13.962
 84 1.42077
 85 10.1266
 86 1.45822
 87 31.3636
 88 1.09786
 89 1.04349
 90 1.24872
 91 2.44476
 92 17.6878
 93 27.1091
 94 27.1322
 95 30.3217
 96 30.7006
 97 15.7897
 98 16.6578
 99 8.76067
 100 29.7636
 101 30.8897
 102 10.2065
 103 11.3763
 104 10.7371
 105 10.8877
 106 12.1765
 107 12.3324
 108 12.4817
 109 10.4086
 110 8.39458
 111 12.9784
 112 14.1142
 113 13.5299
 114 12.6577
 115 12.7549
 116 11.1118
 117 12.316
 118 13.3869
 119 11.8189
 120 8.56011
 121 10.7719
 122 6.71388
 123 7.76056
 124 5.52613
 125 5.08097
 126 6.89608
 127 4.4614
 128 8.8956
 129 7.17804
 130 7.25445
 131 4.04455
 132 4.43137
 133 4.5737
 134 5.8344
 135 2.60414
 136 6.7436
 137 2.81758
 138 2.7656
 139 2.77295
 140 3.02173
 141 2.95113
 142 2.62837
 143 2.7409
 144 3.67053
 145 3.71952
 146 3.31847
 147 2.84574
 148 5.16163
 149 3.79271
 150 3.19837
 151 3.43991
 152 4.71672
 153 4.42419
 154 3.48501
 155 4.35907
 156 4.81166
 157 6.74888
 158 0.122611
 159 0.609892
 160 0.271646
 161 3.74265
 162 4.41566
 163 17.3135
 164 25.6497
 165 0.547721
