 1 1000
 2 482.522
 3 22.295
 4 1000
 5 407.904
 6 260.072
 7 999.849
 8 3.99866
 9 991.231
 10 900.041
 11 2.31151
 12 781.413
 13 1000
 14 998.119
 15 0.822834
 16 1000
 17 996.985
 18 3.02579
 19 1000
 20 836.617
 21 160.286
 22 1000
 23 956.177
 24 43.038
 25 245.846
 26 254.686
 27 17.6767
 28 986.758
 29 196.492
 30 244.592
 31 496.55
 32 61.3077
 33 815.719
 34 215.918
 35 140.338
 36 357.404
 37 988.69
 38 997.495
 39 3.70323
 40 614.088
 41 971.793
 42 1.77427
 43 499.071
 44 865.754
 45 17.492
 46 998.758
 47 274.976
 48 726.158
 49 949.827
 50 184.427
 51 265.303
 52 172.157
 53 953.938
 54 273.401
 55 160.323
 56 229.357
 57 886.241
 58 86.9204
 59 127.829
 60 196.38
 61 22.3965
 62 1.83689
 63 438.012
 64 324.677
 65 1.6593
 66 486.085
 67 917.219
 68 84.9438
 69 999.591
 70 1000
 71 908.199
 72 91.4973
 73 999.632
 74 3.21363
 75 997.894
 76 983.093
 77 3.25043
 78 872.793
 79 999.141
 80 16.758
 81 982.288
 82 990.273
 83 209.617
 84 2.94674
 85 108.073
 86 2.89317
 87 988.824
 88 1.71404
 89 1.64129
 90 1.91451
 91 9.26881
 92 435.226
 93 820.037
 94 819.382
 95 948.361
 96 963.527
 97 298.575
 98 336.4
 99 124.364
 100 924.388
 101 970.575
 102 125.39
 103 146.286
 104 132.763
 105 133.002
 106 158.678
 107 164.656
 108 170.139
 109 128.602
 110 99.0812
 111 187.132
 112 208.636
 113 194.151
 114 175.165
 115 183.849
 116 150.92
 117 174.39
 118 198.372
 119 158.865
 120 87.4575
 121 125.006
 122 48.3487
 123 63.2488
 124 37.5664
 125 28.9925
 126 52.0703
 127 25.7628
 128 90.0417
 129 64.9369
 130 61.7296
 131 19.9356
 132 20.8131
 133 22.3821
 134 35.3497
 135 8.40767
 136 46.6123
 137 9.44817
 138 8.83205
 139 8.85487
 140 10.2278
 141 10.4121
 142 8.41409
 143 8.95381
 144 14.8004
 145 14.9066
 146 12.277
 147 9.83592
 148 28.7978
 149 15.9275
 150 11.6689
 151 13.4444
 152 23.4182
 153 20.7635
 154 13.1303
 155 19.807
 156 24.0994
 157 46.5224
 158 0.122463
 159 0.551934
 160 0.387681
 161 21.7299
 162 24.6667
 163 381.654
 164 721.9
 165 6.59669
