 Smallest eigenvalues
  2.1702e-06   (9 -1) 
  3.2255e-06   (51 0.623) (48 -0.553) (153 0.205) (50 0.185) (52 -0.183) (44 -0.175) (55 -0.166) (49 -0.165) (14 0.124) (78 0.115) (47 -0.101) (37 -0.096) (54 0.0924) (53 0.0785) (38 0.0693) (40 -0.0691) (46 0.0685) (27 -0.0663) (77 -0.0606) (56 0.0574) (43 0.0554) (68 0.05) (61 0.0437) (42 0.0409) (70 0.0377) (76 0.0327) (36 0.0299) (66 0.026) (35 -0.0255) (41 -0.0234) (32 -0.0221) (23 -0.0211) (65 -0.0206) (71 -0.0206) (17 -0.0204) (39 -0.0202) (45 0.0193) (74 -0.0178) (33 0.0177) (64 0.0169) (75 -0.0167) (19 0.0158) (34 -0.0157) (80 0.0154) (25 -0.0152) (63 -0.0152) (84 0.0136) (57 -0.0133) (31 0.0131) (67 -0.0131) (26 0.0128) (69 -0.0126) (88 0.0125) (28 0.0117) (30 -0.0114) (16 0.0112) (62 0.0105) 
  3.2576e-06   (153 0.979) (51 -0.131) (48 0.116) (50 -0.0389) (52 0.0383) (44 0.0367) (55 0.0348) (49 0.0347) (14 -0.0262) (78 -0.0237) (47 0.0212) (37 0.0202) (54 -0.0193) (53 -0.0165) (38 -0.0146) (40 0.0146) (46 -0.0144) (27 0.014) (77 0.0125) (56 -0.012) (43 -0.0116) (68 -0.0104) 
  5.6664e-06   (4 -1) 
  5.8454e-06   (149 0.624) (47 0.584) (44 -0.339) (46 0.235) (45 -0.154) (37 -0.121) (14 0.105) (48 0.101) (38 0.0736) (27 -0.0677) (43 0.0656) (78 0.0602) (49 -0.0516) (51 -0.05) (77 -0.0489) (41 -0.0486) (39 -0.0413) (42 0.0343) (40 -0.0328) (53 -0.032) (35 -0.0273) (36 0.0269) (56 0.0267) (52 -0.0257) (28 0.0239) (70 0.023) (61 0.0196) (19 0.0187) (17 -0.017) (25 -0.0157) (16 0.0156) (68 0.015) (23 -0.0147) (33 0.0143) (54 0.0141) (31 0.013) (32 -0.0127) (50 -0.0113) (71 -0.0106) (76 0.0106) 
  6.0672e-06   (149 0.782) (47 -0.466) (44 0.27) (46 -0.187) (45 0.123) (37 0.0965) (14 -0.0837) (48 -0.0802) (38 -0.0587) (27 0.0541) (43 -0.0524) (78 -0.0479) (49 0.0412) (51 0.0398) (77 0.0389) (41 0.0388) (39 0.033) (42 -0.0273) (40 0.0262) (53 0.0255) (35 0.0218) (36 -0.0214) (56 -0.0213) (52 0.0205) (28 -0.019) (70 -0.0183) (61 -0.0156) (19 -0.0149) (17 0.0136) (25 0.0126) (16 -0.0125) (68 -0.0119) (23 0.0118) (33 -0.0114) (54 -0.0112) (31 -0.0104) (32 0.0101) 
  6.2551e-06   (1 -0.989) (31 0.0852) (37 0.0552) (32 -0.0551) (27 -0.0491) (30 0.0487) (28 0.0352) (35 0.0305) (14 0.0161) (38 -0.0155) (36 -0.0113) 
  8.4216e-06   (155 -0.998) (31 0.0313) (32 -0.0201) (37 0.0196) (27 -0.0192) (30 0.0181) (28 0.0129) (14 0.0122) (35 0.011) 
  2.1999e-05   (31 -0.558) (32 0.359) (37 -0.35) (27 0.342) (30 -0.322) (28 -0.231) (14 -0.216) (35 -0.197) (1 -0.146) (38 0.093) (19 -0.0724) (36 0.0643) (34 -0.0642) (23 0.0618) (25 0.061) (16 -0.0561) (155 -0.0559) (21 -0.0493) (43 0.0463) (44 -0.0417) (78 -0.0414) (77 0.0348) (33 0.0331) (40 -0.0331) (15 0.0318) (17 0.0311) (39 -0.0252) (29 -0.0231) (49 0.0218) (11 0.0213) (18 0.0202) (51 0.0189) (48 -0.0177) (56 -0.0162) (70 -0.0162) (61 -0.0146) (53 0.0145) (54 -0.0119) (57 -0.0112) (68 -0.0111) (80 -0.0109) (75 -0.0104) 
  3.7279e-05   (20 0.554) (18 0.47) (46 -0.421) (21 -0.29) (23 -0.248) (45 0.245) (44 -0.202) (42 0.0955) (48 0.055) (37 -0.0521) (43 0.0521) (78 0.0462) (31 0.0457) (17 -0.0455) (47 0.0449) (26 0.0437) (15 -0.0435) (38 0.0432) (36 0.0428) (27 -0.0407) (29 0.0375) (16 0.0351) (40 -0.0326) (14 0.0315) (34 -0.0291) (30 -0.0272) (51 -0.0264) (77 -0.0246) (53 -0.0232) (35 -0.0213) (74 -0.0204) (71 -0.0187) (32 -0.0181) (68 0.017) (61 0.0167) (41 -0.0167) (62 0.0163) (25 0.0145) (67 -0.0143) (79 0.0134) (22 -0.0127) (50 0.0126) (56 0.0125) (70 0.0125) (49 -0.0112) (55 0.0107) (64 -0.0106) (28 0.01) 
  5.4786e-05   (158 -0.999) (46 -0.0263) (20 -0.0155) (45 0.015) (18 -0.0149) (44 -0.0117) 
  0.00010299   (46 0.624) (45 -0.355) (20 0.352) (18 0.339) (44 0.278) (21 -0.207) (23 -0.142) (37 0.133) (48 -0.114) (14 -0.108) (40 0.0961) (38 -0.0773) (43 -0.0751) (27 0.073) (78 -0.0655) (42 -0.061) (77 0.058) (39 0.0535) (47 -0.0444) (49 0.0433) (158 -0.0427) (51 0.0397) (19 -0.0391) (28 -0.0346) (26 0.034) (25 0.0336) (56 -0.0332) (68 -0.0313) (30 -0.028) (35 0.0274) (53 0.0247) (70 -0.0241) (34 -0.0235) (67 0.0222) (71 0.0213) (54 -0.0212) (61 -0.0207) (74 0.0189) (41 0.0188) (33 -0.0185) (36 -0.0185) (15 -0.0172) (17 -0.0152) (80 -0.0149) (62 -0.0139) (31 0.0138) (81 0.0129) (65 0.0105) (57 -0.0101) 
  0.00010794   (2 -1) 
  0.00012788   (19 -0.6) (14 0.459) (17 -0.35) (23 0.316) (20 0.284) (27 0.248) (18 -0.149) (25 0.0826) (21 0.0778) (24 0.0618) (37 0.0617) (38 -0.053) (33 -0.0519) (44 0.0491) (30 0.0442) (22 -0.0416) (34 0.0407) (28 -0.0364) (36 -0.0346) (32 0.0325) (47 0.026) (35 0.0245) (15 0.024) (46 -0.0233) (11 -0.0228) (41 0.0201) (12 -0.0181) (78 0.0141) (40 0.0137) (26 -0.0137) (77 -0.0136) (29 0.013) (13 0.0114) (42 -0.0111) (57 -0.0103) 
  0.00020852   (159 1) 
  0.00021944   (3 1) 
  0.00024353   (21 -0.579) (19 0.489) (14 0.321) (23 0.312) (27 0.285) (20 -0.235) (17 -0.224) (25 0.0952) (16 0.0683) (37 0.0653) (18 0.0633) (26 0.059) (157 0.0464) (24 -0.0462) (32 0.0343) (38 -0.0327) (35 0.0297) (36 -0.0292) (44 0.026) (15 -0.0253) (33 -0.0239) (29 0.022) (30 0.021) (11 -0.0171) (77 -0.0136) (46 -0.0131) (41 0.013) (39 0.0128) (12 -0.0125) (42 0.0124) (78 0.012) (28 -0.0108) (43 -0.0101) 
  0.00028338   (157 0.999) (21 0.0269) (19 -0.0227) (14 -0.0149) (23 -0.0145) (27 -0.0132) (20 0.0109) (17 0.0104) 
  0.00029459   (8 -1) 
  0.00030223   (28 -0.746) (150 -0.4) (27 -0.33) (29 0.254) (37 0.161) (14 0.159) (26 0.101) (32 0.0967) (35 0.0716) (21 0.0613) (48 0.0578) (17 -0.0512) (31 -0.0493) (19 0.0489) (38 -0.0455) (25 -0.0431) (18 0.0427) (16 0.0425) (20 -0.0424) (30 -0.0376) (33 0.0328) (15 -0.0315) (51 0.0295) (36 -0.0286) (39 0.0271) (23 -0.0233) (43 -0.0227) (49 0.0218) (75 -0.0207) (78 0.0198) (42 -0.0188) (40 0.0165) (68 0.0126) (11 -0.0118) (50 0.0111) 
  0.00031298   (150 -0.917) (28 0.325) (27 0.144) (29 -0.111) (37 -0.0701) (14 -0.0694) (26 -0.0443) (32 -0.0422) (35 -0.0312) (21 -0.0267) (48 -0.0252) (17 0.0224) (31 0.0215) (19 -0.0213) (38 0.0198) (25 0.0188) (18 -0.0187) (16 -0.0186) (20 0.0185) (30 0.0164) (33 -0.0143) (15 0.0138) (51 -0.0128) (36 0.0125) (39 -0.0118) (23 0.0102) 
   0.0003174   (6 -1) 
  0.00032053   (23 -0.492) (21 0.448) (27 0.445) (19 0.275) (24 0.27) (14 0.257) (154 0.205) (25 0.151) (17 -0.147) (18 0.101) (26 -0.1) (37 0.0978) (16 0.075) (20 -0.0635) (15 -0.061) (35 0.0533) (39 0.0461) (32 0.037) (33 0.0301) (34 -0.0297) (29 0.0274) (38 -0.0273) (43 -0.0248) (30 -0.0232) (48 0.0219) (36 -0.021) (22 0.0204) (78 0.0202) (28 -0.0178) (73 -0.0143) (77 -0.0139) (11 -0.0123) (56 0.0123) (52 0.0121) (68 0.012) (75 -0.0115) 
  0.00033401   (154 0.979) (23 0.103) (21 -0.0939) (27 -0.0932) (19 -0.0576) (24 -0.0566) (14 -0.054) (25 -0.0316) (17 0.0307) (18 -0.0211) (26 0.021) (37 -0.0205) (16 -0.0157) (20 0.0133) (15 0.0128) (35 -0.0112) 
  0.00033786   (73 -0.528) (57 0.501) (70 0.439) (61 -0.214) (66 -0.17) (52 0.168) (74 -0.161) (44 -0.14) (68 -0.136) (69 0.12) (77 0.118) (78 -0.113) (56 0.0901) (67 0.0791) (47 -0.0786) (65 -0.0774) (76 -0.0767) (60 -0.0588) (34 -0.0543) (46 0.0521) (33 0.0469) (64 -0.044) (50 0.0372) (54 0.0359) (37 0.0344) (79 0.0343) (71 -0.0313) (16 -0.0312) (19 -0.0308) (75 -0.0296) (21 -0.0295) (62 -0.0294) (72 0.0293) (41 -0.028) (38 0.0279) (59 -0.0275) (63 0.0274) (42 0.0266) (43 -0.0265) (15 0.0264) (40 -0.024) (51 0.021) (14 0.0209) (30 -0.0204) (124 0.0184) (88 0.0177) (126 0.0176) (39 0.0175) (121 0.0172) (123 -0.017) (23 -0.0159) (36 -0.0156) (27 0.0151) (100 0.0141) (109 0.014) (35 0.0137) (84 0.0134) (48 0.0131) (152 -0.013) (120 0.0129) (104 0.0126) (80 -0.0123) (91 0.0121) (18 -0.0118) (89 -0.0116) (20 -0.0116) (106 -0.0107) (129 -0.0103) (55 0.0101) 
  0.00034697   (73 0.648) (57 0.411) (152 -0.242) (68 -0.23) (66 -0.225) (44 -0.189) (74 0.151) (52 0.137) (61 -0.132) (47 -0.123) (67 0.119) (70 -0.116) (49 0.107) (71 0.0998) (72 -0.0983) (69 0.0944) (56 0.0893) (14 0.0843) (46 0.0785) (65 -0.0745) (55 0.0708) (34 -0.0654) (33 0.0614) (39 0.0554) (64 -0.0552) (38 0.0535) (63 0.0365) (41 -0.0354) (48 -0.034) (16 -0.0314) (43 -0.0309) (23 -0.0307) (40 -0.0299) (120 0.0283) (62 -0.0275) (59 -0.0273) (30 -0.0271) (53 -0.0268) (79 -0.0267) (60 -0.0261) (15 0.0257) (121 -0.025) (75 0.024) (42 0.0239) (32 -0.0236) (19 -0.0225) (84 0.0217) (119 -0.0206) (77 -0.0204) (124 0.0199) (76 0.0193) (20 -0.0184) (24 -0.0176) (78 0.0171) (129 -0.0169) (18 -0.016) (88 0.0135) (146 -0.0134) (21 -0.0127) (37 -0.0127) (122 0.0127) (80 0.0118) (31 0.0118) (89 -0.0117) (132 -0.0113) (17 -0.0109) (125 0.0104) 
  0.00037458   (152 -0.97) (73 -0.155) (57 -0.11) (68 0.0592) (66 0.0583) (44 0.0499) (52 -0.0369) (61 0.0359) (74 -0.0357) (47 0.0321) (67 -0.0306) (49 -0.0269) (69 -0.0251) (71 -0.0244) (72 0.0241) (56 -0.0237) (70 0.0234) (14 -0.0217) (46 -0.0206) (65 0.0196) (55 -0.0179) (34 0.0174) (33 -0.0163) (146 -0.0151) (64 0.0144) (39 -0.0143) (38 -0.0139) 
  0.00045067   (25 -0.927) (24 0.265) (27 0.157) (26 -0.11) (54 -0.0897) (21 -0.0688) (52 0.0602) (56 -0.0505) (53 -0.0473) (14 0.0469) (57 -0.0337) (49 0.0336) (47 -0.0298) (44 -0.0286) (16 0.028) (55 -0.0231) (28 -0.023) (39 0.0202) (30 -0.0199) (17 -0.0179) (15 -0.0168) (46 0.0165) (33 0.0165) (34 -0.0159) (78 0.0136) (20 0.0122) (48 -0.0119) (61 0.0114) (77 -0.0103) 
  0.00047527   (147 0.745) (54 -0.395) (52 0.291) (56 -0.235) (53 -0.182) (44 -0.15) (57 -0.132) (49 0.115) (47 -0.106) (55 -0.106) (25 0.0904) (46 0.0645) (14 0.0594) (48 -0.0506) (61 0.0463) (24 -0.0405) (34 -0.039) (38 0.0384) (51 0.0383) (73 -0.0377) (27 -0.0369) (33 0.035) (41 -0.0291) (37 -0.0287) (70 0.0274) (78 0.0267) (50 -0.0234) (42 0.0227) (77 -0.0211) (40 -0.0187) (39 0.0163) (16 -0.0159) (68 0.0157) (72 0.0149) (60 0.0146) (23 -0.0138) (28 0.0137) (32 -0.0136) (15 0.0135) (66 0.0132) (43 -0.0128) (26 0.0117) (120 0.0114) (31 0.0111) (20 -0.0106) 
  0.00050342   (147 0.667) (54 0.442) (52 -0.326) (56 0.263) (53 0.204) (44 0.167) (57 0.148) (49 -0.129) (47 0.119) (55 0.118) (25 -0.0962) (46 -0.0722) (14 -0.0667) (48 0.0566) (61 -0.0518) (24 0.0439) (34 0.0437) (38 -0.0429) (51 -0.0429) (73 0.0422) (27 0.0404) (33 -0.0392) (41 0.0325) (37 0.0321) (70 -0.0307) (78 -0.0299) (50 0.0262) (42 -0.0254) (77 0.0235) (40 0.021) (39 -0.0183) (16 0.0176) (68 -0.0176) (72 -0.0166) (60 -0.0163) (23 0.0154) (32 0.0153) (28 -0.0152) (15 -0.015) (66 -0.0148) (43 0.0143) (120 -0.0126) (26 -0.0125) (31 -0.0123) (20 0.0118) (67 0.0105) 
  0.00050471   (53 0.704) (55 0.411) (39 -0.375) (52 0.262) (57 -0.161) (44 -0.157) (41 -0.118) (54 -0.102) (37 0.0935) (49 0.0785) (47 -0.0736) (42 0.0688) (56 0.0605) (61 0.0596) (46 0.0561) (40 -0.0486) (48 -0.0475) (38 -0.0441) (78 0.0425) (70 0.0404) (77 -0.0316) (50 -0.0261) (36 -0.0245) (60 0.0206) (151 -0.0193) (27 0.0177) (43 0.016) (35 0.0154) (72 0.0149) (69 0.0139) (73 -0.0139) (21 -0.0126) (19 -0.0113) (74 0.0106) 
  0.00051388   (151 -0.966) (39 0.21) (53 0.0706) (37 -0.0671) (41 0.0501) (55 0.0452) (38 0.0423) (52 0.0331) (14 0.0264) (42 -0.0226) (34 -0.022) (27 -0.0215) (44 0.0201) (40 0.0186) (33 0.0183) (57 -0.0181) (49 -0.0145) (43 -0.0127) (78 0.0119) (56 0.011) (73 -0.0103) 
  0.00055716   (39 -0.761) (53 -0.318) (151 -0.257) (37 0.245) (55 -0.201) (41 -0.18) (38 -0.156) (52 -0.144) (14 -0.099) (34 0.0827) (42 0.0798) (57 0.0798) (27 0.0796) (33 -0.0687) (40 -0.0662) (44 -0.0636) (49 0.049) (78 -0.048) (43 0.0467) (56 -0.046) (73 0.04) (77 0.0372) (35 0.0357) (24 0.0354) (61 -0.0354) (36 -0.0344) (54 0.0342) (31 -0.0334) (48 -0.0322) (70 -0.0304) (28 -0.0292) (32 0.0256) (51 -0.0215) (72 -0.0212) (68 -0.02) (23 0.0159) (50 -0.015) (47 -0.0145) (18 0.014) (45 0.0132) (66 -0.0128) (60 -0.0119) (20 0.0111) (25 0.0109) 
  0.00056326   (70 -0.813) (73 -0.297) (57 0.283) (72 0.184) (69 -0.172) (52 0.158) (49 -0.134) (68 0.0933) (61 -0.0913) (76 -0.0789) (51 0.0685) (50 0.065) (48 0.0604) (75 -0.0546) (44 -0.0523) (65 -0.0494) (71 -0.0403) (54 -0.0393) (78 0.0338) (148 0.0331) (55 0.0322) (34 -0.03) (74 -0.0291) (84 0.0276) (60 -0.0259) (56 0.0256) (33 0.0253) (124 0.0242) (37 0.0235) (67 -0.0224) (21 -0.0218) (41 -0.0203) (47 -0.0199) (19 -0.0191) (16 -0.0187) (42 0.0178) (46 0.0178) (43 -0.0169) (88 0.0164) (40 -0.0151) (53 0.0144) (126 0.0143) (129 -0.0142) (38 0.0137) (79 -0.0131) (15 0.0129) (36 -0.0126) (59 -0.0119) (62 -0.0116) (39 -0.0108) (90 0.0107) 
  0.00061042   (148 0.849) (49 0.364) (52 -0.15) (51 -0.148) (48 -0.138) (50 -0.135) (54 0.125) (44 -0.122) (47 -0.0845) (73 -0.075) (46 0.0527) (14 0.0468) (39 0.0453) (68 0.0387) (70 -0.0387) (72 0.0335) (37 -0.0315) (78 0.0314) (38 0.0304) (66 0.026) (34 -0.0251) (33 0.0242) (77 -0.0236) (55 -0.0232) (45 0.0202) (27 -0.0202) (69 -0.0181) (67 -0.018) (71 -0.0167) (57 -0.0155) (24 -0.015) (53 0.0132) (23 -0.013) (41 -0.0129) (32 -0.0121) (31 0.0102) 
  0.00066122   (49 -0.579) (148 0.527) (51 0.235) (52 0.231) (48 0.218) (50 0.213) (44 0.201) (54 -0.199) (73 0.14) (47 0.138) (70 0.114) (46 -0.0863) (14 -0.0761) (39 -0.0723) (68 -0.0685) (72 -0.0658) (78 -0.0529) (38 -0.05) (37 0.0492) (34 0.0426) (66 -0.0425) (33 -0.0408) (69 0.0402) (77 0.0379) (55 0.0354) (45 -0.0322) (27 0.032) (67 0.0305) (71 0.0295) (24 0.0243) (53 -0.0222) (41 0.0222) (23 0.0217) (32 0.0198) (40 0.017) (31 -0.0167) (79 0.016) (16 0.0154) (42 -0.0147) (20 0.0147) (75 0.0144) (56 -0.0138) (15 -0.0116) (64 -0.0115) (30 0.0111) (18 0.011) (76 0.0107) 
  0.00071269   (38 0.824) (37 0.271) (24 -0.203) (23 -0.19) (44 0.154) (39 -0.153) (19 -0.111) (21 -0.111) (34 -0.104) (36 -0.104) (40 0.103) (41 0.0844) (33 0.0826) (20 -0.0798) (16 -0.0784) (43 0.072) (42 -0.0677) (27 0.0665) (14 0.0655) (15 0.0602) (47 0.0555) (18 -0.0553) (35 0.0512) (25 -0.0455) (52 -0.0442) (46 -0.0386) (57 -0.0347) (22 0.0272) (30 -0.0255) (26 -0.0246) (56 -0.0171) (17 -0.0102) 
  0.00079833   (24 -0.58) (23 -0.509) (38 -0.31) (21 -0.202) (19 -0.195) (20 -0.192) (34 0.186) (33 -0.171) (14 0.168) (25 -0.141) (18 -0.114) (16 -0.106) (37 -0.0957) (30 0.0894) (27 0.0867) (15 0.084) (26 -0.0765) (22 0.0709) (32 0.0594) (142 -0.0437) (36 0.0401) (35 -0.036) (17 -0.036) (31 -0.0359) (44 0.0275) (28 -0.0255) (49 -0.0155) (11 -0.0116) (40 -0.0115) (47 0.0114) (12 -0.01) 
  0.00092628   (142 -0.999) (24 0.0266) (146 0.0265) (23 0.0234) (140 0.011) 
  0.00096207   (44 -0.421) (52 -0.414) (47 -0.408) (49 -0.353) (48 0.323) (16 -0.231) (46 0.193) (51 -0.153) (57 -0.145) (43 -0.124) (15 0.124) (50 0.118) (56 -0.107) (17 0.102) (14 0.101) (37 0.0792) (34 -0.0768) (39 0.0689) (33 0.0651) (53 0.0578) (40 -0.0514) (41 -0.044) (27 0.0423) (78 -0.0385) (42 0.0383) (77 0.0353) (61 0.0331) (54 -0.0325) (36 -0.0318) (30 -0.0297) (38 0.0284) (35 0.0277) (21 -0.0177) (45 -0.0168) (68 -0.0163) (65 0.0149) (55 -0.0133) (18 0.013) (84 0.013) (76 -0.0119) (23 0.0111) (20 0.011) (19 -0.011) (74 -0.011) 
  0.00099724   (16 -0.682) (17 0.396) (15 0.338) (14 0.288) (44 0.161) (19 0.154) (47 0.127) (18 0.124) (23 0.121) (20 0.105) (21 0.0972) (34 0.0936) (52 0.0914) (33 -0.0862) (49 0.0801) (24 0.0787) (48 -0.0782) (46 -0.0668) (30 0.049) (43 0.0428) (39 -0.0409) (51 0.0359) (38 -0.033) (50 -0.0313) (32 0.0285) (57 0.0268) (40 0.0265) (56 0.0228) (42 -0.0221) (27 0.0216) (41 0.0216) (28 -0.0185) (37 -0.0182) (12 -0.0171) (22 -0.0161) (35 -0.0159) (11 -0.0147) (13 0.0127) (53 -0.0112) (78 0.0108) 
   0.0010286   (145 0.994) (146 0.104) 
   0.0011585   (54 0.677) (52 0.411) (56 -0.298) (34 -0.279) (33 0.237) (57 -0.226) (36 0.144) (53 -0.124) (35 0.0936) (50 0.0779) (38 -0.0752) (30 -0.0639) (39 -0.06) (49 -0.0514) (16 -0.0505) (48 0.0474) (21 -0.0474) (19 -0.0453) (32 -0.0449) (14 0.0442) (47 -0.0433) (15 0.0432) (61 0.0414) (44 -0.0392) (51 0.0376) (78 -0.0372) (77 0.0314) (23 -0.0297) (24 -0.0287) (68 -0.0281) (46 0.0279) (31 0.0271) (20 -0.0265) (18 -0.0231) (137 0.018) (66 -0.0173) (60 0.0136) (55 0.0136) (71 -0.0128) (40 0.0125) (67 0.0118) (69 0.0116) (70 -0.0115) (37 -0.0111) (79 0.011) (72 -0.0108) (73 0.0104) 
   0.0013519   (34 -0.514) (33 0.436) (36 0.368) (54 -0.292) (52 -0.235) (44 0.214) (38 -0.194) (39 -0.167) (35 0.166) (37 -0.138) (137 0.127) (56 0.118) (14 0.105) (30 -0.0996) (32 -0.087) (47 0.0721) (40 0.072) (57 0.0717) (43 0.0583) (53 0.0583) (46 -0.057) (31 0.0565) (42 -0.0535) (24 -0.0485) (16 -0.0473) (41 0.047) (23 -0.0437) (21 -0.0379) (19 -0.0377) (20 -0.0368) (15 0.0368) (51 -0.034) (50 -0.0316) (27 -0.0304) (18 -0.0294) (28 0.0241) (78 0.0201) (77 -0.016) (61 -0.0139) (73 -0.0134) (17 -0.0134) (70 0.012) (55 -0.0108) (68 0.0108) 
    0.001501   (137 0.991) (34 0.0713) (33 -0.0605) (36 -0.0499) (44 -0.0263) (38 0.0261) (54 0.0253) (35 -0.0231) (39 0.0225) (52 0.0224) (146 0.0191) (37 0.0178) (14 -0.0144) (30 0.014) (32 0.012) 
   0.0015208   (11 -0.959) (35 -0.248) (37 0.0597) (33 0.056) (30 -0.0516) (36 -0.0448) (32 -0.0433) (38 -0.0322) (14 -0.0322) (133 0.0281) (34 -0.0261) (44 0.0163) (31 0.0155) (15 0.0124) (71 0.0105) 
   0.0016206   (133 0.852) (35 -0.439) (11 0.165) (33 0.0997) (37 0.0976) (30 -0.0828) (36 -0.0796) (32 -0.0746) (14 0.0653) (38 -0.0524) (34 -0.0498) (27 -0.0382) (31 0.0314) (44 0.028) (40 0.0164) (23 -0.0145) (22 0.014) (55 -0.0139) (39 -0.013) (46 -0.0126) (17 -0.0126) (28 0.0125) (41 0.012) (45 -0.011) 
   0.0018958   (35 0.73) (133 0.522) (11 -0.218) (33 -0.166) (37 -0.162) (30 0.138) (36 0.132) (32 0.124) (14 -0.105) (38 0.0873) (34 0.0827) (27 0.0628) (31 -0.0521) (44 -0.0466) (40 -0.0272) (23 0.024) (55 0.0231) (22 -0.023) (39 0.0214) (46 0.0211) (17 0.021) (28 -0.0206) (41 -0.02) (45 0.0184) (20 0.0154) (47 -0.0124) (43 0.0123) (53 -0.0115) (51 0.0111) (48 -0.0108) (25 0.0106) (78 -0.0106) (49 0.0101) 
   0.0020081   (30 -0.713) (32 -0.512) (34 0.278) (55 -0.199) (35 0.172) (53 0.126) (31 0.124) (37 -0.0896) (28 -0.0811) (50 -0.0731) (33 -0.0685) (72 0.0663) (27 0.0604) (49 -0.04) (52 0.0375) (51 -0.0373) (16 -0.0359) (74 0.0343) (42 -0.0296) (41 0.0296) (20 -0.0292) (56 -0.0266) (68 0.0263) (69 0.0252) (19 -0.024) (73 0.0219) (130 -0.0211) (78 -0.0201) (57 0.02) (25 0.0198) (47 0.0196) (29 -0.0196) (48 0.0192) (61 -0.019) (71 -0.0185) (60 -0.0181) (46 -0.0174) (21 -0.0173) (18 -0.0167) (44 0.0148) (24 -0.0127) (65 0.0119) (22 0.0113) (84 0.0103) (54 0.0101) 
   0.0021435   (72 0.619) (68 0.371) (74 0.344) (130 -0.269) (78 -0.256) (67 -0.175) (69 0.169) (73 0.146) (70 0.144) (55 0.143) (71 -0.141) (66 0.114) (53 -0.103) (57 0.0682) (56 0.0637) (62 0.063) (61 -0.0617) (60 -0.0614) (80 -0.0614) (40 -0.0604) (129 0.0598) (83 -0.0594) (51 0.0561) (77 0.0468) (75 -0.0424) (30 0.0361) (107 -0.0333) (47 -0.0301) (86 -0.0295) (63 -0.0286) (44 -0.0284) (34 -0.0273) (85 -0.0269) (33 0.0232) (46 0.0232) (52 0.0229) (48 0.0225) (64 0.0203) (76 -0.0191) (96 0.0191) (32 0.0184) (79 0.0183) (59 0.0176) (37 0.0174) (89 -0.0172) (120 -0.0158) (84 0.0158) (109 -0.0155) (87 -0.0149) (35 -0.0138) (42 -0.0134) (134 -0.0132) (58 -0.0127) (81 0.0124) (93 -0.0118) (16 -0.0116) (104 -0.0103) (125 0.0102) (54 0.0101) (126 0.0101) (124 -0.01) 
   0.0022176   (130 -0.563) (55 0.563) (53 -0.343) (72 -0.218) (50 0.208) (30 -0.163) (74 -0.123) (129 0.119) (32 -0.111) (56 0.0978) (69 -0.0922) (73 -0.0841) (49 0.0837) (52 -0.0795) (57 -0.0769) (34 0.0646) (71 0.0637) (61 0.0625) (78 0.0559) (68 -0.0513) (51 0.0489) (43 0.0481) (48 -0.0477) (65 -0.0438) (60 0.0434) (54 -0.0373) (84 -0.034) (46 0.0339) (40 -0.0331) (67 0.0317) (31 0.0296) (70 -0.0276) (81 -0.0257) (41 0.0235) (28 -0.0229) (47 -0.0222) (45 0.0196) (88 0.0188) (66 -0.0173) (80 0.0173) (27 0.0158) (124 -0.0155) (77 -0.0154) (20 -0.0148) (35 0.0147) (14 0.0136) (120 -0.0136) (125 0.0136) (42 -0.013) (37 -0.0129) (15 0.0128) (100 -0.0114) (90 -0.0113) (107 0.0112) (134 0.011) (16 -0.0109) (62 -0.0108) (87 0.0103) (18 -0.0102) 
   0.0023538   (130 -0.754) (55 -0.467) (53 0.29) (50 -0.156) (129 0.147) (30 0.129) (56 -0.0953) (68 -0.0953) (32 0.0913) (72 -0.0596) (49 -0.0592) (51 -0.0559) (52 0.0501) (78 0.0492) (40 0.0469) (34 -0.0462) (134 0.0409) (67 0.0394) (43 -0.0367) (46 -0.0333) (132 0.0326) (57 0.0323) (74 -0.0318) (70 -0.0311) (65 0.031) (66 -0.0279) (47 0.027) (48 0.0269) (61 -0.0239) (54 0.0239) (31 -0.0223) (83 0.0211) (84 0.0197) (41 -0.019) (28 0.0181) (42 0.0154) (44 0.0153) (27 -0.0152) (85 0.0151) (81 0.0147) (62 -0.0147) (16 0.0135) (79 -0.0132) (88 -0.0131) (45 -0.0127) (86 0.0126) (131 -0.012) (20 0.0112) (64 -0.0111) (35 -0.0109) (14 -0.0108) (73 0.01) (33 -0.01) 
   0.0026171   (24 0.647) (21 -0.415) (23 -0.318) (19 -0.248) (20 -0.231) (56 -0.219) (25 0.17) (27 -0.165) (18 -0.146) (15 0.135) (52 -0.0813) (34 0.0741) (57 0.0671) (33 -0.0669) (44 0.0575) (37 -0.057) (55 0.0533) (16 -0.0505) (30 0.0427) (31 -0.0419) (53 0.0386) (36 0.0359) (47 0.0355) (22 -0.0335) (61 -0.0298) (35 -0.0295) (26 0.0291) (46 -0.0258) (13 0.0247) (77 -0.0201) (78 0.0197) (48 -0.0186) (12 -0.018) (42 -0.0177) (68 0.0153) (70 0.0145) (120 -0.0132) (65 -0.012) (14 0.0115) (39 -0.0115) (60 -0.0113) (73 0.0104) (74 0.0103) (124 0.01) 
   0.0026557   (61 0.83) (56 0.312) (60 0.305) (57 0.182) (55 -0.131) (52 0.118) (78 -0.0842) (77 0.0704) (47 -0.0701) (24 0.0677) (21 -0.0611) (131 0.0555) (51 -0.0442) (46 0.0434) (19 -0.0422) (53 -0.0405) (62 0.0405) (23 -0.0403) (48 0.0383) (59 -0.0378) (72 0.0365) (79 0.0335) (54 0.0312) (15 0.0302) (20 -0.0288) (76 -0.0271) (71 0.0259) (84 -0.0239) (44 -0.0226) (107 0.0222) (108 -0.0208) (25 0.0193) (69 0.0192) (73 -0.0191) (124 0.0187) (18 -0.0186) (80 -0.0186) (16 -0.0175) (109 0.0166) (132 0.0165) (123 0.0146) (41 -0.0133) (118 0.0131) (34 -0.0128) (66 -0.0126) (90 -0.0119) (119 -0.0116) (65 -0.0112) (38 0.0108) (42 0.0108) (121 -0.0106) (82 0.0101) 
   0.0027633   (131 0.718) (56 0.45) (57 -0.276) (132 0.254) (61 -0.201) (50 -0.126) (52 0.122) (53 -0.0932) (55 -0.0916) (24 0.0875) (21 -0.0787) (60 -0.0745) (44 -0.059) (43 -0.0562) (19 -0.053) (23 -0.052) (51 0.0493) (47 -0.0488) (48 0.0378) (20 -0.0367) (68 -0.0359) (70 -0.0303) (77 0.0291) (15 0.0289) (65 0.0276) (16 -0.0269) (25 0.0269) (78 -0.0265) (18 -0.0249) (72 -0.0226) (84 0.0193) (34 -0.0179) (67 0.0177) (74 -0.0175) (120 0.0173) (49 -0.0171) (37 0.0169) (40 -0.0163) (45 -0.0152) (27 -0.0145) (59 0.0139) (66 -0.0139) (33 0.0135) (46 0.0124) (41 -0.0122) (62 -0.012) (73 -0.0114) (129 -0.0114) (76 -0.0106) 
   0.0028832   (131 0.606) (56 -0.56) (57 0.308) (132 0.217) (61 0.162) (52 -0.155) (50 0.148) (55 0.12) (53 0.114) (24 -0.11) (21 0.0986) (44 0.0716) (19 0.0665) (43 0.0665) (23 0.0652) (47 0.0643) (60 0.0602) (51 -0.0537) (48 -0.0482) (20 0.046) (68 0.042) (77 -0.0404) (78 0.0385) (15 -0.0371) (70 0.0356) (25 -0.0335) (16 0.0334) (65 -0.0316) (18 0.0312) (120 -0.0299) (124 0.0292) (123 0.0263) (72 0.0236) (34 0.0223) (84 -0.0216) (74 0.0213) (67 -0.0205) (37 -0.0196) (49 0.0195) (40 0.0191) (46 -0.0189) (45 0.0184) (27 0.0178) (66 0.0175) (33 -0.0168) (107 0.0162) (41 0.0157) (73 0.0153) (129 -0.0149) (76 0.0149) (122 0.0148) (59 -0.013) (62 0.0105) (125 0.0105) (64 0.0105) 
    0.003586   (41 -0.834) (65 -0.273) (40 -0.249) (39 0.203) (44 0.188) (84 -0.137) (43 0.134) (66 -0.107) (57 -0.0819) (42 -0.0771) (37 0.0595) (38 0.0491) (64 0.0431) (33 0.0423) (34 -0.042) (87 0.0407) (47 0.0387) (52 -0.0358) (127 -0.0328) (72 0.0317) (30 -0.0299) (51 -0.0282) (67 0.028) (55 -0.0271) (32 -0.0262) (69 0.0257) (16 -0.0255) (46 -0.0243) (50 0.0214) (96 0.0211) (63 -0.0184) (90 0.0177) (107 -0.0169) (78 0.0168) (73 -0.0159) (21 -0.0152) (19 -0.0147) (27 0.0132) (24 -0.0131) (74 0.0129) (49 -0.0126) (45 0.0119) (53 0.0116) (91 -0.0115) (15 -0.0112) (82 0.0106) (109 -0.0102) 
    0.003712   (84 -0.856) (127 -0.36) (65 0.213) (87 0.173) (66 0.0918) (90 0.0766) (57 0.0712) (107 -0.0679) (85 0.0547) (78 0.0546) (41 0.0532) (77 -0.0508) (44 -0.044) (86 -0.0421) (96 0.0405) (92 0.0399) (61 -0.0381) (52 0.0376) (109 -0.0345) (64 -0.0331) (43 -0.0327) (123 -0.0293) (67 -0.0286) (47 -0.0269) (103 -0.0262) (120 0.0261) (88 0.0249) (91 -0.0245) (50 -0.024) (69 -0.0239) (126 0.0217) (56 0.0198) (93 -0.0196) (94 -0.0195) (39 -0.0184) (83 0.0177) (89 -0.0165) (122 0.0155) (79 0.0155) (51 0.0153) (48 0.0151) (49 -0.0143) (63 0.0138) (102 0.0134) (40 0.0133) (68 0.013) (76 0.0122) (46 0.0121) (55 -0.012) (112 0.012) (54 0.012) (101 -0.0118) (60 -0.0118) (70 0.0107) (71 0.0107) (113 -0.0106) (34 -0.0104) (42 0.0102) 
   0.0038865   (127 -0.705) (65 0.459) (84 0.389) (41 -0.192) (66 0.188) (50 0.0937) (87 -0.0858) (57 0.0833) (72 -0.0749) (64 -0.0682) (40 -0.0571) (78 -0.0517) (39 0.0517) (43 0.0514) (67 -0.049) (90 -0.0488) (69 -0.0483) (107 0.0349) (74 -0.0347) (129 0.0316) (77 0.0309) (96 -0.0301) (85 -0.029) (63 0.0287) (51 -0.0276) (73 0.0268) (52 0.0268) (109 0.0235) (71 -0.0225) (91 0.0212) (49 0.0211) (86 0.0201) (44 0.0191) (76 0.0191) (92 -0.019) (61 -0.0176) (56 0.0169) (75 0.0158) (48 -0.0157) (103 0.0157) (45 0.0156) (38 0.0154) (37 0.0152) (33 0.0151) (42 -0.0145) (34 -0.0138) (94 0.0131) (46 0.0123) (82 -0.0122) (14 0.0116) (30 -0.0113) (70 0.0109) (126 0.0107) (15 0.0106) 
   0.0040544   (65 -0.642) (127 -0.608) (66 -0.266) (41 0.236) (57 -0.135) (64 0.0962) (50 -0.0936) (72 0.0861) (67 0.0722) (40 0.072) (69 0.0687) (84 0.0669) (39 -0.0599) (52 -0.0518) (43 -0.0466) (61 0.043) (63 -0.0405) (129 0.0367) (74 0.0352) (73 -0.0343) (56 -0.031) (76 -0.029) (78 0.0255) (34 0.0248) (38 -0.0246) (33 -0.0244) (51 0.0237) (37 -0.0212) (46 -0.0201) (75 -0.0199) (79 -0.0193) (71 0.0193) (70 -0.0188) (30 0.0161) (14 -0.0157) (42 0.0149) (49 -0.0146) (21 0.0142) (45 -0.0137) (109 -0.0137) (96 0.0136) (83 -0.0134) (93 0.0132) (47 0.0128) (15 -0.0127) (90 0.0121) (19 0.0119) (80 0.0117) (59 0.0112) (107 -0.0112) (82 0.011) (16 0.0109) (120 -0.0108) (60 0.0106) (91 -0.0104) 
   0.0040793   (105 0.597) (96 -0.327) (103 0.28) (123 -0.247) (101 0.21) (120 -0.207) (110 -0.199) (108 -0.192) (98 -0.19) (106 -0.167) (107 -0.156) (112 -0.154) (117 -0.133) (119 -0.115) (102 -0.103) (99 -0.0992) (122 0.0908) (114 -0.0894) (118 0.0834) (111 -0.0776) (97 -0.076) (121 -0.0718) (50 0.0662) (91 -0.066) (115 -0.0531) (94 0.0504) (109 -0.0488) (90 -0.0412) (116 -0.035) (104 0.0337) (51 -0.0311) (71 0.0303) (84 -0.0301) (82 -0.028) (55 -0.0247) (92 -0.0207) (113 0.0206) (93 -0.0186) (65 -0.0171) (72 0.0154) (81 -0.0148) (61 -0.0148) (80 -0.0146) (89 0.0144) (56 0.0142) (141 -0.014) (85 -0.0126) (125 0.0116) (86 0.0115) (79 0.0111) (83 0.0105) 
   0.0042659   (141 -0.998) (146 0.0393) (123 -0.0199) (140 0.0163) (96 0.0153) (105 -0.0147) (120 -0.012) 
   0.0043527   (50 0.792) (51 -0.341) (55 -0.247) (56 0.148) (49 0.144) (71 0.138) (48 -0.1) (53 0.0992) (65 -0.0987) (61 -0.0956) (57 -0.0927) (43 0.0873) (52 0.0859) (41 0.0824) (123 0.0711) (72 0.071) (45 0.0646) (84 -0.0622) (107 0.0607) (15 0.0598) (120 0.0533) (105 -0.0526) (82 -0.0503) (68 0.0434) (96 -0.0425) (46 0.0393) (60 -0.0388) (40 0.0366) (117 0.0351) (80 -0.0331) (119 0.0329) (74 0.0327) (118 -0.032) (47 0.0311) (54 -0.0302) (90 -0.0292) (64 0.0283) (81 -0.0277) (16 0.0267) (87 -0.0263) (122 -0.0245) (108 0.0236) (24 0.0235) (121 0.0219) (103 -0.0217) (32 0.0216) (79 0.0216) (101 -0.0209) (92 0.0199) (109 0.0191) (115 0.0187) (38 -0.0186) (112 -0.0181) (110 0.0178) (59 0.0173) (83 0.0171) (73 0.0162) (111 -0.0158) (67 -0.0158) (63 -0.0157) (104 -0.0157) (98 0.0137) (124 0.0136) (14 -0.0129) (13 0.0127) (106 0.0106) (69 -0.0105) (12 -0.0102) (102 -0.0102) (77 -0.0102) 
   0.0043988   (71 0.566) (45 0.486) (81 -0.323) (80 -0.278) (46 0.265) (83 0.173) (50 -0.166) (93 -0.155) (87 -0.129) (69 -0.103) (76 -0.0811) (43 0.0811) (78 0.0714) (72 0.0689) (68 0.0662) (98 -0.0602) (109 -0.0594) (51 0.0585) (48 0.0569) (79 0.0568) (49 -0.0562) (70 0.0477) (97 0.0476) (99 0.0474) (44 0.0471) (66 0.0454) (105 -0.042) (100 0.0414) (114 0.0373) (47 0.034) (89 0.0338) (77 0.0323) (85 -0.0323) (113 0.032) (74 0.0311) (75 -0.0301) (90 0.03) (67 -0.0299) (61 -0.0288) (107 0.0273) (156 0.0267) (96 0.0256) (123 -0.0229) (101 -0.0212) (54 0.0206) (118 0.0203) (57 0.018) (73 -0.018) (115 -0.017) (82 -0.017) (22 -0.0165) (122 0.0162) (117 -0.0151) (112 0.0145) (88 -0.0143) (64 0.0132) (42 0.0124) (103 0.0122) (119 -0.0122) (91 -0.0115) (120 -0.0115) (104 0.0111) (35 -0.0111) (56 -0.0107) (52 0.0105) 
   0.0045795   (156 0.999) (45 -0.0287) (46 -0.0156) 
   0.0047275   (45 0.674) (71 -0.493) (46 0.369) (80 0.154) (81 0.15) (43 0.139) (79 -0.128) (87 0.097) (69 0.0916) (44 0.0865) (109 0.078) (83 -0.0769) (47 0.0734) (68 -0.0608) (90 0.0582) (72 -0.0554) (41 0.0543) (66 -0.0541) (76 0.0359) (70 -0.0351) (85 0.0334) (98 0.0329) (67 0.0319) (48 0.0313) (105 0.0311) (114 -0.0309) (100 -0.0299) (78 -0.0291) (96 -0.0289) (40 0.0284) (38 -0.0284) (37 0.026) (99 -0.0254) (75 0.0252) (49 -0.025) (57 -0.0239) (113 -0.0228) (15 0.0228) (123 0.0226) (156 0.0225) (118 -0.0205) (86 -0.0205) (122 -0.0195) (64 -0.0189) (73 0.0181) (14 -0.0179) (39 0.0169) (93 -0.0164) (115 0.0156) (112 -0.0149) (54 -0.014) (74 -0.0139) (35 -0.0137) (101 0.0136) (110 -0.0135) (63 0.0133) (117 0.013) (56 0.0123) (97 -0.0123) (61 0.012) (55 -0.012) (24 0.0116) (82 -0.0116) (36 -0.0114) (84 -0.0108) (102 0.0108) (22 -0.0102) 
   0.0048002   (22 0.951) (135 0.287) (24 0.0714) (23 0.0485) (20 0.0408) (16 -0.0301) (15 -0.0287) (17 -0.019) (45 0.0165) (27 -0.0149) (35 0.0147) (30 0.0146) (19 -0.0135) (25 0.0127) (36 0.012) (7 0.0119) (26 -0.0108) (93 0.0102) 
   0.0049735   (135 0.958) (22 -0.285) (24 -0.0214) (7 0.0151) (23 -0.0145) (20 -0.0122) 
   0.0051373   (7 -1) (135 0.0178) 
   0.0053307   (5 -1) 
   0.0053772   (27 -0.393) (31 -0.374) (30 -0.364) (28 0.349) (32 0.31) (37 0.3) (136 -0.299) (14 0.239) (29 -0.213) (35 0.161) (38 -0.107) (36 -0.0859) (19 0.0638) (17 -0.0631) (39 0.0588) (25 -0.0551) (16 0.0421) (33 -0.0395) (23 -0.0361) (21 0.0343) (41 0.0335) (44 0.0328) (78 0.0288) (15 -0.0269) (34 -0.026) (43 -0.0252) (47 0.0222) (77 -0.0215) (20 0.0186) (11 -0.018) (18 0.0135) (46 -0.0114) (72 0.0104) (68 0.0101) 
    0.005466   (136 -0.954) (27 0.123) (31 0.117) (30 0.114) (28 -0.109) (32 -0.0971) (37 -0.094) (14 -0.0751) (29 0.0668) (35 -0.0506) (38 0.0335) (36 0.0269) (19 -0.02) (17 0.0198) (39 -0.0184) (25 0.0173) (16 -0.0132) (33 0.0124) (23 0.0113) (21 -0.0108) (41 -0.0105) (44 -0.0103) 
   0.0056602   (10 0.77) (17 0.495) (16 0.284) (14 0.201) (15 -0.12) (27 0.0977) (19 -0.0969) (21 -0.0525) (37 0.0339) (25 0.0313) (23 0.0208) (22 0.0169) (28 -0.0164) (30 -0.0139) (38 -0.0112) (35 0.0111) 
   0.0057809   (144 0.999) (10 -0.0267) (17 0.0217) (16 0.0125) 
   0.0060384   (10 0.637) (17 -0.602) (16 -0.345) (14 -0.222) (15 0.139) (27 -0.123) (19 0.123) (21 0.0674) (37 -0.0436) (25 -0.0386) (144 0.0384) (23 -0.0263) (22 -0.0198) (28 0.0191) (11 0.0185) (30 0.0179) (35 -0.0143) (38 0.0132) (12 0.0129) (20 0.0126) (31 0.0119) (78 -0.0117) (18 -0.011) (77 0.0108) 
   0.0064048   (13 -0.902) (43 -0.292) (12 0.263) (40 -0.0846) (42 -0.0698) (45 0.0692) (47 0.0517) (50 0.0439) (15 0.0433) (14 0.0403) (39 -0.0352) (37 -0.0288) (38 0.0285) (44 0.0264) (48 -0.023) (31 -0.0173) (36 0.0166) (49 0.014) (41 -0.013) (32 -0.0121) (61 0.0116) (59 0.0105) (30 0.0102) (21 -0.0102) 
   0.0067582   (143 -0.999) (43 -0.0338) (13 0.0155) 
   0.0069179   (43 0.834) (13 -0.322) (40 0.211) (42 0.177) (45 -0.17) (47 -0.129) (39 0.106) (37 0.101) (50 -0.0904) (12 0.0894) (38 -0.0886) (44 -0.0832) (41 0.0584) (48 0.0519) (36 -0.0456) (15 0.0414) (143 -0.0413) (31 0.0349) (14 -0.0333) (74 0.0332) (32 0.0322) (49 -0.0306) (27 0.0297) (61 -0.0263) (24 0.0251) (59 -0.0249) (35 0.0242) (64 0.0214) (20 -0.0207) (18 -0.0199) (80 0.0197) (30 -0.0189) (79 0.0179) (19 -0.0176) (107 0.0174) (46 -0.0166) (56 0.0152) (81 -0.0151) (67 0.015) (55 -0.0148) (21 -0.0145) (109 0.0144) (52 0.0143) (84 -0.0141) (17 0.013) (51 0.0127) (62 0.0118) (68 0.0114) (77 0.0106) 
   0.0075888   (12 0.91) (13 0.267) (31 -0.212) (32 -0.194) (30 0.1) (14 0.0405) (36 -0.0342) (42 0.0272) (40 0.0261) (29 -0.0213) (33 0.0205) (35 0.0174) (15 0.0156) (138 0.0144) (67 0.0133) (68 0.0129) (37 0.011) (43 0.0104) (38 -0.0103) (34 -0.0101) 
   0.0082705   (138 0.993) (31 -0.074) (32 -0.0698) (12 -0.0495) (30 0.0353) (13 -0.0141) (40 0.0107) 

 Largest eigenvalues
      88.991   (163 0.23) (164 0.961) 
      28.999   (37 0.459) (47 0.312) 
      15.523   (77 0.473) (78 -0.582) 
      4.5331   (107 0.701) (109 0.551) 
      3.2339   (96 -0.294) (118 -0.292) (120 0.411) (123 0.546) 
       1.435   (163 0.973) (164 -0.227) 
      1.2241   (161 -0.985) 
      1.1474   (165 0.997) 
      1.1425   (91 0.912) (101 -0.245) 
      1.1352   (101 0.764) (106 0.493) 
      1.1258   (101 0.34) (106 -0.797) 
     0.91939   (111 0.357) (115 -0.762) 
      0.9186   (103 -0.309) (104 0.841) 
     0.86234   (98 -0.517) (99 -0.578) 
       0.844   (111 -0.58) (112 0.307) (124 0.321) 
     0.75821   (110 -0.485) (111 0.32) (115 0.376) (124 0.31) (146 -0.293) 
     0.67187   (110 0.713) (111 0.303) 
      0.6693   (96 -0.764) (98 0.265) (99 0.21) (110 0.224) 
     0.66315   (113 0.33) (114 -0.393) (126 0.417) (146 -0.388) 
     0.62376   (111 -0.333) (112 -0.567) (113 -0.36) (114 0.324) 
     0.59905   (108 0.585) (112 0.321) (114 0.433) 
     0.57593   (108 -0.677) (110 -0.29) (112 0.397) 
     0.57343   (114 -0.303) (121 0.388) (123 -0.407) (129 -0.292) (134 0.379) 
     0.56803   (121 -0.367) (122 0.33) (123 0.367) (124 0.54) (134 0.325) 
     0.55884   (118 0.368) (119 -0.405) (120 0.518) 
     0.54476   (117 -0.716) (118 -0.388) 
     0.52631   (116 0.441) (117 0.319) (118 -0.318) (122 0.389) (125 -0.317) (134 0.322) 
     0.50167   (116 -0.655) (134 0.286) (146 0.286) 
       0.494   (116 0.527) (117 -0.327) (126 0.387) (146 0.34) 
     0.41462   (92 0.972) 
     0.41006   (118 -0.357) (121 -0.346) (129 -0.351) (146 0.386) 
     0.36402   (94 -0.926) (103 0.212) 
     0.33828   (94 0.332) (103 0.665) (104 0.34) (105 -0.411) 
     0.30389   (99 -0.206) (102 -0.81) (107 -0.208) 
     0.30204   (87 0.23) (98 -0.367) (99 0.323) (113 -0.256) (114 -0.231) (119 0.262) (122 0.213) (129 -0.274) 
      0.2471   (79 -0.338) (87 -0.661) 
     0.24344   (79 0.486) (98 0.453) (99 -0.305) 
     0.23029   (79 -0.503) (87 0.593) 
     0.22895   (109 -0.363) (113 0.421) (114 0.358) 
     0.18383   (90 -0.807) (93 0.413) 
     0.16557   (90 0.382) (97 -0.536) (109 0.361) 
     0.15402   (86 -0.284) (93 -0.626) (97 0.213) (107 -0.234) (109 0.285) (125 -0.224) 
     0.13845   (85 -0.571) (86 0.68) 
     0.13242   (89 -0.73) (93 0.33) (97 0.303) 
     0.12623   (79 0.423) (81 0.492) (83 -0.425) 
     0.12071   (76 -0.259) (80 -0.302) (88 0.247) (89 0.245) (97 0.255) 
     0.11425   (58 -0.241) (59 0.36) (63 -0.239) (64 0.25) (68 -0.267) (69 0.326) (76 0.269) 
     0.10831   (58 0.56) (59 -0.529) 
     0.10244   (58 -0.561) (64 -0.34) 
    0.094499   (58 0.42) (59 0.391) (76 -0.264) (97 -0.284) 
    0.090547   (58 -0.35) (59 -0.575) 
    0.080433   (59 0.296) (63 0.563) (83 -0.29) 
    0.079757   (62 -0.317) (63 -0.539) (64 -0.479) (66 -0.302) 
    0.074038   (60 0.499) (62 0.465) (66 -0.371) 
    0.072923   (60 -0.663) (61 0.251) (64 0.264) (69 -0.214) 
     0.06626   (60 0.301) (66 0.315) (119 0.336) 
     0.06362   (62 0.28) (74 -0.323) (78 0.267) 
     0.06102   (62 -0.563) (64 0.242) (69 -0.246) (76 0.218) (80 -0.26) (81 0.214) (85 -0.211) 
    0.059099   (62 0.467) (74 0.296) 
    0.055712   (67 -0.343) (68 0.296) (69 0.342) (72 -0.361) (77 -0.29) 
     0.05343   (67 0.419) (74 -0.348) (75 0.266) (80 0.26) (81 -0.332) (100 0.296) 
    0.049705   (67 -0.503) (76 0.287) (77 0.324) (100 0.308) 
    0.047729   (67 0.463) (68 0.32) (69 0.314) 
    0.046257   (74 -0.274) (76 -0.336) (77 -0.278) (81 0.322) (83 0.273) (88 0.275) 
    0.044214   (33 -0.651) (34 -0.543) (40 -0.367) 
    0.042559   (33 0.397) (34 0.289) (40 -0.6) (42 -0.429) 
    0.041672   (75 0.401) (85 -0.268) (88 0.243) (100 -0.298) (119 -0.248) (125 0.253) 
    0.041023   (48 -0.457) (49 -0.372) (51 -0.428) (75 -0.366) 
    0.032543   (48 0.387) (49 0.297) (51 0.328) (75 -0.553) 
    0.031736   (18 -0.31) (26 -0.661) (29 0.454) 
    0.029443   (18 -0.564) (20 0.375) (26 0.524) 
    0.027607   (18 0.326) (20 -0.291) (26 0.312) (29 0.381) (40 -0.269) (42 0.442) (88 -0.259) 
    0.026105   (26 -0.371) (29 -0.661) 
    0.021473   (40 0.31) (42 -0.472) (75 0.31) (85 0.297) (88 -0.445) 
    0.020695   (126 -0.31) (132 0.628) (134 0.315) 
     0.02053   (128 -0.578) (160 -0.809) 
    0.019045   (128 -0.577) (160 0.314) (162 -0.754) 
    0.016896   (128 -0.577) (160 0.496) (162 0.648) 
    0.015348   (15 0.872) (16 0.45) 
    0.014663   (139 -0.996) 
