 1 60339.7
 2 626.077
 3 9.32204
 4 221597
 5 618.548
 6 217.273
 7 3.31684e+06
 8 1.38443
 9 2778.42
 10 2259.1
 11 15.1872
 12 1329.91
 13 371120
 14 3117.04
 15 0.826608
 16 551647
 17 3901.8
 18 3.01459
 19 137526
 20 2733.64
 21 248.563
 22 169336
 23 3585.44
 24 111.427
 25 245.974
 26 324.802
 27 8.87443
 28 2407.7
 29 354.348
 30 194.218
 31 475.364
 32 108.477
 33 960.843
 34 208.947
 35 257.801
 36 278.321
 37 1536.62
 38 3149.53
 39 3.51426
 40 1000.63
 41 4513.01
 42 1.71974
 43 730.162
 44 1615.41
 45 10.9622
 46 3011.84
 47 2033.49
 48 627.087
 49 1712.58
 50 255.627
 51 610.789
 52 129.308
 53 3328.05
 54 383.909
 55 366.48
 56 230.03
 57 581.048
 58 132.061
 59 274.915
 60 92.9709
 61 18.9261
 62 1.72203
 63 713.404
 64 163.321
 65 1.52292
 66 847.994
 67 3749.18
 68 337.772
 69 147643
 70 178485
 71 2302.11
 72 186.35
 73 16333
 74 61.7411
 75 14541.5
 76 3695.68
 77 15.1735
 78 2391.73
 79 5275.65
 80 239.761
 81 2927.27
 82 1478.13
 83 444.11
 84 2.12287
 85 145.245
 86 2.46698
 87 6370.85
 88 1.85084
 89 1.73896
 90 2.16162
 91 7.94309
 92 368.933
 93 760.95
 94 397.389
 95 748.957
 96 1027.25
 97 234.364
 98 197.06
 99 111.661
 100 499.713
 101 1196.28
 102 86.089
 103 159.824
 104 121.165
 105 112.12
 106 159.483
 107 157.66
 108 152.315
 109 110.302
 110 85.6131
 111 162.147
 112 200.103
 113 179.666
 114 161.458
 115 147.556
 116 114.443
 117 157.549
 118 170.582
 119 135.276
 120 98.7161
 121 109.763
 122 47.0474
 123 42.7249
 124 34.1156
 125 31.2592
 126 44.5059
 127 22.4828
 128 72.6686
 129 50.0169
 130 44.7852
 131 20.1871
 132 18.6723
 133 18.4615
 134 27.4391
 135 8.60343
 136 36.7071
 137 10.0773
 138 8.94226
 139 8.3395
 140 11.1716
 141 11.1274
 142 8.72275
 143 8.57438
 144 16.8289
 145 14.8959
 146 10.9521
 147 9.68166
 148 14.9759
 149 14.9285
 150 10.5972
 151 12.8541
 152 18.0764
 153 21.2561
 154 13.1141
 155 18.7135
 156 20.3852
 157 33.2754
 158 0.475985
 159 0.163382
 160 1.17993
 161 1.85537
 162 53.4491
 163 97.0851
 164 168.812
 165 1.29916
