 1 31.6228
 2 24.42
 3 1.29697
 4 31.6228
 5 21.4726
 6 8.28481
 7 31.6228
 8 0.918325
 9 31.5825
 10 28.9161
 11 1.23436
 12 25.6423
 13 31.6228
 14 31.5916
 15 0.903535
 16 31.6228
 17 31.5946
 18 0.93612
 19 31.6228
 20 29.0634
 21 3.62416
 22 31.6228
 23 30.6942
 24 1.93614
 25 14.6305
 26 16.2451
 27 1.37527
 28 31.3542
 29 14.5433
 30 8.52626
 31 21.1083
 32 4.01902
 33 27.2717
 34 13.9674
 35 11.5134
 36 12.2801
 37 31.4723
 38 31.6021
 39 1.31885
 40 24.7919
 41 31.0758
 42 1.28236
 43 21.6501
 44 28.8081
 45 1.50574
 46 31.5749
 47 24.3595
 48 8.97252
 49 29.0915
 50 15.1021
 51 18.4433
 52 5.11952
 53 30.3864
 54 17.0652
 55 12.9104
 56 8.54342
 57 22.8757
 58 10.6481
 59 13.6318
 60 5.56669
 61 4.21244
 62 1.30948
 63 26.6015
 64 11.8533
 65 0.958354
 66 28.5846
 67 29.106
 68 4.06139
 69 31.6227
 70 31.6228
 71 29.3695
 72 3.75882
 73 31.6174
 74 1.45778
 75 31.5006
 76 30.8906
 77 1.49011
 78 30.3074
 79 31.5933
 80 3.63615
 81 29.491
 82 31.2218
 83 20.0157
 84 1.32453
 85 11.3927
 86 1.3928
 87 31.5615
 88 1.19033
 89 1.12165
 90 1.38205
 91 2.37378
 92 17.5259
 93 25.7132
 94 16.8634
 95 23.6098
 96 27.7621
 97 14.0925
 98 12.8216
 99 8.80823
 100 20.185
 101 29.5975
 102 8.10463
 103 12.0558
 104 10.2931
 105 9.88273
 106 12.2026
 107 12.0585
 108 11.8157
 109 9.8095
 110 7.98757
 111 12.0289
 112 13.7403
 113 12.9237
 114 12.1638
 115 11.4801
 116 9.72059
 117 11.8102
 118 12.4285
 119 10.954
 120 9.29274
 121 10.0971
 122 6.62774
 123 6.41769
 124 5.54586
 125 5.35724
 126 6.47018
 127 4.24038
 128 8.15241
 129 6.54098
 130 6.25895
 131 4.24505
 132 4.23503
 133 4.20364
 134 5.1298
 135 2.73243
 136 5.98453
 137 3.02969
 138 2.86621
 139 2.75663
 140 3.20562
 141 3.03004
 142 2.71787
 143 2.72353
 144 3.98286
 145 3.75907
 146 3.18659
 147 2.97529
 148 3.76803
 149 3.74502
 150 3.11816
 151 3.4352
 152 4.14334
 153 4.47033
 154 3.48062
 155 4.21114
 156 4.40205
 157 5.67296
 158 0.327936
 159 0.325371
 160 1.00678
 161 1.29566
 162 6.1293
 163 8.14631
 164 11.8151
 165 0.320741
