 1 1000
 2 607.726
 3 9.07318
 4 1000
 5 606.933
 6 213.204
 7 1000
 8 1.03041
 9 998.167
 10 852.872
 11 8.11309
 12 680.899
 13 1000
 14 998.331
 15 0.819503
 16 1000
 17 998.887
 18 1.3997
 19 1000
 20 915.887
 21 83.9992
 22 1000
 23 969.476
 24 30.8679
 25 228.538
 26 289.082
 27 7.96284
 28 985.976
 29 314.871
 30 173.239
 31 460.42
 32 94.0933
 33 832.568
 34 200.908
 35 248.452
 36 267.712
 37 991.426
 38 999.242
 39 2.24968
 40 625.27
 41 969.616
 42 1.65904
 43 496.61
 44 859.287
 45 6.58784
 46 998.055
 47 757.656
 48 245
 49 870.74
 50 245.751
 51 416.016
 52 89.6313
 53 937.595
 54 302.384
 55 253.444
 56 156.925
 57 576.26
 58 129.907
 59 270.233
 60 91.2191
 61 18.9103
 62 1.72193
 63 711.581
 64 162.821
 65 1.51738
 66 838.347
 67 916.502
 68 85.8076
 69 999.997
 70 1000
 71 924.933
 72 76.1593
 73 999.759
 74 5.63489
 75 995.899
 76 958.713
 77 6.25242
 78 927.662
 79 998.779
 80 71.7391
 81 928.619
 82 979.884
 83 419.824
 84 2.0894
 85 132.002
 86 2.3983
 87 997.39
 88 1.85075
 89 1.73895
 90 2.16151
 91 7.58421
 92 367.99
 93 755.413
 94 394.311
 95 641.756
 96 823.01
 97 229.886
 98 195.638
 99 111.254
 100 453.184
 101 907.336
 102 83.4308
 103 158.302
 104 120.482
 105 111.805
 106 159.026
 107 156.918
 108 151.61
 109 109.726
 110 84.5418
 111 161.496
 112 199.426
 113 179.236
 114 161.27
 115 147.347
 116 114.183
 117 157.292
 118 170.434
 119 135.097
 120 98.2256
 121 109.489
 122 46.7625
 123 42.5878
 124 33.9722
 125 30.9509
 126 44.2375
 127 21.8883
 128 72.3158
 129 49.7296
 130 44.2175
 131 20.1199
 132 18.5627
 133 18.3831
 134 27.0931
 135 8.54982
 136 36.5671
 137 10.0148
 138 8.8899
 139 8.26291
 140 11.01
 141 10.7017
 142 8.54647
 143 8.46789
 144 16.7135
 145 14.7795
 146 10.8429
 147 9.562
 148 14.8215
 149 14.7509
 150 10.4886
 151 12.7238
 152 17.914
 153 20.7453
 154 12.9263
 155 18.5875
 156 20.313
 157 33.122
 158 0.401146
 159 0.159678
 160 1.17764
 161 1.84453
 162 47.4871
 163 90.2593
 164 163.339
 165 1.29187
