 Smallest eigenvalues
  3.0149e-07   (9 1) 
  1.8128e-06   (45 0.795) (44 0.409) (46 0.264) (39 0.193) (49 -0.13) (47 -0.126) (155 0.115) (43 0.0955) (38 -0.066) (56 0.0595) (65 -0.0566) (40 0.0537) (37 0.0448) (55 -0.0446) (36 -0.0429) (48 0.0392) (42 0.0362) (13 0.0359) (30 0.0358) (35 -0.0355) (64 0.0353) (29 -0.0322) (15 0.0309) (52 0.0295) (14 -0.0275) (67 -0.0247) (59 -0.0226) (21 0.0222) (57 -0.0219) (32 0.0205) (23 -0.0181) (41 -0.0176) (94 -0.0176) (34 0.0176) (51 0.0168) (50 -0.0167) (33 0.015) (26 -0.0147) (25 0.0142) (77 -0.0134) (22 -0.0132) (53 -0.0131) (60 0.0121) (69 -0.0112) (78 -0.0109) (96 -0.0109) (74 0.0105) (31 -0.0103) 
  2.6945e-06   (155 0.993) (45 -0.0918) (44 -0.0473) (46 -0.0305) (39 -0.0224) (49 0.015) (47 0.0146) (43 -0.0111) 
  4.5127e-06   (4 1) 
  5.6027e-06   (39 0.588) (41 0.51) (149 0.509) (44 -0.245) (43 -0.161) (38 -0.136) (37 0.0908) (40 0.0569) (36 -0.0471) (45 -0.0442) (46 0.0431) (30 0.04) (65 -0.0391) (42 -0.0366) (35 -0.0343) (13 0.0265) (32 0.0256) (15 0.0247) (64 0.0226) (47 -0.0223) (52 0.0216) (14 -0.0195) (56 0.0187) (49 -0.018) (25 0.0175) (21 0.0164) (67 -0.0162) (26 -0.0141) (50 0.0132) (29 -0.0127) (23 -0.0121) (22 -0.0113) (33 -0.0105) (94 -0.0105) (57 -0.0101) 
  5.9054e-06   (149 0.861) (39 -0.348) (41 -0.302) (44 0.145) (43 0.0952) (38 0.0805) (37 -0.0537) (40 -0.0336) (36 0.0279) (45 0.0261) (46 -0.0255) (30 -0.0237) (65 0.023) (42 0.0216) (35 0.0203) (13 -0.0157) (32 -0.0151) (15 -0.0146) (64 -0.0133) (47 0.0132) (52 -0.0127) (14 0.0115) (56 -0.011) (49 0.0106) (25 -0.0104) 
  6.7521e-06   (1 1) 
  7.2714e-06   (160 -1) (25 0.0135) 
  1.6573e-05   (25 -0.955) (26 -0.179) (23 0.105) (22 0.091) (24 -0.0852) (30 0.0778) (21 -0.0698) (15 -0.0697) (13 -0.0485) (14 0.0425) (16 -0.0357) (19 0.0309) (39 0.029) (27 -0.0286) (65 0.0251) (32 0.0244) (38 -0.0207) (18 -0.0194) (36 -0.0173) (20 0.0166) (55 -0.0157) (43 0.0156) (160 -0.0141) (64 -0.013) (37 0.0127) (46 -0.0116) (45 0.0113) (11 -0.0111) (44 0.0108) (33 0.0106) 
  3.6827e-05   (22 -0.701) (46 -0.496) (23 0.39) (47 -0.182) (44 0.12) (24 -0.119) (18 -0.093) (49 -0.0622) (39 0.0591) (48 -0.0567) (21 0.0561) (42 -0.0555) (17 0.0539) (19 0.0506) (28 0.048) (51 0.0419) (29 -0.0404) (45 0.0377) (50 -0.0317) (64 0.0311) (74 0.0309) (13 -0.0275) (65 -0.0274) (26 0.0251) (36 -0.0234) (59 -0.0222) (69 -0.0199) (33 0.0195) (57 -0.0193) (79 0.0179) (27 0.0143) (52 0.014) (56 0.0126) (43 0.0124) (96 -0.0123) (67 -0.0123) (20 0.0117) (78 -0.0117) (60 0.0117) (37 0.0116) (30 0.0112) (77 -0.0107) (72 0.0101) 
  0.00015633   (156 0.995) (46 -0.0731) (22 0.0488) (47 -0.0291) (23 -0.0284) (44 0.0162) 
  0.00016016   (46 0.723) (22 -0.467) (47 0.288) (23 0.272) (44 -0.161) (156 0.102) (24 -0.0867) (49 0.0798) (48 0.079) (38 0.0711) (39 -0.0661) (18 -0.0652) (45 -0.0606) (42 0.0603) (37 -0.0461) (59 0.0413) (13 -0.0388) (17 0.0357) (19 0.0349) (33 0.0348) (64 -0.0339) (28 0.0332) (65 0.0331) (32 -0.0308) (26 0.0306) (60 -0.0302) (74 -0.0296) (51 -0.0264) (30 -0.0258) (56 -0.0254) (15 -0.0222) (25 -0.0222) (43 -0.0213) (50 0.0189) (35 0.0184) (57 0.0184) (52 -0.0178) (21 0.0177) (40 -0.0172) (94 0.0158) (69 0.0154) (67 0.015) (29 -0.0148) (14 0.014) (34 0.0138) (79 -0.0131) (27 0.0129) (72 -0.0125) (66 -0.0116) (81 0.0109) (96 0.0108) (20 0.0108) 
  0.00018833   (3 -1) 
  0.00019412   (23 -0.562) (24 0.503) (22 -0.409) (15 0.254) (25 -0.237) (21 0.188) (13 0.159) (26 0.157) (29 0.141) (14 -0.124) (30 -0.0915) (19 -0.0577) (39 -0.0496) (44 -0.0384) (35 0.0317) (31 0.0292) (20 -0.027) (38 0.0267) (36 0.0217) (18 0.0195) (37 -0.0184) (16 -0.0178) (42 -0.017) (49 -0.0163) (17 -0.0159) (32 -0.0149) (40 -0.0144) (65 -0.0139) (56 0.0135) (43 -0.0108) (41 0.0102) 
  0.00024639   (161 1) 
  0.00026426   (2 -1) 
  0.00026903   (15 0.726) (19 0.434) (17 0.264) (21 -0.26) (13 0.18) (16 -0.173) (23 0.168) (14 -0.141) (22 0.113) (20 0.109) (24 -0.0646) (29 0.0452) (26 0.0378) (30 -0.0346) (39 -0.0262) (159 0.0236) (18 0.0148) (44 -0.0142) (38 0.0135) (28 0.0127) (35 0.0126) (36 0.0122) (12 -0.0117) (37 -0.0114) 
  0.00027013   (159 1) (15 -0.0171) (19 -0.0102) 
   0.0002732   (8 -1) 
  0.00027591   (24 -0.793) (23 -0.494) (151 0.288) (22 -0.137) (21 0.096) (15 0.0797) (13 0.0391) (14 -0.0366) (30 -0.0343) (55 -0.0295) (29 0.0283) (34 -0.0274) (25 -0.0206) (27 -0.0182) (28 0.0159) (33 -0.0145) (65 -0.0136) (26 0.0133) (39 -0.0126) (78 -0.0105) (36 0.0102) (16 0.0102) 
  0.00029183   (151 0.958) (24 0.239) (23 0.149) (22 0.0413) (21 -0.0289) (15 -0.024) (13 -0.0118) (14 0.011) (30 0.0103) 
  0.00032688   (6 1) 
  0.00032833   (19 -0.702) (18 -0.503) (21 -0.278) (15 0.277) (153 0.173) (16 -0.165) (17 -0.139) (13 0.0771) (23 0.0756) (14 -0.0727) (24 -0.046) (22 0.0251) (20 0.0239) (27 -0.0193) (29 0.0171) (26 -0.0152) (28 0.0151) (65 -0.0149) (11 0.0115) (56 0.0107) (48 0.0102) 
  0.00034008   (153 0.985) (19 0.123) (18 0.0883) (21 0.0489) (15 -0.0487) (16 0.0289) (17 0.0243) (13 -0.0135) (23 -0.0133) (14 0.0128) 
  0.00036045   (73 0.8) (56 -0.506) (44 0.113) (54 0.0996) (39 0.0935) (55 -0.0913) (52 -0.0752) (65 -0.0719) (57 0.069) (49 0.069) (48 0.0641) (42 0.0588) (41 -0.051) (64 0.0506) (45 -0.0484) (51 0.0452) (89 -0.0421) (35 -0.0415) (30 0.0415) (53 -0.0402) (59 0.0395) (13 0.0386) (47 0.0369) (96 0.0345) (32 0.0345) (72 -0.032) (60 -0.0288) (71 0.0278) (40 0.0248) (14 -0.0248) (29 -0.0229) (38 -0.0228) (15 0.0227) (50 0.0221) (67 -0.0219) (18 0.0216) (99 0.0211) (37 0.0211) (76 -0.0201) (123 0.0195) (21 0.0189) (112 -0.0189) (122 -0.0172) (70 0.0168) (46 -0.0165) (87 -0.0142) (36 -0.0138) (31 -0.0125) (100 -0.0125) (95 -0.0117) (126 0.0115) (110 -0.0109) (101 0.0105) (19 -0.0104) (124 -0.0103) (22 -0.0103) (69 -0.0102) 
  0.00040609   (56 -0.658) (73 -0.547) (44 0.169) (67 -0.168) (154 -0.151) (47 0.129) (39 0.123) (65 0.113) (69 -0.111) (59 0.106) (57 0.104) (55 -0.104) (70 -0.0984) (52 -0.0854) (60 -0.0849) (54 0.0839) (49 0.0778) (64 -0.072) (53 -0.0713) (42 0.0702) (36 -0.0645) (41 -0.0597) (51 0.0585) (30 0.0557) (45 -0.0541) (13 0.0532) (38 -0.0499) (35 -0.0488) (40 0.0405) (14 -0.0404) (29 -0.0403) (32 0.0389) (46 -0.0378) (15 0.0361) (37 0.0359) (21 0.0312) (66 0.0311) (71 -0.03) (48 0.0296) (72 0.0278) (121 0.0253) (31 -0.0216) (19 -0.0201) (82 -0.0194) (43 0.0191) (23 -0.0185) (112 -0.0183) (122 0.0167) (89 -0.0163) (76 0.0154) (99 0.0143) (110 -0.0137) (80 0.0127) (126 0.0125) (18 0.0124) (26 -0.0123) (58 0.0122) (125 0.0121) (115 0.0115) (130 0.0114) (114 -0.0106) (129 0.0102) (124 0.0101) 
  0.00040789   (154 -0.988) (56 0.103) (73 0.08) (44 -0.0268) (67 0.0254) (47 -0.02) (39 -0.0196) (65 -0.0168) (69 0.0167) (59 -0.0163) (55 0.0163) (57 -0.0161) (70 0.0148) (52 0.0135) (54 -0.0134) (60 0.013) (49 -0.0123) (42 -0.0112) (53 0.0111) (64 0.0107) (36 0.01) 
  0.00045313   (27 -0.952) (26 -0.239) (50 -0.0959) (49 0.0841) (25 0.0581) (47 0.0511) (22 -0.0425) (30 -0.0377) (18 0.0365) (53 0.035) (51 -0.0331) (24 0.0322) (56 0.032) (44 0.0303) (15 0.0266) (52 0.0257) (36 -0.0245) (13 0.0211) (21 0.0208) (48 0.0174) (54 -0.0163) (29 -0.0151) (32 -0.0146) (31 -0.0134) (16 0.0134) (14 -0.0123) (46 -0.0116) 
    0.000473   (148 -0.595) (50 -0.46) (49 0.431) (47 0.215) (53 0.178) (44 0.176) (51 -0.156) (48 0.136) (56 0.136) (27 0.126) (39 0.116) (52 0.101) (46 -0.0715) (42 0.0658) (54 -0.0653) (30 0.053) (45 -0.0464) (38 -0.0448) (41 -0.0423) (36 -0.0415) (43 0.0393) (13 0.0343) (40 0.0342) (35 -0.0339) (55 0.0326) (65 -0.0325) (37 0.032) (32 0.0301) (14 -0.0267) (64 0.0254) (57 -0.0238) (29 -0.022) (15 0.0219) (26 0.0211) (21 0.0204) (67 -0.0148) (31 -0.0135) (23 -0.0131) (73 0.0118) 
  0.00050243   (148 -0.804) (50 0.341) (49 -0.319) (47 -0.159) (53 -0.132) (44 -0.13) (51 0.116) (48 -0.101) (56 -0.1) (27 -0.0911) (39 -0.0862) (52 -0.0746) (46 0.053) (42 -0.0488) (54 0.0484) (30 -0.0392) (45 0.0344) (38 0.0332) (41 0.0314) (36 0.0308) (43 -0.0291) (13 -0.0255) (40 -0.0254) (35 0.0252) (55 -0.0241) (65 0.0241) (37 -0.0237) (32 -0.0223) (14 0.0198) (64 -0.0188) (57 0.0176) (29 0.0164) (15 -0.0163) (21 -0.0152) (26 -0.015) (67 0.0109) (31 0.01) 
  0.00052907   (52 -0.847) (36 0.312) (54 -0.261) (56 0.163) (53 -0.149) (48 0.137) (39 0.104) (44 0.103) (49 0.0655) (55 0.0605) (47 0.0553) (42 0.0519) (38 -0.0436) (50 0.0413) (45 -0.0385) (37 0.0368) (41 -0.0329) (40 0.0321) (46 -0.0316) (67 -0.0304) (57 -0.0287) (69 -0.0253) (35 -0.0193) (43 0.0189) (51 0.0158) (70 -0.0141) (150 -0.0133) (65 -0.0125) (22 -0.0109) (27 -0.0104) 
  0.00066665   (150 -0.949) (36 -0.293) (52 -0.0834) (39 -0.0345) (30 0.0296) (54 -0.0229) (56 0.022) (32 0.0217) (47 -0.0203) (44 -0.0173) (48 0.0164) (53 -0.0162) (37 -0.0143) (38 0.0132) (21 0.0111) (43 -0.011) (13 0.011) (49 0.0101) 
  0.00075191   (36 0.871) (150 -0.314) (52 0.288) (39 0.0997) (30 -0.0896) (54 0.08) (56 -0.0733) (32 -0.0659) (47 0.0592) (48 -0.0554) (53 0.0553) (44 0.0477) (37 0.0415) (38 -0.038) (21 -0.0338) (13 -0.0335) (49 -0.0334) (43 0.0324) (14 0.0262) (29 0.0249) (65 0.0248) (55 -0.0236) (31 0.0229) (40 0.0211) (50 -0.0198) (64 -0.0184) (15 -0.0169) (73 -0.0148) (35 0.0147) (57 0.0134) (27 -0.0132) (51 -0.0129) (23 0.0127) (42 0.0119) (25 -0.0114) (94 0.0102) (46 -0.0101) 
  0.00076143   (69 0.668) (70 0.553) (67 0.366) (73 -0.14) (65 -0.115) (56 -0.114) (68 -0.106) (64 0.0832) (44 0.0774) (47 0.0734) (66 -0.0699) (39 0.0601) (54 0.0438) (50 0.0437) (52 -0.0422) (42 0.0409) (82 -0.0382) (59 -0.0379) (45 -0.0372) (60 0.0335) (41 -0.0333) (55 -0.0333) (30 0.0304) (71 0.0291) (72 -0.029) (35 -0.0287) (57 0.0285) (32 0.0268) (89 -0.0266) (38 -0.0247) (13 0.0239) (48 0.0229) (40 0.0228) (46 -0.0226) (147 0.0217) (51 0.0194) (99 0.0188) (37 0.0188) (14 -0.0185) (74 0.0183) (126 0.0159) (21 0.0157) (112 -0.0157) (88 0.0151) (29 -0.015) (123 0.0149) (15 0.0145) (18 0.0143) (120 -0.0134) (95 -0.013) (100 -0.0124) (125 0.0118) (122 -0.011) 
  0.00082024   (147 0.719) (47 0.515) (49 -0.28) (48 -0.164) (44 0.16) (50 0.149) (56 0.129) (46 -0.102) (39 0.0841) (36 -0.0683) (45 -0.0557) (69 -0.0521) (53 0.0503) (42 0.0499) (70 -0.0461) (73 0.0427) (41 -0.0345) (52 0.0316) (30 0.0312) (40 0.0266) (43 0.0264) (13 0.0258) (38 -0.025) (67 -0.0243) (32 0.0234) (55 0.0221) (35 -0.0212) (14 -0.0205) (21 0.0204) (29 -0.0204) (51 -0.0189) (37 0.0184) (15 0.015) (65 -0.0145) (31 -0.0112) (64 0.0109) (94 -0.0104) 
  0.00087901   (147 0.695) (47 -0.535) (49 0.29) (48 0.169) (44 -0.168) (50 -0.155) (56 -0.13) (46 0.106) (39 -0.0891) (36 0.0708) (45 0.0589) (42 -0.053) (53 -0.052) (73 -0.0399) (41 0.0368) (30 -0.0334) (69 0.0329) (52 -0.0312) (70 0.0304) (40 -0.0283) (13 -0.0276) (43 -0.0273) (38 0.0268) (32 -0.0252) (35 0.023) (14 0.0219) (21 -0.0217) (55 -0.0217) (29 0.0216) (37 -0.0198) (51 0.0188) (65 0.0186) (15 -0.0161) (64 -0.0139) (67 0.0135) (31 0.0118) (122 -0.0116) (94 0.0109) (59 0.0103) 
    0.001016   (35 -0.892) (21 0.281) (39 -0.128) (23 0.114) (32 0.11) (15 0.1) (13 0.0952) (19 -0.0892) (38 0.084) (44 -0.0839) (18 0.0771) (37 -0.0719) (14 -0.0707) (36 0.0696) (41 0.0636) (22 0.0569) (42 -0.0556) (20 -0.0491) (40 -0.0364) (34 0.0301) (45 0.0292) (30 0.0274) (24 -0.0268) (17 -0.0262) (56 0.0256) (48 -0.022) (25 -0.0185) (54 -0.0161) (49 -0.0151) (33 -0.013) (52 0.0126) (53 0.01) 
   0.0010231   (21 0.709) (35 0.36) (23 0.324) (15 0.215) (19 -0.213) (22 0.194) (13 0.167) (18 0.143) (30 -0.13) (14 -0.129) (20 -0.108) (24 -0.0999) (29 0.0931) (32 -0.086) (25 -0.0587) (26 0.0563) (17 -0.0547) (31 0.0384) (144 -0.0235) (28 -0.0218) (34 -0.016) (16 0.0138) (44 -0.0133) (47 -0.0123) 
   0.0011585   (144 -1) (143 -0.0208) (21 -0.0172) 
    0.001203   (45 -0.472) (47 -0.421) (44 0.409) (48 -0.31) (46 0.291) (13 0.217) (42 0.19) (14 -0.185) (49 -0.165) (39 0.142) (41 -0.113) (53 0.101) (56 0.1) (38 -0.0984) (15 -0.0875) (40 0.0743) (54 -0.0674) (37 0.0637) (35 -0.0591) (51 -0.053) (50 -0.0503) (32 0.0449) (30 0.0432) (65 0.0412) (57 -0.0334) (52 0.0327) (64 -0.0303) (55 0.0294) (36 -0.0247) (82 -0.0202) (29 -0.0185) (19 0.0181) (18 -0.0175) (69 -0.0146) (94 0.0126) (17 0.0125) (31 -0.0123) (89 -0.011) (59 0.011) (60 -0.011) (67 -0.0103) 
   0.0012621   (13 0.623) (14 -0.531) (15 -0.427) (44 -0.146) (45 0.138) (21 -0.136) (18 -0.115) (47 0.104) (19 0.0995) (48 0.0805) (46 -0.077) (30 -0.0726) (39 -0.0724) (42 -0.0695) (29 0.0588) (23 0.0532) (20 0.0513) (17 0.0419) (41 0.0418) (38 0.04) (32 -0.0384) (49 0.037) (35 0.0363) (24 -0.0344) (26 0.0321) (36 0.0307) (40 -0.0301) (22 0.0289) (37 -0.0279) (53 -0.0254) (31 0.0254) (12 -0.0201) (56 -0.0181) (16 -0.0159) (54 0.0139) (50 0.0124) (28 -0.0119) (25 -0.0116) (65 -0.0115) 
   0.0013712   (145 1) 
     0.00139   (54 0.817) (30 0.352) (56 0.231) (31 -0.227) (52 -0.141) (29 -0.126) (49 0.0906) (55 0.0903) (48 0.0824) (32 -0.0755) (51 0.0686) (13 0.0625) (65 0.0574) (53 -0.0553) (36 0.0537) (14 -0.0455) (21 0.0446) (15 0.043) (64 -0.0412) (50 0.0401) (45 -0.0356) (26 -0.0335) (47 -0.0324) (18 0.0312) (44 0.0258) (28 0.0252) (67 -0.025) (59 0.0246) (23 -0.0228) (60 -0.0211) (42 0.0209) (35 0.0195) (69 -0.0189) (57 -0.0181) (41 -0.0173) (22 -0.0167) (24 0.0153) (19 -0.0139) (20 -0.0135) (73 -0.0133) (25 0.0132) (89 -0.0115) (43 -0.0111) 
   0.0014586   (30 0.653) (31 -0.437) (54 -0.414) (29 -0.223) (32 -0.203) (39 -0.111) (44 -0.105) (36 0.0985) (35 0.0984) (56 -0.0903) (13 0.0802) (52 0.0775) (138 -0.0722) (49 -0.0693) (21 0.067) (48 -0.0659) (15 0.0641) (42 -0.0625) (14 -0.0601) (38 0.0581) (26 -0.058) (23 -0.0447) (37 -0.0431) (28 0.0424) (41 0.0423) (51 -0.0413) (45 0.0384) (53 0.0384) (55 -0.0378) (18 0.0296) (40 -0.0273) (65 -0.0241) (25 0.0233) (19 -0.0225) (24 0.0207) (50 -0.0206) (22 -0.0188) (64 0.0176) (34 -0.0173) (20 -0.0158) 
   0.0016822   (138 -0.997) (30 -0.0496) (31 0.0331) (54 0.0248) (29 0.017) (32 0.0151) 
   0.0018648   (17 0.632) (31 0.508) (19 -0.319) (29 -0.313) (18 0.223) (16 0.212) (30 0.172) (21 -0.0641) (28 0.0423) (32 -0.0401) (40 -0.0368) (13 0.0367) (14 -0.0345) (23 -0.0333) (134 0.0285) (39 -0.0282) (26 -0.0278) (35 0.0247) (20 -0.0245) (44 -0.0216) (22 -0.0193) (36 0.0176) (24 0.0144) (27 0.0127) 
   0.0019324   (31 0.545) (134 0.492) (17 -0.461) (29 -0.297) (30 0.216) (19 0.213) (16 -0.153) (18 -0.152) (21 0.0848) (15 0.0567) (26 -0.039) (32 -0.0355) (39 -0.0329) (13 0.0296) (28 0.0294) (36 0.0258) (25 0.0245) (23 -0.0226) (35 0.022) (44 -0.0198) (14 -0.0197) (51 -0.0116) (49 -0.0113) (40 -0.0102) 
    0.002093   (134 0.87) (31 -0.325) (17 0.24) (29 0.178) (30 -0.128) (19 -0.11) (16 0.0794) (18 0.0789) (21 -0.0459) (15 -0.0323) (26 0.023) (32 0.0214) (39 0.0195) (28 -0.018) (13 -0.018) (36 -0.0151) (23 0.0139) (25 -0.0137) (35 -0.0132) (14 0.0123) (44 0.0118) 
   0.0022443   (29 -0.709) (30 -0.433) (51 -0.307) (31 -0.266) (49 -0.208) (48 0.205) (70 -0.102) (28 0.0886) (68 -0.0806) (50 -0.0725) (67 0.0513) (25 -0.0441) (47 -0.0393) (54 0.0378) (23 -0.0378) (71 0.0357) (32 0.035) (26 0.0344) (44 -0.0337) (38 -0.0332) (69 0.0326) (45 -0.0326) (39 -0.032) (57 0.0302) (17 -0.0295) (13 0.0291) (16 -0.0264) (41 0.026) (15 0.0248) (55 -0.0247) (24 0.0239) (56 -0.0225) (14 -0.0222) (52 -0.0221) (66 -0.0214) (27 0.0201) (64 0.0187) (82 -0.0179) (46 -0.0159) (75 0.0147) (21 0.0144) (65 -0.0139) (18 0.0137) (74 -0.0133) (42 0.0133) (33 0.0124) (22 0.0109) (61 0.0107) (35 0.0104) 
   0.0023158   (70 -0.555) (68 -0.453) (51 0.299) (49 0.28) (67 0.276) (48 -0.19) (69 0.175) (71 0.168) (132 -0.158) (50 0.145) (57 0.139) (64 0.123) (74 -0.0904) (77 0.0808) (29 -0.0756) (82 -0.0691) (78 0.0677) (66 -0.0641) (53 -0.055) (65 -0.053) (59 -0.0518) (56 0.0473) (54 -0.0451) (44 0.0443) (96 -0.0411) (94 0.0373) (52 0.0353) (62 0.0329) (72 -0.0304) (38 -0.0295) (79 -0.0291) (60 0.0274) (84 -0.025) (93 -0.0238) (30 -0.0233) (81 0.0225) (87 0.0213) (39 0.0208) (37 0.0203) (129 0.0197) (31 -0.0188) (88 0.0187) (45 0.0178) (75 0.0166) (14 -0.0151) (115 -0.015) (127 0.0147) (40 0.0143) (41 -0.0142) (80 -0.0142) (47 0.0136) (86 0.0126) (21 0.0125) (101 -0.0121) (89 -0.0119) (91 -0.0118) (83 -0.0115) (99 0.0114) (15 0.0113) (95 0.0112) (63 0.0111) (130 -0.0107) (61 0.0107) (13 0.0106) (116 -0.0103) (35 -0.0101) 
   0.0024398   (51 0.474) (132 -0.361) (29 -0.341) (49 0.332) (70 0.322) (48 -0.283) (68 0.242) (30 -0.198) (67 -0.155) (50 0.143) (31 -0.113) (71 -0.109) (69 -0.102) (57 -0.0862) (54 -0.0788) (64 -0.0765) (56 0.0586) (82 0.0568) (55 0.0496) (28 0.0493) (47 0.0465) (74 0.0453) (66 0.0437) (52 0.0403) (65 0.0383) (45 0.0372) (72 0.0305) (94 -0.0282) (77 -0.0278) (13 0.0272) (25 -0.0272) (38 0.026) (23 -0.0253) (75 -0.0248) (17 -0.0244) (60 0.0243) (62 -0.0214) (78 -0.0213) (59 -0.0213) (44 0.0205) (96 0.0202) (73 0.0198) (15 0.0191) (26 0.0188) (61 -0.0188) (87 -0.0188) (129 0.0187) (16 -0.0185) (79 0.0172) (33 -0.0162) (18 0.0161) (81 -0.0157) (24 0.0145) (39 0.0135) (110 0.0134) (14 -0.0133) (91 -0.0129) (32 0.0128) (88 -0.0124) (100 0.012) (37 -0.0119) (46 0.0116) (27 0.0112) (99 -0.0108) (130 -0.0106) (95 -0.0105) (53 0.0102) 
   0.0025543   (132 -0.918) (51 -0.235) (49 -0.177) (29 0.155) (48 0.142) (30 0.0864) (50 -0.0808) (31 0.0504) (54 0.0383) (56 -0.0309) (70 -0.0295) (129 0.0251) (130 -0.025) (52 -0.0217) (28 -0.0207) (47 -0.0202) (55 -0.0201) (45 -0.0174) (59 0.0171) (68 -0.0159) (44 -0.0156) (60 -0.0141) (71 0.0133) (13 -0.0129) (67 0.0126) (25 0.0121) (23 0.0118) (127 0.0112) (82 -0.0107) 
   0.0025878   (18 0.686) (17 -0.376) (21 -0.366) (53 0.282) (19 -0.214) (13 0.168) (20 -0.155) (22 -0.122) (28 -0.0889) (23 0.0859) (15 0.0834) (52 -0.081) (24 -0.0637) (48 -0.0513) (39 -0.0478) (44 -0.0447) (16 -0.0421) (32 -0.0397) (30 -0.0382) (29 0.0354) (45 0.0349) (38 -0.0331) (49 -0.0316) (82 0.0286) (12 -0.0276) (42 -0.0274) (70 -0.0273) (57 0.0272) (27 0.0269) (41 0.0238) (14 0.0235) (35 0.023) (54 0.0228) (56 -0.0226) (94 -0.0206) (68 -0.0204) (96 0.0201) (125 0.019) (55 -0.0186) (31 0.0175) (51 0.0143) (122 -0.0132) (25 -0.013) (47 -0.0125) (73 -0.0125) (87 -0.0114) (37 0.011) 
   0.0027637   (57 -0.84) (53 -0.433) (52 0.132) (18 0.129) (68 -0.0887) (70 -0.0825) (48 0.0754) (59 -0.0707) (56 -0.0696) (17 -0.0673) (21 -0.0548) (45 -0.0534) (96 0.0499) (69 0.0496) (44 0.0485) (47 0.0459) (13 0.0411) (65 0.0393) (19 -0.0379) (82 0.0375) (51 -0.0334) (49 0.033) (54 -0.0327) (67 0.0324) (42 0.0303) (20 -0.0296) (133 0.0281) (41 -0.0259) (61 0.0223) (76 -0.0222) (22 -0.0217) (87 -0.0197) (50 0.0195) (55 0.0191) (122 0.019) (39 0.0189) (60 0.0176) (23 0.0173) (15 0.0173) (30 0.0164) (125 0.0163) (95 -0.015) (72 0.0149) (89 -0.0137) (80 -0.0133) (94 -0.0129) (106 0.012) (120 -0.0113) (40 0.0109) (88 -0.0107) (107 0.0107) (58 0.0105) (35 -0.0103) (66 -0.0101) 
   0.0032001   (133 0.612) (53 -0.57) (57 0.369) (52 0.182) (18 0.15) (56 0.14) (38 -0.101) (48 0.0868) (70 0.08) (54 -0.0778) (17 -0.0764) (68 0.074) (21 -0.0652) (44 0.0635) (82 -0.0571) (45 -0.0553) (37 0.0517) (59 0.0506) (55 0.0481) (19 -0.0458) (49 0.0437) (13 0.0432) (22 -0.0381) (20 -0.0367) (51 -0.0365) (69 -0.0362) (96 -0.0348) (28 -0.0328) (42 0.0315) (94 0.0313) (40 0.031) (64 -0.0306) (125 -0.0264) (15 0.0262) (43 0.0234) (60 -0.0228) (23 0.0205) (67 -0.0203) (87 0.0199) (30 0.0193) (73 0.0183) (47 0.0179) (80 0.0177) (93 -0.0163) (35 -0.0148) (72 -0.0146) (14 -0.0138) (46 -0.013) (130 0.0129) (88 0.0127) (36 -0.0124) (99 0.0115) (95 0.0112) (76 0.0108) (24 -0.0104) (121 0.01) 
   0.0033446   (133 0.79) (53 0.456) (57 -0.255) (52 -0.145) (18 -0.121) (56 -0.105) (38 0.0784) (48 -0.0699) (17 0.0616) (54 0.0612) (70 -0.0592) (68 -0.0543) (21 0.0524) (44 -0.051) (45 0.0449) (82 0.044) (37 -0.0401) (55 -0.0378) (125 0.0372) (19 0.0368) (59 -0.0365) (49 -0.0351) (13 -0.035) (96 0.0304) (22 0.0302) (20 0.0295) (51 0.0294) (69 0.0264) (94 -0.0257) (28 0.0256) (42 -0.0256) (40 -0.0243) (64 0.0235) (15 -0.0209) (43 -0.0183) (60 0.0169) (23 -0.0165) (87 -0.0159) (30 -0.0156) (47 -0.0156) (67 0.0146) (73 -0.0142) (130 0.0139) (80 -0.0135) (93 0.0133) (35 0.0119) (72 0.0108) (14 0.0107) (126 0.0104) (88 -0.0102) (46 0.0101) 
    0.004025   (41 -0.617) (67 -0.403) (39 0.36) (44 -0.284) (68 -0.268) (82 0.225) (42 -0.221) (69 0.18) (66 0.0816) (56 0.0777) (43 -0.0488) (35 -0.046) (52 0.0428) (65 0.041) (57 0.0383) (47 -0.0382) (70 0.0375) (49 -0.0374) (94 0.0368) (54 -0.0347) (40 0.0342) (85 -0.034) (96 -0.0339) (81 0.0319) (73 0.0286) (37 0.0284) (87 0.0264) (88 0.0232) (64 -0.0224) (29 -0.0217) (36 -0.0214) (51 -0.0214) (45 0.0213) (38 -0.0207) (30 0.0187) (13 0.017) (71 -0.016) (131 -0.0153) (93 -0.0152) (50 0.0151) (32 0.0141) (80 -0.0135) (46 0.0134) (15 0.0133) (18 0.0119) (14 -0.0111) (48 0.0109) (75 -0.0102) (99 0.0101) 
   0.0041519   (82 0.742) (67 0.454) (68 0.266) (131 -0.2) (69 -0.167) (41 -0.112) (94 0.106) (81 0.0972) (66 -0.0932) (96 -0.0853) (39 0.0774) (85 -0.0761) (70 -0.072) (88 0.0714) (87 0.0692) (80 -0.0613) (93 -0.0559) (65 -0.0515) (73 -0.0414) (56 -0.039) (99 0.0352) (64 0.0341) (57 0.0333) (110 -0.0303) (89 -0.0301) (112 -0.0283) (53 -0.0278) (38 -0.0258) (79 0.0257) (42 -0.0218) (35 -0.0208) (90 0.0189) (102 -0.0189) (37 0.0185) (44 -0.0184) (40 0.0169) (54 0.0168) (30 0.0163) (83 0.0157) (48 0.0145) (111 0.014) (103 0.0133) (97 0.0133) (115 0.013) (107 0.0127) (124 -0.0127) (100 -0.0126) (14 -0.0113) (21 0.0105) (86 0.0103) (13 0.0102) 
   0.0041804   (82 -0.528) (131 -0.42) (67 0.374) (41 -0.374) (68 0.269) (39 0.238) (69 -0.197) (44 -0.162) (42 -0.131) (94 -0.0858) (96 0.0832) (66 -0.0732) (81 -0.0721) (87 -0.0652) (88 -0.0639) (85 0.0633) (57 -0.0404) (80 0.0372) (93 0.0354) (70 -0.0336) (43 -0.0329) (73 -0.0304) (35 -0.0286) (71 0.0237) (95 -0.022) (45 0.0209) (75 0.0201) (13 0.0197) (99 -0.0195) (18 0.0192) (53 0.0185) (65 -0.0183) (106 -0.0182) (40 0.0182) (29 -0.0181) (36 -0.0169) (38 0.0162) (107 -0.0138) (102 0.0132) (15 0.012) (111 -0.0115) (74 0.0114) (17 -0.0113) (72 -0.011) (77 0.0107) (90 -0.0107) (47 -0.0102) (56 -0.0102) (98 -0.0101) (104 -0.01) 
    0.004198   (131 -0.885) (67 -0.274) (41 0.214) (68 -0.183) (39 -0.137) (69 0.128) (44 0.0857) (82 0.0771) (42 0.071) (66 0.0546) (70 0.0318) (73 0.0233) (96 -0.0224) (65 0.02) (94 0.0195) (35 0.0194) (43 0.0185) (87 0.0155) (130 0.0152) (88 0.0146) (40 -0.0133) (85 -0.013) (56 0.0128) (71 -0.0123) (13 -0.0121) (81 0.0114) (29 0.0113) (57 0.0104) 
   0.0044196   (102 -0.517) (107 -0.427) (100 -0.292) (103 -0.239) (111 -0.235) (106 0.213) (113 0.203) (101 -0.191) (108 -0.186) (117 -0.167) (99 0.16) (110 0.144) (104 0.141) (114 -0.135) (98 0.124) (112 0.106) (91 -0.0909) (119 0.0839) (122 -0.0829) (118 0.0778) (89 0.0761) (157 -0.0661) (109 -0.0544) (116 -0.0424) (94 -0.0422) (146 0.0411) (93 -0.0396) (65 0.0375) (43 -0.0328) (121 0.0308) (123 0.0276) (64 -0.0274) (95 -0.0219) (85 -0.0214) (97 -0.0207) (115 0.0196) (96 -0.0178) (124 -0.0132) (88 -0.0119) (126 0.0116) (142 0.0116) (67 0.011) 
   0.0045368   (142 0.925) (146 -0.359) (157 0.112) (140 0.0394) (117 -0.0124) (122 -0.0108) (113 0.0105) 
   0.0047207   (43 -0.942) (42 0.218) (45 0.108) (44 0.0971) (41 -0.0895) (65 0.0864) (39 -0.0841) (64 -0.0638) (38 0.0635) (46 -0.0491) (40 0.04) (50 -0.0376) (37 -0.0326) (102 0.0315) (36 0.0303) (47 0.0242) (54 -0.0237) (107 0.0231) (89 0.0179) (67 0.0159) (57 0.0141) (59 0.0137) (51 -0.0133) (53 -0.0127) (25 -0.0122) (73 0.0121) (60 -0.0116) (111 0.0116) (69 0.0113) (91 -0.011) (146 -0.0102) (68 -0.0102) (109 0.01) 
   0.0048767   (71 -0.503) (79 -0.33) (81 -0.322) (72 0.308) (75 -0.263) (80 -0.258) (93 -0.218) (77 -0.212) (40 0.179) (70 -0.139) (74 -0.137) (69 0.13) (83 0.129) (91 0.112) (38 0.11) (86 0.106) (66 -0.0966) (78 -0.0885) (98 0.0861) (110 -0.0729) (105 -0.0719) (84 0.0716) (112 0.0562) (37 -0.0531) (95 -0.0518) (57 0.0457) (85 0.0392) (88 0.0383) (67 0.038) (111 -0.0379) (97 0.0371) (94 -0.0355) (65 0.0333) (73 0.0327) (113 -0.0312) (68 0.0289) (114 -0.0274) (63 -0.026) (107 0.0255) (43 0.0252) (106 -0.0234) (158 -0.0213) (96 0.0209) (48 0.0205) (39 0.0202) (89 0.0163) (59 -0.0157) (108 0.0156) (121 -0.0145) (53 -0.0138) (115 0.0128) (46 -0.0124) (87 0.0113) (44 0.0111) (116 -0.0108) (56 0.0107) (64 -0.0107) 
   0.0049161   (158 -0.996) (157 -0.0871) (40 -0.0208) (38 -0.0137) 
    0.005108   (40 0.77) (38 0.517) (37 -0.251) (71 0.139) (72 -0.0791) (80 0.077) (81 0.0683) (43 0.0621) (39 0.0602) (41 0.0586) (75 0.0575) (79 0.0467) (77 0.0444) (53 -0.0354) (105 0.0353) (18 0.0341) (110 0.0336) (85 -0.0334) (74 0.0309) (35 0.0303) (69 -0.0277) (66 0.0277) (93 0.0271) (70 0.0258) (83 -0.0243) (28 0.0242) (57 0.0239) (21 -0.0228) (68 -0.0224) (31 0.0217) (158 -0.0216) (96 0.0216) (42 -0.0207) (94 -0.0205) (82 0.0199) (98 -0.0191) (78 0.0188) (86 -0.018) (47 -0.0179) (45 -0.0179) (46 -0.0175) (112 -0.0171) (14 0.0168) (19 -0.0162) (104 -0.0161) (95 -0.016) (44 0.0148) (111 0.0147) (99 -0.0146) (22 0.0144) (88 0.0134) (50 -0.0134) (84 -0.0127) (13 0.0126) (30 -0.0123) (33 -0.0112) (73 -0.0106) (51 -0.0103) (106 0.0103) (76 0.0103) 
    0.005156   (20 -0.925) (135 -0.289) (18 -0.157) (19 0.105) (17 0.105) (21 -0.0728) (16 -0.0694) (7 0.0543) (22 0.013) (31 -0.0126) (30 -0.0105) 
   0.0052626   (135 -0.957) (20 0.28) (18 0.0475) (19 -0.0317) (17 -0.0316) (21 0.022) (16 0.021) (7 -0.015) 
    0.005421   (7 -0.998) (20 -0.0543) (18 -0.0102) 
   0.0055828   (5 -1) 
   0.0056742   (26 -0.895) (137 0.272) (27 0.245) (30 -0.127) (25 0.111) (22 -0.0833) (23 -0.0658) (15 0.0645) (21 0.0612) (24 0.0611) (13 0.056) (29 0.0535) (14 -0.0447) (28 0.0438) (39 -0.0289) (65 -0.019) (38 0.0181) (64 0.0152) (44 -0.0147) (32 -0.0131) (37 -0.0127) (16 0.0124) (43 -0.0124) (35 0.0103) (36 0.0101) (31 -0.0101) 
   0.0059918   (137 0.962) (26 0.253) (27 -0.0694) (30 0.0359) (25 -0.0313) (22 0.0236) (23 0.0186) (15 -0.0183) (21 -0.0173) (24 -0.0173) (13 -0.0159) (29 -0.0151) (14 0.0127) (28 -0.0124) 
   0.0064245   (10 -0.733) (16 0.629) (17 -0.157) (15 0.129) (18 -0.107) (21 -0.0741) (19 0.0506) (14 -0.0376) (20 -0.0354) (13 0.0335) (23 0.0286) (25 -0.027) (22 0.0201) (30 -0.016) (26 0.0125) (32 -0.0103) 
    0.006681   (141 -0.998) (10 0.0441) (16 0.0403) 
    0.007465   (10 -0.679) (16 -0.677) (17 0.167) (15 -0.139) (18 0.111) (21 0.0808) (141 -0.0619) (19 -0.0528) (13 -0.0408) (20 0.0383) (14 0.0359) (23 -0.0318) (25 0.0307) (22 -0.0211) (30 0.0175) (32 0.013) (26 -0.0125) (12 0.0102) 
   0.0077006   (14 -0.625) (13 -0.502) (38 -0.369) (40 0.352) (39 -0.178) (37 0.176) (44 -0.0923) (53 0.0576) (18 0.0564) (57 -0.0512) (12 0.0478) (42 -0.0466) (33 0.0324) (28 -0.031) (35 -0.0277) (96 -0.0269) (51 0.0263) (82 -0.0263) (45 0.0256) (11 0.0251) (43 -0.0228) (94 0.0226) (15 0.0224) (17 -0.0222) (41 -0.0209) (87 0.0171) (47 0.0165) (68 0.0153) (30 0.015) (80 0.0143) (19 -0.0142) (69 -0.0141) (56 -0.0137) (63 -0.0127) (32 -0.0119) (88 0.0111) (70 0.0111) (52 -0.011) (54 0.0102) (46 0.0101) (21 -0.0101) 
   0.0080792   (139 -0.998) (14 0.0351) (38 -0.0328) (40 0.0287) (13 0.0283) (37 0.0156) (39 -0.0155) 
    0.008688   (38 0.519) (40 -0.457) (14 -0.449) (13 -0.362) (37 -0.247) (39 0.246) (44 0.121) (18 0.11) (17 -0.0688) (139 -0.0682) (53 -0.0637) (42 0.0601) (21 -0.0537) (57 0.0537) (51 -0.0452) (28 0.0432) (33 -0.0385) (35 0.0372) (45 -0.0282) (19 -0.0275) (43 0.0275) (82 0.0274) (41 0.0272) (96 0.0264) (12 0.026) (22 0.0219) (94 -0.0215) (30 -0.0213) (47 -0.0199) (58 0.0178) (68 -0.0157) (87 -0.0152) (63 0.0149) (79 0.0149) (46 -0.0148) (11 0.0146) (69 0.0133) (16 -0.0129) (20 -0.0129) (49 0.0125) (56 0.0124) (74 -0.0122) (61 -0.012) (66 -0.0115) (64 -0.0114) (65 0.0108) (52 0.0105) (54 -0.0104) 
   0.0099191   (12 0.857) (28 -0.476) (11 0.153) (29 -0.0616) (13 0.0514) (32 0.0393) (38 0.0364) (33 -0.0289) (26 -0.0251) (22 -0.025) (18 -0.0238) (14 0.0193) (136 -0.0188) (37 -0.0176) (64 -0.0171) (15 0.0168) (16 0.0124) (65 -0.012) (27 0.012) (17 0.0117) 
    0.010457   (136 -0.965) (28 -0.215) (12 -0.141) (29 -0.0294) (11 -0.0253) (18 -0.018) (32 0.016) (38 0.013) (33 -0.012) (17 0.011) (13 -0.0108) (22 -0.0101) 

 Largest eigenvalues
      37.742   (165 0.987) 
      12.838   (64 0.448) (65 -0.618) (94 0.369) (96 0.318) 
      10.662   (65 0.388) (94 0.597) (96 0.489) 
      3.0548   (94 -0.563) (96 0.631) 
      1.2252   (142 -0.341) (146 -0.925) 
      1.2017   (157 0.977) 
      1.1839   (163 0.995) 
      1.1432   (164 -0.993) 
      1.0785   (89 -0.475) (90 -0.348) (91 0.574) (100 0.343) 
      1.0502   (100 -0.437) (109 -0.746) 
      1.0328   (100 -0.553) (109 0.569) (118 0.286) 
     0.97465   (100 -0.288) (115 0.384) (118 -0.705) 
     0.95664   (101 0.898) 
     0.92931   (102 -0.448) (105 0.335) (106 -0.574) (107 0.297) 
     0.83871   (101 -0.24) (110 -0.266) (111 0.235) (113 0.242) (114 -0.573) (115 -0.246) (123 0.231) (127 0.227) 
     0.80247   (114 0.3) (115 0.427) (118 0.514) 
     0.70457   (108 0.654) (111 -0.397) (112 -0.441) 
     0.67574   (108 -0.677) (112 -0.436) (113 -0.363) 
     0.64584   (113 0.304) (117 0.55) (124 -0.588) (130 0.342) 
     0.62265   (115 0.326) (117 -0.705) (124 -0.375) 
     0.60859   (107 -0.572) (111 0.469) (113 -0.417) 
      0.5899   (106 0.614) (107 0.483) 
     0.58465   (122 -0.312) (123 0.32) (125 -0.319) (126 0.313) (127 -0.62) 
     0.57493   (125 0.84) (127 -0.362) 
     0.55574   (120 -0.319) (121 0.479) (122 0.571) (125 -0.393) 
     0.55004   (119 0.462) (120 0.707) 
     0.54666   (122 -0.579) (123 -0.397) (126 -0.507) 
     0.54355   (119 0.446) (120 -0.415) (121 -0.35) (123 0.329) (124 -0.335) (130 -0.345) 
     0.42628   (119 -0.678) (123 0.339) (130 -0.358) 
      0.4197   (89 -0.358) (90 0.888) 
     0.41812   (121 0.466) (126 0.541) (130 -0.442) 
     0.34354   (97 0.926) 
     0.31543   (97 -0.311) (104 -0.492) (105 -0.606) 
     0.31086   (102 -0.359) (103 0.811) 
     0.28341   (98 0.558) (112 -0.301) (121 -0.296) 
     0.27461   (80 0.289) (85 0.668) 
     0.23143   (79 0.288) (80 -0.461) (85 -0.314) (98 -0.596) 
     0.23029   (79 -0.393) (80 0.577) (85 -0.526) 
     0.20439   (98 0.281) (110 -0.392) (111 -0.283) (112 0.428) (113 -0.268) (114 -0.272) 
      0.1661   (87 -0.621) (88 -0.432) (93 0.29) 
     0.14883   (93 0.347) (95 -0.43) (104 -0.362) 
     0.13462   (93 -0.611) (104 -0.309) 
     0.12579   (86 0.527) (88 -0.569) (95 0.325) 
     0.11926   (84 -0.497) (86 -0.33) (87 0.355) (95 0.427) 
     0.11437   (71 -0.476) (81 0.452) (83 -0.398) 
     0.10441   (71 0.36) (75 -0.329) (95 0.293) 
     0.10088   (60 -0.234) (63 -0.292) (66 -0.39) (72 -0.316) (75 0.288) (81 -0.224) 
    0.097536   (59 0.48) (60 0.47) (75 0.278) 
    0.093144   (59 -0.365) (60 -0.458) (66 0.382) (72 0.293) 
    0.091375   (63 -0.365) (75 -0.32) (95 -0.294) 
    0.090285   (61 -0.345) (63 0.482) (72 -0.395) 
     0.08629   (61 0.604) (66 0.378) 
     0.08091   (58 -0.438) (61 -0.495) (63 -0.39) 
    0.076479   (58 0.78) (72 0.304) 
    0.072908   (58 -0.391) (61 0.376) (63 0.408) 
     0.06951   (72 -0.339) (114 0.307) (115 -0.304) 
    0.065914   (72 0.246) (74 0.367) (77 -0.376) (81 0.248) (83 0.284) 
    0.063254   (62 -0.525) (68 0.304) 
    0.061072   (62 0.638) (74 -0.36) (77 0.299) 
    0.058063   (62 -0.43) (68 -0.364) (69 -0.341) (70 0.252) (75 -0.247) (77 0.29) 
    0.057192   (64 -0.273) (74 0.446) (81 -0.256) (83 -0.289) (99 0.311) 
    0.056272   (64 0.429) (65 0.314) (74 -0.283) (75 0.292) (77 -0.345) (81 -0.255) (99 0.305) 
    0.052832   (64 -0.528) (65 -0.421) (74 -0.294) 
    0.052367   (83 0.336) (84 0.349) (86 -0.292) (116 0.354) 
    0.049081   (33 0.915) (51 -0.206) 
    0.047828   (33 -0.354) (48 -0.286) (49 0.351) (50 0.407) (51 -0.581) 
    0.044958   (78 0.427) (99 -0.303) (116 0.433) 
     0.04325   (55 0.656) (78 -0.405) 
    0.037098   (55 -0.638) (78 -0.542) 
    0.035634   (34 -0.792) (42 -0.391) 
     0.03348   (34 0.572) (42 -0.489) 
    0.032477   (37 -0.349) (42 0.436) (59 0.253) (89 0.387) (91 0.281) 
    0.029607   (37 0.743) (38 0.37) 
    0.029447   (37 -0.313) (42 -0.318) (59 -0.463) (60 0.406) (78 0.269) 
    0.028442   (129 -0.915) 
    0.027542   (128 -0.578) (152 -0.809) 
    0.025713   (128 -0.577) (152 0.314) (162 -0.754) 
     0.02343   (128 -0.577) (152 0.496) (162 0.649) 
    0.021801   (11 -0.982) 
    0.019693   (140 0.996) 
