 1 55940.4
 2 651.935
 3 26.1633
 4 177234
 5 511.944
 6 358.496
 7 548775
 8 42.4884
 9 17047.2
 10 2429.21
 11 4.31643
 12 1734.19
 13 281768
 14 3716.37
 15 0.848082
 16 357551
 17 3668.56
 18 8.53657
 19 122912
 20 2193.49
 21 399.24
 22 161929
 23 3288.63
 24 174.903
 25 258.465
 26 317.75
 27 19.5452
 28 2713.18
 29 255.49
 30 302.812
 31 517.333
 32 66.3056
 33 1092.6
 34 217.311
 35 159.377
 36 421.891
 37 1522.89
 38 3000.82
 39 7.48507
 40 973.932
 41 4303.79
 42 2.03086
 43 689.212
 44 1501.81
 45 27.1529
 46 6721.8
 47 1111.55
 48 1406.26
 49 1887.25
 50 200.544
 51 369.013
 52 213.443
 53 2896.85
 54 308.268
 55 227.329
 56 303.777
 57 1018.73
 58 92.5233
 59 160.153
 60 179.937
 61 22.1265
 62 1.75002
 63 496.115
 64 302.911
 65 1.73451
 66 495.458
 67 3596.56
 68 185.42
 69 135731
 70 176813
 71 2193.85
 72 292.029
 73 16919.5
 74 25.4795
 75 16269.4
 76 8252.63
 77 6.76173
 78 1967.02
 79 8418.04
 80 85.2596
 81 2762.87
 82 1585.2
 83 311.725
 84 2.74966
 85 137.841
 86 2.60446
 87 5272.48
 88 1.71944
 89 1.64472
 90 1.9215
 91 9.51311
 92 464.725
 93 1322.66
 94 852.911
 95 1585.74
 96 1917.07
 97 328.555
 98 274.374
 99 127.253
 100 776.967
 101 1443.31
 102 117.315
 103 154.689
 104 132.479
 105 129.214
 106 160.65
 107 164.246
 108 167.338
 109 121.815
 110 94.8665
 111 176.279
 112 204.241
 113 187.73
 114 170.624
 115 173.955
 116 137.632
 117 168.856
 118 188.872
 119 145.589
 120 83.9125
 121 121.29
 122 47.7356
 123 62.7024
 124 36.3981
 125 29.3517
 126 52.0103
 127 26.8959
 128 88.643
 129 67.5666
 130 60.0207
 131 20.3841
 132 20.9343
 133 22.4144
 134 36.2286
 135 8.79452
 136 45.7894
 137 9.93138
 138 9.2498
 139 9.3315
 140 10.9568
 141 11.7017
 142 8.89468
 143 9.51506
 144 15.2122
 145 15.3009
 146 12.7896
 147 10.4145
 148 30.0709
 149 16.3643
 150 12.1546
 151 14.1271
 152 23.679
 153 20.8251
 154 13.5683
 155 20.1652
 156 24.212
 157 46.9986
 158 0.262917
 159 0.0914725
 160 0.426517
 161 25.8852
 162 14.8975
 163 1091.31
 164 2354.4
 165 12.3072
