 1 31.6228
 2 22.3555
 3 1.85504
 4 31.6228
 5 16.1093
 6 11.6326
 7 31.6191
 8 1.01131
 9 31.4335
 10 29.5347
 11 0.986762
 12 27.9133
 13 31.6228
 14 31.5818
 15 0.904401
 16 31.6228
 17 31.5402
 18 0.998903
 19 31.6228
 20 26.8765
 21 5.81528
 22 31.6228
 23 30.0541
 24 2.58738
 25 15.0617
 26 15.0159
 27 1.85955
 28 31.3401
 29 10.1894
 30 11.9323
 31 21.6014
 32 2.65634
 33 27.9534
 34 14.324
 35 7.0525
 36 16.7204
 37 31.4289
 38 31.5605
 39 1.37945
 40 24.2964
 41 31.0469
 42 1.29221
 43 21.6796
 44 28.7437
 45 1.85178
 46 31.5669
 47 14.085
 48 19.2977
 49 30.3815
 50 13.6306
 51 14.4974
 52 8.97163
 53 30.6582
 54 16.3639
 55 9.37051
 56 11.6439
 57 29.3227
 58 8.992
 59 9.29668
 60 9.86297
 61 4.38839
 62 1.31601
 63 21.4607
 64 16.0578
 65 0.971388
 66 21.1628
 67 30.135
 68 2.97921
 69 31.6217
 70 31.6228
 71 28.0685
 72 5.082
 73 31.6133
 74 1.35479
 75 31.5703
 76 31.3496
 77 1.39055
 78 29.7132
 79 31.6038
 80 2.22315
 81 30.7721
 82 31.4116
 83 16.471
 84 1.37987
 85 10.1428
 86 1.39521
 87 31.3925
 88 1.10246
 89 1.04686
 90 1.25374
 91 2.45038
 92 18.1347
 93 27.0188
 94 20.5985
 95 27.9007
 96 30.0382
 97 16.4503
 98 14.6127
 99 9.13387
 100 24.9602
 101 30.1163
 102 9.6131
 103 11.6895
 104 10.7136
 105 10.6747
 106 12.2375
 107 12.2914
 108 12.3638
 109 10.1849
 110 8.25146
 111 12.549
 112 13.9189
 113 13.2642
 114 12.4942
 115 12.4226
 116 10.5934
 117 12.1504
 118 13.0748
 119 11.3356
 120 8.4373
 121 10.6222
 122 6.68424
 123 7.68422
 124 5.49975
 125 5.12679
 126 6.89092
 127 4.52398
 128 8.74703
 129 7.35908
 130 7.12738
 131 4.12876
 132 4.44848
 133 4.57033
 134 5.84444
 135 2.68206
 136 6.66769
 137 2.89918
 138 2.84595
 139 2.85778
 140 3.08668
 141 3.05265
 142 2.6789
 143 2.8086
 144 3.69951
 145 3.76691
 146 3.38897
 147 2.91326
 148 5.18531
 149 3.80313
 150 3.27496
 151 3.53169
 152 4.71126
 153 4.35615
 154 3.51874
 155 4.37376
 156 4.81674
 157 6.77672
 158 0.191063
 159 0.22798
 160 0.271317
 161 3.71342
 162 3.39611
 163 15.8495
 164 27.3953
 165 0.57673
