 1 1000
 2 525.065
 3 21.2296
 4 1000
 5 417.707
 6 292.549
 7 999.823
 8 3.27674
 9 992.045
 10 881.879
 11 2.41412
 12 792.103
 13 1000
 14 997.85
 15 0.825565
 16 1000
 17 997.003
 18 2.95387
 19 1000
 20 843.326
 21 154.143
 22 1000
 23 948.246
 24 51.1744
 25 238.995
 26 254.728
 27 15.7769
 28 985.534
 29 205.09
 30 244.328
 31 486.938
 32 51.4077
 33 843.364
 34 210.771
 35 142.749
 36 376.079
 37 989.115
 38 997.795
 39 3.57047
 40 603.321
 41 968.311
 42 1.74554
 43 496.153
 44 859.9
 45 16.0294
 46 997.905
 47 414.088
 48 587.957
 49 937.203
 50 198.362
 51 296.307
 52 172.087
 53 951.708
 54 274.865
 55 167.263
 56 219.48
 57 894.647
 58 91.3522
 59 149.873
 60 167.73
 61 21.9
 62 1.74868
 63 473.175
 64 301.216
 65 1.72718
 66 489.301
 67 950.694
 68 51.4009
 69 999.963
 70 1000
 71 881.274
 72 118.561
 73 999.567
 74 3.03179
 75 998.098
 76 983.695
 77 3.76578
 78 887.465
 79 999.168
 80 27.7318
 81 970.62
 82 990.073
 83 288.533
 84 2.64936
 85 107.568
 86 2.35712
 87 990.031
 88 1.71925
 89 1.64471
 90 1.92129
 91 8.75559
 92 399.547
 93 819.636
 94 537.732
 95 839.1
 96 932.633
 97 313.742
 98 263.882
 99 126.088
 100 667.879
 101 928.331
 102 113.311
 103 152.112
 104 131.337
 105 128.476
 106 160.071
 107 163.519
 108 166.455
 109 120.945
 110 93.1131
 111 175.225
 112 203.375
 113 187.112
 114 170.251
 115 173.528
 116 136.92
 117 168.35
 118 188.612
 119 145.178
 120 83.0244
 121 120.74
 122 47.3515
 123 61.54
 124 36.0778
 125 28.7748
 126 51.6612
 127 25.6793
 128 86.2246
 129 66.4242
 130 59.0924
 131 20.0932
 132 20.7088
 133 22.1021
 134 35.2698
 135 8.57454
 136 45.4402
 137 9.64553
 138 9.00898
 139 9.09979
 140 10.4796
 141 10.9916
 142 8.51465
 143 9.12843
 144 14.8051
 145 15.0501
 146 12.5004
 147 9.93679
 148 28.9267
 149 15.7922
 150 11.895
 151 13.8436
 152 23.236
 153 20.0106
 154 13.2179
 155 19.8706
 156 24.028
 157 46.7804
 158 0.219983
 159 0.0882033
 160 0.376419
 161 21.3244
 162 14.1248
 163 323.682
 164 810.693
 165 7.76456
