 Smallest eigenvalues
  1.7743e-06   (9 1) 
  2.7968e-06   (48 -0.495) (47 0.483) (49 0.474) (42 -0.258) (52 -0.2) (154 -0.192) (53 0.176) (51 -0.137) (46 0.136) (44 0.117) (77 -0.103) (13 -0.101) (54 0.0846) (14 0.0768) (33 -0.0714) (55 -0.0713) (78 0.0684) (24 0.0457) (56 0.0444) (38 0.0435) (61 0.0423) (45 -0.0378) (50 -0.0364) (60 0.0331) (59 0.0329) (40 0.031) (25 -0.0292) (17 -0.0266) (35 -0.0263) (71 -0.0252) (73 -0.0247) (36 0.0233) (29 0.0202) (68 0.0186) (37 -0.017) (26 0.0137) (84 0.0129) (57 0.0128) (21 -0.0127) (28 0.0121) (27 0.0119) (72 0.0112) (81 -0.0102) 
   3.549e-06   (154 -0.981) (48 0.0971) (47 -0.0948) (49 -0.0929) (42 0.0508) (52 0.0392) (53 -0.0345) (51 0.0269) (46 -0.0268) (44 -0.023) (13 0.0199) (77 0.0198) (54 -0.0165) (14 -0.0151) (33 0.0141) (55 0.0139) (78 -0.0132) 
  5.6423e-06   (4 -1) 
  5.6557e-06   (148 0.641) (44 -0.53) (42 -0.426) (46 -0.171) (43 -0.16) (45 -0.139) (48 0.118) (13 -0.0844) (33 -0.0758) (77 -0.068) (14 0.064) (24 0.048) (38 0.038) (51 0.0378) (40 0.0373) (36 0.0326) (26 0.0299) (78 0.0292) (25 -0.0272) (37 -0.0272) (35 -0.0262) (17 -0.0232) (53 -0.023) (56 0.0222) (55 -0.0216) (61 0.0165) (52 -0.0161) (50 0.0161) (16 0.016) (71 -0.0152) (60 0.0141) (73 -0.0138) (47 -0.0127) (34 0.0127) (22 0.0101) (54 0.0101) (41 -0.01) 
  6.1756e-06   (148 0.767) (44 0.443) (42 0.356) (46 0.143) (43 0.134) (45 0.116) (48 -0.0987) (13 0.0706) (33 0.0634) (77 0.0567) (14 -0.0535) (24 -0.0401) (38 -0.0318) (51 -0.0316) (40 -0.0312) (36 -0.0273) (26 -0.025) (78 -0.0244) (25 0.0227) (37 0.0227) (35 0.0219) (17 0.0194) (53 0.0192) (56 -0.0186) (55 0.0181) (61 -0.0138) (52 0.0135) (50 -0.0135) (16 -0.0134) (71 0.0127) (60 -0.0118) (73 0.0115) (47 0.0106) (34 -0.0106) 
   7.364e-06   (1 -0.987) (28 0.126) (33 0.0507) (26 0.043) (24 0.0382) (30 -0.0309) (29 -0.0292) (25 -0.0242) (27 0.0229) (13 -0.0163) (32 -0.0154) (14 0.0146) (42 0.0137) (36 -0.0134) (35 0.0108) 
  8.1359e-06   (156 -0.999) (28 0.0366) (33 0.0146) (26 0.0127) (24 0.012) 
  1.7876e-05   (28 -0.745) (33 -0.297) (26 -0.259) (24 -0.244) (30 0.184) (13 0.176) (29 0.175) (1 -0.162) (25 0.147) (27 -0.133) (14 -0.128) (32 0.0887) (42 -0.0752) (35 -0.0709) (36 0.0691) (34 0.0604) (31 0.0593) (16 -0.0511) (37 -0.0501) (156 -0.0491) (77 0.048) (17 0.0466) (21 0.0428) (20 -0.0402) (48 -0.0331) (22 -0.0275) (39 0.027) (78 -0.0207) (38 0.0205) (43 0.0174) (19 -0.0163) (55 0.0157) (15 -0.0154) (79 0.0123) (50 -0.0122) (61 -0.0117) (73 0.0114) (56 -0.0113) (53 0.0111) (40 0.0109) (12 -0.0107) (71 0.0103) 
  3.4788e-05   (19 -0.644) (20 -0.442) (46 -0.351) (42 -0.269) (44 0.265) (43 0.219) (45 0.146) (47 -0.111) (22 -0.0867) (28 0.0718) (16 0.0648) (17 -0.063) (31 0.0522) (77 -0.0448) (48 0.0375) (37 0.0374) (21 -0.0365) (32 0.0322) (78 0.0322) (29 0.0299) (14 0.0297) (13 -0.0287) (33 -0.0283) (39 0.0277) (50 0.0266) (38 0.0263) (74 -0.0251) (53 -0.0219) (72 0.0189) (23 0.0177) (68 0.0176) (52 -0.0169) (63 -0.0161) (67 -0.0151) (35 -0.0139) (79 0.0137) (61 0.0136) (55 -0.0131) (56 0.0129) (40 0.0128) (71 -0.0116) (49 0.0102) 
  0.00010669   (158 0.999) (19 0.0214) (46 -0.0187) (20 0.0153) (44 0.0149) (43 0.0145) (42 -0.0143) 
  0.00010872   (19 -0.476) (46 0.432) (44 -0.343) (20 -0.341) (43 -0.333) (42 0.329) (45 -0.202) (47 0.165) (13 0.0838) (22 -0.0802) (77 0.0797) (48 -0.0788) (33 0.0735) (24 -0.072) (14 -0.0581) (36 -0.0514) (26 -0.0459) (158 0.0439) (28 0.0389) (78 -0.0347) (25 0.0346) (55 0.0336) (38 -0.0323) (40 -0.0316) (49 -0.0302) (56 -0.0289) (32 -0.0283) (61 -0.0282) (37 0.0261) (50 -0.026) (16 0.0228) (31 0.0221) (74 0.0219) (17 -0.0212) (29 0.0212) (34 -0.0207) (41 -0.0196) (68 -0.0177) (72 -0.0175) (71 0.0171) (67 0.0148) (59 -0.0147) (53 0.0147) (39 0.0139) (21 -0.0133) (81 0.013) (57 0.0129) (76 -0.0127) (63 0.0125) (60 -0.0116) (35 0.0113) 
  0.00012674   (3 -1) 
  0.00013683   (22 0.609) (24 -0.448) (13 -0.298) (20 -0.254) (14 0.242) (25 0.233) (17 -0.218) (23 -0.183) (21 -0.165) (19 0.123) (33 0.107) (29 -0.0907) (26 -0.065) (42 0.0563) (38 -0.0425) (31 -0.0376) (36 -0.0327) (32 0.0306) (46 -0.0294) (35 0.026) (30 0.0253) (37 0.0213) (44 -0.0206) (40 -0.0201) (43 0.0196) (12 0.0192) (77 -0.0178) (11 0.0169) (15 0.0139) (51 0.0135) (57 0.0133) (18 -0.011) (16 -0.0107) (27 -0.0101) 
  0.00018729   (159 1) 
  0.00021698   (2 -1) 
  0.00024349   (21 0.831) (22 -0.275) (13 -0.245) (17 -0.232) (24 -0.201) (14 0.199) (25 0.111) (23 0.0762) (33 0.0737) (16 0.053) (19 0.046) (157 0.0456) (26 -0.0422) (29 -0.0369) (42 0.0322) (30 0.0277) (35 0.0203) (20 -0.0201) (38 -0.0185) (36 -0.0184) (15 0.0168) (77 -0.0166) (12 0.0151) (37 0.0147) (46 -0.0146) (11 0.0144) (40 -0.0137) (48 0.0135) (32 0.0111) 
  0.00026907   (157 0.999) (21 -0.038) (22 0.0126) (13 0.0112) (17 0.0106) 
  0.00028735   (8 1) 
  0.00030402   (26 -0.731) (150 -0.392) (27 -0.304) (24 0.261) (25 -0.242) (33 0.151) (13 -0.136) (14 0.105) (31 0.0908) (17 -0.0682) (35 0.06) (30 0.052) (16 0.0509) (22 0.0508) (28 0.0487) (20 0.0463) (37 0.0432) (51 -0.0394) (47 -0.0393) (36 -0.0344) (21 -0.03) (42 0.0282) (34 -0.0239) (52 -0.0191) (53 0.0187) (15 0.0174) (77 -0.0174) (19 -0.0166) (48 0.0142) (78 0.0136) (75 -0.0118) (44 -0.0116) (40 -0.0112) (29 -0.0109) 
  0.00030976   (150 -0.92) (26 0.311) (27 0.129) (24 -0.111) (25 0.103) (33 -0.0642) (13 0.0581) (14 -0.0447) (31 -0.0387) (17 0.0291) (35 -0.0255) (30 -0.0221) (16 -0.0217) (22 -0.0217) (28 -0.0208) (20 -0.0197) (37 -0.0184) (51 0.0167) (47 0.0167) (36 0.0147) (21 0.0128) (42 -0.012) (34 0.0102) 
  0.00032472   (6 1) 
  0.00032906   (22 -0.579) (21 -0.446) (20 0.329) (24 -0.309) (25 0.238) (153 -0.224) (13 -0.205) (17 -0.179) (14 0.171) (23 -0.126) (33 0.0898) (16 0.0849) (19 -0.0814) (31 0.0626) (26 -0.0544) (15 0.0331) (35 0.0299) (30 0.0276) (27 -0.0237) (32 -0.0218) (77 -0.0217) (37 0.0211) (39 0.0191) (48 0.0186) (42 0.0186) (28 0.0177) (36 -0.0171) (73 -0.015) (51 -0.0143) (34 -0.0125) (78 0.0117) (12 0.0117) 
  0.00035609   (153 -0.975) (22 0.133) (21 0.103) (20 -0.0756) (24 0.0709) (25 -0.0546) (13 0.0471) (17 0.0412) (14 -0.0394) (23 0.0289) (33 -0.0206) (16 -0.0195) (19 0.0187) (31 -0.0144) (26 0.0125) 
  0.00036625   (73 -0.665) (57 -0.444) (61 -0.222) (70 0.199) (65 0.192) (59 -0.179) (71 -0.169) (77 0.161) (74 -0.158) (60 -0.155) (51 -0.113) (42 -0.105) (52 0.103) (43 -0.0828) (55 -0.0823) (46 0.0813) (44 0.0764) (78 -0.069) (56 0.0682) (66 -0.0594) (31 0.0547) (38 0.0405) (20 -0.0391) (79 0.0383) (16 -0.0371) (69 -0.0349) (72 0.0346) (54 -0.0329) (50 0.0323) (32 -0.0315) (19 0.0285) (47 -0.0282) (41 0.0252) (48 0.0247) (89 -0.0245) (122 -0.0234) (84 0.0215) (29 0.0209) (40 0.0208) (37 -0.0197) (100 0.0193) (13 -0.0181) (68 -0.018) (28 0.0176) (104 0.017) (114 0.0169) (45 -0.0168) (58 0.0168) (62 -0.0162) (63 0.0156) (115 0.0155) (88 0.0143) (126 0.014) (124 0.0127) (25 0.0124) (76 -0.0124) (99 -0.0119) (14 0.0115) (152 -0.0106) (53 -0.0106) (24 -0.0103) (118 0.0101) 
  0.00041975   (73 0.642) (57 -0.399) (65 0.252) (152 -0.229) (59 -0.228) (61 -0.209) (70 0.174) (42 -0.144) (74 0.12) (60 -0.119) (46 0.117) (51 -0.108) (44 0.103) (43 -0.102) (68 -0.0961) (52 0.0859) (66 -0.0791) (49 -0.0753) (56 0.0745) (69 0.0736) (13 -0.0645) (31 0.0578) (38 0.0554) (71 0.0529) (54 -0.051) (53 -0.0508) (48 -0.0507) (47 -0.0496) (14 0.0472) (39 0.0423) (55 -0.0407) (72 -0.0386) (33 -0.0377) (16 -0.0369) (32 -0.0346) (19 0.0344) (77 -0.0336) (29 0.0332) (41 0.0321) (20 -0.0304) (45 -0.03) (120 0.0284) (79 -0.0282) (37 -0.0261) (28 0.0245) (40 0.0235) (84 0.0211) (122 0.0208) (63 0.0188) (58 0.0181) (62 -0.0181) (115 0.0179) (89 -0.0176) (121 -0.0173) (50 0.0162) (114 0.0158) (127 0.0158) (125 -0.0155) (21 -0.0152) (78 0.0144) (118 0.014) (136 -0.0126) (126 -0.0126) (130 0.0123) (99 -0.0122) (17 -0.0119) (91 0.0117) (35 -0.0104) (104 0.0103) (100 0.0102) (36 0.0101) 
  0.00045418   (152 -0.973) (73 -0.144) (57 0.0992) (65 -0.0613) (59 0.0557) (61 0.0517) (70 -0.0429) (42 0.0356) (60 0.0297) (46 -0.0289) (51 0.027) (74 -0.0265) (44 -0.0255) (43 0.0252) (68 0.0228) (52 -0.0216) (66 0.0192) (56 -0.0184) (49 0.0178) (69 -0.0169) (13 0.0156) (31 -0.0145) (38 -0.0137) (54 0.0125) (53 0.0121) (47 0.0121) (48 0.0117) (14 -0.0114) (71 -0.0107) (55 0.0106) (39 -0.0101) 
   0.0004738   (25 0.809) (24 0.555) (55 0.0683) (54 0.0677) (52 0.0584) (51 -0.0515) (26 -0.0506) (53 -0.05) (23 -0.0475) (22 0.0452) (13 -0.0436) (56 -0.0391) (57 0.0343) (20 -0.0339) (46 0.0282) (49 -0.0269) (29 0.0238) (14 0.0238) (21 0.0221) (44 0.0216) (48 -0.0206) (39 0.0206) (16 0.0206) (43 -0.02) (27 -0.0159) (77 -0.0154) (42 -0.0152) (17 -0.0139) (47 -0.0135) (31 0.0111) 
   0.0004824   (147 0.738) (55 0.292) (54 0.276) (52 0.268) (51 -0.238) (53 -0.189) (56 -0.179) (57 0.126) (42 -0.123) (25 -0.0972) (46 0.094) (44 0.0883) (43 -0.0829) (49 -0.0829) (48 -0.0696) (24 -0.051) (13 -0.0457) (61 0.0411) (73 -0.0366) (47 -0.0359) (33 -0.0357) (14 0.0355) (38 0.0338) (60 0.0337) (31 0.0322) (77 -0.0282) (45 -0.0247) (59 0.0207) (37 -0.0195) (40 0.0195) (32 -0.0193) (16 -0.0184) (41 0.0183) (19 0.0168) (39 0.0166) (28 0.0162) (71 -0.0143) (26 0.014) (29 0.0132) (78 0.0123) (50 -0.0121) (23 0.0121) (35 -0.0118) (36 0.0114) (65 -0.0107) (20 -0.0101) 
  0.00049192   (147 0.675) (55 -0.32) (54 -0.302) (52 -0.293) (51 0.26) (53 0.207) (56 0.196) (57 -0.137) (42 0.135) (46 -0.103) (25 0.102) (44 -0.0967) (49 0.0908) (43 0.0908) (48 0.0763) (24 0.0529) (13 0.0502) (61 -0.045) (73 0.0401) (47 0.0394) (33 0.0391) (14 -0.0389) (38 -0.037) (60 -0.0369) (31 -0.0353) (77 0.0308) (45 0.027) (59 -0.0227) (37 0.0213) (40 -0.0213) (32 0.0211) (16 0.02) (41 -0.02) (19 -0.0184) (39 -0.0182) (28 -0.0177) (71 0.0156) (26 -0.0151) (29 -0.0146) (78 -0.0134) (50 0.0133) (23 -0.013) (35 0.013) (36 -0.0124) (65 0.0117) (20 0.0113) (69 0.0108) 
  0.00052297   (54 -0.683) (39 -0.358) (53 0.341) (55 0.297) (52 0.283) (57 0.167) (51 -0.156) (42 -0.149) (40 0.12) (43 -0.0721) (44 0.0697) (46 0.0542) (49 -0.0531) (56 0.0492) (77 -0.0435) (38 -0.0422) (48 -0.0416) (33 0.0416) (60 0.034) (61 0.0326) (70 0.0246) (45 -0.023) (71 -0.0218) (36 -0.0208) (78 0.0196) (35 0.0192) (151 -0.017) (37 0.0169) (20 -0.0164) (25 0.0163) (73 -0.015) (69 -0.0103) (41 0.0103) 
  0.00053734   (151 -0.972) (39 0.198) (54 -0.0604) (40 -0.0551) (38 0.0375) (33 -0.0369) (53 0.0275) (52 0.0244) (42 0.0234) (37 -0.0227) (55 0.0212) (13 -0.0189) (31 0.0172) (51 -0.0163) (57 0.0158) (14 0.0149) (48 0.0141) (36 0.0141) (35 -0.0141) (25 -0.011) (77 -0.0108) (49 0.0101) 
  0.00058563   (39 -0.8) (54 0.302) (151 -0.233) (40 0.221) (38 -0.153) (33 0.151) (53 -0.14) (52 -0.123) (55 -0.11) (37 0.0936) (42 -0.0867) (51 0.0797) (13 0.079) (57 -0.0777) (31 -0.0719) (14 -0.0619) (35 0.0572) (36 -0.0571) (48 -0.056) (77 0.0482) (25 0.0445) (24 -0.0404) (49 -0.0384) (73 0.0382) (28 -0.0372) (32 0.0312) (56 -0.0297) (26 -0.0283) (23 -0.0262) (19 -0.0241) (61 -0.0232) (34 -0.0228) (78 -0.022) (60 -0.0212) (71 0.0174) (22 -0.0155) (44 0.0153) (50 -0.0152) (16 0.0139) (69 0.0132) (17 0.013) (65 0.0123) (20 0.0118) (68 -0.0111) (29 -0.011) 
  0.00060756   (70 -0.842) (71 0.39) (57 -0.251) (51 -0.114) (49 0.104) (52 0.0909) (48 0.0892) (61 -0.0625) (68 0.0609) (59 -0.0556) (73 -0.0516) (60 -0.0496) (69 -0.0462) (42 -0.0434) (43 -0.0358) (54 -0.0321) (50 0.0302) (149 0.0302) (31 0.03) (84 0.0297) (74 -0.0283) (44 0.0274) (20 -0.0267) (46 0.0248) (75 -0.0218) (38 0.021) (16 -0.0208) (125 -0.0195) (56 0.0178) (89 -0.0175) (40 0.0165) (32 -0.0164) (88 0.0162) (39 -0.0162) (120 0.0152) (100 0.0151) (19 0.0149) (127 0.0148) (104 0.0134) (97 -0.0127) (37 -0.0127) (41 0.0124) (114 0.0123) (122 -0.0123) (79 -0.0119) (78 0.0113) (65 0.0112) (28 0.0111) (13 -0.0104) 
     0.00062   (149 0.853) (49 -0.35) (48 -0.239) (51 0.157) (42 -0.105) (52 -0.0929) (55 -0.0771) (46 0.0749) (44 0.0725) (47 -0.064) (43 -0.0568) (70 -0.056) (53 0.0555) (73 -0.0505) (50 -0.0497) (39 0.0451) (13 -0.0342) (45 -0.0339) (77 -0.0299) (14 0.0266) (59 0.0258) (33 -0.0253) (38 0.0247) (31 0.0237) (57 0.0205) (65 -0.0203) (68 0.0175) (61 0.0168) (69 -0.0158) (28 0.0144) (37 -0.0144) (78 0.0144) (19 0.0139) (41 0.0131) (54 -0.0128) (32 -0.0123) (29 0.012) (16 -0.0116) (25 -0.0111) (23 0.0111) (56 -0.0107) (79 -0.0101) 
  0.00062431   (49 0.567) (149 0.521) (48 0.386) (51 -0.25) (42 0.175) (52 0.147) (70 0.141) (55 0.127) (46 -0.124) (44 -0.121) (47 0.105) (43 0.0952) (53 -0.0903) (73 0.0859) (50 0.0794) (39 -0.0727) (13 0.0566) (45 0.0558) (77 0.0491) (14 -0.0439) (38 -0.0418) (33 0.0415) (31 -0.0408) (59 -0.039) (71 -0.0334) (65 0.0327) (68 -0.0323) (69 0.0286) (37 0.0244) (28 -0.0244) (78 -0.0243) (61 -0.0238) (19 -0.0238) (54 0.023) (41 -0.0222) (32 0.0212) (16 0.0204) (29 -0.0202) (57 -0.0184) (23 -0.018) (25 0.0176) (79 0.0172) (56 0.0165) (66 -0.0126) (36 -0.0119) (24 -0.0114) (21 0.011) (35 0.0109) (120 -0.0107) (40 -0.0104) (20 0.0101) 
  0.00069524   (38 0.845) (39 -0.251) (20 -0.216) (23 0.189) (40 -0.173) (19 0.159) (42 0.13) (22 -0.1) (16 -0.0963) (37 -0.088) (21 -0.0771) (43 0.0765) (31 0.0738) (41 -0.0653) (44 -0.0633) (46 -0.057) (13 -0.0482) (32 -0.0406) (36 -0.0335) (14 0.0333) (57 0.032) (51 0.0311) (33 0.0287) (52 -0.0257) (35 0.0245) (55 0.0186) (25 0.0175) (47 0.0154) (56 -0.0128) (48 -0.0118) (77 0.0109) (45 0.0107) (29 0.0104) (26 -0.0101) 
  0.00080573   (23 0.553) (20 -0.461) (19 0.342) (38 -0.335) (22 -0.266) (21 -0.223) (31 -0.19) (16 -0.138) (13 -0.125) (32 0.106) (29 -0.103) (28 -0.101) (14 0.0933) (24 0.0801) (37 0.0585) (39 0.052) (40 0.046) (143 0.0424) (17 -0.036) (33 0.0296) (25 -0.0218) (42 0.02) (26 0.0165) (18 -0.0164) (27 -0.0141) (30 0.0131) (48 0.0129) (11 0.0112) (15 -0.0103) (49 0.0102) 
  0.00083878   (143 0.999) (23 -0.0244) (20 0.0206) (19 -0.0153) (141 0.0123) (22 0.0118) (38 0.0101) 
  0.00089131   (49 0.36) (51 0.357) (47 -0.353) (46 0.343) (48 0.278) (16 -0.277) (43 -0.275) (44 0.262) (42 -0.235) (52 -0.231) (57 0.139) (55 0.109) (56 -0.0895) (17 0.0895) (41 0.087) (31 0.076) (13 -0.0721) (50 0.0622) (53 0.0574) (14 0.0543) (38 0.0532) (77 0.0485) (45 -0.0452) (32 -0.0434) (24 -0.0299) (25 0.0249) (40 0.0245) (29 0.0239) (39 0.0237) (37 -0.0213) (61 0.0201) (78 -0.0199) (19 -0.0194) (36 -0.0193) (60 0.0191) (33 0.019) (28 0.0174) (54 0.0164) (26 -0.0148) (59 0.0146) (35 0.0144) (70 0.0128) (84 0.0126) (21 0.0117) (20 -0.0102) 
   0.0011253   (16 -0.796) (17 0.307) (19 -0.241) (13 -0.215) (20 0.179) (14 0.172) (46 -0.115) (42 0.108) (47 0.101) (43 0.0977) (31 -0.0966) (44 -0.0925) (49 -0.0909) (51 -0.0838) (48 -0.0694) (29 -0.0582) (32 0.0558) (52 0.0547) (21 0.0452) (38 -0.0408) (28 -0.0385) (41 -0.035) (23 -0.0281) (57 -0.0274) (55 -0.026) (39 -0.0252) (37 0.0233) (33 0.0226) (56 0.0204) (18 0.0193) (45 0.0186) (50 -0.0183) (11 0.0182) (15 -0.0178) (24 0.0163) (77 -0.0138) (40 -0.0133) (12 0.0119) (22 0.0104) (53 -0.0101) 
   0.0012608   (146 -1) (136 -0.0106) 
    0.001439   (55 -0.686) (56 -0.392) (31 0.269) (57 0.244) (52 0.21) (51 -0.19) (32 -0.187) (33 -0.139) (35 -0.126) (54 -0.115) (36 0.114) (29 0.078) (28 0.078) (39 -0.0746) (34 -0.0731) (48 0.0688) (37 0.0674) (20 -0.0647) (16 -0.063) (19 0.0577) (50 0.0568) (38 -0.0535) (77 0.044) (46 0.0435) (49 0.0394) (43 -0.0382) (13 -0.0318) (44 0.0313) (53 -0.0265) (60 0.0263) (61 0.0251) (47 -0.0237) (14 0.0231) (78 -0.0223) (72 0.0212) (73 0.0199) (24 -0.0184) (68 -0.0151) (71 0.0151) (139 0.0149) (70 0.0142) (69 0.0135) (79 0.0127) (65 0.0122) (59 0.0117) (26 -0.0111) (23 0.011) (27 0.0109) (25 0.0108) 
   0.0015033   (31 0.47) (32 -0.341) (55 0.323) (33 -0.319) (35 -0.285) (36 0.264) (37 0.173) (38 -0.171) (56 0.169) (42 0.168) (34 -0.153) (39 -0.145) (28 0.134) (29 0.13) (51 0.128) (52 -0.128) (139 0.122) (43 0.0933) (57 -0.086) (13 -0.0756) (44 -0.0755) (46 -0.0752) (19 0.0735) (20 -0.064) (16 -0.0616) (54 0.0561) (41 -0.055) (14 0.0549) (40 -0.0311) (23 0.0256) (50 -0.0249) (77 -0.0228) (47 0.0211) (53 0.0197) (27 0.0189) (48 -0.0186) (30 -0.0186) (73 -0.0175) (45 0.0154) (78 0.0112) (17 -0.0111) (21 -0.0106) 
   0.0015396   (139 0.992) (31 -0.0622) (32 0.045) (33 0.0414) (35 0.037) (36 -0.0342) (55 -0.0293) (136 -0.0233) (37 -0.0223) (38 0.0218) (42 -0.0204) (34 0.0199) (39 0.0189) (28 -0.0178) (29 -0.0173) (56 -0.015) (51 -0.0127) (52 0.0124) (43 -0.0107) (19 -0.01) 
   0.0015798   (14 -0.704) (13 -0.601) (36 -0.22) (35 0.202) (33 -0.196) (29 0.0683) (15 -0.0419) (134 -0.0362) (37 0.0309) (38 -0.0297) (34 0.0284) (42 0.0276) (32 -0.0235) (28 0.0229) (31 0.0205) (30 -0.0198) (72 -0.014) (39 -0.0136) (45 0.0117) (17 -0.0114) (12 0.0112) 
   0.0018236   (134 -0.766) (36 -0.343) (33 -0.313) (35 0.312) (14 0.246) (13 0.116) (29 0.0954) (34 0.0468) (38 -0.0441) (37 0.0425) (42 0.0412) (32 -0.0395) (31 0.0392) (28 0.0392) (39 -0.0293) (30 -0.0274) (24 0.0235) (19 0.017) (40 -0.016) (15 0.0154) (17 -0.0152) (25 -0.0147) (45 0.0142) (26 0.0128) (53 0.0125) (44 -0.012) (18 -0.0102) 
   0.0018609   (134 -0.642) (36 0.421) (33 0.385) (35 -0.384) (14 -0.254) (29 -0.118) (13 -0.105) (34 -0.0575) (38 0.0543) (37 -0.0524) (42 -0.0507) (32 0.0485) (28 -0.048) (31 -0.048) (39 0.0358) (30 0.0339) (24 -0.0277) (19 -0.0203) (40 0.0196) (17 0.0188) (25 0.018) (45 -0.0175) (15 -0.016) (26 -0.0154) (53 -0.0151) (44 0.0148) (18 0.0124) (51 -0.0122) (48 -0.0121) (46 0.0116) (77 0.0113) (54 -0.0104) 
   0.0019959   (29 0.803) (31 -0.286) (30 -0.285) (53 0.217) (28 0.172) (52 0.125) (36 0.124) (54 0.12) (32 0.114) (24 -0.0763) (26 -0.0685) (27 -0.0677) (33 0.0671) (50 -0.0666) (51 0.0661) (35 -0.0629) (69 -0.0552) (71 -0.0543) (19 0.0498) (68 0.0452) (16 -0.0419) (48 0.0413) (46 -0.0412) (20 -0.0294) (25 0.0291) (40 -0.0258) (73 0.0221) (74 0.022) (72 0.0219) (61 -0.0214) (37 -0.0198) (42 0.0185) (34 0.018) (45 0.0173) (70 -0.0171) (56 -0.0152) (131 -0.015) (15 0.0144) (78 -0.0133) (57 -0.0133) (44 -0.0126) (65 -0.0124) (55 -0.012) (60 -0.0114) (38 -0.0109) (81 0.0104) (62 -0.0102) (77 0.01) 
   0.0020178   (71 -0.5) (69 -0.485) (68 0.447) (131 -0.22) (74 0.199) (53 -0.189) (78 -0.176) (70 -0.153) (72 0.147) (73 0.142) (54 -0.107) (51 -0.093) (65 -0.0928) (77 0.0876) (46 0.0852) (59 0.0803) (67 -0.0782) (52 -0.077) (57 -0.074) (63 -0.0608) (56 0.052) (83 -0.0451) (130 0.0444) (80 -0.0399) (42 -0.0398) (43 0.0395) (87 0.0354) (81 0.0328) (75 0.0324) (132 -0.0323) (55 -0.0256) (31 0.0243) (115 -0.0221) (41 0.0192) (60 -0.0187) (58 -0.0174) (62 -0.017) (48 0.0168) (50 0.0164) (29 -0.0163) (76 0.0163) (40 0.0144) (96 -0.0143) (91 0.014) (79 0.0136) (118 -0.0136) (33 -0.0115) (16 -0.0115) (100 0.0115) (47 -0.0111) (38 0.0107) (45 -0.0105) (89 -0.0101) 
   0.0022997   (131 -0.535) (53 -0.518) (54 -0.296) (52 -0.263) (29 0.219) (69 0.19) (50 0.18) (71 0.172) (51 -0.134) (68 -0.132) (132 -0.125) (130 0.105) (46 0.0861) (73 -0.0819) (61 0.0757) (30 -0.0738) (72 -0.0723) (74 -0.0723) (31 -0.0687) (43 0.0677) (48 -0.0674) (56 0.0563) (59 0.0562) (70 0.0498) (28 0.0478) (60 0.0427) (78 0.0418) (57 0.0411) (45 -0.0388) (55 0.0331) (32 0.0327) (36 0.0302) (65 0.0292) (81 -0.0269) (77 -0.0267) (62 0.0267) (24 -0.0263) (42 -0.0261) (84 -0.0248) (19 0.0239) (27 -0.0221) (66 0.022) (67 0.0203) (26 -0.0198) (16 -0.0192) (49 -0.0177) (63 0.0174) (75 -0.0156) (120 -0.0138) (14 0.0132) (91 0.0128) (47 -0.0121) (80 0.012) (114 -0.0117) (90 -0.0113) (20 -0.0112) (41 -0.0104) 
   0.0023785   (131 -0.76) (53 0.412) (54 0.235) (52 0.204) (132 -0.203) (29 -0.164) (130 0.134) (50 -0.129) (51 0.119) (46 -0.084) (59 -0.0619) (43 -0.0586) (30 0.0564) (56 -0.0539) (61 -0.0512) (31 0.0465) (48 0.0415) (28 -0.0368) (68 -0.035) (45 0.0298) (42 0.0295) (60 -0.0243) (32 -0.0228) (71 0.0222) (36 -0.0213) (24 0.0209) (78 0.02) (19 -0.0191) (16 0.0177) (73 0.017) (27 0.0169) (55 -0.0155) (26 0.0148) (84 0.0146) (66 -0.0146) (62 -0.0136) (83 0.0123) (91 -0.0122) (47 0.0116) (20 0.0111) (49 0.0106) (14 -0.0106) 
   0.0025175   (23 -0.744) (20 -0.384) (22 -0.284) (19 0.256) (56 -0.224) (24 0.152) (25 -0.145) (16 -0.095) (31 -0.0887) (57 -0.0778) (55 0.0678) (28 -0.0641) (15 -0.0594) (52 -0.0565) (51 0.0479) (32 0.0446) (29 -0.0425) (42 0.0396) (54 -0.0381) (46 -0.038) (43 0.0369) (44 -0.0332) (48 -0.0258) (38 -0.0247) (77 -0.024) (37 0.0203) (11 0.0197) (26 0.0192) (33 -0.0191) (17 0.0184) (47 0.0168) (59 0.0163) (60 -0.0147) (120 -0.0139) (53 0.0138) (21 0.0136) (71 -0.0136) (125 -0.0136) (30 -0.0132) (36 0.0132) (35 -0.0119) (123 -0.0101) 
   0.0026354   (60 0.622) (61 0.497) (59 -0.42) (56 0.325) (55 -0.117) (77 0.0946) (52 0.0935) (23 -0.0857) (57 -0.0818) (54 0.075) (46 0.0623) (20 -0.0613) (43 -0.0476) (133 0.0474) (44 0.0459) (78 -0.0449) (48 0.0449) (51 -0.0438) (19 0.0341) (22 -0.0331) (79 0.0306) (47 -0.0302) (49 -0.0302) (58 0.0254) (125 -0.0235) (16 -0.0233) (63 -0.0223) (33 -0.0218) (108 -0.0177) (24 0.0164) (25 -0.016) (119 0.0157) (28 -0.0149) (115 0.0145) (38 0.0136) (71 -0.0136) (74 -0.0135) (72 -0.0131) (84 -0.0131) (15 -0.0129) (68 0.0125) (45 -0.0122) (40 0.0113) (64 -0.0111) 
   0.0026702   (133 0.749) (56 0.466) (57 0.266) (60 -0.172) (61 -0.146) (55 -0.116) (23 -0.115) (59 0.115) (50 -0.0878) (52 0.0853) (51 -0.0843) (54 0.0838) (20 -0.0811) (19 0.0525) (43 -0.052) (22 -0.0463) (53 -0.0447) (46 0.0416) (44 0.0412) (41 0.0368) (48 0.0368) (16 -0.0355) (42 -0.0346) (77 0.0342) (71 0.0301) (47 -0.0223) (68 -0.0199) (25 -0.019) (69 0.0163) (31 0.0153) (24 0.015) (84 0.0147) (49 -0.0145) (70 -0.0131) (78 -0.0122) (32 -0.0113) (58 -0.0113) (38 0.0109) (120 0.0108) (130 0.0106) 
   0.0028674   (133 0.66) (56 -0.551) (57 -0.294) (60 0.15) (55 0.14) (23 0.136) (61 0.129) (52 -0.104) (54 -0.1) (59 -0.0993) (51 0.0986) (50 0.0983) (20 0.0963) (43 0.0624) (19 -0.0619) (22 0.0547) (46 -0.0519) (44 -0.0501) (53 0.0497) (48 -0.0451) (77 -0.045) (16 0.0418) (41 -0.0415) (125 -0.0407) (42 0.0394) (71 -0.0332) (47 0.0276) (25 0.0226) (68 0.0217) (123 -0.0195) (49 0.0186) (120 -0.0185) (24 -0.0182) (69 -0.0178) (31 -0.0175) (78 0.0167) (84 -0.0163) (70 0.0145) (38 -0.0134) (124 -0.0131) (32 0.013) (127 0.0127) (15 0.012) (74 0.0113) (58 0.0109) (45 -0.0101) 
   0.0035117   (40 0.876) (65 0.281) (39 0.191) (38 0.169) (84 -0.136) (42 0.135) (41 -0.0834) (59 0.0805) (57 0.0621) (31 0.0605) (61 0.0588) (43 0.0572) (66 -0.0519) (32 -0.0431) (29 0.0391) (46 -0.0376) (44 -0.034) (51 0.0339) (86 0.0332) (50 0.0328) (68 0.0266) (20 -0.0245) (69 -0.024) (15 0.0238) (36 -0.0234) (16 -0.0232) (70 -0.0231) (28 0.0216) (19 0.021) (129 0.0209) (53 0.0201) (87 -0.019) (54 0.019) (96 -0.0188) (35 0.0184) (30 -0.0177) (52 -0.0175) (47 0.0171) (24 -0.016) (60 0.0155) (34 -0.0152) (77 -0.015) (73 -0.0148) (25 0.0144) (48 0.0134) (91 0.0134) (62 0.013) (33 0.0111) (26 -0.011) (90 0.0106) (85 0.0105) 
   0.0038668   (84 -0.865) (129 0.301) (65 -0.284) (86 0.142) (87 -0.0819) (61 -0.0721) (59 -0.0687) (77 -0.0681) (57 -0.068) (85 0.0616) (66 0.0539) (91 0.0478) (90 0.046) (83 0.0432) (120 0.0394) (60 -0.0337) (117 -0.032) (40 -0.0313) (52 0.0305) (96 -0.0299) (92 -0.0297) (43 -0.0294) (42 -0.0279) (51 -0.0256) (55 -0.0252) (78 0.025) (46 0.0232) (44 0.022) (103 -0.0211) (89 -0.0195) (116 0.0192) (124 0.0186) (111 -0.0185) (88 0.0184) (100 0.0184) (56 0.0178) (113 -0.0173) (41 0.0165) (97 -0.0162) (68 -0.0161) (94 -0.0159) (126 0.0155) (107 -0.0154) (104 0.0154) (72 -0.015) (115 -0.0148) (119 -0.0145) (108 -0.0135) (93 -0.0135) (39 -0.0132) (127 0.013) (48 0.0129) (62 -0.0127) (47 -0.0126) (118 0.0124) (70 0.0123) (105 -0.012) (114 0.0118) (31 0.0102) 
   0.0039955   (129 0.659) (65 -0.524) (84 0.395) (40 0.224) (59 -0.116) (66 0.1) (61 -0.0969) (50 0.0928) (86 -0.0703) (57 -0.0698) (69 0.0581) (68 -0.0572) (70 0.056) (39 0.05) (38 0.0495) (77 0.0493) (87 0.042) (90 -0.0326) (85 -0.0322) (41 -0.0308) (60 -0.0303) (78 -0.0277) (91 -0.0274) (96 0.0267) (73 0.0264) (45 -0.0221) (62 -0.0211) (52 0.0194) (71 0.0189) (31 0.0188) (115 0.0177) (51 -0.0146) (29 0.0146) (127 0.0145) (48 -0.0143) (76 -0.0141) (32 -0.014) (103 0.0139) (72 0.0135) (92 0.0133) (94 0.0127) (42 0.0124) (108 0.0122) (20 -0.0117) (79 0.0116) (43 0.0112) (19 0.0111) (74 -0.011) (83 -0.0106) (82 -0.0105) (63 -0.0102) (110 -0.0102) 
   0.0040983   (129 0.688) (65 0.618) (40 -0.228) (59 0.139) (61 0.123) (66 -0.118) (57 0.0954) (50 -0.0845) (68 0.0608) (69 -0.0589) (70 -0.0581) (38 -0.0552) (39 -0.0479) (60 0.0436) (52 -0.0318) (62 0.0254) (31 -0.0247) (73 -0.0247) (51 0.0246) (41 0.0244) (45 0.0213) (55 0.0193) (32 0.0176) (56 -0.0167) (29 -0.0167) (46 -0.0166) (20 0.0165) (115 -0.0164) (77 -0.0157) (78 0.0148) (96 -0.0146) (71 -0.0136) (16 0.0134) (19 -0.0129) (63 0.0121) (76 0.0121) (93 0.0121) (13 0.0118) (90 0.0117) (79 -0.0113) (82 0.011) (44 -0.011) 
     0.00412   (105 0.564) (96 0.336) (103 0.305) (123 -0.253) (108 -0.218) (124 0.218) (109 0.204) (101 0.197) (99 -0.186) (106 -0.169) (112 -0.136) (104 -0.132) (119 0.132) (107 -0.131) (102 -0.125) (98 -0.103) (115 -0.0971) (111 0.0849) (117 -0.0848) (121 -0.0807) (118 0.0763) (50 0.0675) (113 0.0657) (100 -0.0619) (125 0.0613) (97 -0.0564) (94 0.0533) (89 0.0457) (110 -0.0444) (122 0.0392) (120 -0.0392) (114 0.0377) (90 -0.0342) (93 -0.033) (91 0.0328) (82 -0.0301) (92 0.0298) (72 -0.0289) (84 -0.0275) (116 0.0192) (85 -0.0186) (53 0.0171) (80 -0.016) (126 -0.0149) (65 0.014) (54 0.0122) (145 0.0116) (79 0.0113) (52 0.011) (83 0.0104) 
    0.004177   (145 -0.999) (123 -0.025) (124 0.0238) (136 -0.016) 
   0.0043132   (50 0.9) (53 0.182) (54 0.14) (72 -0.12) (52 0.119) (45 -0.107) (56 0.106) (48 -0.0916) (40 -0.0759) (65 0.0746) (59 0.0739) (15 -0.0653) (51 0.0643) (123 0.0623) (124 -0.0576) (43 0.0567) (41 -0.0566) (82 -0.053) (57 0.0528) (49 -0.0502) (84 -0.0485) (71 -0.0462) (69 -0.045) (105 -0.0427) (96 0.0419) (119 -0.0415) (60 -0.0365) (110 -0.0345) (115 0.0336) (68 0.0309) (80 -0.0306) (125 -0.029) (107 0.0278) (108 0.0264) (70 -0.0261) (103 -0.025) (117 0.0243) (109 -0.024) (86 -0.0226) (121 0.0221) (23 -0.0217) (101 -0.0216) (39 -0.0202) (90 -0.0196) (38 -0.0193) (92 -0.019) (79 0.0183) (66 -0.0183) (122 -0.0168) (73 0.0167) (30 0.0156) (116 -0.0156) (83 0.0153) (99 0.0147) (46 0.0146) (31 -0.0143) (61 -0.014) (85 -0.0137) (81 -0.0131) (118 -0.0127) (74 0.0125) (111 0.0121) (11 0.012) (29 -0.0108) (87 0.0107) 
   0.0044224   (72 -0.617) (45 -0.5) (80 -0.352) (81 -0.232) (50 -0.175) (93 -0.151) (83 0.128) (44 0.118) (79 0.111) (71 -0.107) (43 0.103) (86 -0.103) (98 -0.0811) (78 0.0796) (46 -0.0761) (87 0.0736) (76 0.0641) (107 0.0626) (112 0.0572) (48 0.0513) (41 -0.0504) (69 -0.0461) (90 0.0425) (75 -0.0392) (97 0.0375) (82 -0.0357) (96 -0.0351) (105 -0.0344) (70 -0.0324) (89 0.0322) (100 0.03) (85 -0.0264) (55 -0.0262) (123 -0.0253) (49 0.023) (119 0.0226) (47 -0.0222) (59 0.0214) (155 0.0211) (111 0.021) (74 0.0196) (104 0.0185) (115 -0.0185) (68 0.0175) (101 -0.0175) (57 -0.0163) (103 0.0154) (110 -0.0148) (124 0.0138) (113 -0.0135) (88 0.0134) (51 -0.0132) (65 -0.0129) (116 0.0128) (117 -0.0116) (125 0.0108) (77 0.0104) (52 0.0104) 
   0.0045809   (155 0.999) (45 0.0334) 
   0.0046666   (45 -0.763) (72 0.488) (43 0.18) (80 0.156) (44 0.151) (79 -0.14) (46 -0.11) (81 0.0952) (41 -0.0859) (86 0.0764) (71 0.0762) (90 0.0647) (107 -0.0628) (83 -0.0541) (87 -0.0471) (112 -0.0446) (98 0.0428) (85 0.0391) (40 -0.0391) (69 0.0374) (42 0.0325) (48 0.0314) (50 -0.031) (47 -0.0294) (155 0.0292) (59 -0.0286) (70 0.027) (117 0.025) (100 -0.0249) (96 0.0245) (105 0.0243) (49 0.0235) (65 0.023) (115 0.0222) (57 0.0215) (38 -0.0207) (15 -0.0205) (89 -0.0202) (35 0.0196) (116 -0.0182) (76 -0.0178) (123 0.0177) (75 0.0173) (120 -0.0172) (93 -0.0172) (77 0.017) (14 -0.017) (36 -0.0169) (78 -0.0169) (104 -0.0151) (102 0.015) (124 -0.0145) (113 0.0144) (119 -0.014) (111 -0.0115) (91 0.0111) (33 0.011) (101 0.0104) (114 -0.0101) (13 0.01) 
   0.0047657   (18 -0.972) (137 0.222) (15 0.0361) (16 -0.0294) (17 -0.0285) (7 -0.0214) (19 -0.0207) (14 -0.0151) (23 -0.015) (20 0.0141) (13 0.013) (24 0.0125) (31 -0.0106) (36 0.0104) (29 -0.0101) 
   0.0050319   (137 0.975) (18 0.221) 
   0.0052717   (7 1) (18 -0.0208) 
   0.0053332   (5 1) 
   0.0054026   (33 0.426) (28 -0.409) (135 0.342) (29 0.325) (26 0.304) (31 0.253) (24 0.243) (13 -0.192) (30 0.181) (25 -0.178) (14 0.147) (32 -0.137) (36 -0.126) (27 0.111) (35 0.106) (17 -0.0826) (37 0.0718) (22 0.0694) (34 -0.0534) (16 0.0518) (42 0.0461) (19 -0.0389) (38 -0.0379) (77 -0.0324) (21 -0.0298) (40 -0.0284) (20 0.0237) (39 0.0209) (48 0.0168) (78 0.0165) (15 0.016) (12 0.0154) (46 -0.0106) 
    0.005552   (135 0.94) (33 -0.155) (28 0.149) (29 -0.118) (26 -0.11) (31 -0.0918) (24 -0.0882) (13 0.0699) (30 -0.0656) (25 0.0648) (14 -0.0535) (32 0.0496) (36 0.0459) (27 -0.0404) (35 -0.0383) (17 0.03) (37 -0.0261) (22 -0.0252) (34 0.0194) (16 -0.0188) (42 -0.0167) (19 0.0141) (38 0.0138) (77 0.0115) (21 0.0108) (40 0.0103) 
   0.0058127   (10 0.716) (17 0.585) (16 0.28) (13 -0.174) (14 0.138) (24 -0.0808) (20 -0.0568) (25 0.0412) (15 0.0364) (18 -0.0319) (26 -0.026) (22 -0.0254) (21 0.0239) (33 0.0226) (19 0.019) (12 0.014) (42 0.0112) (32 -0.0111) (77 -0.0102) 
   0.0060033   (144 0.999) (10 -0.0272) (17 0.0202) 
   0.0065678   (10 0.698) (17 -0.607) (16 -0.286) (13 0.161) (14 -0.125) (24 0.0863) (20 0.0631) (25 -0.045) (144 0.036) (18 0.0322) (15 -0.0304) (22 0.0267) (26 0.0262) (21 -0.0258) (33 -0.0241) (19 -0.0198) (77 0.0146) (42 -0.014) (32 0.0138) (12 -0.0128) (11 -0.012) 
   0.0067674   (11 -0.805) (12 0.473) (41 0.339) (46 -0.055) (42 0.0464) (45 -0.0447) (15 -0.0342) (50 0.0303) (40 0.0218) (33 -0.0212) (38 0.0195) (13 -0.0171) (35 -0.0165) (30 -0.016) (48 -0.0155) (14 0.0137) (60 0.0133) (43 -0.0128) (47 0.0118) (39 -0.0115) (28 -0.0114) 
   0.0072475   (142 0.999) (41 0.0412) (11 0.0161) 
   0.0073295   (41 -0.883) (11 -0.305) (12 0.179) (46 0.15) (42 -0.142) (45 0.103) (33 0.0731) (40 -0.0643) (43 0.0614) (50 -0.0586) (35 0.0557) (38 -0.0526) (142 0.0474) (13 0.0401) (39 0.0372) (48 0.0349) (47 -0.0301) (60 -0.0298) (28 0.0295) (19 0.0284) (30 0.0272) (15 -0.0271) (14 -0.0263) (24 -0.0261) (74 0.023) (31 0.0225) (52 0.0215) (17 0.0209) (25 0.0204) (36 -0.0197) (16 -0.0183) (26 -0.0182) (66 -0.0168) (23 -0.0167) (81 -0.0147) (22 -0.0142) (56 0.0135) (80 0.0135) (62 0.0129) (67 0.0125) (79 0.0115) (32 -0.011) (75 0.011) (87 0.0107) (37 0.0105) (53 0.0104) 
   0.0078453   (12 -0.811) (11 -0.473) (30 -0.299) (28 -0.101) (31 0.0737) (13 -0.0662) (29 -0.0627) (14 0.0391) (33 0.0244) (35 0.0238) (37 -0.0204) (15 -0.0185) (67 0.0172) (41 -0.0163) (34 0.0154) (27 -0.0136) (138 0.0125) (19 -0.0112) (43 -0.0112) 
    0.008766   (138 0.987) (30 -0.132) (12 0.0562) (28 -0.0433) (11 0.0337) (31 0.0299) (29 -0.0272) (33 0.01) 

 Largest eigenvalues
      37.775   (162 0.261) (164 0.953) 
      27.529   (13 0.281) (14 -0.215) (24 -0.214) (31 0.269) (33 0.366) (42 -0.216) (77 0.306) 
      21.227   (77 0.723) (78 -0.329) 
      15.343   (115 0.608) (116 -0.292) (117 0.358) (120 -0.511) 
      4.4338   (96 0.293) (119 -0.357) (123 0.51) (124 -0.463) 
      1.4058   (162 0.965) (164 -0.258) 
      1.2233   (163 -0.997) 
      1.1453   (165 -0.996) 
      1.1438   (88 0.322) (89 -0.615) (91 -0.618) 
      1.1377   (100 0.373) (101 0.713) (106 0.481) 
      1.1332   (100 0.288) (101 0.321) (106 -0.765) 
     0.93309   (106 -0.234) (110 0.261) (111 0.225) (114 0.728) (115 -0.259) 
     0.89916   (104 0.758) (105 0.426) (106 0.29) 
     0.87791   (99 -0.651) (100 -0.416) (103 -0.317) 
     0.86906   (110 -0.466) (111 -0.508) 
     0.76299   (109 0.504) (111 0.309) (115 0.379) (136 -0.289) 
     0.67343   (109 -0.706) (110 0.3) 
     0.66896   (96 0.779) (99 0.299) 
     0.66254   (113 0.476) (126 0.52) (136 -0.391) 
      0.6013   (110 -0.353) (112 -0.465) (113 -0.571) 
     0.58036   (108 0.596) (112 0.291) (113 -0.467) 
     0.57806   (108 -0.675) (112 0.369) 
     0.57022   (113 0.298) (122 -0.467) (124 0.398) (130 0.345) (132 -0.323) 
      0.5684   (122 0.338) (125 -0.66) (130 0.288) 
     0.56105   (115 0.341) (119 0.314) (120 0.467) (121 -0.344) (123 0.326) (125 0.329) 
     0.54637   (117 -0.382) (118 0.668) (120 -0.313) 
     0.49963   (116 0.34) (117 0.286) (119 -0.473) (123 -0.419) (127 -0.341) 
     0.47762   (116 -0.599) (126 0.321) (136 0.318) 
     0.44771   (116 0.554) (119 0.303) (126 0.379) (136 0.365) 
     0.42132   (91 0.284) (92 -0.921) 
     0.39827   (119 -0.355) (124 0.373) (127 0.44) (136 0.4) 
     0.32065   (94 -0.921) (103 0.218) 
     0.30496   (94 0.326) (103 0.691) (104 0.359) (105 -0.363) 
     0.27305   (102 -0.854) 
     0.25904   (86 0.203) (98 -0.489) (112 -0.215) (115 0.216) (117 -0.238) (121 0.217) (124 -0.237) (127 0.246) 
       0.255   (79 -0.354) (86 -0.572) (87 0.317) (98 0.292) 
     0.23829   (79 0.535) (98 0.571) 
     0.23029   (79 -0.521) (86 0.531) 
     0.19681   (98 -0.39) (107 0.408) (112 0.439) 
     0.16008   (90 -0.794) (93 0.368) 
     0.14722   (90 0.334) (93 0.301) (97 -0.558) (107 -0.444) 
     0.13759   (85 0.295) (93 -0.623) (107 -0.382) 
     0.12934   (85 -0.868) (97 0.238) 
       0.123   (88 -0.551) (89 -0.445) (93 0.336) (97 0.315) 
     0.11187   (72 -0.387) (80 0.472) (81 0.431) 
     0.10834   (76 0.288) (78 0.302) (80 -0.324) (83 -0.278) (88 0.274) (97 0.276) 
     0.10734   (66 -0.357) (69 -0.323) (76 -0.297) 
     0.10215   (58 0.6) (60 -0.331) 
    0.096318   (58 -0.581) (66 0.352) (69 0.288) 
    0.094651   (58 0.369) (60 0.245) (66 -0.304) (76 0.271) (97 -0.292) (107 0.287) 
    0.090367   (58 -0.301) (60 -0.432) (61 0.445) (69 -0.297) 
     0.08769   (60 0.285) (61 -0.312) (64 -0.378) (66 0.449) (83 -0.295) 
    0.079051   (63 0.251) (64 0.731) (69 0.241) (83 -0.224) 
    0.074625   (62 0.672) (63 -0.303) (69 0.318) 
    0.073514   (62 -0.607) (64 -0.338) (66 -0.307) 
    0.072023   (62 0.241) (66 0.243) (69 -0.295) (76 0.222) (80 0.208) (117 -0.234) (118 -0.331) (120 -0.205) 
    0.066699   (68 0.299) (74 -0.362) (78 0.352) 
    0.061472   (63 0.591) (68 -0.258) (71 -0.218) (74 0.219) (81 0.267) (87 0.264) 
    0.058872   (63 -0.567) (74 0.355) 
    0.055656   (63 0.291) (67 -0.27) (68 0.436) (71 0.374) (78 -0.283) 
    0.053466   (67 0.418) (74 -0.413) (81 -0.353) 
     0.05084   (67 -0.549) (78 0.29) 
    0.048169   (67 0.553) (68 0.367) (74 0.308) 
    0.046617   (74 -0.276) (75 -0.28) (81 0.365) (83 0.318) (87 -0.252) (121 0.262) 
    0.043853   (35 -0.657) (36 -0.598) 
    0.042363   (35 0.299) (43 0.636) (46 0.454) 
      0.0418   (75 0.426) (121 0.364) 
    0.040187   (51 0.437) (52 0.38) (75 -0.373) 
    0.032607   (47 -0.399) (51 -0.436) (75 -0.437) 
    0.031906   (26 0.331) (27 -0.737) (32 0.302) (37 0.31) 
    0.029446   (27 0.518) (32 0.573) 
    0.027636   (32 -0.486) (34 0.313) (47 0.303) 
    0.027109   (34 -0.744) (37 -0.417) 
    0.022107   (34 0.238) (47 -0.412) (48 -0.384) (49 0.262) (75 0.238) (88 -0.254) (91 -0.246) 
    0.021225   (130 -0.649) (132 -0.541) 
    0.021072   (128 -0.578) (160 -0.809) 
     0.02002   (128 -0.577) (160 0.312) (161 0.755) 
    0.019136   (128 -0.577) (160 0.498) (161 -0.647) 
    0.015773   (15 -0.985) 
    0.015628   (140 0.998) 
