 1 57342.9
 2 675.406
 3 26.0013
 4 178224
 5 521.705
 6 370.378
 7 560771
 8 43.5488
 9 18240.1
 10 2373.35
 11 4.52522
 12 1800.96
 13 274877
 14 3619.26
 15 0.847808
 16 369244
 17 3709.82
 18 8.37082
 19 123771
 20 2243
 21 404.166
 22 160313
 23 3330.65
 24 184.744
 25 256.271
 26 318.579
 27 18.3435
 28 2655.65
 29 261.974
 30 296.872
 31 515.563
 32 66.2212
 33 1123.67
 34 215.375
 35 164.386
 36 427.003
 37 1519.81
 38 3028.2
 39 7.19888
 40 972.852
 41 4318.76
 42 1.99355
 43 693.908
 44 1524.09
 45 26.023
 46 5755.13
 47 1177.9
 48 1306.54
 49 1901.68
 50 205.652
 51 386.96
 52 214.717
 53 2950.68
 54 315.537
 55 234.778
 56 296.979
 57 1053.45
 58 95.3113
 59 171.593
 60 173.506
 61 21.8726
 62 1.73473
 63 540.606
 64 297.136
 65 1.78309
 66 503.912
 67 3694.23
 68 167.558
 69 132607
 70 177564
 71 2202.2
 72 310.233
 73 16682.9
 74 25.6596
 75 17123.4
 76 8354.55
 77 7.18175
 78 1999.23
 79 8319.31
 80 97.8784
 81 2774.96
 82 1580.05
 83 328.857
 84 2.6477
 85 137.479
 86 2.48459
 87 5542.11
 88 1.72581
 89 1.64943
 90 1.93419
 91 9.34265
 92 448.79
 93 1229.79
 94 750.336
 95 1376.53
 96 1771.16
 97 328.229
 98 256.858
 99 126.472
 100 703.256
 101 1408.37
 102 112.492
 103 154.522
 104 130.92
 105 126.859
 106 159.986
 107 163.114
 108 165.422
 109 119.463
 110 93.2096
 111 173.196
 112 203.374
 113 185.92
 114 168.688
 115 170.359
 116 134.037
 117 166.848
 118 186.295
 119 142.366
 120 82.626
 121 120.311
 122 47.4405
 123 62.0593
 124 35.9166
 125 29.2018
 126 52.2102
 127 26.7655
 128 87.7369
 129 67.8849
 130 59.2955
 131 20.3656
 132 20.891
 133 22.2732
 134 36.1378
 135 8.78185
 136 45.326
 137 9.96296
 138 9.27998
 139 9.42105
 140 10.9927
 141 11.813
 142 8.90844
 143 9.49429
 144 15.1599
 145 15.3073
 146 12.8027
 147 10.403
 148 29.9101
 149 16.1436
 150 12.1787
 151 14.1748
 152 23.5726
 153 20.4439
 154 13.5606
 155 20.1171
 156 24.1753
 157 47.0646
 158 0.299018
 159 0.0817881
 160 0.446353
 161 27.755
 162 25.481
 163 968.335
 164 1155.41
 165 5.83644
