 1 1000
 2 539.359
 3 20.9287
 4 1000
 5 421.235
 6 299.097
 7 999.875
 8 3.17989
 9 993.95
 10 876.784
 11 2.45112
 12 793.375
 13 1000
 14 997.932
 15 0.825734
 16 1000
 17 997.229
 18 2.88596
 19 1000
 20 845.004
 21 152.918
 22 1000
 23 946.425
 24 53.245
 25 238.293
 26 256.702
 27 14.8907
 28 985.289
 29 211.659
 30 241.01
 31 485.025
 32 50.3859
 33 850.652
 34 209.12
 35 145.594
 36 376.444
 37 988.474
 38 997.963
 39 3.46335
 40 603.969
 41 967.484
 42 1.73454
 43 496.314
 44 858.012
 45 15.1795
 46 997.86
 47 450.117
 48 552.408
 49 933.812
 50 203.536
 51 305.741
 52 170.546
 53 950.993
 54 277.604
 55 174.162
 56 216.198
 57 895.087
 58 94.0936
 59 158.375
 60 159.893
 61 21.7794
 62 1.73409
 63 505.209
 64 295.774
 65 1.77527
 66 497.648
 67 956.429
 68 45.6444
 69 999.972
 70 1000
 71 875.677
 72 124.621
 73 999.626
 74 2.97702
 75 998.275
 76 986.776
 77 3.97858
 78 911.952
 79 999.148
 80 31.8514
 81 966.584
 82 989.425
 83 308.938
 84 2.57109
 85 107.408
 86 2.26422
 87 989.969
 88 1.72562
 89 1.64942
 90 1.93399
 91 8.67855
 92 391.937
 93 819.713
 94 516.896
 95 814.58
 96 927.042
 97 313.934
 98 248.095
 99 125.295
 100 610.506
 101 924.372
 102 108.634
 103 152.113
 104 129.846
 105 126.193
 106 159.447
 107 162.401
 108 164.563
 109 118.637
 110 91.5319
 111 172.207
 112 202.544
 113 185.338
 114 168.356
 115 169.975
 116 133.39
 117 166.379
 118 186.082
 119 142.013
 120 81.8841
 121 119.852
 122 47.0871
 123 61.2633
 124 35.7025
 125 28.7075
 126 51.8615
 127 25.6263
 128 85.2298
 129 66.6407
 130 58.3582
 131 20.1068
 132 20.6948
 133 22.0005
 134 35.1879
 135 8.60167
 136 45.0691
 137 9.70899
 138 9.06515
 139 9.18735
 140 10.5855
 141 11.1323
 142 8.53396
 143 9.16845
 144 14.8187
 145 15.0781
 146 12.5508
 147 9.98333
 148 29.0433
 149 15.7475
 150 11.9414
 151 13.9003
 152 23.1593
 153 19.8287
 154 13.2342
 155 19.8889
 156 24.024
 157 46.8805
 158 0.250773
 159 0.0791398
 160 0.343764
 161 22.51
 162 22.7322
 163 375.63
 164 652.61
 165 5.5234
