 1 31.6228
 2 22.6536
 3 1.83015
 4 31.6228
 5 16.1222
 6 11.7865
 7 31.62
 8 1.00758
 9 31.4693
 10 29.4324
 11 0.988272
 12 27.9229
 13 31.6228
 14 31.5831
 15 0.904424
 16 31.6228
 17 31.5451
 18 0.996308
 19 31.6228
 20 26.9231
 21 5.77642
 22 31.6228
 23 29.996
 24 2.65309
 25 15.0226
 26 15.1044
 27 1.80654
 28 31.3358
 29 10.4497
 30 11.7526
 31 21.5672
 32 2.6187
 33 28.1105
 34 14.2754
 35 7.15903
 36 16.6995
 37 31.4193
 38 31.5647
 39 1.37473
 40 24.2909
 41 31.0303
 42 1.29107
 43 21.6644
 44 28.7102
 45 1.82198
 46 31.5654
 47 15.165
 48 18.2309
 49 30.3192
 50 13.8202
 51 14.7598
 52 8.82009
 53 30.6432
 54 16.4387
 55 9.63696
 56 11.4438
 57 29.3365
 58 9.14445
 59 9.65016
 60 9.45047
 61 4.37956
 62 1.31084
 63 22.1201
 64 15.9154
 65 0.973605
 66 21.3492
 67 30.3076
 68 2.79479
 69 31.622
 70 31.6228
 71 27.8963
 72 5.26895
 73 31.6143
 74 1.35241
 75 31.5742
 76 31.3973
 77 1.39799
 78 30.1075
 79 31.6035
 80 2.35753
 81 30.6493
 82 31.3996
 83 17.0411
 84 1.3708
 85 10.1427
 86 1.38352
 87 31.3936
 88 1.10711
 89 1.05089
 90 1.26137
 91 2.44678
 92 18.0219
 93 27.0153
 94 19.9647
 95 27.3035
 96 29.8952
 97 16.4945
 98 14.1469
 99 9.18654
 100 23.7677
 101 30.0232
 102 9.39526
 103 11.7086
 104 10.6599
 105 10.5712
 106 12.2145
 107 12.2487
 108 12.2957
 109 10.1065
 110 8.20565
 111 12.4357
 112 13.8843
 113 13.1926
 114 12.423
 115 12.2994
 116 10.4612
 117 12.0882
 118 12.988
 119 11.2163
 120 8.39588
 121 10.5894
 122 6.67035
 123 7.67072
 124 5.48325
 125 5.13099
 126 6.90634
 127 4.5313
 128 8.7016
 129 7.39079
 130 7.08788
 131 4.14214
 132 4.45029
 133 4.56418
 134 5.84042
 135 2.6942
 136 6.64149
 137 2.91261
 138 2.86066
 139 2.87536
 140 3.09896
 141 3.07475
 142 2.68735
 143 2.82002
 144 3.70175
 145 3.77318
 146 3.40074
 147 2.92326
 148 5.19311
 149 3.79974
 150 3.28645
 151 3.54592
 152 4.70457
 153 4.33169
 154 3.52149
 155 4.3764
 156 4.81818
 157 6.78536
 158 0.20901
 159 0.215619
 160 0.267784
 161 3.73896
 162 4.29217
 163 16.9863
 164 24.147
 165 0.525536
