 Smallest eigenvalues
   1.734e-06   (9 -1) 
  2.7082e-06   (47 0.64) (50 -0.456) (46 0.277) (53 0.223) (42 -0.195) (154 -0.189) (45 -0.184) (48 -0.148) (40 0.139) (13 -0.126) (43 0.124) (78 0.112) (36 0.0966) (49 0.096) (54 0.0897) (52 0.0846) (37 -0.0808) (60 0.0538) (38 -0.0496) (24 0.0488) (44 0.0365) (51 0.0343) (17 -0.0337) (25 -0.032) (14 0.03) (31 0.0279) (26 0.0253) (33 -0.0251) (56 0.0234) (73 -0.0226) (58 0.022) (39 -0.0214) (59 -0.0211) (41 -0.0186) (79 -0.0185) (57 0.0175) (28 0.0168) (71 -0.0156) (11 -0.0152) (32 0.0149) (23 -0.0142) (55 -0.0141) (16 0.013) (21 0.0128) (68 0.0123) (35 -0.0119) (29 0.0118) (72 0.0108) (62 -0.0106) (84 0.0106) (77 0.0102) 
   3.638e-06   (154 -0.982) (47 -0.123) (50 0.0875) (46 -0.0533) (53 -0.0426) (42 0.0375) (45 0.0353) (48 0.0284) (40 -0.0267) (13 0.0243) (43 -0.0239) (78 -0.0212) (36 -0.0186) (49 -0.0184) (54 -0.0172) (52 -0.0162) (37 0.0156) (60 -0.0102) 
  5.6109e-06   (4 -1) 
  5.6318e-06   (148 0.644) (43 -0.461) (42 -0.359) (45 0.329) (40 0.182) (46 -0.161) (44 0.148) (36 0.109) (13 -0.103) (37 -0.0982) (78 0.0677) (24 0.0482) (48 -0.0452) (38 -0.0412) (26 0.0361) (51 -0.0357) (41 -0.0321) (39 -0.0297) (17 -0.028) (33 -0.0269) (25 -0.0268) (14 0.0243) (60 0.024) (31 0.02) (52 0.019) (16 0.017) (56 0.0154) (23 -0.0146) (53 -0.0135) (32 0.0128) (11 -0.0127) (73 -0.0119) (54 0.0115) (79 -0.0101) 
  6.2378e-06   (148 0.765) (43 0.388) (42 0.303) (45 -0.277) (40 -0.154) (46 0.135) (44 -0.125) (36 -0.0919) (13 0.0867) (37 0.0827) (78 -0.0569) (24 -0.0406) (48 0.0381) (38 0.0347) (26 -0.0304) (51 0.03) (41 0.027) (39 0.025) (17 0.0236) (33 0.0227) (25 0.0225) (14 -0.0205) (60 -0.0202) (31 -0.0169) (52 -0.016) (16 -0.0143) (56 -0.0129) (23 0.0123) (53 0.0114) (32 -0.0108) (11 0.0107) 
  7.5375e-06   (1 -0.986) (27 0.117) (26 0.0679) (24 0.05) (36 -0.0395) (25 -0.0332) (37 0.028) (13 -0.0276) (30 -0.0237) (40 -0.0226) (33 0.0219) (31 -0.0158) (28 0.0125) (17 -0.0106) 
  8.0795e-06   (156 -0.999) (27 0.0325) (26 0.0191) (24 0.0148) (13 -0.0114) (36 -0.0104) 
  1.7439e-05   (27 -0.676) (26 -0.397) (24 -0.306) (13 0.237) (36 0.217) (25 0.196) (1 -0.166) (37 -0.156) (30 0.135) (33 -0.125) (40 0.125) (31 0.1) (17 0.0764) (28 -0.0724) (16 -0.0667) (23 0.0594) (14 -0.0507) (156 -0.0481) (78 -0.048) (21 -0.0442) (20 -0.0393) (32 0.0358) (38 -0.0323) (39 -0.0306) (42 -0.0269) (11 0.024) (35 -0.0221) (15 -0.0197) (48 0.0182) (29 0.0179) (79 0.0172) (60 -0.0171) (41 -0.0161) (19 0.0155) (22 0.0134) (49 0.0119) (34 0.0117) (46 0.0115) (55 0.0112) (43 0.0109) (73 0.0104) 
  3.4107e-05   (19 0.719) (43 0.399) (46 -0.309) (20 -0.278) (42 -0.167) (44 -0.155) (45 0.144) (21 0.141) (36 0.111) (40 0.0944) (24 0.0746) (47 -0.0714) (25 -0.0566) (50 -0.0545) (78 0.0538) (48 -0.0459) (38 -0.0429) (26 0.0377) (28 0.0376) (49 0.0357) (33 -0.0333) (22 0.028) (74 -0.0271) (37 -0.0263) (27 0.026) (52 0.0259) (31 0.0257) (35 -0.0255) (72 0.0192) (60 0.0191) (32 -0.0163) (63 -0.0161) (39 -0.0159) (16 0.0153) (41 -0.0152) (67 -0.0149) (23 0.0143) (68 0.0135) (69 0.0128) (30 0.0119) 
  0.00010513   (157 0.999) (19 -0.025) (43 0.0232) (46 -0.0163) (20 0.0101) 
  0.00010971   (19 0.55) (43 -0.528) (46 0.373) (20 -0.222) (45 -0.217) (44 0.208) (42 0.193) (40 -0.15) (13 0.135) (47 0.1) (21 0.0952) (36 -0.0926) (78 -0.0815) (50 0.0679) (37 0.0649) (48 0.045) (157 0.0444) (17 0.0369) (22 0.0331) (38 0.0329) (23 0.0302) (60 -0.0301) (14 -0.0286) (33 0.0273) (26 -0.0272) (39 0.0257) (74 0.0235) (56 -0.0212) (29 0.0207) (34 -0.0199) (28 0.0199) (55 0.0199) (27 0.0173) (72 -0.0173) (11 0.0158) (16 -0.0155) (67 0.0145) (58 -0.0144) (24 -0.0143) (52 -0.0139) (35 -0.0136) (68 -0.0134) (49 -0.0129) (82 -0.0125) (63 0.0125) (57 0.0123) (71 0.0109) (75 0.0107) (69 -0.0104) 
  0.00013509   (3 1) 
  0.00015501   (23 -0.652) (24 -0.436) (13 -0.362) (17 -0.246) (25 0.223) (20 -0.209) (22 -0.161) (21 0.123) (26 -0.101) (14 0.0994) (31 -0.0864) (28 -0.0801) (40 -0.0649) (37 0.0575) (36 -0.0556) (42 0.0483) (27 0.0471) (38 0.0419) (11 -0.0409) (32 -0.0378) (45 0.0314) (30 0.0303) (46 -0.0226) (33 0.0225) (29 -0.0208) (15 0.0197) (78 0.0176) (51 -0.0152) (57 0.014) (12 0.0137) (39 0.0102) 
  0.00017823   (159 1) 
  0.00021934   (2 -1) 
  0.00024642   (21 -0.77) (23 0.328) (13 -0.313) (17 -0.297) (19 0.188) (24 -0.173) (25 0.0979) (14 0.086) (22 0.0831) (16 0.062) (26 -0.0562) (36 -0.0505) (40 -0.0501) (37 0.0468) (158 0.0449) (11 -0.0355) (28 -0.0313) (32 -0.0307) (31 -0.0282) (27 0.0263) (30 0.0242) (15 0.0222) (33 0.0192) (38 0.019) (42 0.0184) (46 -0.0181) (78 0.0159) (35 0.0124) (12 0.0112) 
  0.00026345   (158 0.999) (21 0.0346) (23 -0.0147) (13 0.0141) (17 0.0134) 
  0.00029383   (8 1) 
  0.00030319   (26 -0.706) (150 -0.39) (25 -0.358) (24 0.339) (13 -0.169) (29 -0.123) (36 -0.0981) (30 0.0915) (37 0.0862) (17 -0.0814) (40 -0.0738) (23 -0.072) (16 0.0507) (20 0.0413) (33 0.0412) (14 0.0405) (32 -0.0387) (22 -0.0341) (28 0.0338) (53 0.0312) (51 0.0298) (47 -0.029) (21 0.0287) (78 0.0201) (45 0.0194) (15 0.0191) (35 0.0189) (50 -0.0187) (39 0.0178) (11 -0.0155) (52 0.0151) (41 0.0132) (46 -0.0113) (76 -0.0107) (54 0.0104) 
  0.00030666   (150 -0.921) (26 0.299) (25 0.152) (24 -0.144) (13 0.0717) (29 0.052) (36 0.0416) (30 -0.0388) (37 -0.0365) (17 0.0345) (40 0.0313) (23 0.0305) (16 -0.0215) (20 -0.0175) (33 -0.0175) (14 -0.0172) (32 0.0164) (22 0.0145) (28 -0.0143) (53 -0.0132) (51 -0.0126) (47 0.0123) (21 -0.0122) 
  0.00032293   (6 1) 
   0.0003271   (21 0.523) (20 0.406) (23 0.372) (22 0.352) (13 -0.262) (24 -0.229) (153 -0.229) (17 -0.217) (25 0.178) (19 0.088) (16 0.0859) (14 0.0757) (26 -0.073) (36 -0.0725) (40 -0.0697) (37 0.0545) (15 0.0361) (33 0.0353) (30 0.0287) (32 -0.0284) (11 -0.0247) (78 0.0229) (31 0.0211) (39 0.0198) (46 -0.0167) (35 0.0154) (41 0.0138) (73 -0.0136) (51 0.0123) (45 0.0108) (53 0.0107) 
  0.00036342   (153 -0.974) (21 -0.123) (20 -0.0952) (23 -0.0873) (22 -0.0826) (13 0.0616) (24 0.0537) (17 0.051) (25 -0.0419) (19 -0.0207) (16 -0.0202) (14 -0.0178) (26 0.0171) (36 0.017) (40 0.0163) (37 -0.0128) 
  0.00037548   (73 -0.701) (57 -0.433) (60 -0.243) (65 0.179) (70 0.177) (58 -0.171) (59 0.159) (78 -0.154) (42 -0.147) (51 0.137) (74 -0.11) (55 -0.0892) (69 0.0876) (45 -0.0846) (71 -0.083) (31 0.0617) (56 0.0594) (79 0.0568) (72 0.051) (36 -0.0476) (52 -0.0469) (20 -0.0403) (47 -0.0402) (38 -0.0377) (48 -0.037) (54 -0.0347) (46 0.0308) (16 -0.0298) (44 0.0291) (13 -0.0272) (68 -0.0265) (61 0.0261) (66 -0.0238) (122 0.0231) (89 -0.0225) (100 0.0217) (43 0.0205) (49 -0.0194) (41 0.0192) (50 0.0188) (104 0.0182) (109 0.0169) (115 -0.0164) (84 0.016) (28 0.0159) (124 0.0157) (99 -0.0153) (91 -0.0152) (63 0.0152) (88 0.0139) (118 0.0136) (19 -0.013) (126 0.013) (90 -0.0113) (76 -0.0111) (25 0.011) (116 0.0108) (39 0.0107) 
  0.00041757   (73 0.64) (57 -0.403) (65 0.253) (60 -0.224) (152 -0.222) (58 -0.201) (59 0.19) (42 -0.182) (69 0.158) (51 0.135) (45 -0.134) (68 -0.107) (70 0.0924) (13 -0.0815) (31 0.0788) (74 0.0781) (56 0.0719) (47 -0.0698) (46 0.0685) (38 -0.0643) (49 0.0609) (55 -0.056) (72 -0.0526) (54 -0.0505) (53 -0.0417) (44 0.0402) (37 -0.0392) (50 0.037) (20 -0.0334) (79 -0.033) (43 0.0322) (61 0.0316) (66 -0.0314) (28 0.0299) (16 -0.029) (78 0.0276) (41 0.0268) (122 -0.0223) (118 0.0214) (52 -0.0212) (84 0.0211) (63 0.0197) (119 -0.0195) (19 -0.0192) (17 -0.0186) (14 0.0182) (39 0.0182) (116 0.0174) (121 -0.0168) (115 -0.0166) (91 -0.0163) (127 0.0156) (89 -0.0152) (125 -0.0149) (21 0.0147) (126 -0.0136) (71 0.0133) (99 -0.013) (135 -0.0126) (130 0.0114) (104 0.0105) (67 0.0105) (11 -0.0102) 
  0.00047204   (152 -0.975) (73 -0.139) (57 0.0966) (65 -0.0592) (60 0.0536) (58 0.0475) (59 -0.0449) (42 0.0437) (69 -0.0367) (51 -0.0325) (45 0.0317) (68 0.0246) (70 -0.0226) (13 0.0191) (31 -0.0189) (56 -0.0171) (74 -0.0167) (47 0.0165) (46 -0.0161) (38 0.0153) (55 0.0138) (49 -0.0137) (54 0.0119) (72 0.0114) 
  0.00047674   (25 0.786) (24 0.579) (26 -0.0942) (51 0.0726) (23 -0.0664) (53 -0.0661) (54 0.0632) (55 0.0609) (13 -0.0581) (56 -0.0378) (57 0.0349) (52 -0.0326) (45 -0.0317) (20 -0.0299) (42 -0.0258) (28 0.025) (40 -0.0241) (17 -0.0241) (16 0.024) (49 0.0228) (31 0.019) (46 0.0188) (47 -0.0179) (21 -0.0157) (78 0.0156) (27 -0.0144) (48 0.0135) (50 0.0134) (60 0.0133) (22 0.0129) (33 0.0113) 
   0.0004814   (147 0.73) (51 0.33) (53 -0.264) (55 0.258) (54 0.255) (56 -0.173) (52 -0.159) (42 -0.141) (45 -0.131) (57 0.127) (25 -0.097) (46 0.0633) (49 0.0605) (13 -0.0573) (47 -0.0565) (24 -0.0553) (50 0.0551) (60 0.0547) (31 0.0486) (38 -0.0375) (37 -0.0369) (48 0.0351) (40 0.0349) (73 -0.0341) (44 0.0298) (43 0.0285) (78 0.0269) (26 0.0234) (58 0.0213) (59 -0.0212) (16 -0.0147) (14 0.0146) (36 0.0135) (20 -0.0128) (41 0.0125) (28 0.0113) (17 -0.0113) (19 -0.0109) (22 -0.0104) 
  0.00048598   (147 0.683) (51 -0.354) (53 0.282) (55 -0.276) (54 -0.273) (56 0.186) (52 0.17) (42 0.151) (45 0.141) (57 -0.136) (25 0.0998) (46 -0.0678) (49 -0.0648) (13 0.0616) (47 0.0604) (50 -0.059) (60 -0.0585) (24 0.0563) (31 -0.0521) (38 0.0402) (37 0.0395) (48 -0.0376) (40 -0.0372) (73 0.0365) (44 -0.0319) (43 -0.0305) (78 -0.0287) (26 -0.0245) (58 -0.0228) (59 0.0227) (16 0.0156) (14 -0.0156) (36 -0.0144) (20 0.0139) (41 -0.0134) (28 -0.0122) (17 0.0122) (19 0.0116) (22 0.011) 
  0.00053603   (54 -0.727) (40 0.295) (52 -0.29) (55 0.271) (53 0.222) (51 0.214) (57 0.166) (37 0.161) (42 -0.132) (38 0.131) (36 -0.12) (45 -0.106) (50 0.0602) (39 -0.0555) (60 0.0526) (78 0.0438) (56 0.0391) (46 0.0303) (70 0.0281) (47 -0.0235) (44 0.023) (43 0.0218) (49 0.0183) (25 0.0167) (151 -0.0164) (20 -0.0155) (73 -0.0131) (32 -0.0131) (48 0.0126) (69 0.0115) (33 0.0104) 
  0.00059254   (151 -0.973) (40 -0.143) (37 -0.106) (38 -0.0869) (36 0.0677) (54 -0.0612) (39 0.0313) (31 0.0291) (13 -0.0247) (52 -0.0221) (51 0.02) (55 0.0189) (53 0.018) (57 0.0153) (49 -0.0138) (25 -0.0116) (42 0.0107) (78 0.0105) (26 0.0101) (24 0.01) 
  0.00060096   (40 0.582) (37 0.437) (38 0.359) (54 0.311) (36 -0.278) (151 -0.23) (39 -0.128) (31 -0.122) (52 0.114) (13 0.105) (51 -0.1) (55 -0.099) (53 -0.0923) (57 -0.0764) (49 0.0575) (78 -0.0478) (25 0.0478) (26 -0.0423) (24 -0.0421) (33 0.0415) (42 -0.0357) (73 0.0357) (60 -0.0342) (22 0.0307) (48 0.0296) (45 -0.0295) (14 -0.0264) (32 -0.0248) (56 -0.022) (17 0.0216) (41 -0.0201) (46 0.0195) (19 0.018) (20 0.0159) (27 -0.0155) (43 0.0136) (28 -0.0132) (79 0.0131) (11 0.0114) (65 0.0114) (70 -0.01) 
  0.00063681   (70 -0.708) (69 -0.55) (71 0.252) (57 -0.235) (51 0.126) (68 0.12) (49 -0.118) (60 -0.0794) (42 -0.0662) (58 -0.0511) (59 0.0469) (48 -0.0456) (52 -0.0411) (54 -0.0352) (31 0.0346) (36 -0.0334) (84 0.0306) (149 0.0293) (20 -0.0274) (74 -0.0225) (45 -0.0215) (55 -0.02) (125 -0.0189) (89 -0.0178) (75 -0.0176) (50 -0.0172) (16 -0.017) (100 0.0165) (38 -0.0157) (127 0.0149) (13 -0.0147) (104 0.0145) (115 -0.0143) (122 0.014) (79 -0.0135) (56 0.0134) (88 0.0134) (97 -0.0132) (73 -0.0132) (41 0.0126) (91 -0.0126) (53 -0.0118) (40 0.0116) (67 -0.0116) (83 -0.0115) (77 0.0113) (107 -0.0102) (119 -0.0102) (124 0.0102) (90 0.0102) 
  0.00064379   (149 0.851) (49 0.377) (51 -0.179) (50 0.125) (45 -0.12) (48 0.116) (42 -0.111) (47 -0.108) (46 0.078) (53 0.07) (55 -0.054) (13 -0.0464) (73 -0.0463) (37 -0.0418) (69 -0.04) (44 0.0381) (38 -0.0362) (52 0.0352) (31 0.0327) (43 0.0324) (70 -0.0312) (78 0.0305) (57 0.0265) (36 0.0236) (58 0.0206) (65 -0.0204) (59 -0.0204) (68 0.0202) (60 0.0161) (56 -0.0155) (25 -0.0137) (79 -0.0127) (28 0.0123) (14 0.0117) (22 -0.0102) 
  0.00071328   (49 -0.604) (149 0.525) (51 0.282) (50 -0.202) (45 0.196) (48 -0.185) (42 0.184) (47 0.174) (46 -0.126) (53 -0.113) (69 0.0957) (70 0.0901) (55 0.0888) (73 0.076) (13 0.076) (37 0.0673) (44 -0.0622) (38 0.0596) (31 -0.0552) (52 -0.0546) (43 -0.0527) (78 -0.0498) (68 -0.0396) (36 -0.0361) (65 0.0328) (58 -0.0305) (59 0.0304) (57 -0.0292) (56 0.0244) (71 -0.023) (25 0.0217) (60 -0.0215) (79 0.0214) (28 -0.0203) (14 -0.0189) (22 0.0164) (17 0.016) (24 -0.0149) (19 0.0149) (54 0.0144) (39 -0.0141) (16 0.0126) (20 0.0118) (41 -0.0116) (72 -0.0113) (40 -0.0112) (21 -0.0108) (121 0.0104) 
  0.00075314   (38 -0.689) (39 -0.458) (36 -0.305) (20 -0.244) (23 0.181) (42 0.174) (40 0.162) (22 -0.123) (19 -0.0968) (21 0.0829) (37 0.0793) (31 0.0772) (16 -0.076) (41 -0.0752) (13 -0.0716) (45 0.0571) (51 -0.0363) (25 0.0309) (35 0.0308) (57 0.0307) (32 -0.0287) (34 -0.0279) (17 -0.0273) (24 -0.0236) (26 -0.0191) (44 -0.0185) (55 0.0181) (43 -0.0171) (47 0.0158) (14 0.0149) (33 0.0148) (46 -0.0144) (78 -0.011) (56 -0.0107) (48 0.0106) (52 0.0105) 
   0.0008094   (20 -0.536) (23 0.499) (22 -0.358) (38 0.291) (21 0.234) (19 -0.225) (31 -0.203) (13 -0.174) (39 0.147) (36 0.13) (16 -0.105) (28 -0.0852) (17 -0.0821) (40 -0.0553) (143 -0.0412) (14 0.0409) (29 -0.0339) (25 0.0238) (26 -0.0203) (11 -0.0203) (35 -0.0188) (30 0.0171) (34 0.0155) (45 0.0127) (42 0.0122) (49 -0.0117) (41 0.01) 
   0.0008572   (143 -0.999) (20 0.0232) (23 -0.0214) (141 0.0163) (22 0.0153) (21 -0.01) 
   0.0008983   (49 -0.496) (51 -0.409) (42 -0.398) (47 -0.319) (45 -0.293) (16 -0.259) (50 -0.223) (57 0.131) (46 0.111) (17 0.111) (13 -0.107) (36 -0.0981) (55 0.0971) (41 0.0933) (56 -0.0772) (31 0.076) (52 0.0694) (44 0.0659) (38 -0.055) (40 -0.0539) (43 0.0496) (78 -0.0466) (48 0.0437) (39 0.0357) (53 0.0328) (60 0.0292) (24 -0.0282) (14 0.0259) (25 0.0226) (37 0.0226) (58 0.0193) (54 0.0177) (59 -0.0162) (28 0.0149) (84 0.0141) (26 -0.0141) (69 0.0136) (35 0.0128) (33 0.0126) (34 -0.0122) (32 -0.0113) (11 -0.0112) (21 -0.0111) (19 0.0111) (118 0.0109) (68 -0.0105) 
   0.0010838   (16 -0.766) (17 0.405) (13 -0.302) (20 0.187) (42 0.159) (49 0.131) (31 -0.109) (19 0.105) (45 0.105) (51 0.0977) (47 0.0944) (14 0.0829) (50 0.0575) (28 -0.0463) (21 -0.0453) (38 0.0443) (46 -0.0418) (36 0.0354) (41 -0.035) (11 -0.0331) (22 0.0299) (44 -0.0266) (57 -0.026) (55 -0.0222) (43 -0.0205) (29 -0.0194) (52 -0.0184) (56 0.0177) (26 -0.0159) (37 0.0151) (25 0.0147) (39 -0.0146) (78 0.0133) (40 0.0125) (48 -0.0122) (24 0.011) (12 0.011) (30 0.0108) 
   0.0013164   (146 -1) 
   0.0014786   (55 -0.719) (31 0.388) (56 -0.362) (57 0.246) (51 0.219) (33 0.144) (52 -0.0978) (54 -0.0939) (32 0.08) (37 0.0715) (38 0.0681) (20 -0.0671) (48 -0.0656) (28 0.0631) (49 -0.0594) (13 -0.0501) (16 -0.049) (78 -0.0446) (35 -0.0378) (42 -0.0377) (34 0.0375) (60 0.0338) (29 0.0318) (47 -0.0292) (19 -0.0278) (45 -0.0253) (58 0.0224) (73 0.0215) (72 0.0203) (69 0.0199) (59 -0.0187) (68 -0.0175) (79 0.0171) (39 -0.015) (36 0.0143) (65 0.0141) (139 0.014) (44 0.0137) (30 -0.013) (24 -0.0122) (14 0.0119) (22 -0.0105) 
   0.0015299   (31 0.711) (55 0.345) (33 0.285) (42 0.2) (38 0.188) (32 0.184) (56 0.159) (36 0.154) (51 -0.149) (139 0.119) (37 0.114) (28 0.107) (13 -0.105) (35 -0.0964) (34 0.0943) (57 -0.0896) (45 0.0756) (20 -0.068) (52 0.0582) (29 0.0513) (41 -0.0503) (39 -0.0498) (54 0.0471) (16 -0.0448) (40 0.0412) (19 -0.0378) (48 0.0311) (17 -0.0276) (22 -0.0272) (30 -0.0255) (44 -0.0253) (47 0.024) (46 -0.0235) (78 0.0233) (14 0.0231) (25 -0.0218) (26 0.0218) (43 -0.0192) (73 -0.0179) (49 0.0132) (27 0.0131) (11 -0.0127) (50 -0.0115) (60 -0.0113) (21 0.0112) 
   0.0015654   (139 0.993) (31 -0.0908) (33 -0.0361) (55 -0.031) (38 -0.0233) (32 -0.0232) (42 -0.023) (36 -0.0185) (135 -0.0156) (37 -0.0147) (51 0.0145) (56 -0.014) (28 -0.0138) (13 0.0134) (35 0.0121) (34 -0.0118) 
    0.001666   (14 -0.868) (33 -0.338) (13 -0.273) (32 0.147) (15 -0.115) (28 0.0708) (31 0.0623) (37 0.0553) (36 -0.0551) (134 -0.0366) (38 0.0336) (40 -0.0318) (34 -0.0251) (42 0.0226) (30 -0.019) (29 0.0171) (17 -0.0156) (72 -0.0141) (25 -0.0123) (44 -0.0116) (45 0.0112) 
   0.0018613   (134 -0.742) (33 -0.514) (14 0.295) (32 0.222) (31 0.106) (28 0.0949) (36 -0.0854) (37 0.0808) (38 0.051) (15 0.0414) (34 -0.0402) (40 -0.0395) (42 0.0318) (24 0.0297) (30 -0.0268) (26 0.0251) (29 0.0236) (17 -0.0228) (25 -0.0201) (44 -0.0145) (45 0.0115) (19 -0.0107) (52 -0.0106) (43 -0.0106) 
   0.0019216   (134 -0.669) (33 0.589) (14 -0.28) (32 -0.254) (31 -0.121) (28 -0.109) (36 0.0977) (37 -0.0927) (38 -0.0583) (34 0.046) (40 0.0455) (15 -0.0397) (42 -0.0365) (24 -0.033) (30 0.0308) (26 -0.0284) (29 -0.0271) (17 0.0262) (25 0.023) (44 0.0167) (45 -0.0134) (43 0.0122) (52 0.0119) (19 0.0115) (51 0.0113) (78 -0.0109) (27 0.0107) (18 0.0103) (46 0.0103) 
   0.0019632   (28 0.843) (30 -0.265) (52 -0.228) (31 -0.201) (29 0.162) (53 0.147) (33 0.112) (54 0.104) (27 -0.0822) (24 -0.0792) (26 -0.0728) (46 -0.0604) (68 0.0587) (32 -0.0544) (51 -0.0528) (69 -0.0505) (36 0.0481) (70 0.04) (48 0.0382) (71 -0.036) (16 -0.0348) (50 0.0333) (37 -0.0332) (49 -0.0327) (20 -0.0323) (47 0.0309) (19 -0.0293) (35 0.0267) (72 0.0265) (44 -0.0258) (25 0.0248) (39 -0.0243) (60 -0.0234) (42 0.0202) (74 0.0191) (73 0.018) (15 0.0168) (43 -0.016) (41 0.0147) (34 0.0136) (56 -0.0134) (38 0.0134) (17 -0.012) (78 -0.0117) (66 -0.0111) (82 -0.011) (57 -0.0104) (132 -0.0103) 
   0.0020402   (68 0.554) (69 -0.438) (70 0.348) (71 -0.326) (52 0.193) (72 0.183) (74 0.169) (132 -0.168) (131 -0.133) (53 -0.126) (78 -0.122) (77 -0.108) (73 0.107) (54 -0.0961) (51 0.0888) (46 0.0877) (67 -0.078) (65 -0.0704) (58 0.0675) (63 -0.0624) (57 -0.0591) (42 -0.051) (56 0.0494) (66 -0.045) (83 -0.0448) (59 -0.0448) (60 -0.0417) (82 -0.036) (87 0.0332) (45 0.0332) (80 -0.0322) (55 -0.03) (43 0.03) (109 -0.0266) (31 0.0256) (41 0.0215) (76 0.0211) (107 -0.0211) (49 -0.018) (75 0.0172) (44 0.0167) (36 -0.0165) (96 -0.0164) (118 -0.0162) (84 0.0159) (47 -0.014) (91 -0.0127) (62 -0.0118) (61 0.0116) (16 -0.0112) (92 0.0111) (38 -0.011) (39 0.0106) 
   0.0023152   (52 0.497) (132 -0.46) (53 -0.347) (131 -0.305) (54 -0.25) (28 0.24) (68 -0.179) (69 0.169) (70 -0.14) (46 0.138) (48 -0.112) (51 0.109) (71 0.109) (72 -0.0864) (60 0.0786) (47 -0.0764) (30 -0.0691) (73 -0.0683) (74 -0.0612) (44 0.0594) (58 0.0549) (49 0.0549) (59 -0.0528) (56 0.0509) (50 -0.05) (31 -0.0481) (29 0.0439) (43 0.0423) (78 0.0338) (45 0.0324) (66 0.0313) (57 0.0306) (84 -0.0291) (24 -0.0277) (82 0.0272) (41 -0.0265) (27 -0.024) (61 -0.0232) (26 -0.0219) (65 0.0219) (77 0.0217) (63 0.0197) (67 0.0196) (36 0.0181) (13 -0.0176) (34 0.0165) (16 -0.016) (19 -0.0157) (35 0.0153) (62 0.0146) (20 -0.014) (39 -0.013) (115 0.0128) (75 -0.0126) (91 -0.0124) (118 -0.0121) (130 0.0113) (14 0.0112) (17 -0.0109) (92 0.0107) (32 -0.0104) (37 -0.0103) 
   0.0024185   (132 -0.686) (131 -0.423) (52 -0.388) (53 0.269) (54 0.195) (28 -0.177) (46 -0.117) (51 -0.098) (48 0.0733) (47 0.0555) (58 -0.0553) (30 0.0521) (56 -0.0478) (59 0.0478) (44 -0.0447) (60 -0.0422) (43 -0.0368) (50 0.0351) (49 -0.0321) (29 -0.0313) (45 -0.0313) (31 0.0295) (68 -0.0253) (24 0.022) (73 0.0183) (42 0.0179) (27 0.0172) (26 0.0164) (84 0.0158) (16 0.0147) (77 0.0133) (13 0.0133) (20 0.0128) (61 0.0126) (71 0.0124) (41 0.012) (19 0.0116) (34 -0.0114) (91 0.0112) (35 -0.0111) (72 0.0103) 
   0.0025166   (22 0.795) (20 -0.451) (56 -0.231) (19 -0.208) (23 -0.0907) (25 -0.0772) (15 -0.0735) (31 -0.0727) (16 -0.0712) (57 -0.0704) (55 0.0687) (51 -0.0616) (24 0.0607) (42 0.0577) (36 0.0508) (28 -0.0376) (54 -0.0362) (45 0.0355) (11 -0.0305) (29 -0.0299) (52 0.0291) (13 -0.0286) (30 -0.0267) (18 0.0213) (47 0.0212) (78 0.0209) (60 -0.0193) (21 -0.0187) (44 -0.0179) (27 -0.0178) (49 0.0178) (50 -0.0172) (14 0.0158) (32 0.0156) (38 0.0145) (125 -0.0136) (70 0.0135) (35 -0.0121) (41 0.012) (119 0.0117) (46 -0.0113) (121 0.0101) (53 0.01) 
   0.0026168   (60 0.832) (56 0.345) (58 -0.228) (59 0.206) (55 -0.127) (78 -0.107) (57 -0.0982) (22 0.0964) (20 -0.0734) (54 0.0722) (51 0.0683) (52 -0.0679) (45 -0.0667) (50 0.0569) (47 -0.054) (79 0.0479) (133 0.0449) (49 -0.0316) (68 0.0294) (19 -0.0289) (42 -0.0274) (46 0.0258) (65 0.0233) (108 -0.0232) (125 -0.0231) (63 -0.0228) (16 -0.022) (84 -0.0216) (109 0.021) (72 -0.0207) (44 0.0205) (69 -0.0189) (70 0.0175) (71 -0.0175) (15 -0.0168) (31 0.016) (62 -0.0152) (121 -0.0133) (120 0.0124) (64 -0.0123) (107 0.0122) (99 -0.0112) (90 -0.0102) 
   0.0027021   (133 0.74) (56 0.483) (57 0.258) (60 -0.241) (22 0.124) (55 -0.112) (51 0.106) (20 -0.0933) (48 0.085) (54 0.0809) (42 -0.0787) (58 0.0725) (59 -0.0609) (41 0.0554) (45 -0.0388) (19 -0.0377) (52 -0.0339) (53 -0.0321) (50 0.0293) (16 -0.029) (70 -0.0286) (68 -0.0282) (36 -0.0271) (78 -0.0259) (31 0.0231) (71 0.0221) (84 0.0207) (40 -0.0182) (44 -0.0181) (49 -0.0155) (39 0.0141) (38 -0.0139) (47 0.0135) (65 -0.0132) (125 0.0114) (23 -0.0112) (69 0.0112) (123 0.0107) (118 0.0105) (37 0.0105) (30 -0.0102) 
   0.0028699   (133 0.671) (56 -0.555) (57 -0.277) (60 0.208) (22 -0.143) (55 0.132) (51 -0.122) (20 0.108) (54 -0.094) (48 -0.0925) (42 0.0885) (58 -0.0641) (41 -0.0602) (59 0.0529) (45 0.0475) (19 0.0435) (52 0.0422) (125 -0.0407) (50 -0.0363) (78 0.0349) (53 0.0349) (16 0.0335) (70 0.0305) (36 0.0301) (68 0.0292) (31 -0.0266) (71 -0.0233) (84 -0.0222) (123 -0.0199) (40 0.0195) (49 0.0194) (44 0.0183) (38 0.016) (39 -0.0156) (119 0.0135) (118 -0.0132) (65 0.0131) (23 0.013) (127 0.0125) (15 0.0114) (37 -0.0112) (107 0.0112) (69 -0.0111) (30 0.011) (47 -0.0108) (109 0.0106) 
   0.0034829   (39 0.791) (38 -0.314) (40 0.305) (65 0.289) (42 0.148) (84 -0.13) (36 -0.123) (41 -0.104) (31 0.0698) (57 0.063) (59 -0.0613) (58 0.0607) (37 0.0378) (51 -0.0377) (86 -0.0363) (28 0.0351) (45 0.0343) (48 -0.0321) (60 0.0297) (83 0.0283) (15 0.0274) (68 0.0259) (69 -0.0248) (20 -0.0237) (30 -0.0207) (96 -0.0203) (129 0.0184) (54 0.018) (90 0.0178) (61 -0.0177) (16 -0.0173) (78 0.0172) (73 -0.0164) (66 -0.0163) (53 0.0163) (109 -0.0163) (55 0.0136) (24 -0.0118) (46 -0.0113) (22 -0.0111) (91 -0.0109) (25 0.0104) 
   0.0039048   (84 -0.839) (65 -0.309) (129 0.285) (83 0.206) (86 -0.155) (90 0.077) (57 -0.0654) (60 -0.0624) (78 0.0603) (85 0.0569) (59 0.0563) (109 -0.0561) (58 -0.0555) (91 -0.046) (42 -0.0445) (107 -0.0418) (87 -0.0353) (96 -0.035) (51 0.0328) (55 -0.0266) (103 -0.0264) (116 0.0261) (45 -0.0249) (115 -0.0241) (39 -0.024) (89 -0.0228) (72 -0.0223) (112 0.0222) (41 0.0221) (114 0.0215) (118 0.0202) (52 -0.0196) (124 0.0193) (61 0.0184) (97 -0.0181) (66 0.0179) (56 0.0179) (93 -0.0169) (104 0.0168) (119 -0.0163) (31 0.0163) (102 0.0155) (49 -0.0152) (94 -0.0149) (77 -0.0147) (92 -0.0146) (100 0.0143) (126 0.0142) (113 -0.0138) (110 0.0135) (71 -0.0133) (127 0.0122) (101 -0.0114) (36 -0.0107) (20 -0.0106) (70 0.0101) 
   0.0039219   (129 0.643) (65 -0.551) (84 0.385) (39 0.202) (59 0.0894) (58 -0.0877) (48 -0.0874) (40 0.0873) (38 -0.0871) (83 -0.0852) (86 0.0778) (57 -0.0749) (69 0.066) (68 -0.0605) (78 -0.0541) (60 -0.0526) (41 -0.0506) (90 -0.0502) (47 -0.0414) (109 0.0384) (44 0.0345) (66 0.034) (96 0.031) (85 -0.0299) (73 0.0299) (61 0.0288) (36 -0.0281) (42 0.0241) (31 0.0227) (46 0.0223) (107 0.0207) (91 0.0206) (51 0.0205) (130 -0.02) (87 0.019) (103 0.0172) (13 -0.0152) (94 0.0146) (79 0.0141) (88 0.014) (63 -0.0137) (55 -0.0133) (28 0.0133) (20 -0.0132) (127 0.013) (49 0.0115) (76 -0.0113) (52 -0.0103) (75 0.0101) 
   0.0040801   (129 0.709) (65 0.616) (39 -0.195) (59 -0.102) (58 0.1) (57 0.0931) (38 0.0877) (40 -0.0842) (48 0.0751) (60 0.0726) (69 -0.0596) (68 0.0576) (47 0.0393) (41 0.039) (66 -0.0376) (36 0.0335) (61 -0.0331) (51 -0.0312) (44 -0.0308) (73 -0.0298) (31 -0.0295) (78 0.0233) (55 0.0228) (109 -0.0212) (130 -0.0208) (46 -0.0207) (52 0.0175) (20 0.0171) (96 -0.0163) (13 0.0162) (45 0.016) (63 0.0156) (90 0.0156) (79 -0.0153) (56 -0.0149) (28 -0.0138) (70 -0.0119) (131 0.0119) (88 -0.0108) (93 0.0103) (81 0.0102) (16 0.0101) 
   0.0041639   (105 0.556) (96 0.34) (103 0.288) (124 0.238) (123 -0.233) (108 -0.203) (99 -0.2) (101 0.191) (107 -0.184) (110 -0.183) (104 -0.175) (113 0.146) (119 0.144) (109 -0.14) (106 -0.127) (121 -0.119) (102 -0.111) (98 -0.0992) (125 0.0899) (111 0.0729) (115 -0.0649) (94 0.0607) (48 -0.0568) (120 0.0553) (100 -0.0545) (89 0.054) (114 -0.0502) (118 0.0491) (92 0.0355) (97 -0.0314) (117 -0.0299) (93 -0.0287) (72 -0.0284) (81 -0.0278) (84 -0.0271) (112 -0.0248) (47 -0.0246) (90 -0.0229) (91 -0.0196) (126 -0.0196) (85 -0.0191) (145 0.017) (80 -0.0166) (83 0.0156) (65 0.0153) (122 -0.0147) (82 0.0143) (52 -0.0142) (69 -0.0141) (116 -0.0136) (44 0.0112) (79 0.0109) (53 0.0107) (60 -0.0107) 
   0.0042004   (145 -0.999) (124 0.0274) (123 -0.0236) (135 -0.0133) 
   0.0043411   (48 -0.807) (47 -0.318) (44 0.185) (52 -0.156) (49 0.133) (72 -0.118) (41 -0.117) (46 0.116) (53 0.115) (54 0.111) (56 0.108) (65 0.0847) (39 -0.0825) (15 -0.0745) (57 0.074) (42 0.0708) (60 -0.0703) (69 -0.0624) (124 -0.0595) (58 0.0591) (123 0.0585) (84 -0.0546) (81 -0.0503) (59 -0.0501) (68 0.0486) (96 0.0453) (43 0.0452) (109 0.0443) (107 0.0442) (105 -0.0422) (51 -0.0408) (50 -0.0404) (38 0.0389) (71 -0.0386) (119 -0.0384) (125 -0.0357) (121 0.034) (80 -0.0328) (22 0.0313) (55 0.03) (36 0.0272) (70 0.027) (83 0.0258) (79 0.0243) (86 0.024) (90 -0.0229) (111 0.0226) (31 -0.0225) (120 -0.0223) (30 0.0223) (82 0.0222) (103 -0.0209) (11 -0.019) (108 0.0175) (73 0.0175) (101 -0.0172) (92 -0.0165) (113 0.0162) (40 -0.0142) (115 0.0141) (85 -0.014) (99 0.0136) (88 0.0126) (66 -0.0118) (28 -0.0118) (37 -0.0116) (110 0.0114) (74 0.0107) (122 0.0106) 
   0.0044512   (72 -0.619) (44 0.464) (80 -0.362) (82 0.209) (48 0.2) (43 0.149) (93 -0.148) (46 -0.131) (79 0.12) (86 0.119) (83 0.11) (71 -0.106) (69 -0.0925) (98 -0.082) (47 0.0766) (77 0.0709) (76 0.0598) (41 -0.058) (113 -0.0544) (70 0.0535) (49 -0.0518) (90 0.0511) (107 0.0509) (75 -0.0497) (78 0.0472) (68 0.0414) (96 -0.0396) (111 0.0395) (84 0.0379) (87 0.0363) (105 -0.0331) (42 0.0324) (97 0.0314) (109 -0.0304) (85 -0.0284) (55 -0.0284) (73 -0.0265) (89 0.0249) (100 0.0245) (123 -0.024) (60 -0.0233) (104 0.0212) (94 0.0212) (155 0.0198) (101 -0.0196) (120 0.0187) (58 0.0183) (74 0.0165) (103 0.0159) (112 -0.0152) (124 0.0149) (91 0.0149) (51 0.0144) (114 0.0136) (119 0.0135) (88 0.0132) (121 -0.0129) (125 0.0127) (115 -0.012) (59 -0.0119) (110 0.0105) (45 0.0105) (81 0.0103) (57 -0.0101) 
   0.0045425   (155 0.999) (44 -0.0331) (43 -0.0102) 
   0.0047388   (44 0.75) (72 0.477) (43 0.225) (80 0.152) (46 -0.152) (79 -0.132) (41 -0.123) (48 0.093) (42 0.0917) (86 -0.0846) (82 -0.0803) (71 0.073) (69 0.0705) (90 0.0591) (109 0.0569) (113 0.0455) (83 -0.0447) (78 -0.0416) (98 0.0414) (85 0.0406) (107 -0.0392) (70 -0.0387) (40 -0.0377) (47 0.0368) (111 -0.0329) (45 0.0315) (155 0.0312) (49 -0.0287) (96 0.0275) (39 -0.0267) (89 -0.0259) (38 0.0257) (68 -0.0255) (15 -0.0255) (84 -0.0236) (87 -0.0227) (105 0.0219) (58 -0.0218) (57 0.0209) (50 -0.0204) (81 -0.0201) (100 -0.0201) (73 0.0194) (75 0.0185) (115 0.0182) (120 -0.0182) (123 0.018) (65 0.0174) (59 0.0169) (104 -0.0163) (114 -0.0162) (93 -0.0153) (110 -0.0151) (124 -0.0148) (101 0.0143) (52 -0.0141) (33 -0.014) (31 -0.0139) (22 0.0139) (76 -0.0137) (108 -0.0126) (13 0.0115) (55 0.0113) (116 -0.011) (56 0.0105) (125 -0.0105) 
   0.0048045   (18 -0.975) (137 0.209) (15 0.0392) (17 -0.0385) (16 -0.0312) (22 0.0222) (7 0.0217) (13 0.0156) (19 -0.0125) (14 -0.0116) (33 0.0106) 
   0.0050585   (137 0.978) (18 0.208) 
   0.0052973   (7 -1) (18 -0.0211) 
   0.0053515   (5 1) 
   0.0054483   (27 -0.64) (26 0.37) (136 -0.35) (24 0.253) (13 -0.229) (36 -0.209) (25 -0.184) (37 0.155) (40 -0.152) (29 0.144) (30 0.126) (33 0.119) (17 -0.0897) (23 -0.086) (32 -0.0772) (14 0.0547) (31 -0.0503) (16 0.048) (39 0.0382) (78 0.0331) (38 0.03) (22 -0.0293) (11 -0.0276) (21 0.027) (34 -0.0262) (19 0.0253) (45 0.0242) (35 0.0203) (20 0.0186) (46 -0.0184) (15 0.018) (41 0.0165) (12 0.0113) 
   0.0055949   (136 -0.936) (27 0.239) (26 -0.138) (24 -0.0946) (13 0.0859) (36 0.0781) (25 0.0689) (37 -0.0578) (40 0.0566) (29 -0.0539) (30 -0.0471) (33 -0.0444) (17 0.0335) (23 0.0322) (32 0.0289) (135 -0.0231) (14 -0.0205) (31 0.0188) (16 -0.018) (39 -0.0143) (78 -0.0121) (38 -0.0112) (22 0.011) (11 0.0103) (21 -0.0101) 
   0.0058769   (10 0.7) (17 0.535) (16 0.37) (13 -0.248) (24 -0.0843) (14 0.0624) (20 -0.0571) (25 0.0434) (15 0.0389) (18 -0.0376) (26 -0.0362) (23 0.0358) (36 -0.0317) (21 -0.0251) (40 -0.0245) (37 0.0235) (11 -0.02) (22 0.0137) (33 0.0137) (78 0.0118) (12 0.011) 
   0.0061037   (144 0.999) (10 -0.0272) (17 0.0174) (16 0.0117) 
    0.006742   (10 0.714) (17 -0.535) (16 -0.362) (13 0.214) (24 0.0886) (20 0.062) (14 -0.0532) (25 -0.0471) (26 0.0374) (18 0.0366) (23 -0.0362) (144 0.0353) (36 0.0353) (15 -0.0298) (40 0.0267) (21 0.0265) (37 -0.0255) (11 0.0242) (33 -0.0161) (22 -0.016) (78 -0.0145) (12 -0.0111) 
   0.0069511   (11 0.883) (41 0.332) (12 0.283) (13 -0.0969) (44 0.0626) (42 0.0605) (40 0.0556) (15 -0.0512) (48 -0.0502) (14 0.0269) (46 -0.0266) (36 0.0219) (38 -0.0213) (49 0.0177) (30 -0.0158) (37 -0.0133) (35 -0.012) (61 0.0119) (60 0.0114) (109 -0.0106) 
    0.007472   (142 0.999) (41 0.0424) (11 -0.0183) 
   0.0075875   (41 -0.875) (11 0.337) (42 -0.159) (40 -0.142) (44 -0.138) (12 0.11) (48 0.104) (46 0.0877) (38 0.0576) (142 0.0491) (36 -0.0479) (49 -0.0421) (15 -0.0419) (30 0.0364) (22 0.0319) (37 0.0319) (35 0.0303) (61 -0.0294) (60 -0.023) (45 0.0219) (74 0.0216) (19 -0.0212) (52 -0.0207) (50 0.0204) (43 0.0199) (109 0.0187) (32 -0.0181) (56 0.0174) (34 0.0165) (29 0.0163) (31 -0.0162) (82 0.0146) (39 -0.014) (84 -0.0138) (79 0.0138) (66 -0.0138) (67 0.0128) (24 -0.0116) (27 0.0116) (26 -0.0109) (80 0.0106) (87 0.0101) 
   0.0079107   (12 -0.895) (30 -0.284) (11 0.277) (29 -0.142) (13 -0.0749) (27 -0.0717) (28 -0.066) (32 -0.0327) (35 0.0269) (31 0.0246) (15 -0.0239) (41 -0.0213) (14 0.0181) (67 0.0164) (36 -0.0158) (19 0.0151) (48 -0.0127) (138 0.0121) (38 0.0117) (45 -0.0105) 
   0.0088895   (138 0.985) (30 -0.133) (29 -0.0666) (12 0.0663) (27 -0.032) (28 -0.0294) (11 -0.0214) (32 -0.0137) (35 0.011) (31 0.0105) 

 Largest eigenvalues
      31.763   (162 0.27) (164 0.95) 
      27.348   (36 -0.317) (40 -0.366) (49 0.29) (78 -0.416) 
       23.63   (13 -0.247) (36 0.239) (40 0.234) (78 -0.745) (79 0.248) 
      15.775   (107 0.386) (109 0.765) 
      4.3447   (96 0.294) (123 0.464) (124 -0.484) 
       1.368   (162 0.963) (164 -0.267) 
      1.2232   (163 -0.998) 
      1.1452   (165 -0.995) 
      1.1445   (88 0.362) (89 -0.744) (91 0.409) 
      1.1395   (100 0.474) (101 0.643) (106 0.469) 
       1.132   (100 0.344) (106 -0.75) 
      0.9375   (112 -0.32) (115 -0.687) (116 -0.422) 
     0.89448   (104 0.697) (105 0.473) (106 0.35) 
     0.88628   (99 -0.635) (100 -0.419) (103 -0.314) 
     0.87268   (104 -0.255) (112 0.662) (130 -0.225) (135 -0.217) 
     0.76402   (110 -0.497) (112 -0.343) (116 0.402) (135 -0.288) 
     0.67284   (110 0.711) (112 -0.309) 
     0.66859   (96 0.78) (99 0.317) 
     0.66203   (114 -0.462) (126 0.539) (135 -0.392) 
     0.60209   (111 0.318) (113 0.482) (114 0.6) (126 0.286) 
     0.58509   (108 0.581) (113 -0.354) (114 0.437) 
     0.57875   (108 -0.659) (113 -0.427) 
     0.57159   (122 0.429) (124 0.389) (130 0.417) 
     0.56696   (123 -0.336) (125 -0.684) (130 0.347) 
     0.56468   (119 -0.467) (120 0.357) (121 -0.432) (122 -0.333) (123 0.286) (125 0.331) 
     0.55074   (118 0.534) (119 0.467) (120 -0.322) 
     0.50268   (117 0.431) (119 -0.321) (120 -0.29) (121 0.325) (123 -0.435) (127 -0.352) 
     0.47048   (117 -0.652) (122 0.329) (126 0.328) (135 0.322) 
     0.45509   (117 0.47) (119 0.284) (126 0.371) (135 0.369) 
     0.39517   (91 -0.586) (92 -0.773) 
     0.39265   (124 0.372) (127 0.458) (135 0.403) 
     0.31898   (93 -0.246) (94 -0.894) (103 0.219) 
     0.30544   (94 0.322) (103 0.696) (104 0.379) (105 -0.34) 
      0.2654   (102 -0.829) (103 -0.225) 
     0.25837   (98 -0.489) (116 0.289) 
       0.247   (79 -0.341) (86 0.643) (98 0.302) 
     0.24164   (79 0.523) (98 0.574) 
     0.23029   (79 -0.501) (86 -0.598) 
     0.19036   (98 -0.395) (107 0.353) (111 0.476) (113 -0.368) 
     0.15701   (90 -0.786) (93 0.337) 
     0.14589   (90 0.344) (93 0.314) (97 -0.564) (107 -0.388) 
     0.13602   (85 0.302) (93 -0.609) (107 -0.354) 
     0.12824   (85 -0.879) (97 0.236) 
      0.1209   (88 -0.593) (89 -0.348) (93 0.327) (97 0.323) 
     0.10878   (72 -0.386) (80 0.522) (82 -0.403) (83 -0.341) 
     0.10632   (77 0.344) (80 -0.313) (83 -0.282) (97 0.286) 
     0.10343   (61 0.24) (66 -0.347) (71 0.252) (75 0.2) (76 -0.268) (82 0.226) 
     0.10047   (58 -0.517) (59 -0.35) (61 -0.364) 
    0.095079   (58 0.369) (59 0.462) (66 0.348) (83 0.27) 
    0.091807   (59 -0.339) (61 0.285) (66 -0.311) (97 -0.298) 
    0.087126   (59 0.206) (61 -0.573) (62 -0.285) (71 0.238) (97 -0.229) 
    0.078895   (61 0.426) (64 -0.354) (66 0.438) 
    0.074396   (63 0.258) (64 0.714) (83 -0.222) 
    0.073486   (61 -0.35) (62 0.646) 
    0.072696   (62 -0.524) (64 -0.384) (66 -0.299) 
    0.067159   (66 0.242) (71 0.233) (118 -0.386) 
    0.062267   (63 -0.251) (68 0.261) (74 -0.364) (75 0.256) (77 0.336) (82 -0.272) (87 0.233) (118 -0.249) 
    0.061583   (63 0.591) (87 0.295) 
    0.057844   (63 -0.579) (74 0.361) (87 0.289) 
    0.055698   (63 0.304) (67 -0.236) (68 0.397) (69 0.291) (71 0.372) (75 -0.272) (77 -0.287) 
    0.053649   (67 0.389) (74 -0.426) (82 0.347) 
    0.051193   (67 -0.531) (75 0.294) (77 0.306) 
    0.048279   (67 0.546) (68 0.351) (74 0.318) 
     0.04637   (75 -0.312) (82 -0.362) (83 0.32) (87 -0.305) 
    0.043869   (34 -0.686) (35 -0.604) 
    0.042428   (45 0.522) (46 0.582) 
    0.041906   (75 0.366) (76 0.329) (121 0.293) 
    0.040032   (51 -0.283) (52 -0.3) (53 -0.448) (75 -0.311) (76 -0.335) 
    0.032821   (53 0.408) (75 -0.348) (76 -0.363) 
    0.031854   (29 -0.705) (30 0.313) (37 0.302) 
    0.029446   (29 0.467) (32 -0.427) (37 0.304) 
    0.027688   (32 0.34) (34 -0.321) (35 0.347) (50 0.3) (91 0.307) 
    0.027432   (34 0.455) (35 -0.54) (36 -0.381) (37 -0.353) 
    0.022447   (50 -0.505) (52 -0.248) (76 0.23) (91 0.255) (92 -0.206) 
    0.021728   (130 -0.546) (131 0.557) (132 -0.361) 
    0.021021   (128 -0.578) (160 -0.809) 
    0.020166   (128 -0.577) (160 0.313) (161 0.754) 
     0.01947   (128 -0.577) (160 0.497) (161 -0.648) 
    0.016159   (15 -0.974) 
    0.015764   (140 0.998) 
