 1 50507.1
 2 604.301
 3 26.778
 4 175413
 5 489.685
 6 327.871
 7 488509
 8 39.6759
 9 13714
 10 2483.33
 11 3.98332
 12 1642.68
 13 297851
 14 3972.25
 15 0.845914
 16 322717
 17 3602.11
 18 8.811
 19 120382
 20 2063.02
 21 388.021
 22 163927
 23 3196.06
 24 152.579
 25 263.621
 26 318.478
 27 21.9612
 28 2848.89
 29 244.582
 30 309.3
 31 518.047
 32 69.1009
 33 1025.02
 34 221.417
 35 155.036
 36 415.151
 37 1528.6
 38 2956.56
 39 7.95476
 40 977.866
 41 4297.19
 42 2.11221
 43 677.342
 44 1466.43
 45 29.1554
 46 11086.3
 47 974.042
 48 1741.72
 49 1851.31
 50 193.039
 51 332.15
 52 207.059
 53 2906.37
 54 307.045
 55 214.425
 56 313.878
 57 942.761
 58 89.2349
 59 139.988
 60 195.989
 61 22.3877
 62 1.79951
 63 480.54
 64 318.615
 65 1.67918
 66 495.348
 67 3251.64
 68 235.904
 69 153808
 70 169773
 71 2134.81
 72 242.829
 73 17452.2
 74 24.6702
 75 14450.2
 76 8372.29
 77 5.84332
 78 1880.71
 79 8723.54
 80 60.6627
 81 2711.95
 82 1578.13
 83 256.472
 84 2.96972
 85 137.612
 86 2.98507
 87 4866.1
 88 1.70969
 89 1.63758
 90 1.90251
 91 9.99775
 92 492.934
 93 1577.38
 94 1288.63
 95 2297.08
 96 2291.86
 97 324.905
 98 323.206
 99 128.152
 100 1001.89
 101 1520.33
 102 128.879
 103 155.045
 104 136.416
 105 134.646
 106 162.107
 107 166.771
 108 171.571
 109 127.467
 110 99.2424
 111 182.022
 112 204.331
 113 190.194
 114 174.31
 115 182.662
 116 146.733
 117 173.031
 118 193.736
 119 152.813
 120 87.0439
 121 123.431
 122 48.6318
 123 65.35
 124 37.6451
 125 29.72
 126 52.3556
 127 27.2021
 128 90.6626
 129 66.6972
 130 61.6732
 131 20.3544
 132 21.0668
 133 22.6474
 134 36.4015
 135 8.74613
 136 46.6999
 137 9.86428
 138 9.19234
 139 9.22768
 140 10.8019
 141 11.3648
 142 8.88837
 143 9.41711
 144 15.2211
 145 15.2704
 146 12.7074
 147 10.3507
 148 29.5662
 149 16.3761
 150 12.0716
 151 13.9318
 152 23.8595
 153 21.3161
 154 13.5727
 155 20.1254
 156 24.2933
 157 46.8066
 158 0.188723
 159 0.0472586
 160 0.378061
 161 25.6202
 162 25.4443
 163 907.581
 164 1231.84
 165 5.55598
