 1 1000
 2 494.54
 3 22.0623
 4 1000
 5 406.622
 6 272.304
 7 999.897
 8 3.6676
 9 993.542
 10 892.59
 11 2.32508
 12 784.124
 13 1000
 14 998.043
 15 0.824336
 16 1000
 17 997.018
 18 3.06943
 19 1000
 20 838.898
 21 158.406
 22 1000
 23 953.274
 24 46.2361
 25 243.414
 26 252.449
 27 17.5006
 28 986.215
 29 195.059
 30 248.089
 31 494.932
 32 56.024
 33 827.257
 34 214.697
 35 137.959
 36 367.373
 37 988.247
 38 997.544
 39 3.74773
 40 611.753
 41 970.917
 42 1.77001
 43 497.78
 44 863.548
 45 17.5576
 46 998.394
 47 324.275
 48 677.41
 49 945.655
 50 189.708
 51 276.636
 52 172.772
 53 953.648
 54 273.118
 55 160.577
 56 229.71
 57 889.009
 58 88.2024
 59 134.738
 60 187.251
 61 22.2638
 62 1.79851
 63 455.854
 64 315.2
 65 1.67136
 66 488.223
 67 932.587
 68 69.4808
 69 999.884
 70 1000
 71 896.86
 72 103.234
 73 999.683
 74 3.14397
 75 998.111
 76 984.204
 77 3.42152
 78 884.553
 79 999.079
 80 19.7362
 81 978.517
 82 990.048
 83 240.447
 84 2.86673
 85 107.997
 86 2.65886
 87 989.114
 88 1.70948
 89 1.63756
 90 1.90224
 91 9.04828
 92 424.153
 93 810.202
 94 670.01
 95 905.764
 96 946.681
 97 308.387
 98 308.26
 99 126.581
 100 828.344
 101 947.702
 102 124.702
 103 151.946
 104 135.113
 105 133.741
 106 161.444
 107 166.044
 108 170.674
 109 126.407
 110 97.3209
 111 180.947
 112 203.381
 113 189.485
 114 173.826
 115 182.138
 116 145.851
 117 172.451
 118 193.334
 119 152.026
 120 85.4919
 121 122.796
 122 47.9627
 123 62.3185
 124 36.9882
 125 28.957
 126 51.8718
 127 25.7179
 128 88.1331
 129 65.5215
 130 60.7744
 131 20.0045
 132 20.784
 133 22.277
 134 35.3849
 135 8.46694
 136 46.3242
 137 9.53647
 138 8.87829
 139 8.90745
 140 10.318
 141 10.646
 142 8.43763
 143 9.00598
 144 14.8109
 145 14.9511
 146 12.359
 147 9.8792
 148 28.7634
 149 15.9005
 150 11.7601
 151 13.5863
 152 23.3722
 153 20.5757
 154 13.1766
 155 19.8199
 156 24.0436
 157 46.5252
 158 0.151847
 159 0.0453977
 160 0.311334
 161 21.8555
 162 23.6552
 163 366.137
 164 657.937
 165 5.0998
