 1 31.6228
 2 21.6299
 3 1.91603
 4 31.6228
 5 16.0153
 6 11.1103
 7 31.6205
 8 1.02581
 9 31.4567
 10 29.7209
 11 0.98328
 12 27.7748
 13 31.6228
 14 31.5854
 15 0.904238
 16 31.6228
 17 31.5392
 18 1.00328
 19 31.6228
 20 26.7436
 21 5.94789
 22 31.6228
 23 30.207
 24 2.42995
 25 15.212
 26 14.8882
 27 1.95947
 28 31.3528
 29 9.79712
 30 12.1618
 31 21.7346
 32 2.81488
 33 27.5714
 34 14.4349
 35 6.91508
 36 16.5367
 37 31.4153
 38 31.554
 39 1.38737
 40 24.4427
 41 31.0948
 42 1.29463
 43 21.7391
 44 28.8139
 45 1.90519
 46 31.5794
 47 11.3782
 48 21.9721
 49 30.538
 50 13.2567
 51 13.9559
 52 9.23487
 53 30.6936
 54 16.3233
 55 9.03921
 56 12.0694
 57 29.2172
 58 8.74952
 59 8.62954
 60 10.8519
 61 4.40786
 62 1.33155
 63 21.0053
 64 16.4242
 65 0.968617
 66 21.0877
 67 29.5916
 68 3.55536
 69 31.6195
 70 31.6228
 71 28.5346
 72 4.60592
 73 31.6156
 74 1.35961
 75 31.5693
 76 31.3524
 77 1.37593
 78 29.644
 79 31.6016
 80 1.95905
 81 31.0096
 82 31.4143
 83 14.9678
 84 1.40615
 85 10.1379
 86 1.43136
 87 31.3712
 88 1.09507
 89 1.04059
 90 1.24184
 91 2.45958
 92 18.15
 93 26.873
 94 23.905
 95 29.4391
 96 30.379
 97 16.1699
 98 15.8788
 99 8.94639
 100 28.0459
 101 30.4945
 102 10.1368
 103 11.6272
 104 10.8434
 105 10.9066
 106 12.2828
 107 12.3808
 108 12.5068
 109 10.3535
 110 8.38054
 111 12.7608
 112 13.928
 113 13.3615
 114 12.6239
 115 12.7176
 116 10.922
 117 12.2699
 118 13.23
 119 11.5835
 120 8.51288
 121 10.6934
 122 6.70747
 123 7.71843
 124 5.52774
 125 5.1086
 126 6.89589
 127 4.49189
 128 8.82025
 129 7.25684
 130 7.21349
 131 4.08342
 132 4.44278
 133 4.57728
 134 5.84669
 135 2.63991
 136 6.72836
 137 2.85575
 138 2.80025
 139 2.80743
 140 3.04973
 141 2.99583
 142 2.65197
 143 2.77109
 144 3.68716
 145 3.74176
 146 3.35067
 147 2.87821
 148 5.17043
 149 3.80466
 150 3.23425
 151 3.48166
 152 4.72133
 153 4.41003
 154 3.50308
 155 4.36616
 156 4.81354
 157 6.75431
 158 0.14743
 159 0.159334
 160 0.268588
 161 3.73947
 162 4.35582
 163 16.6144
 164 24.1414
 165 0.504881
