 Smallest eigenvalues
  1.9996e-06   (9 -1) 
  3.0987e-06   (48 -0.573) (51 0.528) (49 -0.298) (52 -0.247) (47 -0.229) (154 -0.202) (53 0.155) (43 0.141) (55 -0.128) (14 0.119) (37 -0.101) (42 -0.0947) (38 0.0864) (79 -0.0855) (44 -0.0793) (39 -0.0634) (40 0.0616) (26 0.0591) (45 0.0482) (78 0.0447) (80 0.0419) (63 -0.0382) (46 0.0338) (60 -0.0327) (56 0.0314) (57 0.0314) (27 -0.0307) (50 0.0301) (17 0.028) (33 0.0273) (61 0.0273) (35 -0.027) (36 0.0228) (68 0.022) (76 -0.02) (77 0.0186) (28 0.0177) (30 0.0174) (71 -0.0169) (31 0.0163) (84 0.0162) (66 0.0153) (74 -0.0145) (16 0.0142) (24 0.014) (22 -0.014) (88 0.0139) (72 0.0138) (64 0.0136) (65 -0.012) (41 -0.0116) (11 -0.0115) (67 -0.0114) (70 0.0113) (69 0.0113) (25 -0.0111) (75 -0.011) (81 -0.0106) 
  3.3574e-06   (154 -0.979) (48 0.118) (51 -0.109) (49 0.0615) (52 0.0508) (47 0.0472) (53 -0.032) (43 -0.0291) (55 0.0264) (14 -0.0246) (37 0.0209) (42 0.0196) (38 -0.0179) (79 0.0173) (44 0.0164) (39 0.0131) (40 -0.0127) (26 -0.0122) 
  5.7008e-06   (4 1) 
  5.8902e-06   (148 0.633) (47 0.507) (44 -0.358) (46 0.332) (43 0.154) (37 -0.126) (14 0.0978) (39 -0.0942) (38 0.0932) (42 -0.079) (40 0.0744) (45 -0.0667) (41 -0.0551) (79 -0.0529) (26 0.0491) (27 -0.0433) (52 -0.0392) (51 -0.0338) (78 0.0295) (35 -0.0276) (28 0.0264) (17 0.0235) (80 0.0203) (33 0.02) (60 -0.0192) (36 0.0185) (16 0.0183) (53 -0.0181) (24 0.0163) (56 0.0159) (57 0.0153) (49 -0.014) (25 -0.0134) 
  6.1003e-06   (148 0.774) (47 -0.415) (44 0.292) (46 -0.272) (43 -0.126) (37 0.103) (14 -0.08) (39 0.0771) (38 -0.0762) (42 0.0646) (40 -0.0608) (45 0.0545) (41 0.0451) (79 0.0431) (26 -0.0402) (27 0.0354) (52 0.0321) (51 0.0276) (78 -0.024) (35 0.0225) (28 -0.0216) (17 -0.0193) (80 -0.0166) (33 -0.0163) (60 0.0157) (36 -0.0152) (16 -0.0149) (53 0.0148) (24 -0.0133) (56 -0.013) (57 -0.0125) (49 0.0114) (25 0.011) 
   6.499e-06   (1 -0.988) (29 0.0899) (31 0.0672) (37 0.0478) (28 0.0468) (26 0.0422) (27 -0.0378) (35 0.0248) (38 -0.0205) (14 0.0203) (32 0.0183) (30 -0.0143) (39 0.013) (25 -0.0126) (33 -0.0115) 
  8.3069e-06   (155 -0.999) (29 0.0302) (31 0.0225) (28 0.0158) (37 0.0154) (26 0.015) (27 -0.0134) (14 0.011) 
  1.9799e-05   (29 -0.57) (31 -0.425) (28 -0.298) (37 -0.291) (26 -0.282) (27 0.252) (14 -0.207) (35 -0.155) (1 -0.152) (38 0.12) (32 -0.119) (30 0.0928) (39 -0.0811) (33 0.0808) (25 0.0785) (24 -0.0726) (16 -0.0659) (17 -0.0532) (155 -0.0529) (20 0.0497) (42 -0.0413) (22 0.0408) (79 0.0407) (36 0.0402) (21 -0.0392) (40 0.0366) (11 0.0242) (41 -0.024) (80 -0.0232) (44 -0.0175) (15 -0.0174) (60 0.0149) (47 -0.014) (78 -0.0128) (43 0.0119) (51 0.0117) (75 -0.0114) (56 -0.0106) (49 0.0101) 
  3.6369e-05   (19 0.698) (46 -0.459) (20 0.303) (47 0.199) (43 0.17) (18 0.165) (25 -0.159) (21 -0.131) (45 0.127) (22 -0.123) (42 -0.086) (37 -0.0715) (38 0.0606) (39 -0.0432) (36 0.0423) (26 0.0406) (41 -0.0372) (40 0.0371) (16 0.0358) (30 0.0351) (29 0.0346) (17 0.0334) (78 0.0329) (27 -0.0312) (44 0.0289) (79 -0.0284) (35 -0.0267) (15 0.026) (74 -0.0235) (32 -0.0204) (72 0.0197) (34 -0.0184) (50 0.0179) (53 -0.0177) (14 0.0176) (68 0.0169) (52 -0.0165) (61 0.0148) (80 0.0146) (62 0.0141) (33 0.014) (31 0.0129) (60 -0.0125) (73 0.0125) (49 0.0123) (66 -0.0109) (77 0.0101) 
  8.2365e-05   (158 -0.999) (46 -0.028) (19 -0.0214) (47 0.0116) 
   0.0001044   (46 0.662) (19 0.486) (47 -0.273) (20 0.227) (43 -0.191) (45 -0.174) (42 0.147) (37 0.129) (18 0.115) (14 -0.108) (39 0.107) (21 -0.105) (38 -0.0908) (22 -0.0781) (40 -0.0752) (25 -0.0578) (79 0.0559) (27 0.0494) (158 -0.0429) (48 -0.0386) (26 -0.0376) (44 -0.0372) (78 -0.0372) (28 -0.0341) (80 -0.0333) (34 -0.0296) (30 0.0257) (24 -0.0243) (35 0.0241) (74 0.0238) (56 -0.0224) (68 -0.0194) (67 0.0193) (72 -0.0192) (50 -0.0172) (60 0.0154) (81 0.0144) (61 -0.0141) (65 0.0136) (54 -0.0129) (15 0.0128) (71 0.0125) (51 0.0125) (11 0.0122) (63 0.0122) (62 -0.0111) (53 0.0104) (29 0.0103) 
   0.0001074   (3 1) 
  0.00014234   (20 0.525) (22 0.46) (14 0.444) (17 0.335) (21 0.258) (26 -0.24) (27 0.154) (23 0.098) (24 -0.0952) (19 -0.0797) (33 -0.0765) (38 -0.062) (37 0.0574) (30 -0.0553) (28 -0.0512) (43 -0.0397) (25 0.035) (44 0.0339) (47 0.0329) (29 0.0321) (40 -0.03) (11 -0.029) (36 -0.0265) (35 0.0264) (31 -0.0262) (39 0.0248) (12 -0.0189) (16 0.0185) (79 -0.0162) (57 0.0133) (52 -0.0123) (32 0.012) (45 -0.0116) 
  0.00020165   (159 1) 
  0.00022131   (2 -1) 
  0.00024667   (21 -0.689) (20 -0.448) (14 0.321) (17 0.263) (26 -0.208) (22 0.19) (27 0.166) (19 0.104) (24 -0.102) (16 0.0774) (37 0.0623) (157 0.0469) (38 -0.0412) (23 -0.0363) (29 0.0322) (33 -0.0309) (35 0.029) (28 -0.0276) (31 -0.0276) (39 0.0264) (44 0.0231) (30 -0.0227) (40 -0.0225) (36 -0.0223) (11 -0.0221) (47 0.0178) (79 -0.0157) (15 0.0144) (12 -0.0139) (42 0.0128) 
  0.00029141   (157 0.999) (21 0.0323) (20 0.021) (14 -0.0151) (17 -0.0124) 
  0.00029309   (8 1) 
  0.00030475   (28 -0.75) (26 0.43) (150 -0.397) (14 0.155) (37 0.139) (27 -0.0898) (31 -0.0772) (17 0.0668) (35 0.0606) (25 0.058) (38 -0.0564) (20 -0.0523) (16 0.0512) (39 0.051) (32 -0.0494) (48 0.0425) (51 0.041) (21 0.0373) (24 0.0354) (22 -0.0244) (47 0.0232) (40 -0.0223) (15 0.02) (29 0.0196) (19 0.019) (42 0.0189) (34 0.0188) (41 0.0186) (75 -0.0179) (43 -0.0172) (49 0.0171) (79 -0.0165) (36 -0.0145) (11 -0.0143) (44 -0.0121) (23 -0.012) 
  0.00031488   (150 -0.918) (28 0.325) (26 -0.186) (14 -0.0673) (37 -0.0601) (27 0.0389) (31 0.0334) (17 -0.0289) (35 -0.0263) (25 -0.0251) (38 0.0244) (20 0.0227) (16 -0.0222) (39 -0.0221) (32 0.0214) (48 -0.0184) (51 -0.0177) (21 -0.0162) (24 -0.0153) (22 0.0106) (47 -0.01) 
  0.00032179   (6 -1) 
    0.000333   (22 -0.582) (21 0.401) (26 -0.336) (20 -0.296) (23 0.285) (14 0.256) (153 -0.213) (17 0.182) (27 0.163) (19 0.108) (37 0.0894) (16 0.0893) (39 0.0588) (24 -0.0584) (35 0.048) (28 -0.0445) (15 0.0388) (31 -0.0338) (38 -0.0336) (33 0.0258) (47 0.0226) (79 -0.021) (40 -0.0201) (42 0.0181) (32 -0.0179) (41 0.0155) (11 -0.0155) (73 -0.0151) (36 -0.0142) (18 0.0135) (25 -0.0129) (51 0.0126) (48 0.0116) (30 0.0114) 
  0.00034471   (153 -0.977) (22 0.127) (21 -0.0874) (26 0.0731) (20 0.0645) (23 -0.062) (14 -0.0557) (17 -0.0397) (27 -0.0354) (19 -0.0234) (37 -0.0194) (16 -0.0194) (39 -0.0128) (24 0.0127) (35 -0.0104) 
   0.0003638   (73 -0.576) (57 -0.489) (70 0.3) (71 -0.238) (74 -0.213) (67 0.204) (60 0.199) (52 0.152) (66 -0.142) (63 0.132) (43 0.119) (79 0.105) (44 -0.104) (56 0.0782) (69 -0.0728) (68 -0.0697) (33 0.0683) (47 -0.06) (61 -0.0593) (72 0.0533) (51 0.0504) (64 -0.0496) (54 0.0448) (80 -0.0447) (37 0.0443) (50 0.0345) (45 0.0343) (20 0.0334) (16 -0.0316) (14 0.0289) (40 0.027) (75 -0.0269) (78 -0.026) (21 -0.0232) (39 0.0226) (38 0.0223) (123 -0.0222) (59 -0.021) (76 0.0202) (88 0.02) (30 0.0197) (19 -0.0187) (41 0.0186) (36 -0.0173) (126 0.0165) (109 0.016) (120 0.016) (62 -0.0155) (89 -0.0147) (77 0.0146) (104 0.014) (121 0.014) (15 -0.013) (100 0.0129) (84 0.0125) (152 -0.0124) (91 -0.012) (65 -0.0119) (35 0.0119) (99 -0.0116) (22 -0.0111) (106 -0.0107) (101 0.0107) (26 -0.0104) (32 -0.0103) (127 -0.0102) 
  0.00037864   (73 0.653) (57 -0.415) (67 0.25) (152 -0.242) (74 0.206) (66 -0.169) (63 0.148) (43 0.144) (44 -0.141) (52 0.128) (47 -0.123) (60 0.12) (68 -0.11) (71 0.0995) (49 0.0987) (14 0.0881) (33 0.0873) (72 -0.0831) (56 0.0781) (70 0.0656) (38 0.0602) (55 0.0592) (64 -0.0548) (45 0.0534) (61 -0.0518) (69 -0.0426) (39 0.0423) (120 0.0397) (53 -0.0385) (51 0.0381) (40 0.0359) (30 0.0301) (16 -0.0297) (59 -0.0257) (20 0.0253) (22 -0.0242) (19 -0.0242) (78 -0.0229) (84 0.0223) (48 -0.022) (41 0.0206) (121 -0.0199) (54 0.018) (125 -0.018) (31 0.0175) (75 0.0168) (127 -0.0168) (17 0.0153) (88 0.0151) (23 -0.0145) (62 -0.0145) (89 -0.0139) (139 0.013) (122 0.0127) (131 -0.0126) (32 -0.0124) (65 -0.0115) (99 -0.0112) (15 -0.0111) 
  0.00038788   (152 -0.97) (73 -0.156) (57 0.11) (67 -0.0649) (74 -0.0487) (66 0.0439) (63 -0.0386) (43 -0.038) (44 0.0371) (52 -0.0343) (60 -0.0326) (47 0.0319) (68 0.0284) (49 -0.0249) (33 -0.0231) (14 -0.0227) (71 -0.0219) (56 -0.0207) (72 0.0201) (70 -0.0199) (38 -0.0155) (55 -0.015) (64 0.0143) (45 -0.0139) (61 0.0137) (69 0.0115) (39 -0.011) (51 -0.0103) 
  0.00044821   (24 0.964) (26 -0.137) (23 0.0926) (54 -0.0771) (27 0.0721) (52 0.0659) (53 -0.0632) (25 0.0598) (21 -0.0548) (56 -0.0501) (14 0.0448) (22 0.0398) (57 0.0371) (47 -0.0329) (49 0.0314) (55 -0.0309) (16 0.0305) (28 -0.0288) (44 -0.0259) (33 0.0235) (17 0.023) (39 0.0214) (43 0.0195) (30 0.0175) (20 0.0172) (51 0.0138) (29 -0.0132) (79 -0.0127) (60 -0.0118) (50 -0.0108) (19 0.0103) 
  0.00049545   (147 0.749) (54 -0.33) (52 0.311) (53 -0.248) (56 -0.225) (57 0.138) (55 -0.132) (47 -0.122) (44 -0.11) (43 0.109) (49 0.0989) (24 -0.0985) (51 0.0718) (14 0.0599) (33 0.0519) (60 -0.0461) (38 0.044) (45 0.0433) (73 -0.0362) (40 0.0318) (26 0.0304) (50 -0.0273) (37 -0.0249) (48 -0.0246) (79 -0.0218) (23 -0.0217) (27 -0.0197) (71 -0.0184) (28 0.0154) (63 -0.0154) (16 -0.0149) (120 0.0135) (19 -0.0132) (22 -0.0131) (30 0.0124) (67 -0.0115) (80 0.0109) (61 0.0108) 
  0.00049632   (147 0.663) (54 0.373) (52 -0.352) (53 0.28) (56 0.254) (57 -0.157) (55 0.149) (47 0.138) (44 0.124) (43 -0.123) (49 -0.112) (24 0.106) (51 -0.0812) (14 -0.068) (33 -0.0587) (60 0.0521) (38 -0.0498) (45 -0.049) (73 0.041) (40 -0.0359) (26 -0.0336) (50 0.0309) (37 0.0282) (48 0.0279) (79 0.0246) (23 0.0241) (27 0.0218) (71 0.0209) (63 0.0174) (28 -0.0173) (16 0.0166) (120 -0.015) (19 0.0148) (22 0.0146) (30 -0.0142) (67 0.013) (80 -0.0123) (61 -0.0122) (31 -0.0108) (78 -0.0101) 
  0.00050527   (55 0.583) (53 0.542) (39 -0.334) (52 0.314) (57 0.172) (40 0.154) (54 -0.146) (37 0.136) (43 0.119) (38 -0.113) (47 -0.0985) (44 -0.0965) (49 0.0601) (60 -0.0597) (41 -0.0392) (45 0.0389) (79 -0.0319) (71 -0.0256) (51 0.0217) (36 -0.0214) (50 -0.0186) (151 -0.0184) (70 0.0178) (78 0.0177) (35 0.0159) (42 -0.0154) (56 0.0143) (80 0.014) (20 0.0137) (26 -0.0136) (73 -0.0126) (69 -0.0118) (48 -0.0118) (61 0.0112) (27 0.0111) 
  0.00052163   (151 -0.969) (39 0.176) (37 -0.0848) (38 0.0806) (40 -0.0664) (55 0.0579) (53 0.0507) (52 0.0329) (33 0.0303) (14 0.0252) (57 0.0187) (41 0.018) (26 0.0158) (49 -0.013) (43 -0.0127) (27 -0.012) (54 -0.0106) (47 0.0104) (35 -0.0102) (79 -0.01) 
  0.00055904   (39 -0.671) (37 0.326) (38 -0.311) (55 -0.273) (40 0.252) (151 -0.245) (53 -0.242) (52 -0.154) (33 -0.12) (14 -0.0997) (57 -0.087) (41 -0.0685) (26 -0.0616) (54 0.0528) (49 0.0474) (27 0.0465) (79 0.0423) (43 0.0412) (35 0.039) (73 0.0376) (23 0.0354) (60 0.0347) (28 -0.0337) (47 -0.0337) (51 -0.0285) (44 -0.0254) (42 -0.0234) (29 -0.0232) (71 0.0231) (36 -0.0216) (48 -0.0201) (80 -0.0201) (50 -0.0192) (31 -0.0185) (56 -0.0184) (19 0.0173) (45 0.0171) (78 -0.0164) (32 0.0141) (17 -0.0135) (25 0.0125) (67 0.0104) 
  0.00058174   (70 -0.795) (71 0.386) (57 -0.284) (73 -0.189) (52 0.153) (49 -0.135) (69 0.104) (60 0.0881) (74 -0.0842) (51 0.0738) (50 0.0627) (43 0.0556) (48 0.0472) (68 0.0466) (75 -0.0389) (76 0.0377) (33 0.0371) (44 -0.0332) (55 0.0327) (149 0.0323) (37 0.0311) (65 -0.03) (84 0.0289) (61 -0.0236) (56 0.0226) (20 0.0222) (77 0.0215) (40 0.0214) (88 0.0187) (16 -0.0182) (21 -0.0174) (72 0.0162) (54 -0.0155) (125 -0.0155) (124 -0.0153) (123 -0.0149) (127 -0.0146) (78 -0.0144) (14 0.0142) (36 -0.0133) (126 0.0131) (120 0.0127) (90 0.0121) (97 -0.0108) (104 0.0102) (100 0.0101) 
  0.00061742   (149 0.854) (49 0.371) (52 -0.153) (50 -0.132) (51 -0.126) (47 -0.125) (48 -0.106) (44 -0.0961) (54 0.0865) (43 0.0756) (73 -0.063) (70 -0.0612) (53 0.0556) (45 0.0543) (14 0.0461) (38 0.0413) (33 0.0352) (37 -0.0335) (79 -0.0285) (39 0.0278) (67 -0.0239) (55 -0.0219) (57 0.0207) (68 0.0173) (63 -0.0168) (26 0.016) (74 -0.0154) (23 -0.0138) (80 0.0137) (66 0.0136) (40 0.0134) (72 0.0122) (27 -0.0114) (22 -0.0109) (30 0.0104) 
  0.00065806   (49 -0.603) (149 0.518) (52 0.242) (50 0.213) (47 0.207) (51 0.203) (48 0.171) (44 0.161) (70 0.151) (54 -0.142) (43 -0.129) (73 0.116) (53 -0.0913) (45 -0.0899) (14 -0.077) (38 -0.0685) (33 -0.0606) (37 0.0531) (79 0.047) (39 -0.0456) (67 0.04) (71 -0.037) (55 0.034) (68 -0.0315) (74 0.0306) (63 0.0272) (26 -0.0261) (40 -0.0235) (23 0.0229) (80 -0.0228) (66 -0.0218) (72 -0.0211) (27 0.0184) (22 0.0184) (69 -0.0179) (30 -0.0178) (19 0.0165) (57 -0.0156) (31 -0.0155) (42 0.0149) (16 0.014) (120 -0.0136) (17 -0.0109) (64 -0.0103) 
  0.00073995   (38 0.743) (37 0.432) (39 -0.215) (23 -0.205) (22 -0.178) (43 -0.159) (20 0.148) (33 0.118) (40 -0.1) (19 -0.0992) (36 -0.0987) (44 0.098) (21 -0.0958) (14 0.0818) (16 -0.0782) (41 -0.0658) (26 -0.0548) (35 0.0467) (52 -0.0388) (47 0.0382) (27 0.0342) (57 0.0333) (15 -0.027) (45 -0.0266) (17 0.0178) (32 -0.0173) (51 -0.0163) (30 0.0159) (56 -0.0146) (24 0.0139) (34 -0.0134) (18 -0.0134) (42 -0.0131) (28 -0.0124) (54 -0.0104) 
  0.00080595   (23 -0.59) (22 -0.487) (20 0.295) (38 -0.292) (33 -0.235) (19 -0.215) (14 0.187) (21 -0.185) (37 -0.153) (16 -0.104) (30 -0.0957) (26 -0.0832) (17 0.0581) (24 0.0515) (36 0.0438) (143 -0.0434) (31 -0.0424) (32 0.0405) (39 0.0372) (15 -0.0366) (27 0.0326) (18 -0.0295) (35 -0.0278) (28 -0.0265) (44 0.0171) (11 -0.016) (47 0.0146) (43 -0.014) (49 -0.0136) (40 0.0127) (34 0.0114) (12 -0.0111) 
  0.00091553   (143 -0.98) (142 0.191) (139 0.0306) (23 0.0273) (22 0.0226) (20 -0.0139) (19 0.0101) 
   0.0009578   (48 0.386) (49 -0.358) (44 -0.358) (52 -0.351) (47 -0.324) (43 0.312) (16 -0.24) (51 -0.239) (50 0.187) (57 0.137) (14 0.127) (17 -0.114) (45 0.111) (33 0.0917) (56 -0.0915) (37 0.0915) (41 0.0883) (39 0.0806) (15 -0.0436) (53 0.0433) (54 -0.0424) (79 0.0391) (40 0.0382) (42 0.038) (46 -0.0343) (60 -0.0333) (26 -0.031) (36 -0.031) (27 0.0245) (35 0.024) (30 0.0229) (78 -0.0214) (38 0.0199) (32 -0.0155) (80 -0.0146) (70 0.0133) (21 -0.0124) (20 0.0123) (19 0.0121) (84 0.012) (120 0.0111) (22 0.0101) 
   0.0010939   (16 -0.716) (17 -0.438) (14 0.343) (19 0.154) (20 -0.15) (44 0.128) (43 -0.126) (33 -0.12) (15 -0.115) (47 0.106) (48 -0.0976) (22 0.0891) (49 0.0842) (52 0.0782) (21 0.0735) (23 0.0628) (51 0.0557) (30 -0.0503) (50 -0.0489) (45 -0.0405) (39 -0.0384) (38 -0.0337) (41 -0.0315) (18 0.0278) (57 -0.025) (37 -0.0244) (11 -0.0219) (40 -0.0216) (32 0.0204) (26 -0.0202) (56 0.0195) (31 -0.0194) (28 -0.0191) (12 -0.0188) (24 0.0165) (36 0.0122) (35 -0.0117) (27 0.0113) (79 -0.0108) 
   0.0011897   (146 -0.999) (139 0.0301) 
   0.0012651   (54 0.733) (33 0.371) (52 0.344) (56 -0.254) (57 0.218) (36 0.143) (55 -0.108) (35 0.0946) (51 0.0903) (38 -0.0863) (50 0.069) (30 0.0678) (14 0.0561) (16 -0.051) (20 0.0499) (60 -0.0438) (44 -0.0419) (79 0.0395) (32 -0.0394) (21 -0.0388) (39 -0.0384) (49 -0.0382) (19 -0.0361) (31 0.0299) (43 0.0283) (34 -0.0243) (23 -0.0239) (22 -0.022) (15 -0.0215) (48 0.0191) (137 -0.0176) (72 0.0165) (80 -0.0161) (71 0.0155) (47 -0.0147) (37 0.0135) (67 0.0131) (45 0.0131) (73 0.013) (68 -0.012) (28 0.0105) (78 -0.01) 
   0.0014286   (33 0.688) (36 0.361) (54 -0.326) (52 -0.202) (38 -0.197) (43 -0.187) (35 0.171) (39 -0.142) (44 0.14) (137 -0.128) (14 0.112) (30 0.112) (37 -0.102) (56 0.102) (57 -0.069) (32 -0.0659) (51 -0.0651) (31 0.0585) (47 0.0543) (40 -0.0514) (41 -0.0508) (16 -0.0451) (19 -0.0449) (20 0.0445) (55 0.0442) (34 -0.0424) (23 -0.0423) (45 -0.0384) (22 -0.0334) (21 -0.0319) (26 0.031) (28 0.0278) (50 -0.0247) (17 0.0209) (79 -0.0195) (27 -0.0163) (15 -0.0152) (60 0.0148) (73 -0.0144) (29 0.0136) (11 -0.0109) (71 -0.0103) 
   0.0015191   (137 -0.989) (33 -0.0954) (139 -0.0725) (36 -0.049) (54 0.0293) (38 0.0268) (35 -0.0238) (43 0.0233) (138 0.0209) (52 0.0198) (39 0.0189) (44 -0.017) (30 -0.0156) (14 -0.0156) (37 0.0128) 
   0.0015376   (11 -0.948) (35 -0.285) (33 0.0614) (37 0.0574) (30 0.0558) (38 -0.0439) (36 -0.0439) (14 -0.0421) (31 0.0343) (134 -0.0325) (34 0.0259) (15 -0.0176) (43 -0.0155) (40 -0.0141) (45 -0.0128) (72 -0.0117) 
   0.0016538   (134 -0.823) (35 -0.48) (11 0.199) (33 0.108) (37 0.0901) (30 0.086) (36 -0.0752) (14 0.0731) (38 -0.0693) (31 0.0554) (34 0.0416) (26 0.0324) (27 -0.0253) (43 -0.0236) (40 -0.0219) (17 0.0177) (28 0.0171) (44 0.017) (45 -0.0168) (42 0.0132) (22 -0.0123) (55 -0.0121) (47 0.012) (32 -0.0112) (53 0.0107) (19 -0.01) 
   0.0019383   (35 0.712) (134 -0.567) (11 -0.234) (33 -0.16) (37 -0.134) (30 -0.128) (36 0.112) (14 -0.104) (38 0.103) (31 -0.0823) (34 -0.0618) (26 -0.0475) (27 0.0372) (43 0.0351) (40 0.0326) (17 -0.0263) (44 -0.0252) (28 -0.0252) (45 0.0251) (42 -0.0195) (22 0.0182) (55 0.018) (47 -0.0179) (32 0.0167) (53 -0.0157) (29 0.0146) (19 0.0146) (18 -0.0125) (51 0.0119) (79 0.0101) 
   0.0020032   (30 0.745) (31 0.483) (33 -0.219) (53 0.173) (55 -0.172) (29 -0.163) (35 0.143) (28 -0.0872) (34 0.0787) (37 -0.0724) (50 -0.0634) (71 -0.0622) (51 -0.0594) (52 0.0548) (26 -0.0529) (27 0.0419) (54 -0.0377) (49 -0.0364) (16 -0.0353) (19 -0.0345) (32 -0.0342) (70 -0.034) (74 0.034) (72 0.0303) (47 0.0303) (24 -0.0268) (69 -0.0259) (68 0.0243) (60 0.0229) (43 -0.0224) (40 -0.0215) (20 0.0193) (48 0.0192) (130 0.0192) (21 -0.019) (56 -0.0187) (25 0.0187) (39 -0.0181) (57 -0.0164) (41 0.0157) (65 0.015) (73 0.0141) (45 -0.013) (38 0.0127) (80 -0.0111) (78 -0.0104) (46 -0.0104) (14 0.0101) 
   0.0020794   (71 -0.622) (74 0.326) (68 0.305) (70 -0.303) (130 0.257) (72 0.241) (69 -0.211) (67 -0.152) (53 -0.138) (55 0.13) (77 -0.129) (79 0.102) (60 0.0867) (80 -0.0841) (51 0.0686) (57 -0.0666) (73 0.0611) (56 0.0583) (63 -0.058) (78 -0.0564) (83 -0.0555) (41 0.0513) (62 0.0497) (54 0.0493) (42 -0.0465) (61 0.0374) (86 -0.0327) (33 0.0321) (64 0.0316) (30 -0.0314) (47 -0.0282) (107 -0.0268) (59 0.026) (75 0.0256) (44 -0.025) (109 -0.0233) (40 0.0225) (43 0.0222) (48 0.0193) (81 0.0192) (66 0.0187) (37 0.0185) (96 0.0177) (120 -0.0171) (85 -0.0168) (89 -0.0164) (87 -0.0157) (84 0.0153) (31 -0.014) (76 0.0133) (58 -0.012) (100 0.0117) (35 -0.0116) (91 0.0109) (16 -0.0106) (93 -0.0106) 
   0.0022298   (130 0.57) (55 0.465) (53 -0.451) (71 0.2) (50 0.183) (30 0.182) (52 -0.116) (74 -0.115) (31 0.112) (70 0.112) (51 0.108) (72 -0.101) (69 0.0971) (54 0.094) (49 0.0815) (56 0.0726) (42 -0.0709) (60 -0.0656) (57 0.0598) (73 -0.0589) (68 -0.0558) (65 -0.0502) (48 -0.049) (63 -0.0476) (47 -0.0444) (33 -0.0406) (29 -0.0379) (34 0.0351) (45 0.032) (84 -0.0309) (77 0.0273) (81 -0.026) (28 -0.0254) (46 0.0252) (78 0.025) (80 0.0235) (133 0.0218) (79 -0.0195) (88 0.0178) (131 0.0178) (14 0.0173) (64 0.0171) (19 -0.0171) (120 -0.017) (26 -0.0151) (67 0.0142) (16 -0.0142) (41 0.0138) (90 -0.0131) (37 -0.0129) (75 -0.012) (35 0.0117) (124 0.0113) (123 0.0112) (127 0.0111) (24 -0.0109) (27 0.0106) (107 0.0103) 
   0.0023612   (130 0.777) (55 -0.379) (53 0.371) (30 -0.141) (50 -0.133) (51 -0.1) (31 -0.0893) (54 -0.0842) (52 0.0821) (56 -0.0719) (42 0.0672) (68 -0.0604) (71 0.0598) (49 -0.0561) (133 0.0555) (63 0.0537) (131 0.0454) (47 0.0412) (67 0.0398) (65 0.0352) (29 0.0302) (48 0.0288) (41 -0.0277) (34 -0.0275) (45 -0.0244) (33 0.0243) (74 -0.0236) (64 -0.0228) (73 0.0225) (77 0.0222) (46 -0.0214) (57 -0.0211) (28 0.02) (70 0.0189) (79 -0.0188) (60 0.0186) (83 0.0178) (84 0.0175) (16 0.0148) (14 -0.0147) (26 0.0138) (19 0.0137) (44 0.0135) (88 -0.0133) (81 0.0127) (86 0.0123) (66 -0.0121) (59 -0.0108) (80 0.0101) (62 -0.01) 
   0.0025904   (23 0.678) (21 -0.406) (20 0.315) (22 -0.275) (19 -0.25) (56 -0.229) (26 0.117) (15 -0.102) (33 -0.0917) (16 -0.0777) (27 -0.0751) (52 -0.0741) (18 -0.073) (37 -0.0633) (57 -0.0592) (30 -0.0537) (43 -0.0528) (55 0.0489) (24 -0.0489) (44 0.0431) (36 0.0348) (60 0.0348) (29 -0.032) (25 -0.0286) (35 -0.0255) (47 0.0233) (14 0.0232) (12 -0.0226) (53 0.0222) (79 -0.0211) (39 -0.0194) (13 0.0192) (45 -0.0173) (71 -0.0149) (51 -0.0148) (120 -0.0141) (32 0.0136) (48 -0.0126) (124 -0.0112) (78 0.0109) (54 -0.0109) (63 -0.0102) 
   0.0026732   (60 -0.876) (56 0.319) (57 -0.199) (61 0.122) (55 -0.113) (52 0.111) (59 -0.0834) (79 0.0767) (23 0.0726) (21 -0.0575) (47 -0.0562) (132 0.054) (20 0.0514) (71 -0.0463) (80 -0.0399) (63 -0.0376) (48 0.0354) (22 -0.0342) (19 -0.0341) (43 0.0317) (62 0.0255) (44 -0.025) (84 -0.0248) (54 0.0245) (64 0.0239) (16 -0.0227) (73 -0.0223) (109 0.0219) (15 -0.0217) (68 0.0215) (108 -0.0206) (51 -0.0201) (49 0.0189) (125 -0.0175) (33 0.0171) (69 -0.0166) (107 0.0159) (124 -0.0158) (45 0.0147) (70 -0.0145) (119 0.0145) (65 -0.0145) (50 0.0144) (72 -0.0135) (46 0.0132) (90 -0.0107) 
   0.0027068   (132 0.762) (56 0.475) (57 0.259) (60 0.203) (50 -0.116) (52 0.111) (23 0.0942) (55 -0.0878) (21 -0.0736) (53 -0.0659) (20 0.0648) (43 0.0582) (44 -0.0482) (22 -0.0438) (19 -0.0435) (51 0.0424) (41 0.0395) (71 0.0386) (48 0.0367) (42 0.0318) (79 0.0314) (63 0.0308) (47 -0.0308) (16 -0.0301) (61 -0.0295) (131 -0.0229) (59 0.0224) (65 0.0223) (33 0.0221) (68 -0.0215) (78 -0.0203) (37 0.02) (84 0.0179) (120 0.0176) (15 -0.0171) (49 -0.0162) (74 -0.0162) (64 -0.015) (46 -0.014) (40 0.0137) (39 0.0128) (24 -0.011) (26 0.0105) (18 -0.0104) (67 0.0103) 
   0.0028929   (132 0.643) (56 -0.588) (57 -0.289) (60 -0.166) (52 -0.14) (50 0.136) (23 -0.118) (55 0.114) (21 0.092) (20 -0.0811) (53 0.078) (43 -0.0715) (44 0.0591) (22 0.0548) (19 0.0544) (51 -0.0482) (48 -0.0465) (41 -0.0461) (79 -0.0431) (71 -0.042) (47 0.0414) (42 -0.0378) (16 0.0376) (63 -0.0333) (124 -0.0308) (120 -0.0278) (33 -0.0277) (125 -0.0261) (65 -0.0251) (78 0.0249) (61 0.0245) (37 -0.024) (68 0.0237) (15 0.0222) (84 -0.0201) (74 0.0196) (59 -0.0193) (122 0.0188) (131 -0.0174) (49 0.0174) (40 -0.017) (64 0.0157) (39 -0.0155) (46 0.0153) (80 0.0138) (24 0.0136) (107 0.0132) (18 0.0132) (26 -0.0129) (127 -0.0129) (67 -0.0119) 
   0.0035886   (40 0.837) (39 0.312) (67 0.172) (65 -0.167) (43 -0.153) (41 -0.146) (84 -0.135) (66 -0.128) (44 0.115) (63 -0.114) (37 0.0811) (57 0.0775) (33 0.0625) (38 0.062) (64 0.0516) (87 0.0395) (52 -0.0299) (50 0.0296) (47 0.0292) (51 -0.0292) (30 0.0283) (129 0.028) (70 -0.0276) (42 -0.0239) (69 -0.0228) (55 -0.0228) (31 0.0224) (96 0.0203) (15 0.0202) (16 -0.0193) (79 -0.0189) (71 -0.0165) (73 -0.0161) (20 0.016) (46 0.0156) (91 0.0155) (80 0.015) (53 0.0147) (109 -0.0143) (90 0.0138) (29 -0.0136) (107 -0.0128) (21 -0.0127) (23 -0.0126) (14 0.0123) (68 0.0113) (82 0.0111) (45 -0.0103) 
   0.0037722   (84 -0.857) (129 0.339) (87 0.169) (67 -0.151) (65 0.139) (66 0.11) (63 0.0964) (79 -0.0932) (57 -0.0708) (90 0.0665) (85 0.0571) (78 0.0569) (107 -0.0541) (109 -0.0493) (40 -0.0441) (91 0.0439) (64 -0.0432) (96 0.0402) (80 0.0396) (43 0.039) (92 0.0384) (52 0.0362) (86 -0.0348) (60 0.0348) (120 0.0338) (44 -0.0334) (127 -0.0282) (103 -0.0256) (123 -0.0251) (41 0.0218) (88 0.0217) (39 -0.0214) (56 0.0203) (50 -0.0202) (47 -0.0194) (93 -0.0192) (94 -0.019) (126 0.0189) (89 -0.0175) (69 0.017) (83 0.0166) (72 -0.0161) (42 0.0149) (49 -0.0146) (112 0.0141) (102 0.014) (33 0.014) (48 0.0139) (51 0.0137) (117 -0.0133) (114 0.013) (54 0.0126) (77 -0.0114) (105 -0.0112) (111 -0.0111) (100 0.0109) (81 -0.0108) (55 -0.0105) (110 0.0104) (61 -0.0102) 
   0.0039597   (129 0.692) (84 0.383) (67 -0.31) (65 0.287) (66 0.23) (40 0.198) (63 0.184) (50 0.0943) (64 -0.0846) (57 -0.0843) (87 -0.0831) (39 0.0775) (70 0.0683) (79 0.0599) (69 0.047) (41 -0.0468) (71 0.0427) (127 -0.0419) (90 -0.0411) (80 -0.0327) (91 -0.0327) (109 0.0315) (85 -0.03) (96 -0.0299) (73 0.0276) (49 0.0267) (107 0.0267) (52 0.0252) (42 -0.0251) (43 -0.0242) (48 -0.0222) (68 -0.022) (33 0.0214) (78 -0.0206) (45 0.0205) (37 0.0204) (38 0.0196) (92 -0.0176) (76 -0.0173) (74 -0.0165) (86 0.016) (103 0.0156) (82 -0.0139) (14 0.0137) (56 0.0131) (94 0.0129) (30 0.0121) (46 0.0112) (59 -0.0108) (61 -0.0105) 
   0.0040589   (129 0.634) (67 0.412) (65 -0.38) (66 -0.304) (63 -0.248) (40 -0.23) (57 0.127) (64 0.113) (50 -0.0917) (39 -0.0871) (70 -0.0769) (69 -0.0593) (84 0.05) (52 -0.046) (41 0.0453) (71 -0.041) (33 -0.0341) (73 -0.0324) (60 -0.0289) (37 -0.0283) (127 -0.0283) (38 -0.0268) (56 -0.0254) (68 0.0244) (45 -0.0228) (49 -0.0203) (42 0.0198) (76 0.019) (14 -0.0187) (109 -0.0173) (61 0.0167) (48 0.0158) (30 -0.0152) (47 0.0145) (59 0.0141) (96 0.0138) (74 0.0136) (80 0.0134) (79 -0.0132) (20 -0.0132) (91 0.0128) (93 0.0127) (21 0.012) (43 0.0117) (83 -0.0116) (16 0.0114) (77 0.0114) (82 0.0111) (75 -0.0105) (46 -0.0104) (54 -0.0102) 
   0.0041355   (105 0.59) (96 -0.321) (103 0.28) (123 -0.266) (101 0.201) (108 -0.194) (110 -0.192) (106 -0.173) (107 -0.17) (119 0.168) (112 -0.151) (99 -0.147) (122 0.145) (98 -0.134) (102 -0.116) (117 -0.112) (97 -0.108) (124 0.1) (120 -0.0911) (114 -0.0843) (109 -0.0807) (100 -0.0783) (111 -0.0716) (121 -0.0695) (50 0.0675) (90 -0.0538) (115 -0.0526) (91 0.0503) (94 0.0502) (113 0.0456) (118 -0.0359) (116 -0.0299) (84 -0.0293) (82 -0.0283) (72 -0.028) (104 -0.0239) (93 -0.0228) (92 -0.0227) (55 -0.0196) (71 -0.0175) (89 0.0172) (78 0.0159) (51 -0.0157) (85 -0.0153) (49 0.0149) (60 0.0148) (56 0.0141) (81 -0.0136) (53 0.0134) (70 -0.0122) (80 -0.0107) (79 -0.0102) (83 0.0101) 
   0.0042603   (142 -0.979) (143 -0.189) (139 0.0584) (123 -0.024) (141 -0.0148) (96 0.0119) (122 0.0109) 
   0.0043588   (50 0.828) (49 0.213) (55 -0.196) (48 -0.169) (51 -0.161) (56 0.145) (53 0.138) (72 -0.123) (60 0.0979) (40 -0.0914) (45 0.0912) (52 0.0858) (71 -0.0826) (57 0.0825) (42 -0.0763) (54 -0.0702) (123 0.0692) (15 -0.0674) (84 -0.0601) (65 -0.058) (63 -0.0568) (70 -0.0562) (107 0.0541) (82 -0.0508) (41 -0.0505) (119 -0.0504) (105 -0.0491) (96 -0.0419) (46 0.0414) (122 -0.0403) (124 -0.0368) (66 -0.0352) (109 0.0342) (67 0.0328) (117 0.0306) (80 -0.0265) (78 0.0264) (90 -0.026) (74 0.0258) (87 -0.0257) (23 0.0252) (68 0.0252) (43 -0.0244) (81 -0.0237) (64 0.0234) (120 0.0233) (108 0.0227) (103 -0.0226) (59 0.0213) (101 -0.021) (121 0.0206) (31 -0.0204) (92 0.0199) (38 -0.0198) (112 -0.0192) (115 0.0174) (111 -0.0164) (83 0.0158) (47 0.0148) (33 -0.0146) (110 0.0146) (44 0.0145) (39 -0.0134) (79 -0.0134) (12 -0.0133) (69 -0.0131) (73 0.0119) (97 -0.0117) (104 -0.0114) (99 0.0106) (85 -0.0105) (91 -0.0103) (14 -0.0102) (13 0.0101) 
   0.0044078   (72 -0.574) (45 0.512) (81 -0.295) (80 -0.283) (50 -0.175) (71 -0.175) (83 0.158) (93 -0.154) (46 0.148) (87 -0.128) (78 0.0996) (44 0.0919) (79 -0.0799) (77 0.077) (98 -0.0744) (76 0.0729) (49 -0.0693) (70 -0.0688) (48 0.0677) (42 -0.059) (113 -0.0563) (97 0.0492) (109 -0.0465) (100 0.0453) (107 0.0449) (41 -0.0444) (105 -0.0384) (89 0.0361) (47 0.0354) (67 -0.0336) (69 0.0314) (60 0.0312) (85 -0.0307) (90 0.0295) (75 -0.0285) (123 -0.0248) (156 0.0246) (51 0.0236) (63 -0.0231) (54 0.0229) (96 0.0224) (119 0.0221) (73 -0.0212) (68 0.0207) (82 -0.0202) (101 -0.0177) (114 0.0172) (66 0.0166) (91 0.0166) (43 -0.0166) (57 -0.016) (115 -0.0159) (117 -0.0155) (122 0.0152) (74 0.015) (103 0.0138) (104 0.0131) (39 0.0128) (52 0.0122) (18 -0.0109) (110 0.0102) 
   0.0045339   (156 0.999) (45 -0.0314) 
   0.0046722   (45 0.735) (72 0.482) (46 0.228) (80 0.151) (44 0.142) (71 0.138) (78 -0.135) (81 0.129) (42 -0.109) (87 0.0941) (109 0.071) (41 -0.0702) (83 -0.0684) (47 0.0634) (40 -0.0629) (90 0.0594) (70 0.0579) (43 -0.0528) (113 0.0441) (67 0.0422) (98 0.0394) (85 0.0367) (63 0.0321) (100 -0.0312) (48 0.0311) (49 -0.0305) (38 -0.0302) (76 -0.0284) (105 0.0279) (96 -0.0273) (107 -0.0264) (69 -0.0262) (156 0.0248) (15 -0.0243) (66 -0.024) (57 0.0225) (39 0.021) (37 0.0209) (123 0.0208) (75 0.0203) (117 0.0176) (14 -0.0174) (86 -0.017) (73 0.0167) (114 -0.0166) (77 -0.0161) (122 -0.016) (68 -0.016) (93 -0.0159) (115 0.0155) (54 -0.0153) (110 -0.015) (60 -0.0139) (50 -0.0139) (35 -0.0133) (97 -0.013) (118 -0.0129) (119 -0.0128) (23 0.0127) (56 0.0113) (104 -0.011) (101 0.0109) (84 -0.0104) (33 -0.0103) 
   0.0046913   (18 0.939) (136 -0.259) (19 -0.213) (15 0.039) (20 -0.0287) (23 0.0278) (16 -0.0273) (17 0.0253) (7 0.0183) (45 0.0136) (35 0.012) (14 -0.0119) (21 -0.0118) (30 -0.0104) (36 0.0101) 
   0.0049319   (136 -0.966) (18 -0.252) (19 0.0571) (15 -0.0105) 
   0.0051457   (7 -1) (18 0.0162) 
   0.0053514   (5 -1) 
   0.0053802   (29 -0.476) (31 -0.379) (28 0.368) (135 0.318) (26 0.289) (37 0.259) (27 -0.258) (14 0.225) (30 0.209) (35 0.145) (38 -0.125) (39 0.102) (17 0.0796) (33 -0.0604) (36 -0.0564) (24 0.056) (25 -0.0503) (16 0.0502) (40 -0.05) (34 -0.0417) (47 0.0351) (41 0.0332) (32 -0.0331) (20 -0.0305) (19 0.029) (21 0.0289) (79 -0.0286) (11 -0.0213) (44 0.0189) (15 0.017) (23 -0.0155) (42 0.0151) (43 -0.0117) (12 -0.0106) 
   0.0054436   (135 0.948) (29 0.16) (31 0.127) (28 -0.124) (26 -0.0969) (37 -0.0869) (27 0.0866) (14 -0.0757) (30 -0.0702) (35 -0.0486) (38 0.0419) (39 -0.0341) (17 -0.0267) (33 0.0203) (36 0.0189) (24 -0.0188) (25 0.0169) (16 -0.0169) (40 0.0168) (34 0.014) (47 -0.0117) (41 -0.0111) (32 0.0111) (20 0.0103) 
   0.0056897   (10 0.751) (17 -0.482) (16 0.367) (14 0.214) (26 -0.0734) (20 0.062) (15 0.0569) (27 0.0547) (21 -0.0405) (37 0.0344) (24 -0.0319) (25 0.0241) (19 -0.0224) (18 0.0216) (28 -0.0198) (38 -0.0156) (39 0.0141) (11 -0.014) (35 0.0112) 
   0.0057942   (145 -0.999) (10 -0.0269) (17 -0.0194) (16 0.0146) 
   0.0061669   (10 0.66) (17 0.554) (16 -0.417) (14 -0.225) (26 0.0893) (20 -0.0752) (27 -0.0633) (15 -0.0577) (21 0.0496) (37 -0.0427) (145 -0.0375) (24 0.0369) (25 -0.031) (19 0.0264) (18 -0.0239) (28 0.0223) (11 0.0198) (38 0.018) (39 -0.0176) (35 -0.0139) (12 0.0131) (80 -0.0112) (79 0.011) (29 0.011) (30 -0.0106) (41 -0.0103) 
   0.0064548   (13 -0.817) (12 0.461) (41 0.245) (42 0.194) (45 0.0602) (40 0.0583) (39 -0.047) (15 -0.0438) (47 0.0432) (50 0.0419) (14 0.0391) (38 0.034) (37 -0.0304) (48 -0.0303) (44 0.0299) (49 0.0162) (29 -0.015) (36 0.0149) (46 0.0145) (30 -0.0134) (60 -0.0113) (31 0.0101) (109 -0.01) 
   0.0069793   (144 0.999) (41 0.0278) (42 0.0241) (13 0.0147) 
   0.0076374   (41 -0.653) (42 -0.566) (13 -0.297) (40 -0.169) (12 0.163) (45 -0.142) (39 0.134) (47 -0.109) (38 -0.0998) (37 0.0962) (44 -0.0865) (50 -0.0842) (48 0.0684) (144 0.0433) (15 -0.0403) (36 -0.0375) (46 -0.035) (49 -0.0345) (14 -0.0311) (29 0.0308) (74 0.0305) (19 -0.0274) (31 -0.0273) (23 0.0269) (30 0.025) (60 0.0234) (59 -0.023) (26 -0.023) (35 0.0224) (52 0.0197) (56 0.0195) (27 0.0185) (109 0.0182) (67 0.0171) (80 0.017) (21 -0.0159) (34 0.0158) (78 0.0155) (17 -0.0151) (81 -0.0148) (55 -0.0143) (84 -0.0135) (61 -0.0134) (28 -0.0129) (107 0.0124) (65 0.0124) (75 0.0116) (68 0.0112) (63 -0.0112) (86 -0.0107) (20 0.0107) (77 0.0106) (62 0.0105) 
   0.0081013   (12 0.822) (13 0.467) (31 0.187) (29 -0.186) (30 -0.162) (32 -0.054) (14 0.0434) (36 -0.0353) (41 -0.0279) (33 0.0216) (15 -0.0173) (66 0.0167) (35 0.0164) (138 0.0137) (19 0.0133) (40 -0.0131) (34 0.013) (38 -0.0126) (37 0.0118) (27 -0.0112) (68 0.0111) (43 0.0102) 
   0.0085203   (138 0.991) (31 0.0721) (29 -0.0697) (30 -0.0605) (12 -0.0486) (13 -0.0271) (137 0.0207) (32 -0.0196) (41 -0.0112) (36 -0.011) 

 Largest eigenvalues
      62.272   (162 -0.245) (163 0.957) 
      42.415   (37 0.398) (39 0.299) (47 0.314) (79 0.381) 
      28.238   (79 0.679) (80 -0.34) 
      15.559   (107 0.521) (109 0.713) 
        4.58   (96 -0.286) (119 -0.368) (122 -0.296) (123 0.548) 
      1.4688   (162 -0.969) (163 -0.242) 
      1.2236   (164 -0.999) 
      1.1472   (165 0.997) 
      1.1417   (90 0.33) (91 -0.844) 
      1.1348   (101 0.769) (106 0.5) 
      1.1311   (101 0.357) (106 -0.785) 
     0.92242   (111 0.344) (115 -0.775) 
     0.91111   (103 -0.254) (104 0.837) (105 0.283) 
     0.86309   (99 -0.564) (100 -0.518) 
      0.8563   (111 -0.582) (112 0.326) 
     0.75968   (110 -0.478) (111 0.319) (115 0.346) (120 0.306) (139 0.289) 
     0.67276   (110 0.715) (111 0.3) 
     0.67027   (96 -0.742) (97 -0.255) (99 0.273) (110 0.226) 
     0.66355   (114 -0.498) (125 0.326) (126 0.459) (139 0.385) 
      0.5997   (111 -0.338) (112 -0.52) (114 0.497) 
     0.57672   (108 0.591) (112 0.341) (114 0.508) 
     0.57182   (108 -0.675) (110 -0.288) (112 0.399) 
      0.5679   (114 -0.348) (122 -0.357) (123 -0.39) (127 -0.291) (131 -0.29) (133 0.375) 
     0.56748   (122 0.425) (124 -0.495) (125 -0.466) 
     0.55127   (118 0.337) (119 0.332) (120 0.579) (121 -0.312) (124 0.3) 
     0.53425   (117 -0.642) (118 -0.494) 
     0.52445   (116 0.427) (117 0.32) (119 -0.422) (122 0.369) (125 0.295) (127 0.303) (133 0.308) 
     0.49423   (116 -0.65) (126 0.291) (139 -0.298) 
     0.49397   (116 0.545) (117 -0.289) (122 -0.324) (126 0.393) (139 -0.347) 
     0.42716   (92 0.97) 
     0.40701   (121 -0.328) (127 -0.389) (139 -0.388) 
     0.32959   (94 -0.927) (103 0.217) 
     0.31906   (94 0.328) (103 0.689) (104 0.337) (105 -0.397) 
     0.30356   (102 -0.82) 
     0.28195   (98 -0.458) (113 0.33) (118 0.264) (127 -0.269) 
     0.25128   (78 -0.35) (87 -0.658) 
     0.23181   (78 0.517) (98 0.542) 
     0.23029   (78 -0.526) (87 0.599) 
     0.22017   (98 -0.374) (107 0.345) (113 -0.574) 
     0.17196   (90 -0.777) (93 0.398) 
      0.1531   (90 0.333) (97 -0.53) (107 -0.333) (109 0.29) 
      0.1447   (93 -0.621) (107 -0.311) 
     0.13448   (85 -0.698) (86 0.551) 
     0.12796   (88 -0.292) (89 -0.702) (93 0.345) (97 0.291) 
      0.1212   (72 -0.373) (78 0.336) (80 0.282) (81 0.491) (83 -0.407) 
      0.1128   (76 0.269) (77 0.34) (80 -0.287) (83 -0.248) (88 0.241) (89 0.239) (93 0.245) (97 0.245) (113 0.198) 
     0.11001   (59 0.343) (65 0.293) (69 -0.347) (76 -0.299) 
     0.10526   (58 0.499) (59 -0.574) 
     0.10124   (58 -0.568) (63 0.304) 
    0.094442   (58 0.452) (59 0.324) (76 0.27) (97 -0.273) 
    0.089294   (58 -0.405) (59 -0.558) 
    0.079617   (59 0.315) (63 0.436) (64 0.279) (65 -0.351) (83 -0.293) 
    0.076838   (64 -0.783) (68 0.215) (76 -0.212) (83 -0.214) 
    0.073861   (61 -0.5) (62 0.429) (64 0.351) (65 0.294) (69 0.307) 
    0.072847   (61 0.641) (62 -0.25) (64 0.216) (65 0.24) (69 0.237) (77 -0.205) 
    0.066386   (61 -0.306) (76 0.247) (118 0.288) 
    0.063082   (68 0.315) (74 -0.335) (77 0.335) 
    0.061141   (61 -0.298) (62 -0.571) 
    0.058675   (62 0.536) (68 -0.293) (74 0.314) 
     0.05559   (62 -0.266) (68 0.436) (69 -0.292) (71 0.274) (76 0.302) (77 -0.295) 
    0.053291   (66 0.39) (74 -0.36) (81 -0.339) 
     0.04997   (66 -0.462) (67 -0.309) (76 -0.309) (77 0.322) 
    0.047793   (66 0.437) (67 0.319) (68 0.339) (69 -0.254) (74 0.269) 
    0.046239   (74 -0.276) (76 0.315) (81 0.336) (83 0.283) 
    0.043978   (34 -0.874) (42 -0.324) 
    0.042088   (34 0.446) (41 0.523) (42 -0.588) 
      0.0414   (75 0.455) (88 0.278) (121 0.299) 
     0.04062   (48 -0.408) (51 -0.499) (75 -0.413) 
    0.032251   (48 0.358) (51 0.435) (75 -0.558) 
    0.031727   (25 -0.354) (26 -0.423) (27 -0.648) (32 -0.31) 
    0.029445   (25 -0.728) (27 0.456) 
    0.027556   (25 0.481) (32 -0.366) (43 0.367) (44 0.343) (88 -0.331) 
     0.02637   (27 -0.235) (32 0.784) (88 -0.277) 
    0.021602   (43 -0.414) (44 -0.418) (88 -0.421) 
    0.020735   (120 -0.361) (131 0.693) (133 0.393) 
    0.020637   (128 -0.578) (160 -0.809) 
    0.019306   (128 -0.577) (160 0.311) (161 0.755) 
    0.017666   (128 -0.577) (160 0.498) (161 -0.647) 
    0.015466   (15 -0.967) 
    0.014934   (140 0.996) 
