 1 51762.7
 2 654.124
 3 28.8056
 4 175896
 5 530.027
 6 355.334
 7 494625
 8 39.786
 9 13816.1
 10 2526.44
 11 4.0085
 12 1656.82
 13 297318
 14 4157.96
 15 0.847487
 16 323952
 17 3727.69
 18 9.0576
 19 120778
 20 2134.67
 21 400.988
 22 163775
 23 3320.22
 24 159.163
 25 264.445
 26 325.514
 27 22.2495
 28 2846.86
 29 251.556
 30 316.878
 31 518.038
 32 70.2412
 33 1044.75
 34 221.439
 35 157.61
 36 421.171
 37 1529.68
 38 2964.61
 39 7.93494
 40 980.049
 41 4314.8
 42 2.10829
 43 680.011
 44 1470.37
 45 29.0725
 46 10944.5
 47 979.753
 48 1735.48
 49 1852.02
 50 193.279
 51 332.918
 52 207.803
 53 2913.46
 54 307.271
 55 217.315
 56 316.252
 57 946.622
 58 89.4154
 59 140.725
 60 195.411
 61 22.7285
 62 1.80059
 63 481.501
 64 318.518
 65 1.68192
 66 498.566
 67 3267.91
 68 235.087
 69 153040
 70 169430
 71 2297.32
 72 261.996
 73 17458.2
 74 24.7552
 75 14564.7
 76 8391.54
 77 5.89584
 78 1893.79
 79 8724.23
 80 61.71
 81 2717.91
 82 1575.38
 83 265.91
 84 2.99899
 85 138.431
 86 2.97953
 87 4882.75
 88 1.71085
 89 1.63844
 90 1.90502
 91 10.0386
 92 492.428
 93 1570.15
 94 1267.38
 95 2267.7
 96 2279.3
 97 325.047
 98 321.565
 99 128.018
 100 997.934
 101 1520.97
 102 127.509
 103 153.514
 104 135.131
 105 133.625
 106 161.156
 107 166.03
 108 170.825
 109 127.166
 110 98.8915
 111 183.099
 112 206.086
 113 191.354
 114 174.206
 115 181.633
 116 146.528
 117 172.942
 118 194.493
 119 153.497
 120 87.1981
 121 123.762
 122 48.6133
 123 65.402
 124 37.676
 125 29.8011
 126 52.4186
 127 27.2126
 128 91.0447
 129 66.7787
 130 61.6401
 131 20.3745
 132 21.0617
 133 22.6615
 134 36.3872
 135 8.76208
 136 46.7484
 137 9.93378
 138 9.2105
 139 9.23116
 140 10.9592
 141 11.3768
 142 8.89396
 143 9.51771
 144 15.3329
 145 15.2687
 146 12.7227
 147 10.4586
 148 30.2243
 149 16.6549
 150 12.0741
 151 13.9413
 152 23.8532
 153 21.5935
 154 13.5877
 155 20.2127
 156 24.3007
 157 46.8482
 158 0.190357
 159 0.17012
 160 0.401416
 161 26.8666
 162 25.905
 163 1536.89
 164 3333.11
 165 14.3291
