 1 31.6228
 2 21.6565
 3 1.91331
 4 31.6228
 5 16.0402
 6 11.1401
 7 31.6195
 8 1.02524
 9 31.4229
 10 29.7365
 11 0.983363
 12 27.8166
 13 31.6228
 14 31.5844
 15 0.904241
 16 31.6228
 17 31.5373
 18 1.00295
 19 31.6228
 20 26.7447
 21 5.9422
 22 31.6228
 23 30.1979
 24 2.43581
 25 15.2003
 26 14.8994
 27 1.95392
 28 31.3527
 29 9.82156
 30 12.1446
 31 21.7092
 32 2.81114
 33 27.572
 34 14.4305
 35 6.93211
 36 16.5521
 37 31.4253
 38 31.5539
 39 1.38688
 40 24.4048
 41 31.0899
 42 1.2945
 43 21.7332
 44 28.8153
 45 1.90236
 46 31.5785
 47 11.4553
 48 21.8924
 49 30.5313
 50 13.2694
 51 13.961
 52 9.24533
 53 30.6884
 54 16.3396
 55 9.05824
 56 12.0424
 57 29.2326
 58 8.75931
 59 8.65599
 60 10.8162
 61 4.40721
 62 1.33106
 63 21.0255
 64 16.4213
 65 0.968609
 66 21.1004
 67 29.6017
 68 3.54441
 69 31.6197
 70 31.6228
 71 28.5207
 72 4.61399
 73 31.6143
 74 1.3594
 75 31.567
 76 31.3517
 77 1.37652
 78 29.642
 79 31.6018
 80 1.96976
 81 31.0006
 82 31.4158
 83 14.9893
 84 1.40474
 85 10.1387
 86 1.43016
 87 31.3717
 88 1.09588
 89 1.04132
 90 1.24335
 91 2.45484
 92 18.158
 93 26.8857
 94 23.7405
 95 29.3814
 96 30.3635
 97 16.1764
 98 15.8373
 99 8.9465
 100 28.0143
 101 30.4982
 102 10.0743
 103 11.5736
 104 10.7937
 105 10.8666
 106 12.249
 107 12.3565
 108 12.4808
 109 10.3441
 110 8.35814
 111 12.793
 112 13.9894
 113 13.4021
 114 12.6174
 115 12.6773
 116 10.9145
 117 12.2666
 118 13.2548
 119 11.6087
 120 8.51968
 121 10.7047
 122 6.70703
 123 7.71924
 124 5.52547
 125 5.10834
 126 6.90008
 127 4.49296
 128 8.83507
 129 7.26061
 130 7.21079
 131 4.08452
 132 4.4422
 133 4.57662
 134 5.84566
 135 2.64067
 136 6.72293
 137 2.85603
 138 2.80114
 139 2.80901
 140 3.05032
 141 2.99711
 142 2.65249
 143 2.77178
 144 3.68681
 145 3.74203
 146 3.35121
 147 2.8784
 148 5.17272
 149 3.80335
 150 3.23447
 151 3.48258
 152 4.71968
 153 4.40644
 154 3.5032
 155 4.36623
 156 4.81379
 157 6.75718
 158 0.148375
 159 0.314139
 160 0.271542
 161 3.73771
 162 4.35168
 163 15.9453
 164 27.1451
 165 0.561674
