 1 1000
 2 494.729
 3 21.9824
 4 1000
 5 407.412
 6 273.192
 7 999.844
 8 3.64989
 9 991.741
 10 893.023
 11 2.32867
 12 785.997
 13 1000
 14 997.993
 15 0.824358
 16 1000
 17 996.914
 18 3.06054
 19 1000
 20 838.871
 21 158.21
 22 1000
 23 952.935
 24 46.4177
 25 242.768
 26 252.742
 27 17.4102
 28 986.21
 29 195.628
 30 247.724
 31 493.405
 32 55.8954
 33 827.189
 34 214.492
 35 138.58
 36 368.332
 37 988.914
 38 997.532
 39 3.73652
 40 609.081
 41 970.618
 42 1.7686
 43 497.295
 44 863.665
 45 17.4799
 46 998.348
 47 326.798
 48 674.684
 49 945.296
 50 189.969
 51 277.027
 52 173.225
 53 953.348
 54 273.929
 55 160.844
 56 228.916
 57 889.888
 58 88.3504
 59 135.355
 60 186.581
 61 22.2604
 62 1.79695
 63 456.651
 64 315.174
 65 1.67218
 66 488.784
 67 932.924
 68 69.1412
 69 999.89
 70 1000
 71 896.335
 72 103.486
 73 999.614
 74 3.13913
 75 997.989
 76 984.135
 77 3.43446
 78 884.261
 79 999.087
 80 20.0569
 81 978.22
 82 990.174
 83 240.44
 84 2.84785
 85 107.986
 86 2.64849
 87 989.134
 88 1.71061
 89 1.63842
 90 1.90473
 91 9.02165
 92 423.126
 93 810.902
 94 662.837
 95 903.097
 96 945.951
 97 308.495
 98 306.775
 99 126.497
 100 826.678
 101 947.889
 102 123.21
 103 150.469
 104 133.82
 105 132.715
 106 160.492
 107 165.3
 108 169.894
 109 126.078
 110 96.9669
 111 181.868
 112 205.127
 113 190.625
 114 173.721
 115 181.103
 116 145.584
 117 172.359
 118 194.091
 119 152.735
 120 85.6651
 121 123.068
 122 47.9645
 123 62.3405
 124 36.9656
 125 28.9514
 126 51.9432
 127 25.7346
 128 88.4165
 129 65.6132
 130 60.7378
 131 20.0113
 132 20.7751
 133 22.278
 134 35.3792
 135 8.47037
 136 46.2487
 137 9.52826
 138 8.87764
 139 8.91895
 140 10.306
 141 10.6504
 142 8.44401
 143 9.0118
 144 14.8088
 145 14.9532
 146 12.3591
 147 9.87175
 148 28.8819
 149 15.8968
 150 11.7541
 151 13.6067
 152 23.3635
 153 20.5177
 154 13.1695
 155 19.8215
 156 24.0474
 157 46.5648
 158 0.153629
 159 0.162584
 160 0.359965
 161 21.7772
 162 23.8893
 163 329.313
 164 800.222
 165 7.32705
