 Smallest eigenvalues
  1.9747e-06   (9 1) 
  3.0869e-06   (48 -0.614) (51 0.502) (49 -0.371) (154 -0.201) (52 -0.183) (43 0.175) (55 -0.136) (53 0.124) (78 0.118) (42 -0.116) (47 -0.0919) (44 -0.077) (14 0.0769) (54 0.0709) (12 0.0692) (13 0.0683) (46 0.0669) (35 -0.0634) (56 0.0545) (63 -0.045) (25 0.0437) (40 0.0387) (41 0.0355) (38 0.0352) (11 0.0332) (50 0.0306) (79 -0.0299) (60 -0.0287) (36 0.0271) (68 0.0262) (24 0.0259) (61 0.0257) (66 0.0222) (71 -0.0205) (70 0.0189) (29 -0.0185) (76 -0.0184) (57 0.0183) (39 0.0179) (17 -0.0178) (80 0.0171) (72 0.0167) (31 0.0154) (30 -0.0154) (84 0.0147) (73 -0.0142) (88 0.0135) (64 0.0135) (22 -0.0134) (65 -0.013) (74 -0.0118) (37 -0.0109) (75 -0.0108) 
  3.3634e-06   (154 -0.98) (48 0.126) (51 -0.103) (49 0.0763) (52 0.0376) (43 -0.0361) (55 0.0279) (53 -0.0255) (42 0.0238) (78 -0.0238) (47 0.0189) (14 -0.0159) (44 0.0159) (54 -0.0146) (12 -0.0143) (13 -0.0141) (46 -0.0138) (35 0.0131) (56 -0.0112) 
  5.6852e-06   (4 -1) 
  5.9022e-06   (148 0.633) (47 0.526) (44 -0.4) (43 0.238) (45 -0.148) (46 0.133) (48 0.12) (42 -0.115) (78 0.0701) (35 -0.0661) (14 0.0661) (12 0.06) (13 0.0587) (51 -0.049) (25 0.0458) (40 0.0434) (36 0.033) (38 0.0317) (24 0.0294) (11 0.0288) (52 -0.0272) (53 -0.0271) (56 0.0241) (49 -0.0237) (37 -0.0222) (28 0.0188) (60 -0.0174) (54 0.017) (17 -0.0158) (79 -0.0156) (41 0.015) (71 -0.0125) (34 0.0124) (70 0.012) (77 -0.0112) (27 -0.0111) (29 -0.0109) (20 0.0106) 
  6.1059e-06   (148 0.774) (47 -0.431) (44 0.327) (43 -0.195) (45 0.121) (46 -0.108) (48 -0.0986) (42 0.0944) (78 -0.0572) (35 0.0541) (14 -0.0541) (12 -0.0491) (13 -0.048) (51 0.04) (25 -0.0375) (40 -0.0355) (36 -0.027) (38 -0.0259) (24 -0.0241) (11 -0.0236) (52 0.0222) (53 0.0222) (56 -0.0197) (49 0.0194) (37 0.0181) (28 -0.0154) (60 0.0142) (54 -0.0139) (17 0.0129) (79 0.0127) (41 -0.0123) (71 0.0102) (34 -0.0102) 
  6.5315e-06   (1 -0.988) (29 -0.0996) (31 0.0591) (30 0.0551) (35 0.055) (25 0.0311) (28 0.0293) (33 0.0227) (24 0.0174) (36 -0.0151) (37 0.0127) (32 0.01) 
  8.2797e-06   (155 -0.999) (29 -0.0331) (31 0.0196) (30 0.0185) (35 0.0184) (25 0.0108) 
  1.9319e-05   (29 0.627) (31 -0.372) (30 -0.35) (35 -0.348) (25 -0.205) (28 -0.185) (1 -0.151) (33 -0.138) (14 -0.124) (24 -0.123) (12 -0.114) (13 -0.11) (36 0.092) (37 -0.0836) (32 -0.069) (11 -0.0583) (20 -0.0573) (42 -0.053) (155 -0.0527) (27 0.0504) (78 -0.0478) (22 0.0391) (44 -0.0384) (21 -0.0367) (43 0.0351) (34 0.0342) (16 -0.0332) (39 0.0299) (48 -0.025) (17 0.023) (79 0.0202) (51 0.0163) (45 0.0143) (60 0.014) (56 -0.0136) (54 -0.0136) (38 0.0133) (53 0.0123) (50 -0.0121) (49 0.012) (40 0.0117) (41 0.0116) (15 -0.0114) (75 -0.0114) (80 -0.011) (71 0.0109) 
  3.6309e-05   (20 -0.543) (18 -0.533) (45 0.41) (46 -0.288) (43 0.216) (21 -0.151) (26 -0.142) (22 -0.126) (42 -0.112) (16 0.083) (48 0.0774) (17 -0.0766) (29 -0.0685) (44 -0.0631) (19 0.0547) (78 0.052) (15 0.0443) (12 0.044) (13 0.0404) (14 0.0399) (39 0.031) (32 -0.029) (47 -0.0285) (35 -0.0275) (37 0.0274) (50 0.0255) (53 -0.0235) (74 -0.0231) (28 -0.0223) (72 0.0201) (40 0.0181) (68 0.0174) (30 -0.0163) (62 0.0159) (11 0.0159) (34 -0.0156) (51 -0.0154) (38 0.0154) (67 -0.0149) (41 0.0133) (61 0.0127) (24 -0.0122) (33 0.0122) (31 0.012) (56 0.0115) (60 -0.0113) 
  8.2551e-05   (158 -0.999) (45 0.0242) (20 0.0176) (46 -0.0174) (18 0.0161) (43 0.0106) 
  0.00010381   (45 -0.572) (46 0.412) (20 -0.4) (18 -0.365) (43 -0.249) (42 0.18) (48 -0.142) (21 -0.121) (44 0.0886) (78 -0.0808) (22 -0.0808) (41 -0.0744) (26 -0.0688) (25 -0.0669) (47 0.0621) (35 0.0611) (24 -0.0553) (14 -0.0542) (13 -0.045) (12 -0.0442) (158 -0.0429) (40 -0.0411) (19 0.039) (16 0.0385) (17 -0.0378) (28 -0.0378) (36 -0.0374) (34 -0.0362) (37 0.0348) (33 0.0333) (29 -0.0313) (38 -0.0311) (27 0.0309) (56 -0.0305) (15 0.0274) (51 0.0272) (50 -0.0262) (54 -0.0254) (11 -0.025) (74 0.0219) (68 -0.0209) (72 -0.0204) (53 0.0197) (30 -0.0184) (67 0.0173) (63 0.0167) (80 -0.0159) (65 0.0152) (49 0.0146) (70 -0.0143) (66 -0.0138) (79 0.0137) (81 0.0136) (60 0.0135) (77 0.0132) (62 -0.0131) (71 0.0129) (61 -0.0123) 
  0.00010501   (3 -1) 
    0.000109   (22 0.474) (20 -0.469) (18 0.339) (21 0.318) (25 -0.267) (14 0.234) (17 -0.21) (13 0.208) (12 0.201) (24 -0.192) (35 0.0925) (11 0.0872) (23 0.0784) (16 -0.0717) (30 0.0681) (43 -0.0469) (26 -0.0467) (15 -0.0403) (38 -0.0381) (36 -0.0342) (31 -0.0328) (33 -0.0298) (47 0.0291) (28 -0.028) (32 0.0245) (44 0.0243) (29 0.0239) (46 -0.0221) (40 -0.022) (34 -0.0212) (78 0.0171) (19 0.0163) (27 0.0145) (42 0.0143) (57 0.012) (52 -0.0109) 
  0.00020036   (159 1) 
  0.00021291   (2 -1) 
  0.00024175   (21 -0.848) (25 -0.22) (20 0.189) (14 0.178) (17 -0.17) (24 -0.169) (22 0.163) (13 0.157) (12 0.153) (18 0.0866) (11 0.067) (35 0.067) (26 -0.0615) (157 0.0468) (23 -0.0461) (27 0.0405) (30 0.0374) (31 -0.0318) (44 0.0241) (36 -0.0226) (42 0.0167) (16 0.0166) (38 -0.0164) (78 0.0155) (34 -0.0154) (40 -0.0146) (43 -0.0131) (47 0.0114) (46 -0.0109) (28 -0.01) 
  0.00028311   (157 0.999) (21 0.0397) (25 0.0103) 
  0.00029039   (8 1) 
  0.00030247   (28 -0.805) (150 -0.397) (25 0.202) (27 0.18) (26 0.153) (35 0.149) (14 0.0988) (32 -0.0973) (12 0.0941) (13 0.0868) (24 0.0838) (33 0.0817) (31 -0.0571) (36 -0.053) (20 0.0509) (48 0.0479) (37 0.0474) (17 -0.0469) (11 0.0422) (51 0.0413) (16 0.0358) (21 0.0283) (29 -0.0261) (43 -0.0247) (42 0.0241) (18 -0.022) (22 -0.0218) (49 0.0213) (78 0.0203) (15 0.0185) (75 -0.0178) 
  0.00031248   (150 -0.918) (28 0.348) (25 -0.0873) (27 -0.0779) (26 -0.0664) (35 -0.0644) (14 -0.0428) (32 0.0421) (12 -0.0408) (13 -0.0376) (24 -0.0363) (33 -0.0354) (31 0.0247) (36 0.0229) (20 -0.022) (48 -0.0207) (37 -0.0205) (17 0.0203) (11 -0.0183) (51 -0.0178) (16 -0.0155) (21 -0.0122) (29 0.0113) (43 0.0107) (42 -0.0104) 
  0.00032164   (6 -1) 
  0.00033255   (22 -0.573) (25 -0.502) (24 -0.277) (20 0.247) (21 0.243) (23 0.219) (153 -0.213) (14 0.153) (12 0.142) (13 0.135) (17 -0.132) (26 -0.13) (18 -0.0806) (35 0.076) (33 0.0625) (16 0.057) (11 0.0566) (32 -0.051) (28 -0.0407) (15 0.0338) (31 -0.0234) (78 0.0231) (48 0.0226) (39 0.0226) (42 0.0224) (37 0.0217) (29 -0.0208) (36 -0.0199) (73 -0.0155) (56 0.0113) (30 -0.0102) 
  0.00034378   (153 -0.977) (22 0.125) (25 0.11) (24 0.0604) (20 -0.0539) (21 -0.0531) (23 -0.0479) (14 -0.0334) (12 -0.031) (13 -0.0294) (17 0.0287) (26 0.0283) (18 0.0176) (35 -0.0166) (33 -0.0136) (16 -0.0124) (11 -0.0124) (32 0.0111) 
  0.00035534   (73 -0.577) (57 -0.486) (70 0.343) (66 -0.242) (74 -0.192) (60 0.19) (71 -0.171) (52 0.162) (63 0.145) (78 -0.135) (43 0.115) (47 -0.0989) (56 0.0815) (69 -0.0696) (68 -0.0657) (79 0.0621) (61 -0.059) (46 0.0571) (54 0.0526) (33 0.0501) (64 -0.0496) (72 0.0488) (44 -0.0486) (16 -0.0436) (67 0.0393) (38 0.0386) (50 0.0377) (18 0.0367) (51 0.033) (45 -0.0329) (32 -0.0327) (77 0.0323) (20 -0.032) (40 0.031) (75 -0.0262) (62 -0.0235) (59 -0.0233) (76 0.0224) (29 -0.0223) (15 -0.0223) (123 -0.0222) (30 -0.0201) (88 0.02) (35 -0.0182) (48 0.0174) (126 0.0164) (80 -0.0163) (41 0.0163) (109 0.0162) (120 0.0158) (89 -0.0153) (100 0.0147) (84 0.0141) (104 0.0141) (121 0.0139) (21 -0.0134) (152 -0.0123) (91 0.0119) (55 0.0115) (25 -0.0115) (22 -0.0114) (65 -0.0111) (106 -0.0106) (37 -0.0104) (122 -0.0103) (101 0.0102) (31 0.0102) (99 -0.0102) (127 -0.0102) 
  0.00036914   (73 0.657) (57 -0.409) (66 -0.3) (152 -0.242) (74 0.175) (63 0.166) (43 0.148) (47 -0.145) (52 0.136) (71 0.124) (68 -0.115) (60 0.111) (49 0.094) (72 -0.0932) (46 0.083) (44 -0.0801) (56 0.08) (55 0.0591) (67 0.0555) (64 -0.0552) (39 0.0551) (33 0.0517) (35 -0.0508) (61 -0.0497) (16 -0.048) (38 0.0468) (14 0.0448) (48 -0.0416) (70 0.0415) (18 0.0414) (53 -0.0404) (120 0.0399) (13 0.0395) (40 0.0387) (45 -0.0367) (12 0.036) (32 -0.0344) (29 -0.0329) (30 -0.029) (79 -0.0287) (59 -0.0284) (69 -0.0278) (41 0.0261) (22 -0.0239) (15 -0.0234) (62 -0.0232) (51 0.0225) (84 0.0225) (31 0.0221) (36 0.0209) (20 -0.0208) (121 -0.0198) (11 0.0197) (125 -0.018) (127 -0.0167) (75 0.0163) (88 0.0149) (54 0.0146) (89 -0.0143) (23 -0.0137) (139 0.0129) (122 0.0127) (131 -0.0125) (37 -0.0121) (99 -0.0104) (80 0.0101) 
  0.00038678   (152 -0.97) (73 -0.156) (57 0.108) (66 0.0776) (63 -0.0431) (74 -0.0412) (43 -0.0389) (47 0.0378) (52 -0.0363) (60 -0.0301) (68 0.0293) (71 -0.0288) (49 -0.0235) (72 0.0225) (46 -0.0217) (56 -0.0211) (44 0.0208) (55 -0.0149) (70 -0.0144) (64 0.0144) (67 -0.0143) (39 -0.014) (33 -0.0138) (61 0.0131) (35 0.0131) (16 0.0128) (38 -0.0124) (14 -0.0114) (18 -0.011) (40 -0.0102) (53 0.0102) (48 0.0102) (13 -0.01) 
  0.00044522   (24 0.859) (25 -0.469) (23 0.106) (54 -0.0848) (52 0.0658) (53 -0.0528) (56 -0.0477) (21 -0.0382) (22 0.0369) (55 -0.0365) (57 0.0353) (47 -0.0339) (49 0.0307) (14 0.0261) (20 -0.0252) (28 -0.0242) (13 0.0225) (12 0.0223) (30 -0.0219) (39 0.0206) (43 0.0187) (16 0.0186) (46 0.0172) (11 0.0166) (48 -0.0156) (78 0.0147) (44 -0.0135) (26 -0.0125) (33 0.0112) (60 -0.011) 
  0.00049201   (147 0.748) (54 -0.365) (52 0.308) (56 -0.217) (53 -0.201) (55 -0.155) (57 0.133) (47 -0.12) (43 0.119) (49 0.0971) (24 -0.0829) (44 -0.07) (46 0.0662) (25 0.063) (48 -0.0615) (51 0.0548) (60 -0.0433) (35 -0.041) (73 -0.0377) (14 0.0336) (13 0.03) (78 0.0287) (38 0.0285) (12 0.0285) (40 0.0282) (33 0.028) (45 -0.0255) (16 -0.0246) (50 -0.0241) (39 0.0237) (23 -0.0221) (29 -0.0208) (71 -0.0199) (63 -0.0194) (18 0.0189) (36 0.0184) (32 -0.0183) (66 0.0148) (41 0.0141) (11 0.0137) (120 0.0134) (42 -0.0129) (22 -0.0126) (15 -0.0126) (31 0.012) (61 0.0105) (70 0.0104) (30 -0.0103) (37 -0.0102) 
  0.00049575   (147 0.663) (54 0.412) (52 -0.347) (56 0.245) (53 0.227) (55 0.175) (57 -0.15) (47 0.135) (43 -0.134) (49 -0.11) (24 0.089) (44 0.0791) (46 -0.0747) (48 0.0695) (25 -0.0685) (51 -0.0619) (60 0.0489) (35 0.0463) (73 0.0425) (14 -0.038) (13 -0.034) (78 -0.0323) (12 -0.0323) (38 -0.0322) (40 -0.0318) (33 -0.0317) (45 0.0289) (16 0.0276) (50 0.0272) (39 -0.0269) (23 0.0243) (29 0.0235) (71 0.0225) (63 0.0219) (18 -0.0213) (36 -0.0208) (32 0.0207) (66 -0.0167) (41 -0.016) (11 -0.0156) (120 -0.015) (42 0.0145) (15 0.0141) (22 0.014) (31 -0.0136) (61 -0.0119) (30 0.0117) (70 -0.0117) (37 0.0115) (79 0.011) (28 -0.0104) 
  0.00050396   (55 0.57) (53 0.569) (39 -0.385) (52 0.288) (57 0.167) (54 -0.155) (43 0.143) (40 0.106) (47 -0.0832) (44 -0.0749) (49 0.0618) (60 -0.0565) (46 0.0558) (48 -0.0511) (78 0.0446) (56 0.0409) (35 0.0352) (42 -0.0314) (70 0.0255) (71 -0.0243) (36 -0.0216) (50 -0.0192) (151 -0.0184) (51 0.0179) (20 -0.0152) (25 -0.0145) (73 -0.0143) (45 -0.0132) (69 -0.0131) (61 0.011) (79 -0.0105) 
  0.00052232   (151 -0.97) (39 0.214) (55 0.0564) (53 0.0523) (40 -0.0434) (35 -0.0382) (52 0.0314) (43 -0.0203) (36 0.0181) (57 0.0176) (25 0.0156) (37 -0.0148) (14 0.0145) (12 0.0129) (13 0.0128) (49 -0.0127) (78 0.0121) (33 0.012) (38 0.0115) (44 0.0113) (48 0.0111) (29 -0.0111) (42 0.0108) (54 -0.0106) 
  0.00053089   (39 -0.82) (55 -0.267) (53 -0.25) (151 -0.244) (40 0.164) (35 0.149) (52 -0.146) (57 -0.0821) (36 -0.0703) (43 0.0695) (25 -0.0606) (37 0.0584) (14 -0.0573) (54 0.0537) (78 -0.0516) (12 -0.051) (13 -0.0507) (33 -0.0479) (49 0.0461) (38 -0.0458) (29 0.0438) (42 -0.0406) (48 -0.0403) (73 0.0396) (44 -0.039) (32 0.0352) (60 0.0324) (56 -0.0322) (23 0.0317) (71 0.026) (16 0.0238) (51 -0.0237) (11 -0.0231) (31 -0.0221) (24 -0.022) (18 -0.0213) (28 -0.0194) (79 0.0183) (50 -0.0174) (47 -0.0156) (66 -0.0146) (45 0.0142) (34 -0.0137) (46 0.0108) (68 -0.0103) 
  0.00058202   (70 -0.864) (57 -0.279) (73 -0.199) (71 0.198) (52 0.153) (49 -0.128) (69 0.095) (60 0.0823) (48 0.0749) (51 0.0694) (74 -0.0624) (50 0.0545) (43 0.0518) (68 0.0465) (72 0.0411) (76 0.0389) (75 -0.0374) (149 0.0322) (55 0.0317) (84 0.0293) (33 0.0265) (65 -0.0262) (47 -0.0254) (16 -0.0244) (56 0.0232) (61 -0.0229) (38 0.0224) (20 -0.0217) (40 0.0216) (54 -0.0211) (18 0.0194) (77 0.019) (88 0.0187) (45 -0.0185) (32 -0.0179) (46 0.0171) (39 -0.0167) (63 0.0164) (125 -0.0158) (123 -0.0151) (124 -0.0148) (127 -0.0145) (126 0.0129) (120 0.0128) (79 -0.0125) (29 -0.0125) (90 0.0121) (97 -0.011) (100 0.0106) (104 0.0103) (21 -0.0101) (15 -0.0101) 
  0.00059068   (149 0.854) (49 0.357) (48 -0.175) (52 -0.148) (51 -0.136) (50 -0.109) (54 0.104) (47 -0.103) (43 0.0876) (44 -0.073) (73 -0.0646) (46 0.0626) (70 -0.0596) (39 0.0524) (53 0.039) (78 0.0314) (35 -0.0292) (66 0.0275) (14 0.0248) (13 0.0219) (12 0.0212) (63 -0.0195) (33 0.0193) (68 0.0185) (57 0.0176) (29 -0.0175) (38 0.0171) (16 -0.0166) (55 -0.0163) (79 -0.016) (42 -0.0158) (72 0.0156) (18 0.0139) (23 -0.0134) (40 0.0133) (32 -0.0133) (25 0.0127) (36 0.0113) (31 0.0108) (74 -0.0108) (22 -0.0107) (41 0.0105) 
   0.0006307   (49 -0.579) (149 0.519) (48 0.283) (52 0.234) (51 0.22) (50 0.175) (47 0.172) (54 -0.169) (70 0.152) (43 -0.148) (44 0.121) (73 0.119) (46 -0.104) (39 -0.0851) (53 -0.0642) (78 -0.0519) (35 0.0487) (66 -0.045) (14 -0.041) (13 -0.0361) (12 -0.0349) (33 -0.0336) (68 -0.0335) (63 0.0312) (29 0.0298) (38 -0.0297) (16 0.0291) (72 -0.0283) (79 0.0272) (42 0.0259) (55 0.0248) (18 -0.0242) (40 -0.0235) (32 0.0232) (23 0.022) (74 0.0216) (25 -0.0205) (36 -0.0186) (31 -0.0182) (22 0.018) (41 -0.0179) (11 -0.0165) (37 0.0154) (30 0.014) (120 -0.0138) (67 0.0131) (15 0.0128) (69 -0.0121) (57 -0.0109) (64 -0.0101) 
   0.0006651   (38 0.884) (23 -0.198) (22 -0.178) (18 0.163) (43 -0.152) (40 -0.133) (20 -0.13) (39 -0.119) (16 -0.113) (33 0.0746) (47 0.0738) (37 -0.0558) (41 -0.0541) (15 -0.0514) (32 -0.0486) (44 0.045) (46 -0.0428) (52 -0.0428) (21 -0.0409) (57 0.034) (24 0.0303) (45 0.0269) (14 0.0239) (13 0.0198) (30 -0.0195) (56 -0.0156) (36 -0.0141) (54 -0.0128) (42 -0.0123) (78 -0.0111) (12 0.0111) (35 -0.0111) (11 0.0101) 
  0.00079435   (23 -0.569) (22 -0.487) (38 -0.333) (18 0.328) (20 -0.246) (33 -0.185) (16 -0.167) (32 0.126) (29 0.124) (24 0.117) (30 0.0936) (14 0.0782) (15 -0.0758) (35 0.0744) (13 0.0671) (31 -0.0656) (21 -0.0616) (25 0.0585) (12 0.0575) (143 -0.0407) (37 0.033) (27 -0.0321) (11 0.0318) (40 0.0207) (43 -0.0182) (142 -0.017) (28 0.015) (44 0.0144) (17 -0.0144) (36 -0.014) (47 0.0134) (49 -0.0129) (48 0.0112) 
  0.00087687   (143 -0.921) (142 -0.385) (139 0.0288) (23 0.0263) (22 0.0225) (18 -0.0155) (20 0.0117) 
  0.00095363   (47 -0.471) (52 -0.407) (48 0.385) (49 -0.297) (43 0.291) (16 -0.277) (46 0.205) (44 -0.157) (51 -0.151) (45 -0.147) (50 0.143) (57 0.142) (56 -0.102) (15 -0.0919) (33 0.0732) (41 0.0704) (17 0.0667) (54 -0.0615) (53 0.0593) (40 0.0529) (38 0.0518) (78 -0.0499) (32 -0.0485) (42 0.0382) (14 0.0367) (39 0.0359) (60 -0.0328) (25 -0.0324) (13 0.0307) (18 -0.0302) (30 -0.028) (29 -0.0216) (12 0.0209) (31 0.0149) (20 -0.0148) (11 0.0136) (84 0.0127) (24 -0.0124) (70 0.0114) (79 0.0112) (120 0.011) (37 -0.0106) (21 -0.0106) 
   0.0010855   (16 -0.774) (18 -0.343) (15 -0.24) (17 0.231) (47 0.151) (20 0.138) (14 0.13) (43 -0.122) (13 0.111) (48 -0.0951) (12 0.0942) (52 0.0917) (33 -0.091) (22 0.0884) (46 -0.0714) (49 0.0689) (32 0.062) (44 0.061) (23 0.0598) (30 0.0538) (29 0.0517) (11 0.0472) (45 0.0466) (35 0.0438) (50 -0.0381) (38 -0.0371) (51 0.0346) (21 0.0338) (39 -0.0334) (31 -0.0315) (41 -0.0291) (57 -0.0266) (40 -0.0265) (56 0.0222) (54 0.0145) (78 0.0136) (25 -0.0121) (36 -0.012) (37 0.0117) (53 -0.0107) 
   0.0011899   (146 -1) (139 0.0291) 
   0.0012613   (54 0.701) (52 0.364) (56 -0.317) (57 0.229) (33 0.226) (35 -0.196) (36 0.188) (32 -0.137) (37 0.0938) (29 -0.0938) (39 -0.0814) (16 -0.0737) (50 0.0732) (18 0.068) (30 -0.0673) (48 0.0585) (38 -0.0546) (53 -0.0544) (47 -0.0543) (51 0.0538) (31 0.0526) (20 -0.0479) (78 -0.0443) (60 -0.0434) (49 -0.043) (15 -0.0377) (55 -0.0307) (46 0.0296) (45 -0.0258) (21 -0.0242) (23 -0.0227) (22 -0.0224) (79 0.0209) (71 0.0205) (43 0.0177) (138 -0.0175) (66 -0.0161) (14 0.0158) (73 0.0147) (72 0.0147) (68 -0.0136) (13 0.0126) (25 -0.0116) (34 0.0115) 
   0.0014122   (35 -0.42) (36 0.419) (33 0.394) (54 -0.312) (32 -0.233) (37 0.225) (52 -0.215) (43 -0.188) (38 -0.182) (39 -0.174) (29 -0.165) (56 0.129) (138 -0.127) (30 -0.109) (47 0.0985) (31 0.0966) (18 0.0819) (44 0.0775) (16 -0.0773) (57 -0.0743) (40 -0.0652) (46 -0.0608) (41 -0.0529) (14 0.0493) (13 0.0422) (51 -0.0418) (23 -0.041) (20 -0.0409) (12 0.0366) (15 -0.0348) (45 0.034) (22 -0.0332) (53 0.0305) (34 0.0303) (50 -0.0289) (78 0.023) (11 0.021) (21 -0.0186) (73 -0.0153) (60 0.015) (71 -0.0119) (48 -0.0105) (55 0.0101) 
   0.0015103   (138 -0.988) (139 -0.0793) (35 0.0574) (36 -0.0572) (33 -0.0548) (32 0.0325) (37 -0.0305) (54 0.0281) (38 0.0243) (39 0.0237) (43 0.0235) (29 0.0229) (52 0.0211) (30 0.0152) (31 -0.0134) (18 -0.0118) (47 -0.0115) (16 0.0114) (56 -0.0113) 
   0.0015231   (11 0.925) (36 -0.261) (35 -0.15) (12 -0.137) (13 -0.119) (14 -0.104) (30 -0.0546) (34 0.0421) (29 -0.0329) (134 -0.0326) (31 0.0318) (38 -0.0241) (43 -0.0192) (15 -0.019) (37 0.0188) (39 -0.0139) (46 -0.013) (33 0.0124) (72 -0.0116) (40 -0.0105) 
   0.0015871   (134 -0.821) (36 -0.434) (35 -0.258) (11 -0.187) (30 -0.082) (34 0.0696) (12 0.0613) (14 0.0585) (13 0.0578) (29 -0.0573) (31 0.0516) (38 -0.0371) (39 -0.0306) (43 -0.0287) (37 0.0265) (33 0.024) (25 0.0198) (40 -0.0178) (46 -0.0168) (42 0.0166) (32 -0.0166) (18 0.0156) (44 0.0145) (55 -0.0124) (22 -0.012) (24 0.0117) (53 0.0105) (47 0.0104) (16 -0.01) (19 0.01) 
    0.001882   (36 0.64) (134 -0.57) (35 0.381) (11 0.216) (30 0.121) (34 -0.103) (29 0.0845) (12 -0.0806) (14 -0.0784) (13 -0.0765) (31 -0.0762) (38 0.0548) (39 0.0448) (43 0.0424) (37 -0.0392) (33 -0.0352) (25 -0.0286) (40 0.0262) (46 0.025) (32 0.0245) (42 -0.0245) (18 -0.0229) (44 -0.0214) (55 0.0182) (22 0.0176) (24 -0.0165) (47 -0.0154) (53 -0.0153) (19 -0.0147) (16 0.0146) (17 0.0143) (48 -0.0124) (51 0.0121) (78 -0.012) 
   0.0020003   (30 -0.71) (31 0.368) (33 -0.346) (29 -0.258) (53 0.177) (32 0.176) (55 -0.175) (36 0.141) (35 0.114) (28 -0.0844) (71 -0.0656) (50 -0.0635) (51 -0.062) (34 0.0602) (18 0.0519) (52 0.0464) (16 -0.0464) (25 -0.0464) (37 -0.0413) (24 -0.0394) (49 -0.0327) (69 -0.0326) (72 0.0309) (74 0.0299) (48 0.029) (40 -0.0259) (68 0.0247) (46 -0.0227) (60 0.0227) (47 0.0227) (43 -0.02) (73 0.0192) (130 0.0191) (70 -0.0184) (56 -0.018) (41 0.018) (57 -0.017) (78 -0.0169) (20 -0.0165) (21 -0.0152) (65 0.0141) (23 -0.0105) (76 -0.0101) 
   0.0020741   (71 -0.648) (68 0.304) (74 0.292) (69 -0.276) (130 0.256) (72 0.245) (78 -0.177) (70 -0.152) (53 -0.146) (55 0.133) (66 0.126) (73 0.11) (77 -0.106) (67 -0.105) (60 0.0874) (57 -0.0688) (51 0.065) (63 -0.0641) (62 0.059) (56 0.0586) (80 -0.0556) (83 -0.0551) (41 0.0491) (79 0.0458) (42 -0.0444) (47 -0.0368) (86 -0.0334) (54 0.0308) (75 0.0282) (61 0.0282) (30 0.0278) (33 0.0269) (59 0.0262) (107 -0.026) (45 -0.026) (46 0.0243) (64 0.0241) (109 -0.0239) (40 0.0219) (81 0.0199) (48 0.0196) (32 -0.0181) (96 0.0179) (35 -0.0173) (120 -0.017) (84 0.0168) (89 -0.0163) (87 -0.016) (85 -0.0154) (52 0.014) (58 -0.013) (16 -0.0127) (43 0.0125) (36 -0.0113) (91 -0.0112) (100 0.011) (38 0.0108) (93 -0.0104) 
   0.0022195   (130 0.57) (55 0.469) (53 -0.459) (71 0.211) (50 0.184) (30 -0.173) (69 0.117) (51 0.113) (74 -0.103) (72 -0.103) (52 -0.0978) (31 0.0852) (33 -0.0772) (73 -0.0744) (49 0.0705) (42 -0.0699) (56 0.0694) (29 -0.0649) (60 -0.0645) (57 0.0619) (48 -0.0614) (70 0.0603) (68 -0.0558) (63 -0.0501) (46 0.0463) (78 0.0458) (65 -0.0455) (32 0.0388) (34 0.0325) (84 -0.0313) (47 -0.0263) (81 -0.0262) (18 0.0253) (28 -0.0252) (133 0.0224) (77 0.0212) (67 0.0201) (131 0.0201) (16 -0.0188) (64 0.018) (88 0.0175) (120 -0.017) (80 0.0169) (54 0.0151) (41 0.0145) (24 -0.0144) (35 0.0143) (90 -0.0134) (36 0.0134) (43 -0.0131) (75 -0.0129) (15 -0.0126) (25 -0.0122) (123 0.0112) (124 0.011) (127 0.011) (62 -0.0108) (37 -0.0105) (107 0.0102) 
    0.002351   (130 0.777) (55 -0.383) (53 0.38) (30 0.135) (50 -0.134) (51 -0.103) (56 -0.0697) (31 -0.0692) (42 0.0658) (52 0.0657) (68 -0.0594) (71 0.0592) (63 0.0574) (33 0.056) (133 0.0559) (29 0.051) (49 -0.0491) (131 0.049) (46 -0.0414) (48 0.0376) (66 -0.035) (65 0.0336) (47 0.031) (41 -0.0275) (32 -0.0266) (34 -0.0262) (78 0.0243) (57 -0.022) (18 -0.0212) (54 -0.0211) (74 -0.0211) (64 -0.021) (67 0.0201) (28 0.0199) (16 0.0192) (77 0.0191) (60 0.0177) (73 0.0177) (83 0.0176) (84 0.0174) (79 -0.0152) (88 -0.013) (86 0.0127) (81 0.0126) (62 -0.0116) (24 0.0112) (25 0.0109) (59 -0.0103) 
   0.0025834   (23 0.719) (18 0.31) (22 -0.288) (25 0.269) (20 -0.244) (56 -0.223) (21 -0.211) (15 -0.12) (16 -0.0955) (33 -0.0908) (29 0.083) (52 -0.08) (57 -0.0661) (24 0.0589) (32 0.0563) (55 0.0505) (43 -0.0477) (47 0.044) (30 0.0357) (60 0.0348) (12 -0.0337) (26 0.0311) (46 -0.0295) (19 -0.0293) (53 0.0272) (17 0.0266) (78 0.0259) (54 -0.0245) (38 -0.0243) (27 -0.023) (48 -0.0217) (45 0.0161) (37 0.0156) (44 0.0152) (71 -0.0151) (120 -0.0143) (28 0.0128) (63 -0.0117) (124 -0.0111) (36 0.0105) 
    0.002658   (60 -0.877) (56 0.31) (57 -0.177) (61 0.138) (55 -0.114) (52 0.113) (78 -0.0851) (59 -0.085) (23 0.0787) (47 -0.0664) (132 0.0538) (79 0.0502) (54 0.0471) (18 0.0428) (63 -0.0421) (71 -0.0417) (20 -0.0413) (46 0.0412) (48 0.0367) (22 -0.0361) (62 0.0325) (25 0.0313) (45 -0.0312) (21 -0.029) (51 -0.0288) (15 -0.0252) (43 0.0235) (84 -0.0233) (64 0.0231) (35 -0.0228) (16 -0.0228) (109 0.0223) (49 0.0219) (108 -0.0205) (69 -0.0199) (80 -0.0185) (68 0.018) (125 -0.0177) (73 -0.0167) (50 0.0158) (124 -0.0157) (72 -0.0156) (107 0.0151) (119 0.0143) (65 -0.0139) (38 0.013) (77 0.0123) (29 0.0122) (36 0.0114) (40 0.0112) (58 0.0109) (90 -0.0104) (82 0.0101) (110 -0.01) 
   0.0027023   (132 0.762) (56 0.463) (57 0.27) (60 0.205) (52 0.124) (50 -0.115) (23 0.101) (55 -0.093) (53 -0.0754) (18 0.0605) (47 -0.0594) (20 -0.0545) (43 0.0527) (22 -0.0462) (48 0.0428) (78 -0.0402) (21 -0.0398) (71 0.0387) (16 -0.0377) (63 0.0356) (25 0.0354) (41 0.0349) (61 -0.0328) (42 0.0327) (54 0.0319) (45 -0.0297) (15 -0.0241) (51 0.0237) (59 0.0228) (68 -0.0224) (65 0.0221) (131 -0.0215) (84 0.0185) (120 0.0176) (44 -0.0161) (40 0.0158) (74 -0.0157) (64 -0.0146) (33 0.0139) (70 -0.0117) (38 0.0116) (77 0.011) (49 -0.0102) (69 0.0102) 
   0.0028787   (132 0.645) (56 -0.572) (57 -0.303) (60 -0.167) (52 -0.156) (50 0.134) (23 -0.126) (55 0.119) (53 0.0895) (47 0.0759) (18 -0.0751) (20 0.0678) (43 -0.0641) (22 0.0576) (78 0.0542) (48 -0.0537) (21 0.0494) (16 0.0464) (25 -0.0444) (71 -0.0424) (54 -0.0418) (41 -0.0401) (42 -0.0389) (63 -0.0385) (45 0.0377) (124 -0.0307) (15 0.0307) (120 -0.0276) (61 0.027) (125 -0.0265) (51 -0.0252) (68 0.025) (65 -0.025) (84 -0.0208) (59 -0.0196) (40 -0.0196) (74 0.0192) (122 0.0188) (44 0.0183) (131 -0.0164) (33 -0.0163) (64 0.0153) (38 -0.0149) (46 -0.0147) (70 0.0144) (77 -0.014) (107 0.0129) (127 -0.0128) (35 0.0119) (79 -0.0106) (12 0.0105) (32 0.0105) (69 -0.0104) (49 0.01) 
   0.0035731   (40 0.882) (66 -0.219) (43 -0.159) (65 -0.157) (41 -0.152) (39 0.151) (84 -0.135) (63 -0.118) (38 0.0807) (44 0.0786) (57 0.0768) (47 0.0576) (33 0.05) (64 0.0475) (87 0.0395) (52 -0.0347) (30 -0.0345) (16 -0.0316) (32 -0.0296) (31 0.0291) (50 0.0286) (67 0.0281) (129 0.0278) (69 -0.0256) (45 0.0241) (18 0.0233) (55 -0.0229) (51 -0.0228) (71 -0.0225) (70 -0.022) (96 0.0205) (29 -0.0205) (46 -0.0197) (20 -0.018) (78 0.0173) (42 -0.0172) (25 -0.0164) (53 0.0161) (73 -0.0161) (91 -0.016) (37 0.0146) (109 -0.0145) (15 0.014) (23 -0.0132) (90 0.0132) (107 -0.0124) (68 0.0118) (21 -0.0104) (82 0.0102) (36 -0.0101) (79 -0.0101) 
   0.0037698   (84 -0.86) (129 0.338) (66 0.192) (87 0.169) (65 0.131) (63 0.1) (78 0.089) (57 -0.0708) (90 0.0646) (85 0.0559) (107 -0.0528) (109 -0.0498) (91 -0.0467) (40 -0.0466) (64 -0.04) (96 0.0397) (52 0.0386) (43 0.0382) (92 0.0382) (120 0.0337) (60 0.0331) (86 -0.0326) (47 -0.0323) (127 -0.0273) (67 -0.027) (103 -0.0255) (123 -0.0248) (88 0.0219) (41 0.0217) (50 -0.0205) (56 0.0203) (83 0.0198) (77 -0.0192) (89 -0.0192) (94 -0.0189) (126 0.0187) (93 -0.0186) (69 0.0174) (48 0.0164) (44 -0.0163) (72 -0.0154) (54 0.0154) (45 -0.0152) (112 0.0143) (42 0.014) (117 -0.0137) (102 0.0136) (39 -0.0134) (114 0.0132) (49 -0.0125) (111 -0.0114) (105 -0.0113) (110 0.0112) (61 -0.0107) (119 -0.0106) (100 0.0106) (46 0.0102) 
   0.0039596   (129 0.69) (66 0.395) (84 0.385) (65 0.269) (40 0.21) (63 0.191) (50 0.0969) (87 -0.0833) (57 -0.0821) (64 -0.0776) (71 0.0582) (78 -0.0581) (70 0.0549) (69 0.0535) (67 -0.0505) (41 -0.0472) (127 -0.0403) (39 0.04) (90 -0.0396) (91 0.0343) (109 0.0318) (96 -0.03) (85 -0.0295) (73 0.028) (107 0.0259) (52 0.0248) (42 -0.0245) (43 -0.0243) (38 0.0236) (68 -0.0234) (79 0.0225) (46 0.0205) (49 0.0204) (74 -0.0187) (48 -0.0185) (92 -0.0174) (76 -0.0171) (33 0.0163) (103 0.0156) (86 0.0148) (18 0.0135) (94 0.0129) (56 0.0128) (30 -0.0125) (80 -0.012) (59 -0.012) (82 -0.0114) (45 0.0109) (15 -0.0106) (61 -0.0102) 
   0.0040584   (129 0.636) (66 -0.521) (65 -0.356) (63 -0.256) (40 -0.242) (57 0.124) (64 0.104) (50 -0.0939) (67 0.068) (69 -0.0661) (70 -0.0631) (71 -0.0574) (84 0.0482) (52 -0.0465) (41 0.0459) (39 -0.0429) (38 -0.0336) (73 -0.0324) (127 -0.027) (46 -0.0267) (68 0.0255) (60 -0.0248) (56 -0.0247) (33 -0.0239) (79 -0.0195) (42 0.0193) (76 0.0192) (109 -0.0175) (18 -0.0173) (30 0.0168) (16 0.0167) (61 0.0166) (74 0.0158) (59 0.0157) (49 -0.0147) (96 0.0142) (47 0.0142) (78 0.0134) (32 0.0134) (91 -0.0131) (35 0.013) (93 0.0127) (20 0.0126) (43 0.0125) (83 -0.0117) (15 0.0113) (82 0.0111) (54 -0.0109) (29 0.0108) (48 0.0105) (80 0.0104) (75 -0.01) 
     0.00412   (105 0.59) (96 -0.327) (103 0.281) (123 -0.266) (101 0.202) (108 -0.194) (110 -0.19) (106 -0.173) (119 0.17) (107 -0.169) (99 -0.154) (112 -0.151) (122 0.145) (98 -0.137) (102 -0.115) (117 -0.112) (124 0.104) (97 -0.0923) (109 -0.0852) (114 -0.0838) (120 -0.0834) (111 -0.0726) (50 0.0686) (121 -0.0685) (100 -0.0596) (90 -0.0551) (115 -0.0528) (94 0.0504) (91 -0.0478) (113 0.0438) (118 -0.0346) (116 -0.03) (84 -0.0297) (82 -0.0287) (104 -0.0281) (72 -0.0276) (93 -0.0232) (92 -0.0229) (55 -0.0196) (71 -0.0195) (89 0.0187) (85 -0.0156) (80 -0.0149) (60 0.0147) (53 0.0143) (51 -0.0137) (81 -0.0132) (56 0.0128) (49 0.0117) (78 0.0103) (66 -0.0103) (83 0.0103) 
     0.00427   (142 0.921) (143 -0.383) (139 0.0548) (123 -0.0241) (141 -0.0126) (96 0.012) (122 0.011) 
   0.0043512   (50 0.853) (55 -0.202) (49 0.161) (51 -0.149) (53 0.145) (56 0.142) (72 -0.121) (48 -0.118) (60 0.0979) (71 -0.0918) (40 -0.0899) (57 0.0838) (46 0.0836) (42 -0.0751) (123 0.0689) (52 0.0679) (15 -0.0645) (84 -0.0601) (63 -0.0579) (41 -0.0543) (45 0.0536) (65 -0.0535) (107 0.0534) (82 -0.0512) (66 -0.0512) (119 -0.0511) (105 -0.0489) (96 -0.0425) (70 -0.0403) (122 -0.0403) (124 -0.0377) (54 -0.0367) (109 0.0354) (80 -0.032) (117 0.0304) (43 -0.0275) (23 0.0262) (87 -0.0257) (90 -0.0254) (68 0.0247) (47 0.024) (74 0.0235) (81 -0.0232) (31 -0.0228) (103 -0.0226) (108 0.0225) (59 0.0222) (120 0.0212) (101 -0.0211) (64 0.021) (121 0.0203) (16 0.0201) (92 0.0199) (69 -0.0194) (12 -0.0191) (112 -0.0191) (79 0.0189) (115 0.0173) (111 -0.0162) (38 -0.016) (83 0.016) (73 0.0146) (110 0.0138) (78 0.0132) (39 -0.012) (91 0.0111) (104 -0.0111) (99 0.0107) (85 -0.0107) 
   0.0043912   (72 -0.57) (46 0.425) (45 0.323) (80 -0.303) (81 -0.294) (71 -0.192) (50 -0.182) (83 0.157) (93 -0.154) (87 -0.129) (44 0.0779) (98 -0.0754) (76 0.0724) (77 0.0686) (48 0.0675) (79 0.0652) (78 0.0638) (42 -0.0575) (113 -0.0558) (49 -0.0542) (41 -0.0479) (70 -0.047) (97 0.0469) (107 0.046) (109 -0.0453) (100 0.042) (105 -0.0387) (89 0.0357) (47 0.0352) (66 0.034) (60 0.0309) (90 0.0303) (85 -0.0297) (75 -0.0274) (69 0.0262) (96 0.0252) (123 -0.0248) (156 0.0245) (63 -0.0241) (43 -0.0233) (73 -0.0231) (54 0.0223) (119 0.0221) (68 0.0211) (51 0.0208) (82 -0.0198) (74 0.0186) (101 -0.0183) (91 -0.0177) (114 0.0175) (115 -0.0159) (57 -0.0156) (117 -0.0155) (122 0.0151) (103 0.014) (52 0.0139) (104 0.0134) (99 0.013) (19 -0.0113) (67 -0.011) (110 0.0107) (36 -0.0103) 
   0.0045336   (156 0.999) (46 -0.0262) (45 -0.0199) 
   0.0046745   (46 0.617) (72 0.479) (45 0.465) (80 0.153) (71 0.153) (81 0.129) (79 -0.123) (44 0.117) (42 -0.105) (87 0.0941) (41 -0.0804) (47 0.0739) (109 0.0699) (83 -0.068) (43 -0.0654) (90 0.0592) (40 -0.0546) (78 -0.0542) (66 -0.0451) (48 0.0441) (113 0.0436) (70 0.0416) (98 0.0403) (85 0.0365) (63 0.0339) (100 -0.0299) (107 -0.0283) (105 0.0282) (96 -0.0277) (76 -0.0274) (36 -0.0273) (49 -0.0263) (156 0.0249) (15 -0.0235) (69 -0.0226) (57 0.0226) (12 -0.0215) (38 -0.0213) (123 0.0207) (75 0.0195) (73 0.019) (117 0.0176) (114 -0.0168) (93 -0.016) (122 -0.0159) (50 -0.0159) (86 -0.0158) (110 -0.0158) (68 -0.0156) (115 0.0155) (60 -0.014) (54 -0.0134) (118 -0.0132) (35 0.0124) (119 -0.0124) (23 0.0123) (77 -0.0119) (56 0.0118) (97 -0.0118) (13 -0.0116) (101 0.0114) (67 0.0113) (104 -0.0113) (84 -0.0111) (91 -0.0105) (102 0.0101) (112 -0.0101) 
   0.0047239   (19 0.961) (136 -0.259) (20 0.0536) (18 0.0418) (15 0.0361) (23 0.0297) (16 -0.0283) (17 -0.0258) (7 0.0189) (25 0.0181) (36 0.0152) (46 0.0114) (30 0.0112) 
   0.0049504   (136 -0.966) (19 -0.257) (20 -0.0144) (18 -0.0112) 
   0.0051466   (7 -1) (19 0.0172) 
   0.0053486   (5 1) 
     0.00538   (30 -0.453) (35 0.398) (33 0.33) (135 0.319) (28 0.289) (25 0.243) (32 -0.24) (31 -0.232) (29 0.206) (14 0.146) (13 0.135) (12 0.133) (36 -0.132) (24 0.122) (34 -0.0892) (37 0.0794) (11 0.063) (27 -0.0625) (17 -0.0617) (38 -0.0423) (18 -0.0375) (26 0.0351) (16 0.0338) (78 0.033) (20 0.0323) (21 0.0322) (43 -0.0296) (44 0.0277) (40 -0.0255) (42 0.0247) (47 0.0185) (15 0.0132) (79 -0.0131) (39 0.0128) (48 0.0126) (71 -0.0107) 
   0.0054395   (135 0.948) (30 0.152) (35 -0.134) (33 -0.111) (28 -0.0972) (25 -0.0819) (32 0.0805) (31 0.078) (29 -0.0694) (14 -0.0492) (13 -0.0453) (12 -0.0448) (36 0.0443) (24 -0.0411) (34 0.03) (37 -0.0267) (11 -0.0212) (27 0.021) (17 0.0208) (38 0.0142) (18 0.0126) (26 -0.0118) (16 -0.0114) (20 -0.0109) (78 -0.0108) (21 -0.0108) 
   0.0056922   (10 -0.749) (17 0.594) (16 0.175) (14 0.108) (12 0.105) (13 0.101) (25 -0.0736) (20 -0.0673) (24 -0.0532) (15 0.0524) (18 0.0446) (11 0.0434) (21 -0.033) (19 0.026) (35 0.0174) (28 -0.0128) (30 -0.011) (78 0.0106) 
   0.0058179   (145 -0.999) (10 0.0269) (17 0.0237) 
   0.0061808   (17 -0.678) (10 -0.662) (16 -0.199) (14 -0.112) (13 -0.103) (12 -0.0934) (25 0.0864) (20 0.0807) (24 0.0613) (15 -0.0529) (18 -0.0519) (11 -0.0461) (21 0.0393) (145 -0.0374) (19 -0.029) (35 -0.0203) (30 0.0142) (78 -0.0142) (28 0.0133) (37 -0.0127) (33 -0.0106) 
   0.0064624   (14 -0.671) (12 0.646) (41 0.254) (42 0.196) (13 0.108) (45 0.0607) (15 -0.0495) (47 0.0476) (50 0.0447) (40 0.0411) (46 0.0344) (11 0.0339) (48 -0.0223) (38 0.0186) (35 -0.0184) (29 0.0162) (31 0.0142) (36 0.0113) (60 -0.0112) (44 0.011) (109 -0.0101) 
   0.0069716   (144 -0.999) (41 0.0289) (42 0.0244) (14 0.0139) 
    0.007354   (41 -0.676) (42 -0.571) (14 -0.284) (12 0.193) (45 -0.149) (40 -0.122) (47 -0.121) (50 -0.0902) (46 -0.078) (35 0.0705) (38 -0.0566) (48 0.0496) (15 -0.0442) (36 -0.0442) (144 -0.0434) (29 -0.0414) (18 0.0388) (44 -0.0375) (39 0.0344) (74 0.0301) (31 -0.0294) (25 -0.0291) (33 0.0283) (23 0.0256) (59 -0.0235) (60 0.0229) (17 0.0213) (49 -0.0205) (109 0.0184) (80 0.0174) (56 0.0167) (28 -0.0162) (52 0.0159) (16 -0.0154) (79 0.015) (81 -0.015) (24 -0.0148) (61 -0.0146) (67 0.0137) (84 -0.0137) (65 0.0136) (55 -0.0135) (21 -0.0124) (107 0.0119) (75 0.0114) (68 0.0114) (86 -0.0108) (77 0.0105) (63 -0.0103) (32 -0.0101) 
   0.0077149   (13 -0.772) (12 0.451) (14 0.311) (31 0.245) (29 0.182) (32 -0.0704) (30 0.0359) (41 -0.0297) (37 -0.0274) (33 0.0272) (35 0.023) (15 -0.0191) (67 0.0162) (137 -0.0136) (34 0.0113) (68 0.0111) (40 -0.0104) 
   0.0084617   (137 -0.991) (31 0.0941) (29 0.069) (13 0.0495) (32 -0.0249) (12 -0.0228) (14 -0.0138) (30 0.0138) (41 -0.0119) 

 Largest eigenvalues
      61.541   (163 0.244) (164 0.958) 
      28.211   (12 -0.268) (13 -0.241) (14 -0.252) (25 -0.246) (33 0.29) (35 0.281) (78 -0.316) 
      15.299   (78 -0.735) (79 0.306) 
      11.472   (107 0.503) (109 0.724) 
      4.5645   (96 -0.29) (119 -0.374) (122 -0.296) (123 0.546) 
      1.4608   (163 0.97) (164 -0.241) 
      1.2236   (162 0.996) 
      1.1471   (165 0.997) 
      1.1418   (90 0.357) (91 0.829) 
      1.1349   (101 0.763) (106 0.5) 
      1.1313   (101 0.352) (106 -0.785) 
     0.92287   (111 0.344) (115 -0.775) 
     0.91063   (104 0.835) (105 0.288) 
      0.8639   (99 -0.614) (100 -0.449) (103 -0.287) 
     0.85656   (111 -0.58) (112 0.328) 
      0.7598   (110 -0.477) (111 0.317) (115 0.344) (120 0.305) (139 0.289) 
     0.67269   (110 0.714) (111 0.3) 
     0.67023   (96 -0.754) (97 -0.217) (99 0.281) (110 0.225) 
     0.66347   (114 -0.497) (125 0.324) (126 0.46) (139 0.386) 
     0.59978   (111 -0.342) (112 -0.519) (114 0.497) 
     0.57677   (108 0.593) (112 0.341) (114 0.508) 
     0.57167   (108 -0.675) (110 -0.287) (112 0.401) 
     0.56805   (114 -0.347) (122 -0.36) (123 -0.385) (127 -0.29) (133 0.38) 
     0.56784   (122 0.425) (124 -0.491) (125 -0.473) 
     0.55167   (118 0.341) (119 0.311) (120 0.587) (121 -0.312) (124 0.298) 
     0.53463   (117 -0.645) (118 -0.492) 
     0.52202   (116 0.428) (117 0.318) (119 -0.425) (122 0.366) (125 0.293) (127 0.303) (133 0.308) 
     0.49424   (116 -0.65) (126 0.291) (139 -0.299) 
     0.49346   (116 0.544) (117 -0.289) (122 -0.325) (126 0.392) (139 -0.349) 
     0.42762   (92 0.97) 
     0.40684   (121 -0.325) (125 -0.27) (127 -0.39) (139 -0.389) 
     0.32924   (94 -0.926) (103 0.217) 
     0.31771   (94 0.328) (103 0.689) (104 0.337) (105 -0.396) 
     0.30358   (102 -0.822) 
     0.28056   (98 -0.46) (113 0.328) (118 0.264) (127 -0.269) 
     0.25143   (79 -0.326) (87 -0.658) 
     0.23199   (79 0.475) (98 0.545) 
     0.23029   (79 -0.477) (87 0.597) 
     0.21979   (98 -0.379) (107 0.353) (113 -0.573) 
     0.17175   (90 -0.766) (93 0.395) 
     0.15295   (90 0.325) (97 -0.538) (107 -0.338) 
     0.14448   (93 -0.624) (107 -0.316) 
     0.13432   (85 -0.721) (86 0.52) 
     0.12792   (88 -0.306) (89 -0.694) (93 0.341) (97 0.299) 
     0.12111   (72 -0.372) (79 0.376) (80 0.329) (81 0.486) (83 -0.405) 
     0.11251   (76 0.28) (77 0.328) (80 -0.319) 
     0.10999   (59 0.337) (65 0.304) (69 -0.333) (76 -0.305) 
     0.10531   (58 0.539) (59 -0.541) 
     0.10123   (58 -0.571) (63 0.291) 
    0.094451   (58 0.427) (59 0.356) (76 0.28) (97 -0.279) 
     0.08928   (58 -0.368) (59 -0.574) 
    0.079623   (59 0.324) (63 0.411) (64 0.29) (65 -0.377) (83 -0.293) 
    0.076945   (64 -0.772) (68 0.229) (76 -0.214) (83 -0.212) 
    0.073891   (61 -0.556) (62 0.402) (64 0.304) (65 0.289) (69 0.289) 
    0.072891   (61 0.665) (64 0.236) (65 0.253) (69 0.245) 
    0.066439   (61 -0.298) (76 0.247) (118 0.287) 
    0.063311   (68 0.306) (74 -0.352) (77 0.337) 
    0.061163   (61 -0.219) (62 -0.593) (69 0.241) (76 -0.216) (80 -0.242) (81 0.227) (86 -0.233) 
    0.058844   (62 0.539) (68 -0.294) (74 0.332) 
    0.055593   (67 -0.318) (68 0.389) (71 0.335) 
      0.0533   (67 0.435) (74 -0.378) (81 -0.342) 
    0.050023   (67 -0.54) (76 -0.299) (77 0.336) 
    0.047814   (67 0.52) (68 0.339) 
    0.046251   (74 -0.277) (76 0.31) (81 0.34) (83 0.286) 
    0.043986   (34 -0.869) (42 -0.31) 
    0.042186   (34 0.439) (41 0.52) (42 -0.564) 
     0.04151   (75 0.456) (88 0.276) (121 0.301) 
    0.040635   (48 -0.307) (49 -0.322) (51 -0.544) (75 -0.415) 
    0.032352   (51 0.471) (75 -0.557) 
    0.031752   (26 -0.37) (27 -0.761) 
    0.029445   (26 -0.702) (27 0.515) 
    0.027566   (26 0.481) (32 -0.31) (43 0.296) (44 0.408) (88 -0.331) 
    0.026403   (32 0.651) (33 0.469) 
    0.021637   (43 -0.328) (44 -0.497) (75 0.317) (88 -0.415) 
    0.020734   (120 -0.362) (131 0.695) (133 0.381) 
    0.020643   (128 -0.578) (160 -0.809) 
     0.01934   (128 -0.577) (160 0.311) (161 0.755) 
    0.017734   (128 -0.577) (160 0.498) (161 -0.647) 
    0.015456   (15 -0.93) (16 0.323) 
    0.014964   (140 0.997) 
