 1 31.6228
 2 22.8113
 3 1.80996
 4 31.6228
 5 16.2299
 6 11.7788
 7 31.6198
 8 1.0055
 9 31.4671
 10 29.4015
 11 0.98945
 12 27.947
 13 31.6228
 14 31.5831
 15 0.904404
 16 31.6228
 17 31.5468
 18 0.993878
 19 31.6228
 20 26.9974
 21 5.7018
 22 31.6228
 23 29.9913
 24 2.65769
 25 14.997
 26 15.1556
 27 1.77777
 28 31.3356
 29 10.6179
 30 11.6256
 31 21.5436
 32 2.61295
 33 28.1596
 34 14.2519
 35 7.23992
 36 16.6625
 37 31.4214
 38 31.5666
 39 1.37211
 40 24.2639
 41 31.0213
 42 1.29051
 43 21.6499
 44 28.6982
 45 1.80653
 46 31.5646
 47 15.7175
 48 17.6806
 49 30.2926
 50 13.8951
 51 14.8897
 52 8.73176
 53 30.6376
 54 16.453
 55 9.73915
 56 11.3315
 57 29.3497
 58 9.20523
 59 9.80887
 60 9.24249
 61 4.37634
 62 1.30854
 63 22.294
 64 15.8485
 65 0.974896
 66 21.3833
 67 30.3823
 68 2.71476
 69 31.6221
 70 31.6228
 71 27.878
 72 5.28741
 73 31.614
 74 1.35177
 75 31.5744
 76 31.4041
 77 1.40178
 78 30.1677
 79 31.6038
 80 2.42944
 81 30.5845
 82 31.3964
 83 17.3102
 84 1.36653
 85 10.1479
 86 1.37831
 87 31.3955
 88 1.1095
 89 1.05296
 90 1.26511
 91 2.44645
 92 17.9625
 93 27.0005
 94 19.7477
 95 27.0208
 96 29.8182
 97 16.5101
 98 13.9371
 99 9.21368
 100 23.2216
 101 29.9839
 102 9.30338
 103 11.7412
 104 10.6536
 105 10.5335
 106 12.2162
 107 12.2365
 108 12.2705
 109 10.0716
 110 8.19086
 111 12.3695
 112 13.8405
 113 13.1387
 114 12.3898
 115 12.2531
 116 10.3964
 117 12.0584
 118 12.9335
 119 11.1487
 120 8.37806
 121 10.5698
 122 6.66372
 123 7.66125
 124 5.47752
 125 5.1332
 126 6.90658
 127 4.53349
 128 8.67651
 129 7.4028
 130 7.06877
 131 4.14859
 132 4.45058
 133 4.56141
 134 5.83879
 135 2.69973
 136 6.63138
 137 2.91919
 138 2.86765
 139 2.88298
 140 3.10475
 141 3.08318
 142 2.69096
 143 2.82483
 144 3.70349
 145 3.77556
 146 3.40599
 147 2.92821
 148 5.19206
 149 3.79947
 150 3.29154
 151 3.55215
 152 4.70077
 153 4.3214
 154 3.52319
 155 4.37769
 156 4.81774
 157 6.78546
 158 0.217957
 159 0.142135
 160 0.268247
 161 3.74068
 162 4.31826
 163 17.0343
 164 24.4357
 165 0.534186
