 1 1000
 2 546.245
 3 20.5706
 4 1000
 5 425.75
 6 299.924
 7 999.867
 8 3.12454
 9 993.809
 10 875.059
 11 2.48022
 12 794.83
 13 1000
 14 997.939
 15 0.825578
 16 1000
 17 997.283
 18 2.82239
 19 1000
 20 847.47
 21 150.518
 22 1000
 23 946.272
 24 53.3899
 25 237.635
 26 257.914
 27 14.4146
 28 985.274
 29 215.801
 30 238.467
 31 483.606
 32 50.2467
 33 852.994
 34 208.283
 35 147.719
 36 376.076
 37 988.605
 38 998.033
 39 3.40362
 40 602.562
 41 967.008
 42 1.7291
 43 495.94
 44 857.335
 45 14.7425
 46 997.824
 47 468.545
 48 534.037
 49 932.342
 50 205.502
 51 310.181
 52 169.33
 53 950.694
 54 278.212
 55 176.411
 56 213.691
 57 895.722
 58 95.1488
 59 162.035
 60 155.84
 61 21.7301
 62 1.72764
 63 513.259
 64 293.199
 65 1.80071
 66 498.88
 67 958.91
 68 43.1544
 69 999.975
 70 1000
 71 875.074
 72 125.218
 73 999.61
 74 2.9624
 75 998.275
 76 987.192
 77 4.07612
 78 915.645
 79 999.16
 80 34.0668
 81 964.467
 82 989.268
 83 318.39
 84 2.53105
 85 107.462
 86 2.22413
 87 990.04
 88 1.72889
 89 1.65183
 90 1.94028
 91 8.62087
 92 388.898
 93 819.077
 94 510.511
 95 803.088
 96 923.971
 97 313.976
 98 241.09
 99 125.011
 100 585.26
 101 922.866
 102 106.751
 103 152.742
 104 129.624
 105 125.419
 106 159.509
 107 162.127
 108 163.897
 109 117.651
 110 90.8716
 111 170.425
 112 201.381
 113 183.956
 114 167.451
 115 168.59
 116 131.691
 117 165.433
 118 184.495
 119 140.234
 120 81.3783
 121 119.34
 122 46.956
 123 61.0822
 124 35.5514
 125 28.6798
 126 51.84
 127 25.5885
 128 84.6763
 129 66.6992
 130 58.0061
 131 20.1168
 132 20.6814
 133 21.9597
 134 35.1566
 135 8.61492
 136 44.9249
 137 9.73033
 138 9.09026
 139 9.22382
 140 10.617
 141 11.1832
 142 8.54445
 143 9.18452
 144 14.8219
 145 15.0852
 146 12.5714
 147 9.99543
 148 29.0473
 149 15.7332
 150 11.9576
 151 13.9312
 152 23.1181
 153 19.7292
 154 13.2385
 155 19.8984
 156 24.0126
 157 46.8745
 158 0.266414
 159 0.0356963
 160 0.355681
 161 22.6305
 162 23.0562
 163 375.729
 164 664.769
 165 5.79455
