 1 58118.9
 2 687.892
 3 25.6925
 4 177473
 5 530.686
 6 373.787
 7 577629
 8 44.2916
 9 19005.8
 10 2363.25
 11 4.63081
 12 1823.87
 13 273984
 14 3603.01
 15 0.847182
 16 376348
 17 3745.39
 18 8.20599
 19 124212
 20 2277.85
 21 402.785
 22 160144
 23 3363.58
 24 187.105
 25 255.299
 26 319.343
 27 17.7078
 28 2630.76
 29 266.527
 30 293.156
 31 514.593
 32 66.4838
 33 1134.43
 34 214.49
 35 166.886
 36 426.78
 37 1519.03
 38 3041.5
 39 7.03429
 40 972.509
 41 4331
 42 1.97487
 43 696.693
 44 1534.23
 45 25.3969
 46 5394.94
 47 1215.38
 48 1259.91
 49 1911.07
 50 207.519
 51 395.52
 52 214.71
 53 2961.95
 54 316.979
 55 238.228
 56 293.899
 57 1070.32
 58 96.3679
 59 176.659
 60 170.014
 61 21.8189
 62 1.72825
 63 550.864
 64 294.461
 65 1.80913
 66 505.346
 67 3735.78
 68 159.551
 69 131283
 70 182167
 71 2229.91
 72 315.85
 73 16601.8
 74 25.8693
 75 17495
 76 8382.89
 77 7.41206
 78 2014.03
 79 8272.63
 80 104.636
 81 2778.11
 82 1582.3
 83 339.313
 84 2.60546
 85 137.753
 86 2.43395
 87 5638.6
 88 1.72908
 89 1.65185
 90 1.94048
 91 9.2451
 92 440.775
 93 1187.86
 94 709.01
 95 1289.9
 96 1702.34
 97 327.723
 98 249.088
 99 126.162
 100 670.995
 101 1390.52
 102 110.571
 103 155.088
 104 130.68
 105 126.054
 106 160.033
 107 162.838
 108 164.751
 109 118.45
 110 92.5134
 111 171.399
 112 202.192
 113 184.52
 114 167.765
 115 168.953
 116 132.309
 117 165.886
 118 184.693
 119 140.563
 120 82.065
 121 119.777
 122 47.2958
 123 61.7786
 124 35.7438
 125 29.1507
 126 52.1753
 127 26.6926
 128 87.1771
 129 67.9451
 130 58.9415
 131 20.364
 132 20.8676
 133 22.2196
 134 36.0995
 135 8.78251
 136 45.1688
 137 9.97625
 138 9.29472
 139 9.44959
 140 11.017
 141 11.8553
 142 8.90959
 143 9.49979
 144 15.1555
 145 15.3031
 146 12.8105
 147 10.4092
 148 29.9184
 149 16.1208
 150 12.1846
 151 14.1965
 152 23.5198
 153 20.3322
 154 13.5578
 155 20.1177
 156 24.1514
 157 47.0462
 158 0.316209
 159 0.0368479
 160 0.466116
 161 28.0705
 162 25.9197
 163 987.992
 164 1177.96
 165 6.14635
