 Smallest eigenvalues
  1.6827e-06   (9 -1) 
  2.6571e-06   (47 0.65) (50 -0.367) (48 -0.287) (46 0.27) (45 -0.225) (53 0.206) (42 -0.198) (154 -0.186) (43 0.149) (40 0.137) (13 0.13) (36 0.12) (77 -0.116) (54 0.106) (24 0.0525) (60 0.0515) (37 -0.0513) (44 0.0439) (38 -0.0412) (17 -0.0335) (58 0.032) (32 0.0297) (31 0.0278) (73 -0.0259) (26 0.0258) (56 0.0228) (78 0.0225) (25 -0.0201) (28 -0.0194) (39 -0.0185) (23 -0.0181) (51 -0.0181) (14 0.0177) (41 -0.0174) (57 0.0165) (11 -0.016) (35 -0.0158) (71 -0.0152) (21 0.0131) (16 0.0128) (68 0.0125) (83 -0.0124) (52 0.0117) (72 0.0108) (70 0.0108) (30 -0.0101) 
  3.6499e-06   (154 -0.983) (47 -0.123) (50 0.0694) (48 0.0542) (46 -0.0511) (45 0.0426) (53 -0.0388) (42 0.0375) (43 -0.0282) (40 -0.0261) (13 -0.0247) (36 -0.0227) (77 0.0214) (54 -0.02) 
  5.4895e-06   (5 -1) 
  5.6347e-06   (148 0.643) (43 -0.488) (42 -0.382) (45 0.306) (40 0.18) (36 0.137) (44 0.125) (13 0.106) (46 -0.0829) (77 -0.0712) (37 -0.061) (24 0.0511) (48 -0.0451) (26 0.0358) (51 0.0338) (38 -0.0301) (32 0.03) (41 -0.0294) (17 -0.0278) (60 0.0239) (39 -0.0225) (52 0.0218) (31 0.0199) (23 -0.0179) (16 0.0169) (56 0.0164) (25 -0.0151) (14 0.0143) (73 -0.014) (35 -0.0139) (11 -0.0134) (54 0.0127) (53 -0.0112) (55 -0.0105) (70 0.0105) 
  6.2444e-06   (148 0.766) (43 0.409) (42 0.32) (45 -0.257) (40 -0.151) (36 -0.115) (44 -0.105) (13 -0.0893) (46 0.0695) (77 0.0596) (37 0.0512) (24 -0.0429) (48 0.0378) (26 -0.03) (51 -0.0284) (38 0.0252) (32 -0.0252) (41 0.0247) (17 0.0233) (60 -0.02) (39 0.0189) (52 -0.0183) (31 -0.0167) (23 0.015) (16 -0.0142) (56 -0.0138) (25 0.0126) (14 -0.012) (73 0.0117) (35 0.0116) (11 0.0113) (54 -0.0107) 
  7.6136e-06   (1 0.986) (27 0.119) (26 0.0693) (24 0.0557) (36 -0.0464) (13 0.0293) (32 -0.0225) (40 -0.0222) (25 -0.0211) (29 0.0159) (31 -0.0156) (37 0.0142) (23 -0.012) (17 -0.0108) 
  8.0508e-06   (156 0.999) (27 0.0325) (26 0.0191) (24 0.016) (36 -0.0121) (13 0.0117) 
  1.7206e-05   (27 -0.682) (26 -0.402) (24 -0.337) (36 0.254) (13 -0.246) (1 0.167) (32 0.125) (40 0.122) (25 0.121) (31 0.0981) (29 -0.0922) (37 -0.0787) (17 0.0765) (23 0.0752) (16 -0.0665) (28 0.0563) (77 0.0508) (156 0.0475) (20 -0.0447) (30 0.0393) (21 -0.0391) (35 -0.0333) (42 -0.0301) (14 -0.0269) (11 0.0257) (33 0.0222) (39 -0.0221) (15 -0.022) (38 -0.0188) (19 0.0175) (60 -0.0174) (22 0.015) (48 0.0147) (41 -0.0143) (47 0.0141) (49 0.0138) (55 0.0121) (43 0.0121) (73 0.0117) (79 0.0112) (12 -0.0106) (76 -0.01) 
  3.3792e-05   (19 0.706) (43 0.401) (20 -0.263) (45 0.26) (46 -0.234) (21 0.201) (42 -0.168) (44 -0.14) (36 0.115) (40 0.089) (24 0.0862) (47 -0.0744) (50 -0.0586) (48 -0.0545) (77 -0.0532) (38 -0.0477) (25 -0.0393) (26 0.038) (28 -0.0344) (35 -0.0325) (49 0.0303) (52 0.0276) (27 0.027) (74 -0.0267) (22 0.0251) (31 0.0246) (32 0.021) (60 0.0198) (72 0.0192) (33 0.0173) (79 0.0161) (63 -0.0158) (30 0.0154) (67 -0.0146) (16 0.0141) (39 -0.0141) (68 0.0134) (69 0.0134) (41 -0.0125) (78 0.0112) (71 -0.0104) (15 0.0101) 
  0.00010474   (157 -0.999) (19 -0.0251) (43 0.023) (45 0.0156) (46 -0.0119) 
  0.00011018   (19 0.546) (43 -0.521) (45 -0.353) (46 0.27) (20 -0.214) (42 0.191) (44 0.188) (40 -0.144) (21 0.144) (13 -0.14) (36 -0.111) (47 0.103) (77 0.0845) (50 0.0683) (48 0.0498) (157 -0.0447) (17 0.0383) (22 0.0313) (60 -0.0298) (38 0.0294) (37 0.0272) (23 0.0271) (34 0.0257) (26 -0.0249) (28 -0.023) (74 0.0227) (55 0.0226) (56 -0.0216) (58 -0.0199) (39 0.0192) (32 -0.0187) (27 0.0184) (72 -0.0172) (11 0.0171) (33 -0.017) (14 -0.0162) (16 -0.016) (52 -0.0151) (67 0.0148) (30 -0.0143) (75 0.0142) (57 0.0138) (68 -0.0138) (29 -0.0129) (73 0.0123) (63 0.0122) (82 -0.0121) (71 0.0114) (41 -0.0112) (69 -0.0109) (54 -0.0101) 
  0.00013369   (3 1) 
  0.00016381   (23 -0.647) (24 -0.501) (13 0.363) (17 -0.235) (20 -0.181) (21 0.142) (25 0.141) (22 -0.122) (26 -0.106) (28 0.0895) (31 -0.0878) (36 -0.0729) (40 -0.0658) (14 0.0627) (42 0.047) (37 0.0453) (27 0.0446) (11 -0.0417) (32 -0.0401) (45 0.0357) (38 0.0333) (15 0.0255) (29 -0.0201) (77 -0.0187) (33 0.0177) (12 0.0175) (51 0.0152) (46 -0.0138) (57 0.0137) (43 -0.0124) (30 0.0123) (39 0.011) (44 -0.0107) 
  0.00017566   (159 -1) 
  0.00021859   (2 -1) 
  0.00024567   (21 -0.751) (23 0.344) (13 0.32) (17 -0.298) (19 0.209) (24 -0.175) (20 -0.126) (22 0.0728) (36 -0.0628) (16 0.0611) (25 0.0562) (26 -0.0559) (14 0.0552) (40 -0.0497) (158 0.0442) (11 -0.0369) (32 -0.0332) (28 0.0319) (37 0.0315) (31 -0.0289) (15 0.0276) (29 -0.0259) (27 0.0233) (42 0.0186) (77 -0.0171) (33 0.0167) (46 -0.0149) (12 0.0149) (38 0.0133) (35 0.0128) (45 0.0117) 
  0.00026107   (158 0.999) (21 0.0332) (23 -0.0152) (13 -0.0142) (17 0.0132) 
  0.00029317   (8 1) 
  0.00030177   (26 -0.708) (24 0.399) (150 -0.387) (25 -0.3) (13 0.175) (36 -0.122) (30 0.121) (23 -0.0906) (17 -0.0813) (40 -0.0734) (32 -0.0555) (16 0.0506) (37 0.0475) (20 0.0433) (22 -0.0355) (53 0.0335) (51 -0.0276) (47 -0.0252) (21 0.0239) (14 0.0229) (50 -0.0227) (29 -0.0213) (15 0.0211) (77 -0.0204) (45 0.0193) (11 -0.0167) (34 -0.0158) (54 0.0139) (35 0.0139) (41 0.0124) (39 0.0123) (43 -0.0118) (76 -0.0104) 
  0.00030442   (150 -0.922) (26 0.297) (24 -0.167) (25 0.126) (13 -0.0735) (36 0.0513) (30 -0.051) (23 0.038) (17 0.0341) (40 0.0308) (32 0.0233) (16 -0.0212) (37 -0.0199) (20 -0.0182) (22 0.0149) (53 -0.014) (51 0.0116) (47 0.0106) (21 -0.0101) 
  0.00032132   (6 1) 
  0.00032641   (20 0.472) (21 0.465) (23 0.401) (22 0.327) (13 0.271) (24 -0.247) (153 -0.229) (17 -0.217) (25 0.121) (36 -0.0878) (19 0.0866) (16 0.0859) (26 -0.0762) (40 -0.0693) (14 0.0483) (32 -0.0459) (15 0.0409) (11 -0.0263) (37 0.0258) (77 -0.0237) (29 -0.0224) (31 0.0199) (30 0.0155) (73 -0.014) (39 0.0137) (41 0.0133) (35 0.0132) (45 0.013) (46 -0.0123) (53 0.012) (51 -0.0115) 
  0.00036266   (153 -0.973) (20 -0.111) (21 -0.109) (23 -0.0943) (22 -0.0769) (13 -0.0637) (24 0.0581) (17 0.0511) (25 -0.0286) (36 0.0206) (19 -0.0204) (16 -0.0202) (26 0.0179) (40 0.0163) (14 -0.0114) (32 0.0108) 
  0.00037751   (73 -0.704) (57 -0.429) (58 -0.252) (60 -0.224) (77 0.176) (65 0.173) (70 0.159) (42 -0.142) (51 -0.137) (74 -0.115) (69 0.104) (55 -0.0976) (45 -0.0937) (31 0.0608) (56 0.0543) (47 -0.0506) (72 0.0504) (71 -0.0492) (36 -0.0445) (20 -0.0389) (79 0.0389) (44 0.0336) (38 -0.0335) (43 0.0324) (52 -0.0324) (54 -0.0316) (59 0.0298) (16 -0.0296) (50 0.0294) (13 0.0268) (48 -0.0267) (68 -0.025) (37 -0.0238) (122 0.0224) (49 -0.0224) (89 -0.0215) (100 0.0213) (104 0.0186) (41 0.0186) (75 0.0181) (115 -0.0177) (99 -0.0173) (28 -0.0172) (124 0.0166) (83 -0.0166) (66 0.0162) (76 -0.016) (91 -0.016) (63 0.0146) (109 0.0145) (118 0.0142) (88 0.0139) (19 -0.0137) (78 -0.0136) (61 0.0129) (126 0.0126) (24 -0.0115) (90 -0.0114) (46 0.0101) 
  0.00041405   (73 0.633) (57 -0.407) (58 -0.296) (65 0.25) (152 -0.218) (60 -0.21) (42 -0.176) (69 0.175) (45 -0.149) (51 -0.138) (68 -0.113) (13 0.0817) (74 0.0803) (31 0.0779) (47 -0.0696) (56 0.0695) (55 -0.0674) (70 0.0643) (49 0.0629) (38 -0.0555) (37 -0.0538) (72 -0.0509) (43 0.0495) (54 -0.0491) (44 0.0457) (77 -0.0433) (59 0.0361) (50 0.0347) (46 0.0333) (28 -0.0314) (20 -0.0306) (79 -0.0305) (16 -0.0289) (41 0.0265) (53 -0.0242) (122 -0.0232) (118 0.0228) (83 -0.0199) (19 -0.0199) (63 0.0198) (66 0.0191) (21 0.019) (17 -0.0185) (115 -0.0183) (48 0.0179) (61 0.017) (121 -0.017) (119 -0.0167) (91 -0.016) (127 0.0155) (116 0.0151) (125 -0.0143) (89 -0.0142) (126 -0.014) (67 0.0138) (99 -0.0138) (135 0.0125) (71 0.0115) (104 0.0106) (14 0.0105) (11 -0.0104) 
  0.00046731   (152 -0.976) (73 -0.134) (57 0.0954) (58 0.0687) (65 -0.0574) (60 0.0491) (42 0.0414) (69 -0.0398) (45 0.0346) (51 0.0325) (68 0.0253) (13 -0.0188) (31 -0.0183) (74 -0.0168) (47 0.0162) (55 0.0162) (56 -0.0161) (70 -0.0157) (49 -0.0138) (38 0.0129) (37 0.0124) (43 -0.0115) (54 0.0114) (72 0.0109) (44 -0.0107) 
  0.00047364   (25 0.884) (24 0.409) (26 -0.115) (51 -0.0776) (53 -0.0766) (23 -0.067) (13 0.0601) (55 0.0595) (54 0.0537) (45 -0.0358) (56 -0.0342) (57 0.034) (20 -0.031) (28 -0.0264) (40 -0.0251) (49 0.0247) (42 -0.0239) (17 -0.0234) (16 0.0228) (52 -0.021) (31 0.0178) (77 -0.017) (48 0.0156) (47 -0.0155) (27 -0.0141) (60 0.0129) (22 0.0128) (50 0.012) 
  0.00048288   (147 0.725) (51 -0.353) (53 -0.312) (55 0.254) (54 0.216) (56 -0.16) (45 -0.145) (42 -0.138) (57 0.125) (52 -0.111) (25 -0.106) (49 0.0677) (13 0.0582) (50 0.0564) (60 0.0527) (47 -0.0514) (31 0.0485) (43 0.0451) (48 0.0428) (37 -0.0384) (24 -0.036) (58 0.0355) (40 0.0349) (44 0.0346) (73 -0.0342) (38 -0.0311) (77 -0.0288) (26 0.0257) (46 0.0253) (36 0.0249) (16 -0.0147) (41 0.0128) (28 -0.0121) (20 -0.0117) (17 -0.0114) (19 -0.0111) (70 0.0105) (22 -0.0102) 
  0.00049732   (147 0.689) (51 0.372) (53 0.329) (55 -0.268) (54 -0.227) (56 0.169) (45 0.153) (42 0.146) (57 -0.132) (52 0.117) (25 0.107) (49 -0.0714) (13 -0.0617) (50 -0.0595) (60 -0.0555) (47 0.0542) (31 -0.0512) (43 -0.0475) (48 -0.0451) (37 0.0405) (58 -0.0374) (40 -0.0367) (44 -0.0365) (73 0.0361) (24 0.0359) (38 0.0328) (77 0.0303) (46 -0.0266) (26 -0.0266) (36 -0.0263) (16 0.0154) (41 -0.0135) (28 0.0129) (20 0.0125) (17 0.0121) (19 0.0117) (70 -0.011) (22 0.0107) 
  0.00053252   (54 -0.739) (52 -0.295) (40 0.295) (55 0.239) (51 -0.216) (53 0.215) (57 0.162) (36 -0.156) (37 0.145) (42 -0.13) (45 -0.108) (38 0.104) (50 0.0677) (56 0.0513) (60 0.0506) (77 -0.0462) (43 0.0357) (70 0.0277) (39 -0.0267) (44 0.0262) (49 0.0239) (47 -0.0214) (69 0.0167) (58 0.0166) (151 -0.0162) (32 -0.0159) (25 0.0153) (20 -0.0153) (73 -0.0141) (48 0.0141) (35 0.0123) 
  0.00059392   (151 -0.973) (40 -0.144) (37 -0.0992) (36 0.0942) (38 -0.0698) (54 -0.0609) (31 0.0288) (13 0.0252) (52 -0.0219) (51 -0.0197) (53 0.0181) (55 0.0158) (57 0.0148) (49 -0.0147) (39 0.0145) (24 0.0115) (32 0.0113) (42 0.011) (77 -0.0109) (26 0.01) 
  0.00060772   (40 0.591) (37 0.41) (36 -0.388) (54 0.31) (38 0.289) (151 -0.229) (31 -0.122) (52 0.114) (13 -0.107) (51 0.0988) (53 -0.0919) (55 -0.0838) (57 -0.0739) (49 0.0608) (39 -0.0595) (77 0.0497) (24 -0.0482) (32 -0.0466) (26 -0.0419) (42 -0.0373) (25 0.0367) (73 0.0362) (60 -0.033) (22 0.0308) (45 -0.0296) (48 0.0271) (56 -0.0262) (17 0.0217) (35 0.0208) (19 0.0187) (41 -0.0177) (43 0.0176) (50 -0.0171) (14 -0.0156) (27 -0.0155) (20 0.0146) (28 0.0134) (46 0.013) (58 -0.0128) (70 -0.0123) (11 0.012) (65 0.0112) (23 0.0111) (68 -0.0104) 
  0.00064876   (69 -0.657) (70 -0.643) (57 -0.228) (71 0.156) (68 0.135) (51 -0.122) (49 -0.118) (58 -0.0764) (60 -0.0707) (42 -0.065) (48 -0.0374) (54 -0.0354) (31 0.0343) (36 -0.0324) (83 -0.0296) (149 0.0288) (52 -0.0286) (20 -0.0267) (55 -0.0257) (45 -0.0236) (74 -0.0196) (125 -0.0183) (89 -0.0175) (16 -0.0168) (100 0.0166) (75 -0.0164) (115 -0.0152) (127 0.0149) (104 0.0148) (38 -0.0147) (13 0.0146) (84 0.0146) (122 0.0139) (97 -0.0134) (91 -0.0132) (79 -0.0132) (67 -0.0129) (88 0.0127) (41 0.0124) (40 0.0122) (78 0.012) (124 0.0118) (46 -0.011) (118 0.0106) (90 0.0104) (107 -0.0103) (44 0.0103) (56 0.0103) 
  0.00066375   (149 0.849) (49 0.402) (51 0.184) (45 -0.132) (48 0.113) (42 -0.11) (47 -0.0784) (50 0.0773) (53 0.0692) (55 -0.049) (13 0.0474) (43 0.0462) (73 -0.0458) (46 0.0447) (44 0.0426) (69 -0.042) (37 -0.0392) (36 0.0351) (31 0.0325) (77 -0.0323) (58 0.031) (38 -0.0298) (57 0.0282) (70 -0.022) (68 0.0213) (65 -0.0205) (56 -0.0176) (52 0.0163) (60 0.0155) (28 -0.0125) (25 -0.0113) (24 0.0111) (22 -0.0105) 
  0.00071733   (49 -0.639) (149 0.528) (51 -0.288) (45 0.213) (42 0.18) (48 -0.179) (47 0.126) (50 -0.124) (53 -0.111) (69 0.104) (55 0.0804) (13 -0.077) (43 -0.0747) (73 0.0738) (46 -0.0713) (70 0.0704) (44 -0.0692) (37 0.0634) (36 -0.0544) (31 -0.0543) (77 0.0526) (38 0.0488) (58 -0.0455) (68 -0.0418) (65 0.0329) (57 -0.0322) (56 0.0278) (52 -0.0245) (60 -0.0209) (28 0.0206) (24 -0.0178) (25 0.0175) (22 0.0167) (17 0.0159) (19 0.0153) (79 0.0148) (71 -0.0125) (16 0.0125) (21 -0.0121) (41 -0.012) (121 0.0116) (14 -0.0114) (72 -0.0111) (32 -0.0111) 
  0.00077396   (38 -0.601) (39 -0.543) (36 -0.307) (20 -0.233) (40 0.185) (23 0.17) (42 0.17) (37 -0.153) (22 -0.131) (21 0.118) (19 -0.104) (41 -0.0758) (16 -0.0756) (31 0.0719) (13 0.0703) (45 0.0611) (35 0.0398) (33 0.0392) (51 0.0359) (32 -0.031) (57 0.0302) (17 -0.0277) (43 -0.0267) (24 -0.026) (25 0.0228) (44 -0.0215) (47 0.0199) (55 0.0195) (26 -0.0189) (77 0.0113) 
  0.00081154   (20 -0.504) (23 0.466) (22 -0.38) (21 0.31) (38 0.254) (19 -0.243) (31 -0.199) (39 0.186) (13 0.174) (36 0.12) (16 -0.105) (37 0.0989) (28 0.0898) (17 -0.0825) (40 -0.0638) (143 -0.0405) (14 0.0242) (35 -0.0221) (11 -0.0207) (33 -0.0206) (26 -0.0194) (30 0.0183) (25 0.0171) (45 0.0132) (32 0.0128) (49 -0.0122) (27 -0.0115) (42 0.0109) (41 0.0106) 
  0.00084808   (143 -0.999) (20 0.0215) (23 -0.0196) (142 -0.0188) (22 0.016) (21 -0.0131) (19 0.0103) 
  0.00089066   (49 -0.481) (51 0.409) (42 -0.379) (45 -0.324) (47 -0.313) (16 -0.262) (50 -0.247) (57 0.131) (48 0.116) (17 0.108) (55 0.108) (13 0.105) (36 -0.101) (41 0.0915) (43 0.0856) (44 0.076) (56 -0.0739) (31 0.0739) (40 -0.0528) (38 -0.0513) (77 0.0479) (52 0.0362) (24 -0.0314) (58 0.0293) (60 0.027) (37 -0.0246) (39 0.0203) (32 -0.0187) (46 0.0182) (35 0.0167) (28 -0.016) (25 0.0158) (33 0.0152) (69 0.015) (14 0.015) (26 -0.0142) (83 -0.0131) (54 0.0127) (68 -0.0119) (19 0.0114) (11 -0.0111) (118 0.0109) (53 0.0102) (21 -0.0101) (114 0.01) 
   0.0010786   (16 -0.776) (17 0.392) (13 0.3) (20 0.176) (42 0.153) (49 0.128) (45 0.117) (19 0.108) (31 -0.107) (51 -0.0984) (47 0.0937) (21 -0.0697) (50 0.0643) (14 0.0535) (28 0.0498) (38 0.038) (37 0.0352) (41 -0.0345) (43 -0.034) (11 -0.0336) (48 -0.0333) (44 -0.0305) (22 0.0285) (36 0.0285) (57 -0.0262) (55 -0.0249) (56 0.0172) (26 -0.0157) (25 0.0143) (77 -0.014) (12 0.0139) (40 0.0121) (52 -0.0112) (30 0.0111) (46 -0.0102) (24 0.0101) 
   0.0013104   (146 -1) 
    0.001478   (55 -0.711) (31 0.393) (56 -0.387) (57 0.25) (51 -0.212) (33 -0.147) (32 -0.0768) (37 0.0742) (54 -0.0703) (52 -0.0693) (28 -0.0683) (49 -0.0666) (20 -0.0653) (38 0.0551) (48 -0.0536) (13 0.0493) (16 -0.0488) (77 0.0468) (47 -0.0437) (58 0.0353) (42 -0.0336) (60 0.0305) (45 -0.029) (19 -0.029) (53 0.0238) (73 0.0236) (30 -0.0234) (50 0.0232) (35 -0.0228) (69 0.0209) (72 0.0205) (68 -0.0195) (44 0.0153) (65 0.0151) (36 -0.015) (139 0.0135) (24 -0.0134) (21 0.0114) (79 0.0112) (22 -0.01) (27 0.01) 
   0.0015302   (31 0.721) (55 0.345) (33 -0.328) (42 0.193) (56 0.173) (37 0.172) (38 0.155) (51 0.147) (32 -0.135) (139 0.117) (28 -0.116) (13 0.105) (36 0.0942) (57 -0.0927) (45 0.0814) (35 -0.0687) (20 -0.0654) (41 -0.0492) (16 -0.0449) (40 0.0419) (52 0.0407) (30 -0.0396) (19 -0.0394) (54 0.0362) (47 0.0319) (43 -0.031) (44 -0.0286) (17 -0.0275) (22 -0.0269) (48 0.025) (77 -0.0245) (39 -0.0224) (50 -0.0223) (26 0.0212) (21 0.0203) (25 -0.0193) (73 -0.0187) (27 0.0181) (49 0.0178) (11 -0.0129) (14 0.0128) (58 -0.0113) (60 -0.0102) 
   0.0015746   (139 0.993) (31 -0.0906) (33 0.0406) (55 -0.0308) (42 -0.0219) (37 -0.0212) (38 -0.0189) (32 0.0169) (56 -0.0151) (28 0.0146) (51 -0.0141) (135 0.0134) (13 -0.0132) (36 -0.0108) 
   0.0017085   (14 -0.859) (32 0.372) (15 -0.241) (13 0.193) (28 -0.0768) (33 0.0761) (36 -0.0709) (31 0.0655) (37 0.0416) (134 -0.0367) (40 -0.0319) (38 0.0269) (42 0.023) (17 -0.0165) (72 -0.0143) (34 0.0139) (44 -0.012) (25 -0.0119) (45 0.0115) 
    0.001849   (134 -0.73) (32 0.557) (14 0.298) (33 0.117) (31 0.111) (36 -0.107) (28 -0.101) (15 0.0866) (37 0.0595) (38 0.0413) (40 -0.0391) (24 0.0324) (42 0.0318) (26 0.0254) (17 -0.0228) (34 0.0221) (13 0.0171) (44 -0.015) (29 0.0135) (52 -0.0127) (25 -0.0127) (35 0.0125) (45 0.0121) (43 -0.0121) (19 -0.012) (30 -0.0112) (23 -0.0102) (77 -0.0101) (51 0.01) 
   0.0019089   (134 -0.683) (32 -0.615) (14 -0.272) (33 -0.13) (31 -0.122) (36 0.118) (28 0.112) (15 -0.0795) (37 -0.0658) (38 -0.0455) (40 0.0434) (42 -0.0352) (24 -0.0347) (13 -0.0287) (26 -0.0277) (17 0.0253) (34 -0.0243) (44 0.0167) (29 -0.015) (25 0.0142) (52 0.0138) (35 -0.0138) (45 -0.0136) (43 0.0134) (19 0.0124) (30 0.0123) (23 0.0111) (77 0.011) (51 -0.011) (21 -0.0105) 
   0.0019573   (28 -0.881) (52 -0.264) (31 -0.2) (29 0.166) (32 -0.122) (54 0.0982) (24 -0.0842) (53 0.0793) (30 -0.0723) (26 -0.0718) (46 -0.0686) (68 0.0625) (51 0.0569) (36 0.0555) (70 0.0541) (27 -0.043) (50 0.0419) (69 -0.0415) (47 0.0354) (16 -0.0347) (20 -0.0328) (19 -0.0298) (48 0.0283) (49 -0.0283) (44 -0.0281) (72 0.0261) (33 -0.0242) (71 -0.0236) (60 -0.0226) (39 -0.0212) (45 0.0196) (38 0.0192) (42 0.0189) (74 0.0185) (34 -0.0183) (15 0.0181) (73 0.0179) (43 -0.0165) (58 -0.0159) (41 0.015) (35 0.0142) (56 -0.0127) (37 -0.0127) (17 -0.0123) (132 -0.0118) (66 0.0115) (82 -0.0111) (77 0.0109) (57 -0.0101) 
   0.0020725   (68 0.581) (70 0.469) (69 -0.356) (52 0.232) (71 -0.212) (132 -0.192) (72 0.178) (74 0.158) (78 -0.119) (77 0.116) (73 0.108) (46 0.102) (51 -0.0918) (54 -0.0891) (131 -0.0809) (58 0.0773) (66 0.0757) (65 -0.0656) (53 -0.0611) (63 -0.061) (57 -0.0564) (67 -0.0492) (42 -0.0489) (56 0.0471) (60 -0.0459) (83 -0.0434) (82 -0.0375) (55 -0.0334) (87 0.0319) (80 -0.0299) (43 0.0256) (48 0.0244) (31 0.0243) (107 -0.0218) (49 -0.0213) (41 0.0207) (109 -0.0205) (76 0.0192) (47 -0.0182) (36 -0.0181) (108 -0.018) (84 -0.0168) (118 -0.0167) (44 0.0166) (96 -0.0163) (61 0.0155) (79 -0.0148) (75 0.0143) (92 0.0134) (38 -0.0128) (16 -0.0113) (45 0.0108) (91 -0.0101) 
   0.0023181   (52 0.576) (132 -0.522) (28 -0.255) (54 -0.234) (68 -0.193) (53 -0.19) (70 -0.185) (131 -0.171) (46 0.164) (69 0.138) (51 -0.118) (47 -0.0929) (72 -0.0852) (48 -0.0828) (58 0.0822) (60 0.0737) (73 -0.0678) (71 0.0661) (44 0.0623) (50 -0.0621) (74 -0.0586) (31 -0.0492) (56 0.0482) (29 0.044) (49 0.0432) (66 -0.0383) (43 0.035) (77 -0.0325) (24 -0.0294) (57 0.0292) (41 -0.0279) (82 0.027) (78 0.0246) (83 0.0235) (36 0.0223) (26 -0.0221) (34 -0.0213) (65 0.0211) (61 -0.0211) (63 0.0194) (13 0.0184) (84 -0.0178) (16 -0.0162) (19 -0.0161) (30 -0.0157) (20 -0.0145) (27 -0.0133) (32 -0.013) (115 0.013) (118 -0.0129) (92 0.0128) (75 -0.0122) (79 0.0119) (39 -0.0116) (17 -0.0109) (59 -0.0109) (62 0.0107) (14 0.0104) 
    0.002426   (132 -0.777) (52 -0.446) (131 -0.226) (28 0.186) (54 0.18) (53 0.143) (46 -0.136) (51 0.103) (58 -0.0751) (47 0.067) (48 0.0491) (44 -0.046) (56 -0.0446) (50 0.043) (60 -0.0376) (29 -0.0336) (31 0.0302) (43 -0.0301) (49 -0.0232) (24 0.0232) (68 -0.0194) (73 0.018) (26 0.0164) (84 0.0159) (42 0.0151) (34 0.0148) (16 0.0145) (13 -0.0137) (78 0.0132) (41 0.0131) (20 0.013) (72 0.0118) (19 0.0117) (92 -0.0114) (30 0.0112) (36 -0.0112) (61 0.0101) 
   0.0025328   (22 0.802) (20 -0.438) (56 -0.23) (19 -0.215) (24 0.0792) (55 0.077) (16 -0.0712) (57 -0.0711) (31 -0.0707) (15 -0.0706) (25 -0.0631) (23 -0.0619) (51 0.0618) (42 0.0542) (21 0.0489) (36 0.0476) (45 0.0394) (29 0.0392) (28 0.0389) (54 -0.038) (11 -0.0307) (13 0.0265) (47 0.0262) (14 0.0228) (77 -0.0217) (18 0.0217) (50 -0.0217) (52 0.0216) (44 -0.0199) (33 -0.0197) (60 -0.0185) (49 0.0183) (27 -0.0175) (70 0.0158) (32 0.0151) (125 -0.0137) (41 0.0131) (121 0.0117) (43 -0.0116) (35 -0.0116) (37 0.0113) (119 0.0112) (39 0.0105) 
   0.0026101   (60 0.847) (56 0.345) (58 -0.256) (55 -0.14) (77 0.116) (22 0.0984) (57 -0.085) (54 0.0755) (45 -0.0746) (20 -0.072) (51 -0.0688) (47 -0.061) (50 0.0609) (52 -0.0587) (133 0.0436) (79 0.0345) (19 -0.0302) (108 0.0297) (68 0.0296) (49 -0.0276) (65 0.0274) (125 -0.0231) (42 -0.023) (44 0.0228) (72 -0.0221) (16 -0.0221) (70 0.0217) (63 -0.0209) (83 0.0184) (15 -0.0164) (121 -0.0159) (31 0.0158) (59 0.0156) (69 -0.0138) (107 0.0131) (78 -0.013) (64 -0.013) (75 0.0129) (84 -0.0124) (61 0.012) (99 -0.0117) (71 -0.0117) (43 0.0102) (62 -0.0102) (90 -0.0101) 
   0.0027057   (133 0.736) (56 0.481) (57 0.256) (60 -0.252) (55 -0.128) (22 0.126) (51 -0.108) (20 -0.0915) (58 0.0854) (54 0.0841) (48 0.081) (42 -0.0773) (41 0.0561) (45 -0.0406) (19 -0.0394) (70 -0.0347) (50 0.032) (68 -0.0302) (36 -0.0298) (16 -0.029) (53 -0.0264) (77 0.0257) (31 0.0231) (46 -0.0226) (47 0.0223) (52 -0.0205) (83 -0.0189) (40 -0.0188) (44 -0.0184) (71 0.0151) (65 -0.0148) (38 -0.0145) (125 0.0121) (49 -0.0115) (84 0.0114) (118 0.0112) (123 0.0109) (29 0.0105) (39 0.01) 
   0.0028673   (133 0.675) (56 -0.546) (57 -0.272) (60 0.219) (55 0.149) (22 -0.144) (51 0.122) (20 0.104) (54 -0.0964) (48 -0.0881) (42 0.0855) (58 -0.0759) (41 -0.0603) (45 0.0494) (19 0.0449) (125 -0.041) (50 -0.039) (70 0.0365) (77 -0.0346) (16 0.033) (36 0.0326) (68 0.0311) (53 0.0286) (52 0.0264) (31 -0.0262) (46 0.0243) (83 0.0201) (40 0.0198) (47 -0.0198) (123 -0.0196) (44 0.0183) (38 0.0163) (71 -0.0157) (49 0.0145) (65 0.0143) (118 -0.014) (127 0.0126) (84 -0.012) (119 0.0118) (107 0.0115) (29 -0.0111) (39 -0.0109) (43 -0.0109) (15 0.0108) (21 -0.0105) 
   0.0034719   (39 0.753) (38 -0.412) (65 0.291) (40 0.263) (36 -0.147) (42 0.143) (83 0.11) (41 -0.1) (58 0.0844) (37 -0.0843) (84 -0.0754) (31 0.0713) (57 0.0626) (51 0.0382) (28 -0.0379) (45 0.0378) (86 -0.0361) (48 -0.0298) (15 0.0274) (68 0.0262) (69 -0.0239) (20 -0.0237) (60 0.0221) (96 -0.0202) (54 0.018) (90 0.0178) (16 -0.0173) (77 -0.017) (73 -0.0168) (55 0.0163) (29 0.0159) (130 -0.0157) (61 -0.0143) (109 -0.0142) (24 -0.0139) (59 -0.0126) (43 -0.0121) (53 0.0116) (22 -0.0113) (35 0.011) (91 -0.0107) (66 0.0101) 
   0.0038789   (83 0.723) (84 -0.471) (65 -0.319) (130 -0.251) (86 -0.154) (129 -0.118) (58 -0.0808) (90 0.0777) (57 -0.066) (85 0.0572) (60 -0.0559) (77 -0.0549) (109 -0.0509) (91 -0.0476) (107 -0.0431) (42 -0.0427) (96 -0.0348) (51 -0.0333) (87 -0.03) (55 -0.0294) (103 -0.0268) (45 -0.0266) (115 -0.0266) (72 -0.0234) (112 0.0233) (116 0.0231) (89 -0.0231) (114 0.0227) (108 -0.0219) (39 -0.0215) (41 0.0214) (118 0.0212) (124 0.0193) (93 -0.019) (97 -0.0188) (104 0.0173) (56 0.0171) (52 -0.0168) (31 0.0164) (102 0.0162) (49 -0.0154) (113 -0.0152) (79 0.0148) (61 0.0147) (100 0.0142) (70 0.0142) (126 0.0137) (110 0.0134) (119 -0.013) (59 0.0126) (101 -0.0123) (106 0.0122) (127 0.0118) (94 -0.0113) (71 -0.0107) (20 -0.0107) (36 -0.0105) (66 -0.0104) 
   0.0039411   (130 -0.577) (65 -0.559) (83 -0.327) (129 -0.265) (84 0.223) (39 0.194) (58 -0.123) (38 -0.112) (48 -0.0785) (86 0.078) (40 0.078) (57 -0.0754) (69 0.0641) (68 -0.0625) (47 -0.0549) (77 0.053) (41 -0.051) (90 -0.0506) (60 -0.041) (44 0.0374) (109 0.0366) (36 -0.0325) (73 0.0314) (96 0.0313) (85 -0.0303) (37 -0.0282) (42 0.0252) (46 0.0247) (61 0.0236) (31 0.0233) (66 -0.0222) (107 0.0219) (51 -0.0213) (91 0.0207) (59 0.0191) (103 0.0176) (131 0.0172) (88 0.0167) (87 0.0164) (55 -0.0158) (94 0.0156) (13 0.0155) (63 -0.0154) (28 -0.0143) (67 -0.0132) (20 -0.0132) (127 0.0125) (108 0.0123) (75 0.0123) (76 -0.0113) (45 -0.0105) 
     0.00408   (130 -0.653) (65 0.609) (129 -0.302) (39 -0.182) (58 0.138) (38 0.109) (57 0.091) (40 -0.0735) (48 0.0654) (60 0.0577) (68 0.0574) (69 -0.0565) (47 0.0503) (41 0.0384) (36 0.0368) (44 -0.0329) (51 0.0312) (73 -0.0302) (31 -0.0291) (37 0.0282) (61 -0.0262) (55 0.0253) (77 -0.0242) (66 0.0233) (59 -0.0215) (131 0.0213) (109 -0.0204) (46 -0.0195) (45 0.019) (63 0.0171) (20 0.0166) (96 -0.0165) (13 -0.0159) (90 0.0158) (67 0.0153) (28 0.0146) (52 0.0134) (56 -0.0133) (84 -0.0121) (79 -0.0114) (88 -0.0113) (81 -0.0105) 
   0.0041902   (105 0.551) (96 0.341) (103 0.289) (124 0.246) (123 -0.223) (109 -0.208) (99 -0.2) (107 -0.192) (104 -0.191) (101 0.191) (110 -0.184) (113 0.15) (119 0.144) (108 0.133) (121 -0.132) (106 -0.109) (102 -0.109) (125 0.0994) (98 -0.0952) (115 -0.0671) (94 0.0666) (100 -0.0649) (111 0.0595) (89 0.0553) (48 -0.0509) (114 -0.0427) (118 0.0405) (92 0.0371) (47 -0.0329) (83 0.0299) (81 0.0293) (72 -0.0285) (117 0.0281) (97 -0.027) (126 -0.0219) (90 -0.0214) (112 -0.0207) (145 0.0194) (85 -0.0192) (116 -0.0184) (93 -0.0182) (80 -0.0167) (52 -0.0159) (65 0.0154) (69 -0.0128) (44 0.0124) (79 0.0121) (60 -0.0113) (122 -0.011) (82 0.011) (46 0.0103) (135 0.0102) 
   0.0042225   (145 -0.999) (124 0.0288) (123 -0.0228) (135 0.0125) 
   0.0043489   (48 -0.744) (47 -0.439) (44 0.206) (52 -0.177) (46 0.158) (41 -0.123) (72 -0.118) (56 0.105) (54 0.103) (49 0.0889) (65 0.0857) (42 0.08) (39 -0.0771) (60 -0.0759) (15 -0.0735) (57 0.0729) (58 0.0714) (53 0.0623) (124 -0.0602) (123 0.0563) (83 0.0559) (69 -0.0554) (81 0.0525) (68 0.0517) (38 0.0496) (109 0.046) (96 0.0455) (107 0.0445) (70 0.0439) (51 0.0419) (105 -0.0415) (121 0.0395) (119 -0.038) (125 -0.038) (43 0.0367) (36 0.0336) (80 -0.0323) (22 0.0322) (55 0.0297) (71 -0.0241) (86 0.0238) (79 0.0237) (31 -0.0232) (84 -0.0225) (90 -0.0223) (29 -0.0217) (111 0.0212) (14 0.0211) (103 -0.0205) (11 -0.0194) (113 0.0188) (73 0.0176) (101 -0.0164) (82 0.0161) (85 -0.0143) (99 0.0141) (45 -0.0137) (92 -0.0137) (88 0.0133) (115 0.0131) (91 -0.0131) (28 0.0128) (66 0.0122) (110 0.0119) (50 -0.0115) (74 0.0102) 
   0.0044711   (72 -0.625) (44 0.461) (80 -0.364) (82 0.199) (48 0.19) (93 -0.14) (79 0.135) (43 0.128) (46 -0.123) (86 0.12) (47 0.114) (84 0.0987) (70 0.0905) (69 -0.0844) (98 -0.0822) (78 0.0741) (71 -0.072) (45 0.0676) (76 0.0597) (41 -0.057) (75 -0.0551) (90 0.0534) (113 -0.0514) (83 0.0505) (94 0.0498) (107 0.049) (68 0.0469) (111 0.0468) (49 -0.0423) (96 -0.0409) (42 0.0327) (105 -0.0322) (87 0.0305) (97 0.0296) (85 -0.0296) (55 -0.0287) (73 -0.0279) (60 -0.0253) (109 -0.0253) (100 0.0236) (123 -0.0232) (89 0.0231) (104 0.0223) (108 -0.0205) (101 -0.0197) (58 0.0196) (155 0.0192) (121 -0.0186) (74 0.0175) (77 -0.0163) (103 0.0159) (124 0.0154) (119 0.0143) (51 -0.0143) (91 0.0139) (92 -0.0137) (125 0.0133) (88 0.0132) (81 0.0128) (114 0.0127) (120 0.0127) (110 0.0107) (112 -0.0106) (14 0.0103) (115 -0.0101) 
   0.0045226   (155 0.999) (44 -0.0337) 
   0.0047685   (44 0.756) (72 0.476) (43 0.19) (80 0.15) (79 -0.137) (46 -0.126) (41 -0.125) (45 0.111) (48 0.0967) (42 0.0942) (86 -0.0842) (82 -0.0769) (47 0.065) (70 -0.0646) (69 0.0636) (90 0.0583) (109 0.0474) (71 0.0465) (84 -0.0461) (113 0.0434) (85 0.0412) (98 0.0409) (111 -0.0382) (107 -0.0366) (108 0.036) (40 -0.0351) (155 0.0322) (68 -0.0288) (38 0.0279) (89 -0.0276) (96 0.0275) (49 -0.0273) (15 -0.0262) (58 -0.0261) (39 -0.0244) (77 0.0219) (50 -0.0217) (105 0.0209) (73 0.0199) (87 -0.0198) (57 0.0196) (75 0.0194) (100 -0.019) (115 0.0181) (123 0.0173) (104 -0.0167) (114 -0.016) (65 0.0156) (52 -0.0154) (120 -0.0153) (110 -0.015) (124 -0.0149) (101 0.0147) (83 -0.0147) (22 0.0143) (31 -0.014) (93 -0.0137) (76 -0.0131) (32 0.013) (13 -0.0125) (56 0.0115) (37 0.0113) (125 -0.0111) (81 0.0109) (29 -0.0107) (121 0.0103) 
   0.0048121   (18 -0.976) (137 0.203) (17 -0.0409) (15 0.0373) (16 -0.0314) (22 0.0228) (7 0.0216) (13 -0.0164) (14 -0.0156) (19 -0.0116) 
   0.0050609   (137 0.979) (18 0.202) 
   0.0052992   (7 -1) (18 -0.021) 
   0.0053646   (4 -1) 
   0.0054799   (27 -0.649) (26 0.372) (136 -0.351) (24 0.278) (36 -0.25) (13 0.236) (40 -0.151) (29 -0.146) (32 -0.143) (25 -0.121) (23 -0.102) (17 -0.089) (37 0.0802) (16 0.048) (31 -0.0478) (28 -0.0381) (77 -0.0349) (35 0.034) (14 0.0317) (30 -0.031) (39 0.0288) (11 -0.0287) (22 -0.0283) (21 0.0261) (45 0.0254) (19 0.0247) (20 0.0212) (15 0.0207) (41 0.0155) (12 0.0142) (38 0.0141) (43 -0.0115) (34 0.0105) (46 -0.0105) (33 0.0102) 
   0.0056155   (136 -0.936) (27 0.243) (26 -0.14) (24 -0.104) (36 0.0936) (13 -0.0886) (40 0.0566) (29 0.0546) (32 0.0537) (25 0.0454) (23 0.0383) (17 0.0334) (37 -0.0301) (16 -0.018) (31 0.0179) (28 0.0143) (77 0.0128) (35 -0.0128) (14 -0.0119) (30 0.0116) (11 0.0108) (39 -0.0108) (22 0.0106) 
   0.0059066   (10 0.693) (17 0.547) (16 0.362) (13 0.256) (24 -0.0902) (20 -0.0598) (23 0.043) (15 0.0413) (18 -0.0393) (36 -0.0387) (26 -0.0368) (14 0.0352) (25 0.0246) (40 -0.0244) (11 -0.0217) (21 -0.0185) (22 0.0144) (12 0.0137) (77 -0.0123) (32 -0.0117) (37 0.0114) 
   0.0061409   (144 0.999) (10 -0.0272) (17 0.0173) (16 0.0112) 
   0.0068169   (10 0.72) (17 -0.537) (16 -0.347) (13 -0.215) (24 0.0937) (20 0.0638) (23 -0.043) (36 0.0423) (18 0.0376) (26 0.0375) (144 0.0351) (15 -0.0308) (14 -0.0297) (25 -0.027) (40 0.0261) (11 0.0247) (21 0.0188) (22 -0.0166) (77 0.0155) (12 -0.0133) (32 0.0124) (37 -0.0115) 
   0.0070504   (11 0.895) (41 0.333) (12 0.239) (13 0.103) (44 0.0648) (42 0.0603) (40 0.0535) (48 -0.0513) (15 -0.0507) (14 0.0272) (36 0.0244) (38 -0.0208) (46 -0.0179) (29 0.0173) (49 0.0145) (34 0.0125) (47 -0.0122) (61 0.0121) (60 0.0115) (45 0.0106) (37 -0.01) 
   0.0074131   (141 -0.997) (142 -0.054) (41 0.0433) (11 -0.0189) 
   0.0075523   (41 -0.876) (11 0.343) (42 -0.157) (44 -0.143) (40 -0.136) (48 0.11) (12 0.0933) (46 0.0706) (38 0.0572) (36 -0.0535) (141 -0.05) (15 -0.0412) (29 -0.04) (49 -0.0354) (34 -0.0337) (22 0.0326) (61 -0.0302) (37 0.0266) (60 -0.0228) (19 -0.0215) (43 0.0214) (52 -0.0212) (74 0.0208) (50 0.0185) (56 0.0172) (31 -0.0165) (47 0.0162) (33 0.0159) (67 0.0158) (35 0.0157) (14 0.0155) (109 0.0145) (82 0.0142) (45 -0.0134) (79 0.0132) (32 -0.0131) (108 0.0129) (83 0.0124) (24 -0.0124) (39 -0.0123) (26 -0.0109) (76 0.0103) 
   0.0079401   (12 -0.907) (29 0.321) (11 0.232) (13 0.0827) (28 0.063) (27 -0.0585) (33 0.0338) (30 -0.0306) (15 -0.024) (31 0.0238) (41 -0.0213) (34 -0.0204) (14 0.0166) (19 0.0151) (35 0.014) (32 -0.014) (38 0.0139) (67 0.0137) (48 -0.0126) (138 0.0118) (66 -0.0117) (36 -0.0104) 
   0.0089563   (138 0.984) (29 0.156) (12 0.0694) (28 0.029) (27 -0.0265) (11 -0.0186) (30 -0.0146) (33 0.0143) (31 0.0106) 

 Largest eigenvalues
      52.934   (162 -0.273) (163 0.949) 
      29.295   (36 -0.383) (40 -0.375) (42 -0.299) (77 0.419) 
      27.231   (13 0.254) (36 0.282) (40 0.233) (77 0.767) 
      15.754   (107 0.407) (108 0.471) (109 0.613) 
      4.2985   (96 0.293) (121 0.287) (123 0.445) (124 -0.492) (125 -0.289) 
      1.3501   (162 -0.962) (163 -0.27) 
      1.2232   (165 0.999) 
      1.1464   (164 0.995) 
      1.1438   (88 0.387) (89 -0.763) (91 0.321) 
      1.1405   (100 0.496) (101 0.618) (106 0.46) 
      1.1312   (100 0.361) (106 -0.739) 
     0.94072   (112 -0.323) (115 -0.634) (116 -0.498) 
     0.89415   (104 0.668) (105 0.486) (106 0.379) 
     0.89095   (99 -0.608) (100 -0.451) (103 -0.317) 
     0.87347   (104 -0.25) (112 0.678) (129 0.211) (135 0.216) 
     0.76594   (110 -0.5) (112 -0.332) (116 0.418) (118 0.309) (135 0.287) 
     0.67213   (110 0.71) (112 -0.324) 
      0.6688   (96 0.779) (99 0.317) 
     0.66177   (114 -0.452) (126 0.547) (135 0.393) 
     0.60248   (113 0.494) (114 0.612) (126 0.289) 
     0.58725   (108 -0.476) (109 0.351) (113 -0.383) (114 0.418) 
     0.57894   (108 0.539) (109 -0.412) (113 -0.443) 
     0.57235   (122 0.41) (124 0.376) (129 -0.404) 
     0.56641   (123 -0.346) (125 -0.688) (129 -0.337) 
     0.56617   (119 -0.449) (121 -0.491) (122 -0.364) (125 0.333) 
     0.55279   (118 0.478) (119 0.508) (120 -0.33) (122 -0.292) 
     0.50429   (117 -0.436) (121 0.404) (123 -0.437) 
     0.46693   (117 0.657) (122 0.336) (126 0.33) (135 -0.324) 
     0.45849   (117 -0.493) (119 0.294) (126 0.366) (135 -0.371) 
     0.39487   (91 -0.741) (92 -0.628) 
     0.38027   (119 -0.287) (122 -0.31) (124 0.368) (127 0.466) (135 -0.404) 
     0.31851   (93 -0.421) (94 -0.826) 
     0.30571   (94 0.303) (103 0.694) (104 0.389) (105 -0.331) 
     0.26615   (102 -0.828) (103 -0.228) 
     0.25506   (86 -0.227) (98 -0.491) (111 -0.247) (116 0.273) (124 -0.279) (127 0.232) 
     0.24345   (79 -0.349) (86 0.648) (98 0.305) 
     0.24311   (79 0.54) (98 0.574) 
     0.23029   (79 -0.514) (86 -0.603) 
     0.18753   (98 -0.395) (107 0.34) (111 0.526) (113 -0.322) 
     0.15561   (89 0.297) (90 -0.774) (93 0.305) 
     0.14556   (90 0.339) (93 0.299) (97 -0.565) (107 -0.38) 
      0.1353   (85 0.305) (93 -0.565) (107 -0.349) 
     0.12793   (85 -0.881) (97 0.235) 
        0.12   (88 -0.595) (89 -0.333) (93 0.306) (97 0.325) 
     0.10788   (72 -0.387) (80 0.539) (82 -0.394) 
     0.10529   (78 0.344) (80 -0.303) (97 0.289) 
     0.10316   (59 0.243) (66 0.289) (67 0.243) (71 0.302) (76 -0.25) 
    0.099459   (59 -0.593) (61 -0.326) 
    0.095007   (59 0.593) (66 -0.287) 
    0.091025   (59 -0.365) (61 0.251) (62 0.221) (66 0.265) (76 0.231) (97 -0.299) (107 0.252) 
    0.086651   (61 -0.517) (62 -0.377) (71 0.291) 
    0.078772   (61 0.399) (64 -0.347) (66 -0.367) 
    0.074295   (62 -0.213) (63 0.227) (64 0.716) (71 -0.22) 
     0.07351   (61 -0.466) (62 0.582) (71 -0.294) 
    0.072429   (61 0.307) (62 -0.46) (64 -0.405) 
    0.067227   (71 0.292) (118 -0.395) 
    0.061877   (63 -0.243) (68 0.245) (74 -0.355) (75 0.273) (78 0.338) (82 -0.276) (87 0.232) (118 -0.256) 
    0.061574   (63 0.593) (82 -0.286) (87 0.296) 
    0.057629   (63 -0.594) (74 0.356) (87 0.292) 
    0.055739   (63 0.319) (68 0.388) (69 0.325) (71 0.324) 
    0.053739   (66 -0.282) (67 0.311) (71 -0.274) (74 -0.427) (82 0.348) 
    0.051315   (66 0.332) (67 -0.454) (74 0.261) (75 0.309) (78 0.297) (82 0.26) 
    0.048355   (66 -0.319) (67 0.483) (68 0.338) (74 0.319) 
    0.046387   (75 -0.317) (82 -0.364) (87 -0.317) 
    0.043906   (34 0.899) (46 0.273) 
    0.042446   (34 -0.364) (45 0.358) (46 0.691) 
    0.041964   (75 0.332) (76 0.364) (120 0.342) 
    0.039975   (53 -0.495) (76 -0.363) 
    0.032888   (50 -0.332) (51 -0.303) (53 0.445) (75 -0.305) (76 -0.386) 
    0.031895   (30 0.813) (37 0.349) 
    0.029446   (30 -0.517) (33 0.33) (35 -0.336) (37 0.388) 
    0.027724   (35 0.518) (50 0.296) (92 -0.322) 
    0.027566   (35 -0.699) (37 -0.405) 
    0.022684   (37 0.238) (50 -0.508) (52 -0.213) (53 -0.252) (76 0.242) (91 0.213) (92 -0.259) 
    0.021935   (129 0.426) (131 0.703) 
    0.021062   (128 -0.578) (160 -0.809) 
    0.020215   (128 -0.577) (160 0.313) (161 0.754) 
     0.01961   (128 -0.577) (160 0.497) (161 -0.648) 
    0.016349   (14 0.272) (15 -0.945) 
    0.015828   (140 -0.998) 
