 1 1000
 2 529.127
 3 21.0493
 4 1000
 5 420.031
 6 293.677
 7 999.818
 8 3.24134
 9 991.978
 10 880.752
 11 2.42978
 12 792.764
 13 1000
 14 997.839
 15 0.825547
 16 1000
 17 997.027
 18 2.92151
 19 1000
 20 844.519
 21 152.988
 22 1000
 23 947.982
 24 51.427
 25 238.626
 26 255.354
 27 15.5058
 28 985.496
 29 207.159
 30 243.128
 31 486.1
 32 51.2072
 33 844.887
 34 210.268
 35 143.832
 36 376.163
 37 989.151
 38 997.837
 39 3.53694
 40 602.559
 41 968.024
 42 1.74217
 43 495.987
 44 859.48
 45 15.7757
 46 997.872
 47 424.928
 48 577.163
 49 936.257
 50 199.526
 51 298.797
 52 171.713
 53 951.537
 54 275.144
 55 168.484
 56 218.124
 57 895.072
 58 91.9201
 59 151.925
 60 165.324
 61 21.8627
 62 1.74413
 63 477.067
 64 299.719
 65 1.73811
 66 490.045
 67 952.365
 68 49.7281
 69 999.966
 70 1000
 71 880.428
 72 119.367
 73 999.557
 74 3.02322
 75 998.098
 76 983.843
 77 3.81662
 78 889.239
 79 999.178
 80 28.8972
 81 969.512
 82 989.986
 83 294.112
 84 2.62391
 85 107.561
 86 2.32919
 87 990.087
 88 1.72109
 89 1.64606
 90 1.92489
 91 8.72942
 92 397.287
 93 819.943
 94 530.447
 95 831.904
 96 931.033
 97 313.769
 98 259.34
 99 125.917
 100 651.67
 101 927.212
 102 111.858
 103 151.98
 104 130.818
 105 127.77
 106 159.828
 107 163.162
 108 165.886
 109 120.302
 110 92.6462
 111 174.56
 112 203.394
 113 186.793
 114 169.729
 115 172.442
 116 135.913
 117 167.839
 118 188.047
 119 144.419
 120 82.7659
 121 120.526
 122 47.2787
 123 61.4559
 124 35.9823
 125 28.7588
 126 51.67
 127 25.669
 128 86.0117
 129 66.4908
 130 58.8867
 131 20.1003
 132 20.7006
 133 22.079
 134 35.2485
 135 8.58454
 136 45.3386
 137 9.65976
 138 9.02571
 139 9.12331
 140 10.5029
 141 11.0278
 142 8.52197
 143 9.14014
 144 14.8053
 145 15.0594
 146 12.5154
 147 9.9451
 148 28.9251
 149 15.7803
 150 11.9086
 151 13.8654
 152 23.2137
 153 19.9517
 154 13.2232
 155 19.8776
 156 24.0253
 157 46.8032
 158 0.228827
 159 0.0996499
 160 0.381092
 161 21.3808
 162 14.1913
 163 328.664
 164 810.676
 165 7.80598
