 1 31.6228
 2 22.4483
 3 1.84411
 4 31.6228
 5 16.1575
 6 11.6485
 7 31.619
 8 1.00998
 9 31.4327
 10 29.5141
 11 0.987403
 12 27.9232
 13 31.6228
 14 31.5815
 15 0.904399
 16 31.6228
 17 31.541
 18 0.997671
 19 31.6228
 20 26.9125
 21 5.77937
 22 31.6228
 23 30.0462
 24 2.59543
 25 15.0466
 26 15.0434
 27 1.84328
 28 31.3395
 29 10.2734
 30 11.8709
 31 21.5874
 32 2.64903
 33 27.9868
 34 14.3097
 35 7.0926
 36 16.7091
 37 31.4294
 38 31.5616
 39 1.37799
 40 24.2815
 41 31.0415
 42 1.29187
 43 21.672
 44 28.7363
 45 1.84287
 46 31.5662
 47 14.4107
 48 18.9745
 49 30.3642
 50 13.6764
 51 14.5677
 52 8.93094
 53 30.6549
 54 16.3709
 55 9.42635
 56 11.5828
 57 29.3314
 58 9.02691
 59 9.38676
 60 9.74027
 61 4.3862
 62 1.31448
 63 21.5497
 64 16.0184
 65 0.971932
 66 21.1835
 67 30.1852
 68 2.92568
 69 31.6218
 70 31.6228
 71 28.0435
 72 5.107
 73 31.6131
 74 1.35442
 75 31.5704
 76 31.3522
 77 1.39259
 78 29.7431
 79 31.604
 80 2.26126
 81 30.7381
 82 31.4098
 83 16.6352
 84 1.37705
 85 10.1446
 86 1.39171
 87 31.394
 88 1.10381
 89 1.04803
 90 1.25591
 91 2.44876
 92 18.1074
 93 27.0238
 94 20.3859
 95 27.7271
 96 29.9976
 97 16.4623
 98 14.4799
 99 9.15
 100 24.6285
 101 30.0905
 102 9.5459
 103 11.6902
 104 10.6948
 105 10.6433
 106 12.2287
 107 12.2783
 108 12.3436
 109 10.1636
 110 8.23671
 111 12.524
 112 13.9182
 113 13.2507
 114 12.4745
 115 12.3845
 116 10.556
 117 12.1347
 118 13.0556
 119 11.3071
 120 8.4286
 121 10.6145
 122 6.68069
 123 7.68019
 124 5.49596
 125 5.12823
 126 6.89218
 127 4.5263
 128 8.73824
 129 7.36785
 130 7.11632
 131 4.13297
 132 4.44869
 133 4.56886
 134 5.84331
 135 2.68587
 136 6.66042
 137 2.90335
 138 2.85049
 139 2.86283
 140 3.09049
 141 3.05834
 142 2.68131
 143 2.81195
 144 3.70049
 145 3.76892
 146 3.39251
 147 2.91647
 148 5.18549
 149 3.80257
 150 3.2785
 151 3.536
 152 4.70919
 153 4.34974
 154 3.52001
 155 4.37455
 156 4.81683
 157 6.77869
 158 0.196168
 159 0.243461
 160 0.271414
 161 3.71391
 162 3.39785
 163 15.9918
 164 27.3937
 165 0.578591
