 1 56189
 2 677.92
 3 26.7409
 4 177245
 5 530.596
 6 370.921
 7 560018
 8 42.9438
 9 17487.1
 10 2429.16
 11 4.39089
 12 1756.35
 13 280448
 14 3757
 15 0.848412
 16 361535
 17 3726.64
 18 8.53858
 19 122988
 20 2236.71
 21 403.456
 22 161583
 23 3347.3
 24 178.949
 25 257.99
 26 320.725
 27 19.3209
 28 2700.06
 29 260.059
 30 303.731
 31 516.887
 32 66.8462
 33 1108.25
 34 216.789
 35 161.946
 36 425.52
 37 1522.33
 38 3011.59
 39 7.39991
 40 973.814
 41 4316.34
 42 2.01965
 43 690.99
 44 1509.17
 45 26.824
 46 6436.95
 47 1133.16
 48 1377.6
 49 1892.16
 50 201.612
 51 373.755
 52 213.857
 53 2902.49
 54 308.94
 55 229.61
 56 302.614
 57 1028.58
 58 93.0944
 59 162.982
 60 177.936
 61 22.1251
 62 1.74562
 63 500.672
 64 301.344
 65 1.74636
 66 496.84
 67 3626.34
 68 180.388
 69 134576
 70 177447
 71 2259.4
 72 303.063
 73 16873.3
 74 25.6539
 75 16512.2
 76 8259.48
 77 6.8936
 78 1979.19
 79 8388.38
 80 88.8584
 81 2767.63
 82 1585.18
 83 320.465
 84 2.73102
 85 138.018
 86 2.56966
 87 5326.97
 88 1.72128
 89 1.64608
 90 1.9251
 91 9.47842
 92 460.473
 93 1295.89
 94 820.724
 95 1521.56
 96 1874.97
 97 328.505
 98 269.324
 99 127.058
 100 755.864
 101 1434.37
 102 115.883
 103 154.5
 104 131.945
 105 128.488
 106 160.396
 107 163.888
 108 166.773
 109 121.171
 110 94.3815
 111 175.646
 112 204.253
 113 187.405
 114 170.093
 115 172.858
 116 136.63
 117 168.337
 118 188.296
 119 144.808
 120 83.613
 121 121.076
 122 47.6511
 123 62.5494
 124 36.2878
 125 29.3335
 126 52.0103
 127 26.8636
 128 88.4556
 129 67.645
 130 59.8157
 131 20.3852
 132 20.9201
 133 22.3841
 134 36.2023
 135 8.7991
 136 45.6998
 137 9.95635
 138 9.2672
 139 9.35025
 140 11.0172
 141 11.734
 142 8.90127
 143 9.54265
 144 15.2285
 145 15.3028
 146 12.7978
 147 10.4411
 148 30.162
 149 16.3922
 150 12.1637
 151 14.1423
 152 23.6491
 153 20.8177
 154 13.5717
 155 20.18
 156 24.2012
 157 47.0136
 158 0.272862
 159 0.103367
 160 0.435353
 161 26.4473
 162 14.994
 163 1280.82
 164 2709.61
 165 13.2225
