 Smallest eigenvalues
  1.7383e-06   (9 1) 
   2.766e-06   (47 0.68) (49 0.434) (42 -0.262) (154 -0.191) (53 0.187) (48 -0.182) (52 -0.181) (50 -0.167) (46 0.139) (44 0.132) (13 -0.127) (77 -0.119) (51 -0.0972) (54 0.086) (33 -0.0717) (55 -0.0667) (24 0.0475) (60 0.0457) (38 0.0437) (56 0.0433) (45 -0.0427) (78 0.0388) (59 -0.0371) (40 0.0284) (14 0.0284) (35 -0.027) (73 -0.0265) (71 -0.0251) (17 -0.0242) (29 0.0205) (61 -0.0203) (43 0.0199) (68 0.0191) (12 0.019) (25 -0.0161) (37 -0.0146) (21 -0.013) (26 0.0127) (84 0.0127) (28 -0.0123) (57 0.0118) (22 0.0118) (72 0.0109) (27 0.0109) (39 0.0107) (81 0.01) 
  3.5657e-06   (154 -0.982) (47 -0.132) (49 -0.0843) (42 0.051) (53 -0.0362) (48 0.0354) (52 0.0352) (50 0.0325) (46 -0.0271) (44 -0.0257) (13 0.0249) (77 0.0228) (51 0.0189) (54 -0.0167) (33 0.014) (55 0.0129) 
  5.6355e-06   (5 -1) 
  5.6419e-06   (148 0.641) (44 -0.52) (42 -0.438) (43 -0.209) (46 -0.134) (45 -0.117) (13 -0.107) (48 0.0933) (33 -0.075) (77 -0.0741) (47 -0.0673) (24 0.0499) (38 0.0376) (51 0.0371) (40 0.0345) (35 -0.0316) (26 0.0281) (14 0.0238) (37 -0.0237) (53 -0.0224) (56 0.0222) (55 -0.0222) (17 -0.0212) (60 0.0194) (50 0.0192) (12 0.016) (52 -0.0153) (71 -0.015) (73 -0.0148) (25 -0.0138) (16 0.0134) (22 0.0129) (36 0.0121) (41 -0.012) (32 0.0114) (54 0.0113) (78 0.0103) 
  6.1888e-06   (148 0.767) (44 0.434) (42 0.366) (43 0.175) (46 0.112) (45 0.0981) (13 0.0895) (48 -0.0779) (33 0.0627) (77 0.0618) (47 0.0562) (24 -0.0417) (38 -0.0314) (51 -0.031) (40 -0.0288) (35 0.0264) (26 -0.0235) (14 -0.0199) (37 0.0198) (53 0.0187) (56 -0.0186) (55 0.0185) (17 0.0177) (60 -0.0162) (50 -0.0161) (12 -0.0133) (52 0.0128) (71 0.0125) (73 0.0124) (25 0.0115) (16 -0.0112) (22 -0.0108) (36 -0.0101) (41 0.01) 
  7.4272e-06   (1 -0.987) (28 -0.129) (33 0.0523) (26 0.041) (24 0.0401) (30 -0.0276) (29 -0.0275) (27 0.0259) (13 -0.0195) (32 -0.0157) (42 0.014) (35 0.0131) (25 -0.013) 
  8.1308e-06   (156 -0.999) (28 -0.0372) (33 0.0149) (24 0.0123) (26 0.012) (13 -0.0107) 
  1.7797e-05   (28 0.763) (33 -0.306) (24 -0.253) (26 -0.245) (13 0.218) (29 0.164) (30 0.163) (1 -0.162) (27 -0.15) (32 0.0931) (35 -0.0794) (42 -0.0766) (25 0.0753) (77 0.0524) (156 -0.0488) (20 -0.0452) (14 -0.044) (16 -0.0437) (21 0.0414) (17 0.0409) (22 -0.0391) (37 -0.0389) (12 -0.0326) (39 0.029) (48 -0.0274) (34 -0.0217) (38 0.0204) (47 0.0197) (36 0.0197) (43 0.0187) (19 0.0167) (55 0.0162) (60 -0.0139) (15 -0.0133) (50 -0.0122) (73 0.012) (56 -0.0111) (79 0.0109) (53 0.0108) (23 0.0106) 
  3.4599e-05   (19 0.615) (20 -0.473) (46 -0.341) (43 0.297) (42 -0.268) (44 0.205) (45 0.14) (47 -0.115) (22 -0.0852) (28 -0.0732) (16 0.0692) (21 -0.0685) (17 -0.0645) (77 -0.0522) (13 -0.0459) (32 0.0438) (37 0.0411) (31 0.0403) (29 0.0303) (39 0.0285) (38 0.0281) (33 -0.0276) (74 -0.0249) (49 0.0237) (50 0.021) (53 -0.0205) (23 0.0195) (52 -0.0194) (78 0.019) (72 0.0188) (14 0.0177) (68 0.0176) (63 -0.0161) (79 0.0155) (67 -0.0153) (55 -0.0139) (56 0.0132) (60 0.0126) (71 -0.0115) (40 0.011) (48 -0.0107) 
  0.00010666   (158 0.999) (19 -0.0207) (43 0.0186) (46 -0.018) (20 0.0166) (42 -0.0141) (44 0.0113) 
  0.00010882   (19 0.457) (43 -0.427) (46 0.413) (20 -0.367) (42 0.323) (44 -0.26) (45 -0.194) (47 0.179) (13 0.101) (77 0.0869) (22 -0.0836) (24 -0.0778) (33 0.0715) (26 -0.0453) (158 0.0441) (49 -0.043) (28 -0.0404) (21 -0.0378) (36 -0.0363) (55 0.0349) (31 0.0318) (38 -0.0315) (35 0.0313) (16 0.0294) (40 -0.0293) (56 -0.0288) (32 -0.0266) (17 -0.0248) (29 0.022) (60 -0.0217) (74 0.0212) (37 0.0194) (61 0.019) (59 0.018) (68 -0.018) (25 0.0174) (72 -0.0173) (14 -0.0173) (71 0.0169) (41 -0.0168) (50 -0.0153) (67 0.0149) (76 -0.0139) (57 0.0138) (53 0.0135) (23 0.0131) (12 -0.0131) (39 0.0129) (81 -0.0126) (63 0.0125) (78 -0.0124) (27 0.0113) (75 0.0113) (73 0.0112) 
  0.00011724   (3 -1) 
  0.00013982   (22 0.578) (24 -0.539) (13 -0.351) (20 -0.237) (23 -0.202) (17 -0.193) (21 -0.171) (19 -0.146) (25 0.133) (33 0.114) (29 -0.0937) (14 0.0905) (26 -0.0593) (42 0.0566) (12 0.0538) (38 -0.0422) (31 -0.0394) (16 -0.0318) (35 0.0289) (44 -0.0263) (46 -0.0259) (30 0.0244) (37 0.0209) (77 -0.0194) (40 -0.0188) (43 0.0178) (51 0.0142) (11 0.0141) (32 0.0133) (57 0.0133) (18 -0.0114) (36 -0.0113) (34 -0.0101) 
  0.00018536   (159 1) 
  0.00021504   (2 -1) 
  0.00024233   (21 0.828) (13 -0.293) (22 -0.292) (17 -0.21) (24 -0.201) (20 -0.122) (23 0.0905) (19 -0.0888) (14 0.0759) (33 0.0741) (25 0.056) (157 0.0453) (12 0.0441) (29 -0.037) (26 -0.0368) (16 0.0343) (42 0.0326) (30 0.0271) (38 -0.0181) (77 -0.0178) (35 0.0172) (46 -0.0149) (37 0.0139) (48 0.0131) (40 -0.0129) (15 0.0123) (11 0.0123) (34 -0.0111) (27 0.01) 
  0.00026732   (157 0.999) (21 -0.0376) (13 0.0133) (22 0.0133) 
  0.00028599   (8 1) 
   0.0003028   (26 -0.771) (150 -0.39) (24 0.276) (27 -0.235) (13 -0.171) (25 -0.162) (33 0.152) (31 0.099) (17 -0.0631) (22 0.0631) (35 0.0577) (28 -0.0562) (30 0.0528) (20 0.047) (16 0.0459) (47 -0.0406) (14 0.0393) (37 0.0375) (51 -0.0362) (42 0.0284) (21 -0.0268) (12 0.0241) (53 0.0215) (52 -0.021) (77 -0.0206) (19 0.0161) (15 0.0158) (29 -0.0126) (44 -0.0116) (75 -0.0112) (40 -0.0106) 
  0.00030844   (150 -0.921) (26 0.327) (24 -0.117) (27 0.0995) (13 0.0723) (25 0.0689) (33 -0.0646) (31 -0.042) (17 0.0268) (22 -0.0268) (35 -0.0245) (28 0.0238) (30 -0.0224) (20 -0.0199) (16 -0.0195) (47 0.0172) (14 -0.0167) (37 -0.0159) (51 0.0153) (42 -0.012) (21 0.0114) (12 -0.0102) 
  0.00032428   (6 1) 
  0.00032822   (22 -0.615) (21 -0.407) (24 -0.361) (20 0.331) (13 -0.255) (153 -0.225) (17 -0.166) (25 0.159) (23 -0.0895) (33 0.0875) (16 0.0743) (19 0.0736) (31 0.0706) (14 0.0703) (26 -0.0554) (12 0.0368) (15 0.03) (30 0.028) (35 0.0262) (77 -0.0241) (42 0.019) (28 -0.0184) (27 -0.018) (37 0.0179) (39 0.0175) (47 -0.0153) (73 -0.0151) (51 -0.0139) (48 0.013) 
  0.00035269   (153 -0.974) (22 0.142) (21 0.0938) (24 0.0831) (20 -0.0763) (13 0.0589) (17 0.0383) (25 -0.0367) (23 0.0206) (33 -0.0201) (16 -0.0171) (19 -0.017) (31 -0.0163) (14 -0.0162) (26 0.0128) 
  0.00036687   (73 -0.671) (57 -0.438) (60 -0.222) (59 0.213) (70 0.202) (65 0.191) (77 0.183) (74 -0.154) (71 -0.145) (51 -0.125) (61 0.12) (42 -0.105) (44 0.0967) (55 -0.0877) (52 0.0853) (43 -0.0771) (46 0.066) (56 0.0656) (31 0.0591) (66 -0.0436) (38 0.0409) (16 -0.0397) (20 -0.0379) (47 -0.0355) (72 0.0342) (79 0.034) (50 0.0327) (54 -0.0323) (19 -0.031) (78 -0.0264) (41 0.0249) (89 -0.0243) (58 0.0243) (122 -0.0234) (37 -0.0221) (84 0.0217) (29 0.0214) (45 -0.0203) (100 0.0203) (69 -0.0199) (40 0.0193) (114 0.0185) (28 -0.0184) (76 -0.0174) (104 0.0173) (13 -0.0162) (68 -0.0158) (63 0.0154) (48 0.0149) (115 0.0143) (124 0.0138) (126 0.0137) (88 0.0135) (24 -0.0126) (99 -0.0118) (32 -0.0117) (53 -0.0117) (118 0.0105) (152 -0.0104) 
  0.00041786   (73 0.639) (57 -0.397) (59 0.261) (65 0.255) (152 -0.227) (60 -0.185) (70 0.165) (42 -0.143) (44 0.13) (51 -0.12) (61 0.12) (74 0.115) (68 -0.101) (69 0.0988) (46 0.0985) (43 -0.094) (13 -0.0739) (56 0.0734) (48 -0.0683) (52 0.0672) (49 -0.0628) (31 0.0611) (66 -0.0587) (38 0.0567) (71 0.0516) (53 -0.051) (54 -0.0499) (55 -0.0477) (33 -0.044) (77 -0.0436) (16 -0.0411) (39 0.0402) (19 -0.0369) (72 -0.0366) (45 -0.0346) (29 0.0338) (50 0.0337) (41 0.0316) (20 -0.0284) (37 -0.0279) (79 -0.0277) (58 0.0268) (120 0.0268) (47 -0.0267) (28 -0.0255) (122 0.0218) (40 0.0211) (84 0.0209) (63 0.0192) (21 -0.0182) (114 0.0177) (121 -0.0171) (115 0.017) (89 -0.017) (127 0.0157) (118 0.0151) (125 -0.0151) (14 0.0147) (91 0.0137) (126 -0.0129) (32 -0.0126) (136 -0.0126) (35 -0.0123) (130 0.0122) (99 -0.0122) (12 0.0113) (100 0.0106) (17 -0.0104) (104 0.0104) 
  0.00046107   (152 -0.974) (73 -0.142) (57 0.0977) (59 -0.0631) (65 -0.0613) (60 0.0455) (70 -0.0403) (42 0.0351) (44 -0.0318) (51 0.0296) (61 -0.0292) (74 -0.0251) (46 -0.024) (68 0.0237) (43 0.0231) (69 -0.0228) (56 -0.018) (13 0.0177) (52 -0.0168) (48 0.0158) (31 -0.0152) (49 0.0146) (66 0.0141) (38 -0.0139) (55 0.0122) (54 0.0121) (53 0.0121) (71 -0.0105) (33 0.0105) (16 0.0102) 
  0.00047079   (25 0.92) (24 0.34) (55 0.0689) (54 0.0662) (51 -0.0592) (26 -0.0546) (53 -0.0521) (52 0.052) (13 -0.0506) (22 0.0485) (23 -0.0483) (56 -0.0374) (57 0.0339) (20 -0.0332) (44 0.0273) (48 -0.0255) (49 -0.0255) (46 0.0241) (29 0.024) (39 0.0205) (43 -0.0192) (16 0.0177) (77 -0.0173) (21 0.016) (42 -0.0145) (27 -0.0139) (17 -0.0113) (31 0.0112) (60 0.0111) (28 0.0102) 
  0.00048051   (147 0.735) (55 0.296) (51 -0.272) (54 0.269) (52 0.24) (53 -0.199) (56 -0.173) (57 0.124) (42 -0.124) (44 0.111) (25 -0.107) (48 -0.0803) (49 -0.0787) (46 0.0784) (43 -0.0763) (13 -0.0549) (60 0.0467) (33 -0.0394) (73 -0.0366) (38 0.0343) (31 0.0338) (77 -0.0309) (45 -0.0288) (59 -0.0281) (24 -0.0273) (61 -0.0218) (16 -0.0209) (37 -0.02) (41 0.018) (40 0.0178) (19 -0.0178) (28 -0.0171) (39 0.0159) (26 0.0137) (29 0.0136) (35 -0.0135) (71 -0.0131) (14 0.0127) (23 0.0115) (65 -0.0106) (69 -0.0104) 
  0.00049064   (147 0.678) (55 -0.321) (51 0.296) (54 -0.292) (52 -0.261) (53 0.216) (56 0.188) (57 -0.135) (42 0.135) (44 -0.12) (25 0.111) (48 0.0873) (49 0.0855) (46 -0.0852) (43 0.0829) (13 0.0599) (60 -0.0507) (33 0.0428) (73 0.0398) (38 -0.0373) (31 -0.0368) (77 0.0335) (45 0.0313) (59 0.0305) (24 0.028) (61 0.0237) (16 0.0226) (37 0.0217) (41 -0.0195) (19 0.0194) (40 -0.0193) (28 0.0185) (39 -0.0173) (29 -0.0149) (35 0.0147) (26 -0.0146) (71 0.0142) (14 -0.0139) (23 -0.0122) (65 0.0115) (69 0.0113) (20 0.0102) 
   0.0005192   (54 -0.701) (39 -0.354) (53 0.313) (55 0.279) (52 0.278) (51 -0.18) (57 0.166) (42 -0.149) (40 0.121) (44 0.0853) (43 -0.0629) (56 0.0532) (49 -0.0519) (38 -0.05) (77 -0.0479) (60 0.0437) (46 0.0405) (33 0.0404) (48 -0.0391) (70 0.0276) (45 -0.0259) (35 0.0206) (71 -0.0195) (151 -0.0168) (20 -0.0164) (37 0.0163) (61 -0.0159) (73 -0.0155) (25 0.0146) (47 0.0108) (50 0.0104) 
  0.00055483   (151 -0.972) (39 0.196) (54 -0.0611) (40 -0.057) (38 0.0419) (33 -0.0383) (53 0.025) (42 0.0237) (13 -0.0234) (52 0.0231) (37 -0.0224) (55 0.0192) (51 -0.0182) (31 0.0165) (35 -0.0161) (57 0.0155) (48 0.0145) (77 -0.0117) (24 0.0113) 
    0.000578   (39 -0.796) (54 0.307) (151 -0.232) (40 0.23) (38 -0.172) (33 0.157) (53 -0.127) (52 -0.117) (55 -0.101) (13 0.0976) (37 0.0927) (51 0.0894) (42 -0.0882) (57 -0.0766) (31 -0.0695) (35 0.0657) (48 -0.0579) (77 0.0525) (24 -0.0466) (73 0.0384) (28 0.0382) (49 -0.0361) (25 0.0325) (56 -0.0307) (60 -0.0284) (26 -0.026) (19 0.025) (23 -0.0242) (14 -0.0232) (22 -0.0201) (16 0.0177) (36 -0.0167) (44 0.0164) (71 0.0161) (47 0.0158) (12 -0.0145) (69 0.0141) (65 0.0123) (61 0.012) (29 -0.012) (68 -0.0119) (17 0.0115) 
  0.00061561   (70 -0.858) (71 0.338) (57 -0.246) (69 -0.127) (51 -0.121) (49 0.0976) (48 0.0925) (52 0.0745) (68 0.0693) (59 0.0681) (60 -0.0663) (42 -0.0436) (73 -0.0397) (44 0.0353) (43 -0.0335) (54 -0.033) (31 0.0323) (61 0.0312) (149 0.03) (84 0.0298) (47 -0.0286) (20 -0.026) (74 -0.0247) (16 -0.0221) (75 -0.021) (38 0.0208) (125 -0.0193) (46 0.0184) (89 -0.0177) (39 -0.0168) (56 0.0164) (19 -0.0164) (40 0.0158) (100 0.0158) (88 0.0155) (127 0.0148) (120 0.0148) (37 -0.014) (104 0.0137) (114 0.0131) (97 -0.0128) (122 -0.0125) (41 0.0124) (79 -0.0119) (28 -0.0116) (78 0.0114) (53 -0.0109) (66 0.0102) (55 -0.0101) 
  0.00061725   (149 0.852) (49 -0.33) (48 -0.277) (51 0.166) (42 -0.106) (44 0.089) (52 -0.0757) (55 -0.0744) (46 0.0648) (53 0.0581) (70 -0.0523) (43 -0.0503) (73 -0.0497) (39 0.0444) (13 -0.0414) (45 -0.0374) (50 0.0358) (77 -0.0331) (59 -0.0285) (33 -0.0276) (47 0.0271) (38 0.0258) (31 0.0243) (69 -0.0221) (57 0.0211) (65 -0.0208) (68 0.0187) (28 -0.015) (19 -0.0146) (37 -0.0145) (16 -0.0135) (41 0.0126) (29 0.0123) (56 -0.0121) (60 0.0114) (23 0.0107) (61 -0.0106) (54 -0.0106) 
  0.00062771   (49 0.532) (149 0.523) (48 0.446) (51 -0.263) (42 0.175) (44 -0.147) (70 0.135) (55 0.122) (52 0.119) (46 -0.107) (53 -0.0942) (43 0.0842) (73 0.0836) (39 -0.0712) (13 0.0681) (45 0.0613) (50 -0.0587) (77 0.0543) (33 0.0453) (38 -0.0435) (69 0.0434) (59 0.0425) (47 -0.0424) (31 -0.0417) (68 -0.0346) (65 0.0335) (71 -0.0256) (28 0.0252) (19 0.0249) (37 0.0246) (16 0.0234) (41 -0.0213) (29 -0.0207) (57 -0.0197) (54 0.0193) (56 0.0188) (23 -0.0173) (14 -0.0157) (61 0.0155) (79 0.0155) (60 -0.0148) (25 0.0137) (24 -0.0136) (35 0.013) (21 0.0123) (78 -0.0107) (120 -0.0104) (12 -0.0102) 
  0.00070455   (38 0.832) (39 -0.279) (20 -0.204) (40 -0.189) (23 0.189) (19 -0.17) (42 0.129) (37 -0.105) (16 -0.104) (21 -0.102) (22 -0.0828) (44 -0.0794) (31 0.0756) (43 0.0687) (41 -0.0651) (13 -0.0452) (46 -0.0446) (51 0.0338) (57 0.0317) (35 0.0231) (52 -0.0207) (34 -0.0198) (55 0.0196) (47 0.0189) (33 0.0171) (32 -0.0134) (45 0.0132) (56 -0.0123) (77 0.0118) (25 0.0118) (15 -0.0113) (24 0.0107) 
  0.00080691   (23 0.552) (20 -0.431) (19 -0.365) (38 -0.333) (21 -0.277) (22 -0.216) (31 -0.206) (16 -0.152) (13 -0.135) (24 0.121) (28 0.106) (29 -0.105) (37 0.0662) (39 0.064) (40 0.0536) (33 0.0467) (143 -0.042) (32 0.0369) (17 -0.0284) (14 0.0275) (26 0.0228) (12 0.0199) (42 0.0196) (27 -0.0191) (25 -0.0169) (18 -0.0164) (15 -0.0139) (48 0.013) (11 0.0103) (44 -0.0102) 
  0.00083464   (143 -0.999) (23 -0.0241) (20 0.0191) (19 0.0162) (141 -0.0133) (21 0.0121) (38 0.01) 
  0.00088352   (47 -0.42) (51 0.383) (49 0.374) (44 0.334) (16 -0.287) (46 0.286) (43 -0.265) (42 -0.231) (52 -0.178) (57 0.138) (48 0.136) (55 0.116) (56 -0.0875) (41 0.0857) (31 0.0823) (17 0.079) (13 -0.0683) (53 0.057) (45 -0.0568) (38 0.0543) (77 0.0524) (50 -0.0434) (24 -0.0333) (37 -0.026) (60 0.0248) (29 0.0241) (40 0.0222) (19 0.022) (59 -0.0198) (39 0.0196) (28 -0.0183) (32 -0.0172) (25 0.0166) (35 0.0156) (26 -0.0146) (54 0.0144) (14 0.0134) (84 0.0127) (15 -0.012) (70 0.0117) (33 0.0111) (21 0.0109) (20 -0.0104) (118 0.0102) 
   0.0011238   (16 -0.817) (17 0.264) (19 0.263) (13 -0.227) (20 0.172) (44 -0.118) (47 0.116) (42 0.106) (31 -0.105) (49 -0.0963) (46 -0.0957) (43 0.0926) (51 -0.0905) (21 0.0622) (29 -0.0595) (14 0.0539) (52 0.0427) (38 -0.0415) (28 0.0411) (41 -0.0344) (12 0.0333) (33 0.0315) (48 -0.0301) (55 -0.0277) (57 -0.0274) (15 -0.0272) (37 0.0256) (23 -0.0251) (39 -0.0232) (45 0.0227) (32 0.0208) (18 0.0207) (56 0.0201) (24 0.0175) (11 0.0164) (77 -0.0151) (40 -0.0117) (25 0.0108) (53 -0.0102) 
   0.0012577   (146 -1) 
   0.0014566   (55 -0.685) (56 -0.404) (31 0.293) (57 0.246) (51 -0.208) (33 -0.181) (52 0.174) (35 -0.136) (34 0.118) (54 -0.1) (32 -0.0995) (28 -0.0821) (29 0.0809) (39 -0.0732) (16 -0.0677) (37 0.0632) (20 -0.0626) (19 -0.0623) (48 0.0589) (38 -0.054) (77 0.0487) (47 -0.048) (49 0.0477) (50 0.0467) (44 0.0406) (43 -0.0379) (46 0.035) (60 0.0333) (13 -0.0296) (53 -0.027) (72 0.0214) (24 -0.0212) (73 0.0209) (59 -0.0188) (69 0.0168) (68 -0.0166) (27 0.0161) (36 0.0156) (71 0.0149) (139 0.0147) (26 -0.0131) (65 0.013) (70 0.0117) (61 -0.0115) (79 0.0112) (15 -0.011) (78 -0.0102) (23 0.0101) 
   0.0015036   (31 0.511) (33 -0.394) (55 0.325) (35 -0.305) (34 0.259) (32 -0.189) (56 0.176) (38 -0.172) (37 0.169) (42 0.166) (28 -0.141) (51 0.14) (39 -0.138) (29 0.135) (139 0.121) (52 -0.105) (44 -0.0958) (57 -0.0878) (43 0.0842) (13 -0.0832) (19 -0.0792) (16 -0.0685) (20 -0.0612) (46 -0.0595) (41 -0.0535) (54 0.0492) (36 0.0395) (27 0.0269) (40 -0.0261) (47 0.0259) (77 -0.0252) (50 -0.0244) (23 0.0241) (53 0.0202) (45 0.0183) (73 -0.018) (21 -0.0172) (14 0.0159) (48 -0.0132) (12 0.0121) (60 -0.0117) (26 -0.0113) (30 -0.0106) (24 -0.0101) 
   0.0015404   (139 0.992) (31 -0.067) (33 0.0509) (35 0.0392) (34 -0.0334) (55 -0.0294) (32 0.0246) (38 0.0217) (37 -0.0215) (136 -0.0204) (42 -0.02) (28 0.0185) (39 0.0179) (29 -0.0178) (56 -0.0156) (51 -0.0138) (44 0.0109) (19 0.0107) (13 0.0107) (52 0.0101) 
   0.0015947   (14 -0.889) (35 0.292) (13 -0.248) (33 -0.173) (34 -0.115) (36 -0.0713) (29 0.0698) (15 -0.049) (134 -0.0363) (38 -0.0299) (12 0.0285) (42 0.0282) (37 0.0279) (28 -0.0243) (31 0.0213) (30 -0.0184) (72 -0.0142) (32 -0.0142) (39 -0.0136) (45 0.0121) (17 -0.0115) (44 -0.0107) 
   0.0018308   (134 -0.759) (35 0.45) (14 0.279) (33 -0.276) (34 -0.18) (36 -0.111) (29 0.0968) (38 -0.0444) (42 0.0417) (31 0.0413) (28 -0.0413) (37 0.0377) (39 -0.0292) (30 -0.025) (24 0.0235) (32 -0.0218) (19 -0.019) (15 0.0169) (40 -0.0148) (45 0.0145) (17 -0.0132) (44 -0.0132) (53 0.012) (26 0.0108) (18 -0.0103) (77 -0.0101) 
   0.0018767   (134 -0.65) (35 -0.541) (33 0.332) (14 -0.276) (34 0.217) (36 0.133) (29 -0.117) (38 0.0534) (42 -0.0502) (28 0.0496) (31 -0.0494) (37 -0.0455) (39 0.0349) (30 0.0302) (24 -0.0271) (32 0.0262) (19 0.0223) (40 0.0178) (45 -0.0176) (15 -0.017) (17 0.0161) (44 0.016) (53 -0.0142) (26 -0.0127) (18 0.0122) (77 0.0121) (51 -0.0119) (21 0.0106) (48 -0.0106) (46 0.0104) 
   0.0020002   (29 0.8) (31 -0.321) (30 -0.271) (53 0.209) (28 -0.172) (52 0.15) (35 -0.122) (54 0.115) (24 -0.0787) (27 -0.0741) (26 -0.068) (33 0.0664) (36 0.0653) (50 -0.0614) (51 0.0605) (69 -0.0591) (19 -0.0527) (71 -0.0504) (68 0.049) (48 0.0448) (46 -0.044) (16 -0.0438) (32 0.0339) (20 -0.0289) (40 -0.0256) (34 0.0254) (73 0.0225) (72 0.0222) (74 0.0208) (60 -0.0187) (42 0.0184) (45 0.0182) (49 -0.0176) (61 0.0149) (56 -0.0149) (44 -0.0148) (37 -0.0147) (131 -0.0146) (15 0.0141) (77 0.0136) (57 -0.0127) (38 -0.012) (65 -0.0117) (81 -0.0105) (59 0.0104) (78 -0.01) 
   0.0020044   (69 -0.518) (68 0.476) (71 -0.461) (131 -0.215) (74 0.187) (53 -0.184) (72 0.148) (78 -0.147) (73 0.145) (77 0.137) (52 -0.106) (54 -0.103) (46 0.0922) (51 -0.092) (65 -0.09) (67 -0.0802) (59 -0.0764) (57 -0.0734) (63 -0.0617) (132 -0.0553) (56 0.051) (70 -0.046) (83 -0.0438) (80 -0.0383) (42 -0.0377) (87 0.0351) (81 -0.0342) (75 0.0333) (43 0.033) (55 -0.0305) (31 0.0238) (60 -0.0218) (130 0.0216) (115 -0.0208) (58 -0.0195) (47 -0.0189) (41 0.0179) (62 -0.0158) (29 -0.0143) (91 0.0142) (96 0.0142) (66 -0.0139) (40 0.0138) (50 0.0138) (76 0.0136) (118 -0.0135) (33 -0.0125) (16 -0.0121) (48 0.0115) (100 0.0112) (38 0.011) (45 -0.0102) 
   0.0023063   (131 -0.524) (53 -0.495) (52 -0.32) (54 -0.281) (29 0.221) (69 0.202) (132 -0.182) (50 0.168) (71 0.158) (68 -0.145) (51 -0.124) (46 0.0995) (73 -0.0826) (31 -0.0812) (48 -0.0751) (72 -0.0732) (30 -0.0709) (74 -0.0684) (59 -0.0672) (60 0.0665) (43 0.0616) (56 0.0549) (130 0.0516) (28 -0.0482) (61 -0.0473) (49 0.0406) (77 -0.0389) (45 -0.0387) (57 0.0386) (78 0.0332) (65 0.0276) (36 0.0275) (24 -0.027) (81 0.0268) (19 -0.0254) (84 -0.0246) (42 -0.0243) (27 -0.0241) (66 0.0241) (55 0.0228) (62 0.0222) (67 0.0212) (16 -0.0206) (26 -0.0201) (63 0.0185) (75 -0.0163) (32 0.0142) (91 0.014) (120 -0.0131) (114 -0.0118) (47 0.0118) (35 -0.0117) (41 -0.0116) (13 -0.0114) (80 0.0112) (20 -0.0111) (100 -0.0102) 
   0.0023905   (131 -0.745) (53 0.392) (132 -0.286) (52 0.249) (54 0.222) (29 -0.164) (50 -0.119) (51 0.111) (46 -0.0945) (59 0.0677) (130 0.0595) (31 0.0557) (30 0.0539) (56 -0.0522) (43 -0.0521) (48 0.0481) (60 -0.0397) (28 0.037) (68 -0.0323) (61 0.0308) (49 -0.0306) (45 0.0295) (42 0.0273) (24 0.0215) (19 0.0203) (36 -0.0197) (71 0.0188) (16 0.0187) (27 0.0183) (78 0.0172) (73 0.0169) (26 0.015) (84 0.0144) (91 -0.013) (66 -0.0127) (83 0.0116) (20 0.0109) (62 -0.0109) (77 -0.0107) (32 -0.0106) (58 0.0104) 
   0.0025124   (23 -0.744) (20 -0.36) (22 -0.284) (19 -0.265) (56 -0.223) (24 0.208) (25 -0.111) (16 -0.0991) (31 -0.0971) (57 -0.0788) (55 0.0719) (28 0.0662) (15 -0.0599) (51 0.0542) (52 -0.0482) (29 -0.0436) (44 -0.042) (42 0.0389) (54 -0.0386) (21 -0.0352) (43 0.035) (46 -0.0307) (47 0.026) (77 -0.0258) (38 -0.0243) (37 0.0219) (26 0.0204) (11 0.02) (17 0.0197) (48 -0.0183) (60 -0.0161) (30 -0.0159) (59 -0.014) (120 -0.0139) (125 -0.0138) (53 0.0137) (27 -0.0131) (32 0.0128) (71 -0.0127) (33 -0.012) (45 0.0114) (39 0.0113) (35 -0.0104) (123 -0.0101) 
   0.0026292   (60 0.791) (59 0.359) (56 0.326) (61 -0.234) (55 -0.123) (77 0.106) (23 -0.0864) (52 0.0852) (54 0.0752) (57 -0.0718) (20 -0.0583) (44 0.0582) (51 -0.0545) (46 0.0511) (43 -0.0475) (47 -0.0475) (133 0.0467) (19 -0.0358) (58 0.0333) (22 -0.0327) (49 -0.0291) (48 0.028) (79 0.0276) (16 -0.024) (24 0.0237) (125 -0.0236) (33 -0.0233) (63 -0.022) (78 -0.0193) (50 0.018) (108 -0.0177) (62 -0.0157) (28 0.0156) (119 0.0151) (45 -0.0145) (74 -0.0143) (38 0.0134) (115 0.0133) (72 -0.0131) (15 -0.0131) (84 -0.0129) (25 -0.0127) (68 0.0119) (71 -0.011) (64 -0.0108) (40 0.0108) (35 -0.0104) (82 0.01) 
   0.0026716   (133 0.747) (56 0.466) (57 0.265) (60 -0.226) (55 -0.124) (23 -0.116) (59 -0.102) (51 -0.0942) (54 0.0853) (20 -0.0771) (50 -0.077) (61 0.0724) (52 0.0706) (19 -0.0552) (44 0.0536) (43 -0.0497) (22 -0.0462) (53 -0.0433) (49 -0.0405) (16 -0.0369) (41 0.0369) (77 0.036) (47 -0.0355) (42 -0.0342) (46 0.0319) (48 0.0284) (71 0.0279) (24 0.0242) (68 -0.0211) (70 -0.0176) (31 0.0167) (69 0.0164) (25 -0.0162) (84 0.0148) (58 -0.0139) (38 0.0113) (123 0.0102) (125 0.0102) (120 0.0101) (130 0.0101) (15 -0.01) 
    0.002866   (133 0.663) (56 -0.547) (57 -0.292) (60 0.197) (55 0.148) (23 0.136) (51 0.11) (54 -0.101) (20 0.0908) (59 0.0888) (52 -0.0857) (50 0.0848) (61 -0.0647) (19 0.0646) (44 -0.0646) (43 0.0594) (22 0.0543) (53 0.0479) (49 0.0475) (77 -0.0473) (47 0.0434) (16 0.0432) (41 -0.0413) (125 -0.0412) (46 -0.0397) (42 0.0386) (48 -0.034) (71 -0.0307) (24 -0.0289) (68 0.0229) (123 -0.02) (70 0.0193) (25 0.0191) (31 -0.0188) (69 -0.018) (120 -0.0174) (84 -0.0163) (38 -0.0137) (58 0.0133) (127 0.0127) (15 0.0123) (74 0.0111) (124 -0.0109) 
   0.0035023   (40 0.872) (65 0.284) (38 0.195) (39 0.188) (84 -0.136) (42 0.133) (59 -0.085) (41 -0.0797) (31 0.0689) (57 0.0607) (43 0.0513) (44 -0.0464) (29 0.0402) (61 -0.0379) (51 0.0357) (86 0.0357) (66 -0.0349) (60 0.033) (50 0.0327) (46 -0.03) (68 0.0276) (35 0.0259) (69 -0.0256) (16 -0.0251) (20 -0.0246) (32 -0.024) (28 -0.0237) (15 0.0236) (19 -0.0232) (129 0.0202) (53 0.0199) (70 -0.0197) (24 -0.019) (96 0.0188) (54 0.0185) (77 -0.0165) (30 -0.0164) (48 0.016) (73 -0.015) (87 -0.0132) (52 -0.0124) (90 0.0124) (91 0.0119) (26 -0.0116) (55 0.0109) (85 0.0105) (25 0.0105) (37 -0.0102) 
   0.0038779   (84 -0.865) (129 0.297) (65 -0.293) (86 0.153) (59 0.0762) (77 -0.0698) (57 -0.0673) (85 0.0614) (87 -0.0578) (60 -0.0562) (90 0.0521) (83 0.0507) (61 0.0443) (91 0.044) (120 0.0381) (66 0.0372) (117 -0.0314) (96 0.0294) (40 -0.0292) (51 -0.0287) (44 0.0287) (43 -0.0276) (42 -0.0274) (52 0.0272) (92 -0.0269) (55 -0.0266) (116 0.0211) (103 -0.0211) (89 -0.019) (100 0.0188) (124 0.0187) (111 -0.0182) (46 0.018) (113 -0.0178) (56 0.0173) (97 -0.017) (68 -0.0163) (47 -0.0162) (88 0.0162) (41 0.0162) (104 0.0159) (94 -0.0156) (72 -0.0154) (126 0.0152) (107 -0.0152) (119 -0.0151) (118 0.0151) (108 -0.0135) (115 -0.0134) (93 -0.0134) (39 -0.0131) (127 0.0126) (70 0.0121) (114 0.0118) (105 -0.0115) (31 0.0109) (50 -0.01) 
   0.0039712   (129 0.655) (65 -0.534) (84 0.396) (40 0.225) (59 0.123) (50 0.0894) (86 -0.076) (57 -0.0687) (66 0.0687) (69 0.0633) (61 0.0621) (68 -0.0603) (60 -0.0597) (38 0.0566) (77 0.0538) (39 0.0495) (70 0.0474) (90 -0.0363) (85 -0.0321) (41 -0.0302) (87 0.0302) (73 0.0271) (96 -0.0267) (49 0.0238) (91 -0.0229) (45 -0.0228) (31 0.0215) (48 -0.0175) (51 -0.0171) (52 0.017) (71 0.017) (115 0.0169) (29 0.015) (62 -0.0144) (76 -0.0144) (83 -0.0141) (103 0.014) (127 0.014) (78 -0.0134) (72 0.0129) (94 0.0129) (108 0.0123) (92 0.0122) (42 0.0122) (19 -0.0122) (20 -0.0115) (63 -0.0115) (13 -0.011) (74 -0.0107) (43 0.0105) (82 -0.0105) (110 -0.0105) (75 0.0101) (16 -0.0101) 
   0.0041037   (129 0.694) (65 0.621) (40 -0.225) (59 -0.146) (57 0.0924) (60 0.0798) (50 -0.0797) (66 -0.0796) (61 -0.0766) (68 0.0627) (69 -0.0625) (38 -0.0614) (70 -0.049) (39 -0.0466) (51 0.0277) (52 -0.0277) (31 -0.0274) (49 -0.025) (73 -0.0248) (41 0.0235) (45 0.0221) (55 0.0206) (77 -0.0191) (62 0.017) (29 -0.0169) (20 0.016) (56 -0.0157) (115 -0.0156) (46 -0.0154) (96 0.0147) (16 0.0145) (19 0.014) (63 0.0135) (90 0.0127) (13 0.0126) (44 -0.0119) (93 0.0118) (48 0.0118) (76 0.0116) (71 -0.0115) (82 0.0111) (79 -0.0103) 
   0.0041259   (105 0.561) (96 -0.337) (103 0.305) (123 -0.247) (124 0.225) (108 -0.22) (109 0.204) (101 0.196) (99 -0.191) (106 -0.164) (104 -0.144) (112 -0.142) (107 -0.131) (119 0.126) (102 -0.124) (98 -0.101) (115 -0.0944) (121 -0.0884) (117 -0.0852) (118 0.0782) (111 0.0753) (125 0.0679) (50 0.0651) (113 0.0626) (94 0.0543) (100 -0.0536) (97 -0.0501) (89 0.0488) (110 -0.0424) (120 -0.0385) (114 0.0342) (93 -0.0334) (122 0.0329) (91 0.0321) (92 0.0313) (82 -0.0305) (72 -0.0288) (84 -0.0274) (90 -0.0274) (116 0.0251) (85 -0.0187) (126 -0.0163) (80 -0.0162) (53 0.0161) (49 0.0158) (65 0.0142) (145 0.0131) (52 0.0122) (54 0.0116) (79 0.0115) (69 -0.0113) (83 0.0105) 
   0.0041792   (145 -0.999) (124 0.025) (123 -0.0247) (136 -0.0151) 
   0.0043215   (50 0.875) (49 0.209) (53 0.172) (52 0.133) (54 0.133) (72 -0.119) (48 -0.117) (45 -0.112) (56 0.104) (65 0.0762) (40 -0.0755) (59 -0.0705) (15 -0.0657) (123 0.061) (43 0.0587) (124 -0.0585) (41 -0.0579) (51 0.0541) (82 -0.0535) (57 0.0514) (69 -0.0503) (84 -0.0482) (71 -0.0437) (60 -0.0427) (105 -0.0423) (96 -0.0421) (119 -0.0399) (110 -0.0347) (68 0.0336) (115 0.0325) (125 -0.0308) (80 -0.0307) (107 0.0274) (108 0.0264) (103 -0.0248) (46 0.0245) (121 0.0244) (117 0.0241) (109 -0.024) (86 -0.0239) (47 0.0224) (38 -0.0218) (23 -0.0218) (101 -0.021) (39 -0.0196) (90 -0.0194) (92 -0.0185) (79 0.0183) (116 -0.0173) (73 0.0169) (70 -0.0159) (31 -0.0158) (83 0.0155) (122 -0.0154) (30 0.0152) (99 0.0149) (66 -0.0144) (85 -0.0138) (118 -0.0133) (44 -0.0126) (11 0.0121) (74 0.0117) (112 -0.0112) (29 -0.0111) (81 0.0102) 
   0.0044278   (72 -0.619) (45 -0.5) (80 -0.356) (81 0.223) (50 -0.174) (93 -0.15) (43 0.126) (83 0.125) (79 0.116) (86 -0.113) (71 -0.105) (98 -0.0814) (78 0.0776) (44 0.0751) (46 -0.074) (76 0.0626) (107 0.0623) (69 -0.0596) (112 0.0559) (87 0.0548) (41 -0.0499) (48 0.0466) (82 -0.0455) (90 0.0436) (75 -0.0421) (47 -0.04) (96 0.0364) (97 0.0357) (105 -0.0341) (89 0.0304) (49 -0.0295) (100 0.0283) (55 -0.0266) (85 -0.0265) (123 -0.0248) (111 0.0234) (119 0.0222) (68 0.0208) (155 0.0207) (74 0.0195) (59 -0.0194) (104 0.0193) (110 -0.0187) (115 -0.0187) (101 -0.0179) (70 -0.0172) (57 -0.016) (103 0.0155) (88 0.0149) (124 0.0142) (51 -0.0138) (116 0.0135) (113 -0.013) (60 -0.0122) (65 -0.0119) (125 0.0113) (117 -0.0107) 
   0.0045718   (155 0.999) (45 0.0337) 
   0.0046854   (45 -0.767) (72 0.487) (43 0.212) (80 0.157) (79 -0.141) (46 -0.101) (81 -0.0916) (41 -0.0861) (44 0.083) (86 0.0824) (71 0.0744) (90 0.0653) (107 -0.0626) (83 -0.0526) (69 0.0475) (112 -0.0441) (98 0.0428) (50 -0.0416) (47 -0.0399) (85 0.0392) (40 -0.038) (87 -0.034) (42 0.0338) (155 0.0297) (59 0.0282) (96 -0.0245) (117 0.0243) (100 -0.0241) (105 0.0238) (35 0.0233) (65 0.022) (89 -0.0218) (115 0.0215) (48 0.0214) (57 0.0212) (38 -0.0211) (15 -0.0204) (116 -0.0197) (75 0.0176) (120 -0.0174) (123 0.0173) (13 0.0172) (93 -0.0171) (76 -0.0166) (104 -0.0155) (70 0.0154) (102 0.015) (124 -0.0146) (77 0.0144) (113 0.0142) (119 -0.0139) (111 -0.0135) (33 0.0132) (49 0.0126) (52 0.0118) (68 -0.0118) (14 -0.0114) (101 0.0111) (125 -0.0101) 
   0.0047799   (18 -0.973) (137 0.218) (15 0.0359) (17 -0.0304) (16 -0.0276) (19 0.0228) (7 -0.0215) (13 0.0175) (23 -0.0151) (24 0.0148) (20 0.0137) (35 -0.0115) (31 -0.0107) (29 -0.01) 
   0.0050428   (137 0.976) (18 0.218) 
    0.005284   (7 1) (18 -0.0209) 
   0.0053335   (4 -1) 
   0.0054113   (33 0.436) (28 0.389) (135 0.343) (31 0.342) (29 0.333) (26 0.294) (24 0.255) (13 -0.24) (30 0.174) (35 0.125) (25 -0.107) (22 0.0817) (32 -0.0804) (17 -0.0772) (27 0.0686) (37 0.0592) (14 0.0547) (42 0.0467) (16 0.0458) (36 -0.0438) (12 0.0398) (19 0.0388) (77 -0.0362) (38 -0.035) (21 -0.0288) (40 -0.0267) (20 0.0249) (39 0.0187) (48 0.0148) (15 0.0138) (44 -0.0107) 
   0.0055637   (135 0.939) (33 -0.159) (28 -0.142) (31 -0.125) (29 -0.122) (26 -0.107) (24 -0.0931) (13 0.0877) (30 -0.0635) (35 -0.0455) (25 0.039) (22 -0.0298) (32 0.0293) (17 0.0282) (27 -0.025) (37 -0.0216) (14 -0.02) (42 -0.017) (16 -0.0167) (36 0.016) (12 -0.0145) (19 -0.0141) (77 0.0129) (38 0.0128) (21 0.0105) 
   0.0058298   (10 0.711) (17 0.611) (16 0.237) (13 -0.21) (24 -0.0863) (20 -0.0593) (14 0.0511) (12 0.0345) (15 0.0325) (18 -0.0322) (22 -0.0309) (26 -0.0245) (33 0.0222) (19 -0.0209) (21 0.0205) (25 0.0204) (77 -0.012) (42 0.0117) (32 -0.0106) 
    0.006032   (144 0.999) (10 -0.0272) (17 0.0208) 
   0.0066166   (10 0.702) (17 -0.626) (16 -0.239) (13 0.184) (24 0.0913) (20 0.0652) (14 -0.0432) (144 0.0359) (22 0.0322) (18 0.0322) (12 -0.0308) (15 -0.026) (26 0.0244) (33 -0.0234) (25 -0.0225) (21 -0.0217) (19 0.0216) (77 0.0159) (42 -0.0144) (32 0.0136) (11 -0.0104) (28 -0.0102) 
   0.0068135   (11 -0.844) (12 0.397) (41 0.342) (46 -0.0524) (45 -0.0446) (42 0.041) (15 -0.0355) (50 0.0285) (33 -0.0208) (40 0.0203) (13 0.0194) (38 0.0193) (47 0.0175) (30 -0.0162) (35 -0.013) (44 -0.0118) (39 -0.0114) (48 -0.0109) (60 0.0109) (28 0.0107) (16 -0.0106) (20 -0.01) 
   0.0071714   (142 -0.999) (41 0.0419) (11 0.0171) 
   0.0073615   (41 -0.887) (11 -0.321) (46 0.146) (12 0.144) (42 -0.127) (45 0.103) (33 0.0722) (13 0.0667) (40 -0.0602) (50 -0.0547) (38 -0.0516) (35 0.0481) (142 -0.0479) (47 -0.0426) (39 0.0369) (43 0.0347) (28 -0.0296) (19 -0.0294) (24 -0.0286) (30 0.0279) (31 0.0278) (15 -0.0273) (60 -0.0237) (48 0.0236) (74 0.0223) (52 0.0221) (61 -0.021) (44 0.0208) (17 0.0208) (49 -0.0203) (16 -0.0189) (26 -0.0182) (36 0.0168) (22 -0.0162) (66 -0.0162) (23 -0.0159) (81 0.0145) (56 0.0135) (25 0.0133) (80 0.013) (67 0.0124) (62 0.0115) (79 0.0112) (87 0.0107) (75 0.0104) 
   0.0078584   (12 -0.839) (11 -0.397) (30 -0.303) (13 -0.155) (28 0.0896) (31 0.0752) (29 -0.0591) (33 0.0227) (36 0.0214) (27 -0.0205) (32 0.0201) (15 -0.0195) (37 -0.0188) (34 -0.0173) (67 0.017) (41 -0.0158) (14 0.0147) (138 0.0124) (19 0.0104) 
   0.0087983   (138 0.986) (30 -0.136) (12 0.0602) (28 0.0391) (31 0.0311) (11 0.0289) (29 -0.0262) 

 Largest eigenvalues
      35.902   (162 0.262) (164 0.953) 
      27.484   (13 0.382) (31 0.321) (33 0.351) (77 0.331) 
      18.705   (13 -0.301) (77 0.783) 
      15.348   (115 0.561) (116 -0.324) (117 0.381) (120 -0.512) 
      4.4073   (96 -0.293) (119 -0.35) (123 0.499) (124 -0.472) 
      1.3949   (162 0.965) (164 -0.259) 
      1.2233   (163 -0.997) 
       1.145   (165 -0.996) 
      1.1445   (88 0.332) (89 -0.666) (91 -0.565) 
      1.1383   (100 0.401) (101 0.697) (106 0.477) 
      1.1329   (100 0.301) (101 0.31) (106 -0.762) 
     0.93484   (114 0.697) (115 -0.332) 
     0.89858   (104 0.743) (105 0.44) (106 0.309) 
     0.88043   (99 -0.662) (100 -0.393) (103 -0.319) 
     0.86981   (110 -0.439) (111 -0.532) 
     0.76391   (109 0.505) (111 0.31) (115 0.404) (136 -0.289) 
     0.67312   (109 -0.705) (110 0.292) 
     0.66901   (96 -0.781) (99 0.303) 
     0.66235   (113 0.472) (126 0.526) (136 -0.392) 
     0.60153   (110 -0.346) (112 -0.48) (113 -0.578) 
     0.58173   (108 0.595) (112 0.316) (113 -0.459) 
     0.57817   (108 -0.676) (112 0.389) 
     0.57064   (113 0.29) (122 -0.457) (124 0.398) (130 0.368) (132 -0.3) 
     0.56796   (122 0.324) (125 -0.667) (130 0.307) 
     0.56216   (115 0.321) (120 0.464) (121 -0.358) (123 0.318) (125 0.335) 
     0.54766   (117 -0.365) (118 0.657) (120 -0.359) 
     0.50052   (116 0.322) (117 0.305) (119 -0.466) (123 -0.425) (127 -0.345) 
     0.47552   (116 -0.581) (117 -0.315) (122 -0.298) (126 0.323) (136 0.319) 
      0.4498   (116 0.549) (119 0.297) (126 0.376) (136 0.366) 
     0.41257   (91 0.361) (92 -0.897) 
     0.39784   (119 -0.368) (124 0.373) (127 0.445) (136 0.401) 
     0.32006   (94 -0.919) (103 0.217) 
     0.30511   (94 0.326) (103 0.69) (104 0.365) (105 -0.357) 
     0.26966   (102 -0.854) 
     0.25959   (86 0.218) (98 -0.491) (115 0.214) (117 -0.224) (121 0.21) (124 -0.247) (127 0.244) 
     0.25264   (79 -0.356) (86 -0.618) (98 0.294) 
     0.23921   (79 0.54) (98 0.572) 
     0.23029   (79 -0.524) (86 0.572) 
     0.19485   (98 -0.391) (107 0.404) (112 0.412) 
     0.15911   (90 -0.812) (93 0.363) 
     0.14691   (90 0.348) (93 0.306) (97 -0.56) (107 -0.444) 
      0.1371   (85 0.297) (93 -0.622) (107 -0.382) 
     0.12907   (85 -0.872) (97 0.238) 
     0.12241   (88 -0.57) (89 -0.411) (93 0.334) (97 0.318) 
     0.11087   (72 -0.388) (79 0.318) (80 0.486) (81 -0.42) (83 -0.358) 
     0.10794   (76 0.284) (78 0.333) (80 -0.322) (83 -0.281) (88 0.271) (97 0.279) 
     0.10708   (66 -0.359) (69 -0.303) (76 -0.288) 
     0.10173   (58 0.612) (61 -0.367) 
    0.095952   (58 -0.579) (66 0.358) 
    0.094651   (58 0.356) (66 -0.311) (97 -0.294) (107 0.288) 
     0.09011   (58 -0.288) (61 -0.585) 
    0.087413   (61 0.412) (64 -0.369) (66 0.454) 
    0.078988   (63 0.266) (64 0.722) (69 0.233) (83 -0.225) 
    0.074537   (62 0.682) (69 0.296) 
    0.073464   (62 -0.593) (64 -0.351) (66 -0.309) 
    0.071974   (62 0.228) (66 0.244) (69 -0.282) (76 0.213) (80 0.205) (117 -0.234) (118 -0.338) (120 -0.197) 
    0.066754   (63 -0.254) (68 0.29) (74 -0.364) (75 0.228) (78 0.358) (81 -0.274) (87 0.228) (118 -0.216) 
    0.061511   (63 0.59) (68 -0.257) (71 -0.235) (74 0.222) (81 -0.271) (87 0.284) 
    0.058794   (63 -0.566) (74 0.358) 
    0.055678   (63 0.292) (67 -0.267) (68 0.426) (71 0.391) (78 -0.299) 
     0.05351   (67 0.415) (74 -0.417) (81 0.352) 
    0.050933   (67 -0.548) (78 0.315) 
    0.048214   (67 0.553) (68 0.366) (74 0.311) 
    0.046634   (75 -0.293) (81 -0.365) (83 0.322) 
    0.043862   (35 -0.28) (36 -0.842) (43 0.238) (46 0.229) 
    0.042403   (36 0.365) (43 0.551) (46 0.546) 
    0.041858   (75 0.41) (76 0.265) (87 0.254) (91 0.237) (100 -0.244) (121 0.358) 
     0.04015   (51 0.384) (52 0.398) (75 -0.356) 
     0.03267   (47 -0.32) (48 -0.257) (51 -0.396) (52 -0.307) (53 0.286) (75 -0.412) (76 -0.315) 
    0.031927   (27 -0.765) (32 0.32) (37 0.333) 
    0.029446   (27 0.52) (32 0.602) (37 0.289) 
    0.027651   (32 -0.506) (34 -0.313) (48 0.317) (91 -0.3) 
    0.027197   (34 0.663) (37 -0.455) 
    0.022186   (48 -0.486) (49 0.289) 
     0.02136   (130 -0.629) (132 -0.55) 
    0.021107   (128 -0.578) (160 -0.809) 
    0.020076   (128 -0.577) (160 0.312) (161 0.755) 
    0.019251   (128 -0.577) (160 0.498) (161 -0.647) 
    0.015876   (15 -0.985) 
    0.015667   (140 0.998) 
