 1 56827.5
 2 678.717
 3 26.978
 4 176665
 5 531.61
 6 371.937
 7 556777
 8 42.7389
 9 17290.2
 10 2433.13
 11 4.36966
 12 1752.22
 13 281425
 14 3777.42
 15 0.848649
 16 359745
 17 3726.51
 18 8.59994
 19 122580
 20 2232.47
 21 404.395
 22 161946
 23 3348.14
 24 178.511
 25 258.241
 26 321.052
 27 19.5396
 28 2707.94
 29 259.358
 30 305.307
 31 517.162
 32 66.92
 33 1107.26
 34 217.041
 35 161.558
 36 426.259
 37 1522.57
 38 3008.76
 39 7.45027
 40 973.818
 41 4315.32
 42 2.02549
 43 690.123
 44 1506.74
 45 27.0135
 46 6564.78
 47 1123.8
 48 1391.57
 49 1890.67
 50 201.122
 51 371.65
 52 213.555
 53 2899.74
 54 308.604
 55 228.727
 56 303.695
 57 1024.11
 58 92.8143
 59 161.631
 60 178.912
 61 22.1578
 62 1.74778
 63 498.55
 64 301.969
 65 1.74123
 66 496.333
 67 3612.34
 68 182.505
 69 135117
 70 179228
 71 2263.79
 72 302.749
 73 16902.6
 74 25.6157
 75 16413.9
 76 8259.64
 77 6.83426
 78 1975.75
 79 8401.27
 80 87.0972
 81 2767.35
 82 1586.87
 83 318.272
 84 2.74744
 85 137.997
 86 2.58587
 87 5300.05
 88 1.72019
 89 1.64526
 90 1.9229
 91 9.50777
 92 462.452
 93 1308.06
 94 835.454
 95 1551.51
 96 1894.82
 97 328.732
 98 271.642
 99 127.191
 100 765.033
 101 1437.55
 102 116.909
 103 155.063
 104 132.543
 105 129.068
 106 160.778
 107 164.241
 108 167.221
 109 121.529
 110 94.6591
 111 175.662
 112 203.719
 113 187.207
 114 170.374
 115 173.604
 116 137.093
 117 168.564
 118 188.292
 119 144.924
 120 83.6924
 121 121.097
 122 47.6887
 123 62.6249
 124 36.3414
 125 29.3524
 126 51.991
 127 26.8741
 128 88.4699
 129 67.6089
 130 59.9125
 131 20.3866
 132 20.9289
 133 22.4008
 134 36.2191
 135 8.79923
 136 45.7689
 137 9.96024
 138 9.26556
 139 9.34315
 140 11.0206
 141 11.721
 142 8.90242
 143 9.54582
 144 15.2382
 145 15.3034
 146 12.7959
 147 10.4469
 148 30.1859
 149 16.4142
 150 12.1637
 151 14.1378
 152 23.6676
 153 20.8686
 154 13.5737
 155 20.1827
 156 24.2054
 157 46.9964
 158 0.268848
 159 0.064571
 160 0.43179
 161 26.5017
 162 14.9504
 163 1314.08
 164 2775.89
 165 13.3125
