 1 31.6228
 2 22.401
 3 1.8492
 4 31.6228
 5 16.1316
 6 11.6391
 7 31.619
 8 1.01056
 9 31.4329
 10 29.5228
 11 0.987133
 12 27.9155
 13 31.6228
 14 31.5816
 15 0.904401
 16 31.6228
 17 31.5405
 18 0.998302
 19 31.6228
 20 26.8956
 21 5.7962
 22 31.6228
 23 30.0502
 24 2.59129
 25 15.0531
 26 15.028
 27 1.85163
 28 31.3397
 29 10.2291
 30 11.9032
 31 21.5945
 32 2.65144
 33 27.9714
 34 14.3163
 35 7.07092
 36 16.717
 37 31.4294
 38 31.561
 39 1.37876
 40 24.2868
 41 31.0441
 42 1.29204
 43 21.6747
 44 28.74
 45 1.84748
 46 31.5665
 47 14.2622
 48 19.1219
 49 30.3728
 50 13.6551
 51 14.5378
 52 8.94593
 53 30.6567
 54 16.3673
 55 9.39606
 56 11.6158
 57 29.3278
 58 9.01014
 59 9.34307
 60 9.79937
 61 4.38728
 62 1.31517
 63 21.5082
 64 16.0345
 65 0.971694
 66 21.1711
 67 30.1637
 68 2.94864
 69 31.6218
 70 31.6228
 71 28.053
 72 5.09743
 73 31.6132
 74 1.35466
 75 31.5702
 76 31.3517
 77 1.3916
 78 29.7328
 79 31.6039
 80 2.24209
 81 30.755
 82 31.4113
 83 16.5619
 84 1.37844
 85 10.1433
 86 1.3933
 87 31.3933
 88 1.10302
 89 1.04733
 90 1.25459
 91 2.45098
 92 18.1199
 93 27.0204
 94 20.4817
 95 27.8099
 96 30.017
 97 16.4595
 98 14.5405
 99 9.14486
 100 24.7678
 101 30.0977
 102 9.5893
 103 11.7073
 104 10.717
 105 10.6672
 106 12.2423
 107 12.2904
 108 12.359
 109 10.1748
 110 8.2482
 111 12.5249
 112 13.9
 113 13.2445
 114 12.4856
 115 12.4118
 116 10.5721
 117 12.1417
 118 13.0556
 119 11.3115
 120 8.43055
 121 10.6147
 122 6.68246
 123 7.68149
 124 5.49819
 125 5.12794
 126 6.89045
 127 4.52531
 128 8.73782
 129 7.36414
 130 7.12182
 131 4.13123
 132 4.4489
 133 4.56986
 134 5.84426
 135 2.68434
 136 6.66486
 137 2.90179
 138 2.84861
 139 2.86065
 140 3.0889
 141 3.05595
 142 2.68039
 143 2.81061
 144 3.70031
 145 3.76824
 146 3.3911
 147 2.91528
 148 5.18577
 149 3.80328
 150 3.27727
 151 3.53448
 152 4.71073
 153 4.35316
 154 3.51955
 155 4.37423
 156 4.81678
 157 6.77705
 158 0.193957
 159 0.189568
 160 0.271374
 161 3.71384
 162 3.39732
 163 15.9916
 164 27.3585
 165 0.577017
