 1 1000
 2 527.045
 3 21.13
 4 1000
 5 418.762
 6 293.033
 7 999.82
 8 3.25688
 9 991.998
 10 881.232
 11 2.42297
 12 792.294
 13 1000
 14 997.841
 15 0.825565
 16 1000
 17 997.012
 18 2.93809
 19 1000
 20 843.957
 21 153.529
 22 1000
 23 948.116
 24 51.2971
 25 238.777
 26 254.982
 27 15.6433
 28 985.51
 29 206.063
 30 243.756
 31 486.523
 32 51.2697
 33 844.17
 34 210.502
 35 143.255
 36 376.187
 37 989.146
 38 997.815
 39 3.55479
 40 602.826
 41 968.162
 42 1.74386
 43 496.026
 44 859.696
 45 15.9069
 46 997.885
 47 419.985
 48 582.085
 49 936.723
 50 198.982
 51 297.695
 52 171.787
 53 951.629
 54 274.995
 55 167.823
 56 218.854
 57 894.897
 58 91.6435
 59 150.931
 60 166.478
 61 21.8805
 62 1.74617
 63 475.251
 64 300.311
 65 1.73308
 66 489.55
 67 951.649
 68 50.4448
 69 999.965
 70 1000
 71 880.75
 72 119.058
 73 999.561
 74 3.02867
 75 998.095
 76 983.812
 77 3.79227
 78 888.624
 79 999.171
 80 28.3108
 81 970.062
 82 990.059
 83 291.619
 84 2.63703
 85 107.556
 86 2.34179
 87 990.06
 88 1.71999
 89 1.64524
 90 1.92268
 91 8.74282
 92 398.309
 93 819.765
 94 533.684
 95 835.333
 96 931.795
 97 313.844
 98 261.412
 99 126.034
 100 658.497
 101 927.502
 102 112.837
 103 152.503
 104 131.401
 105 128.34
 106 160.205
 107 163.514
 108 166.33
 109 120.647
 110 92.9131
 111 174.567
 112 202.86
 113 186.596
 114 170.005
 115 173.183
 116 136.362
 117 168.063
 118 188.038
 119 144.525
 120 82.8265
 121 120.539
 122 47.3096
 123 61.4824
 124 36.0261
 125 28.7679
 126 51.6453
 127 25.6696
 128 86.0183
 129 66.4551
 130 58.9845
 131 20.0975
 132 20.7063
 133 22.0916
 134 35.2627
 135 8.58034
 136 45.3999
 137 9.65534
 138 9.01887
 139 9.11271
 140 10.4935
 141 11.0122
 142 8.51892
 143 9.13509
 144 14.8065
 145 15.0563
 146 12.5093
 147 9.94244
 148 28.927
 149 15.789
 150 11.9047
 151 13.8579
 152 23.2291
 153 19.9839
 154 13.2215
 155 19.8744
 156 24.0258
 157 46.7821
 158 0.225011
 159 0.0622105
 160 0.378634
 161 21.361
 162 14.1601
 163 328.988
 164 809.147
 165 7.75094
