 Smallest eigenvalues
  1.7487e-06   (9 1) 
  2.7797e-06   (47 0.617) (49 0.468) (48 -0.324) (42 -0.26) (52 -0.192) (154 -0.192) (53 0.181) (46 0.138) (13 -0.126) (44 0.125) (77 -0.117) (51 -0.115) (54 0.0854) (33 -0.0712) (55 -0.0689) (50 -0.0576) (24 0.0471) (56 0.0439) (78 0.0433) (38 0.0432) (60 0.0419) (45 -0.0407) (59 -0.0352) (61 -0.0306) (14 0.0296) (40 0.0293) (71 -0.026) (73 -0.0258) (35 -0.0253) (12 0.0243) (17 -0.0237) (29 0.0203) (68 0.0186) (25 -0.017) (37 -0.0146) (28 -0.013) (43 0.013) (21 -0.0129) (84 0.0128) (57 0.0121) (26 0.0117) (39 0.0112) (27 0.0112) (72 0.0109) (22 0.0106) (81 -0.01) 
  3.5533e-06   (154 -0.981) (47 -0.121) (49 -0.0913) (48 0.0633) (42 0.0509) (52 0.0374) (53 -0.0353) (46 -0.0269) (13 0.0248) (44 -0.0245) (51 0.0225) (77 0.0225) (54 -0.0166) (33 0.014) (55 0.0134) (50 0.0112) 
  5.5795e-06   (5 1) 
  5.6604e-06   (148 0.641) (44 -0.527) (42 -0.433) (43 -0.185) (46 -0.149) (45 -0.126) (48 0.107) (13 -0.107) (33 -0.0745) (77 -0.0734) (24 0.0496) (47 -0.0469) (51 0.0374) (38 0.0373) (40 0.0353) (35 -0.0286) (26 0.0277) (14 0.0249) (37 -0.0239) (53 -0.0228) (56 0.0222) (55 -0.0219) (17 -0.0208) (12 0.0205) (60 0.0177) (50 0.0172) (52 -0.0155) (71 -0.0154) (25 -0.0149) (73 -0.0145) (78 0.0131) (36 0.0131) (16 0.013) (61 -0.0124) (22 0.012) (32 0.0111) (54 0.0108) 
  6.1749e-06   (148 0.767) (44 0.441) (42 0.362) (43 0.154) (46 0.125) (45 0.105) (48 -0.0891) (13 0.0891) (33 0.0623) (77 0.0612) (24 -0.0415) (47 0.0392) (51 -0.0313) (38 -0.0312) (40 -0.0296) (35 0.0239) (26 -0.0231) (14 -0.0208) (37 0.02) (53 0.019) (56 -0.0186) (55 0.0183) (17 0.0174) (12 -0.0171) (60 -0.0148) (50 -0.0144) (52 0.013) (71 0.0129) (25 0.0124) (73 0.0121) (36 -0.0109) (78 -0.0109) (16 -0.0108) (61 0.0104) (22 -0.01) 
  7.3975e-06   (1 -0.987) (28 -0.129) (33 0.0525) (26 0.0396) (24 0.0393) (29 -0.0298) (30 -0.0294) (27 0.023) (13 -0.0186) (32 -0.0175) (42 0.0139) (25 -0.0137) (35 0.0112) 
  8.1579e-06   (156 -0.999) (28 -0.0373) (33 0.0151) (24 0.0122) (26 0.0116) (13 -0.0106) 
  1.7597e-05   (28 0.761) (33 -0.308) (24 -0.249) (26 -0.237) (13 0.216) (29 0.178) (30 0.174) (1 -0.161) (27 -0.133) (32 0.103) (25 0.08) (42 -0.0759) (35 -0.0674) (77 0.052) (156 -0.0489) (34 0.0471) (14 -0.0459) (20 -0.0455) (16 -0.0426) (37 -0.042) (21 0.0417) (12 -0.0417) (17 0.0397) (22 -0.0353) (48 -0.0305) (39 0.0288) (36 0.0205) (38 0.0199) (43 0.0183) (55 0.016) (19 -0.0159) (47 0.0143) (15 -0.0131) (50 -0.0125) (60 -0.0123) (73 0.0118) (56 -0.0112) (79 0.0112) (53 0.011) (71 0.0102) (40 0.01) 
  3.4683e-05   (19 -0.611) (20 -0.48) (46 -0.347) (42 -0.269) (43 0.264) (44 0.233) (45 0.142) (47 -0.116) (22 -0.0864) (28 -0.0741) (16 0.0705) (17 -0.065) (21 -0.0596) (77 -0.0512) (13 -0.0471) (32 0.0432) (31 0.0422) (37 0.04) (29 0.0294) (39 0.0286) (33 -0.0275) (38 0.0269) (50 0.0262) (74 -0.0249) (53 -0.0213) (78 0.0211) (72 0.0188) (14 0.0183) (52 -0.0182) (23 0.0181) (68 0.0177) (63 -0.0159) (67 -0.0152) (79 0.0151) (49 0.0146) (55 -0.0136) (56 0.0131) (71 -0.0124) (12 0.012) (40 0.0117) (61 -0.0113) (60 0.0107) 
  0.00010665   (158 0.999) (19 0.0204) (46 -0.0184) (43 0.0168) (20 0.0168) (42 -0.0142) (44 0.013) 
  0.00010865   (19 -0.452) (46 0.423) (43 -0.387) (20 -0.372) (42 0.325) (44 -0.3) (45 -0.197) (47 0.177) (13 0.0991) (77 0.0861) (22 -0.083) (24 -0.0787) (33 0.0707) (26 -0.0453) (158 0.044) (28 -0.0405) (36 -0.037) (48 -0.0361) (49 -0.0347) (55 0.0344) (38 -0.0314) (21 -0.0309) (16 0.0306) (31 0.0305) (40 -0.0299) (56 -0.0289) (32 -0.0265) (17 -0.0256) (50 -0.0251) (35 0.025) (61 0.0235) (74 0.0216) (37 0.0212) (29 0.021) (25 0.0192) (41 -0.019) (14 -0.0181) (60 -0.0181) (68 -0.018) (71 0.0179) (72 -0.0173) (12 -0.0171) (59 0.0166) (78 -0.0159) (34 -0.0159) (67 0.015) (53 0.0142) (76 -0.0136) (57 0.0135) (81 0.0128) (39 0.0124) (63 0.0124) (23 0.0113) (73 0.0103) (75 0.01) 
  0.00011532   (3 1) 
  0.00013737   (22 0.586) (24 -0.529) (13 -0.347) (20 -0.245) (17 -0.191) (23 -0.185) (21 -0.173) (19 0.154) (25 0.141) (33 0.113) (14 0.0933) (29 -0.093) (12 0.068) (42 0.0566) (26 -0.0561) (38 -0.0421) (31 -0.0385) (16 -0.0359) (35 0.0287) (46 -0.0275) (30 0.0246) (44 -0.0237) (37 0.0201) (40 -0.0192) (77 -0.0192) (43 0.0188) (11 0.0165) (32 0.0155) (51 0.0139) (57 0.0133) (36 -0.0129) (18 -0.0123) 
  0.00018627   (159 1) 
  0.00021487   (2 -1) 
  0.00024237   (21 0.834) (13 -0.288) (22 -0.286) (17 -0.206) (24 -0.204) (20 -0.109) (19 0.0926) (23 0.0817) (14 0.0778) (33 0.0739) (25 0.0609) (12 0.0558) (157 0.0455) (29 -0.0375) (26 -0.0359) (42 0.0325) (16 0.0314) (30 0.0273) (35 0.0189) (38 -0.0181) (77 -0.0177) (46 -0.0148) (11 0.0142) (48 0.0137) (37 0.0136) (40 -0.0131) (15 0.0116) 
  0.00026814   (157 0.999) (21 -0.038) (13 0.0131) (22 0.013) 
  0.00028607   (8 -1) 
  0.00030298   (26 -0.765) (150 -0.391) (24 0.266) (27 -0.265) (13 -0.169) (25 -0.162) (33 0.152) (31 0.102) (17 -0.0619) (22 0.0581) (35 0.053) (28 -0.0523) (30 0.0518) (20 0.047) (16 0.045) (47 -0.0413) (14 0.0407) (37 0.0388) (51 -0.0377) (12 0.0313) (42 0.0283) (21 -0.0272) (52 -0.0204) (77 -0.0202) (53 0.0201) (34 -0.0198) (19 -0.016) (15 0.0156) (29 -0.0121) (44 -0.0117) (75 -0.0115) (40 -0.0107) 
  0.00030906   (150 -0.92) (26 0.325) (24 -0.113) (27 0.113) (13 0.0717) (25 0.0689) (33 -0.0646) (31 -0.0433) (17 0.0263) (22 -0.0247) (35 -0.0225) (28 0.0222) (30 -0.022) (20 -0.02) (16 -0.0191) (47 0.0175) (14 -0.0173) (37 -0.0165) (51 0.016) (12 -0.0133) (42 -0.012) (21 0.0116) 
  0.00032445   (6 1) 
  0.00032864   (22 -0.613) (21 -0.406) (24 -0.369) (20 0.319) (13 -0.252) (153 -0.224) (25 0.17) (17 -0.163) (23 -0.108) (33 0.0867) (16 0.0725) (19 -0.0723) (14 0.0721) (31 0.0711) (26 -0.0529) (12 0.0473) (15 0.0297) (30 0.0276) (77 -0.0239) (35 0.0238) (27 -0.0208) (28 -0.019) (42 0.0188) (37 0.0185) (39 0.0179) (48 0.0156) (73 -0.0152) (51 -0.0141) (47 -0.0128) (32 -0.0105) 
  0.00035226   (153 -0.975) (22 0.141) (21 0.0935) (24 0.085) (20 -0.0735) (13 0.058) (25 -0.0392) (17 0.0376) (23 0.0248) (33 -0.0199) (16 -0.0167) (19 0.0166) (14 -0.0166) (31 -0.0164) (26 0.0122) (12 -0.0109) 
  0.00036594   (73 -0.666) (57 -0.44) (60 -0.201) (59 0.198) (70 0.198) (65 0.192) (77 0.179) (61 0.167) (74 -0.162) (71 -0.16) (51 -0.12) (42 -0.105) (52 0.0938) (44 0.0876) (55 -0.0851) (43 -0.0803) (46 0.0728) (56 0.0668) (31 0.0582) (66 -0.0504) (38 0.0408) (16 -0.0403) (20 -0.038) (79 0.0348) (72 0.0338) (50 0.0329) (47 -0.0328) (78 -0.0325) (54 -0.0324) (19 0.0315) (69 -0.026) (41 0.0251) (89 -0.0245) (122 -0.0234) (84 0.0217) (37 -0.0212) (29 0.0211) (40 0.02) (100 0.0193) (28 -0.0191) (48 0.0189) (45 -0.0188) (58 0.018) (114 0.0179) (104 0.0171) (68 -0.0168) (76 -0.0165) (32 -0.0154) (13 -0.0153) (63 0.0153) (115 0.0148) (88 0.0139) (126 0.0138) (124 0.0133) (99 -0.0126) (24 -0.0122) (53 -0.0112) (33 -0.0107) (152 -0.0105) (118 0.0104) 
  0.00041839   (73 0.64) (57 -0.397) (65 0.254) (59 0.247) (152 -0.228) (70 0.17) (60 -0.165) (61 0.161) (42 -0.144) (74 0.123) (44 0.118) (51 -0.115) (46 0.107) (43 -0.0983) (68 -0.097) (69 0.0915) (52 0.0761) (56 0.0739) (13 -0.0728) (49 -0.0718) (66 -0.0673) (48 -0.062) (31 0.06) (38 0.0558) (53 -0.051) (54 -0.0502) (71 0.047) (33 -0.0448) (55 -0.0444) (16 -0.042) (39 0.0416) (77 -0.0407) (19 0.0375) (72 -0.0369) (47 -0.0362) (29 0.0334) (45 -0.0326) (41 0.032) (20 -0.0286) (79 -0.0277) (120 0.0275) (37 -0.0267) (28 -0.0264) (40 0.0222) (122 0.0214) (84 0.021) (58 0.0197) (63 0.0188) (50 0.0186) (21 -0.0176) (115 0.0174) (89 -0.0173) (121 -0.0172) (114 0.0169) (32 -0.0163) (127 0.0158) (125 -0.0153) (14 0.0152) (118 0.0147) (12 0.0143) (91 0.0128) (126 -0.0127) (136 -0.0126) (99 -0.0126) (130 0.0123) (35 -0.0121) (62 -0.0114) (67 0.0104) (104 0.0103) (17 -0.0101) 
  0.00045774   (152 -0.973) (73 -0.143) (57 0.0984) (65 -0.0614) (59 -0.0601) (70 -0.0417) (60 0.0408) (61 -0.0395) (42 0.0354) (44 -0.029) (51 0.0285) (74 -0.0271) (46 -0.0262) (43 0.0243) (68 0.0228) (69 -0.0211) (52 -0.0191) (56 -0.0182) (13 0.0175) (49 0.0169) (66 0.0163) (31 -0.015) (48 0.0144) (38 -0.0138) (54 0.0122) (53 0.0121) (55 0.0115) (33 0.0108) (16 0.0105) 
  0.00047195   (25 0.913) (24 0.357) (55 0.0688) (54 0.0668) (51 -0.0558) (52 0.0551) (26 -0.0514) (53 -0.0508) (13 -0.0499) (22 0.0494) (23 -0.0483) (56 -0.0383) (57 0.0341) (20 -0.0328) (49 -0.0261) (46 0.0259) (44 0.0248) (29 0.024) (48 -0.0238) (39 0.0206) (43 -0.0198) (16 0.0177) (21 0.0172) (77 -0.0171) (42 -0.0149) (27 -0.0146) (31 0.0111) (17 -0.011) (60 0.0102) 
  0.00048127   (147 0.737) (55 0.295) (54 0.272) (51 -0.257) (52 0.253) (53 -0.193) (56 -0.176) (57 0.125) (42 -0.124) (25 -0.106) (44 0.101) (46 0.0853) (49 -0.081) (43 -0.0801) (48 -0.0771) (13 -0.0542) (60 0.0425) (33 -0.0397) (73 -0.0366) (38 0.0339) (31 0.0331) (61 -0.0308) (77 -0.0306) (24 -0.0291) (45 -0.027) (59 -0.0248) (16 -0.0214) (37 -0.0193) (40 0.0185) (41 0.0184) (47 -0.0181) (19 0.0181) (28 -0.0175) (39 0.0166) (71 -0.0137) (29 0.0133) (14 0.0132) (26 0.013) (35 -0.0129) (23 0.0118) (12 0.0108) (65 -0.0107) (69 -0.0104) 
  0.00049111   (147 0.676) (55 -0.322) (54 -0.297) (51 0.28) (52 -0.276) (53 0.211) (56 0.192) (57 -0.136) (42 0.135) (25 0.111) (44 -0.11) (46 -0.0931) (49 0.0884) (43 0.0874) (48 0.0841) (13 0.0594) (60 -0.0464) (33 0.0434) (73 0.04) (38 -0.0369) (31 -0.0361) (61 0.0336) (77 0.0333) (24 0.0299) (45 0.0294) (59 0.027) (16 0.0233) (37 0.0211) (40 -0.0202) (41 -0.02) (47 0.0198) (19 -0.0197) (28 0.0191) (39 -0.0182) (71 0.015) (29 -0.0147) (14 -0.0144) (35 0.0141) (26 -0.0139) (23 -0.0126) (12 -0.0118) (65 0.0117) (69 0.0114) (20 0.0103) 
  0.00051915   (54 -0.693) (39 -0.357) (53 0.326) (55 0.286) (52 0.28) (51 -0.17) (57 0.166) (42 -0.149) (40 0.12) (44 0.0784) (43 -0.0676) (49 -0.0531) (56 0.0515) (77 -0.0474) (46 0.0466) (38 -0.0446) (48 -0.0409) (60 0.0406) (33 0.0405) (70 0.0258) (45 -0.0246) (61 -0.0238) (71 -0.0214) (35 0.0207) (151 -0.0169) (20 -0.0165) (37 0.0153) (73 -0.0153) (25 0.0147) (41 0.0103) 
  0.00054593   (151 -0.972) (39 0.198) (54 -0.0608) (40 -0.0556) (38 0.0388) (33 -0.0386) (53 0.0262) (52 0.0237) (42 0.0235) (13 -0.0232) (37 -0.0217) (55 0.02) (51 -0.0174) (31 0.0161) (57 0.0156) (35 -0.0148) (48 0.0145) (77 -0.0116) (24 0.0113) 
  0.00057859   (39 -0.801) (54 0.305) (151 -0.233) (40 0.224) (38 -0.159) (33 0.158) (53 -0.133) (52 -0.119) (55 -0.104) (13 0.0967) (37 0.0898) (42 -0.0875) (51 0.0852) (57 -0.077) (31 -0.0678) (35 0.0605) (48 -0.0579) (77 0.0522) (24 -0.0465) (28 0.039) (73 0.0384) (49 -0.0362) (25 0.0335) (56 -0.0303) (60 -0.0261) (26 -0.0253) (23 -0.025) (19 -0.025) (14 -0.0241) (34 -0.019) (12 -0.0185) (22 -0.0185) (16 0.0183) (36 -0.0183) (61 0.0173) (71 0.0168) (44 0.016) (50 -0.0148) (69 0.014) (65 0.0124) (68 -0.0114) (29 -0.0113) (17 0.0112) (78 -0.0106) 
  0.00061183   (70 -0.841) (71 0.386) (57 -0.248) (51 -0.118) (49 0.0997) (69 -0.0972) (48 0.0918) (52 0.0821) (59 0.0628) (68 0.062) (60 -0.0619) (61 0.0457) (73 -0.0452) (42 -0.0436) (43 -0.0348) (54 -0.0325) (31 0.0318) (44 0.0317) (149 0.0301) (84 0.0298) (74 -0.0274) (50 0.0274) (20 -0.026) (16 -0.0225) (75 -0.0213) (46 0.0212) (38 0.021) (125 -0.0194) (89 -0.0176) (56 0.0171) (19 0.0167) (39 -0.0165) (40 0.0161) (88 0.0159) (47 -0.0157) (100 0.0152) (120 0.015) (127 0.0148) (104 0.0136) (37 -0.0135) (97 -0.0128) (114 0.0127) (122 -0.0124) (41 0.0124) (28 -0.0119) (79 -0.0119) (78 0.0117) (53 -0.0104) 
  0.00061799   (149 0.852) (49 -0.341) (48 -0.263) (51 0.162) (42 -0.106) (52 -0.0837) (44 0.0817) (55 -0.0758) (46 0.0694) (53 0.0567) (70 -0.0538) (43 -0.0538) (73 -0.0501) (39 0.0449) (13 -0.0409) (50 -0.0392) (45 -0.0359) (77 -0.0327) (33 -0.0279) (59 -0.0273) (38 0.025) (31 0.0238) (57 0.0207) (65 -0.0206) (69 -0.0201) (68 0.0178) (28 -0.0153) (19 0.0147) (37 -0.0141) (16 -0.0139) (61 -0.0135) (41 0.0129) (29 0.0121) (54 -0.0114) (56 -0.0114) (23 0.0109) (47 -0.0102) (14 0.01) 
  0.00062573   (49 0.551) (149 0.522) (48 0.424) (51 -0.258) (42 0.175) (70 0.137) (44 -0.136) (52 0.132) (55 0.124) (46 -0.115) (53 -0.0921) (43 0.0902) (73 0.0847) (39 -0.0723) (13 0.0673) (50 0.0623) (45 0.059) (77 0.0539) (33 0.046) (38 -0.0423) (31 -0.041) (59 0.0409) (69 0.0386) (65 0.0332) (71 -0.033) (68 -0.0328) (28 0.0258) (19 -0.0251) (16 0.0242) (37 0.024) (41 -0.0219) (54 0.0207) (29 -0.0203) (61 0.0193) (57 -0.0188) (56 0.0176) (47 0.0176) (23 -0.0175) (14 -0.0163) (79 0.0159) (25 0.014) (24 -0.0134) (12 -0.013) (78 -0.0127) (21 0.0121) (60 -0.0121) (35 0.012) (66 -0.0108) (120 -0.0105) 
   0.0006995   (38 0.84) (39 -0.262) (20 -0.203) (23 0.188) (40 -0.182) (19 0.171) (42 0.13) (16 -0.105) (37 -0.098) (21 -0.097) (22 -0.0897) (31 0.0752) (43 0.0726) (44 -0.0722) (41 -0.0652) (46 -0.0501) (13 -0.0431) (51 0.0327) (57 0.0318) (35 0.0264) (52 -0.023) (55 0.0191) (32 -0.0186) (47 0.0176) (33 0.0152) (24 0.0127) (56 -0.0125) (36 -0.0121) (45 0.0121) (15 -0.012) (77 0.0117) (25 0.0116) (29 0.0101) 
  0.00080626   (23 0.548) (20 -0.429) (19 0.366) (38 -0.334) (21 -0.267) (22 -0.237) (31 -0.204) (16 -0.155) (13 -0.132) (24 0.126) (28 0.109) (29 -0.104) (37 0.063) (39 0.0569) (40 0.0501) (32 0.0498) (33 0.0495) (143 0.0422) (14 0.0282) (17 -0.027) (12 0.0249) (26 0.0241) (42 0.0198) (25 -0.0189) (18 -0.0173) (27 -0.0157) (15 -0.015) (48 0.0132) (11 0.0111) (30 0.0107) 
  0.00083627   (143 0.999) (23 -0.024) (20 0.0191) (19 -0.0163) (141 0.0128) (21 0.0117) (22 0.0104) (38 0.0101) 
  0.00088711   (47 -0.402) (51 0.373) (49 0.368) (46 0.312) (44 0.302) (16 -0.288) (43 -0.272) (42 -0.233) (52 -0.202) (48 0.191) (57 0.139) (55 0.113) (56 -0.0885) (41 0.086) (31 0.0814) (17 0.0776) (13 -0.0651) (53 0.0574) (38 0.054) (77 0.0519) (45 -0.0516) (50 0.0468) (24 -0.0329) (37 -0.0245) (29 0.024) (40 0.0235) (60 0.0232) (19 -0.0223) (32 -0.0222) (39 0.0213) (28 -0.0191) (59 -0.0175) (25 0.0173) (35 0.0157) (54 0.015) (26 -0.0144) (61 -0.0144) (14 0.0134) (15 -0.0132) (84 0.0126) (70 0.0123) (12 0.012) (21 0.0109) (20 -0.0105) (118 0.0101) 
    0.001124   (16 -0.818) (19 -0.268) (17 0.26) (13 -0.22) (20 0.173) (47 0.112) (42 0.107) (44 -0.106) (46 -0.104) (31 -0.104) (43 0.0958) (49 -0.0937) (51 -0.0877) (29 -0.0589) (21 0.0588) (14 0.0546) (52 0.0482) (48 -0.0453) (28 0.0428) (12 0.0415) (38 -0.0411) (41 -0.0346) (33 0.0329) (15 -0.0302) (57 -0.0274) (32 0.0272) (55 -0.0268) (23 -0.0264) (37 0.0246) (39 -0.0242) (18 0.0214) (45 0.0209) (56 0.0203) (11 0.0179) (24 0.0172) (77 -0.0149) (50 -0.0144) (40 -0.0125) (25 0.0108) (53 -0.0102) 
   0.0012594   (146 -1) (136 -0.0102) 
     0.00145   (55 -0.686) (56 -0.398) (31 0.284) (57 0.245) (51 -0.2) (52 0.191) (33 -0.186) (35 -0.163) (32 -0.109) (54 -0.106) (28 -0.0844) (29 0.0792) (39 -0.0743) (34 -0.0739) (16 -0.0688) (37 0.0656) (48 0.0635) (19 0.063) (20 -0.0627) (50 0.0559) (38 -0.0534) (77 0.0482) (47 -0.0388) (46 0.0388) (49 0.0385) (43 -0.0385) (44 0.0365) (36 0.0321) (60 0.0312) (13 -0.0282) (53 -0.027) (72 0.0214) (24 -0.0207) (73 0.0206) (61 -0.0178) (69 0.0158) (68 -0.0157) (59 -0.0157) (139 0.0148) (71 0.0146) (26 -0.0135) (70 0.0131) (27 0.0128) (65 0.0126) (78 -0.012) (79 0.0115) (15 -0.0114) (23 0.0104) 
   0.0015037   (31 0.494) (33 -0.404) (35 -0.363) (55 0.324) (32 -0.202) (56 0.173) (37 0.173) (38 -0.171) (42 0.167) (34 -0.159) (28 -0.145) (39 -0.142) (51 0.135) (29 0.132) (139 0.122) (52 -0.116) (43 0.0889) (57 -0.087) (44 -0.0868) (13 -0.0815) (19 0.0799) (36 0.0762) (16 -0.0698) (46 -0.0665) (20 -0.0612) (41 -0.0542) (54 0.0516) (40 -0.0288) (50 -0.0252) (77 -0.025) (23 0.0247) (47 0.0241) (27 0.0217) (53 0.0201) (73 -0.0178) (45 0.017) (14 0.0164) (21 -0.016) (12 0.0153) (48 -0.0152) (30 -0.0149) (26 -0.0122) (60 -0.0109) 
   0.0015406   (139 0.992) (31 -0.0651) (33 0.0524) (35 0.047) (55 -0.0294) (32 0.0265) (37 -0.0221) (38 0.0217) (136 -0.0216) (34 0.0206) (42 -0.0202) (28 0.0191) (39 0.0185) (29 -0.0175) (56 -0.0153) (51 -0.0134) (52 0.0112) (19 -0.0109) (13 0.0105) (43 -0.0101) 
   0.0015879   (14 -0.888) (35 0.305) (13 -0.254) (33 -0.17) (36 -0.0948) (29 0.0688) (15 -0.0452) (12 0.0392) (134 -0.0363) (38 -0.0296) (37 0.0285) (42 0.028) (28 -0.025) (31 0.0198) (34 0.0196) (30 -0.0188) (32 -0.0144) (72 -0.0141) (39 -0.014) (45 0.0119) (17 -0.0111) (44 -0.0102) 
   0.0018299   (134 -0.762) (35 0.473) (14 0.276) (33 -0.272) (36 -0.148) (29 0.0957) (38 -0.0439) (28 -0.0425) (42 0.0415) (31 0.0389) (37 0.0387) (34 0.0329) (39 -0.0298) (30 -0.0258) (24 0.0231) (32 -0.0229) (19 0.0189) (15 0.0154) (40 -0.0153) (45 0.0144) (17 -0.0129) (44 -0.0127) (53 0.0123) (18 -0.0103) (26 0.0102) 
   0.0018679   (134 -0.646) (35 -0.574) (33 0.33) (14 -0.275) (36 0.18) (29 -0.117) (38 0.0535) (28 0.0516) (42 -0.0504) (37 -0.0472) (31 -0.047) (34 -0.0399) (39 0.0359) (30 0.0314) (32 0.0278) (24 -0.0269) (19 -0.0224) (40 0.0186) (45 -0.0176) (17 0.0159) (15 -0.0157) (44 0.0155) (53 -0.0147) (18 0.0124) (26 -0.0122) (77 0.012) (51 -0.012) (48 -0.0115) (46 0.0109) (21 0.0104) (16 0.0104) (54 -0.0101) 
    0.001998   (29 0.798) (31 -0.323) (30 -0.274) (53 0.214) (28 -0.177) (52 0.137) (35 -0.119) (54 0.117) (24 -0.0775) (36 0.0749) (27 -0.0711) (33 0.0678) (26 -0.0664) (50 -0.0653) (51 0.063) (69 -0.0583) (19 0.0531) (71 -0.0519) (32 0.0474) (68 0.0464) (16 -0.0442) (48 0.0437) (46 -0.0427) (20 -0.0288) (40 -0.0258) (73 0.0221) (74 0.0219) (72 0.0218) (42 0.0185) (45 0.0179) (61 0.0178) (34 0.0169) (60 -0.0162) (37 -0.0161) (56 -0.015) (131 -0.0149) (44 -0.0138) (15 0.0138) (77 0.013) (57 -0.0129) (65 -0.0121) (70 -0.0117) (38 -0.0117) (78 -0.0108) (81 0.0104) (25 0.01) 
   0.0020104   (69 -0.513) (71 -0.477) (68 0.456) (131 -0.218) (74 0.195) (53 -0.187) (78 -0.152) (72 0.145) (73 0.141) (77 0.13) (70 -0.106) (54 -0.105) (51 -0.0926) (52 -0.0918) (65 -0.0917) (46 0.0893) (59 -0.0782) (67 -0.0745) (57 -0.0738) (63 -0.06) (56 0.0515) (83 -0.0446) (132 -0.0431) (80 -0.0388) (42 -0.0386) (43 0.0358) (87 0.0353) (81 0.0331) (75 0.0315) (55 -0.0284) (130 0.0274) (31 0.0243) (115 -0.0214) (60 -0.0195) (41 0.0185) (62 -0.0184) (58 -0.0179) (76 0.0164) (47 -0.0159) (50 0.0159) (29 -0.0152) (96 0.0143) (91 0.0142) (40 0.0141) (48 0.014) (118 -0.0136) (33 -0.0127) (16 -0.0123) (66 -0.0119) (100 0.0115) (38 0.0109) (45 -0.0104) (35 0.0102) 
   0.0023034   (131 -0.533) (53 -0.508) (52 -0.292) (54 -0.288) (29 0.219) (69 0.2) (50 0.176) (71 0.163) (132 -0.152) (68 -0.137) (51 -0.128) (46 0.0936) (73 -0.0815) (31 -0.081) (48 -0.0721) (72 -0.0719) (74 -0.0716) (30 -0.0712) (130 0.0654) (43 0.0645) (59 -0.063) (61 -0.06) (60 0.059) (56 0.0555) (28 -0.0495) (57 0.0396) (45 -0.0389) (77 -0.0369) (78 0.0349) (70 0.0315) (36 0.0285) (65 0.0284) (55 0.0272) (81 -0.0268) (24 -0.0265) (19 0.0255) (42 -0.0251) (84 -0.0247) (62 0.0246) (66 0.0243) (27 -0.0232) (16 -0.0208) (26 -0.0194) (67 0.0188) (32 0.0174) (63 0.017) (75 -0.0155) (91 0.0135) (120 -0.0134) (114 -0.0118) (80 0.0116) (41 -0.011) (13 -0.011) (20 -0.011) (90 -0.0102) 
    0.002385   (131 -0.758) (53 0.403) (132 -0.242) (54 0.228) (52 0.227) (29 -0.163) (50 -0.126) (51 0.115) (46 -0.09) (130 0.0789) (59 0.0656) (31 0.0556) (43 -0.0551) (30 0.0543) (56 -0.053) (48 0.0454) (61 0.0397) (28 0.038) (60 -0.0352) (68 -0.0334) (45 0.0297) (42 0.0282) (24 0.0212) (19 -0.0205) (36 -0.0204) (71 0.0202) (16 0.0189) (78 0.0178) (27 0.0177) (73 0.0169) (26 0.0145) (84 0.0145) (66 -0.0134) (32 -0.0128) (91 -0.0127) (83 0.0119) (62 -0.0118) (20 0.0109) (55 -0.0107) (77 -0.0104) 
   0.0025145   (23 -0.749) (20 -0.357) (22 -0.267) (19 0.267) (56 -0.224) (24 0.21) (25 -0.117) (16 -0.1) (31 -0.0963) (57 -0.0784) (55 0.0699) (28 0.0678) (15 -0.0607) (52 -0.0522) (51 0.0515) (29 -0.0426) (42 0.0393) (54 -0.0385) (44 -0.038) (43 0.0362) (46 -0.0339) (21 -0.0275) (77 -0.0256) (38 -0.0247) (47 0.0226) (37 0.0217) (48 -0.0216) (26 0.0204) (11 0.0199) (17 0.0197) (32 0.0195) (60 -0.0157) (59 -0.0152) (30 -0.0145) (120 -0.0139) (53 0.0137) (125 -0.0137) (71 -0.0134) (35 -0.0118) (33 -0.0108) (45 0.0107) (39 0.0106) (27 -0.0106) (123 -0.0101) 
   0.0026321   (60 0.728) (59 0.389) (61 -0.359) (56 0.326) (55 -0.12) (77 0.105) (52 0.0891) (23 -0.0867) (57 -0.077) (54 0.0755) (20 -0.0578) (46 0.056) (44 0.0526) (51 -0.05) (43 -0.0482) (133 0.047) (47 -0.0413) (19 0.0361) (48 0.0358) (49 -0.0313) (22 -0.0306) (79 0.0283) (58 0.0278) (16 -0.0241) (24 0.0241) (125 -0.0236) (33 -0.0233) (78 -0.0231) (63 -0.0214) (108 -0.0177) (28 0.0155) (119 0.0154) (62 -0.0149) (74 -0.0141) (115 0.0138) (38 0.0135) (25 -0.0134) (45 -0.0134) (15 -0.0132) (72 -0.0131) (84 -0.013) (68 0.0121) (71 -0.0121) (64 -0.0114) (40 0.011) (35 -0.0105) 
   0.0026709   (133 0.748) (56 0.466) (57 0.266) (60 -0.205) (55 -0.12) (23 -0.116) (59 -0.109) (61 0.107) (51 -0.09) (50 -0.0857) (54 0.0849) (52 0.0776) (20 -0.0766) (19 0.0556) (43 -0.0511) (44 0.0481) (53 -0.0439) (22 -0.0434) (16 -0.0373) (41 0.0368) (46 0.0363) (77 0.0359) (42 -0.0345) (48 0.032) (47 -0.0305) (71 0.0293) (24 0.0244) (68 -0.0204) (49 -0.0195) (25 -0.0169) (69 0.0166) (31 0.0164) (70 -0.0148) (84 0.0148) (58 -0.0119) (38 0.0111) (120 0.0104) (130 0.0103) (15 -0.0103) (123 0.01) 
   0.0028667   (133 0.662) (56 -0.549) (57 -0.294) (60 0.179) (55 0.144) (23 0.137) (51 0.105) (54 -0.101) (50 0.0955) (61 -0.0954) (52 -0.0942) (59 0.0942) (20 0.0906) (19 -0.0653) (43 0.0613) (44 -0.0582) (22 0.0511) (53 0.0488) (77 -0.0474) (46 -0.0452) (16 0.0439) (41 -0.0414) (125 -0.0411) (42 0.0391) (48 -0.0387) (47 0.0375) (71 -0.0324) (24 -0.0293) (49 0.0243) (68 0.0222) (25 0.02) (123 -0.0198) (31 -0.0185) (69 -0.0182) (120 -0.0179) (70 0.0163) (84 -0.0163) (38 -0.0136) (127 0.0127) (15 0.0126) (124 -0.0118) (58 0.0114) (74 0.0113) 
   0.0035066   (40 0.875) (65 0.283) (39 0.188) (38 0.182) (84 -0.136) (42 0.134) (59 -0.0835) (41 -0.0814) (31 0.0669) (57 0.0613) (43 0.0541) (61 -0.0471) (66 -0.0421) (44 -0.0408) (29 0.0396) (51 0.035) (86 0.0345) (46 -0.0334) (50 0.0332) (60 0.0279) (68 0.0271) (32 -0.0269) (16 -0.0255) (69 -0.0253) (20 -0.0245) (28 -0.0241) (19 0.0234) (15 0.0234) (35 0.0219) (70 -0.0212) (129 0.0205) (53 0.0201) (96 0.0188) (24 -0.0187) (54 0.0187) (30 -0.017) (77 -0.0165) (87 -0.0162) (48 0.0158) (73 -0.0149) (52 -0.0148) (34 -0.013) (91 0.0126) (47 0.0122) (90 0.0117) (26 -0.0115) (62 0.0108) (25 0.0108) (85 0.0106) (55 0.0102) (36 -0.0101) 
   0.0038755   (84 -0.865) (129 0.299) (65 -0.289) (86 0.148) (59 0.0732) (87 -0.0702) (77 -0.0702) (57 -0.0676) (85 0.0619) (61 0.0568) (90 0.0494) (60 -0.0491) (83 0.047) (91 0.0456) (66 0.0442) (120 0.0388) (117 -0.0316) (40 -0.0303) (96 0.0298) (52 0.0287) (43 -0.0287) (92 -0.0283) (42 -0.0277) (51 -0.0274) (55 -0.0259) (44 0.0257) (103 -0.0211) (116 0.0205) (46 0.0203) (89 -0.0192) (124 0.0187) (100 0.0185) (111 -0.0182) (113 -0.0176) (56 0.0176) (88 0.0174) (97 -0.0165) (41 0.0164) (68 -0.0163) (94 -0.0158) (104 0.0157) (126 0.0154) (72 -0.0154) (107 -0.0152) (47 -0.015) (119 -0.0148) (118 0.0141) (115 -0.014) (108 -0.0136) (93 -0.0135) (39 -0.013) (127 0.0128) (70 0.0119) (114 0.0118) (105 -0.0117) (31 0.0107) (62 -0.0104) (48 0.0104) 
   0.0039827   (129 0.657) (65 -0.53) (84 0.396) (40 0.224) (59 0.12) (50 0.0927) (66 0.082) (61 0.0775) (86 -0.0732) (57 -0.0691) (69 0.062) (68 -0.0586) (77 0.0536) (38 0.0531) (70 0.0513) (60 -0.0509) (39 0.0493) (87 0.0363) (90 -0.0347) (85 -0.0323) (41 -0.0304) (73 0.0269) (96 -0.0267) (91 -0.0249) (45 -0.0225) (31 0.0208) (52 0.0181) (62 -0.0176) (115 0.0173) (71 0.0163) (48 -0.0161) (51 -0.016) (78 -0.0157) (29 0.0148) (76 -0.0145) (127 0.0142) (103 0.014) (72 0.0132) (94 0.0128) (92 0.0128) (83 -0.0124) (19 0.0123) (42 0.0123) (108 0.0123) (20 -0.0114) (43 0.0108) (13 -0.0108) (82 -0.0105) (74 -0.0105) (110 -0.0104) (16 -0.0102) (63 -0.01) 
    0.004102   (129 0.691) (65 0.62) (40 -0.227) (59 -0.144) (61 -0.0972) (66 -0.0958) (57 0.0937) (50 -0.0839) (60 0.0691) (69 -0.0619) (68 0.0617) (38 -0.0584) (70 -0.053) (39 -0.0468) (52 -0.0296) (31 -0.0267) (51 0.0264) (73 -0.0248) (41 0.0238) (45 0.0217) (62 0.0209) (55 0.02) (77 -0.0188) (29 -0.0168) (56 -0.0162) (20 0.016) (115 -0.0159) (46 -0.0159) (16 0.0148) (96 0.0147) (19 -0.0142) (13 0.0124) (90 0.0123) (93 0.0119) (76 0.0118) (63 0.0118) (44 -0.0115) (82 0.0111) (78 0.0109) (71 -0.0109) (79 -0.0106) (32 0.0105) 
   0.0041213   (105 0.562) (96 -0.336) (103 0.305) (123 -0.249) (124 0.222) (108 -0.219) (109 0.204) (101 0.197) (99 -0.185) (106 -0.167) (112 -0.141) (104 -0.139) (107 -0.131) (119 0.128) (102 -0.124) (98 -0.102) (115 -0.0955) (121 -0.085) (117 -0.0847) (118 0.0778) (111 0.0774) (50 0.0673) (100 -0.0668) (125 0.0653) (113 0.064) (97 -0.055) (94 0.0538) (89 0.0472) (110 -0.0431) (120 -0.0393) (122 0.0356) (114 0.0356) (93 -0.0333) (91 0.033) (92 0.0306) (90 -0.0306) (82 -0.0303) (72 -0.0289) (84 -0.0274) (116 0.0229) (85 -0.0187) (53 0.0166) (80 -0.016) (126 -0.0158) (65 0.0141) (145 0.0124) (54 0.0119) (52 0.0116) (79 0.0115) (69 -0.0109) (83 0.0105) 
   0.0041851   (145 -0.999) (123 -0.0248) (124 0.0245) (136 -0.0154) 
   0.0043142   (50 0.901) (53 0.177) (54 0.136) (52 0.126) (72 -0.12) (45 -0.11) (56 0.105) (48 -0.104) (40 -0.0757) (65 0.0756) (59 -0.0724) (15 -0.0654) (123 0.0615) (51 0.0586) (124 -0.0581) (43 0.058) (41 -0.0572) (82 -0.0532) (57 0.0521) (69 -0.0489) (84 -0.0484) (71 -0.0435) (105 -0.0424) (96 -0.0419) (119 -0.0406) (60 -0.0396) (110 -0.0347) (115 0.0329) (68 0.0319) (80 -0.0305) (125 -0.0301) (107 0.0276) (108 0.0264) (103 -0.0249) (117 0.0241) (109 -0.024) (121 0.0234) (86 -0.0233) (23 -0.0219) (101 -0.0214) (70 -0.0212) (38 -0.0205) (39 -0.0197) (46 0.0197) (90 -0.0196) (92 -0.0188) (79 0.0184) (116 -0.0167) (73 0.0167) (66 -0.0161) (122 -0.016) (30 0.0154) (31 -0.0154) (83 0.0154) (99 0.0149) (85 -0.0138) (118 -0.0132) (74 0.0123) (11 0.0121) (81 -0.0117) (29 -0.0109) (112 -0.0106) (111 0.0104) 
   0.0044283   (72 -0.619) (45 -0.5) (80 -0.353) (81 -0.227) (50 -0.176) (93 -0.151) (83 0.126) (43 0.116) (79 0.115) (86 -0.108) (71 -0.101) (44 0.0941) (98 -0.0812) (78 0.0795) (46 -0.0758) (87 0.0646) (76 0.0636) (107 0.0624) (112 0.0562) (69 -0.0553) (41 -0.0501) (48 0.0483) (90 0.0429) (75 -0.0411) (82 -0.0402) (97 0.0371) (96 0.0355) (105 -0.0341) (47 -0.0332) (89 0.0315) (100 0.0297) (85 -0.0267) (55 -0.0265) (70 -0.0257) (123 -0.025) (111 0.0231) (119 0.0224) (155 0.0209) (59 -0.0203) (74 0.0193) (104 0.0189) (68 0.0187) (115 -0.0186) (110 -0.0176) (101 -0.0174) (57 -0.0161) (103 0.0154) (49 0.0146) (88 0.0144) (124 0.014) (51 -0.0136) (116 0.0133) (113 -0.0132) (65 -0.0122) (125 0.0111) (117 -0.011) (60 -0.0109) (35 0.01) 
   0.0045764   (155 0.999) (45 0.0336) 
   0.0046758   (45 -0.766) (72 0.488) (43 0.199) (80 0.156) (79 -0.141) (44 0.113) (46 -0.106) (81 0.0933) (41 -0.0862) (86 0.0795) (71 0.0715) (90 0.0652) (107 -0.0627) (83 -0.0533) (69 0.0443) (112 -0.0442) (98 0.0426) (87 -0.0408) (85 0.0394) (40 -0.0383) (47 -0.0362) (50 -0.0351) (42 0.0335) (155 0.0295) (59 0.0283) (48 0.0254) (100 -0.0246) (117 0.0246) (96 -0.0245) (105 0.0239) (35 0.0238) (65 0.0223) (49 0.0223) (115 0.0218) (70 0.0216) (57 0.0213) (89 -0.0208) (38 -0.0208) (15 -0.0204) (116 -0.0192) (75 0.0176) (123 0.0175) (76 -0.0174) (120 -0.0173) (93 -0.0172) (13 0.0169) (77 0.0155) (104 -0.0153) (102 0.0149) (124 -0.0146) (113 0.0143) (119 -0.014) (111 -0.0133) (33 0.0129) (14 -0.0116) (78 -0.0109) (52 0.0109) (101 0.0105) (68 -0.0104) 
   0.0047608   (18 -0.973) (137 0.22) (15 0.0361) (17 -0.0302) (16 -0.0273) (19 -0.0244) (7 0.0214) (13 0.0171) (23 -0.0152) (24 0.015) (20 0.0145) (35 -0.0132) (31 -0.0108) 
   0.0050315   (137 0.976) (18 0.219) 
   0.0052818   (7 -1) (18 -0.0208) 
   0.0053325   (4 1) 
   0.0054028   (33 0.436) (28 0.377) (31 0.348) (135 0.342) (29 0.341) (26 0.286) (24 0.251) (13 -0.238) (30 0.176) (35 0.114) (25 -0.111) (32 -0.101) (27 0.0907) (22 0.0775) (17 -0.076) (37 0.062) (14 0.0569) (12 0.0498) (36 -0.0487) (42 0.0466) (16 0.0447) (19 -0.0384) (34 -0.036) (38 -0.0358) (77 -0.0357) (21 -0.0291) (40 -0.027) (20 0.0251) (39 0.0185) (48 0.0162) (15 0.0135) (44 -0.0101) (46 -0.0101) 
     0.00556   (135 0.94) (33 -0.159) (28 -0.137) (31 -0.127) (29 -0.124) (26 -0.104) (24 -0.0916) (13 0.0867) (30 -0.0642) (35 -0.0415) (25 0.0405) (32 0.0367) (27 -0.033) (22 -0.0283) (17 0.0277) (37 -0.0226) (14 -0.0207) (12 -0.0182) (36 0.0177) (42 -0.0169) (16 -0.0163) (19 0.014) (34 0.0131) (38 0.013) (77 0.0127) (21 0.0106) 
   0.0058209   (10 0.713) (17 0.612) (16 0.23) (13 -0.206) (24 -0.0861) (20 -0.0597) (14 0.0524) (12 0.0429) (15 0.0325) (18 -0.032) (22 -0.029) (26 -0.0239) (25 0.0222) (19 0.022) (33 0.0219) (21 0.0211) (77 -0.0117) (42 0.0114) (32 -0.0108) 
   0.0060112   (144 0.999) (10 -0.0272) (17 0.021) 
   0.0065922   (10 0.7) (17 -0.631) (16 -0.234) (13 0.181) (24 0.0915) (20 0.0659) (14 -0.0444) (12 -0.0379) (144 0.036) (18 0.0321) (22 0.0303) (15 -0.0262) (25 -0.0245) (26 0.0238) (33 -0.0232) (19 -0.0229) (21 -0.0225) (77 0.0158) (42 -0.0142) (32 0.0138) (11 -0.0117) (28 -0.0102) 
   0.0067945   (11 -0.83) (12 0.426) (41 0.341) (46 -0.0538) (45 -0.0446) (42 0.0437) (13 0.037) (15 -0.0352) (50 0.0301) (40 0.0207) (33 -0.0205) (38 0.0191) (30 -0.0161) (47 0.0154) (35 -0.0135) (48 -0.0129) (60 0.0121) (28 0.011) (39 -0.0108) (16 -0.0108) (20 -0.0101) 
   0.0071931   (142 -0.999) (41 0.0416) (11 0.0167) 
   0.0073474   (41 -0.886) (11 -0.315) (12 0.153) (46 0.148) (42 -0.134) (45 0.103) (13 0.0733) (33 0.071) (40 -0.0612) (50 -0.0582) (38 -0.0515) (142 -0.0476) (35 0.0475) (43 0.0459) (47 -0.038) (39 0.0354) (28 -0.0299) (19 0.0292) (48 0.0284) (24 -0.0282) (30 0.0275) (15 -0.0272) (31 0.0271) (60 -0.0269) (74 0.0227) (52 0.0218) (17 0.0206) (16 -0.0188) (26 -0.0178) (23 -0.0164) (66 -0.016) (61 -0.0156) (22 -0.0152) (81 -0.0146) (36 0.014) (25 0.0138) (56 0.0136) (80 0.0133) (67 0.013) (62 0.0127) (44 0.0124) (79 0.0113) (87 0.0107) (75 0.0106) 
   0.0078562   (12 -0.817) (11 -0.427) (30 -0.302) (13 -0.191) (28 0.0947) (31 0.0759) (29 -0.0576) (33 0.0218) (37 -0.0198) (36 0.0195) (15 -0.0193) (32 0.0177) (67 0.0171) (27 -0.0165) (41 -0.016) (14 0.0157) (34 0.0157) (35 0.0143) (138 0.0125) (19 -0.0102) (43 -0.0101) 
   0.0087894   (138 0.987) (30 -0.134) (12 0.0584) (28 0.041) (31 0.0311) (11 0.0308) (29 -0.0253) 

 Largest eigenvalues
      36.696   (162 -0.261) (163 0.953) 
        30.3   (13 0.385) (31 0.316) (33 0.344) (77 0.331) 
      27.503   (13 -0.302) (77 0.778) 
      15.345   (115 0.581) (116 -0.312) (117 0.372) (120 -0.512) 
      4.4228   (96 -0.293) (119 -0.353) (123 0.503) (124 -0.468) 
      1.4014   (162 -0.965) (163 -0.258) 
      1.2233   (164 -0.998) 
      1.1451   (165 -0.996) 
      1.1441   (88 0.327) (89 -0.641) (91 -0.595) 
       1.138   (100 0.38) (101 0.709) (106 0.479) 
       1.133   (100 0.294) (101 0.319) (106 -0.763) 
     0.93401   (114 0.711) (115 -0.302) 
     0.89888   (104 0.75) (105 0.433) (106 0.3) 
     0.87913   (99 -0.64) (100 -0.431) (103 -0.318) 
     0.86953   (110 -0.447) (111 -0.526) 
     0.76348   (109 0.504) (111 0.311) (115 0.394) (136 -0.289) 
      0.6733   (109 -0.706) (110 0.294) 
     0.66898   (96 -0.779) (99 0.298) 
     0.66245   (113 0.474) (126 0.523) (136 -0.391) 
     0.60142   (110 -0.347) (112 -0.478) (113 -0.575) 
     0.58111   (108 0.595) (112 0.31) (113 -0.463) 
      0.5781   (108 -0.676) (112 0.384) 
     0.57042   (113 0.293) (122 -0.462) (124 0.398) (130 0.364) (132 -0.308) 
     0.56818   (122 0.33) (125 -0.664) (130 0.304) 
     0.56162   (115 0.329) (119 0.298) (120 0.464) (121 -0.353) (123 0.322) (125 0.332) 
     0.54707   (117 -0.37) (118 0.663) (120 -0.34) 
     0.50006   (116 0.328) (117 0.299) (119 -0.469) (123 -0.423) (127 -0.344) 
     0.47657   (116 -0.588) (117 -0.301) (122 -0.293) (126 0.322) (136 0.318) 
     0.44889   (116 0.551) (119 0.299) (126 0.378) (136 0.366) 
     0.41624   (91 0.323) (92 -0.91) 
       0.398   (119 -0.363) (124 0.373) (127 0.443) (136 0.401) 
     0.32031   (94 -0.92) (103 0.218) 
     0.30504   (94 0.326) (103 0.691) (104 0.362) (105 -0.36) 
     0.27117   (102 -0.854) 
     0.25937   (86 0.211) (98 -0.49) (112 -0.202) (115 0.216) (117 -0.23) (121 0.214) (124 -0.243) (127 0.245) 
      0.2538   (79 -0.356) (86 -0.597) (98 0.293) 
     0.23877   (79 0.539) (98 0.571) 
     0.23029   (79 -0.523) (86 0.554) 
     0.19562   (98 -0.39) (107 0.405) (112 0.419) 
     0.15948   (90 -0.807) (93 0.366) 
     0.14702   (90 0.343) (93 0.302) (97 -0.559) (107 -0.444) 
     0.13729   (85 0.296) (93 -0.622) (107 -0.382) 
     0.12918   (85 -0.871) (97 0.238) 
     0.12266   (88 -0.562) (89 -0.428) (93 0.336) (97 0.315) 
     0.11127   (72 -0.388) (80 0.48) (81 0.426) 
      0.1081   (76 0.284) (78 0.333) (80 -0.322) (83 -0.28) (88 0.273) (97 0.276) 
     0.10719   (66 -0.357) (69 -0.31) (76 -0.291) 
      0.1019   (58 0.599) (61 -0.334) 
    0.096072   (58 -0.581) (66 0.351) 
    0.094644   (58 0.369) (61 0.238) (66 -0.306) (76 0.265) (97 -0.292) (107 0.288) 
    0.090201   (58 -0.302) (60 -0.311) (61 -0.54) 
    0.087531   (61 0.377) (64 -0.378) (66 0.447) 
    0.079011   (63 0.235) (64 0.735) (69 0.235) (83 -0.225) 
    0.074552   (62 0.674) (63 -0.303) (69 0.304) 
    0.073464   (62 -0.602) (64 -0.345) (66 -0.305) 
    0.071974   (62 0.238) (66 0.244) (69 -0.286) (76 0.217) (80 0.208) (117 -0.235) (118 -0.334) (120 -0.2) 
    0.066719   (68 0.295) (74 -0.358) (78 0.356) 
     0.06149   (63 0.592) (68 -0.265) (71 -0.219) (74 0.224) (81 0.268) (87 0.275) 
    0.058791   (63 -0.573) (74 0.353) 
    0.055666   (63 0.297) (67 -0.257) (68 0.44) (71 0.373) (78 -0.294) 
    0.053484   (67 0.411) (74 -0.413) (81 -0.353) 
    0.050883   (67 -0.547) (78 0.31) 
    0.048189   (67 0.555) (68 0.364) (74 0.308) 
    0.046625   (74 -0.276) (75 -0.288) (81 0.365) (83 0.32) (87 -0.266) (121 0.262) 
    0.043844   (34 0.22) (35 -0.27) (36 -0.839) (43 0.257) (46 0.214) 
     0.04236   (36 0.364) (43 0.591) (46 0.507) 
    0.041807   (75 0.417) (76 0.253) (87 0.247) (121 0.361) 
    0.040158   (51 0.408) (52 0.393) (75 -0.363) 
    0.032611   (47 -0.363) (51 -0.414) (75 -0.422) 
    0.031913   (26 0.291) (27 -0.755) (32 0.326) (37 0.323) 
    0.029446   (27 0.52) (32 0.609) 
    0.027641   (32 -0.511) (34 0.323) (48 0.299) (91 -0.287) 
    0.027153   (34 -0.726) (37 -0.442) 
    0.022141   (47 -0.282) (48 -0.464) (49 0.289) 
     0.02129   (130 -0.633) (132 -0.556) 
    0.021091   (128 -0.578) (160 -0.809) 
     0.02005   (128 -0.577) (160 0.312) (161 0.755) 
    0.019198   (128 -0.577) (160 0.498) (161 -0.647) 
    0.015821   (15 -0.985) 
    0.015652   (140 0.998) 
