 1 56946.4
 2 678.67
 3 25.9071
 4 178304
 5 524.176
 6 371.11
 7 564681
 8 43.7371
 9 18429.4
 10 2371.72
 11 4.55054
 12 1807.24
 13 274553
 14 3616.15
 15 0.847582
 16 371019
 17 3720.79
 18 8.31721
 19 123844
 20 2252.87
 21 403.681
 22 160206
 23 3340.22
 24 185.315
 25 256.104
 26 318.921
 27 18.1589
 28 2649.33
 29 263.351
 30 295.734
 31 515.254
 32 66.3549
 33 1126.06
 34 215.164
 35 165.148
 36 426.762
 37 1519.75
 38 3031.98
 39 7.14749
 40 973.083
 41 4322.53
 42 1.98811
 43 694.858
 44 1527.03
 45 25.8389
 46 5673.84
 47 1187.55
 48 1295.73
 49 1902.94
 50 206.112
 51 388.861
 52 214.982
 53 2954.2
 54 315.972
 55 235.846
 56 296.097
 57 1057.68
 58 95.5891
 59 172.914
 60 172.589
 61 21.8592
 62 1.73317
 63 543.108
 64 296.694
 65 1.78894
 66 504.58
 67 3705.6
 68 165.992
 69 132211
 70 178183
 71 2210.66
 72 311.155
 73 16662.3
 74 25.6973
 75 17220.4
 76 8356.25
 77 7.24325
 78 2002.18
 79 8309.95
 80 99.7468
 81 2773.92
 82 1577.93
 83 331.283
 84 2.63439
 85 137.594
 86 2.47239
 87 5568.03
 88 1.72706
 89 1.65036
 90 1.93668
 91 9.32289
 92 446.906
 93 1220.14
 94 739.462
 95 1353.44
 96 1753.75
 97 327.941
 98 254.983
 99 126.33
 100 696.523
 101 1406.22
 102 111.394
 103 153.67
 104 130.154
 105 126.183
 106 159.467
 107 162.678
 108 164.908
 109 119.13
 110 92.9444
 111 173.399
 112 204.23
 113 186.326
 114 168.386
 115 169.533
 116 133.661
 117 166.666
 118 186.499
 119 142.433
 120 82.6132
 121 120.364
 122 47.4122
 123 62.0151
 124 35.8777
 125 29.189
 126 52.2493
 127 26.7604
 128 87.8028
 129 67.9156
 130 59.2047
 131 20.3652
 132 20.8822
 133 22.2572
 134 36.1214
 135 8.78184
 136 45.2624
 137 9.96468
 138 9.28351
 139 9.42885
 140 11.0001
 141 11.8228
 142 8.90859
 143 9.49513
 144 15.1574
 145 15.3057
 146 12.8043
 147 10.4036
 148 29.9032
 149 16.1343
 150 12.1774
 151 14.1764
 152 23.5515
 153 20.4138
 154 13.5608
 155 20.1186
 156 24.1716
 157 47.0832
 158 0.302803
 159 0.14402
 160 0.451536
 161 27.8316
 162 25.5865
 163 973.399
 164 1160.57
 165 5.91342
