 1 1000
 2 541.243
 3 20.8267
 4 1000
 5 422.562
 6 299.216
 7 999.873
 8 3.16605
 9 993.916
 10 876.399
 11 2.45766
 12 793.82
 13 1000
 14 997.935
 15 0.825671
 16 1000
 17 997.248
 18 2.86548
 19 1000
 20 845.74
 21 152.203
 22 1000
 23 946.411
 24 53.2563
 25 238.184
 26 257.144
 27 14.7522
 28 985.293
 29 212.913
 30 240.237
 31 484.645
 32 50.4144
 33 851.219
 34 208.914
 35 146.256
 36 376.216
 37 988.494
 38 997.984
 39 3.4448
 40 603.659
 41 967.356
 42 1.73295
 43 496.269
 44 857.825
 45 15.0506
 46 997.854
 47 454.589
 48 547.947
 49 933.402
 50 204.028
 51 306.724
 52 170.481
 53 950.908
 54 277.784
 55 174.842
 56 215.445
 57 895.24
 58 94.3698
 59 159.341
 60 158.832
 61 21.7671
 62 1.73253
 63 507.195
 64 295.353
 65 1.78098
 66 498.261
 67 956.948
 68 45.1232
 69 999.973
 70 1000
 71 875.768
 72 124.53
 73 999.622
 74 2.97231
 75 998.276
 76 986.834
 77 4.00473
 78 912.606
 79 999.156
 80 32.4812
 81 965.992
 82 989.326
 83 311.123
 84 2.55852
 85 107.441
 86 2.25449
 87 989.985
 88 1.72688
 89 1.65035
 90 1.93648
 91 8.66794
 92 391.16
 93 819.772
 94 515.09
 95 811.55
 96 926.287
 97 313.777
 98 246.419
 99 125.163
 100 605.405
 101 924.391
 102 107.581
 103 151.302
 104 129.095
 105 125.524
 106 158.931
 107 161.965
 108 164.05
 109 118.312
 110 91.2749
 111 172.409
 112 203.397
 113 185.74
 114 168.058
 115 169.152
 116 133.019
 117 166.2
 118 186.289
 119 142.086
 120 81.884
 121 119.909
 122 47.0627
 123 61.2456
 124 35.6689
 125 28.7003
 126 51.9027
 127 25.6275
 128 85.2903
 129 66.6664
 130 58.2662
 131 20.1094
 132 20.6882
 133 21.9874
 134 35.1729
 135 8.60473
 136 45.0085
 137 9.71255
 138 9.07107
 139 9.19682
 140 10.5939
 141 11.1444
 142 8.53633
 143 9.17196
 144 14.8179
 145 15.079
 146 12.5555
 147 9.98545
 148 29.036
 149 15.7401
 150 11.9425
 151 13.9039
 152 23.141
 153 19.8011
 154 13.2361
 155 19.8924
 156 24.023
 157 46.9023
 158 0.254208
 159 0.139404
 160 0.346886
 161 22.5401
 162 22.8108
 163 375.748
 164 655.547
 165 5.59184
