 1 31.6228
 2 22.6969
 3 1.82444
 4 31.6228
 5 16.1551
 6 11.7806
 7 31.62
 8 1.00706
 9 31.4688
 10 29.4256
 11 0.988531
 12 27.9305
 13 31.6228
 14 31.5831
 15 0.904416
 16 31.6228
 17 31.5457
 18 0.995526
 19 31.6228
 20 26.9452
 21 5.75418
 22 31.6228
 23 29.9955
 24 2.65344
 25 15.0175
 26 15.1216
 27 1.79801
 28 31.3359
 29 10.5006
 30 11.714
 31 21.5609
 32 2.61931
 33 28.1217
 34 14.2697
 35 7.18479
 36 16.6847
 37 31.4196
 38 31.5653
 39 1.37392
 40 24.2848
 41 31.0279
 42 1.29091
 43 21.6617
 44 28.707
 45 1.81743
 46 31.5652
 47 15.2991
 48 18.0972
 49 30.3118
 50 13.8388
 51 14.7861
 52 8.80726
 53 30.6416
 54 16.4428
 55 9.66791
 56 11.4099
 57 29.3397
 58 9.16019
 59 9.6922
 60 9.39574
 61 4.37872
 62 1.31029
 63 22.1632
 64 15.9035
 65 0.973868
 66 21.3634
 67 30.3232
 68 2.77803
 69 31.622
 70 31.6228
 71 27.8989
 72 5.26613
 73 31.6143
 74 1.35221
 75 31.5743
 76 31.3982
 77 1.39903
 78 30.1181
 79 31.6037
 80 2.378
 81 30.6311
 82 31.3975
 83 17.1039
 84 1.36955
 85 10.1449
 86 1.38226
 87 31.394
 88 1.10801
 89 1.05168
 90 1.26284
 91 2.44382
 92 18.0081
 93 27.017
 94 19.9046
 95 27.2292
 96 29.8761
 97 16.4934
 98 14.097
 99 9.18893
 100 23.6604
 101 30.0223
 102 9.34892
 103 11.68
 104 10.6308
 105 10.5435
 106 12.1958
 107 12.2339
 108 12.2778
 109 10.0959
 110 8.19282
 111 12.4422
 112 13.9137
 113 13.2062
 114 12.4105
 115 12.2682
 116 10.4484
 117 12.0824
 118 12.9946
 119 11.2184
 120 8.39602
 121 10.5919
 122 6.66866
 123 7.66971
 124 5.48125
 125 5.13102
 126 6.90907
 127 4.53188
 128 8.70518
 129 7.39318
 130 7.08245
 131 4.14348
 132 4.44982
 133 4.56296
 134 5.83929
 135 2.69524
 136 6.63701
 137 2.9137
 138 2.86209
 139 2.87706
 140 3.10024
 141 3.07653
 142 2.68795
 143 2.82087
 144 3.70178
 145 3.77342
 146 3.40174
 147 2.92408
 148 5.19194
 149 3.79896
 150 3.28707
 151 3.54669
 152 4.70262
 153 4.32866
 154 3.52186
 155 4.37669
 156 4.81811
 157 6.78699
 158 0.210877
 159 0.291892
 160 0.267906
 161 3.73944
 162 4.29852
 163 17.0014
 164 24.2181
 165 0.527749
