 Smallest eigenvalues
  1.7218e-06   (9 -1) 
  2.6953e-06   (47 0.65) (50 -0.43) (46 0.272) (53 0.221) (42 -0.196) (45 -0.195) (48 -0.193) (154 -0.188) (40 0.139) (43 0.13) (13 -0.127) (78 0.114) (36 0.105) (54 0.0929) (37 -0.072) (49 0.0707) (52 0.0641) (60 0.0531) (24 0.0504) (38 -0.048) (44 0.0375) (17 -0.0337) (51 -0.0288) (25 -0.0284) (31 0.0279) (58 0.0267) (14 0.0265) (26 0.0255) (32 0.0243) (73 -0.0234) (56 0.0234) (39 -0.0203) (28 -0.0185) (41 -0.0183) (57 0.0172) (59 -0.0164) (33 -0.0163) (11 -0.0154) (23 -0.0152) (71 -0.0148) (79 -0.014) (35 -0.0134) (55 -0.0131) (21 0.013) (16 0.0128) (68 0.0127) (30 0.012) (72 0.0111) 
  3.6423e-06   (154 -0.982) (47 -0.124) (50 0.0822) (46 -0.0521) (53 -0.0421) (42 0.0375) (45 0.0374) (48 0.0369) (40 -0.0266) (43 -0.0249) (13 0.0245) (78 -0.0215) (36 -0.0201) (54 -0.0177) (37 0.0138) (49 -0.0135) (52 -0.0122) (60 -0.0101) 
  5.6084e-06   (4 1) 
  5.6122e-06   (148 0.644) (43 -0.468) (42 -0.365) (45 0.326) (40 0.182) (44 0.144) (46 -0.14) (36 0.119) (13 -0.104) (37 -0.0878) (78 0.068) (24 0.0495) (48 -0.0456) (38 -0.039) (26 0.036) (51 0.0352) (41 -0.0314) (17 -0.028) (39 -0.0275) (60 0.024) (25 -0.0232) (32 0.0231) (14 0.0215) (31 0.02) (52 0.0195) (33 -0.0188) (16 0.0169) (56 0.0157) (23 -0.0154) (53 -0.013) (11 -0.0129) (77 -0.0123) (73 -0.0123) (54 0.0119) 
   6.242e-06   (148 0.765) (43 0.393) (42 0.307) (45 -0.274) (40 -0.153) (44 -0.121) (46 0.118) (36 -0.1) (13 0.0875) (37 0.0738) (78 -0.0571) (24 -0.0416) (48 0.0383) (38 0.0328) (26 -0.0303) (51 -0.0296) (41 0.0264) (17 0.0235) (39 0.0231) (60 -0.0202) (25 0.0195) (32 -0.0195) (14 -0.0181) (31 -0.0168) (52 -0.0164) (33 0.0158) (16 -0.0143) (56 -0.0132) (23 0.0129) (53 0.0109) (11 0.0108) (73 0.0104) (77 0.0103) 
    7.56e-06   (1 0.986) (27 -0.118) (26 0.0683) (24 0.0521) (36 -0.0421) (25 -0.0296) (13 -0.0281) (37 0.0241) (40 -0.0225) (30 0.018) (33 0.0165) (32 -0.0159) (31 -0.0157) (29 0.0113) (28 -0.0113) (17 -0.0107) 
  8.0747e-06   (156 -0.999) (27 -0.0326) (26 0.0191) (24 0.0153) (13 -0.0115) (36 -0.0111) 
   1.756e-05   (27 0.679) (26 -0.398) (24 -0.318) (13 0.239) (36 0.232) (25 0.173) (1 0.166) (37 -0.134) (40 0.124) (30 -0.101) (31 0.0995) (33 -0.0962) (32 0.0864) (17 0.0765) (29 -0.0681) (16 -0.0666) (28 0.0646) (23 0.0633) (78 -0.0484) (156 -0.0479) (14 -0.0442) (21 -0.0432) (20 -0.0406) (38 -0.0293) (39 -0.0282) (42 -0.0276) (35 -0.0264) (11 0.0245) (15 -0.02) (48 0.0173) (60 -0.0172) (19 0.0161) (41 -0.0156) (79 0.0153) (22 0.0142) (49 0.0126) (55 0.0115) (43 0.0112) (46 0.0109) (73 0.0107) 
  3.4026e-05   (19 0.716) (43 0.4) (46 -0.295) (20 -0.274) (45 0.175) (42 -0.167) (21 0.156) (44 -0.152) (36 0.114) (40 0.0933) (24 0.0787) (47 -0.0715) (50 -0.0555) (78 0.0541) (25 -0.0515) (48 -0.0478) (38 -0.0434) (26 0.0378) (28 -0.0364) (33 -0.0344) (49 0.0338) (35 -0.0287) (22 0.0271) (74 -0.027) (27 -0.0265) (52 0.0263) (31 0.0252) (60 0.0193) (72 0.0192) (63 -0.0163) (37 -0.0154) (39 -0.015) (16 0.015) (67 -0.015) (41 -0.0145) (30 -0.0144) (69 0.0136) (68 0.0129) (23 0.0118) (79 0.0114) 
  0.00010509   (157 -0.999) (19 -0.025) (43 0.0231) (46 -0.0154) (45 0.0111) (20 0.01) 
  0.00010981   (19 0.549) (43 -0.527) (46 0.352) (45 -0.254) (20 -0.22) (44 0.204) (42 0.192) (40 -0.149) (13 0.136) (21 0.107) (47 0.1) (36 -0.0995) (78 -0.0814) (50 0.0682) (37 0.0543) (48 0.0458) (157 -0.0445) (17 0.0373) (22 0.0327) (38 0.0318) (60 -0.0299) (23 0.0295) (33 0.0269) (26 -0.0266) (14 -0.025) (39 0.0237) (34 -0.0235) (74 0.023) (28 -0.022) (56 -0.0213) (55 0.0207) (29 -0.0181) (27 -0.0174) (72 -0.0173) (58 -0.0166) (11 0.0161) (16 -0.0156) (77 0.015) (67 0.0144) (52 -0.0141) (68 -0.013) (24 -0.0129) (57 0.0127) (63 0.0127) (82 -0.0124) (75 0.0119) (69 -0.0113) (73 0.0108) (49 -0.0105) 
  0.00013476   (3 -1) 
   0.0001569   (23 -0.65) (24 -0.456) (13 -0.363) (17 -0.243) (20 -0.202) (25 0.198) (22 -0.153) (21 0.128) (26 -0.102) (14 0.089) (31 -0.0869) (28 0.0845) (40 -0.0651) (36 -0.0611) (37 0.0536) (42 0.0479) (27 -0.0458) (32 -0.0432) (11 -0.0411) (38 0.0404) (45 0.0327) (30 -0.0285) (46 -0.0206) (15 0.0202) (78 0.0178) (51 0.0152) (12 0.0143) (57 0.0139) (39 0.0102) (44 -0.0101) 
  0.00017746   (159 1) 
  0.00021907   (2 1) 
  0.00024612   (21 -0.767) (23 0.331) (13 -0.315) (17 -0.298) (19 0.193) (24 -0.176) (25 0.0847) (22 0.0818) (14 0.0774) (16 0.0615) (26 -0.0561) (36 -0.0547) (40 -0.0499) (158 -0.0447) (37 0.0423) (32 -0.036) (11 -0.0358) (28 0.0314) (20 -0.0289) (31 -0.0285) (27 -0.0249) (15 0.0228) (29 -0.0211) (42 0.0184) (38 0.0179) (46 -0.0174) (78 0.0161) (30 -0.015) (35 0.0134) (12 0.0118) 
   0.0002628   (158 -0.999) (21 0.0343) (23 -0.0148) (13 0.0141) (17 0.0133) 
  0.00029356   (8 1) 
  0.00030274   (26 -0.707) (150 -0.389) (24 0.36) (25 -0.34) (13 -0.171) (30 -0.132) (36 -0.107) (17 -0.0815) (23 -0.0765) (37 0.0758) (40 -0.0737) (29 0.0621) (32 -0.0517) (16 0.0506) (20 0.0417) (14 0.0357) (22 -0.0349) (53 0.0322) (51 -0.0291) (47 -0.0279) (21 0.0277) (33 0.0224) (78 0.0207) (50 -0.0201) (45 0.0195) (15 0.0193) (35 0.0167) (39 0.0164) (11 -0.0158) (41 0.0129) (52 0.0128) (28 -0.0123) (34 0.0122) (54 0.0111) (76 -0.0108) (43 -0.0103) 
  0.00030592   (150 -0.921) (26 0.299) (24 -0.152) (25 0.144) (13 0.0723) (30 0.0559) (36 0.0451) (17 0.0344) (23 0.0324) (37 -0.032) (40 0.0311) (29 -0.0262) (32 0.0218) (16 -0.0214) (20 -0.0176) (14 -0.0151) (22 0.0148) (53 -0.0136) (51 0.0123) (47 0.0118) (21 -0.0117) 
  0.00032244   (6 -1) 
  0.00032682   (21 0.51) (20 0.423) (23 0.378) (22 0.346) (13 -0.265) (24 -0.237) (153 -0.229) (17 -0.217) (25 0.161) (19 0.0873) (16 0.0858) (36 -0.0781) (26 -0.0739) (40 -0.0697) (14 0.0684) (37 0.0467) (32 -0.041) (15 0.0367) (30 -0.0269) (11 -0.0251) (78 0.0233) (31 0.0208) (33 0.02) (39 0.0183) (46 -0.0156) (35 0.0149) (41 0.0137) (73 -0.0136) (51 -0.0121) (45 0.0115) (53 0.0111) 
  0.00036322   (153 -0.974) (21 -0.12) (20 -0.0994) (23 -0.0889) (22 -0.0813) (13 0.0623) (24 0.0557) (17 0.051) (25 -0.0378) (19 -0.0205) (16 -0.0202) (36 0.0183) (26 0.0173) (40 0.0163) (14 -0.0161) (37 -0.011) 
  0.00037584   (73 -0.703) (57 -0.432) (60 -0.237) (58 -0.206) (65 0.178) (70 0.173) (78 -0.159) (42 -0.146) (51 -0.137) (59 0.123) (74 -0.105) (55 -0.0917) (69 0.0895) (45 -0.0875) (71 -0.0763) (31 0.0615) (56 0.0582) (72 0.0517) (79 0.0514) (36 -0.0476) (47 -0.0433) (52 -0.0425) (20 -0.0401) (38 -0.0374) (54 -0.0344) (48 -0.0342) (44 0.0301) (16 -0.0298) (13 -0.0271) (68 -0.0267) (46 0.0261) (43 0.0236) (122 0.0229) (61 -0.0229) (100 0.0228) (89 -0.0221) (66 -0.0218) (50 0.0216) (77 0.0209) (49 -0.0206) (41 0.0191) (104 0.0183) (28 -0.0169) (109 0.0168) (115 -0.0167) (124 0.0159) (91 -0.0158) (63 0.0157) (84 0.0155) (99 -0.0143) (88 0.014) (118 0.0137) (19 -0.0132) (126 0.0129) (90 -0.0113) (76 -0.0112) (116 0.0106) (25 0.0104) (24 -0.0101) 
  0.00041654   (73 0.639) (57 -0.404) (65 0.252) (58 -0.242) (152 -0.221) (60 -0.219) (42 -0.181) (69 0.156) (59 0.147) (45 -0.139) (51 -0.136) (68 -0.113) (70 0.092) (13 -0.0817) (31 0.0787) (74 0.0726) (56 0.0714) (47 -0.0699) (38 -0.0633) (49 0.0617) (46 0.0603) (55 -0.0592) (72 -0.0526) (54 -0.0505) (37 -0.0423) (44 0.0413) (53 -0.0382) (43 0.0366) (50 0.0359) (20 -0.0328) (79 -0.0324) (78 0.0319) (28 -0.0311) (66 -0.0291) (16 -0.029) (61 -0.0278) (41 0.0268) (122 -0.0225) (118 0.0217) (63 0.0208) (84 0.0204) (19 -0.0193) (119 -0.0187) (17 -0.0185) (71 0.0174) (116 0.0172) (115 -0.0169) (121 -0.0169) (91 -0.0164) (39 0.0161) (14 0.0159) (21 0.0158) (127 0.0155) (52 -0.0153) (89 -0.0149) (125 -0.0148) (126 -0.0137) (135 0.0126) (99 -0.0124) (130 0.0114) (62 0.0107) (104 0.0105) (100 0.0103) (11 -0.0102) (48 0.0102) (67 0.01) 
  0.00047068   (152 -0.975) (73 -0.138) (57 0.0963) (65 -0.0587) (58 0.057) (60 0.052) (42 0.0431) (69 -0.036) (59 -0.0345) (45 0.0326) (51 0.0325) (68 0.0257) (70 -0.0223) (13 0.0191) (31 -0.0188) (56 -0.0169) (47 0.0164) (74 -0.0154) (38 0.0149) (55 0.0145) (46 -0.0141) (49 -0.0138) (54 0.0119) (72 0.0114) 
   0.0004763   (25 0.821) (24 0.527) (26 -0.0993) (51 -0.0741) (53 -0.0685) (23 -0.0664) (54 0.0614) (55 0.0608) (13 -0.0587) (56 -0.0368) (57 0.0347) (45 -0.033) (20 -0.0304) (52 -0.0292) (28 -0.0254) (42 -0.0254) (40 -0.0244) (17 -0.0239) (16 0.0236) (49 0.0235) (31 0.0187) (47 -0.0172) (46 0.0167) (78 0.016) (27 0.0141) (48 0.0141) (21 -0.0137) (60 0.0132) (50 0.0128) (22 0.0126) (33 0.0119) 
  0.00048368   (147 0.729) (51 -0.337) (53 -0.275) (55 0.258) (54 0.248) (56 -0.17) (52 -0.145) (42 -0.141) (45 -0.136) (57 0.127) (25 -0.1) (49 0.0629) (13 -0.0576) (47 -0.0553) (50 0.0547) (46 0.0546) (60 0.054) (24 -0.0492) (31 0.0487) (48 0.0373) (37 -0.037) (38 -0.0367) (40 0.0349) (73 -0.0341) (43 0.0328) (44 0.0308) (78 0.0272) (58 0.0269) (26 0.0239) (59 -0.017) (36 0.0169) (16 -0.0148) (14 0.013) (20 -0.0126) (41 0.0126) (28 -0.012) (17 -0.0113) (19 -0.0109) (22 -0.0103) 
    0.000487   (147 0.685) (51 0.359) (53 0.293) (55 -0.275) (54 -0.264) (56 0.181) (52 0.154) (42 0.15) (45 0.145) (57 -0.135) (25 0.103) (49 -0.067) (13 0.0616) (47 0.0589) (50 -0.0583) (46 -0.0582) (60 -0.0575) (31 -0.0519) (24 0.0498) (48 -0.0398) (37 0.0393) (38 0.0391) (40 -0.037) (73 0.0364) (43 -0.0349) (44 -0.0328) (78 -0.0289) (58 -0.0287) (26 -0.025) (59 0.0182) (36 -0.018) (16 0.0156) (14 -0.0139) (20 0.0136) (41 -0.0135) (28 0.0129) (17 0.0122) (19 0.0116) (22 0.0109) 
   0.0005351   (54 -0.731) (40 0.295) (52 -0.291) (55 0.264) (51 -0.216) (53 0.215) (57 0.165) (37 0.153) (36 -0.132) (42 -0.131) (38 0.127) (45 -0.107) (50 0.0619) (60 0.052) (39 -0.0483) (78 0.0441) (56 0.0423) (70 0.0282) (43 0.0254) (44 0.0237) (47 -0.0232) (46 0.0227) (49 0.0198) (32 -0.0166) (151 -0.0164) (25 0.0163) (20 -0.0155) (48 0.0136) (73 -0.0134) (69 0.0124) (58 0.0102) 
  0.00059564   (151 -0.973) (40 -0.143) (37 -0.102) (38 -0.0845) (36 0.0764) (54 -0.0612) (31 0.029) (39 0.0272) (13 -0.0249) (52 -0.022) (51 -0.02) (55 0.0182) (53 0.0176) (57 0.0152) (49 -0.0142) (25 -0.0108) (42 0.0108) (24 0.0106) (78 0.0106) (26 0.0101) 
  0.00060144   (40 0.585) (37 0.422) (38 0.348) (36 -0.314) (54 0.311) (151 -0.23) (31 -0.122) (52 0.114) (39 -0.112) (13 0.105) (51 0.1) (55 -0.0954) (53 -0.0899) (57 -0.0758) (49 0.0589) (78 -0.0481) (24 -0.0445) (25 0.0444) (26 -0.0422) (32 -0.038) (42 -0.036) (73 0.0358) (60 -0.0338) (22 0.0308) (45 -0.0298) (33 0.0292) (48 0.0287) (14 -0.0234) (56 -0.0231) (17 0.0216) (41 -0.0194) (19 0.0182) (46 0.0177) (20 0.0157) (27 0.0156) (43 0.0147) (28 0.0135) (35 0.0116) (11 0.0116) (65 0.0114) (79 0.0111) (68 -0.0102) (70 -0.0102) 
  0.00063958   (70 -0.705) (69 -0.564) (57 -0.233) (71 0.224) (68 0.134) (51 -0.125) (49 -0.119) (60 -0.0766) (42 -0.066) (58 -0.0619) (48 -0.0429) (52 -0.0371) (59 0.0359) (54 -0.0355) (31 0.0346) (36 -0.0337) (84 0.0298) (149 0.0291) (20 -0.0273) (45 -0.0222) (55 -0.0216) (74 -0.0203) (125 -0.0188) (89 -0.0178) (75 -0.0175) (100 0.017) (16 -0.017) (38 -0.0158) (127 0.0149) (13 -0.0147) (104 0.0145) (115 -0.0145) (122 0.014) (83 -0.0137) (79 -0.0136) (97 -0.0132) (88 0.0132) (91 -0.0129) (56 0.0126) (41 0.0126) (67 -0.0124) (40 0.0118) (50 -0.0113) (77 0.0108) (124 0.0105) (53 -0.0104) (107 -0.0103) (90 0.0103) (66 0.0102) 
  0.00064755   (149 0.85) (49 0.386) (51 0.18) (45 -0.124) (48 0.114) (50 0.111) (42 -0.111) (47 -0.0995) (53 0.0702) (46 0.07) (55 -0.053) (13 -0.0467) (73 -0.0462) (37 -0.0405) (69 -0.0394) (44 0.0389) (43 0.0359) (38 -0.0353) (31 0.0327) (78 0.031) (70 -0.0301) (52 0.0293) (36 0.0273) (57 0.027) (58 0.025) (68 0.0215) (65 -0.0205) (56 -0.0161) (59 -0.016) (60 0.0158) (25 -0.013) (28 -0.0125) (79 -0.0115) (14 0.0104) (22 -0.0103) 
  0.00071506   (49 -0.616) (149 0.526) (51 -0.284) (45 0.201) (42 0.183) (48 -0.181) (50 -0.179) (47 0.161) (53 -0.113) (46 -0.113) (69 0.0951) (70 0.0877) (55 0.087) (13 0.0763) (73 0.0754) (37 0.0653) (44 -0.0634) (43 -0.0584) (38 0.058) (31 -0.055) (78 -0.0507) (52 -0.0452) (68 -0.0422) (36 -0.042) (58 -0.037) (65 0.0329) (57 -0.0301) (56 0.0253) (59 0.0239) (60 -0.0212) (28 0.0207) (25 0.0205) (79 0.0194) (71 -0.0186) (14 -0.0168) (22 0.0165) (24 -0.016) (17 0.0159) (19 0.0149) (16 0.0126) (39 -0.0126) (41 -0.0117) (54 0.0115) (20 0.0114) (21 -0.0112) (72 -0.0112) (121 0.0107) (40 -0.0106) 
  0.00075729   (38 -0.675) (39 -0.476) (36 -0.313) (20 -0.242) (23 0.179) (42 0.173) (40 0.168) (22 -0.125) (19 -0.0982) (21 0.0916) (16 -0.076) (31 0.0757) (41 -0.0754) (13 -0.0713) (45 0.0585) (35 0.037) (32 -0.0367) (51 0.0363) (57 0.0306) (25 0.0285) (17 -0.0272) (37 0.0258) (24 -0.0249) (43 -0.0196) (34 -0.0194) (44 -0.0192) (26 -0.019) (55 0.0185) (47 0.0169) (14 0.0128) (46 -0.0116) (78 -0.011) (56 -0.0105) 
  0.00080975   (20 -0.529) (23 0.492) (22 -0.363) (38 0.286) (21 0.253) (19 -0.229) (31 -0.202) (13 -0.174) (39 0.155) (36 0.13) (16 -0.105) (28 0.0889) (17 -0.0819) (40 -0.0573) (143 0.041) (14 0.0359) (37 0.0246) (30 -0.0225) (35 -0.0222) (25 0.0219) (11 -0.0204) (26 -0.0202) (29 0.0141) (45 0.0129) (32 0.012) (49 -0.0119) (42 0.0118) (34 0.0103) (41 0.0102) 
  0.00085477   (143 0.999) (20 0.0228) (23 -0.021) (141 0.0169) (22 0.0154) (21 -0.0108) 
  0.00089641   (49 -0.491) (51 0.41) (42 -0.394) (47 -0.319) (45 -0.303) (16 -0.26) (50 -0.23) (57 0.131) (17 0.111) (13 -0.107) (36 -0.101) (55 0.1) (41 0.093) (46 0.0913) (56 -0.0765) (31 0.0755) (44 0.068) (48 0.0674) (52 0.059) (43 0.0589) (38 -0.0552) (40 -0.0538) (78 -0.0464) (39 0.032) (24 -0.0295) (60 0.0285) (53 0.0283) (58 0.0234) (14 0.0227) (25 0.0205) (32 -0.0181) (54 0.017) (28 -0.0159) (35 0.0156) (26 -0.0141) (84 0.0139) (69 0.0134) (59 -0.0122) (68 -0.0113) (19 0.0112) (11 -0.0111) (21 -0.0109) (118 0.0109) (37 0.0101) 
   0.0010829   (16 -0.768) (17 0.403) (13 -0.302) (20 0.185) (42 0.158) (49 0.13) (45 0.109) (31 -0.109) (19 0.106) (51 -0.0981) (47 0.0946) (14 0.0741) (50 0.0595) (21 -0.0516) (28 0.0488) (38 0.0436) (41 -0.0349) (46 -0.0349) (36 0.034) (11 -0.0333) (22 0.0297) (44 -0.0274) (57 -0.0261) (43 -0.024) (55 -0.023) (37 0.0203) (48 -0.019) (56 0.0176) (52 -0.0162) (26 -0.0159) (25 0.0147) (30 -0.0139) (78 0.0133) (39 -0.0126) (40 0.0125) (12 0.0115) (24 0.0105) 
    0.001315   (146 -1) 
   0.0014782   (55 -0.717) (31 0.39) (56 -0.369) (57 0.247) (51 -0.218) (33 0.163) (52 -0.0892) (54 -0.0891) (37 0.0723) (28 -0.067) (20 -0.0669) (38 0.066) (48 -0.0622) (49 -0.0622) (13 -0.0499) (16 -0.0491) (78 -0.0454) (35 -0.0385) (42 -0.0367) (47 -0.0335) (60 0.0327) (19 -0.028) (58 0.0275) (45 -0.0263) (73 0.022) (34 0.0216) (30 0.0207) (72 0.0202) (69 0.0194) (68 -0.0186) (29 -0.0169) (79 0.0153) (65 0.0145) (59 -0.0142) (44 0.014) (139 0.0138) (39 -0.0136) (24 -0.0125) (32 0.0123) (14 0.0105) (22 -0.0104) 
   0.0015289   (31 0.716) (55 0.345) (33 0.337) (42 0.198) (38 0.183) (56 0.163) (51 0.149) (36 0.138) (37 0.13) (139 0.118) (28 -0.114) (13 -0.105) (35 -0.101) (57 -0.0905) (45 0.0776) (20 -0.0676) (34 0.0562) (52 0.0529) (32 0.0511) (41 -0.0501) (54 0.045) (16 -0.0449) (39 -0.0435) (40 0.0417) (19 -0.0381) (30 0.0369) (48 0.0295) (17 -0.0274) (22 -0.0272) (47 0.0262) (44 -0.026) (29 -0.0247) (78 0.0237) (43 -0.0222) (26 0.0217) (25 -0.0211) (14 0.0201) (46 -0.0195) (73 -0.018) (49 0.0149) (27 -0.0146) (50 -0.0144) (21 0.0135) (11 -0.0128) (60 -0.011) 
   0.0015677   (139 0.993) (31 -0.0909) (33 -0.0425) (55 -0.031) (42 -0.0227) (38 -0.0226) (37 -0.0165) (36 -0.0163) (135 0.0151) (28 0.0145) (51 -0.0145) (56 -0.0143) (13 0.0133) (35 0.0126) 
   0.0016726   (14 -0.872) (32 0.273) (33 -0.252) (13 -0.249) (15 -0.131) (28 -0.0739) (31 0.0631) (36 -0.0603) (37 0.051) (134 -0.0366) (38 0.0325) (40 -0.0318) (42 0.0226) (34 -0.0215) (30 0.0179) (17 -0.0158) (72 -0.0141) (25 -0.0122) (44 -0.0117) (45 0.0113) 
    0.001859   (134 -0.739) (32 0.412) (33 -0.383) (14 0.298) (31 0.108) (28 -0.099) (36 -0.0928) (37 0.0741) (38 0.0493) (15 0.0473) (40 -0.0394) (34 -0.0345) (42 0.0318) (24 0.0308) (30 0.0254) (26 0.0252) (17 -0.0228) (25 -0.0179) (44 -0.0146) (45 0.0118) (52 -0.0114) (43 -0.0111) (19 -0.011) 
    0.001918   (134 -0.673) (32 -0.467) (33 0.435) (14 -0.279) (31 -0.122) (28 0.113) (36 0.105) (37 -0.0842) (38 -0.056) (40 0.045) (15 -0.0449) (34 0.0391) (42 -0.0362) (24 -0.0339) (30 -0.0289) (26 -0.0282) (17 0.026) (25 0.0203) (44 0.0167) (45 -0.0135) (52 0.0126) (43 0.0126) (13 0.0122) (19 0.0117) (51 -0.0112) (78 -0.0108) (18 0.0102) 
   0.0019616   (28 -0.868) (52 -0.24) (30 0.227) (31 -0.201) (53 0.13) (54 0.103) (32 -0.0941) (33 0.0824) (24 -0.0808) (26 -0.0722) (27 0.0661) (68 0.062) (46 -0.062) (29 0.0615) (51 0.0531) (36 0.051) (69 -0.0462) (70 0.0413) (48 0.0368) (50 0.0355) (71 -0.0354) (16 -0.0347) (20 -0.0324) (47 0.032) (49 -0.0316) (19 -0.0293) (37 -0.0279) (72 0.0272) (44 -0.0261) (39 -0.0237) (60 -0.0231) (35 0.0221) (42 0.0198) (25 0.019) (73 0.0183) (74 0.0182) (34 0.0177) (15 0.017) (43 -0.0162) (41 0.0149) (38 0.0147) (56 -0.0133) (78 -0.0121) (17 -0.012) (58 -0.0119) (45 0.0118) (82 -0.0111) (132 -0.0111) (66 -0.011) (61 -0.0108) (57 -0.0104) 
   0.0020481   (68 0.578) (69 -0.398) (70 0.358) (71 -0.32) (52 0.206) (72 0.189) (132 -0.179) (74 0.162) (78 -0.132) (131 -0.114) (53 -0.111) (73 0.109) (77 -0.0971) (54 -0.0946) (67 -0.0918) (46 0.0916) (51 -0.089) (58 0.0746) (65 -0.0689) (63 -0.0642) (57 -0.0584) (42 -0.0505) (56 0.0489) (83 -0.0451) (60 -0.0431) (66 -0.0411) (82 -0.0374) (87 0.0329) (80 -0.0316) (55 -0.0312) (59 -0.0293) (43 0.0288) (45 0.0282) (109 -0.026) (31 0.0252) (107 -0.0214) (41 0.0213) (75 0.0198) (49 -0.0185) (76 0.0178) (36 -0.0173) (96 -0.0164) (44 0.0163) (118 -0.0163) (47 -0.0149) (84 0.0133) (61 -0.0133) (48 0.0127) (91 -0.012) (92 0.0117) (38 -0.0115) (16 -0.0112) (39 0.0101) 
    0.002316   (52 0.522) (132 -0.489) (53 -0.308) (131 -0.256) (28 -0.248) (54 -0.246) (68 -0.189) (69 0.156) (70 -0.144) (46 0.144) (51 -0.11) (48 -0.107) (71 0.107) (72 -0.0884) (47 -0.0808) (60 0.0768) (73 -0.0691) (58 0.0659) (44 0.0594) (74 -0.0586) (30 0.0581) (50 -0.053) (49 0.0517) (56 0.0503) (31 -0.0487) (59 -0.0409) (43 0.0406) (78 0.0357) (57 0.0304) (66 0.0296) (84 -0.0288) (24 -0.0282) (82 0.0273) (41 -0.0269) (45 0.0265) (61 0.0261) (67 0.0253) (26 -0.0219) (65 0.0216) (63 0.0213) (36 0.0197) (34 0.0196) (27 0.0196) (77 0.0183) (13 -0.0178) (29 0.0167) (16 -0.016) (19 -0.0158) (20 -0.0141) (75 -0.0136) (115 0.0129) (39 -0.0127) (32 -0.0124) (118 -0.0123) (91 -0.0118) (130 0.0115) (92 0.0113) (14 0.0108) (17 -0.0108) (35 0.0105) (100 -0.0105) 
   0.0024207   (132 -0.726) (52 -0.408) (131 -0.351) (53 0.238) (54 0.191) (28 0.182) (46 -0.122) (51 0.0981) (48 0.0689) (58 -0.0644) (47 0.0586) (56 -0.0471) (44 -0.0445) (30 -0.0434) (60 -0.0406) (50 0.0371) (59 0.0355) (43 -0.0352) (31 0.0299) (49 -0.0298) (45 -0.0258) (68 -0.0238) (24 0.0224) (73 0.0182) (42 0.0172) (26 0.0164) (84 0.0161) (16 0.0146) (61 -0.0141) (27 -0.0139) (29 -0.0137) (34 -0.0137) (13 0.0134) (20 0.0128) (77 0.0126) (41 0.0124) (19 0.0116) (71 0.0114) (91 0.0106) (72 0.0106) (92 -0.0102) 
   0.0025196   (22 0.797) (20 -0.449) (56 -0.231) (19 -0.209) (23 -0.0848) (25 -0.0732) (15 -0.0732) (31 -0.0721) (16 -0.0713) (55 0.0711) (57 -0.0707) (24 0.0668) (51 0.0619) (42 0.0569) (36 0.0506) (28 0.0394) (45 0.0367) (54 -0.0365) (29 0.0358) (11 -0.0306) (13 -0.0281) (52 0.0269) (47 0.0227) (18 0.0214) (78 0.0208) (60 -0.019) (32 0.0187) (44 -0.0183) (50 -0.0183) (49 0.0181) (27 0.0175) (14 0.0162) (38 0.0138) (70 0.0138) (125 -0.0137) (30 0.0136) (35 -0.0133) (41 0.0122) (119 0.0116) (121 0.0104) 
   0.0026147   (60 0.838) (56 0.346) (58 -0.251) (59 0.146) (55 -0.131) (78 -0.109) (22 0.0969) (57 -0.0937) (20 -0.0732) (54 0.0727) (45 -0.0692) (51 -0.069) (52 -0.0654) (50 0.0578) (47 -0.0566) (133 0.0445) (79 0.0438) (49 -0.0307) (68 0.03) (19 -0.0291) (42 -0.0264) (65 0.0245) (108 -0.0241) (63 -0.0236) (125 -0.0231) (16 -0.0221) (84 -0.0212) (44 0.021) (46 0.0209) (72 -0.0208) (109 0.0199) (70 0.0179) (71 -0.0171) (69 -0.0169) (15 -0.0168) (31 0.016) (121 -0.0138) (107 0.0125) (62 -0.0118) (120 0.0117) (99 -0.0112) (64 -0.0111) (77 0.0102) (90 -0.0101) 
   0.0027026   (133 0.739) (56 0.482) (57 0.257) (60 -0.244) (22 0.124) (55 -0.116) (51 -0.107) (20 -0.0931) (48 0.0845) (54 0.0813) (58 0.0808) (42 -0.0784) (41 0.0556) (59 -0.0426) (45 -0.0395) (19 -0.0381) (53 -0.0309) (52 -0.0298) (50 0.0295) (70 -0.0293) (68 -0.0293) (16 -0.0291) (36 -0.0284) (78 -0.0252) (31 0.0231) (71 0.0217) (84 0.0204) (40 -0.0184) (44 -0.0181) (47 0.0161) (38 -0.0143) (49 -0.014) (65 -0.0136) (39 0.0131) (125 0.0116) (46 -0.011) (123 0.0108) (118 0.0107) (23 -0.0103) 
   0.0028688   (133 0.672) (56 -0.553) (57 -0.276) (60 0.212) (22 -0.143) (55 0.137) (51 0.122) (20 0.107) (54 -0.0942) (48 -0.092) (42 0.0877) (58 -0.0715) (41 -0.0603) (45 0.0483) (19 0.0437) (125 -0.0408) (52 0.0373) (59 0.0368) (50 -0.0364) (78 0.0341) (53 0.0336) (16 0.0334) (36 0.0314) (70 0.0312) (68 0.0302) (31 -0.0265) (71 -0.0228) (84 -0.0218) (123 -0.0198) (40 0.0196) (44 0.0181) (49 0.0175) (38 0.0163) (39 -0.0144) (118 -0.0134) (47 -0.0134) (65 0.0134) (119 0.0131) (127 0.0125) (23 0.0119) (107 0.0114) (15 0.0113) (46 0.0104) (109 0.0102) 
   0.0034792   (39 0.785) (38 -0.337) (40 0.293) (65 0.29) (42 0.147) (36 -0.132) (84 -0.128) (41 -0.103) (58 0.072) (31 0.0703) (57 0.0629) (59 -0.0473) (51 0.0379) (83 0.037) (28 -0.0366) (86 -0.0364) (45 0.0355) (48 -0.0314) (15 0.0275) (60 0.0272) (68 0.0265) (69 -0.0239) (20 -0.0238) (96 -0.0203) (129 0.0181) (54 0.018) (30 0.0178) (90 0.0178) (16 -0.0174) (78 0.0172) (61 0.0171) (73 -0.0165) (109 -0.0161) (53 0.0153) (37 0.015) (66 -0.0148) (55 0.0143) (24 -0.0125) (22 -0.0112) (91 -0.0108) (33 0.0103) 
   0.0038974   (84 -0.823) (65 -0.311) (129 0.283) (83 0.262) (86 -0.155) (90 0.0774) (58 -0.0668) (57 -0.0656) (60 -0.0603) (78 0.0571) (85 0.0562) (109 -0.0556) (91 -0.0464) (42 -0.0441) (59 0.0441) (107 -0.0427) (96 -0.0348) (51 -0.033) (87 -0.0326) (55 -0.0273) (103 -0.0265) (116 0.0258) (45 -0.0256) (115 -0.0246) (39 -0.0234) (89 -0.0233) (112 0.0226) (72 -0.0221) (41 0.0219) (114 0.0218) (118 0.0203) (77 -0.0194) (124 0.0193) (52 -0.0189) (97 -0.0185) (61 -0.0178) (56 0.0177) (93 -0.017) (104 0.0168) (66 0.0165) (31 0.0163) (102 0.0156) (119 -0.0154) (49 -0.0153) (94 -0.0143) (126 0.0141) (100 0.0139) (113 -0.0139) (71 -0.0136) (110 0.0134) (127 0.0121) (92 -0.0121) (101 -0.012) (36 -0.0108) (70 0.0107) (20 -0.0106) (106 0.0101) 
   0.0039195   (129 0.641) (65 -0.553) (84 0.378) (39 0.201) (83 -0.111) (58 -0.104) (38 -0.0932) (48 -0.0855) (40 0.0847) (86 0.0782) (57 -0.0749) (59 0.0693) (69 0.064) (68 -0.0626) (78 -0.054) (41 -0.0507) (90 -0.0503) (60 -0.0489) (47 -0.0453) (109 0.0384) (44 0.035) (66 0.0312) (96 0.031) (73 0.0302) (36 -0.0298) (85 -0.0296) (61 -0.0279) (130 -0.0267) (42 0.0244) (31 0.0229) (46 0.0227) (107 0.0213) (51 -0.0208) (91 0.0205) (87 0.0177) (103 0.0173) (63 -0.0159) (13 -0.0153) (88 0.015) (94 0.0149) (55 -0.014) (28 -0.0139) (20 -0.0132) (127 0.0129) (79 0.0118) (76 -0.011) (75 0.0107) (131 0.0105) 
   0.0040801   (129 0.712) (65 0.614) (39 -0.192) (58 0.119) (38 0.093) (57 0.0925) (40 -0.0812) (59 -0.0789) (48 0.0728) (60 0.0678) (68 0.0589) (69 -0.0574) (47 0.0426) (41 0.0388) (36 0.035) (66 -0.0343) (61 0.0318) (51 0.0313) (44 -0.0312) (73 -0.0299) (31 -0.0294) (130 -0.0284) (78 0.0244) (55 0.0235) (109 -0.0212) (46 -0.0202) (63 0.018) (20 0.017) (45 0.0168) (52 0.0164) (96 -0.0164) (13 0.0161) (90 0.0156) (56 -0.0145) (28 0.0144) (79 -0.0142) (131 0.0137) (70 -0.0118) (88 -0.011) (81 0.0104) (16 0.0101) 
   0.0041643   (105 0.556) (96 0.341) (103 0.288) (124 0.24) (123 -0.231) (99 -0.206) (108 -0.198) (101 0.19) (107 -0.184) (110 -0.183) (104 -0.179) (109 -0.147) (113 0.145) (119 0.144) (106 -0.124) (121 -0.122) (102 -0.11) (98 -0.0988) (125 0.0917) (111 0.0722) (115 -0.0656) (94 0.062) (48 -0.0554) (89 0.0546) (114 -0.0486) (120 0.0475) (118 0.0462) (100 -0.0377) (92 0.036) (117 -0.0298) (97 -0.0287) (81 -0.0285) (72 -0.0282) (47 -0.0271) (93 -0.0271) (84 -0.026) (112 -0.0255) (90 -0.022) (126 -0.0199) (85 -0.0191) (145 0.0175) (83 0.0174) (91 -0.0169) (80 -0.0168) (65 0.0153) (52 -0.0148) (116 -0.0142) (122 -0.0135) (69 -0.0135) (82 0.013) (44 0.0114) (79 0.0113) (60 -0.0109) 
   0.0041956   (145 -0.999) (124 0.0277) (123 -0.0235) (135 0.0131) 
   0.0043506   (48 -0.793) (47 -0.353) (44 0.189) (52 -0.163) (46 0.123) (41 -0.119) (72 -0.117) (49 0.115) (54 0.109) (56 0.107) (53 0.102) (65 0.0849) (39 -0.0816) (15 -0.0746) (57 0.0736) (42 0.0729) (60 -0.0722) (58 0.0669) (124 -0.0596) (69 -0.0592) (123 0.0581) (84 -0.0527) (68 0.0514) (81 -0.0513) (96 0.0453) (107 0.0445) (109 0.0443) (43 0.0437) (105 -0.0422) (38 0.0415) (51 0.0406) (71 -0.0406) (119 -0.0383) (125 -0.0362) (59 -0.0357) (121 0.0353) (80 -0.033) (22 0.0315) (50 -0.03) (55 0.0299) (83 0.0294) (36 0.0293) (70 0.0287) (79 0.0242) (86 0.024) (111 0.0227) (31 -0.0227) (90 -0.0227) (103 -0.0208) (120 -0.0202) (82 0.0198) (11 -0.0191) (73 0.0177) (30 -0.0169) (101 -0.0167) (113 0.0163) (92 -0.0158) (108 0.0156) (29 -0.0148) (85 -0.014) (115 0.0139) (99 0.0136) (88 0.0129) (40 -0.0124) (28 0.0121) (110 0.0115) (14 0.0113) (66 -0.0112) (91 -0.0105) (122 0.0103) (74 0.0102) 
   0.0044504   (72 -0.617) (44 0.463) (80 -0.365) (82 0.207) (48 0.198) (93 -0.147) (43 0.146) (46 -0.129) (79 0.122) (86 0.12) (71 -0.116) (83 0.106) (69 -0.0895) (47 0.0865) (98 -0.0822) (77 0.0656) (76 0.0585) (41 -0.058) (70 0.0576) (113 -0.0545) (90 0.0522) (75 -0.0509) (107 0.0502) (49 -0.0478) (78 0.0459) (68 0.0455) (84 0.0452) (96 -0.0401) (111 0.0397) (87 0.0338) (105 -0.0332) (42 0.0325) (109 -0.0309) (97 0.0301) (55 -0.0285) (85 -0.0282) (94 0.0263) (73 -0.0261) (45 0.026) (60 -0.0239) (123 -0.0238) (89 0.0238) (100 0.0227) (104 0.0216) (101 -0.0201) (58 0.02) (155 0.0196) (120 0.0178) (74 0.0172) (103 0.016) (91 0.0151) (124 0.015) (112 -0.0146) (51 -0.0144) (121 -0.0141) (119 0.0137) (114 0.0135) (125 0.0128) (88 0.0127) (115 -0.0117) (99 0.0115) (92 -0.0107) (110 0.0105) 
   0.0045371   (155 0.999) (44 -0.0332) 
   0.0047494   (44 0.751) (72 0.475) (43 0.22) (80 0.153) (46 -0.146) (79 -0.134) (41 -0.124) (48 0.0939) (42 0.0924) (86 -0.0848) (71 0.0803) (82 -0.08) (69 0.0685) (90 0.0588) (109 0.057) (45 0.0533) (113 0.0456) (47 0.0435) (83 -0.0425) (70 -0.0416) (98 0.0415) (85 0.0403) (107 -0.0381) (40 -0.037) (78 -0.0351) (111 -0.0329) (155 0.0314) (68 -0.0282) (49 -0.0275) (96 0.0274) (89 -0.0268) (84 -0.0265) (38 0.0264) (39 -0.0263) (15 -0.0256) (58 -0.0249) (105 0.0219) (87 -0.0212) (50 -0.0211) (57 0.0208) (100 -0.0192) (73 0.0191) (75 0.0184) (115 0.0182) (123 0.0178) (120 -0.0178) (65 0.0172) (104 -0.0165) (81 -0.0163) (114 -0.0162) (108 -0.0154) (93 -0.0151) (110 -0.0151) (101 0.0149) (124 -0.0148) (52 -0.0146) (22 0.014) (31 -0.0139) (76 -0.0129) (59 0.0119) (13 0.0118) (33 -0.0114) (55 0.011) (56 0.0107) (125 -0.0106) (116 -0.0105) 
     0.00483   (18 -0.975) (137 0.207) (17 -0.039) (15 0.0389) (16 -0.031) (22 0.0223) (7 0.0218) (13 0.0159) (19 -0.0123) (14 -0.0119) (33 0.0108) 
   0.0050702   (137 0.978) (18 0.207) 
   0.0053001   (7 -1) (18 -0.0212) 
   0.0053511   (5 -1) 
   0.0054605   (27 0.645) (26 0.371) (136 -0.35) (24 0.263) (13 -0.231) (36 -0.224) (25 -0.165) (29 -0.165) (40 -0.151) (37 0.134) (32 -0.121) (23 -0.09) (17 -0.0896) (33 0.0746) (31 -0.0499) (14 0.0483) (16 0.0478) (30 -0.0477) (39 0.0356) (78 0.0337) (22 -0.0295) (11 -0.0279) (21 0.027) (35 0.0269) (38 0.0265) (19 0.0251) (45 0.0247) (34 -0.0209) (28 -0.0202) (20 0.0191) (15 0.0183) (46 -0.0165) (41 0.0162) (12 0.0118) 
   0.0055967   (136 -0.937) (27 -0.241) (26 -0.139) (24 -0.0984) (13 0.0866) (36 0.0836) (25 0.0618) (29 0.0615) (40 0.0565) (37 -0.0499) (32 0.0451) (23 0.0337) (17 0.0335) (33 -0.0279) (31 0.0187) (14 -0.0181) (16 -0.0179) (30 0.0178) (39 -0.0133) (78 -0.0123) (135 0.0112) (22 0.011) (11 0.0104) (21 -0.0101) (35 -0.01) 
   0.0058851   (10 0.698) (17 0.538) (16 0.369) (13 -0.25) (24 -0.0867) (20 -0.0577) (14 0.0553) (15 0.0391) (18 -0.0379) (23 0.0376) (25 0.0376) (26 -0.0363) (36 -0.0342) (40 -0.0245) (21 -0.0237) (11 -0.0205) (37 0.0201) (22 0.0141) (33 0.0124) (78 0.0122) (12 0.0115) 
   0.0061284   (144 0.999) (10 -0.0272) (17 0.0173) (16 0.0116) 
   0.0067636   (10 0.715) (17 -0.535) (16 -0.358) (13 0.215) (24 0.0909) (20 0.0624) (14 -0.0468) (25 -0.0409) (36 0.0379) (23 -0.0378) (26 0.0374) (18 0.0367) (144 0.0352) (15 -0.0297) (40 0.0266) (21 0.0248) (11 0.0244) (37 -0.0216) (22 -0.0163) (33 -0.0154) (78 -0.0147) (12 -0.0115) 
   0.0069677   (11 0.886) (41 0.332) (12 0.274) (13 -0.0985) (44 0.0633) (42 0.0605) (40 0.0549) (15 -0.0516) (48 -0.0508) (14 0.0257) (46 -0.025) (36 0.0229) (38 -0.0213) (49 0.0165) (29 0.0133) (37 -0.0118) (61 -0.0117) (60 0.0115) (30 0.0112) (35 -0.0104) (109 -0.0104) 
   0.0074818   (142 0.999) (41 0.0427) (11 -0.0185) 
   0.0075409   (41 -0.876) (11 0.338) (42 -0.159) (40 -0.14) (44 -0.14) (12 0.107) (48 0.106) (46 0.085) (38 0.0577) (36 -0.05) (142 0.0494) (15 -0.042) (49 -0.0394) (22 0.0321) (29 -0.0309) (61 0.0297) (37 0.0289) (30 -0.0255) (35 0.0254) (34 0.0239) (60 -0.0231) (19 -0.0212) (74 0.0211) (52 -0.0208) (50 0.0193) (43 0.0192) (109 0.0183) (32 -0.0182) (56 0.0173) (31 -0.0164) (82 0.0146) (66 -0.0145) (39 -0.0141) (79 0.0137) (84 -0.0136) (45 0.0123) (24 -0.012) (67 0.0115) (26 -0.0109) (27 -0.0108) (80 0.0103) (87 0.01) 
   0.0079058   (12 -0.898) (11 0.268) (29 0.253) (30 0.192) (13 -0.0765) (28 0.0702) (27 0.0655) (32 -0.0281) (15 -0.0241) (31 0.024) (35 0.0238) (41 -0.0213) (33 -0.0198) (14 0.017) (67 0.0165) (19 0.015) (36 -0.0143) (48 -0.0126) (38 0.0122) (138 0.012) (34 0.0114) 
    0.008891   (138 0.985) (29 0.12) (30 0.0912) (12 0.0671) (28 0.0318) (27 0.0293) (11 -0.0209) (32 -0.012) (31 0.0104) 

 Largest eigenvalues
      31.223   (163 0.271) (164 0.95) 
      27.321   (36 -0.341) (40 -0.368) (78 -0.414) 
       15.77   (13 -0.249) (36 0.255) (40 0.234) (78 -0.748) (79 0.216) 
      13.197   (107 0.397) (109 0.752) 
      4.3275   (96 0.294) (123 0.461) (124 -0.486) 
       1.361   (163 0.962) (164 -0.268) 
      1.2232   (162 0.996) 
      1.1456   (165 -0.995) 
      1.1443   (88 0.369) (89 -0.752) (91 0.381) 
      1.1397   (100 0.502) (101 0.622) (106 0.467) 
      1.1318   (100 0.353) (106 -0.747) 
      0.9384   (112 -0.319) (115 -0.679) (116 -0.435) 
     0.89445   (104 0.69) (105 0.476) (106 0.359) 
     0.88766   (99 -0.659) (100 -0.376) (103 -0.315) 
     0.87274   (104 -0.254) (112 0.664) (130 -0.225) (135 0.217) 
     0.76459   (110 -0.498) (112 -0.34) (116 0.408) (118 0.288) (135 0.288) 
     0.67259   (110 0.711) (112 -0.31) 
     0.66866   (96 0.78) (99 0.324) 
     0.66194   (114 -0.46) (126 0.54) (135 0.392) 
      0.6022   (111 0.316) (113 0.481) (114 0.602) (126 0.287) 
      0.5856   (108 0.574) (113 -0.356) (114 0.433) 
     0.57881   (108 -0.652) (113 -0.427) 
     0.57182   (122 0.424) (124 0.387) (130 0.415) 
     0.56673   (123 -0.339) (125 -0.685) (130 0.346) 
     0.56517   (119 -0.464) (120 0.337) (121 -0.444) (122 -0.341) (125 0.332) 
     0.55124   (118 0.519) (119 0.482) (120 -0.321) 
     0.50315   (117 0.432) (119 -0.321) (121 0.342) (123 -0.435) (127 -0.353) 
     0.46944   (117 -0.654) (122 0.331) (126 0.328) (135 -0.323) 
     0.45581   (117 0.474) (119 0.288) (126 0.369) (135 -0.37) 
     0.39521   (91 -0.63) (92 -0.739) 
     0.39007   (124 0.371) (127 0.46) (135 -0.403) 
     0.31886   (93 -0.277) (94 -0.885) (103 0.219) 
      0.3055   (94 0.319) (103 0.695) (104 0.381) (105 -0.338) 
     0.26535   (102 -0.829) (103 -0.225) 
     0.25745   (98 -0.49) (116 0.286) 
     0.24605   (79 -0.344) (86 0.646) (98 0.302) 
     0.24207   (79 0.53) (98 0.574) 
     0.23029   (79 -0.509) (86 -0.599) 
     0.18987   (98 -0.396) (107 0.351) (111 0.477) (113 -0.367) 
     0.15678   (89 0.289) (90 -0.779) (93 0.331) 
     0.14584   (90 0.342) (93 0.316) (97 -0.563) (107 -0.384) 
     0.13588   (85 0.303) (93 -0.605) (107 -0.352) 
     0.12818   (85 -0.879) (97 0.235) 
      0.1207   (88 -0.593) (89 -0.34) (93 0.322) (97 0.325) 
     0.10856   (72 -0.386) (80 0.526) (82 -0.4) (83 -0.335) 
     0.10617   (76 0.274) (77 0.337) (80 -0.313) (83 -0.278) (97 0.289) 
     0.10336   (59 0.207) (66 -0.354) (71 0.251) (75 0.208) (76 -0.264) (82 0.226) 
      0.1003   (58 -0.436) (59 -0.462) (61 0.276) (62 -0.287) 
    0.095069   (59 0.528) (66 0.36) 
    0.091685   (59 -0.355) (66 -0.318) (97 -0.299) 
    0.087045   (61 0.454) (62 -0.453) 
    0.078874   (61 -0.353) (62 0.303) (64 -0.337) (66 0.451) (83 -0.28) 
    0.074401   (63 0.301) (64 0.693) 
     0.07351   (61 0.544) (62 0.512) 
    0.072704   (61 -0.377) (62 -0.417) (64 -0.383) 
     0.06719   (66 0.244) (71 0.23) (118 -0.39) 
    0.062181   (63 -0.257) (68 0.251) (74 -0.371) (75 0.252) (77 0.329) (82 -0.272) (87 0.232) (118 -0.252) 
    0.061596   (63 0.581) (87 0.295) 
    0.057852   (63 -0.562) (74 0.366) (87 0.289) 
    0.055711   (63 0.292) (67 -0.259) (68 0.372) (69 0.294) (71 0.387) (75 -0.276) (77 -0.287) 
    0.053678   (67 0.403) (74 -0.43) (82 0.348) 
    0.051233   (67 -0.537) (75 0.299) (77 0.306) 
    0.048305   (67 0.547) (68 0.352) (71 0.289) (74 0.32) 
    0.046376   (75 -0.315) (82 -0.364) (83 0.316) (87 -0.308) 
     0.04392   (34 -0.807) (35 -0.432) 
    0.042467   (34 0.325) (45 0.487) (46 0.616) 
    0.041965   (75 0.356) (76 0.34) (120 0.291) 
    0.040032   (51 0.272) (52 -0.268) (53 -0.467) (75 -0.302) (76 -0.342) 
    0.032899   (47 -0.302) (50 -0.281) (51 -0.316) (53 0.423) (75 -0.337) (76 -0.37) 
    0.031873   (29 0.5) (30 -0.626) (37 0.324) 
    0.029446   (29 -0.334) (30 0.396) (33 -0.319) (37 0.336) 
    0.027701   (33 0.253) (34 -0.245) (35 0.427) (50 0.302) (91 0.299) (92 -0.267) 
    0.027471   (34 0.32) (35 -0.63) (36 -0.344) (37 -0.38) 
    0.022514   (37 0.208) (50 -0.51) (52 -0.24) (53 -0.218) (76 0.233) (91 0.246) (92 -0.22) 
    0.021797   (130 -0.549) (131 0.588) (132 -0.3) 
    0.021031   (128 -0.578) (160 -0.809) 
    0.020175   (128 -0.577) (160 0.313) (161 0.754) 
    0.019506   (128 -0.577) (160 0.497) (161 -0.648) 
    0.016221   (15 -0.971) 
    0.015771   (140 -0.998) 
