 1 31.6228
 2 22.1693
 3 1.87626
 4 31.6228
 5 16.0192
 6 11.59
 7 31.6192
 8 1.01426
 9 31.4331
 10 29.5751
 11 0.985464
 12 27.8902
 13 31.6228
 14 31.5822
 15 0.904395
 16 31.6228
 17 31.5386
 18 1.00108
 19 31.6228
 20 26.8045
 21 5.88707
 22 31.6228
 23 30.0703
 24 2.57058
 25 15.0945
 26 14.9721
 27 1.8888
 28 31.3417
 29 10.0475
 30 12.0332
 31 21.6279
 32 2.67709
 33 27.8809
 34 14.3521
 35 6.98837
 36 16.7253
 37 31.4279
 38 31.5584
 39 1.38199
 40 24.322
 41 31.057
 42 1.29284
 43 21.6954
 44 28.7586
 45 1.86768
 46 31.5689
 47 13.4217
 48 19.9547
 49 30.4152
 50 13.5382
 51 14.3514
 52 9.05757
 53 30.6642
 54 16.3514
 55 9.27679
 56 11.745
 57 29.3034
 58 8.925
 59 9.12425
 60 10.1014
 61 4.3925
 62 1.31929
 63 21.2833
 64 16.1442
 65 0.970368
 66 21.1282
 67 30.0214
 68 3.09997
 69 31.6215
 70 31.6228
 71 28.1287
 72 5.02088
 73 31.6136
 74 1.35542
 75 31.57
 76 31.3449
 77 1.38667
 78 29.6551
 79 31.6035
 80 2.15403
 81 30.8343
 82 31.413
 83 16.122
 84 1.38552
 85 10.14
 86 1.40275
 87 31.3895
 88 1.10042
 89 1.04512
 90 1.25056
 91 2.45025
 92 18.1792
 93 27.0029
 94 21.1113
 95 28.2489
 96 30.1159
 97 16.4106
 98 14.8901
 99 9.09203
 100 25.6834
 101 30.1879
 102 9.71459
 103 11.6409
 104 10.715
 105 10.7114
 106 12.2291
 107 12.3006
 108 12.3868
 109 10.2236
 110 8.26917
 111 12.6257
 112 13.9662
 113 13.3213
 114 12.5272
 115 12.4733
 116 10.6725
 117 12.1811
 118 13.135
 119 11.4156
 120 8.45962
 121 10.6464
 122 6.69037
 123 7.69356
 124 5.50551
 125 5.12224
 126 6.89094
 127 4.51829
 128 8.77538
 129 7.33908
 130 7.14829
 131 4.11904
 132 4.44694
 133 4.57208
 134 5.84517
 135 2.67312
 136 6.67936
 137 2.88929
 138 2.83578
 139 2.84675
 140 3.07825
 141 3.03985
 142 2.67311
 143 2.80075
 144 3.69644
 145 3.7617
 146 3.38069
 147 2.90543
 148 5.18328
 149 3.8028
 150 3.26616
 151 3.52102
 152 4.71355
 153 4.36772
 154 3.5155
 155 4.37194
 156 4.81647
 157 6.77432
 158 0.180405
 159 0.30862
 160 0.271203
 161 3.71318
 162 3.39493
 163 15.8376
 164 27.2834
 165 0.571311
