 1 1000
 2 516.96
 3 21.5701
 4 1000
 5 413.177
 6 289.948
 7 999.831
 8 3.35542
 9 992.08
 10 884.094
 11 2.38241
 12 790.619
 13 1000
 14 997.871
 15 0.825522
 16 1000
 17 996.957
 18 3.01117
 19 1000
 20 840.932
 21 156.451
 22 1000
 23 948.78
 24 50.6467
 25 239.862
 26 253.813
 27 16.2714
 28 985.622
 29 201.578
 30 246.258
 31 488.532
 32 51.9935
 33 840.143
 34 211.761
 35 140.965
 36 375.467
 37 989.061
 38 997.719
 39 3.62847
 40 604.647
 41 968.846
 42 1.75186
 43 496.53
 44 860.722
 45 16.4829
 46 997.984
 47 392.024
 48 609.909
 49 939.041
 50 196.069
 51 291.201
 52 172.91
 53 952.02
 54 274.386
 55 165.194
 56 221.718
 57 893.697
 58 90.3161
 59 145.944
 60 172.433
 61 21.9714
 62 1.75862
 63 465.47
 64 304.563
 65 1.70717
 66 488.181
 67 946.914
 68 55.1819
 69 999.955
 70 1000
 71 883.294
 72 116.591
 73 999.583
 74 3.04617
 75 998.092
 76 983.425
 77 3.66992
 78 884.021
 79 999.155
 80 25.6246
 81 972.658
 82 990.127
 83 276.827
 84 2.69721
 85 107.604
 86 2.41798
 87 989.917
 88 1.71654
 89 1.64271
 90 1.91612
 91 8.82315
 92 404.449
 93 818.618
 94 556.192
 95 853.673
 96 935.693
 97 313.226
 98 273.439
 99 126.266
 100 703.832
 101 931.629
 102 115.409
 103 151.146
 104 131.467
 105 129.222
 106 159.848
 107 163.724
 108 167.094
 109 122.117
 110 93.9314
 111 177.318
 112 204.643
 113 188.597
 114 171.185
 115 175.088
 116 139.017
 117 169.385
 118 190.412
 119 147.351
 120 83.701
 121 121.396
 122 47.5003
 123 61.741
 124 36.2719
 125 28.802
 126 51.6935
 127 25.7071
 128 86.8793
 129 66.286
 130 59.4983
 131 20.0747
 132 20.7194
 133 22.1419
 134 35.2978
 135 8.55095
 136 45.6101
 137 9.61407
 138 8.97499
 139 9.05327
 140 10.4347
 141 10.9126
 142 8.49759
 143 9.10179
 144 14.7997
 145 15.0274
 146 12.4671
 147 9.91738
 148 28.9095
 149 15.8105
 150 11.862
 151 13.7899
 152 23.2665
 153 20.1249
 154 13.2062
 155 19.8574
 156 24.0353
 157 46.7582
 158 0.202528
 159 0.155784
 160 0.368187
 161 21.2388
 162 14.0211
 163 324.33
 164 805.849
 165 7.58423
