 1 55321
 2 647.28
 3 26.8035
 4 177312
 5 510.535
 6 358.215
 7 529384
 8 41.5867
 9 16155.7
 10 2444.98
 11 4.2162
 12 1714.99
 13 283958
 14 3782.74
 15 0.848505
 16 348492
 17 3658.54
 18 8.72451
 19 122215
 20 2167.76
 21 401.645
 22 162288
 23 3277.43
 24 172.394
 25 259.77
 26 318.636
 27 20.2888
 28 2743.75
 29 252.679
 30 307.08
 31 517.977
 32 66.6437
 33 1081.74
 34 218.392
 35 157.844
 36 422.508
 37 1524.52
 38 2989.21
 39 7.64393
 40 975.277
 41 4299.09
 42 2.05244
 43 686.65
 44 1492.44
 45 27.7836
 46 7408.45
 47 1072.91
 48 1474.74
 49 1876.79
 50 198.482
 51 359.459
 52 212.681
 53 2888.26
 54 307.219
 55 224.53
 56 307.082
 57 999.914
 58 91.4653
 59 154.821
 60 183.836
 61 22.2397
 62 1.76033
 63 487.123
 64 306.484
 65 1.71403
 66 494.181
 67 3532.57
 68 196.645
 69 138528
 70 174754
 71 2194.44
 72 286.554
 73 17025.5
 74 25.1801
 75 15873.8
 76 8236.94
 77 6.52746
 78 1949.24
 79 8479.51
 80 78.7981
 81 2753.93
 82 1581.16
 83 300.048
 84 2.80601
 85 137.833
 86 2.68238
 87 5168.61
 88 1.71673
 89 1.64273
 90 1.91635
 91 9.64066
 92 472.867
 93 1379.03
 94 925.77
 95 1725.01
 96 2002.26
 97 328.515
 98 284.992
 99 127.496
 100 824.703
 101 1463.48
 102 119.449
 103 153.808
 104 132.635
 105 130.002
 106 160.448
 107 164.453
 108 167.988
 109 123.031
 110 95.731
 111 178.41
 112 205.536
 113 189.242
 114 171.584
 115 175.543
 116 139.781
 117 169.912
 118 190.699
 119 147.813
 120 84.69
 121 121.985
 122 47.9181
 123 63.1583
 124 36.6455
 125 29.4186
 126 52.0705
 127 26.9776
 128 89.3382
 129 67.4348
 130 60.4261
 131 20.3832
 132 20.9598
 133 22.4725
 134 36.2686
 135 8.78883
 136 45.9856
 137 9.92614
 138 9.23569
 139 9.30139
 140 10.9481
 141 11.6318
 142 8.89346
 143 9.51388
 144 15.2333
 145 15.295
 146 12.7737
 147 10.4191
 148 30.0993
 149 16.4181
 150 12.137
 151 14.0867
 152 23.7232
 153 20.9888
 154 13.5715
 155 20.1719
 156 24.2368
 157 46.9931
 158 0.244027
 159 0.161874
 160 0.414186
 161 25.8919
 162 14.754
 163 1149.98
 164 2477.77
 165 12.3915
