 Smallest eigenvalues
  1.8404e-06   (9 1) 
  2.8695e-06   (48 -0.666) (49 -0.473) (42 -0.251) (51 0.234) (52 -0.206) (154 -0.195) (53 0.161) (46 0.129) (78 0.121) (47 -0.114) (14 0.108) (44 0.0854) (55 -0.0838) (54 0.0819) (13 -0.066) (33 -0.0619) (61 -0.0563) (56 0.0467) (38 0.0417) (24 0.0401) (45 -0.0381) (25 -0.0372) (40 0.0341) (34 0.034) (36 0.031) (17 -0.0252) (71 -0.0241) (73 -0.0221) (59 -0.0196) (43 -0.0193) (68 0.0192) (29 0.0189) (50 -0.0181) (37 -0.0177) (60 -0.0174) (62 0.0171) (79 -0.0154) (27 -0.0148) (57 0.0144) (28 -0.0137) (84 0.0132) (72 0.0122) (21 -0.0122) (39 0.0113) (88 0.0111) (76 -0.011) (77 -0.0107) (81 -0.0105) (35 -0.01) 
  3.5216e-06   (154 -0.981) (48 0.133) (49 0.0943) (42 0.0502) (51 -0.0466) (52 0.0411) (53 -0.0319) (46 -0.0258) (78 -0.0236) (47 0.0227) (14 -0.0217) (44 -0.017) (55 0.0167) (54 -0.0163) (13 0.0132) (33 0.0124) (61 0.0111) 
  5.6398e-06   (4 1) 
  5.7223e-06   (148 0.642) (44 -0.513) (42 -0.396) (46 -0.257) (45 -0.168) (43 -0.134) (48 0.113) (14 0.0909) (47 -0.0728) (78 0.0698) (33 -0.0643) (13 -0.0555) (24 0.0429) (40 0.0403) (34 0.0396) (51 -0.0388) (36 0.0379) (38 0.0371) (25 -0.036) (37 -0.0286) (26 0.0268) (53 -0.0235) (56 0.0223) (17 -0.0221) (55 -0.021) (52 -0.0203) (77 -0.02) (61 -0.0172) (16 0.0151) (71 -0.0148) (50 0.0137) (73 -0.0124) (27 -0.0108) (60 -0.0107) 
  6.1619e-06   (148 0.767) (44 0.429) (42 0.331) (46 0.215) (45 0.141) (43 0.112) (48 -0.0947) (14 -0.0761) (47 0.0609) (78 -0.0583) (33 0.0539) (13 0.0465) (24 -0.0359) (40 -0.0337) (34 -0.0332) (51 0.0325) (36 -0.0317) (38 -0.031) (25 0.0302) (37 0.024) (26 -0.0224) (53 0.0197) (56 -0.0187) (17 0.0185) (55 0.0176) (52 0.017) (77 0.0167) (61 0.0144) (16 -0.0127) (71 0.0124) (50 -0.0114) (73 0.0103) 
  7.2154e-06   (1 -0.987) (28 -0.11) (30 -0.0617) (33 0.0439) (29 -0.0426) (26 0.0338) (24 0.0318) (34 -0.0303) (27 -0.03) (25 -0.0297) (14 0.0181) (36 -0.0158) (42 0.0132) (37 0.0105) 
  8.1823e-06   (156 0.999) (28 -0.0328) (30 -0.0186) (33 0.0129) (29 -0.0129) (24 0.0104) (26 0.0103) 
  1.8076e-05   (28 0.656) (30 0.372) (33 -0.259) (29 0.258) (24 -0.208) (26 -0.207) (25 0.184) (34 0.182) (14 -0.181) (27 0.178) (1 -0.16) (13 0.116) (36 0.0895) (42 -0.0733) (37 -0.0647) (31 0.0619) (156 0.0499) (78 -0.0492) (16 -0.0485) (21 0.043) (17 0.0427) (20 -0.0424) (35 -0.0327) (48 -0.0309) (39 0.026) (32 0.0239) (38 0.0194) (79 0.0148) (15 -0.0147) (55 0.0147) (77 0.0142) (46 -0.0135) (19 -0.0131) (40 0.0124) (56 -0.0119) (43 0.0114) (53 0.0114) (50 -0.0113) (12 -0.0113) (22 -0.0111) (71 0.0106) (47 0.0106) (73 0.0105) (61 0.0104) 
  3.5143e-05   (19 -0.636) (20 -0.457) (46 -0.328) (44 0.327) (42 -0.27) (45 0.187) (22 -0.0946) (47 0.0887) (28 -0.0882) (48 0.0803) (43 0.0776) (16 0.0696) (17 -0.0656) (78 0.0545) (14 0.0425) (37 0.0321) (31 0.0313) (29 0.0285) (39 0.0275) (30 0.0264) (50 0.0256) (74 -0.0251) (32 -0.0236) (53 -0.0232) (38 0.0231) (33 -0.0215) (34 0.0215) (13 -0.0194) (72 0.0191) (68 0.0174) (63 -0.0162) (40 0.0155) (61 -0.0152) (67 -0.015) (23 0.0149) (35 -0.0147) (52 -0.0133) (56 0.0126) (55 -0.0115) (79 0.0107) (71 -0.0102) 
  0.00010664   (158 -0.999) (19 0.0207) (44 0.0186) (46 -0.0179) (20 0.0156) (42 -0.0147) (45 0.011) 
  0.00010843   (19 -0.464) (44 -0.433) (46 0.417) (20 -0.349) (42 0.341) (45 -0.257) (43 -0.159) (48 -0.14) (47 -0.129) (14 -0.0824) (78 -0.0822) (22 -0.0794) (24 -0.0693) (33 0.058) (13 0.0549) (25 0.0497) (34 -0.049) (26 -0.0442) (158 -0.0435) (36 -0.0433) (28 -0.0372) (40 -0.0339) (37 0.033) (38 -0.0324) (32 -0.0323) (55 0.0313) (61 0.0313) (41 -0.0308) (56 -0.0292) (16 0.0264) (50 -0.0247) (17 -0.0241) (77 0.0234) (74 0.0223) (49 0.0199) (72 -0.0181) (29 0.0179) (68 -0.0176) (35 -0.0172) (53 0.016) (71 0.0159) (67 0.0146) (81 0.0135) (66 -0.0131) (63 0.0126) (76 -0.0123) (39 0.0121) (57 0.0115) (62 -0.0108) 
   0.0001184   (3 -1) 
  0.00012984   (22 0.622) (24 -0.373) (14 0.336) (20 -0.293) (25 0.285) (17 -0.218) (13 -0.19) (21 -0.186) (19 0.152) (23 -0.128) (33 0.097) (29 -0.0848) (42 0.0547) (26 -0.0511) (32 0.0477) (38 -0.042) (34 -0.0402) (36 -0.0384) (46 -0.0327) (30 0.0321) (11 0.0236) (27 0.0232) (43 0.0218) (40 -0.0214) (16 -0.0211) (37 0.0185) (12 0.0185) (78 0.0179) (18 -0.0148) (57 0.0132) (51 -0.0115) (15 0.0107) (45 0.0105) (44 -0.0105) (47 -0.01) 
  0.00019097   (159 1) 
   0.0002165   (2 1) 
   0.0002434   (21 0.847) (14 0.27) (22 -0.227) (17 -0.219) (24 -0.195) (25 0.155) (13 -0.153) (33 0.07) (23 0.0535) (19 0.0534) (16 0.0466) (157 0.0463) (26 -0.04) (29 -0.0364) (42 0.0314) (30 0.0292) (36 -0.0254) (34 -0.023) (20 0.0227) (11 0.0192) (38 -0.0184) (78 0.016) (15 0.015) (40 -0.0144) (12 0.0141) (37 0.0133) (46 -0.0126) (47 -0.0125) (28 -0.0117) (31 -0.0114) (48 0.0104) 
  0.00027298   (157 0.999) (21 -0.0392) (14 -0.0125) (22 0.0105) (17 0.0101) 
   0.0002876   (8 -1) 
   0.0003045   (26 -0.619) (27 0.501) (150 -0.395) (25 -0.261) (24 0.203) (14 0.146) (33 0.132) (30 0.0914) (13 -0.0879) (32 -0.0834) (28 -0.0818) (34 -0.0742) (17 -0.0646) (36 -0.0566) (16 0.049) (37 0.0481) (20 0.0479) (51 0.0443) (35 0.0358) (48 0.0337) (22 0.0313) (21 -0.031) (42 0.0284) (47 0.0261) (31 0.0255) (78 0.0216) (15 0.0171) (19 -0.017) (53 0.0146) (75 -0.0134) (23 0.0119) (52 -0.0115) (40 -0.0114) (44 -0.0108) (38 -0.0105) 
  0.00031172   (150 -0.919) (26 0.266) (27 -0.215) (25 0.112) (24 -0.0872) (14 -0.0629) (33 -0.0569) (30 -0.0393) (13 0.0378) (32 0.0359) (28 0.0352) (34 0.0319) (17 0.0278) (36 0.0243) (16 -0.0211) (37 -0.0207) (20 -0.0206) (51 -0.019) (35 -0.0154) (48 -0.0145) (22 -0.0134) (21 0.0133) (42 -0.0122) (47 -0.0112) (31 -0.011) 
  0.00032466   (6 -1) 
  0.00033056   (22 -0.566) (21 -0.43) (25 0.317) (20 0.305) (24 -0.294) (14 0.232) (153 -0.223) (23 -0.174) (17 -0.171) (13 -0.128) (16 0.0814) (19 -0.081) (33 0.0772) (32 -0.0676) (34 -0.0436) (26 -0.0391) (27 0.0346) (15 0.0328) (30 0.0313) (36 -0.0271) (28 -0.0261) (78 0.0238) (37 0.0233) (48 0.0208) (39 0.0207) (42 0.0184) (35 0.017) (73 -0.0148) (51 0.0142) (12 0.0128) (56 0.0102) 
  0.00035406   (153 -0.975) (22 0.129) (21 0.0982) (25 -0.0725) (20 -0.0696) (24 0.0672) (14 -0.0531) (23 0.0398) (17 0.039) (13 0.0292) (16 -0.0186) (19 0.0185) (33 -0.0176) (32 0.0154) 
  0.00036373   (73 -0.651) (57 -0.457) (61 0.252) (70 0.217) (71 -0.189) (65 0.167) (78 -0.157) (74 -0.154) (62 -0.134) (52 0.134) (66 -0.129) (42 -0.103) (46 0.0994) (43 -0.0846) (60 0.0836) (51 0.0836) (59 0.0832) (56 0.0728) (55 -0.0704) (32 -0.0635) (69 -0.0488) (77 0.048) (79 0.0456) (44 0.0425) (38 0.0398) (20 -0.0394) (16 -0.0392) (72 0.0372) (54 -0.0366) (50 0.0309) (48 0.0297) (19 0.0297) (47 0.027) (41 0.0257) (89 -0.0237) (68 -0.0235) (40 0.0235) (122 0.0228) (84 0.0212) (45 -0.0199) (29 0.0198) (100 0.0187) (28 -0.0185) (115 0.0169) (37 -0.0166) (104 0.0162) (88 0.016) (63 0.016) (14 0.0158) (126 0.0146) (25 0.0137) (114 0.0136) (58 0.0135) (120 0.0117) (13 -0.0116) (152 -0.0111) (99 -0.0102) (123 -0.0102) (127 0.01) (125 -0.01) 
  0.00041877   (73 0.65) (57 -0.403) (61 0.243) (152 -0.233) (65 0.212) (66 -0.167) (70 0.167) (42 -0.141) (46 0.138) (62 -0.138) (59 0.128) (74 0.12) (52 0.115) (43 -0.104) (68 -0.093) (49 0.0818) (51 0.0786) (71 0.0785) (56 0.0764) (47 0.0709) (32 -0.0676) (14 0.0668) (44 0.0577) (54 -0.0544) (38 0.0525) (53 -0.0491) (39 0.0463) (72 -0.045) (13 -0.0423) (16 -0.0397) (69 0.0393) (33 -0.0385) (19 0.0359) (45 -0.0343) (41 0.0336) (60 0.0334) (120 0.0315) (29 0.0312) (20 -0.0307) (48 -0.0288) (79 -0.0287) (40 0.0276) (28 -0.026) (78 0.0259) (55 -0.0253) (37 -0.0225) (84 0.0213) (122 -0.0186) (63 0.0183) (89 -0.0181) (115 0.0181) (121 -0.0181) (50 0.0165) (125 -0.0164) (127 0.016) (36 0.0143) (58 0.0138) (21 -0.013) (30 -0.0129) (136 0.0127) (34 0.0122) (114 0.012) (126 -0.0119) (131 -0.0118) (99 -0.0113) (88 0.0109) (17 -0.0108) (118 0.0106) (100 0.0105) (67 0.0104) (104 0.01) 
  0.00044341   (152 -0.972) (73 -0.148) (57 0.102) (61 -0.0612) (65 -0.0527) (70 -0.0421) (66 0.0415) (42 0.0355) (46 -0.0346) (62 0.0345) (59 -0.0316) (52 -0.0295) (74 -0.027) (43 0.0264) (68 0.0225) (51 -0.0201) (49 -0.0197) (56 -0.0193) (47 -0.0175) (32 0.0173) (71 -0.0168) (14 -0.0164) (44 -0.0145) (54 0.0136) (38 -0.0133) (53 0.0119) (39 -0.0113) (13 0.0104) (72 0.0104) (16 0.0102) 
   0.0004771   (25 0.7) (24 0.688) (54 0.0721) (52 0.0671) (55 0.0635) (23 -0.0506) (53 -0.0492) (22 0.0458) (56 -0.0422) (26 -0.0374) (14 0.0373) (57 0.0349) (51 0.0347) (20 -0.0329) (46 0.0324) (13 -0.0308) (49 0.029) (21 0.0265) (27 0.0243) (29 0.0237) (16 0.0211) (39 0.0209) (47 0.0205) (43 -0.0187) (78 0.016) (42 -0.0155) (32 -0.0145) (48 -0.0135) (17 -0.0132) (44 0.0117) 
   0.0004862   (147 0.742) (52 0.306) (54 0.296) (55 0.272) (56 -0.191) (53 -0.184) (51 0.163) (57 0.128) (42 -0.119) (46 0.111) (49 0.0877) (25 -0.0865) (43 -0.0853) (24 -0.0658) (47 0.065) (48 -0.0508) (44 0.0499) (14 0.0493) (61 -0.0433) (32 -0.0374) (73 -0.0369) (33 -0.0339) (38 0.0322) (13 -0.0294) (78 0.0287) (45 -0.0276) (60 -0.0238) (40 0.022) (62 0.0213) (16 -0.02) (41 0.0197) (39 0.0186) (37 -0.0176) (19 0.0175) (28 -0.0162) (71 -0.0162) (36 0.0155) (34 0.0141) (23 0.0133) (50 -0.0125) (29 0.0118) (26 0.0108) (20 -0.0101) 
  0.00049402   (147 0.67) (52 -0.339) (54 -0.328) (55 -0.301) (56 0.212) (53 0.204) (51 -0.181) (57 -0.142) (42 0.132) (46 -0.123) (49 -0.0972) (43 0.0945) (25 0.0922) (47 -0.0721) (24 0.0694) (48 0.0563) (44 -0.0553) (14 -0.0548) (61 0.048) (32 0.0415) (73 0.0409) (33 0.0376) (38 -0.0357) (13 0.0327) (78 -0.0317) (45 0.0306) (60 0.0264) (40 -0.0244) (62 -0.0236) (16 0.022) (41 -0.0219) (39 -0.0207) (37 0.0194) (19 -0.0194) (28 0.018) (71 0.018) (36 -0.0172) (34 -0.0156) (23 -0.0145) (50 0.0139) (29 -0.0132) (26 -0.0117) (20 0.0113) (65 0.0104) 
  0.00049611   (54 -0.625) (53 0.395) (39 -0.366) (55 0.358) (52 0.295) (57 0.168) (42 -0.144) (40 0.114) (51 0.0983) (43 -0.0822) (46 0.0712) (49 0.0538) (78 0.0451) (56 0.0439) (44 0.0412) (48 -0.0384) (33 0.0374) (47 0.0331) (61 -0.0322) (60 -0.0314) (36 -0.0266) (38 -0.0264) (45 -0.0248) (71 -0.0231) (70 0.0228) (34 -0.0184) (151 -0.0173) (25 0.0168) (20 -0.0165) (37 0.015) (73 -0.0146) (41 0.0128) (62 0.0123) (77 -0.012) (69 -0.0118) (59 0.0102) 
  0.00052792   (151 -0.972) (39 0.202) (54 -0.0571) (40 -0.0508) (33 -0.0334) (53 0.0327) (38 0.0284) (55 0.0273) (52 0.0272) (42 0.0228) (37 -0.0214) (14 0.0208) (36 0.0183) (32 -0.0181) (34 0.0179) (57 0.0162) (25 -0.0129) (13 -0.0121) (49 -0.0116) (51 0.0116) (48 0.0115) (78 0.0114) 
  0.00058793   (39 -0.81) (54 0.283) (151 -0.235) (40 0.202) (53 -0.165) (55 -0.14) (33 0.135) (52 -0.135) (38 -0.116) (37 0.0878) (14 -0.0858) (42 -0.0836) (57 -0.0795) (32 0.0752) (36 -0.074) (34 -0.0727) (51 -0.0555) (25 0.0521) (78 -0.0507) (13 0.0505) (48 -0.045) (49 0.0445) (28 0.0384) (73 0.0383) (24 -0.0339) (56 -0.0288) (23 -0.0283) (47 0.0252) (19 -0.0239) (61 0.0238) (26 -0.0236) (35 0.0209) (71 0.02) (60 0.0177) (27 0.0168) (16 0.016) (43 -0.015) (77 0.0135) (50 -0.0127) (44 0.0118) (79 0.0116) (17 0.0116) (69 0.0115) (65 0.0109) (20 0.0109) (62 -0.0105) (68 -0.0101) 
  0.00058962   (70 -0.844) (71 0.374) (57 -0.26) (52 0.12) (49 -0.119) (51 0.0928) (73 -0.0811) (48 0.0765) (61 0.0722) (68 0.053) (42 -0.0416) (43 -0.0368) (32 -0.0344) (62 -0.0339) (46 0.0331) (69 0.0331) (60 0.0329) (74 -0.0319) (149 0.0307) (54 -0.03) (84 0.0294) (50 0.0292) (20 -0.0268) (75 -0.0243) (59 0.0233) (47 -0.023) (16 -0.0219) (38 0.0213) (56 0.0199) (125 -0.0197) (40 0.0176) (65 0.0176) (88 0.0176) (89 -0.0161) (120 0.0159) (39 -0.0158) (19 0.0155) (76 0.015) (44 0.015) (127 0.0147) (100 0.0143) (104 0.0127) (41 0.0124) (97 -0.0123) (123 -0.0122) (79 -0.0121) (28 -0.0115) (77 0.0113) (37 -0.0112) (122 0.0111) (114 0.0108) (126 0.0107) 
  0.00061123   (149 0.854) (49 0.37) (48 -0.18) (51 -0.136) (52 -0.122) (47 0.119) (42 -0.101) (46 0.0838) (55 -0.0814) (43 -0.0609) (70 -0.0601) (73 -0.0529) (53 0.0517) (50 -0.0468) (39 0.0468) (44 0.0428) (14 0.0368) (45 -0.0355) (78 0.0315) (32 -0.0264) (33 -0.024) (38 0.0222) (13 -0.0218) (61 -0.02) (54 -0.0196) (57 0.0195) (65 -0.0166) (68 0.0164) (59 -0.0164) (28 -0.015) (66 0.0148) (41 0.0144) (19 0.014) (37 -0.0135) (62 0.0129) (16 -0.0127) (25 -0.0122) (79 -0.0118) (23 0.0115) (34 0.0108) (29 0.0106) 
   0.0006263   (49 -0.601) (149 0.519) (48 0.292) (51 0.218) (52 0.194) (47 -0.194) (42 0.169) (70 0.149) (46 -0.14) (55 0.134) (43 0.103) (73 0.0922) (53 -0.0848) (39 -0.076) (50 0.0753) (44 -0.0716) (14 -0.0611) (45 0.0587) (78 -0.0523) (32 0.0457) (33 0.0398) (38 -0.0379) (13 0.0364) (54 0.0342) (68 -0.0303) (71 -0.0297) (61 0.0286) (65 0.0264) (59 0.0257) (28 0.0255) (66 -0.0247) (41 -0.0245) (19 -0.0242) (37 0.0229) (16 0.0225) (79 0.0202) (25 0.0196) (62 -0.0192) (23 -0.0188) (29 -0.0181) (34 -0.0178) (57 -0.0159) (36 -0.0155) (40 -0.0146) (77 0.0123) (56 0.0118) (120 -0.0113) (69 0.0113) (72 -0.0111) (74 0.0104) (30 0.0103) 
  0.00068247   (38 0.864) (20 -0.209) (39 -0.201) (23 0.184) (19 0.16) (40 -0.152) (42 0.126) (22 -0.126) (16 -0.102) (32 -0.0878) (43 0.0866) (46 -0.073) (37 -0.0726) (41 -0.0652) (21 -0.0587) (14 0.0454) (36 -0.0393) (44 -0.0361) (52 -0.0343) (57 0.0327) (13 -0.0304) (51 -0.0236) (33 0.0189) (25 0.0174) (55 0.0162) (47 -0.016) (34 -0.0149) (48 -0.0141) (56 -0.0137) (45 0.0132) (29 0.0126) (15 -0.0119) (78 -0.0114) 
  0.00080315   (23 0.539) (20 -0.441) (19 0.341) (22 -0.341) (38 -0.337) (32 0.223) (21 -0.18) (16 -0.147) (14 0.128) (28 0.106) (29 -0.0964) (24 0.0852) (13 -0.0792) (37 0.0497) (143 -0.043) (33 0.0392) (40 0.0357) (30 0.0353) (25 -0.0348) (39 0.0314) (17 -0.0304) (26 0.0215) (42 0.0205) (18 -0.0201) (15 -0.0143) (11 0.0134) (49 -0.0112) (48 0.0108) 
  0.00084658   (143 -0.999) (23 -0.0242) (20 0.0201) (19 -0.0156) (22 0.0153) (141 -0.0104) (38 0.0101) 
  0.00090694   (46 0.411) (48 0.398) (49 -0.336) (52 -0.322) (51 -0.284) (16 -0.279) (43 -0.26) (47 0.25) (42 -0.233) (44 0.141) (57 0.141) (55 0.094) (56 -0.0929) (32 -0.0894) (41 0.0878) (17 0.0872) (14 0.0717) (50 0.0642) (45 -0.0608) (53 0.0564) (38 0.0516) (78 -0.0493) (13 -0.0439) (25 0.0302) (40 0.0297) (39 0.0287) (24 -0.0253) (54 0.024) (29 0.024) (61 -0.0216) (36 -0.0215) (19 -0.0203) (28 -0.0194) (37 -0.0165) (77 0.0151) (60 -0.0146) (34 -0.0142) (26 -0.0138) (15 -0.0132) (70 0.0128) (84 0.0124) (21 0.0118) (20 -0.0109) (33 0.0104) 
   0.0011264   (16 -0.798) (17 0.298) (19 -0.256) (14 0.227) (20 0.183) (46 -0.137) (13 -0.131) (32 0.113) (42 0.106) (48 -0.103) (43 0.0958) (49 0.0832) (47 -0.0765) (52 0.0752) (51 0.0661) (29 -0.0554) (44 -0.05) (28 0.041) (38 -0.0393) (41 -0.0357) (21 0.034) (23 -0.033) (15 -0.0297) (39 -0.0283) (57 -0.0274) (33 0.027) (22 0.0253) (45 0.0236) (55 -0.0226) (11 0.0219) (18 0.0216) (56 0.0209) (37 0.0201) (50 -0.0187) (30 0.018) (24 0.0164) (40 -0.0164) (78 0.0139) 
   0.0012639   (146 -1) (136 0.0124) 
   0.0013881   (55 -0.679) (56 -0.369) (32 -0.315) (52 0.272) (57 0.24) (54 -0.177) (36 0.174) (33 -0.165) (51 0.139) (28 -0.0794) (39 -0.0775) (37 0.0754) (29 0.0716) (48 0.0686) (16 -0.0665) (20 -0.0646) (19 0.0594) (50 0.0568) (46 0.0543) (38 -0.0523) (78 -0.047) (49 -0.0458) (35 -0.0351) (43 -0.0327) (14 0.0308) (30 -0.03) (53 -0.0257) (61 -0.0254) (60 -0.0228) (72 0.0203) (13 -0.0196) (73 0.0181) (71 0.0168) (44 0.0161) (139 0.0154) (24 -0.0153) (79 0.0152) (70 0.0141) (68 -0.0135) (25 0.0134) (23 0.0126) (26 -0.0124) (15 -0.0114) (77 0.0109) 
   0.0015017   (32 -0.553) (36 0.398) (33 -0.365) (55 0.315) (37 0.187) (38 -0.171) (42 0.166) (52 -0.166) (56 0.157) (39 -0.157) (28 -0.135) (139 0.124) (29 0.118) (43 0.105) (51 -0.0961) (46 -0.0948) (54 0.0843) (57 -0.0829) (14 0.0768) (19 0.0752) (35 -0.0752) (16 -0.0657) (20 -0.0634) (41 -0.0577) (30 -0.0576) (13 -0.0489) (44 -0.0407) (40 -0.0404) (23 0.0282) (47 -0.0247) (50 -0.0243) (78 0.0241) (48 -0.021) (45 0.0194) (53 0.0189) (34 0.0179) (73 -0.0169) (27 -0.0117) (26 -0.0105) (71 -0.0103) (22 -0.0102) 
   0.0015368   (139 0.992) (32 0.0743) (36 -0.0525) (33 0.0482) (136 0.0337) (55 -0.0287) (37 -0.0245) (38 0.0221) (39 0.0207) (42 -0.0204) (28 0.0183) (52 0.0162) (29 -0.016) (56 -0.014) (43 -0.0124) (46 0.0108) (19 -0.0104) (14 -0.0102) 
   0.0015622   (13 -0.82) (14 -0.442) (36 -0.29) (33 -0.169) (34 0.0754) (29 0.0631) (134 -0.0357) (35 0.0338) (37 0.0331) (15 -0.0315) (30 -0.0291) (38 -0.0287) (32 -0.0268) (42 0.026) (28 -0.0234) (12 0.0205) (11 0.0182) (39 -0.0142) (72 -0.0137) (45 0.0117) (40 -0.0107) (17 -0.01) 
   0.0017588   (134 -0.78) (36 -0.457) (33 -0.273) (13 0.186) (14 0.178) (34 0.123) (29 0.0892) (35 0.0513) (32 -0.0492) (37 0.0466) (30 -0.0434) (38 -0.0426) (42 0.0398) (28 -0.0398) (39 -0.0303) (24 0.02) (25 -0.0185) (40 -0.0174) (19 0.0163) (45 0.0143) (17 -0.0142) (53 0.0127) (15 0.0113) (18 -0.0105) (26 0.01) 
    0.001863   (134 -0.624) (36 0.587) (33 0.351) (14 -0.198) (13 -0.186) (34 -0.158) (29 -0.115) (35 -0.066) (32 0.0631) (37 -0.0601) (30 0.0559) (38 0.0549) (42 -0.0512) (28 0.0511) (39 0.0387) (24 -0.0247) (25 0.0234) (40 0.0224) (19 -0.0205) (45 -0.0185) (17 0.0183) (53 -0.0161) (18 0.0134) (26 -0.0127) (15 -0.0123) (51 0.0123) (46 0.0123) (44 0.012) (78 -0.0117) (54 -0.0116) (48 -0.0113) 
   0.0019935   (29 0.769) (30 -0.353) (32 0.311) (53 0.218) (28 -0.185) (36 0.137) (54 0.13) (52 0.0872) (31 0.0853) (33 0.0816) (51 -0.0736) (50 -0.0704) (27 0.0701) (24 -0.0663) (71 -0.0595) (26 -0.0526) (19 0.0501) (69 -0.0479) (16 -0.0429) (25 0.0408) (68 0.0394) (46 -0.0356) (48 0.0317) (20 -0.0286) (37 -0.0275) (35 0.0274) (55 -0.0265) (40 -0.0263) (70 -0.0249) (74 0.023) (73 0.0228) (72 0.0221) (62 -0.0188) (42 0.0185) (45 0.0178) (47 -0.0171) (61 0.0165) (56 -0.0161) (78 -0.0158) (130 0.0155) (57 -0.0146) (65 -0.0144) (49 -0.0141) (15 0.0134) (41 0.0103) (81 0.0101) 
    0.002046   (71 -0.557) (69 -0.422) (68 0.4) (130 0.224) (70 -0.224) (74 0.215) (53 -0.187) (78 -0.174) (72 0.151) (73 0.145) (54 -0.116) (51 0.0894) (65 -0.0876) (67 -0.0855) (77 -0.0851) (57 -0.0747) (59 -0.0746) (46 0.0699) (131 0.0643) (63 -0.0617) (56 0.0538) (83 -0.0473) (66 0.0457) (43 0.0455) (42 -0.0451) (80 -0.0437) (60 0.0429) (75 0.0378) (52 -0.0327) (81 0.0307) (87 0.0288) (32 -0.0263) (61 -0.0263) (115 -0.0241) (79 0.0237) (86 -0.0231) (41 0.0229) (29 -0.0192) (50 0.0173) (48 0.0172) (58 -0.0159) (40 0.0154) (45 -0.0153) (96 0.0146) (118 -0.0134) (89 -0.0121) (16 -0.0119) (33 -0.0118) (100 0.0115) (36 -0.0113) (76 0.0104) (38 0.0103) (132 -0.0103) (55 -0.0101) 
   0.0022804   (130 0.535) (53 -0.528) (54 -0.326) (29 0.205) (50 0.19) (71 0.189) (52 -0.181) (69 0.167) (131 0.161) (51 0.145) (68 -0.11) (30 -0.0871) (73 -0.0843) (70 0.0773) (74 -0.0766) (32 0.0761) (61 -0.0734) (72 -0.0733) (55 0.0709) (43 0.0707) (132 -0.069) (62 0.0643) (46 0.0615) (56 0.0597) (48 -0.0534) (28 -0.0516) (57 0.0471) (78 0.0448) (45 -0.0413) (65 0.0344) (42 -0.0321) (49 0.031) (81 -0.027) (47 0.0261) (84 -0.0253) (31 0.0242) (19 0.0238) (35 0.0236) (24 -0.023) (59 -0.0226) (67 0.0222) (27 0.022) (60 -0.0205) (36 0.0198) (16 -0.0195) (63 0.0177) (90 0.0168) (75 -0.0165) (77 0.0165) (120 -0.0151) (14 0.0146) (26 -0.0142) (80 0.0132) (88 0.0115) (114 -0.0111) (25 0.0107) (20 -0.0105) 
   0.0023612   (130 0.745) (53 0.425) (54 0.262) (131 0.243) (29 -0.155) (50 -0.138) (52 0.136) (51 -0.128) (132 -0.122) (30 0.0663) (46 -0.0638) (43 -0.0636) (61 0.0593) (56 -0.0579) (32 -0.0524) (55 -0.0466) (62 -0.0451) (28 0.0405) (68 -0.0404) (59 0.038) (42 0.0359) (45 0.0335) (48 0.032) (71 0.0303) (66 -0.0202) (31 -0.0202) (49 -0.0201) (19 -0.0194) (47 -0.0193) (78 0.0188) (24 0.0184) (16 0.0183) (35 -0.0177) (27 -0.0169) (73 0.0167) (84 0.0152) (90 -0.014) (83 0.0136) (36 -0.0134) (77 0.013) (14 -0.0117) (70 0.0114) (86 0.0113) (57 -0.0109) (20 0.0108) (26 0.0107) (81 0.0102) 
   0.0025321   (23 -0.757) (20 -0.374) (19 0.259) (22 -0.246) (56 -0.225) (25 -0.177) (24 0.128) (32 0.101) (16 -0.0982) (57 -0.0759) (52 -0.0697) (28 0.0661) (15 -0.0625) (55 0.0619) (46 -0.0467) (21 0.0436) (42 0.0396) (29 -0.0382) (43 0.0364) (54 -0.0349) (51 -0.032) (48 -0.0281) (38 -0.0256) (78 0.0238) (26 0.0196) (37 0.0192) (60 0.019) (17 0.0189) (44 -0.0186) (11 0.0183) (59 -0.0164) (36 0.0159) (53 0.0152) (71 -0.0139) (120 -0.0137) (125 -0.0129) (33 -0.0127) (45 0.0114) (31 0.0106) 
   0.0026483   (60 -0.634) (59 0.451) (61 -0.43) (56 0.324) (62 0.136) (55 -0.11) (52 0.106) (57 -0.102) (78 -0.0989) (23 -0.086) (46 0.0759) (54 0.0717) (20 -0.0598) (48 0.0508) (133 0.0489) (43 -0.0396) (79 0.0361) (19 0.0347) (22 -0.0291) (49 0.0263) (44 0.026) (77 0.0255) (63 -0.0245) (16 -0.0239) (125 -0.023) (33 -0.0201) (58 0.02) (25 -0.0197) (51 0.0183) (108 -0.0176) (115 0.0169) (71 -0.0164) (119 0.0164) (45 -0.0144) (28 0.0141) (24 0.014) (38 0.0138) (15 -0.0135) (72 -0.0133) (84 -0.0133) (74 -0.013) (73 -0.0129) (68 0.0121) (69 -0.0118) (40 0.0118) (47 0.0114) (36 0.0114) (64 -0.0104) (80 -0.0102) 
   0.0026673   (133 0.752) (56 0.466) (57 0.268) (60 0.167) (61 0.126) (59 -0.119) (23 -0.115) (52 0.108) (55 -0.105) (50 -0.0922) (20 -0.0794) (54 0.077) (51 0.0597) (46 0.0542) (19 0.0534) (43 -0.0506) (53 -0.049) (62 -0.0457) (22 -0.0403) (48 0.0382) (16 -0.0369) (41 0.0363) (78 -0.034) (42 -0.0329) (71 0.0312) (25 -0.0221) (44 0.0211) (32 -0.0194) (68 -0.0183) (84 0.0145) (69 0.0145) (77 0.0124) (47 0.0123) (120 0.0123) (24 0.0116) (131 -0.0113) (70 -0.0111) (15 -0.0106) (49 0.0103) (38 0.0102) 
   0.0028701   (133 0.656) (56 -0.558) (57 -0.298) (60 -0.143) (23 0.139) (52 -0.132) (55 0.128) (61 -0.112) (50 0.105) (59 0.103) (20 0.0954) (54 -0.0936) (51 -0.0696) (46 -0.0681) (19 -0.0637) (43 0.061) (53 0.0553) (22 0.0483) (48 -0.0477) (78 0.0458) (16 0.0441) (62 0.0421) (41 -0.0414) (125 -0.0391) (42 0.038) (71 -0.0346) (25 0.0268) (44 -0.0262) (32 0.0224) (120 -0.0208) (68 0.0201) (124 -0.018) (123 -0.0172) (84 -0.0162) (77 -0.016) (69 -0.0158) (47 -0.015) (24 -0.0144) (49 -0.0138) (15 0.0132) (38 -0.0128) (127 0.0126) (70 0.0126) (21 -0.0118) (74 0.0118) 
   0.0035301   (40 0.883) (65 0.248) (39 0.182) (84 -0.137) (42 0.136) (66 -0.136) (38 0.132) (41 -0.0912) (61 -0.0744) (32 -0.0713) (43 0.0688) (57 0.0654) (62 0.0544) (59 -0.0538) (46 -0.0473) (29 0.0363) (87 -0.0335) (50 0.0316) (51 -0.0292) (47 -0.0283) (70 -0.026) (52 -0.0259) (36 -0.0245) (16 -0.0245) (68 0.0244) (20 -0.0243) (69 -0.0232) (15 0.0229) (129 0.0224) (19 0.0215) (30 -0.0214) (28 -0.021) (54 0.0204) (53 0.02) (86 -0.0195) (96 0.0189) (34 -0.0187) (78 0.0175) (91 0.017) (25 0.0168) (73 -0.0145) (60 0.0139) (24 -0.013) (44 -0.0124) (71 -0.0106) (85 0.0104) 
   0.0038382   (84 -0.866) (129 0.31) (65 -0.241) (87 -0.144) (66 0.134) (86 -0.0845) (61 0.0835) (78 0.0708) (57 -0.0697) (91 0.0626) (85 0.0611) (62 -0.0559) (120 0.0417) (59 0.0395) (40 -0.0358) (52 0.0357) (83 0.0336) (92 -0.0334) (117 -0.0309) (96 0.0306) (43 -0.03) (46 0.0296) (42 -0.0273) (77 -0.0242) (55 -0.0229) (88 0.0227) (103 -0.0211) (89 -0.0201) (115 -0.0191) (111 -0.0188) (56 0.0184) (51 0.0183) (124 0.018) (100 0.0177) (41 0.0173) (94 -0.0164) (107 -0.0162) (126 0.0162) (113 -0.0162) (116 0.016) (48 0.0154) (97 -0.0152) (68 -0.0148) (127 0.0141) (104 0.0141) (72 -0.014) (93 -0.0136) (70 0.0134) (108 -0.0133) (119 -0.0129) (39 -0.0128) (105 -0.0128) (69 0.0125) (114 0.0117) (50 -0.0116) (32 -0.0115) (44 0.0108) (47 0.0104) 
   0.0040285   (129 0.668) (65 -0.455) (84 0.394) (66 0.254) (40 0.223) (61 0.119) (50 0.0929) (62 -0.0866) (59 0.0754) (57 -0.0726) (87 0.072) (70 0.0628) (78 -0.0566) (69 0.0536) (68 -0.0509) (39 0.0474) (91 -0.0414) (86 0.0407) (38 0.0393) (85 -0.0319) (41 -0.0317) (71 0.0284) (96 -0.0266) (73 0.0253) (52 0.023) (32 -0.0222) (45 -0.0208) (115 0.019) (127 0.0162) (79 0.015) (92 0.0149) (60 -0.0147) (72 0.0145) (76 -0.0144) (103 0.0138) (29 0.0135) (43 0.0132) (74 -0.013) (94 0.0124) (108 0.0121) (42 0.0118) (20 -0.0112) (19 0.0112) (14 0.0109) (82 -0.0107) (63 -0.0105) (56 0.0102) 
   0.0040787   (129 0.675) (65 0.553) (66 -0.308) (40 -0.234) (61 -0.154) (62 0.11) (57 0.102) (59 -0.091) (50 -0.0862) (70 -0.067) (69 -0.0577) (68 0.0561) (39 -0.047) (38 -0.0464) (52 -0.0388) (32 0.03) (41 0.026) (73 -0.0247) (71 -0.0243) (78 0.0215) (45 0.0209) (56 -0.0187) (115 -0.0174) (46 -0.0168) (55 0.0166) (20 0.0166) (29 -0.0161) (51 -0.0161) (84 0.0156) (16 0.0144) (96 0.0144) (76 0.0136) (19 -0.0135) (79 -0.0134) (91 0.013) (14 -0.0129) (63 0.0127) (93 0.0124) (60 0.0115) (82 0.0111) (74 0.0106) (47 -0.0106) 
   0.0041375   (105 0.569) (96 -0.334) (103 0.304) (123 -0.263) (108 -0.213) (109 0.205) (124 0.2) (101 0.198) (99 -0.183) (106 -0.174) (119 0.141) (107 -0.13) (102 -0.126) (112 -0.116) (111 0.111) (98 -0.109) (104 -0.108) (115 -0.103) (117 -0.0818) (113 0.0715) (121 -0.07) (118 0.0699) (50 0.0685) (97 -0.0636) (122 -0.0585) (90 0.0559) (100 -0.0535) (94 0.052) (110 -0.0479) (125 0.0459) (114 0.0455) (120 -0.0433) (89 0.0384) (93 -0.0316) (82 -0.0296) (72 -0.029) (84 -0.0276) (92 0.0273) (85 -0.0183) (53 0.0179) (80 -0.0158) (54 0.0137) (126 -0.012) (65 0.0119) (71 -0.0114) (79 0.0108) (81 -0.0103) (83 0.0103) 
   0.0041601   (144 -0.999) (123 -0.0257) (124 0.021) (136 0.0186) 
   0.0043056   (50 0.898) (53 0.19) (54 0.156) (72 -0.122) (56 0.108) (52 0.098) (45 -0.0956) (51 -0.0895) (40 -0.0765) (59 -0.0666) (123 0.0647) (65 0.0642) (15 -0.0641) (48 -0.0635) (49 0.063) (57 0.0561) (124 -0.0553) (41 -0.0534) (71 -0.0531) (60 0.0527) (82 -0.0524) (43 0.0504) (84 -0.049) (119 -0.0439) (105 -0.0436) (96 -0.0415) (66 -0.0383) (115 0.0357) (69 -0.0355) (110 -0.0335) (70 -0.0332) (80 -0.0309) (107 0.0288) (68 0.0267) (108 0.026) (103 -0.0253) (125 -0.0247) (109 -0.0241) (117 0.0236) (101 -0.0223) (23 -0.022) (122 0.021) (87 0.0207) (39 -0.0199) (92 -0.0194) (121 0.0194) (79 0.0184) (47 0.0178) (73 0.0169) (32 0.0168) (111 0.0167) (44 0.0162) (81 -0.0161) (38 -0.0156) (83 0.0153) (91 -0.0152) (86 0.0147) (30 0.0141) (99 0.0141) (62 0.014) (55 -0.0137) (74 0.0135) (85 -0.0132) (90 0.013) (116 -0.0127) (114 -0.0116) (11 0.0112) (118 -0.0106) 
    0.004406   (72 -0.61) (45 -0.489) (80 -0.344) (81 -0.248) (44 0.185) (50 -0.171) (93 -0.151) (83 0.135) (71 -0.118) (87 0.117) (79 0.0996) (46 -0.0962) (98 -0.0805) (43 0.0687) (76 0.0658) (107 0.0632) (77 0.0627) (112 0.0593) (78 0.0532) (41 -0.0517) (86 0.0503) (48 0.0489) (70 -0.0395) (97 0.0395) (105 -0.0356) (89 0.035) (96 0.0331) (75 -0.0331) (100 0.0316) (90 -0.0284) (82 -0.0277) (91 0.027) (49 -0.0264) (123 -0.0261) (85 -0.0258) (55 -0.0254) (119 0.023) (155 -0.0219) (59 -0.0214) (69 -0.021) (74 0.0206) (115 -0.0182) (101 -0.0174) (104 0.0172) (57 -0.017) (103 0.0152) (60 0.0148) (113 -0.0143) (65 -0.0136) (68 0.0134) (124 0.0127) (117 -0.0127) (51 0.0125) (52 0.0123) (114 0.0122) (116 0.0117) (111 0.0116) (99 0.0103) (73 -0.0102) 
   0.0045913   (155 -0.999) (45 0.0319) (44 -0.0114) 
   0.0046381   (45 -0.736) (72 0.49) (44 0.255) (80 0.158) (46 -0.148) (79 -0.137) (43 0.13) (81 0.103) (71 0.0872) (41 -0.0863) (87 -0.0798) (107 -0.0629) (83 -0.0574) (91 0.049) (112 -0.0447) (90 -0.0441) (86 -0.0437) (98 0.043) (40 -0.0402) (85 0.0384) (48 0.0355) (78 -0.0352) (70 0.0335) (155 -0.0281) (100 -0.0261) (105 0.0257) (42 0.0251) (96 -0.0246) (59 0.0246) (117 0.0246) (115 0.0244) (36 -0.0241) (65 0.0228) (49 -0.022) (57 0.022) (15 -0.0203) (38 -0.0197) (76 -0.0196) (50 -0.0194) (14 -0.0194) (123 0.0185) (69 0.0179) (47 0.0176) (93 -0.0175) (89 -0.0171) (120 -0.0166) (75 0.0165) (116 -0.0157) (102 0.0151) (113 0.0148) (61 0.0147) (104 -0.0145) (62 -0.0144) (124 -0.0143) (119 -0.0141) (66 -0.0138) (114 -0.0128) (54 0.0104) (101 0.01) 
   0.0047712   (18 -0.97) (137 -0.23) (15 0.0364) (16 -0.0279) (19 -0.0277) (17 -0.0272) (7 -0.0213) (14 -0.0183) (20 0.0174) (23 -0.0156) (36 0.0147) (25 -0.0123) (24 0.0116) (32 0.0103) (29 -0.0101) 
   0.0050238   (137 -0.973) (18 0.23) (136 0.0125) 
   0.0052334   (7 1) (18 -0.0205) 
   0.0053388   (5 -1) 
   0.0053999   (33 0.372) (29 0.368) (28 0.357) (135 0.339) (32 -0.312) (26 0.246) (34 -0.219) (25 -0.217) (14 0.208) (24 0.206) (30 0.195) (27 -0.189) (36 -0.15) (13 -0.125) (37 0.0834) (17 -0.0793) (31 -0.0611) (22 0.0512) (16 0.0492) (42 0.0452) (38 -0.0408) (19 -0.0381) (78 0.0346) (21 -0.0309) (40 -0.029) (20 0.0254) (35 0.0238) (39 0.0201) (15 0.0153) (12 0.0151) (11 0.0145) (48 0.0138) (47 -0.0132) (46 -0.0115) 
   0.0055242   (135 0.941) (33 -0.134) (29 -0.133) (28 -0.128) (32 0.112) (26 -0.0886) (34 0.0788) (25 0.0782) (14 -0.0748) (24 -0.0741) (30 -0.0702) (27 0.0679) (36 0.0539) (13 0.0452) (37 -0.03) (17 0.0286) (31 0.022) (22 -0.0184) (16 -0.0177) (42 -0.0162) (38 0.0147) (19 0.0137) (78 -0.0122) (21 0.0111) (40 0.0104) 
   0.0057806   (10 0.723) (17 0.586) (16 0.264) (14 0.186) (13 -0.107) (24 -0.0732) (20 -0.059) (25 0.0556) (15 0.0379) (18 -0.0307) (21 0.0255) (26 -0.0229) (19 0.0225) (22 -0.0175) (33 0.0174) (34 -0.015) (12 0.0148) (78 0.012) (42 0.0102) 
   0.0059658   (145 -0.999) (10 -0.0271) (17 0.0208) 
    0.006472   (10 0.69) (17 -0.62) (16 -0.276) (14 -0.173) (13 0.103) (24 0.0794) (20 0.0666) (25 -0.0615) (145 -0.0362) (15 -0.0329) (18 0.0316) (21 -0.0282) (19 -0.0242) (26 0.0229) (22 0.0186) (33 -0.0183) (34 0.0175) (11 -0.0158) (78 -0.0148) (42 -0.0132) (12 -0.0116) (27 -0.0113) (28 -0.0111) (37 -0.0108) (32 0.0103) 
   0.0066759   (12 0.667) (11 -0.655) (41 0.334) (42 0.0626) (46 -0.0566) (45 -0.0407) (43 -0.0347) (15 -0.0335) (50 0.0304) (40 0.0234) (38 0.0189) (33 -0.0186) (48 -0.0168) (14 0.0158) (28 0.0129) (60 -0.0126) (36 0.0122) (31 0.0121) 
   0.0072164   (142 0.999) (41 0.0397) (12 -0.013) (11 0.0129) 
   0.0073512   (41 -0.871) (12 0.25) (11 -0.247) (42 -0.187) (46 0.147) (43 0.119) (45 0.0928) (40 -0.0682) (33 0.0606) (50 -0.0589) (38 -0.0516) (142 0.0463) (36 -0.0431) (14 -0.0411) (48 0.0388) (34 -0.0338) (35 0.0333) (39 0.0324) (28 -0.0301) (13 0.0294) (60 0.0284) (44 -0.0275) (19 0.0275) (15 -0.0268) (32 -0.0246) (25 0.0245) (74 0.024) (24 -0.0222) (31 -0.0209) (47 0.0207) (17 0.0201) (52 0.02) (16 -0.018) (23 -0.0176) (66 -0.0175) (26 -0.0154) (81 -0.0149) (30 0.0149) (80 0.0145) (56 0.0136) (62 0.0127) (79 0.012) (67 0.0119) (59 0.0118) (75 0.0118) (53 0.0106) (22 -0.0106) (54 0.0103) 
   0.0078068   (11 -0.667) (12 -0.66) (31 0.252) (30 -0.16) (28 0.111) (13 -0.0649) (14 0.0625) (29 -0.0581) (32 -0.0524) (33 0.0261) (37 -0.0237) (35 0.0211) (41 -0.0178) (15 -0.0176) (67 0.017) (43 -0.0137) (138 0.0128) (19 -0.0105) (68 0.0101) 
   0.0086856   (138 0.988) (31 0.106) (30 -0.0689) (28 0.0461) (11 0.0455) (12 0.0439) (29 -0.0245) (32 -0.02) (33 0.0103) 

 Largest eigenvalues
      42.201   (163 0.258) (164 0.954) 
      27.635   (14 -0.319) (32 -0.32) (33 0.291) (78 -0.32) 
      15.335   (14 0.249) (77 0.205) (78 -0.759) (79 0.216) 
      11.864   (115 0.698) (120 -0.499) 
      4.4748   (96 -0.292) (119 -0.364) (123 0.531) (124 -0.438) 
      1.4221   (163 0.966) (164 -0.255) 
      1.2233   (162 0.996) 
       1.146   (165 -0.996) 
      1.1428   (89 -0.49) (90 -0.592) (91 -0.445) 
      1.1363   (100 0.339) (101 0.73) (106 0.487) 
      1.1338   (101 0.332) (106 -0.771) 
     0.92968   (110 0.293) (114 0.767) 
     0.90039   (104 0.783) (105 0.394) 
     0.87349   (99 -0.669) (100 -0.389) (103 -0.313) 
     0.86715   (110 -0.519) (111 -0.449) 
     0.76118   (109 0.503) (111 0.3) (115 0.308) (136 0.29) 
     0.67383   (109 -0.708) (110 0.314) 
     0.66891   (96 -0.776) (99 0.298) 
     0.66289   (113 0.484) (126 0.507) (136 0.391) 
     0.60087   (110 -0.362) (111 0.312) (112 -0.402) (113 -0.554) 
     0.57788   (108 0.597) (111 -0.29) (113 -0.481) 
     0.57749   (108 -0.674) (111 -0.336) (112 0.303) 
     0.56949   (113 0.313) (122 0.48) (124 0.386) (131 -0.329) (132 -0.358) 
     0.56926   (122 -0.371) (124 -0.293) (125 -0.638) (132 -0.296) 
     0.55882   (115 0.368) (119 0.357) (120 0.47) (121 -0.332) (123 0.33) (125 0.313) 
     0.54368   (117 -0.429) (118 0.678) 
     0.49805   (116 0.365) (119 -0.475) (123 -0.398) (127 -0.333) (132 -0.288) 
      0.4816   (116 -0.622) (126 0.315) (136 -0.314) 
     0.44317   (116 0.556) (119 0.307) (122 0.295) (126 0.383) (136 -0.362) 
     0.44159   (92 -0.948) 
     0.39932   (124 0.365) (127 0.429) (136 -0.398) 
     0.32215   (94 -0.924) (103 0.217) 
     0.30464   (94 0.327) (103 0.69) (104 0.35) (105 -0.373) 
     0.28137   (102 -0.853) 
     0.26046   (98 -0.486) (112 -0.258) (115 0.201) (117 -0.262) (121 0.225) (124 -0.211) (126 -0.2) (127 0.252) 
     0.25687   (79 -0.348) (86 0.322) (87 0.57) (98 0.286) 
     0.23657   (79 0.522) (98 0.568) 
     0.23029   (79 -0.512) (86 -0.305) (87 -0.517) 
      0.2015   (98 -0.389) (107 0.417) (112 0.503) 
     0.16245   (90 0.478) (91 -0.671) (93 0.376) 
     0.14809   (91 0.325) (93 0.295) (97 -0.555) (107 -0.44) 
     0.13879   (85 0.287) (93 -0.625) (107 -0.379) 
     0.13008   (85 -0.856) (86 0.241) (97 0.238) 
     0.12432   (88 -0.498) (89 -0.521) (93 0.337) (97 0.312) 
     0.11417   (72 -0.386) (80 0.442) (81 0.445) (83 -0.373) 
     0.10938   (76 0.296) (77 0.329) (80 -0.329) (83 -0.272) (88 0.272) (97 0.272) 
      0.1079   (66 -0.315) (69 -0.335) (76 -0.312) 
     0.10305   (58 0.598) (59 0.341) (60 0.305) 
    0.097379   (58 -0.578) (66 0.3) (69 0.297) 
    0.094646   (58 0.374) (59 -0.31) (66 -0.253) (76 0.284) (97 -0.29) (107 0.283) 
    0.090932   (58 -0.304) (59 0.35) (60 0.449) (61 -0.279) (69 -0.301) 
    0.088185   (60 -0.29) (64 -0.38) (65 0.252) (66 0.396) (80 -0.228) (83 -0.296) 
      0.0792   (63 0.285) (64 0.722) (69 0.235) (76 -0.205) (83 -0.221) 
    0.074968   (61 0.341) (62 0.56) (63 -0.323) (69 0.328) 
    0.073675   (61 -0.303) (62 -0.545) (64 -0.312) 
    0.072138   (62 0.239) (66 0.224) (69 -0.289) (76 0.235) (80 0.212) (117 -0.225) (118 -0.316) (120 -0.218) 
    0.066614   (68 0.31) (74 -0.369) (77 0.322) 
    0.061406   (63 0.586) (64 -0.215) (68 -0.233) (71 -0.208) (80 -0.21) (81 0.26) (86 -0.245) 
    0.059159   (63 -0.546) (74 0.357) 
    0.055629   (63 0.273) (67 -0.296) (68 0.421) (71 0.372) (76 0.242) (77 -0.294) 
    0.053405   (67 0.432) (74 -0.41) (81 -0.354) 
    0.050671   (67 -0.549) (77 0.321) 
    0.048095   (67 0.543) (68 0.368) (74 0.305) 
     0.04659   (74 -0.276) (75 -0.247) (76 0.209) (77 -0.228) (81 0.364) (83 0.312) (86 0.224) (121 0.255) 
    0.043882   (35 -0.888) (43 0.323) 
    0.042354   (35 0.403) (43 0.718) 
     0.04175   (75 0.451) (121 0.363) 
    0.040293   (51 -0.528) (52 0.292) (75 -0.402) 
    0.032566   (47 0.351) (51 0.502) (75 -0.483) 
     0.03188   (26 0.538) (27 0.58) 
    0.029445   (26 -0.29) (27 -0.496) (30 0.391) (31 0.431) 
    0.027616   (30 -0.334) (31 -0.354) (34 0.281) (47 -0.42) (88 -0.304) 
    0.026942   (33 -0.326) (34 -0.729) (37 -0.331) 
    0.021987   (47 0.58) (88 -0.299) 
    0.021062   (131 0.624) (132 -0.481) 
    0.020956   (128 -0.578) (160 -0.809) 
    0.019881   (128 -0.577) (160 0.312) (161 0.755) 
    0.018876   (128 -0.577) (160 0.498) (161 -0.647) 
    0.015632   (15 -0.984) 
    0.015505   (140 -0.997) 
