 1 1000
 2 567.316
 3 4.94018
 4 1000
 5 617.352
 6 52.788
 7 999.957
 8 15.51
 9 980.372
 10 906.227
 11 4.56709
 12 740.689
 13 1000
 14 999.401
 15 0.814594
 16 1000
 17 999.186
 18 1.00666
 19 1000
 20 977.865
 21 20.0976
 22 1000
 23 995.096
 24 4.57188
 25 237.206
 26 269.459
 27 10.8979
 28 993.603
 29 321.838
 30 151.805
 31 524.823
 32 114.528
 33 724.038
 34 214.589
 35 193.682
 36 267.338
 37 989.936
 38 998.471
 39 3.06544
 40 589.263
 41 973.035
 42 1.73969
 43 480.615
 44 871.578
 45 13.9742
 46 998.11
 47 740.475
 48 262.098
 49 960.741
 50 184.188
 51 278.189
 52 197.533
 53 967.73
 54 275.787
 55 118.167
 56 242.83
 57 947.459
 58 80.7296
 59 131.477
 60 149.185
 61 29.2001
 62 1.75765
 63 213.486
 64 385.694
 65 1.95882
 66 421.951
 67 955.98
 68 46.1496
 69 999.922
 70 1000
 71 992.881
 72 6.89314
 73 999.748
 74 10.7283
 75 990.512
 76 989.955
 77 5.99835
 78 810.299
 79 999.246
 80 44.5713
 81 952.336
 82 991.587
 83 420.826
 84 2.34428
 85 133.065
 86 2.37674
 87 968.937
 88 1.71521
 89 1.64304
 90 1.8878
 91 8.65283
 92 424.435
 93 833.455
 94 542.235
 95 817.908
 96 924.84
 97 375.075
 98 274.158
 99 142.562
 100 726.101
 101 941.429
 102 112.702
 103 161.66
 104 146.645
 105 139.929
 106 167.811
 107 171.219
 108 174.111
 109 128.073
 110 94.263
 111 187.659
 112 204.989
 113 187.648
 114 171.158
 115 181.656
 116 139.084
 117 178.648
 118 197.364
 119 152.366
 120 91.4919
 121 125.388
 122 49.0529
 123 59.9871
 124 38.0622
 125 30.2955
 126 50.6497
 127 27.3888
 128 97.1147
 129 68.3569
 130 61.7812
 131 19.9374
 132 20.6934
 133 22.9697
 134 36.187
 135 8.91468
 136 47.148
 137 10.2283
 138 9.29127
 139 9.16322
 140 10.7753
 141 11.4935
 142 8.66872
 143 9.22605
 144 14.9108
 145 14.8186
 146 12.463
 147 10.0253
 148 24.83
 149 16.5607
 150 12.2558
 151 13.7002
 152 23.0582
 153 21.5612
 154 14.3475
 155 19.7264
 156 23.7492
 157 46.6994
 158 0.236437
 159 0.056445
 160 0.167389
 161 3.76533
 162 34.1474
 163 165.348
 164 258.49
 165 6.08355
