 1 31.6228
 2 23.5794
 3 1.12268
 4 31.6228
 5 23.8515
 6 2.99286
 7 31.6219
 8 1.43438
 9 31.0728
 10 29.947
 11 1.08125
 12 26.9401
 13 31.6228
 14 31.6111
 15 0.902438
 16 31.6228
 17 31.6044
 18 0.916995
 19 31.6228
 20 30.9779
 21 1.58585
 22 31.6228
 23 31.4842
 24 1.05875
 25 15.0114
 26 15.5751
 27 1.55989
 28 31.4992
 29 15.0192
 30 7.69507
 31 22.4553
 32 4.81846
 33 24.8605
 34 14.4834
 35 9.64422
 36 12.8631
 37 31.4456
 38 31.579
 39 1.35929
 40 24.0177
 41 31.1302
 42 1.29237
 43 21.343
 44 28.9902
 45 1.7778
 46 31.5716
 47 23.8524
 48 9.49728
 49 30.8604
 50 13.1984
 51 13.7003
 52 10.1197
 53 30.9664
 54 16.4508
 55 7.26192
 56 13.1493
 57 30.4745
 58 8.51181
 59 8.90173
 60 9.56071
 61 4.83709
 62 1.31568
 63 14.2818
 64 18.2266
 65 0.983697
 66 19.3172
 67 30.2941
 68 2.81378
 69 31.6206
 70 31.6228
 71 31.4272
 72 1.50245
 73 31.6173
 74 1.64168
 75 31.3409
 76 31.446
 77 1.48913
 78 28.3021
 79 31.6061
 80 2.76825
 81 30.2362
 82 31.451
 83 19.9131
 84 1.34379
 85 10.8743
 86 1.38044
 87 30.8837
 88 1.10256
 89 1.04787
 90 1.23357
 91 2.44444
 92 18.7567
 93 27.4015
 94 20.6144
 95 27.3814
 96 29.839
 97 17.9942
 98 14.7535
 99 9.70385
 100 26.0655
 101 30.3718
 102 9.5222
 103 12.0298
 104 11.3543
 105 11.1503
 106 12.5099
 107 12.5542
 108 12.6355
 109 10.4662
 110 8.29516
 111 13.0451
 112 13.9785
 113 13.29
 114 12.5342
 115 12.7282
 116 10.6356
 117 12.5394
 118 13.3896
 119 11.6223
 120 8.83905
 121 10.7599
 122 6.79675
 123 7.60861
 124 5.67811
 125 5.24598
 126 6.82967
 127 4.62211
 128 9.26138
 129 7.41772
 130 7.29241
 131 4.10756
 132 4.45059
 133 4.66703
 134 5.92142
 135 2.73602
 136 6.79908
 137 3.00676
 138 2.8962
 139 2.88001
 140 3.15742
 141 3.13258
 142 2.68957
 143 2.83693
 144 3.73782
 145 3.74518
 146 3.38923
 147 2.97465
 148 4.89887
 149 3.93753
 150 3.33363
 151 3.52302
 152 4.70406
 153 4.53841
 154 3.66989
 155 4.35528
 156 4.7713
 157 6.75578
 158 0.201904
 159 0.180938
 160 0.272143
 161 1.41386
 162 5.2746
 163 11.748
 164 15.5553
 165 0.913269
