 1 61832.9
 2 601.774
 3 5.19006
 4 248179
 5 644.083
 6 55.0388
 7 747175
 8 95.7015
 9 6359.04
 10 2729.57
 11 7.99464
 12 1417.72
 13 826730
 14 7750.77
 15 0.816035
 16 714591
 17 5046.57
 18 1.71923
 19 164313
 20 2833.79
 21 56.3856
 22 270006
 23 3958
 24 15.5323
 25 253.301
 26 311.115
 27 12.5338
 28 3344.36
 29 364.583
 30 170.95
 31 526.799
 32 118.261
 33 749.022
 34 221.394
 35 203.627
 36 282.133
 37 1531.39
 38 3128.58
 39 6.1599
 40 936.706
 41 4920.4
 42 1.9873
 43 652.772
 44 1515.49
 45 23.4864
 46 6460.68
 47 2041.85
 48 650.766
 49 2031.47
 50 186.219
 51 322.752
 52 232.437
 53 3008.22
 54 303.18
 55 143.75
 56 300.66
 57 1369.22
 58 82.4025
 59 146.577
 60 167.483
 61 29.2504
 62 1.75801
 63 214.933
 64 388.922
 65 1.96537
 66 424.748
 67 3707.9
 68 174.059
 69 97278
 70 350894
 71 3139.35
 72 17.8903
 73 21538.3
 74 103.331
 75 10690.9
 76 10883
 77 8.92859
 78 1306.1
 79 11039.8
 80 113.196
 81 2252.94
 82 2281.82
 83 460.053
 84 2.45694
 85 171.177
 86 2.66191
 87 2144.86
 88 1.71529
 89 1.64305
 90 1.88791
 91 9.30332
 92 502.874
 93 1419.62
 94 850.941
 95 1483.03
 96 1896.48
 97 395.298
 98 284.317
 99 143.984
 100 848.903
 101 1545.34
 102 116.465
 103 164.484
 104 148.412
 105 140.773
 106 168.597
 107 172.14
 108 174.982
 109 128.906
 110 95.9887
 111 188.529
 112 205.944
 113 188.356
 114 171.504
 115 182.133
 116 139.748
 117 179.032
 118 197.662
 119 152.749
 120 92.4579
 121 125.931
 122 49.516
 123 60.8902
 124 38.4127
 125 30.8165
 126 50.9686
 127 28.5966
 128 98.7919
 129 69.4182
 130 62.8878
 131 20.187
 132 20.8955
 133 23.2418
 134 36.8884
 135 9.12535
 136 47.4181
 137 10.41
 138 9.49739
 139 9.36073
 140 11.0389
 141 12.0648
 142 8.96068
 143 9.48008
 144 15.1301
 145 15.0514
 146 12.7323
 147 10.3139
 148 25.1354
 149 16.9139
 150 12.5158
 151 13.9755
 152 23.4344
 153 22.1666
 154 14.6434
 155 19.9432
 156 23.9406
 157 46.9317
 158 0.280346
 159 0.0581716
 160 0.180775
 161 3.95196
 162 36.5701
 163 194.312
 164 263.571
 165 6.54713
