 Smallest eigenvalues
  1.2096e-06   (9 1) 
  1.3302e-06   (47 0.808) (49 -0.38) (41 0.268) (40 -0.172) (39 0.128) (46 0.0996) (50 0.0889) (154 0.0838) (57 0.081) (51 0.0759) (56 -0.0701) (82 0.0668) (48 0.0592) (52 0.0585) (44 -0.054) (30 -0.0497) (43 0.0428) (55 0.0427) (13 -0.042) (53 -0.0419) (15 0.0363) (42 -0.0362) (81 -0.0351) (59 -0.0349) (31 0.0348) (67 0.0332) (17 -0.0286) (21 -0.028) (38 0.0271) (78 0.027) (68 -0.0265) (20 -0.0254) (33 -0.0243) (84 0.0239) (24 -0.0238) (26 -0.0229) (29 -0.022) (77 0.0191) (54 0.0188) (80 0.0171) (25 0.0168) (61 0.0161) (66 -0.016) (37 -0.016) (34 0.0151) (79 -0.0146) (76 -0.0144) (16 0.0138) (74 0.0125) (27 0.012) (89 -0.012) (69 -0.011) (88 0.011) (28 -0.0106) (23 0.0103) 
  1.3994e-06   (154 0.996) (47 -0.068) (49 0.0318) (41 -0.0226) (40 0.0145) (39 -0.0109) 
  2.8499e-06   (6 1) 
  3.7036e-06   (43 0.512) (45 -0.413) (46 -0.349) (41 0.345) (44 -0.309) (150 -0.278) (47 -0.231) (40 -0.204) (39 0.14) (48 0.117) (82 0.0527) (56 -0.0508) (30 -0.0506) (57 0.05) (13 -0.0362) (31 0.0358) (15 0.0309) (50 -0.0285) (53 -0.0278) (26 -0.0277) (81 -0.0245) (17 -0.0243) (68 -0.024) (21 -0.0237) (20 -0.0235) (55 0.0227) (38 0.0222) (54 0.0222) (24 -0.0219) (33 -0.0204) (59 -0.0182) (84 0.0177) (78 0.0176) (67 0.0176) (80 0.0165) (37 -0.0157) (79 -0.0144) (34 0.0143) (16 0.0142) (66 -0.0132) (49 -0.0114) (52 0.0109) 
  4.0293e-06   (150 -0.961) (43 -0.148) (45 0.12) (46 0.101) (41 -0.0998) (44 0.0893) (47 0.0667) (40 0.0592) (39 -0.0406) (48 -0.0338) (82 -0.015) (30 0.0147) (56 0.0147) (57 -0.0144) (13 0.0105) (31 -0.0104) 
   6.086e-06   (2 -0.997) (31 0.0606) (30 -0.0312) (33 0.028) (32 -0.0123) (34 -0.0121) 
  1.0277e-05   (153 -0.993) (31 0.0937) (30 -0.0484) (33 0.0435) (32 -0.0194) (34 -0.018) (26 -0.0136) (39 -0.0102) 
  1.6173e-05   (31 -0.769) (30 0.398) (33 -0.357) (32 0.159) (34 0.148) (153 -0.121) (26 0.112) (39 0.0836) (2 -0.0772) (17 0.0594) (20 0.0578) (24 0.0571) (41 0.0556) (27 -0.0536) (40 -0.053) (13 0.0462) (15 -0.0447) (36 -0.0396) (21 0.0374) (82 -0.0365) (43 0.0343) (42 -0.0284) (25 -0.0259) (44 -0.023) (47 0.0215) (16 -0.0214) (81 0.0208) (48 -0.0196) (28 0.0184) (23 -0.015) (46 0.0131) (53 0.012) (56 0.0119) (22 -0.011) (75 -0.0109) (67 -0.0105) (68 0.0103) (19 -0.0101) 
  3.5221e-05   (20 0.65) (21 -0.512) (45 0.401) (22 0.16) (41 0.152) (47 -0.135) (44 -0.129) (46 0.107) (40 -0.0917) (17 0.0838) (43 0.0795) (39 0.0748) (23 -0.0719) (42 -0.0707) (36 -0.0613) (56 -0.0378) (30 -0.0353) (24 -0.0341) (31 0.0314) (25 0.0312) (35 -0.0301) (55 0.0284) (27 0.0282) (15 -0.0271) (78 0.0267) (73 0.0263) (50 -0.0252) (29 -0.0247) (34 0.024) (26 -0.0237) (72 0.0236) (48 0.0213) (53 -0.021) (57 0.0204) (67 0.0202) (49 -0.0184) (33 0.018) (28 0.0177) (82 0.0177) (62 0.0151) (81 -0.0144) (32 -0.0139) (69 -0.0123) (61 0.0121) (84 0.0114) (65 0.011) 
   8.591e-05   (155 0.998) (45 0.0463) (20 -0.0289) (21 0.0202) (47 -0.0167) (41 0.0151) (40 -0.0146) (44 -0.0137) (46 0.0123) (42 -0.0113) 
  8.8156e-05   (45 -0.662) (20 0.407) (21 -0.283) (47 0.239) (41 -0.216) (40 0.209) (44 0.196) (46 -0.176) (42 0.162) (43 -0.117) (39 -0.1) (22 0.0901) (17 0.0719) (155 0.07) (23 -0.0551) (48 -0.0518) (82 -0.049) (53 0.0459) (49 0.041) (15 -0.0395) (55 -0.0388) (54 -0.0387) (57 -0.0349) (81 0.0337) (13 0.0318) (56 0.0314) (67 -0.0282) (78 -0.0277) (73 -0.0276) (72 -0.0271) (30 0.0229) (35 -0.0217) (32 -0.0203) (26 0.0197) (59 0.0176) (38 -0.0163) (52 0.016) (84 -0.0158) (62 -0.0155) (29 -0.0152) (36 0.0152) (25 0.0147) (74 -0.0141) (65 -0.014) (16 -0.0136) (31 -0.0133) (69 0.0132) (61 -0.0121) (37 0.0112) (51 0.0107) (64 -0.0104) (89 0.0101) (34 -0.0101) 
  0.00012252   (1 1) 
  0.00014008   (13 -0.93) (15 -0.306) (16 -0.12) (17 0.0843) (14 -0.0704) (21 0.0587) (20 0.049) (24 0.0448) (30 0.0345) (41 -0.0277) (18 -0.0261) (39 -0.0227) (40 0.0224) (22 -0.0201) (11 0.0199) (33 0.0194) (25 -0.0187) (23 -0.0172) (29 0.0156) (26 0.0151) (12 -0.0148) (31 -0.0146) (38 -0.0117) 
  0.00018421   (159 1) 
  0.00020253   (3 1) 
  0.00024911   (16 0.843) (15 0.41) (17 0.226) (13 -0.201) (21 0.0856) (20 0.0837) (24 0.073) (18 -0.0509) (30 0.0451) (25 -0.0317) (23 -0.0309) (40 0.0227) (39 -0.0227) (41 -0.0218) (33 0.0199) (31 -0.0189) (29 0.0179) (22 -0.0177) (26 0.0151) (158 0.0133) (34 -0.0116) 
  0.00025624   (158 1) (16 -0.0112) 
  0.00025954   (7 1) 
  0.00028244   (25 0.935) (24 -0.162) (152 -0.138) (28 0.137) (23 0.116) (30 0.083) (20 -0.0792) (17 -0.0744) (21 -0.0682) (13 -0.058) (15 0.0474) (36 -0.0434) (16 0.0424) (31 -0.0398) (49 -0.0397) (22 0.0393) (29 0.0372) (47 -0.0351) (27 -0.0337) (33 0.0313) (41 -0.0276) (39 -0.0272) (46 0.0218) (26 0.0215) (48 -0.0214) (40 0.021) (32 -0.0158) (45 -0.0156) (82 0.0151) (56 -0.0146) (35 0.0125) (19 0.0114) (34 0.0111) 
  0.00029039   (152 -0.99) (25 -0.131) (24 0.0226) (28 -0.0192) (23 -0.0162) (30 -0.0116) (20 0.0111) (17 0.0104) 
   0.0002977   (5 1) 
  0.00031943   (18 0.719) (17 -0.603) (19 -0.194) (20 0.167) (16 0.0976) (15 0.0955) (13 -0.0951) (21 0.0853) (22 -0.0758) (156 -0.0607) (23 -0.0546) (30 0.0424) (25 -0.0362) (24 0.0255) (47 -0.0168) (40 0.0157) (28 0.0156) (36 -0.0151) (29 0.0149) (82 0.0144) (41 -0.0143) (32 -0.0141) (56 -0.0131) (31 -0.012) (49 -0.0114) (14 -0.0111) (43 -0.0108) (42 0.0105) 
  0.00032391   (156 -0.998) (18 -0.0437) (17 0.0367) (19 0.0118) (20 -0.0102) 
  0.00034721   (74 0.708) (57 -0.382) (59 0.35) (73 -0.213) (70 -0.19) (66 -0.152) (53 -0.14) (41 0.115) (54 0.0941) (52 -0.0839) (56 -0.082) (55 0.079) (82 -0.0764) (72 0.0759) (46 0.0662) (43 -0.0655) (67 -0.0639) (42 0.0602) (40 -0.0592) (71 -0.056) (44 0.0485) (45 -0.0473) (51 -0.0466) (50 0.0421) (33 -0.0412) (38 0.0411) (48 -0.0391) (68 0.0332) (81 0.0327) (39 0.0302) (26 -0.0292) (21 -0.0289) (15 0.0266) (122 0.0258) (89 -0.0256) (47 -0.0252) (13 -0.0252) (97 0.0248) (75 -0.0238) (20 -0.0227) (30 -0.0221) (60 -0.0211) (37 -0.0197) (99 -0.0196) (65 0.0192) (80 -0.0186) (79 0.0176) (88 0.0158) (115 -0.0151) (34 0.0143) (90 -0.0138) (121 -0.0137) (101 0.0135) (116 0.0129) (151 0.0127) (29 -0.0126) (125 -0.0124) (100 -0.0123) (104 0.0116) (107 -0.0114) (62 -0.0113) (23 -0.0106) (69 0.01) 
  0.00042317   (74 -0.603) (57 -0.439) (59 0.348) (66 -0.228) (73 0.202) (70 -0.191) (151 0.183) (41 0.147) (46 0.121) (48 -0.109) (39 0.105) (53 -0.105) (54 0.0966) (67 -0.089) (52 -0.0873) (40 -0.0867) (49 0.0843) (42 0.0743) (56 -0.0654) (45 -0.0637) (43 -0.061) (33 -0.0567) (72 -0.0485) (13 -0.0457) (38 0.0442) (15 0.0434) (30 -0.0431) (44 0.0414) (26 -0.0388) (20 -0.0367) (65 0.035) (21 -0.0347) (78 -0.0297) (119 -0.0295) (84 0.0263) (37 -0.0261) (55 0.0255) (29 -0.0236) (34 0.0234) (31 0.0233) (68 0.0229) (17 -0.0225) (60 -0.0221) (126 -0.0194) (89 -0.0193) (71 0.0192) (124 -0.0183) (116 0.0178) (22 0.0162) (118 0.0147) (97 0.014) (115 -0.0139) (122 -0.0138) (125 0.0138) (62 -0.013) (134 -0.0129) (27 0.0119) (120 0.0115) (75 0.0112) (61 -0.011) (50 -0.011) (129 0.0106) (64 0.0104) (63 -0.01) 
  0.00045072   (151 0.983) (74 0.103) (57 0.0869) (59 -0.0693) (66 0.0442) (70 0.0378) (73 -0.0347) (41 -0.0293) (46 -0.0236) (53 0.0215) (48 0.0209) (39 -0.0202) (54 -0.0193) (52 0.0175) (67 0.0173) (40 0.0172) (49 -0.0159) (42 -0.0149) (56 0.0133) (45 0.0127) (43 0.0124) (33 0.0113) 
  0.00045469   (22 -0.891) (21 -0.416) (20 -0.0895) (23 0.0718) (24 0.0675) (51 -0.0643) (52 0.0393) (49 0.0393) (18 -0.0381) (48 -0.0372) (53 0.0284) (46 0.0231) (16 0.0217) (13 -0.0189) (57 0.0189) (19 0.0183) (17 -0.0182) (39 0.017) (54 -0.0155) (26 0.015) (15 0.0133) 
  0.00046174   (148 -0.565) (51 -0.515) (48 -0.286) (52 0.269) (49 0.268) (53 0.209) (41 0.16) (46 0.159) (54 -0.123) (57 0.107) (39 0.0962) (22 0.0924) (40 -0.0922) (50 0.0826) (42 0.0714) (45 -0.0641) (59 -0.0621) (55 0.057) (33 -0.0437) (30 -0.0421) (47 0.0417) (43 -0.0403) (13 -0.034) (15 0.0335) (26 -0.032) (56 -0.0305) (74 0.0299) (38 0.0299) (31 0.0249) (44 0.0214) (82 0.021) (20 -0.0203) (34 0.0185) (67 0.0171) (37 -0.0164) (24 -0.0164) (68 -0.0153) (17 -0.0144) (29 -0.0144) (21 0.0138) (73 -0.0124) (81 -0.0105) (27 0.0105) (84 0.0105) 
  0.00049366   (148 -0.825) (51 0.353) (48 0.196) (52 -0.184) (49 -0.184) (53 -0.143) (41 -0.11) (46 -0.109) (54 0.0843) (57 -0.073) (39 -0.0661) (40 0.0633) (22 -0.0601) (50 -0.0566) (42 -0.049) (45 0.044) (59 0.0425) (55 -0.0391) (33 0.03) (30 0.0289) (47 -0.0286) (43 0.0277) (13 0.0234) (15 -0.023) (26 0.0219) (56 0.0209) (74 -0.0205) (38 -0.0205) (31 -0.0171) (44 -0.0147) (82 -0.0143) (20 0.0143) (34 -0.0127) (67 -0.0117) (37 0.0113) (24 0.011) (68 0.0105) 
  0.00053138   (52 -0.684) (39 -0.381) (53 0.37) (50 0.271) (41 0.21) (40 -0.205) (48 -0.159) (49 0.112) (57 0.106) (51 0.0991) (55 -0.0827) (46 0.0811) (54 -0.0658) (42 0.0617) (59 -0.0567) (45 -0.0401) (56 -0.04) (38 0.0263) (70 -0.0203) (149 -0.0193) (47 0.0178) (43 -0.0177) (82 0.0161) (21 -0.0154) (68 -0.0149) (67 0.0127) (81 -0.0109) (84 0.0104) (37 -0.0102) 
  0.00054529   (149 -0.932) (39 0.304) (52 -0.129) (40 0.0962) (41 -0.0588) (53 0.0578) (50 0.053) (30 -0.0228) (57 0.0225) (33 -0.0186) (26 -0.0159) (55 -0.0148) (44 0.0143) (43 -0.0138) (82 0.0133) (47 -0.0132) (59 -0.0124) (31 0.0123) (56 -0.0121) (74 0.0121) (20 -0.012) (15 0.0118) (13 -0.0106) (54 -0.0101) 
  0.00056004   (39 -0.759) (52 0.368) (149 -0.363) (40 -0.236) (53 -0.168) (50 -0.151) (41 0.14) (57 -0.0633) (30 0.0583) (33 0.0481) (55 0.0423) (26 0.0414) (44 -0.0367) (43 0.0365) (82 -0.0351) (59 0.0348) (56 0.0333) (47 0.033) (74 -0.0318) (31 -0.0314) (20 0.031) (15 -0.0306) (54 0.0295) (13 0.0276) (34 -0.0228) (67 -0.0197) (21 0.0196) (22 -0.0188) (81 0.0178) (68 0.0174) (46 0.016) (73 0.0151) (48 0.0133) (23 -0.0132) (17 0.0121) (49 0.0115) 
  0.00057337   (70 0.911) (57 -0.209) (72 -0.182) (59 0.139) (71 0.111) (51 -0.0887) (52 -0.0756) (67 0.0678) (55 0.0676) (41 0.0655) (73 0.0606) (54 0.0547) (53 -0.0542) (50 0.0533) (49 -0.0453) (40 -0.0424) (66 0.0416) (74 0.0386) (43 -0.0382) (42 0.0375) (146 -0.0332) (44 0.0278) (82 -0.0276) (38 0.0264) (84 0.0254) (47 -0.025) (33 -0.0246) (45 -0.0228) (21 -0.0224) (75 -0.021) (46 0.0206) (124 -0.0205) (26 -0.0201) (77 0.0179) (122 0.0171) (89 -0.0171) (15 0.0166) (30 -0.0157) (78 -0.0152) (13 -0.015) (88 0.0143) (20 -0.0136) (126 -0.0135) (37 -0.013) (96 0.0125) (115 -0.0125) (90 0.0123) (102 0.0115) (97 0.0104) (80 -0.0102) 
  0.00058546   (146 -0.762) (51 0.421) (49 0.299) (48 -0.232) (50 -0.155) (46 0.116) (39 0.0944) (53 -0.0891) (41 0.089) (57 0.0843) (52 0.0833) (74 0.0535) (70 0.0495) (54 -0.0455) (45 -0.0415) (40 -0.0393) (47 0.0388) (42 0.0325) (59 -0.0318) (82 0.0287) (30 -0.0262) (33 -0.0229) (67 0.0228) (73 -0.0228) (15 0.0226) (66 0.0223) (56 0.0218) (20 -0.0205) (26 -0.0204) (13 -0.0198) (43 -0.0182) (31 0.0161) (38 0.0144) (21 -0.0133) (81 -0.0125) (17 -0.0123) (119 -0.0117) (22 0.0114) (34 0.0106) (37 -0.0105) (68 -0.0103) 
   0.0006202   (146 -0.647) (51 -0.491) (49 -0.35) (48 0.272) (50 0.179) (46 -0.138) (39 -0.111) (41 -0.109) (53 0.108) (70 -0.105) (52 -0.094) (57 -0.0881) (74 -0.065) (54 0.0507) (45 0.0502) (40 0.0487) (47 -0.0443) (42 -0.0404) (82 -0.0326) (30 0.0318) (67 -0.0304) (59 0.0301) (66 -0.0285) (33 0.0285) (15 -0.0276) (56 -0.0257) (26 0.0252) (20 0.025) (13 0.0242) (73 0.0238) (43 0.0235) (31 -0.0193) (38 -0.0184) (21 0.0169) (81 0.0146) (17 0.0146) (22 -0.0136) (37 0.0131) (119 0.013) (34 -0.0129) (29 0.012) (68 0.0119) 
  0.00069009   (38 0.906) (21 -0.22) (20 -0.172) (24 0.132) (22 0.127) (41 -0.12) (40 0.104) (37 -0.0766) (39 -0.0739) (42 -0.0725) (15 0.0687) (33 -0.0678) (43 0.0557) (13 -0.0516) (17 -0.0476) (44 -0.0395) (46 -0.0365) (45 0.0301) (25 -0.0288) (53 0.0277) (36 0.0254) (34 0.0216) (23 0.0194) (57 0.0181) (52 0.0172) (47 0.0154) (18 0.0152) (54 -0.0143) (59 -0.0142) (48 0.0109) (50 -0.0108) 
  0.00079087   (21 -0.544) (20 -0.432) (24 0.407) (22 0.345) (38 -0.337) (26 0.154) (17 -0.13) (15 0.125) (33 0.112) (23 0.106) (30 0.101) (13 -0.0844) (25 -0.0813) (29 0.0571) (37 0.0471) (18 0.0466) (31 -0.0422) (34 -0.0405) (27 -0.0392) (142 0.0358) (28 0.0245) (39 -0.0224) (36 -0.0134) (41 -0.0114) (48 0.0102) 
   0.0010179   (142 0.997) (143 0.0706) (21 0.0209) (20 0.0166) (24 -0.0154) (22 -0.0132) 
    0.001146   (48 0.581) (46 0.392) (43 -0.232) (15 0.231) (47 -0.226) (53 0.216) (44 0.213) (41 0.212) (45 -0.192) (42 0.19) (40 -0.148) (54 -0.125) (16 -0.122) (51 0.116) (52 0.115) (50 -0.114) (49 -0.103) (13 -0.0775) (59 -0.075) (39 0.0703) (57 0.061) (38 0.061) (33 -0.0554) (56 0.0475) (82 -0.0345) (26 -0.0294) (67 -0.026) (68 0.0233) (37 -0.0216) (30 -0.0216) (17 0.0212) (81 0.0196) (55 -0.0194) (78 -0.0191) (34 0.0187) (70 -0.0161) (29 -0.0134) (79 0.0123) (84 0.012) (66 0.0111) (21 -0.0111) (118 0.0102) 
   0.0012731   (15 0.78) (16 -0.488) (13 -0.156) (48 -0.136) (20 0.131) (17 0.114) (21 0.113) (46 -0.111) (41 -0.0853) (43 0.0701) (42 -0.0629) (22 -0.0616) (44 -0.061) (40 0.0583) (45 0.0579) (33 0.0578) (26 0.0571) (47 0.0563) (30 0.0464) (53 -0.0462) (39 -0.0455) (38 -0.0337) (50 0.0281) (24 0.0281) (29 0.0275) (54 0.0265) (51 -0.0255) (52 -0.0246) (49 0.0211) (34 -0.0211) (18 -0.0207) (14 0.0204) (31 -0.0183) (27 -0.014) (59 0.014) (37 0.013) (28 0.0117) (57 -0.0109) (56 -0.0105) 
   0.0013167   (145 -1) 
   0.0014857   (53 -0.625) (54 -0.512) (33 -0.323) (55 -0.22) (52 -0.185) (34 0.168) (51 -0.158) (30 -0.118) (57 0.116) (50 0.0964) (59 -0.094) (56 0.0902) (31 0.0853) (36 -0.0786) (26 -0.0762) (39 -0.0585) (21 -0.0483) (43 -0.0471) (37 0.0468) (15 0.0461) (20 -0.0449) (47 -0.0446) (49 -0.0399) (44 0.0387) (13 -0.037) (29 -0.0365) (71 0.0345) (27 0.0327) (38 -0.0317) (82 -0.0308) (46 0.0289) (45 -0.0285) (67 -0.0264) (41 0.0252) (42 0.0236) (68 0.0224) (22 0.0213) (28 -0.0192) (137 -0.0186) (35 -0.0168) (70 -0.0147) (81 0.0144) (73 0.0138) (66 -0.0137) (32 -0.0117) (121 -0.0114) (79 0.0107) (24 -0.0107) (74 -0.0105) (17 -0.0104) (97 0.0104) 
   0.0015303   (33 -0.651) (34 0.352) (53 0.297) (30 -0.236) (54 0.21) (36 -0.191) (31 0.186) (41 -0.145) (38 -0.145) (39 -0.143) (37 0.131) (26 -0.12) (137 -0.111) (40 0.0979) (52 0.095) (55 0.0926) (51 0.0836) (42 -0.0759) (20 -0.0677) (29 -0.0625) (15 0.0623) (21 -0.0609) (43 0.0598) (27 0.0567) (50 -0.0556) (46 -0.0552) (13 -0.052) (44 -0.0454) (45 0.0452) (57 -0.0364) (22 0.0353) (35 -0.0349) (59 0.032) (56 -0.0306) (28 -0.0304) (48 0.0276) (17 -0.0265) (32 -0.0241) (47 0.0233) (24 -0.0215) (25 0.0186) (82 0.0146) (71 -0.0138) (74 0.0111) 
   0.0015798   (137 -0.993) (33 0.0789) (34 -0.0425) (30 0.0287) (36 0.0227) (31 -0.0224) (53 -0.0212) (39 0.0169) (134 -0.0169) (38 0.0166) (37 -0.0154) (41 0.0154) (26 0.015) (54 -0.0139) (40 -0.0107) 
   0.0017222   (14 0.928) (30 -0.26) (31 -0.196) (29 -0.114) (33 0.0749) (13 -0.0725) (27 0.0383) (133 0.0352) (26 -0.0314) (34 -0.0285) (15 -0.023) (39 -0.0205) (40 0.0187) (41 -0.0176) (24 -0.0153) (18 0.0149) (71 -0.0143) (38 -0.0141) (37 0.011) (17 -0.0103) 
   0.0017957   (30 -0.586) (133 0.509) (31 -0.42) (14 -0.327) (29 -0.243) (33 0.154) (26 -0.0833) (34 -0.0607) (27 0.0536) (15 0.0519) (39 -0.0464) (20 -0.0439) (41 -0.0414) (21 -0.0376) (24 -0.0374) (17 -0.035) (37 0.0261) (40 0.0248) (38 -0.0235) (32 0.0226) (13 -0.0182) (25 0.018) (19 0.0158) (23 0.0149) (16 0.0143) (22 0.0143) (46 -0.0133) (50 0.0128) (44 0.0122) (35 -0.0103) (48 0.01) 
     0.00207   (133 0.86) (30 0.358) (31 0.256) (14 0.156) (29 0.148) (33 -0.0943) (26 0.0506) (34 0.0371) (27 -0.0333) (15 -0.0298) (39 0.0282) (20 0.0261) (41 0.0252) (24 0.0228) (21 0.0225) (17 0.0211) (37 -0.0159) (40 -0.0154) (38 0.0145) (13 0.0138) (32 -0.0137) (25 -0.011) 
   0.0021553   (29 -0.896) (30 0.303) (50 0.216) (31 0.144) (28 0.0996) (52 0.0827) (51 0.0666) (26 -0.0487) (48 0.036) (72 0.0358) (49 0.0342) (20 -0.0324) (34 -0.0308) (46 -0.0293) (41 -0.0271) (37 0.024) (33 0.0235) (47 -0.0233) (54 -0.022) (45 0.0216) (73 -0.0203) (35 0.0193) (59 0.0183) (56 -0.018) (130 0.0177) (74 -0.0157) (71 -0.0148) (15 0.014) (32 0.0128) (23 -0.012) (67 0.0119) (38 -0.0114) (13 -0.01) 
   0.0023362   (72 0.666) (73 -0.394) (67 0.292) (71 -0.285) (130 0.221) (74 -0.214) (77 -0.169) (70 0.146) (69 0.11) (82 -0.0984) (59 0.088) (78 -0.0722) (56 0.067) (54 0.0637) (66 0.0636) (50 -0.061) (40 -0.0545) (55 -0.0545) (81 0.0527) (51 -0.049) (64 0.0425) (62 0.0395) (52 -0.0395) (76 0.0389) (101 -0.0383) (83 -0.0382) (49 -0.0375) (61 0.035) (86 0.0347) (75 0.032) (44 0.0318) (131 0.0306) (53 -0.0305) (42 -0.0292) (45 -0.0283) (65 -0.0266) (105 -0.0259) (43 -0.0256) (84 0.0253) (79 -0.0252) (68 0.0251) (63 0.0235) (29 0.0229) (30 -0.0203) (129 -0.0186) (48 -0.0171) (46 0.0168) (87 0.0165) (93 -0.0148) (41 0.0147) (89 -0.0144) (102 0.0138) (97 -0.0135) (90 0.0134) (58 -0.0119) (60 -0.0117) (118 -0.0112) (80 0.0111) (38 0.0107) (47 -0.0107) (33 -0.0102) 
   0.0024227   (50 -0.617) (130 0.598) (52 -0.254) (51 -0.2) (29 -0.182) (72 -0.165) (131 0.125) (42 -0.0892) (48 -0.0885) (54 0.0885) (59 -0.0829) (49 -0.0804) (73 0.0792) (56 0.0723) (74 0.0703) (71 0.0528) (45 -0.0497) (46 0.0491) (47 0.0453) (30 0.0453) (67 -0.0408) (129 -0.0381) (57 0.0377) (70 -0.0367) (69 -0.0315) (41 0.029) (28 0.0238) (84 -0.0209) (35 0.0208) (78 0.0207) (77 0.0204) (43 -0.0201) (65 0.0189) (82 0.0183) (31 0.0176) (61 -0.0171) (26 -0.0167) (20 -0.0166) (81 -0.0161) (44 0.0143) (40 -0.0141) (102 -0.0132) (80 -0.0126) (91 0.0122) (64 -0.0113) (115 0.0112) (90 -0.0111) (119 0.0107) (85 -0.0105) (75 -0.0105) 
   0.0024867   (130 0.735) (50 0.511) (52 0.214) (131 0.183) (51 0.174) (29 0.161) (54 -0.0898) (42 0.0805) (56 -0.0778) (48 0.0756) (49 0.0752) (72 -0.0633) (67 -0.0536) (73 0.0522) (129 -0.0497) (45 0.0481) (46 -0.0439) (71 0.0417) (59 0.0401) (30 -0.0376) (77 0.0328) (47 -0.0328) (40 0.0279) (57 -0.0277) (41 -0.0272) (43 0.0237) (44 -0.021) (28 -0.0207) (55 0.02) (35 -0.0168) (31 -0.0167) (76 -0.0165) (26 0.0163) (83 0.0146) (20 0.0142) (70 -0.0137) (82 0.0133) (66 -0.0125) (91 -0.0115) (15 -0.0102) (62 -0.0102) 
   0.0026403   (23 -0.905) (24 -0.237) (20 -0.203) (21 -0.126) (55 0.114) (54 -0.112) (26 0.099) (56 0.092) (59 0.0802) (53 0.0469) (41 -0.0439) (27 -0.0415) (15 0.0379) (25 0.0339) (32 0.0309) (33 0.0301) (43 0.0279) (38 -0.0258) (29 0.0238) (50 -0.0209) (13 -0.0201) (57 0.0198) (12 -0.0184) (44 -0.0182) (45 0.0175) (51 0.017) (37 0.017) (46 -0.0168) (30 0.015) (47 0.0149) (11 0.0145) (82 0.0143) (42 -0.0141) (119 0.0137) (18 -0.0123) (28 0.0121) (67 0.0116) (68 -0.0111) 
   0.0029266   (59 -0.762) (57 -0.509) (56 -0.254) (67 0.149) (68 -0.142) (23 -0.101) (54 0.0836) (53 -0.0797) (66 -0.0452) (84 -0.0416) (41 0.0393) (43 -0.0385) (50 0.0372) (132 0.0346) (72 0.0344) (101 0.0337) (55 0.0327) (82 -0.0319) (124 -0.0317) (71 -0.0307) (60 0.03) (20 -0.0293) (49 0.0272) (81 0.0268) (45 -0.0253) (24 -0.0218) (73 -0.0213) (78 0.0211) (90 -0.021) (99 -0.0206) (62 0.0206) (21 -0.0204) (40 0.0203) (48 -0.0203) (105 0.0201) (65 0.0196) (58 0.0195) (97 0.0191) (70 -0.019) (46 0.0188) (80 -0.0178) (47 -0.0177) (44 0.0172) (64 0.016) (33 -0.0157) (123 -0.0151) (110 -0.0141) (77 -0.0137) (100 -0.0136) (51 0.0122) (102 -0.0122) (63 0.0112) (31 -0.0112) (125 0.0106) 
   0.0030887   (132 0.821) (55 -0.383) (54 0.307) (56 -0.148) (57 0.137) (23 -0.0958) (53 -0.0781) (67 -0.0683) (68 0.0655) (40 -0.0456) (42 0.0451) (50 0.0426) (52 0.0371) (51 -0.0349) (44 0.0317) (43 -0.0312) (82 -0.0303) (46 0.0277) (66 0.0263) (20 -0.0251) (24 -0.0237) (21 -0.0237) (47 -0.0232) (72 -0.0197) (48 -0.0184) (70 0.0154) (84 0.0151) (39 0.0148) (78 -0.0146) (33 -0.0143) (81 0.014) (45 -0.0137) (71 0.0136) (74 0.0133) (73 0.0125) (15 0.0124) (41 0.0121) (79 0.0117) (38 0.0115) (59 0.0115) (49 0.0112) (119 -0.0107) 
   0.0033672   (132 0.569) (55 0.549) (54 -0.446) (56 0.229) (57 -0.164) (23 0.144) (53 0.117) (67 0.0894) (68 -0.0859) (42 -0.065) (40 0.0638) (50 -0.0636) (52 -0.0525) (51 0.0493) (43 0.0474) (44 -0.0467) (82 0.0456) (124 -0.0421) (46 -0.041) (20 0.0381) (24 0.0355) (21 0.0353) (66 -0.0352) (47 0.0345) (59 0.0315) (48 0.0277) (123 -0.0269) (72 0.0265) (119 0.023) (81 -0.0216) (33 0.0215) (45 0.0214) (70 -0.0211) (39 -0.021) (84 -0.0208) (41 -0.0201) (78 0.0201) (74 -0.0196) (15 -0.0183) (49 -0.0179) (71 -0.0178) (38 -0.0169) (79 -0.0169) (73 -0.0168) (102 -0.014) (30 0.0136) (105 0.0122) (118 -0.012) (13 0.012) (100 -0.0118) (80 0.0117) (32 -0.0115) (65 0.011) (121 -0.0107) (77 -0.0105) (115 0.0104) (122 0.0102) (101 0.0101) (116 -0.0101) 
    0.003566   (37 -0.949) (66 -0.214) (38 -0.12) (33 -0.0823) (84 -0.077) (57 0.0605) (41 -0.0588) (39 -0.0431) (65 0.0431) (34 0.0394) (40 0.0353) (30 -0.0332) (29 -0.0314) (70 0.0301) (59 -0.0293) (56 0.0286) (46 -0.0282) (71 -0.0265) (21 -0.0231) (86 -0.023) (128 -0.0222) (68 0.0205) (52 0.0201) (45 0.0186) (42 -0.0181) (26 -0.0169) (85 -0.0162) (53 0.0155) (55 -0.0149) (20 -0.0138) (15 0.0136) (36 0.0133) (82 0.013) (69 0.013) (13 -0.0123) (48 0.0118) (90 0.0109) (51 0.01) 
    0.003723   (84 -0.853) (128 -0.291) (82 0.197) (86 -0.194) (66 0.162) (85 -0.124) (90 0.109) (101 -0.0768) (105 -0.0634) (59 0.0615) (81 -0.054) (87 0.054) (102 0.0527) (83 -0.0523) (91 0.0486) (80 0.0453) (100 0.0436) (37 0.0424) (93 -0.0419) (57 -0.0409) (68 -0.0405) (78 0.0394) (92 -0.0392) (89 -0.0358) (40 -0.0323) (65 -0.0318) (97 -0.0287) (79 -0.0285) (42 0.0272) (116 0.0271) (55 -0.0252) (115 -0.0245) (50 0.0238) (67 0.0226) (111 0.0226) (113 0.0223) (53 -0.0219) (99 0.0203) (54 0.019) (103 0.0188) (125 -0.0181) (119 -0.018) (77 -0.0179) (38 0.0178) (46 0.0176) (94 -0.0167) (118 0.0165) (41 0.0157) (96 0.0142) (110 -0.014) (121 -0.0139) (117 -0.0136) (44 0.0132) (109 -0.0125) (88 0.0119) (126 -0.0114) (43 -0.0111) (72 0.011) (51 -0.0106) (74 -0.0104) 
    0.003861   (128 -0.675) (66 0.589) (84 0.289) (37 -0.168) (65 -0.117) (57 -0.104) (70 -0.0921) (56 -0.0854) (71 0.0815) (82 -0.0734) (86 0.0709) (59 0.0642) (90 -0.0516) (55 0.0492) (68 -0.0452) (85 0.0423) (69 -0.0383) (101 0.0346) (52 -0.0317) (73 0.0296) (53 -0.0261) (105 0.0253) (67 -0.0248) (41 0.0243) (83 0.0238) (91 -0.0231) (97 0.0206) (33 -0.0193) (80 -0.0182) (100 -0.0179) (102 -0.0177) (87 -0.0174) (74 -0.017) (81 0.0165) (76 -0.0161) (51 -0.0156) (38 -0.0145) (54 -0.0144) (46 0.0142) (92 0.014) (110 0.0136) (60 -0.0135) (99 -0.0128) (126 -0.0123) (30 -0.0109) (45 -0.0108) (20 -0.0105) 
   0.0039611   (128 -0.677) (66 -0.65) (37 0.181) (65 0.129) (57 0.12) (70 0.094) (59 -0.0905) (84 0.0838) (56 0.083) (71 -0.0826) (68 0.0624) (69 0.0412) (55 -0.0368) (53 0.0353) (52 0.0319) (41 -0.0292) (33 0.0257) (73 -0.0257) (74 0.0214) (46 -0.0211) (51 0.02) (78 -0.0186) (60 0.0156) (77 0.0151) (76 0.0149) (30 0.0145) (82 -0.0144) (67 0.0143) (45 0.0139) (21 0.0132) (86 0.013) (34 -0.0118) (29 0.0115) (20 0.0113) (15 -0.0113) (85 0.0112) (93 0.0106) (38 0.0105) (13 0.0104) (97 -0.0102) 
   0.0040519   (106 -0.729) (104 -0.277) (114 -0.243) (113 -0.243) (107 0.24) (109 0.163) (68 0.161) (97 0.153) (115 0.135) (102 0.122) (67 -0.119) (108 -0.099) (91 0.093) (118 0.0838) (105 -0.0824) (120 0.0751) (98 -0.0742) (71 -0.0715) (121 -0.07) (100 -0.0679) (89 0.0676) (92 0.0673) (117 -0.0631) (56 -0.0486) (101 0.0483) (103 -0.0482) (147 -0.0449) (55 0.04) (90 -0.0354) (110 -0.0346) (94 0.0334) (82 0.032) (59 -0.0269) (81 -0.0261) (88 -0.0253) (70 0.0234) (69 0.0226) (111 -0.0201) (66 0.0184) (112 0.0177) (73 -0.0177) (54 -0.0171) (123 0.016) (78 0.0148) (79 -0.0145) (80 0.0132) (74 -0.0114) (99 -0.0113) (124 -0.0107) (125 -0.0106) 
   0.0041415   (144 0.987) (147 0.156) (134 -0.0114) (114 -0.0108) 
   0.0043558   (68 0.632) (67 -0.463) (56 -0.322) (71 -0.295) (55 0.245) (106 0.181) (59 -0.109) (70 0.0955) (69 0.0923) (107 -0.0774) (82 0.0681) (73 -0.0679) (105 0.0657) (54 -0.0638) (66 0.0597) (102 -0.0581) (104 0.0577) (74 -0.0575) (113 0.0499) (81 -0.0488) (52 -0.0457) (84 -0.0447) (40 0.0441) (57 0.0432) (78 0.0362) (53 -0.0357) (72 0.0355) (79 -0.0352) (50 -0.0345) (114 0.0335) (103 0.0332) (115 -0.0329) (109 -0.0328) (108 0.0321) (42 -0.0306) (90 -0.0295) (80 0.0278) (147 0.0272) (118 -0.0261) (61 0.0257) (77 -0.0255) (92 -0.0231) (120 -0.0219) (101 0.019) (91 0.0174) (41 0.0168) (117 0.0158) (64 -0.0149) (94 -0.0148) (76 0.0146) (97 -0.0138) (121 0.0128) (23 -0.0123) (65 -0.012) (89 0.0114) (32 -0.0112) (122 0.0106) (39 -0.0105) 
   0.0044362   (44 -0.509) (71 -0.414) (43 -0.387) (79 -0.309) (72 -0.226) (80 -0.21) (78 0.15) (83 0.147) (93 -0.144) (81 -0.14) (86 0.126) (40 0.112) (42 -0.111) (45 -0.102) (68 -0.101) (41 0.0902) (56 0.0865) (76 0.0847) (55 -0.0837) (82 -0.0805) (98 -0.0714) (112 0.0685) (77 0.065) (67 0.0648) (108 -0.0642) (69 0.0461) (59 0.0433) (50 0.0424) (85 0.0412) (96 -0.0398) (66 0.0379) (84 -0.0339) (75 -0.0338) (99 -0.033) (97 0.0329) (103 -0.0325) (73 -0.0286) (27 0.0251) (48 0.0246) (47 -0.0246) (106 0.0227) (46 0.0221) (101 -0.0216) (65 -0.0216) (52 0.0206) (87 -0.0198) (89 0.0197) (74 -0.0194) (157 -0.0175) (91 -0.0159) (39 -0.0147) (54 0.0135) (57 -0.0131) (104 0.013) (14 -0.0122) 
    0.004493   (157 -0.999) (44 0.0291) (43 0.0223) (71 -0.0104) 
   0.0045623   (44 -0.524) (71 0.477) (43 -0.403) (72 0.269) (78 -0.207) (79 0.2) (40 0.152) (42 -0.141) (80 0.134) (45 -0.12) (86 -0.118) (68 0.105) (56 -0.0936) (83 -0.0859) (108 0.0818) (41 0.0765) (81 0.0707) (82 0.0689) (112 -0.068) (69 -0.0638) (66 -0.0579) (67 -0.0562) (90 0.056) (105 0.0448) (76 -0.0431) (101 0.0426) (98 0.0417) (87 0.0409) (157 -0.0377) (65 0.0338) (55 0.0326) (85 -0.0302) (48 0.0298) (57 0.0274) (39 -0.0268) (75 0.0247) (100 -0.0215) (106 -0.0198) (53 0.0185) (116 -0.0161) (46 0.0153) (32 -0.0152) (91 0.015) (99 0.0147) (47 -0.0143) (84 0.014) (33 0.014) (31 -0.0136) (74 0.0134) (73 0.0131) (104 -0.013) (27 0.012) (23 -0.0118) (38 -0.0114) (70 0.0109) (111 -0.0107) (97 -0.0103) 
    0.004786   (19 0.915) (18 0.328) (135 -0.21) (17 0.0989) (21 0.0234) (23 -0.015) (8 -0.0144) (26 0.0137) (20 -0.0117) 
   0.0048296   (135 -0.978) (19 -0.196) (18 -0.0703) (17 -0.0212) 
   0.0050546   (8 1) (19 0.0121) 
   0.0050954   (4 -1) 
   0.0052778   (24 -0.832) (23 0.293) (25 -0.258) (21 -0.22) (20 -0.142) (30 0.123) (17 -0.116) (13 -0.0996) (26 0.0962) (15 0.094) (22 0.0884) (140 -0.0714) (16 0.0561) (31 -0.054) (19 0.0369) (39 -0.0364) (41 -0.0363) (40 0.0343) (29 0.0338) (18 -0.0261) (33 0.0213) (82 0.0187) (43 -0.0185) (34 -0.0154) (46 -0.015) (56 -0.0149) (47 -0.0142) (44 0.014) (57 0.0128) (35 -0.0122) (37 0.011) (38 -0.011) (27 -0.0109) (67 0.0107) (32 -0.0106) 
    0.005367   (140 -0.997) (24 0.0596) (23 -0.021) (25 0.0184) (21 0.0157) (20 0.0102) 
   0.0056785   (10 0.848) (17 -0.371) (18 -0.316) (19 0.153) (20 0.0939) (24 0.0517) (21 0.0448) (15 0.0356) (16 0.0349) (23 -0.0295) (13 -0.0286) (30 0.0174) (25 -0.0159) (26 0.0151) (31 -0.0132) 
   0.0058083   (138 0.996) (17 -0.0548) (10 -0.0522) (18 -0.047) (19 0.0226) (20 0.0138) 
   0.0061067   (17 0.59) (10 0.527) (18 0.507) (19 -0.243) (20 -0.148) (138 0.0941) (24 -0.0825) (21 -0.0691) (15 -0.0582) (16 -0.0547) (23 0.0503) (13 0.0463) (30 -0.0286) (25 0.0284) (26 -0.0273) (31 0.022) (82 -0.0136) (39 0.0133) (43 0.0126) (41 0.0117) (33 0.0103) 
   0.0063375   (12 0.886) (11 -0.407) (40 -0.149) (41 -0.12) (44 -0.0622) (42 0.056) (43 -0.033) (13 -0.0293) (55 0.0256) (39 0.0241) (56 -0.0166) (15 0.0131) (23 -0.0126) (59 -0.0125) (46 -0.0123) (32 0.0112) (14 -0.0111) (50 -0.0105) (54 -0.01) 
   0.0068404   (139 -0.997) (40 -0.0475) (41 -0.0392) (42 0.021) (44 -0.0181) (12 -0.0152) 
   0.0073731   (40 0.663) (41 0.548) (42 -0.294) (44 0.254) (12 0.198) (43 0.122) (39 -0.105) (11 -0.0872) (55 -0.0723) (139 -0.0715) (32 -0.058) (46 0.05) (56 0.0466) (50 0.0463) (59 0.0369) (23 -0.0334) (54 0.0304) (60 0.0296) (52 0.0291) (73 -0.027) (30 0.0265) (38 -0.0247) (47 -0.0239) (65 -0.023) (84 -0.0228) (78 0.0225) (101 0.0221) (33 0.0219) (27 0.021) (20 -0.0177) (31 -0.0177) (74 -0.0174) (79 0.0165) (67 0.0158) (75 0.0146) (105 0.0146) (61 -0.0141) (35 0.0141) (21 0.0138) (100 -0.0137) (97 0.0131) (102 -0.0129) (66 -0.0128) (53 0.0122) (80 -0.0112) (81 -0.0111) (71 0.0103) (87 0.0103) 
   0.0083663   (11 -0.883) (12 -0.406) (32 0.223) (35 0.0425) (31 0.035) (40 0.0218) (30 -0.0211) (36 0.0205) (64 -0.0183) (13 -0.0181) (34 -0.0162) (26 0.0158) (41 0.0123) (136 0.0104) (33 -0.01) 
   0.0093335   (136 0.978) (32 0.188) (11 0.0529) (35 0.0326) (31 0.0302) (12 0.0249) (26 0.0181) (30 -0.018) (40 0.0176) (36 0.0158) (34 -0.0139) (42 0.012) 

 Largest eigenvalues
      34.188   (162 -0.947) (163 0.242) 
      33.146   (55 0.362) (56 -0.603) (57 0.356) (82 -0.342) 
      15.859   (81 0.347) (82 -0.688) 
      4.8409   (97 0.317) (101 0.553) (102 -0.319) (105 0.433) 
      4.2439   (147 0.978) 
      1.5094   (162 -0.253) (163 -0.967) 
      1.2279   (164 -0.998) 
      1.2034   (165 -0.996) 
       1.125   (89 -0.438) (91 -0.757) 
      1.1179   (100 -0.484) (102 0.479) (107 0.536) 
      1.1012   (100 -0.387) (102 0.314) (107 -0.73) (115 0.312) 
      1.0793   (111 -0.333) (115 -0.76) 
      1.0245   (102 0.236) (104 0.844) (106 -0.209) 
      1.0004   (100 0.543) (101 0.511) (102 0.456) 
     0.92482   (102 -0.257) (111 0.695) (129 -0.244) (134 -0.219) 
     0.84724   (109 0.36) (111 -0.422) (116 0.355) 
     0.76204   (109 -0.741) (110 0.339) 
     0.68288   (97 0.705) (99 0.59) 
     0.64385   (113 -0.378) (114 0.38) (123 -0.298) (125 -0.529) (134 -0.384) 
     0.64127   (114 -0.809) (125 -0.32) 
     0.60107   (109 0.391) (110 0.541) (113 0.57) 
     0.57865   (110 -0.697) (113 0.388) 
     0.57614   (122 0.438) (123 0.446) (129 0.453) 
     0.57476   (123 -0.374) (124 -0.634) (125 0.366) (129 0.405) 
     0.55301   (119 -0.681) (121 0.362) (122 -0.314) (124 0.34) 
     0.54997   (118 0.653) (119 0.464) 
      0.5486   (117 0.316) (121 -0.613) (123 -0.302) (126 0.356) 
     0.52994   (117 -0.604) (122 0.358) (126 0.29) (134 0.314) 
     0.50475   (116 0.445) (117 0.443) (121 0.36) (125 -0.304) (134 0.358) 
     0.45251   (91 0.306) (92 -0.901) 
     0.45247   (120 0.388) (126 -0.428) (134 0.417) 
     0.40163   (94 -0.938) (103 -0.204) 
      0.3377   (103 -0.831) (105 -0.291) 
     0.31704   (101 0.312) (102 -0.288) (103 0.457) (105 -0.657) 
     0.26721   (98 -0.423) (101 -0.247) (112 -0.319) (116 0.281) (126 -0.27) 
     0.25492   (78 -0.318) (85 0.408) (86 0.514) 
     0.24872   (78 0.489) (98 0.524) 
     0.23941   (71 -0.299) (78 -0.501) (85 -0.352) (86 -0.452) 
     0.23029   (98 -0.358) (108 -0.374) (112 0.629) 
     0.18679   (90 -0.755) (93 0.455) 
     0.15118   (90 0.407) (96 0.542) (108 0.462) 
     0.14017   (87 0.295) (93 -0.615) (108 0.37) 
      0.1296   (85 -0.508) (87 -0.703) 
     0.11587   (88 -0.6) (89 -0.489) (93 0.308) (96 -0.322) 
     0.10899   (78 0.325) (79 0.379) (80 0.37) (83 -0.401) 
     0.10625   (76 0.324) (77 0.351) (79 -0.319) (88 0.283) (96 -0.29) 
     0.10171   (58 -0.232) (60 -0.304) (65 -0.391) (69 0.313) (76 -0.306) 
    0.098294   (58 0.601) (60 0.458) 
    0.092769   (58 -0.605) (65 0.398) 
    0.089114   (58 0.364) (60 -0.391) (65 -0.275) (76 0.28) (96 0.308) (108 -0.305) 
    0.084425   (60 0.64) (69 0.292) 
    0.076299   (60 -0.342) (63 0.324) (65 0.492) (83 -0.303) 
     0.07594   (63 -0.751) (69 -0.29) 
    0.071865   (61 -0.531) (62 0.335) (63 0.425) (69 -0.377) 
    0.071663   (61 0.669) (62 -0.248) (63 0.256) (65 -0.206) (69 -0.22) 
    0.063676   (61 -0.288) (69 0.311) (118 -0.351) 
    0.061837   (61 0.228) (67 0.262) (68 0.21) (73 0.311) (75 0.202) (77 0.344) (80 0.242) (118 -0.227) 
     0.05727   (61 -0.271) (62 -0.583) (67 -0.24) (68 -0.206) (73 -0.23) (79 -0.234) (80 0.218) 
    0.057078   (61 0.207) (62 0.587) (73 -0.275) (77 -0.251) 
    0.053581   (62 -0.302) (67 0.4) (68 0.354) (69 0.251) (76 0.26) (77 -0.283) 
    0.049295   (64 -0.43) (72 0.264) (73 0.327) (80 -0.291) 
    0.047372   (64 0.596) (77 0.294) 
    0.046778   (64 -0.538) (73 -0.299) 
    0.044406   (73 0.251) (80 0.298) (83 0.303) (120 -0.267) 
    0.043067   (35 -0.866) (42 -0.313) 
     0.04196   (35 0.386) (40 -0.318) (42 -0.722) 
    0.040049   (75 0.466) (120 -0.346) 
    0.039448   (48 0.345) (49 0.443) (75 -0.418) 
    0.038347   (46 0.395) (49 -0.404) (75 -0.449) 
    0.031357   (28 0.765) (36 -0.438) 
    0.029446   (28 -0.516) (34 0.408) (36 -0.403) 
    0.027276   (33 -0.315) (34 -0.485) (88 -0.282) 
    0.025622   (34 0.556) (36 0.624) 
    0.021259   (36 -0.302) (43 0.245) (46 0.416) (75 0.275) (88 -0.244) 
    0.020923   (129 -0.411) (131 0.727) 
    0.020413   (127 0.578) (160 -0.807) 
     0.01949   (127 0.577) (160 0.301) (161 -0.759) 
    0.018443   (127 0.577) (160 0.507) (161 0.64) 
    0.015694   (27 0.955) 
    0.015186   (141 -0.998) 
