 1 1000
 2 554.078
 3 5.38335
 4 1000
 5 600.994
 6 55.3725
 7 999.957
 8 15.4786
 9 980.193
 10 908.91
 11 4.23876
 12 739.427
 13 1000
 14 999.399
 15 0.8146
 16 1000
 17 999.141
 18 1.02833
 19 1000
 20 975.277
 21 22.4833
 22 1000
 23 994.838
 24 4.78937
 25 239.103
 26 267.86
 27 11.7834
 28 993.454
 29 309.62
 30 158.214
 31 527.377
 32 111.689
 33 713.463
 34 216.253
 35 186.985
 36 270.561
 37 989.623
 38 998.332
 39 3.17584
 40 592.595
 41 973.682
 42 1.75445
 43 481.898
 44 872.57
 45 14.8315
 46 998.128
 47 697.57
 48 304.861
 49 963.002
 50 180.278
 51 267.344
 52 200.051
 53 968.033
 54 273.436
 55 115.073
 56 245.885
 57 945.887
 58 79.2174
 59 123.877
 60 157.661
 61 29.276
 62 1.77536
 63 207.192
 64 395.479
 65 1.85908
 66 417.412
 67 948.524
 68 53.614
 69 999.884
 70 1000
 71 992.532
 72 7.20382
 73 999.751
 74 9.92872
 75 991.283
 76 989.431
 77 5.433
 78 795.241
 79 999.264
 80 36.5133
 81 960.693
 82 992.439
 83 375.353
 84 2.44561
 85 133.54
 86 2.49762
 87 968.371
 88 1.70863
 89 1.63818
 90 1.87645
 91 8.80791
 92 435.78
 93 831.708
 94 587.52
 95 851.894
 96 932.954
 97 374.606
 98 296.415
 99 142.753
 100 811.792
 101 952.065
 102 118.076
 103 160.405
 104 147.789
 105 142.245
 106 167.732
 107 172.051
 108 175.774
 109 130.686
 110 96.3028
 111 190.911
 112 206.135
 113 189.671
 114 172.978
 115 185.531
 116 143.933
 117 180.6
 118 200.406
 119 156.362
 120 92.4851
 121 126.584
 122 49.3892
 123 60.4686
 124 38.4748
 125 30.2667
 126 50.5842
 127 27.4241
 128 97.8221
 129 67.979
 130 62.6417
 131 19.8626
 132 20.7293
 133 23.0781
 134 36.2839
 135 8.86442
 136 47.4777
 137 10.1517
 138 9.21451
 139 9.07767
 140 10.6689
 141 11.3176
 142 8.61861
 143 9.17892
 144 14.8772
 145 14.7776
 146 12.3921
 147 9.98259
 148 24.9342
 149 16.5867
 150 12.197
 151 13.6008
 152 23.1464
 153 21.7437
 154 14.3099
 155 19.6922
 156 23.7701
 157 46.6887
 158 0.197514
 159 0.102757
 160 0.16634
 161 3.7312
 162 28.1261
 163 165.789
 164 257.156
 165 6.04742
