 1 31.6228
 2 23.2883
 3 1.14578
 4 31.6228
 5 23.4683
 6 3.11292
 7 31.6219
 8 1.43338
 9 31.0696
 10 29.9968
 11 1.06781
 12 26.9259
 13 31.6228
 14 31.6111
 15 0.90244
 16 31.6228
 17 31.6034
 18 0.918178
 19 31.6228
 20 30.9012
 21 1.66426
 22 31.6228
 23 31.4766
 24 1.06661
 25 15.0804
 26 15.4976
 27 1.61201
 28 31.496
 29 14.5651
 30 8.01048
 31 22.4984
 32 4.74884
 33 24.6828
 34 14.5318
 35 9.37298
 36 13.0425
 37 31.4398
 38 31.5753
 39 1.36439
 40 24.0825
 41 31.1427
 42 1.29384
 43 21.385
 44 29.0086
 45 1.80832
 46 31.5717
 47 22.5718
 48 10.7926
 49 30.9009
 50 13.0269
 51 13.3595
 52 10.3364
 53 30.9729
 54 16.3912
 55 7.11887
 56 13.2961
 57 30.4386
 58 8.40334
 59 8.53478
 60 10.0187
 61 4.85091
 62 1.32116
 63 14.0788
 64 18.4606
 65 0.97798
 66 19.1899
 67 30.0701
 68 3.05331
 69 31.6195
 70 31.6228
 71 31.4172
 72 1.51382
 73 31.6174
 74 1.61358
 75 31.3645
 76 31.4382
 77 1.4676
 78 28.0542
 79 31.6063
 80 2.50837
 81 30.4835
 82 31.4661
 83 18.7727
 84 1.35455
 85 10.8822
 86 1.39347
 87 30.8703
 88 1.09747
 89 1.0435
 90 1.22636
 91 2.44947
 92 18.833
 93 27.3727
 94 21.8337
 95 28.1927
 96 30.04
 97 17.9182
 98 15.3726
 99 9.61353
 100 27.6808
 101 30.5712
 102 9.77597
 103 11.956
 104 11.3917
 105 11.2604
 106 12.5093
 107 12.5888
 108 12.6947
 109 10.5464
 110 8.35295
 111 13.1639
 112 14.0256
 113 13.3716
 114 12.6018
 115 12.8579
 116 10.8194
 117 12.5949
 118 13.4905
 119 11.7676
 120 8.86236
 121 10.8018
 122 6.81188
 123 7.63221
 124 5.68884
 125 5.22831
 126 6.81836
 127 4.60984
 128 9.28587
 129 7.37335
 130 7.33682
 131 4.08322
 132 4.44886
 133 4.67252
 134 5.92594
 135 2.7174
 136 6.8209
 137 2.98454
 138 2.87337
 139 2.85778
 140 3.13743
 141 3.10519
 142 2.67516
 143 2.82178
 144 3.72795
 145 3.73471
 146 3.37081
 147 2.95646
 148 4.90604
 149 3.93493
 150 3.31562
 151 3.50099
 152 4.7107
 153 4.55529
 154 3.66071
 155 4.3507
 156 4.77157
 157 6.75372
 158 0.177668
 159 0.247421
 160 0.271635
 161 1.41313
 162 4.82066
 163 11.7648
 164 15.5037
 165 0.895423
