 1 60370.9
 2 588.503
 3 5.66647
 4 245380
 5 627.642
 6 57.7923
 7 680909
 8 86.0677
 9 5723.64
 10 2731.79
 11 7.26912
 12 1394.06
 13 820940
 14 8001.82
 15 0.816115
 16 671173
 17 5017.28
 18 1.81905
 19 155659
 20 2767.45
 21 61.987
 22 263656
 23 3936.18
 24 16.3095
 25 255.727
 26 311.736
 27 13.671
 28 3390.68
 29 353.199
 30 179.357
 31 529.359
 32 115.471
 33 739.109
 34 223.132
 35 197.038
 36 286.304
 37 1534.29
 38 3101.63
 39 6.47983
 40 939.114
 41 4880.68
 42 2.03304
 43 648.66
 44 1495.77
 45 24.7068
 46 7759.16
 47 1919.37
 48 742.912
 49 2008.61
 50 182.659
 51 306.049
 52 232.616
 53 2977.73
 54 298.896
 55 140.079
 56 304.932
 57 1304.89
 58 80.9276
 59 136.258
 60 174.996
 61 29.3137
 62 1.77565
 63 208.249
 64 399.403
 65 1.86421
 66 419.761
 67 3550.5
 68 197.193
 69 99805.6
 70 336064
 71 3128.25
 72 18.8075
 73 21772.7
 74 92.1152
 75 10412.3
 76 10754.5
 77 8.03291
 78 1286.29
 79 11202
 80 93.4128
 81 2267.54
 82 2231.37
 83 407.728
 84 2.56668
 85 170.23
 86 2.80481
 87 2079.66
 88 1.70872
 89 1.6382
 90 1.87658
 91 9.54223
 92 519.28
 93 1542.65
 94 1028.32
 95 1780.3
 96 2092.29
 97 395.843
 98 309.089
 99 144.366
 100 964.476
 101 1584.19
 102 121.857
 103 163.433
 104 149.63
 105 143.152
 106 168.53
 107 172.947
 108 176.658
 109 131.594
 110 98.1199
 111 191.812
 112 207.15
 113 190.42
 114 173.371
 115 186.044
 116 144.682
 117 181.017
 118 200.764
 119 156.866
 120 93.6725
 121 127.194
 122 49.9396
 123 61.9626
 124 38.9479
 125 30.8316
 126 50.929
 127 28.7522
 128 99.5331
 129 69.0223
 130 63.7396
 131 20.1407
 132 20.9596
 133 23.3825
 134 37.0105
 135 9.10649
 136 47.7795
 137 10.3609
 138 9.45085
 139 9.30659
 140 10.9627
 141 11.9138
 142 8.93921
 143 9.46543
 144 15.1282
 145 15.0387
 146 12.6906
 147 10.2972
 148 25.2642
 149 16.9695
 150 12.4783
 151 13.8996
 152 23.5488
 153 22.3758
 154 14.6309
 155 19.9348
 156 23.991
 157 46.947
 158 0.23667
 159 0.106109
 160 0.179194
 161 3.90715
 162 29.7706
 163 193.813
 164 262.325
 165 6.4883
