 Smallest eigenvalues
  1.2181e-06   (9 1) 
  1.4601e-06   (47 0.759) (49 -0.421) (48 -0.23) (42 -0.19) (41 -0.165) (40 -0.131) (39 0.13) (43 0.123) (51 0.0943) (50 0.0916) (154 -0.0892) (56 -0.0778) (44 -0.0764) (57 -0.0735) (82 0.0673) (53 -0.0613) (55 0.0548) (31 0.0534) (46 0.0443) (52 0.0406) (15 -0.0385) (68 -0.038) (81 -0.0371) (14 -0.0351) (60 0.0334) (17 0.0275) (54 0.0273) (30 -0.0271) (45 -0.027) (78 0.026) (36 0.0258) (20 0.0253) (84 0.0243) (22 -0.024) (38 0.0231) (33 0.023) (77 0.0227) (59 -0.0226) (24 -0.0205) (29 -0.0205) (13 0.0202) (21 -0.0201) (37 -0.0199) (27 0.0192) (25 0.019) (61 0.0179) (76 -0.0169) (67 -0.0168) (79 -0.0156) (28 0.0154) (69 0.015) (32 -0.0146) (88 0.0144) (72 0.0132) (66 -0.013) (16 -0.0125) (74 0.012) (23 0.0113) 
  1.4899e-06   (154 -0.996) (47 -0.068) (49 0.0377) (48 0.0206) (42 0.0171) (41 0.0149) (40 0.0118) (39 -0.0117) (43 -0.011) 
  2.9756e-06   (6 1) 
  3.7928e-06   (46 -0.584) (43 0.514) (150 -0.288) (47 -0.242) (41 -0.235) (45 -0.2) (42 -0.2) (44 -0.182) (48 0.15) (39 0.138) (40 -0.126) (56 -0.0568) (82 0.0532) (31 0.0532) (49 -0.0506) (57 -0.0426) (15 -0.0328) (14 -0.0303) (50 -0.0297) (53 -0.0293) (55 0.0284) (68 -0.0282) (81 -0.0275) (30 -0.0266) (54 0.024) (20 0.0237) (17 0.0232) (36 0.023) (33 0.023) (26 0.0196) (24 -0.0193) (37 -0.019) (22 -0.0182) (84 0.0182) (21 -0.0181) (38 0.0181) (60 0.0181) (78 0.0177) (13 0.0173) (32 -0.0158) (79 -0.0158) (27 0.0147) (16 -0.0131) (28 0.013) (66 -0.0125) (69 0.0111) (59 -0.011) 
  4.0753e-06   (150 -0.958) (46 0.175) (43 -0.154) (47 0.0727) (41 0.0706) (45 0.06) (42 0.06) (44 0.0548) (48 -0.0449) (39 -0.0414) (40 0.0378) (56 0.017) (31 -0.016) (82 -0.0157) (49 0.0152) (57 0.0127) 
  6.4243e-06   (2 -0.997) (33 0.0485) (31 0.0325) (34 -0.0288) (36 -0.0257) (32 -0.0183) (30 -0.0128) (35 -0.011) 
  1.0016e-05   (153 -0.993) (33 0.0766) (31 0.0517) (34 -0.0464) (36 -0.0407) (32 -0.0284) (30 -0.0197) (35 -0.0149) (39 -0.0107) 
  1.6564e-05   (33 -0.629) (31 -0.425) (34 0.382) (36 0.335) (32 0.234) (30 0.162) (35 0.122) (153 -0.121) (39 0.0878) (2 -0.0755) (27 -0.07) (26 -0.0666) (28 -0.0646) (20 -0.0565) (17 -0.0554) (40 -0.0538) (43 0.0506) (24 0.0488) (15 0.0459) (42 -0.045) (82 -0.0369) (14 0.0352) (22 0.0318) (21 0.0263) (25 -0.0249) (13 -0.0243) (44 -0.0234) (41 -0.0228) (48 -0.0221) (81 0.0209) (47 0.0192) (16 0.0185) (29 -0.0158) (23 -0.0151) (68 0.0146) (49 0.0119) (75 0.0119) (53 0.0115) (56 0.0113) 
  3.5274e-05   (20 -0.666) (21 -0.377) (45 0.364) (22 -0.361) (46 0.198) (42 -0.128) (44 -0.126) (47 -0.119) (43 0.114) (41 -0.0909) (17 -0.0809) (39 0.0765) (40 -0.0642) (23 -0.0588) (31 0.0531) (26 0.0404) (35 -0.0389) (34 -0.0386) (56 -0.0372) (30 0.0371) (36 0.0347) (27 0.0299) (55 0.029) (15 0.0283) (28 0.0279) (72 0.0276) (24 -0.0272) (78 0.0259) (48 0.0248) (73 0.0225) (25 0.0214) (50 -0.0213) (33 0.02) (29 -0.0191) (67 -0.0187) (19 -0.0183) (82 0.0174) (53 -0.0173) (49 -0.0172) (62 0.0158) (51 -0.0155) (81 -0.0153) (57 -0.0145) (65 -0.0141) (61 0.0131) (52 -0.0129) (84 0.0102) (71 0.0101) 
  8.4928e-05   (155 -0.998) (45 0.0407) (20 0.0279) (46 0.023) (47 -0.0143) (21 0.0139) (44 -0.0138) (22 0.0133) (42 -0.013) (40 -0.0126) (43 0.0124) 
  8.8952e-05   (45 -0.609) (20 -0.411) (46 -0.345) (47 0.214) (44 0.207) (21 -0.205) (22 -0.195) (42 0.194) (40 0.189) (43 -0.186) (41 0.116) (39 -0.111) (17 -0.0682) (155 -0.0669) (48 -0.0591) (82 -0.0488) (23 -0.0467) (49 0.0415) (55 -0.0411) (15 0.041) (53 0.0393) (54 -0.0375) (72 -0.0324) (81 0.0321) (56 0.0312) (57 0.0305) (78 -0.0277) (35 -0.0254) (31 -0.0253) (14 0.0247) (73 -0.0226) (60 -0.0219) (67 0.0215) (52 0.0206) (51 0.0201) (32 0.0183) (68 0.0182) (13 -0.0172) (65 0.0171) (62 -0.0164) (30 0.0162) (84 -0.0153) (74 -0.0139) (29 -0.0136) (38 -0.0129) (61 -0.0128) (37 0.0126) (26 -0.0126) (69 -0.0116) (16 0.0114) (25 0.011) (88 -0.0102) (76 -0.01) 
  0.00011724   (1 1) 
  0.00011954   (14 -0.847) (13 0.406) (15 0.294) (16 0.104) (17 -0.077) (22 0.0483) (20 -0.0471) (21 0.0408) (24 0.0389) (31 -0.0336) (41 0.0268) (18 0.0266) (12 -0.0251) (39 -0.0222) (25 -0.0197) (23 -0.0194) (30 0.0187) (11 0.0187) (36 -0.0174) (42 0.0156) (29 0.0133) (40 0.0131) (45 0.0116) (38 -0.0106) (56 -0.0104) (28 -0.01) 
  0.00018475   (159 1) 
  0.00020403   (3 1) 
  0.00025058   (16 -0.835) (15 -0.432) (17 -0.221) (14 -0.165) (13 0.0885) (20 -0.0846) (21 0.0686) (24 0.0666) (22 0.0631) (18 0.059) (31 -0.0453) (25 -0.0353) (23 -0.0347) (39 -0.0225) (30 0.0222) (41 0.0195) (40 0.016) (29 0.0157) (36 -0.0152) (43 -0.015) (158 0.014) (28 -0.0138) (35 -0.0128) (26 -0.0124) (12 -0.0121) (42 0.0117) (32 0.011) 
  0.00025735   (158 1) (16 0.0117) 
   0.0002687   (7 1) 
  0.00028429   (25 0.927) (26 0.179) (152 -0.147) (30 0.116) (24 -0.11) (23 0.106) (27 -0.103) (20 0.0722) (22 -0.0699) (17 0.0692) (31 -0.0624) (15 -0.0497) (14 -0.0467) (34 -0.0453) (47 -0.0443) (16 -0.0404) (21 -0.0403) (48 -0.0358) (29 0.0329) (33 -0.0304) (39 -0.0274) (13 0.0272) (32 0.0264) (49 -0.0242) (42 0.0218) (28 -0.0211) (41 0.0194) (45 -0.0191) (40 0.0171) (82 0.0153) (46 0.0149) (56 -0.0142) (75 0.0123) (36 0.0105) (50 0.0104) 
  0.00029031   (152 -0.989) (25 -0.138) (26 -0.0266) (30 -0.0172) (24 0.0163) (23 -0.0158) (27 0.0153) (20 -0.0107) (22 0.0104) (17 -0.0103) 
  0.00029596   (5 1) 
  0.00032285   (18 -0.765) (17 0.577) (20 -0.155) (22 0.117) (15 -0.102) (16 -0.0965) (14 -0.0832) (156 -0.0625) (23 -0.0496) (25 -0.042) (19 0.0388) (31 -0.0367) (21 0.0353) (13 0.0351) (30 0.0264) (47 -0.0181) (40 0.0167) (43 -0.0162) (26 0.0156) (36 0.0147) (82 0.0146) (56 -0.0142) (32 0.0139) (29 0.0119) (42 0.0108) (24 0.0108) (73 -0.0101) 
  0.00032611   (156 -0.998) (18 0.0479) (17 -0.0361) 
  0.00035235   (74 0.66) (57 0.361) (60 -0.324) (73 -0.283) (70 0.232) (66 -0.171) (59 0.17) (55 0.126) (53 -0.12) (54 0.117) (41 -0.113) (45 -0.0937) (72 0.088) (52 -0.0806) (82 -0.0764) (46 0.0755) (50 0.073) (75 0.07) (42 -0.0685) (51 -0.0677) (71 -0.0463) (68 0.042) (38 0.0389) (67 0.0371) (49 0.0361) (81 0.0345) (36 0.0344) (30 -0.0306) (40 -0.0299) (39 0.0298) (15 -0.0282) (43 -0.0275) (122 0.0261) (37 -0.0247) (22 -0.0226) (20 0.0221) (21 -0.0219) (44 0.0212) (14 -0.0204) (79 0.02) (31 0.0195) (69 -0.0195) (88 0.0193) (47 -0.0188) (27 0.0185) (89 -0.0183) (101 -0.0175) (34 0.0174) (97 -0.0167) (121 -0.0164) (48 -0.0156) (104 0.0145) (13 0.0142) (29 -0.0139) (62 -0.0139) (151 0.0138) (58 0.0138) (125 -0.0136) (98 -0.0131) (91 -0.0129) (56 0.0123) (28 0.0114) (26 0.0113) (35 0.0111) (107 -0.0109) (115 -0.0108) (105 0.0108) (99 -0.0108) (117 -0.0105) (64 0.01) 
  0.00041738   (74 -0.586) (57 0.413) (60 -0.308) (73 0.278) (66 -0.24) (151 0.191) (70 0.176) (59 0.158) (41 -0.15) (49 0.131) (45 -0.124) (54 0.114) (46 0.111) (39 0.106) (52 -0.0902) (53 -0.0836) (42 -0.0821) (55 0.0657) (48 -0.0634) (72 -0.0604) (67 0.0581) (36 0.0511) (75 -0.0502) (68 0.0495) (15 -0.0466) (31 0.0433) (30 -0.0418) (38 0.0403) (40 -0.0393) (14 -0.0381) (20 0.0369) (119 -0.0357) (22 -0.0338) (51 -0.0332) (37 -0.0321) (78 -0.0286) (56 0.0285) (84 0.0251) (13 0.0248) (29 -0.0247) (71 0.0236) (27 0.023) (21 -0.023) (17 0.0218) (124 -0.0205) (126 -0.0195) (33 0.0188) (28 0.0186) (26 0.0183) (34 0.0173) (58 0.0171) (35 0.0166) (89 -0.0155) (62 -0.0149) (117 -0.0147) (88 0.014) (135 0.0128) (97 -0.0127) (130 0.0122) (121 0.0122) (125 0.0115) (120 0.0114) (65 -0.0113) (47 0.0112) (61 -0.011) (116 0.011) (63 -0.0104) 
  0.00042487   (151 0.981) (74 0.105) (57 -0.0857) (60 0.0646) (73 -0.0501) (66 0.0489) (70 -0.0373) (59 -0.0331) (41 0.0313) (49 -0.0263) (45 0.0259) (54 -0.024) (46 -0.023) (39 -0.0213) (52 0.0189) (53 0.0182) (42 0.0173) (55 -0.0147) (48 0.0127) (67 -0.0118) (36 -0.0106) (72 0.0105) (68 -0.0102) 
  0.00046429   (21 -0.788) (22 0.587) (20 0.115) (52 0.054) (51 -0.0523) (24 0.0509) (23 0.0493) (49 0.0492) (18 0.0457) (53 0.0316) (16 -0.0223) (48 -0.0198) (54 -0.0192) (46 0.0182) (39 0.0174) (17 0.017) (45 -0.0169) (57 -0.0163) (13 0.0147) (15 -0.0126) (56 -0.0121) (14 -0.0109) (19 -0.0108) 
   0.0004693   (148 -0.581) (51 -0.414) (52 0.38) (49 0.345) (53 0.234) (48 -0.152) (41 -0.152) (54 -0.148) (46 0.124) (45 -0.124) (50 0.109) (39 0.0942) (57 -0.0932) (42 -0.0885) (22 -0.0766) (56 -0.0594) (60 0.0563) (21 0.0556) (47 0.0502) (40 -0.0428) (31 0.0413) (36 0.0394) (30 -0.0358) (15 -0.0354) (55 0.0344) (59 -0.0319) (74 0.0299) (14 -0.0288) (38 0.0264) (43 0.0244) (82 0.0209) (68 -0.0209) (37 -0.0205) (27 0.0193) (33 0.0192) (73 -0.0182) (20 0.0179) (13 0.0165) (28 0.0151) (29 -0.0146) (26 0.0142) (17 0.0136) (119 -0.0131) (24 -0.0126) (44 -0.0125) (35 0.0119) (81 -0.0117) (84 0.0108) (34 0.0106) 
  0.00048814   (148 -0.814) (51 0.296) (52 -0.272) (49 -0.246) (53 -0.167) (48 0.109) (41 0.109) (54 0.106) (46 -0.0884) (45 0.0883) (50 -0.0775) (39 -0.0674) (57 0.0665) (42 0.0632) (22 0.0524) (56 0.0424) (60 -0.0402) (21 -0.0366) (47 -0.0358) (40 0.0306) (31 -0.0295) (36 -0.0282) (30 0.0255) (15 0.0253) (55 -0.0245) (59 0.0228) (74 -0.0213) (14 0.0206) (38 -0.0188) (43 -0.0174) (68 0.0149) (82 -0.0148) (37 0.0146) (27 -0.0137) (33 -0.0137) (20 -0.0132) (73 0.013) (13 -0.0119) (28 -0.0108) (29 0.0105) (26 -0.0101) 
  0.00051232   (52 -0.613) (53 0.426) (39 -0.386) (50 0.308) (41 -0.212) (49 0.195) (40 -0.176) (42 -0.127) (51 0.107) (55 -0.1) (57 -0.0873) (48 -0.0851) (45 -0.0833) (54 -0.0784) (56 -0.0763) (46 0.0697) (60 0.0484) (43 0.0388) (59 -0.0295) (38 0.026) (47 0.0247) (44 -0.0229) (68 -0.0219) (149 -0.0201) (70 0.0189) (82 0.016) (21 -0.0147) (37 -0.0124) (81 -0.0114) (84 0.01) 
  0.00054656   (149 -0.932) (39 0.296) (52 -0.118) (40 0.0975) (53 0.0715) (50 0.0676) (41 0.0609) (42 0.0357) (43 -0.0229) (31 0.0224) (56 -0.0193) (57 -0.0187) (36 0.0179) (55 -0.0177) (30 -0.0175) (44 0.0147) (82 0.0134) (15 -0.0123) (47 -0.0122) (20 0.0119) (74 0.0117) (54 -0.0114) (60 0.0108) (22 -0.0108) (27 0.0101) 
  0.00054995   (39 -0.743) (149 -0.361) (52 0.339) (40 -0.242) (53 -0.208) (50 -0.192) (41 -0.145) (42 -0.0851) (31 -0.0576) (43 0.0571) (56 0.0542) (57 0.053) (55 0.0512) (36 -0.0463) (30 0.0456) (44 -0.0369) (82 -0.0358) (54 0.0337) (15 0.0322) (20 -0.0309) (74 -0.0308) (60 -0.0306) (47 0.0303) (22 0.0281) (27 -0.0264) (68 0.0264) (14 0.0234) (33 -0.0231) (73 0.0219) (26 -0.0217) (81 0.0194) (59 0.0185) (49 -0.0166) (28 -0.0134) (13 -0.0128) (23 -0.0128) (35 -0.0126) (32 0.0107) (17 -0.0107) (37 0.01) 
   0.0005559   (70 -0.911) (57 0.204) (72 -0.163) (60 -0.127) (51 -0.111) (50 0.0976) (55 0.095) (74 0.0742) (59 0.0714) (41 -0.0692) (54 0.0668) (52 -0.062) (56 0.0577) (73 0.0553) (45 -0.0454) (49 -0.0438) (67 -0.0381) (42 -0.037) (75 0.0361) (66 0.0351) (146 -0.0344) (71 0.0303) (46 0.0303) (82 -0.0289) (53 -0.0284) (38 0.0248) (47 -0.0236) (84 0.0235) (40 -0.0232) (30 -0.0205) (43 -0.0203) (77 0.02) (36 0.0194) (124 -0.0194) (21 -0.0182) (15 -0.0174) (88 0.0171) (76 0.0162) (122 0.0161) (37 -0.0161) (78 -0.0154) (22 -0.0145) (44 0.0142) (90 0.0138) (126 -0.0134) (31 0.0133) (20 0.0132) (27 0.0129) (96 0.0117) (14 -0.0112) (48 0.011) (34 0.0107) (121 -0.0107) (119 -0.0103) 
  0.00056822   (146 -0.769) (51 0.371) (49 0.345) (50 -0.247) (53 -0.136) (48 -0.121) (39 0.0935) (46 0.0817) (45 -0.0762) (41 -0.0756) (57 -0.0748) (70 -0.0623) (74 0.0545) (42 -0.0518) (47 0.045) (54 -0.0424) (147 -0.0416) (73 -0.0321) (82 0.0286) (31 0.0265) (60 0.0264) (66 0.0248) (15 -0.0237) (43 0.023) (44 -0.0214) (36 0.0211) (30 -0.0205) (20 0.0203) (68 -0.0184) (22 -0.0176) (14 -0.0165) (81 -0.0137) (67 -0.0129) (37 -0.0128) (119 -0.0126) (40 -0.0126) (38 0.0123) (59 -0.012) (33 0.012) (27 0.0117) (17 0.0115) (26 0.0113) (28 0.0102) 
  0.00057982   (146 -0.637) (51 -0.442) (49 -0.415) (50 0.293) (53 0.166) (48 0.146) (70 0.125) (39 -0.113) (46 -0.1) (41 0.0954) (45 0.0947) (57 0.0789) (74 -0.0698) (42 0.0647) (47 -0.053) (54 0.0474) (73 0.0359) (147 -0.0344) (82 -0.0333) (31 -0.0328) (66 -0.032) (15 0.0297) (36 -0.0267) (43 -0.0266) (30 0.026) (20 -0.0254) (44 0.0251) (60 -0.0248) (22 0.0221) (68 0.0221) (14 0.0206) (67 0.0177) (40 0.0166) (37 0.0164) (38 -0.0163) (81 0.0163) (27 -0.0149) (33 -0.0148) (119 0.0145) (26 -0.0141) (17 -0.014) (28 -0.0125) (29 0.0124) (13 -0.0121) (59 0.0105) 
  0.00072208   (38 0.897) (22 -0.215) (20 0.163) (41 0.15) (37 -0.144) (24 0.139) (21 -0.133) (39 -0.074) (15 -0.0733) (45 0.0657) (42 0.0645) (36 0.0614) (40 0.0551) (46 -0.0478) (17 0.045) (14 -0.0419) (34 0.04) (25 -0.0309) (43 0.0296) (13 0.0291) (30 -0.0273) (53 0.0248) (35 0.0218) (44 -0.0197) (54 -0.0179) (50 -0.0177) (52 0.017) (57 -0.0169) (18 -0.0162) (51 0.0142) (60 0.0123) (49 -0.0117) (55 -0.0115) (47 0.0115) 
  0.00078633   (22 -0.558) (24 0.436) (20 0.41) (38 -0.329) (21 -0.317) (15 -0.132) (17 0.123) (30 0.115) (27 -0.0982) (36 -0.0958) (31 -0.0933) (25 -0.0886) (26 -0.078) (23 0.0764) (37 0.0733) (14 -0.0682) (29 0.0611) (28 -0.0563) (18 -0.0499) (13 0.0456) (34 -0.0407) (143 0.0372) (33 -0.0351) (35 -0.0323) (39 -0.0238) (19 -0.0121) (32 0.0119) (49 -0.0113) 
   0.0010262   (143 0.998) (142 -0.055) (22 0.0223) (24 -0.0172) (20 -0.0164) (144 0.015) (21 0.0127) 
   0.0011135   (48 0.427) (46 0.396) (45 -0.377) (49 -0.365) (41 -0.273) (15 -0.23) (53 0.195) (47 -0.19) (50 -0.179) (51 0.155) (54 -0.144) (16 0.126) (43 -0.123) (52 0.11) (44 0.108) (42 -0.104) (39 0.0732) (40 -0.0662) (14 -0.0627) (60 0.0603) (38 0.0585) (57 -0.0581) (55 -0.0558) (36 0.0473) (13 0.042) (82 -0.0356) (59 -0.0347) (30 -0.0344) (68 0.0308) (37 -0.03) (34 0.0277) (17 -0.0213) (81 0.0211) (31 0.0195) (27 0.0193) (78 -0.0175) (35 0.0166) (29 -0.0163) (70 0.0156) (56 0.0154) (79 0.013) (26 0.0115) (66 0.0107) (84 0.0106) 
    0.001231   (15 -0.768) (16 0.505) (20 -0.135) (14 -0.122) (22 0.122) (17 -0.115) (45 0.113) (46 -0.112) (41 0.103) (48 -0.0995) (49 0.0808) (13 0.0799) (21 0.0723) (30 0.0522) (36 -0.0493) (39 -0.0467) (47 0.0459) (42 0.0447) (31 -0.0436) (50 0.0419) (53 -0.0412) (27 -0.0361) (43 0.0334) (51 -0.0329) (38 -0.0322) (54 0.0299) (29 0.0293) (44 -0.0289) (40 0.0271) (26 -0.0252) (24 0.0243) (18 0.0234) (52 -0.0229) (28 -0.0218) (34 -0.0216) (37 0.0176) (35 -0.0168) (33 -0.0147) (55 0.011) (60 -0.0108) (57 0.0105) 
   0.0012815   (145 -1) (135 0.0129) 
   0.0014615   (53 -0.61) (54 -0.48) (36 0.336) (55 -0.251) (51 -0.219) (52 -0.198) (50 0.18) (31 0.12) (30 -0.11) (57 -0.0983) (33 0.0811) (35 0.0808) (60 0.0772) (34 0.0758) (39 -0.0595) (45 -0.0559) (15 -0.049) (37 0.0468) (27 0.0462) (22 -0.0454) (28 0.0453) (46 0.0447) (20 0.0442) (59 -0.0433) (47 -0.0408) (29 -0.0384) (38 -0.0345) (43 -0.0341) (71 0.0327) (68 0.0326) (21 -0.0326) (82 -0.0313) (14 -0.0307) (26 0.0307) (44 0.0234) (41 -0.0232) (32 -0.022) (56 0.0213) (13 0.0198) (137 -0.0198) (48 0.0172) (42 -0.017) (73 0.0165) (81 0.0145) (66 -0.014) (49 -0.0133) (79 0.0111) (70 0.011) (121 -0.0103) 
   0.0015064   (36 0.702) (53 0.283) (31 0.249) (30 -0.197) (54 0.19) (33 0.175) (41 0.165) (35 0.163) (38 -0.151) (39 -0.149) (37 0.142) (34 0.137) (137 -0.114) (51 0.112) (55 0.0994) (50 -0.098) (52 0.0978) (45 0.0931) (42 0.0845) (28 0.0794) (27 0.0714) (46 -0.0673) (20 0.0669) (15 -0.0662) (22 -0.0652) (29 -0.0644) (32 -0.0515) (26 0.0499) (40 0.0479) (14 -0.0424) (21 -0.037) (57 0.0286) (13 0.0283) (60 -0.0256) (49 -0.0254) (17 0.0251) (43 0.0213) (25 0.0204) (44 -0.0194) (47 0.0177) (24 -0.0161) (82 0.0146) (59 0.0144) (71 -0.0126) (48 0.0102) 
   0.0015559   (137 -0.993) (36 -0.0878) (135 0.034) (31 -0.0312) (30 0.025) (33 -0.0218) (35 -0.0205) (53 -0.0203) (41 -0.0182) (39 0.0182) (38 0.018) (34 -0.0173) (37 -0.0173) (54 -0.0124) (28 -0.0101) 
   0.0016633   (13 0.852) (14 0.402) (31 0.212) (33 -0.186) (32 0.1) (29 -0.0815) (36 -0.0714) (30 -0.055) (28 0.044) (35 -0.0395) (133 0.0357) (39 -0.02) (41 0.0192) (71 -0.0144) (38 -0.013) (37 0.0128) (18 -0.0126) (24 -0.0119) (26 0.0112) (22 -0.011) (12 0.0108) (40 0.0107) (27 0.0104) 
   0.0018121   (133 0.55) (31 0.507) (33 -0.43) (13 -0.249) (32 0.229) (29 -0.188) (36 -0.162) (14 -0.161) (30 -0.146) (35 -0.0905) (28 0.0768) (39 -0.0491) (15 -0.0461) (20 0.0399) (26 0.0334) (27 0.0332) (17 0.0316) (22 -0.0312) (37 0.0309) (42 0.0307) (41 0.0307) (24 -0.0301) (21 -0.0235) (38 -0.0234) (25 0.0187) (40 0.0184) (44 0.0182) (19 -0.0164) (23 0.0152) (45 0.0143) (34 0.0141) (16 -0.0125) (50 0.011) (48 0.0106) (51 0.0104) 
    0.002023   (133 0.835) (31 -0.343) (33 0.291) (32 -0.155) (13 0.128) (29 0.127) (36 0.11) (30 0.0982) (14 0.0889) (35 0.0613) (28 -0.0524) (39 0.0332) (15 0.03) (20 -0.0264) (26 -0.0225) (27 -0.0223) (17 -0.0212) (22 0.021) (41 -0.021) (37 -0.0209) (42 -0.0206) (24 0.0203) (38 0.016) (21 0.0155) (25 -0.0126) (40 -0.0126) (44 -0.0122) (19 0.0109) (23 -0.0101) 
   0.0021375   (29 -0.913) (31 -0.203) (50 0.178) (30 0.152) (51 0.116) (33 0.107) (28 0.104) (32 -0.0953) (52 0.0908) (48 0.0521) (34 -0.0437) (36 -0.0359) (72 0.0328) (20 0.032) (35 0.029) (42 0.0247) (26 0.0246) (45 0.024) (37 0.024) (73 -0.023) (49 0.0214) (129 -0.0199) (74 -0.0198) (54 -0.0187) (47 -0.018) (60 -0.0179) (56 -0.0162) (15 -0.0144) (46 -0.0136) (41 0.0134) (23 -0.0117) (22 -0.0116) (53 -0.0111) (38 -0.0103) 
   0.0023623   (72 0.622) (73 -0.483) (74 -0.299) (129 -0.239) (67 -0.217) (77 -0.197) (71 -0.147) (68 -0.14) (70 -0.126) (69 -0.114) (82 -0.107) (75 -0.0866) (66 0.0839) (60 -0.0728) (56 0.0698) (54 0.0636) (51 -0.0609) (40 -0.0592) (78 -0.0584) (81 0.0449) (83 -0.0438) (62 0.0408) (55 -0.0386) (105 -0.0381) (61 0.0377) (59 0.0349) (64 0.0349) (45 -0.0338) (52 -0.0338) (86 0.033) (79 -0.031) (29 0.0297) (80 0.0255) (53 -0.0253) (76 0.0242) (85 -0.0231) (65 -0.0229) (48 -0.0219) (50 -0.0216) (63 0.0214) (49 -0.0213) (31 0.0191) (42 -0.0171) (102 0.0164) (44 0.0156) (46 0.0156) (89 -0.0146) (43 -0.0146) (84 0.0138) (93 -0.0135) (47 -0.0124) (39 0.0118) (101 0.0118) (30 -0.0114) (104 -0.0109) (121 0.0106) (36 0.01) 
   0.0024417   (129 -0.62) (50 -0.525) (51 -0.357) (52 -0.285) (29 -0.174) (72 -0.15) (48 -0.121) (73 0.0919) (74 0.0886) (60 0.0779) (54 0.0772) (56 0.0658) (42 -0.0537) (49 -0.0481) (40 -0.0471) (131 0.0445) (41 0.0438) (45 -0.0436) (57 -0.0427) (53 0.042) (47 0.0382) (59 -0.0371) (70 0.0326) (69 0.0319) (30 0.0267) (77 0.0263) (68 0.0241) (28 0.0225) (64 -0.0225) (55 -0.0222) (75 0.0219) (31 -0.0215) (35 0.0212) (67 0.02) (84 -0.0196) (78 0.0189) (80 -0.0183) (71 0.0183) (82 0.0182) (61 -0.018) (46 0.0172) (20 0.0159) (119 0.014) (39 0.013) (90 -0.0127) (88 0.0126) (34 -0.0117) (26 0.0116) (66 -0.0106) (15 -0.0101) 
   0.0025075   (129 -0.742) (50 0.439) (51 0.314) (52 0.245) (29 0.16) (48 0.106) (54 -0.0843) (131 0.0818) (73 0.0784) (56 -0.0769) (72 -0.0753) (40 0.0588) (67 0.0531) (42 0.0495) (45 0.0467) (49 0.0464) (60 -0.0408) (77 0.0406) (41 -0.035) (57 0.034) (71 0.032) (55 0.0308) (47 -0.0273) (53 -0.0264) (68 0.0251) (30 -0.0226) (74 0.022) (28 -0.02) (59 0.0193) (35 -0.0192) (46 -0.019) (66 -0.0182) (82 0.018) (83 0.0174) (130 -0.0172) (31 0.0171) (76 -0.0152) (85 0.0148) (39 -0.0148) (20 -0.0142) (70 0.0136) (62 -0.0123) (84 0.0121) (26 -0.0115) (15 0.0109) (119 -0.0105) (88 -0.0105) (65 0.0104) (69 0.0102) (101 -0.0102) 
   0.0026338   (23 -0.884) (24 -0.309) (20 0.191) (54 -0.131) (21 -0.11) (55 0.0961) (22 -0.0872) (56 0.0859) (27 -0.0655) (60 -0.0618) (30 0.0503) (26 -0.0476) (53 0.0439) (28 -0.0434) (15 -0.0409) (59 0.0395) (57 -0.0345) (42 0.0326) (45 0.0324) (41 0.0292) (25 0.029) (50 -0.0284) (29 0.0263) (38 -0.0256) (46 -0.0226) (36 -0.0224) (33 -0.0217) (37 0.0191) (51 0.0187) (14 -0.0182) (12 -0.0181) (32 -0.0172) (43 0.0165) (68 -0.0153) (82 0.0149) (119 0.0137) (47 0.0127) (49 -0.0111) (31 -0.0108) (17 0.0105) (74 -0.0102) (13 0.0101) 
   0.0029396   (60 0.642) (57 0.574) (59 -0.384) (56 -0.168) (68 -0.163) (54 0.104) (23 -0.0958) (53 -0.0726) (55 0.0626) (67 -0.043) (50 0.0406) (45 -0.0394) (49 0.0381) (132 -0.0372) (72 0.0348) (42 -0.0337) (84 -0.0334) (105 0.0333) (58 0.032) (82 -0.0296) (124 -0.0296) (24 -0.0291) (81 0.0288) (73 -0.0285) (20 0.0268) (69 0.0247) (43 -0.0244) (46 0.0239) (62 0.023) (66 -0.0229) (123 -0.0203) (102 -0.019) (65 -0.0188) (70 0.0184) (78 0.0182) (21 -0.0171) (36 0.0156) (90 -0.0149) (22 -0.0145) (47 -0.0144) (110 -0.0143) (101 -0.014) (40 0.0123) (51 0.0123) (99 -0.0117) (63 0.0113) (71 -0.0111) (41 -0.0108) (77 -0.0105) 
    0.003138   (132 -0.826) (54 0.347) (55 -0.339) (56 -0.167) (57 -0.112) (23 -0.093) (68 0.0796) (53 -0.0768) (41 -0.0536) (50 0.0523) (52 0.0405) (46 0.0361) (45 -0.036) (51 -0.0325) (82 -0.0316) (24 -0.0304) (49 0.0269) (20 0.0237) (43 -0.0232) (60 -0.0207) (22 -0.0202) (40 -0.0201) (67 0.02) (47 -0.0199) (44 0.0195) (66 0.0184) (72 -0.0183) (21 -0.0173) (81 0.0154) (70 -0.015) (74 0.0147) (73 0.0136) (119 -0.0131) (78 -0.0131) (15 -0.013) (39 0.013) (36 0.0121) (79 0.0121) (130 0.0117) (84 0.0117) (69 -0.0114) (38 0.011) 
   0.0034326   (132 -0.562) (54 -0.515) (55 0.492) (56 0.256) (23 0.143) (57 0.125) (53 0.118) (68 -0.106) (50 -0.0795) (41 0.0791) (52 -0.0586) (45 0.0555) (46 -0.0546) (82 0.0485) (51 0.0468) (24 0.0466) (49 -0.0422) (124 -0.0371) (20 -0.0367) (43 0.0358) (123 -0.0336) (22 0.0306) (47 0.0302) (119 0.0292) (44 -0.029) (40 0.0284) (21 0.0267) (67 -0.0267) (66 -0.0256) (72 0.0247) (81 -0.0243) (74 -0.0223) (70 0.0209) (15 0.0197) (36 -0.0188) (39 -0.0188) (78 0.0184) (73 -0.0182) (79 -0.0178) (105 0.0165) (38 -0.0165) (84 -0.0163) (59 0.0159) (69 0.0152) (60 -0.0134) (121 -0.0131) (31 -0.0123) (34 -0.0115) (58 0.0105) (42 -0.0104) (117 0.0101) 
   0.0036198   (37 -0.937) (66 -0.217) (38 -0.192) (84 -0.0795) (36 0.0677) (57 -0.0635) (41 0.0593) (39 -0.0496) (42 0.0378) (60 0.0358) (45 0.0347) (31 0.0337) (71 -0.0317) (34 0.0303) (29 -0.03) (70 -0.0287) (86 -0.0273) (46 -0.0255) (128 -0.0254) (30 -0.025) (40 0.0234) (35 0.0202) (52 0.0191) (56 0.0184) (55 -0.018) (64 -0.0173) (69 -0.0172) (22 -0.0167) (21 -0.0165) (67 -0.0165) (51 0.0153) (82 0.0144) (15 -0.0141) (49 -0.014) (73 -0.0139) (59 -0.013) (65 -0.013) (20 0.0129) (105 -0.0122) (53 0.0116) (28 0.0111) (14 -0.0105) (87 0.0101) 
   0.0036782   (84 -0.851) (128 -0.31) (86 -0.22) (82 0.209) (66 0.143) (87 0.0987) (105 -0.0897) (90 0.0831) (81 -0.0659) (85 -0.0536) (60 -0.053) (92 -0.0516) (37 0.0487) (83 -0.0467) (102 0.0425) (91 0.0403) (41 -0.0386) (57 0.0385) (93 -0.0371) (78 0.0358) (68 -0.0336) (88 0.0312) (79 -0.0283) (50 0.0283) (59 0.0267) (103 -0.0267) (117 -0.026) (119 -0.0255) (54 0.0224) (38 0.0219) (89 -0.0217) (45 -0.0201) (111 -0.0197) (53 -0.0195) (46 0.0193) (125 -0.0192) (55 -0.0182) (120 0.0176) (116 0.0175) (115 -0.0174) (94 -0.0171) (96 0.0156) (108 -0.0156) (69 0.0152) (40 -0.0151) (80 0.015) (113 0.0146) (110 -0.0146) (77 -0.0139) (114 0.0137) (109 -0.0136) (126 -0.0127) (71 0.0127) (64 0.0116) (121 -0.0113) (56 0.0109) 
   0.0038875   (128 -0.693) (66 0.576) (84 0.292) (37 -0.162) (57 0.11) (71 0.0921) (70 0.0849) (86 0.0797) (60 -0.0776) (82 -0.0775) (56 -0.0658) (55 0.0529) (67 0.0464) (69 0.0453) (64 0.0434) (73 0.0423) (90 -0.039) (105 0.0366) (87 -0.0342) (65 0.034) (52 -0.0297) (59 0.0271) (38 -0.0266) (91 -0.0237) (51 -0.0233) (83 0.0225) (81 0.0218) (42 -0.0218) (92 0.0192) (76 -0.0186) (53 -0.018) (102 -0.0167) (85 0.0162) (36 0.0161) (45 -0.0143) (126 -0.0141) (110 0.0132) (108 0.0118) (72 -0.0115) (103 0.0115) (31 0.0111) (68 0.0105) (61 0.01) 
   0.0039078   (66 -0.674) (128 -0.65) (37 0.186) (57 -0.134) (60 0.107) (71 -0.103) (84 0.0999) (70 -0.0922) (56 0.0636) (69 -0.055) (64 -0.0512) (67 -0.0506) (55 -0.0462) (59 -0.0415) (73 -0.0411) (65 -0.0392) (52 0.0299) (53 0.0284) (51 0.0277) (38 0.0252) (45 0.0239) (36 -0.0227) (42 0.0212) (86 0.02) (82 -0.02) (78 -0.0198) (76 0.0193) (46 -0.0186) (41 0.0184) (31 -0.0151) (77 0.0137) (30 0.0129) (15 0.0125) (93 0.0118) (29 0.0117) (20 -0.0112) (50 -0.0111) (61 -0.011) (87 -0.0106) (74 0.0105) (21 0.0105) (88 -0.0103) (34 -0.0102) (22 0.0102) 
   0.0040229   (106 -0.734) (113 -0.336) (107 0.226) (104 -0.222) (68 0.198) (109 0.166) (101 -0.16) (103 0.143) (115 0.142) (97 -0.124) (91 0.113) (108 -0.106) (120 0.0978) (98 0.0803) (71 -0.0785) (118 0.0722) (99 -0.0709) (114 0.0682) (90 -0.0662) (116 -0.0657) (100 -0.0654) (102 -0.059) (105 -0.0535) (69 -0.0512) (56 -0.0441) (147 -0.0439) (92 0.0408) (55 0.0377) (82 0.0338) (94 0.0333) (89 0.0331) (110 -0.0294) (81 -0.0287) (88 -0.0247) (73 -0.0218) (117 -0.0211) (67 0.0193) (60 0.0168) (54 -0.0164) (79 -0.015) (74 -0.014) (121 -0.0138) (78 0.0138) (59 -0.0132) (66 0.012) (57 0.0116) (70 -0.0115) (125 -0.0109) (122 0.0107) (72 0.0107) (124 -0.0102) 
     0.00413   (144 0.989) (147 0.145) (135 0.0154) (143 -0.0142) (142 0.0134) (113 -0.0114) (68 -0.0103) 
   0.0043479   (68 0.767) (71 -0.32) (56 -0.301) (55 0.243) (69 -0.202) (106 0.186) (73 -0.0843) (82 0.0742) (107 -0.0741) (67 0.0702) (60 0.0691) (105 0.0686) (74 -0.0676) (113 0.0603) (54 -0.0586) (59 -0.0571) (81 -0.056) (103 -0.0512) (52 -0.0494) (70 -0.0489) (72 0.0455) (104 0.0419) (101 0.0417) (108 0.0414) (79 -0.0371) (84 -0.0356) (115 -0.0353) (66 0.035) (41 0.0327) (109 -0.0323) (78 0.0321) (50 -0.0302) (42 -0.0302) (92 -0.028) (147 0.0271) (90 -0.0271) (120 -0.0268) (61 0.0266) (53 -0.0262) (77 -0.0248) (118 -0.0232) (97 0.0209) (75 -0.0195) (40 0.0195) (94 -0.0145) (116 0.0142) (99 0.0136) (86 0.013) (98 -0.0128) (100 0.0126) (102 -0.0121) (76 0.0118) (65 0.0115) (51 -0.0112) (23 -0.0105) (58 -0.0102) 
   0.0044144   (44 -0.586) (71 -0.425) (79 -0.29) (43 -0.273) (80 -0.272) (83 0.163) (72 -0.157) (42 -0.157) (93 -0.143) (68 -0.138) (86 0.127) (78 0.125) (45 -0.113) (41 0.0907) (76 0.0856) (56 0.0824) (55 -0.0778) (82 -0.0778) (99 -0.0735) (77 0.0689) (108 -0.0647) (112 0.0646) (81 -0.0587) (40 0.0576) (66 0.0513) (87 -0.0455) (98 0.0451) (96 -0.0442) (50 0.0407) (84 -0.0389) (60 -0.0336) (74 -0.0293) (73 -0.0284) (103 0.0278) (28 0.0258) (52 0.0245) (70 0.0244) (75 0.0236) (104 0.0232) (89 0.0225) (106 0.0222) (47 -0.0218) (48 0.0212) (157 -0.0185) (101 0.0174) (64 0.0157) (97 -0.0157) (46 -0.0156) (59 0.0155) (91 -0.0151) (39 -0.0139) (54 0.0131) (32 0.0102) (53 -0.0102) (13 -0.01) 
   0.0044404   (157 -0.999) (44 0.0315) (43 0.0151) 
   0.0045969   (44 -0.587) (71 0.51) (43 -0.284) (78 -0.202) (79 0.201) (72 0.192) (80 0.172) (42 -0.157) (68 0.149) (41 0.132) (45 -0.119) (86 -0.112) (56 -0.101) (83 -0.0965) (108 0.0865) (66 -0.0752) (40 0.0732) (82 0.0703) (87 0.067) (112 -0.0649) (90 0.0554) (99 0.0518) (76 -0.05) (55 0.0396) (157 -0.0344) (105 0.0336) (70 -0.029) (46 -0.0284) (91 0.0277) (98 -0.0274) (39 -0.0247) (64 -0.024) (74 0.0235) (48 0.0231) (84 0.0226) (75 -0.0222) (106 -0.0198) (81 0.0198) (53 0.0189) (104 -0.0177) (101 -0.0164) (32 0.0163) (117 0.0161) (77 -0.015) (73 0.0142) (57 -0.0135) (119 0.0128) (36 -0.0125) (47 -0.0124) (116 -0.0119) (50 -0.0115) (93 -0.0115) (121 0.0113) (28 0.0109) (65 -0.0108) (97 0.0107) (49 -0.0106) (60 0.0102) 
   0.0047658   (19 -0.966) (134 0.227) (18 -0.0936) (17 -0.0626) (21 0.023) (22 0.0199) (23 -0.016) (8 -0.0144) (20 0.0124) (27 -0.0108) 
   0.0049059   (134 0.974) (19 0.225) (18 0.0218) (17 0.0146) 
   0.0049715   (8 1) (19 -0.0126) 
   0.0051113   (4 -1) 
   0.0052719   (24 -0.806) (23 0.371) (22 -0.214) (25 -0.21) (21 -0.156) (20 0.148) (31 -0.114) (17 0.111) (15 -0.102) (14 -0.0826) (140 -0.0734) (26 -0.0696) (30 0.0671) (16 -0.0525) (27 -0.0508) (13 0.0495) (39 -0.0356) (41 0.0335) (29 0.0314) (18 0.0305) (43 -0.029) (19 -0.0282) (33 -0.0277) (32 0.0235) (28 -0.0223) (40 0.0218) (42 0.0206) (35 -0.0194) (82 0.0187) (36 -0.0165) (56 -0.0155) (44 0.0146) (47 -0.0135) (37 0.0126) (68 -0.0126) (57 -0.0108) 
   0.0053451   (140 -0.996) (24 0.0594) (139 -0.0545) (23 -0.0274) (22 0.0158) (25 0.0154) (21 0.0115) (20 -0.0109) 
   0.0056201   (10 0.855) (17 0.38) (18 0.323) (20 -0.0892) (19 -0.0554) (24 0.044) (21 0.0368) (15 -0.0362) (16 -0.0321) (23 -0.0297) (22 0.0241) (14 -0.0229) (31 -0.0167) (25 -0.0162) (27 -0.0107) (13 0.0107) (26 -0.0106) 
    0.005749   (138 -0.996) (17 0.0551) (10 -0.049) (18 0.0471) (20 -0.0128) 
   0.0058842   (17 -0.623) (18 -0.532) (10 0.516) (20 0.145) (138 -0.0898) (19 0.0896) (24 -0.0715) (15 0.0611) (21 -0.0579) (16 0.0519) (23 0.0516) (22 -0.0389) (14 0.0346) (25 0.0298) (31 0.0279) (13 -0.0261) (27 0.0221) (26 0.0183) (82 -0.0138) (43 0.0129) (39 0.0129) (33 0.0122) (30 -0.0118) (32 -0.0116) 
    0.006173   (12 0.956) (11 -0.192) (42 0.16) (40 -0.1) (41 -0.0652) (44 -0.0615) (14 -0.0377) (43 -0.0374) (39 0.026) (55 0.0232) (46 -0.0171) (15 -0.0141) (56 -0.014) (59 -0.0132) (32 -0.0113) 
   0.0066821   (141 -0.998) (42 0.0495) (40 -0.0283) (41 -0.0214) (44 -0.0165) (12 -0.0155) (43 -0.0103) 
   0.0073116   (42 -0.737) (40 0.42) (41 0.318) (44 0.247) (12 0.213) (43 0.154) (39 -0.109) (46 0.0717) (141 -0.0672) (55 -0.0648) (32 0.0504) (59 0.0416) (56 0.0404) (11 -0.0397) (50 0.0394) (45 -0.035) (52 0.0322) (31 -0.0295) (54 0.0285) (23 -0.0273) (73 -0.0261) (105 0.0243) (78 0.0226) (65 0.0209) (34 -0.0207) (38 -0.0206) (79 0.0196) (51 0.0188) (28 0.0186) (84 -0.0182) (36 -0.0178) (74 -0.0174) (64 0.017) (75 -0.0164) (47 -0.0163) (102 -0.0152) (71 0.0145) (20 0.0144) (80 -0.0144) (61 -0.0138) (67 -0.013) (72 -0.012) (22 0.0117) (48 0.0105) (33 0.0102) 
   0.0081783   (11 -0.953) (32 -0.196) (12 -0.192) (33 -0.0642) (34 0.0639) (35 0.0602) (31 0.0409) (36 -0.0324) (40 0.0241) (30 0.0187) (14 -0.0171) (65 0.016) (27 -0.0121) (42 -0.011) (136 0.0106) 
   0.0090928   (136 0.983) (32 -0.15) (11 0.0526) (33 -0.0485) (34 0.0481) (35 0.0425) (31 0.0319) (36 -0.0239) (40 0.0201) (30 0.0166) (27 -0.0127) (12 0.0106) 

 Largest eigenvalues
      43.754   (162 -0.944) (163 0.252) 
      18.133   (55 0.427) (56 -0.615) (68 -0.315) (82 -0.348) 
      15.894   (81 0.373) (82 -0.693) 
      5.2513   (102 -0.392) (105 0.754) 
      4.3469   (147 0.978) 
      1.5511   (162 -0.263) (163 -0.964) 
      1.2279   (164 -0.997) 
      1.2019   (165 0.996) 
       1.129   (90 0.398) (91 -0.785) 
      1.1149   (100 -0.451) (101 -0.533) (107 0.535) 
      1.1063   (100 -0.378) (101 -0.324) (107 -0.739) (115 0.295) 
      1.0708   (111 0.349) (115 -0.795) 
      1.0247   (102 0.322) (103 -0.42) (104 0.702) 
     0.98933   (100 0.676) (101 -0.547) 
      0.9143   (101 0.235) (111 -0.682) (122 0.219) (130 -0.231) (135 0.222) 
      0.8387   (109 0.364) (111 0.454) (115 0.289) 
     0.76266   (109 -0.745) (110 0.324) 
     0.67857   (97 -0.822) (99 0.368) 
     0.64209   (114 -0.545) (125 -0.507) (135 0.383) 
      0.6416   (113 -0.301) (114 0.765) (125 -0.31) 
     0.60009   (109 0.38) (110 0.548) (113 0.571) 
     0.57421   (110 -0.702) (113 0.458) 
     0.57313   (113 -0.3) (122 0.477) (123 0.391) (130 0.39) (131 0.287) 
     0.57138   (123 -0.46) (124 -0.593) (125 0.31) (130 0.35) 
     0.55206   (119 -0.68) (121 0.379) (123 0.306) 
     0.54824   (117 -0.408) (118 0.751) 
     0.54823   (116 0.29) (120 0.574) (121 -0.335) (126 0.335) 
     0.53323   (116 -0.537) (117 -0.374) (135 -0.308) 
     0.50134   (116 0.628) (120 -0.366) (125 -0.326) (135 -0.353) 
     0.46371   (92 -0.964) 
     0.44523   (120 0.498) (126 -0.402) (135 -0.412) 
      0.4427   (94 -0.941) 
     0.33079   (103 0.777) (104 0.422) 
     0.31707   (102 -0.762) (105 -0.398) 
     0.28338   (98 0.314) (99 -0.354) (112 -0.333) (117 -0.305) 
     0.26191   (78 -0.322) (86 0.605) 
     0.25122   (78 0.485) (98 -0.385) (99 0.453) 
     0.23626   (71 -0.322) (78 -0.504) (86 -0.523) 
     0.23029   (99 -0.34) (108 -0.379) (112 0.61) 
      0.1965   (90 -0.705) (91 -0.291) (93 0.492) 
     0.15584   (90 0.373) (96 0.54) (108 0.45) 
     0.14285   (87 0.316) (93 -0.601) (108 0.352) 
     0.13244   (85 -0.422) (87 -0.785) 
     0.11971   (88 -0.41) (89 -0.677) (93 0.312) (96 -0.316) 
      0.1116   (78 0.375) (80 0.443) (83 -0.42) 
     0.10904   (76 0.318) (77 0.344) (79 -0.319) (96 -0.278) 
     0.10391   (59 -0.292) (64 0.362) (76 -0.319) 
    0.099889   (58 0.578) (59 0.45) 
    0.095061   (58 -0.598) (64 -0.368) 
    0.090845   (58 0.388) (59 -0.348) (64 0.246) (76 0.288) (96 0.305) (108 -0.29) 
    0.085401   (58 -0.307) (59 0.532) (60 0.327) 
    0.076297   (63 0.31) (64 -0.489) (83 -0.3) 
    0.076079   (63 -0.743) (67 -0.262) (69 0.257) (76 -0.219) (83 -0.224) 
    0.073063   (61 -0.482) (62 0.332) (63 0.475) (69 0.355) 
    0.071682   (61 0.69) (62 -0.262) (63 0.212) (69 0.227) (77 -0.206) 
    0.063558   (61 -0.313) (69 -0.267) (118 -0.262) (119 0.286) 
    0.061644   (61 0.248) (67 -0.352) (73 0.279) (77 0.352) (80 0.267) 
    0.058028   (61 -0.274) (62 -0.593) (67 0.263) (69 0.234) (79 -0.254) (80 0.228) (85 -0.242) 
    0.057153   (62 0.58) (67 0.268) (72 -0.262) (73 -0.229) (77 -0.259) (85 -0.242) 
    0.053461   (62 -0.287) (67 -0.487) (69 -0.337) (76 0.293) (77 -0.293) 
    0.052215   (65 0.389) (72 0.33) (80 -0.331) 
    0.047086   (65 -0.549) (77 0.307) 
    0.046655   (65 0.492) (67 -0.319) 
     0.04607   (73 0.226) (76 0.252) (77 -0.236) (79 -0.253) (80 0.337) (83 0.29) (85 0.238) (88 0.198) (89 -0.197) 
    0.043999   (35 -0.834) (40 -0.292) 
     0.04196   (35 0.403) (40 -0.651) (41 0.477) 
    0.040167   (75 -0.48) (121 -0.279) 
    0.039443   (47 0.305) (48 0.522) (75 0.439) 
    0.038521   (48 -0.466) (75 0.497) 
    0.031145   (26 0.725) (27 -0.322) (34 -0.298) 
    0.029445   (27 0.616) (30 0.548) 
    0.027207   (30 -0.502) (88 -0.342) 
    0.025342   (33 0.343) (34 0.678) 
    0.021053   (43 0.385) (75 -0.309) (88 -0.337) 
    0.020746   (130 -0.569) (131 0.608) 
     0.02043   (127 0.578) (160 -0.807) 
    0.018996   (127 0.577) (160 0.301) (161 0.759) 
    0.017764   (127 0.577) (160 0.507) (161 -0.64) 
    0.015476   (28 0.956) 
    0.014981   (139 -0.996) 
