 1 55880
 2 650.875
 3 26.2972
 4 177241
 5 511.447
 6 358.531
 7 544820
 8 42.2975
 9 16867.3
 10 2432.01
 11 4.29568
 12 1730.29
 13 282287
 14 3728
 15 0.848209
 16 356019
 17 3665.29
 18 8.57939
 19 122873
 20 2187.82
 21 399.817
 22 162056
 23 3285.54
 24 174.469
 25 258.702
 26 317.855
 27 19.7029
 28 2719.27
 29 254.8
 30 303.767
 31 517.504
 32 66.3303
 33 1090.62
 34 217.525
 35 158.996
 36 422.119
 37 1523.17
 38 2998.32
 39 7.52116
 40 974.101
 41 4302.39
 42 2.03543
 43 688.624
 44 1499.78
 45 27.2927
 46 6842.72
 47 1103.58
 48 1419.03
 49 1885.41
 50 200.135
 51 367.157
 52 213.266
 53 2894.85
 54 308.035
 55 226.694
 56 304.482
 57 1014.95
 58 92.3054
 59 159.064
 60 180.73
 61 22.1475
 62 1.75194
 63 494.322
 64 303.547
 65 1.73025
 66 495.139
 67 3584.4
 68 187.453
 69 136237
 70 176763
 71 2192.91
 72 291.164
 73 16939.2
 74 25.419
 75 16191.5
 76 8250.29
 77 6.71328
 78 1963.71
 79 8429.25
 80 83.8958
 81 2761.71
 82 1585.07
 83 309.468
 84 2.7614
 85 137.821
 86 2.61901
 87 5251.5
 88 1.71875
 89 1.64421
 90 1.92017
 91 9.53732
 92 466.357
 93 1333.43
 94 866.345
 95 1612.09
 96 1933.86
 97 328.629
 98 276.404
 99 127.324
 100 785.641
 101 1446.85
 102 117.89
 103 154.732
 104 132.668
 105 129.482
 106 160.732
 107 164.373
 108 167.55
 109 122.073
 110 95.0582
 111 176.555
 112 204.259
 113 187.87
 114 170.828
 115 174.373
 116 138.044
 117 169.058
 118 189.108
 119 145.907
 120 84.0323
 121 121.383
 122 47.7692
 123 62.7806
 124 36.4442
 125 29.3647
 126 52.012
 127 26.9093
 128 88.733
 129 67.5395
 130 60.1009
 131 20.3841
 132 20.9401
 133 22.4266
 134 36.2386
 135 8.7937
 136 45.8334
 137 9.9307
 138 9.24705
 139 9.32547
 140 10.9547
 141 11.689
 142 8.89463
 143 9.51501
 144 15.2165
 145 15.3003
 146 12.7869
 147 10.4156
 148 30.0781
 149 16.3753
 150 12.1522
 151 14.1206
 152 23.6902
 153 20.8578
 154 13.5689
 155 20.1662
 156 24.2166
 157 46.9938
 158 0.259272
 159 0.0886759
 160 0.42383
 161 25.8817
 162 14.8636
 163 1101.83
 164 2376.03
 165 12.3113
