 1 31.6228
 2 22.3172
 3 1.85963
 4 31.6228
 5 16.087
 6 11.6281
 7 31.6191
 8 1.01186
 9 31.4335
 10 29.5421
 11 0.986493
 12 27.9084
 13 31.6228
 14 31.5818
 15 0.904402
 16 31.6228
 17 31.5398
 18 0.99942
 19 31.6228
 20 26.8603
 21 5.83146
 22 31.6228
 23 30.0564
 24 2.58502
 25 15.0679
 26 15.0054
 27 1.86594
 28 31.3404
 29 10.1565
 30 11.9563
 31 21.6068
 32 2.65916
 33 27.9402
 34 14.3296
 35 7.03677
 36 16.7249
 37 31.4287
 38 31.56
 39 1.38002
 40 24.3014
 41 31.049
 42 1.29234
 43 21.6826
 44 28.7466
 45 1.85527
 46 31.5673
 47 13.9546
 48 19.427
 49 30.3883
 50 13.6126
 51 14.4696
 52 8.98732
 53 30.6594
 54 16.3613
 55 9.3498
 56 11.6664
 57 29.3191
 58 8.97849
 59 9.26149
 60 9.91119
 61 4.38921
 62 1.31663
 63 21.4255
 64 16.0735
 65 0.971181
 66 21.1548
 67 30.1145
 68 3.00106
 69 31.6217
 70 31.6228
 71 28.0766
 72 5.07385
 73 31.6133
 74 1.35491
 75 31.5702
 76 31.3488
 77 1.38974
 78 29.7026
 79 31.6037
 80 2.20845
 81 30.7852
 82 31.4123
 83 16.4043
 84 1.38102
 85 10.1419
 86 1.39664
 87 31.392
 88 1.10196
 89 1.04642
 90 1.25293
 91 2.45101
 92 18.1442
 93 27.016
 94 20.69
 95 27.9695
 96 30.054
 97 16.4449
 98 14.6657
 99 9.12704
 100 25.0927
 101 30.1273
 102 9.639
 103 11.6879
 104 10.72
 105 10.6863
 106 12.2402
 107 12.2961
 108 12.3712
 109 10.1931
 110 8.25707
 111 12.5591
 112 13.92
 113 13.2699
 114 12.5016
 115 12.4369
 116 10.6083
 117 12.1563
 118 13.0827
 119 11.3472
 120 8.44063
 121 10.6253
 122 6.68552
 123 7.68583
 124 5.50109
 125 5.12608
 126 6.8904
 127 4.52298
 128 8.75045
 129 7.35548
 130 7.13166
 131 4.12699
 132 4.44834
 133 4.57084
 134 5.84481
 135 2.68047
 136 6.67043
 137 2.89744
 138 2.84409
 139 2.85573
 140 3.08511
 141 3.05031
 142 2.67789
 143 2.80721
 144 3.69904
 145 3.76605
 146 3.3875
 147 2.91189
 148 5.18521
 149 3.80326
 150 3.27347
 151 3.52989
 152 4.71202
 153 4.35858
 154 3.51817
 155 4.37343
 156 4.81671
 157 6.77601
 158 0.189035
 159 0.224122
 160 0.271288
 161 3.71334
 162 3.39538
 163 15.8461
 164 27.3709
 165 0.575587
