 1 1000
 2 523.396
 3 21.3055
 4 1000
 5 416.673
 6 292.136
 7 999.825
 8 3.29142
 9 992.055
 10 882.287
 11 2.40752
 12 791.788
 13 1000
 14 997.853
 15 0.825574
 16 1000
 17 996.991
 18 2.96747
 19 1000
 20 842.788
 21 154.663
 22 1000
 23 948.323
 24 51.1002
 25 239.151
 26 254.49
 27 15.8837
 28 985.546
 29 204.281
 30 244.796
 31 487.263
 32 51.4844
 33 842.762
 34 210.969
 35 142.326
 36 376.053
 37 989.106
 38 997.779
 39 3.58356
 40 603.581
 41 968.42
 42 1.74687
 43 496.218
 44 860.064
 45 16.1288
 46 997.918
 47 409.747
 48 592.278
 49 937.573
 50 197.909
 51 295.321
 52 172.221
 53 951.773
 54 274.761
 55 166.808
 56 219.979
 57 894.469
 58 91.1378
 59 149.072
 60 168.679
 61 21.9137
 62 1.75053
 63 471.641
 64 301.814
 65 1.72303
 66 489.013
 67 950.012
 68 52.0841
 69 999.962
 70 1000
 71 881.547
 72 118.299
 73 999.571
 74 3.03442
 75 998.097
 76 983.648
 77 3.74591
 78 886.841
 79 999.164
 80 27.2832
 81 971.048
 82 990.101
 83 286.28
 84 2.65946
 85 107.569
 86 2.36852
 87 990.01
 88 1.71857
 89 1.6442
 90 1.91995
 91 8.7682
 92 400.458
 93 819.468
 94 540.941
 95 841.962
 96 933.253
 97 313.716
 98 265.704
 99 126.146
 100 674.41
 101 928.82
 102 113.87
 103 152.132
 104 131.518
 105 128.736
 106 160.149
 107 163.646
 108 166.665
 109 121.194
 110 93.2958
 111 175.495
 112 203.389
 113 187.25
 114 170.45
 115 173.941
 116 137.322
 117 168.547
 118 188.843
 119 145.487
 120 83.1263
 121 120.826
 122 47.3791
 123 61.5738
 124 36.1148
 125 28.7804
 126 51.6581
 127 25.683
 128 86.3086
 129 66.3967
 130 59.1727
 131 20.0899
 132 20.7117
 133 22.1108
 134 35.2775
 135 8.57025
 136 45.4792
 137 9.63999
 138 9.00248
 139 9.09068
 140 10.4709
 141 10.977
 142 8.51153
 143 9.12357
 144 14.8045
 145 15.0463
 146 12.4943
 147 9.93338
 148 28.9258
 149 15.7967
 150 11.8896
 151 13.8346
 152 23.2445
 153 20.0342
 154 13.2157
 155 19.8679
 156 24.0293
 157 46.7725
 158 0.216593
 159 0.0854736
 160 0.374626
 161 21.3068
 162 14.1
 163 323.793
 164 809.631
 165 7.72571
