 Smallest eigenvalues
  1.7874e-06   (9 1) 
  2.8088e-06   (48 -0.582) (49 0.476) (47 0.367) (42 -0.257) (52 -0.204) (154 -0.193) (53 0.173) (51 0.156) (46 0.135) (44 0.111) (13 -0.0948) (78 0.0877) (77 -0.0865) (54 0.0843) (14 0.0843) (55 -0.0732) (33 -0.0711) (61 -0.0484) (56 0.0449) (24 0.0446) (38 0.0431) (45 -0.0368) (40 0.0317) (25 -0.0311) (50 -0.0306) (59 0.0305) (36 0.0289) (60 -0.0272) (17 -0.0264) (71 -0.0253) (73 -0.0241) (29 0.02) (35 -0.0188) (68 0.0185) (37 -0.0173) (57 0.0131) (84 0.013) (26 0.0128) (21 -0.0126) (28 0.0125) (27 0.0124) (72 0.0113) (79 -0.0103) (39 0.0102) (81 -0.0102) (88 0.0101) 
  3.5425e-06   (154 -0.981) (48 0.115) (49 -0.0936) (47 -0.0723) (42 0.0507) (52 0.0401) (53 -0.0339) (51 -0.0306) (46 -0.0267) (44 -0.0219) (13 0.0188) (78 -0.0169) (77 0.0167) (14 -0.0167) (54 -0.0166) (55 0.0144) (33 0.014) 
   5.642e-06   (4 -1) 
  5.6573e-06   (148 0.642) (44 -0.53) (42 -0.42) (46 -0.187) (43 -0.148) (45 -0.146) (48 0.12) (13 -0.0793) (33 -0.0754) (14 0.0703) (77 -0.0604) (24 0.047) (78 0.0422) (51 -0.038) (40 0.0379) (38 0.0378) (36 0.0376) (26 0.0296) (25 -0.0292) (37 -0.0276) (53 -0.0232) (17 -0.023) (56 0.0222) (55 -0.0215) (61 -0.0183) (52 -0.0168) (35 -0.0163) (16 0.0159) (50 0.0155) (71 -0.0153) (34 0.014) (73 -0.0135) (47 0.0127) (60 -0.012) 
  6.1707e-06   (148 0.767) (44 0.443) (42 0.352) (46 0.156) (43 0.124) (45 0.122) (48 -0.1) (13 0.0664) (33 0.0631) (14 -0.0589) (77 0.0505) (24 -0.0393) (78 -0.0352) (51 0.0318) (40 -0.0317) (38 -0.0317) (36 -0.0315) (26 -0.0247) (25 0.0244) (37 0.0231) (53 0.0194) (17 0.0193) (56 -0.0186) (55 0.0179) (61 0.0153) (52 0.014) (35 0.0136) (16 -0.0133) (50 -0.0129) (71 0.0128) (34 -0.0117) (73 0.0113) (47 -0.0106) (60 0.01) 
  7.3367e-06   (1 -0.987) (28 0.124) (33 0.0509) (26 0.0417) (24 0.0369) (30 -0.0326) (29 -0.031) (25 -0.0256) (27 0.0236) (14 0.0156) (36 -0.0154) (13 -0.0149) (31 -0.0141) (32 -0.014) (42 0.0136) (34 -0.0107) 
  8.1385e-06   (156 -0.999) (28 0.0365) (33 0.0147) (26 0.0124) (24 0.0117) 
  1.7895e-05   (28 -0.739) (33 -0.298) (26 -0.252) (24 -0.237) (30 0.194) (29 0.186) (13 0.165) (1 -0.161) (25 0.156) (14 -0.141) (27 -0.138) (31 0.0918) (36 0.0833) (32 0.0779) (42 -0.0748) (34 0.0668) (37 -0.0532) (16 -0.0507) (35 -0.0506) (156 -0.0493) (17 0.0458) (21 0.0429) (77 0.0427) (20 -0.0405) (48 -0.0334) (78 -0.0299) (39 0.0268) (22 -0.0243) (38 0.0203) (43 0.0166) (19 -0.0157) (55 0.0155) (15 -0.0153) (79 0.0127) (61 0.0126) (50 -0.012) (56 -0.0114) (40 0.0113) (53 0.0112) (73 0.0112) (12 -0.0108) (71 0.0105) 
  3.4858e-05   (19 -0.643) (20 -0.445) (46 -0.35) (44 0.282) (42 -0.269) (43 0.189) (45 0.151) (47 -0.103) (22 -0.088) (28 0.0731) (16 0.0658) (17 -0.0635) (31 0.0595) (48 0.0558) (78 0.0406) (77 -0.0372) (37 0.0363) (14 0.0324) (21 -0.0304) (29 0.0294) (33 -0.0282) (39 0.0277) (13 -0.0272) (50 0.0265) (38 0.0256) (74 -0.0251) (53 -0.0223) (72 0.0189) (68 0.0176) (23 0.0169) (52 -0.0161) (63 -0.016) (32 0.0157) (67 -0.015) (61 -0.0144) (35 -0.0139) (40 0.0134) (79 0.0132) (56 0.0129) (55 -0.0128) (71 -0.0117) 
  0.00010669   (158 0.999) (19 0.0213) (46 -0.0188) (44 0.0159) (20 0.0154) (42 -0.0143) (43 0.0129) 
  0.00010865   (19 -0.474) (46 0.435) (44 -0.368) (20 -0.342) (42 0.331) (43 -0.297) (45 -0.209) (47 0.151) (48 -0.105) (22 -0.0799) (13 0.0786) (33 0.073) (24 -0.0716) (77 0.0708) (14 -0.0641) (36 -0.0511) (78 -0.05) (26 -0.0459) (158 0.0438) (28 0.0387) (25 0.0378) (55 0.0332) (32 -0.0326) (38 -0.0323) (40 -0.032) (61 0.0303) (56 -0.029) (37 0.0278) (49 -0.0275) (50 -0.026) (16 0.0235) (34 -0.0229) (74 0.0221) (17 -0.0218) (41 -0.0214) (29 0.0206) (68 -0.0177) (72 -0.0176) (71 0.0173) (53 0.015) (67 0.0147) (39 0.0136) (31 0.0133) (81 0.0131) (59 -0.0129) (57 0.0126) (76 -0.0126) (63 0.0124) (66 -0.0102) 
   0.0001254   (3 -1) 
  0.00013529   (22 0.614) (24 -0.433) (13 -0.279) (14 0.265) (20 -0.261) (25 0.246) (17 -0.218) (23 -0.171) (21 -0.167) (19 0.128) (33 0.107) (29 -0.0899) (26 -0.0627) (42 0.0561) (38 -0.0425) (32 0.0408) (36 -0.0379) (46 -0.0305) (31 -0.0262) (30 0.0257) (37 0.0208) (40 -0.0204) (43 0.0199) (12 0.0192) (44 -0.0184) (11 0.0179) (77 -0.0159) (35 0.0158) (57 0.0133) (15 0.0133) (51 -0.0131) (16 -0.0126) (27 -0.0125) (18 -0.0116) (78 0.0107) 
  0.00018802   (159 1) 
  0.00021693   (2 -1) 
  0.00024351   (21 0.834) (22 -0.268) (17 -0.229) (13 -0.228) (14 0.216) (24 -0.2) (25 0.12) (33 0.0738) (23 0.0706) (16 0.0519) (19 0.0474) (157 0.0458) (26 -0.0418) (29 -0.0371) (42 0.0321) (30 0.028) (36 -0.0231) (38 -0.0185) (15 0.0164) (77 -0.0151) (11 0.0151) (12 0.015) (37 0.0145) (46 -0.0144) (35 0.0142) (40 -0.0138) (48 0.0127) (32 0.0106) (20 -0.0103) 
   0.0002698   (157 0.999) (21 -0.0382) (22 0.0123) (17 0.0105) (13 0.0105) 
  0.00028744   (8 1) 
  0.00030417   (26 -0.718) (150 -0.393) (27 -0.337) (24 0.249) (25 -0.248) (33 0.15) (13 -0.128) (14 0.115) (31 0.089) (17 -0.0675) (30 0.052) (16 0.0506) (28 0.05) (35 0.0487) (36 -0.0479) (22 0.0469) (20 0.0466) (37 0.0444) (51 0.0406) (47 -0.036) (32 -0.0322) (21 -0.0303) (42 0.0282) (34 -0.0253) (48 0.0216) (52 -0.0178) (53 0.0177) (15 0.0173) (78 0.0168) (19 -0.0166) (77 -0.0142) (75 -0.0121) (44 -0.0115) (40 -0.0113) (29 -0.0103) (38 -0.01) 
  0.00031024   (150 -0.92) (26 0.307) (27 0.144) (24 -0.106) (25 0.106) (33 -0.0642) (13 0.0545) (14 -0.0491) (31 -0.038) (17 0.0288) (30 -0.0222) (16 -0.0216) (28 -0.0213) (35 -0.0208) (36 0.0204) (22 -0.02) (20 -0.0199) (37 -0.0189) (51 -0.0173) (47 0.0153) (32 0.0138) (21 0.0129) (42 -0.012) (34 0.0108) 
  0.00032479   (6 1) 
  0.00032938   (22 -0.576) (21 -0.445) (20 0.323) (24 -0.306) (25 0.254) (153 -0.224) (13 -0.191) (14 0.186) (17 -0.177) (23 -0.138) (33 0.0894) (16 0.0843) (19 -0.081) (31 0.054) (26 -0.052) (32 -0.0397) (15 0.033) (30 0.0274) (27 -0.0259) (35 0.0241) (36 -0.0237) (37 0.0217) (48 0.0199) (39 0.0195) (77 -0.0188) (28 0.0185) (42 0.0184) (78 0.0158) (73 -0.015) (51 0.0144) (34 -0.0136) (12 0.0119) 
  0.00035578   (153 -0.975) (22 0.132) (21 0.102) (20 -0.0741) (24 0.0703) (25 -0.0583) (13 0.0439) (14 -0.0428) (17 0.0408) (23 0.0316) (33 -0.0205) (16 -0.0194) (19 0.0186) (31 -0.0124) (26 0.0119) 
  0.00036572   (73 -0.662) (57 -0.446) (61 0.248) (70 0.198) (65 0.191) (71 -0.177) (59 -0.161) (74 -0.16) (77 0.142) (60 0.125) (52 0.11) (51 0.108) (42 -0.105) (78 -0.0984) (46 0.0863) (43 -0.0834) (55 -0.0801) (56 0.0692) (44 0.0691) (66 -0.0683) (32 -0.0469) (31 0.0423) (38 0.0404) (69 -0.0395) (79 0.0394) (20 -0.0392) (16 -0.0375) (72 0.0347) (54 -0.0332) (50 0.0319) (19 0.0287) (48 0.0278) (41 0.0253) (47 -0.025) (89 -0.0244) (122 -0.0234) (84 0.0215) (62 -0.0214) (40 0.0214) (29 0.0207) (100 0.019) (37 -0.019) (68 -0.0189) (28 0.0179) (13 -0.0169) (104 0.0168) (45 -0.0163) (114 0.0163) (115 0.0159) (63 0.0156) (58 0.0149) (88 0.0146) (126 0.0141) (25 0.0128) (14 0.0126) (124 0.0122) (99 -0.0119) (76 -0.0111) (152 -0.0107) (120 0.0102) (53 -0.0101) (127 0.01) 
  0.00041994   (73 0.644) (57 -0.399) (65 0.249) (61 0.233) (152 -0.23) (59 -0.211) (70 0.176) (42 -0.144) (46 0.123) (74 0.122) (51 0.103) (43 -0.102) (68 -0.0946) (44 0.0935) (52 0.0927) (66 -0.0905) (60 0.0897) (49 -0.077) (56 0.0749) (69 0.0648) (13 -0.0606) (47 -0.0571) (38 0.0548) (71 0.0544) (14 0.0519) (54 -0.0514) (32 -0.0509) (53 -0.0505) (31 0.0442) (39 0.0432) (48 -0.042) (72 -0.0393) (33 -0.0382) (55 -0.0379) (16 -0.0374) (19 0.0347) (29 0.033) (41 0.0324) (20 -0.0306) (45 -0.0293) (120 0.029) (77 -0.0285) (79 -0.0282) (37 -0.0253) (28 0.025) (40 0.0244) (62 -0.0236) (84 0.0211) (122 0.0204) (78 0.0196) (63 0.0187) (115 0.0181) (89 -0.0178) (121 -0.0174) (50 0.016) (58 0.0159) (127 0.0159) (125 -0.0157) (114 0.0151) (21 -0.0147) (118 0.0134) (136 -0.0126) (36 0.0125) (126 -0.0124) (99 -0.0122) (130 -0.0122) (17 -0.0117) (91 0.0106) (104 0.0102) (100 0.0101) 
  0.00045168   (152 -0.973) (73 -0.145) (57 0.0998) (65 -0.0609) (61 -0.0579) (59 0.0517) (70 -0.0435) (42 0.0358) (46 -0.0305) (74 -0.0272) (51 -0.0258) (43 0.0255) (52 -0.0234) (44 -0.0232) (60 -0.0226) (68 0.0225) (66 0.0221) (56 -0.0186) (49 0.0183) (69 -0.0149) (13 0.0147) (47 0.0139) (38 -0.0136) (32 0.0128) (54 0.0126) (14 -0.0126) (53 0.0121) (31 -0.0112) (71 -0.011) (39 -0.0103) (55 0.01) 
  0.00047474   (25 0.787) (24 0.585) (54 0.0683) (55 0.0679) (52 0.0607) (53 -0.0495) (51 0.0482) (26 -0.0481) (23 -0.0478) (22 0.0456) (13 -0.0414) (56 -0.0398) (57 0.0345) (20 -0.0337) (46 0.0294) (49 -0.0275) (14 0.027) (29 0.0238) (21 0.0231) (16 0.0207) (39 0.0207) (43 -0.0199) (44 0.0195) (48 -0.0179) (27 -0.0173) (47 -0.0165) (42 -0.0154) (17 -0.0138) (77 -0.0135) (32 -0.0115) (78 0.0105) (61 -0.0104) 
  0.00048313   (147 0.739) (55 0.29) (54 0.279) (52 0.277) (51 0.223) (53 -0.187) (56 -0.182) (57 0.126) (42 -0.123) (46 0.099) (25 -0.0951) (49 -0.0841) (43 -0.0837) (44 0.0801) (48 -0.0627) (24 -0.0544) (47 -0.0469) (61 -0.0456) (13 -0.0428) (14 0.0388) (73 -0.0366) (33 -0.0359) (38 0.0335) (60 -0.0284) (32 -0.0284) (77 -0.025) (31 0.0245) (45 -0.024) (40 0.02) (37 -0.0191) (16 -0.0187) (41 0.0185) (78 0.0176) (59 0.0172) (39 0.017) (19 0.0169) (28 0.0165) (71 -0.0148) (36 0.0139) (26 0.0135) (29 0.013) (50 -0.0125) (23 0.0123) (65 -0.0107) (20 -0.0102) 
  0.00049245   (147 0.674) (55 -0.319) (54 -0.306) (52 -0.304) (51 -0.245) (53 0.205) (56 0.2) (57 -0.138) (42 0.135) (46 -0.109) (25 0.1) (49 0.0924) (43 0.0919) (44 -0.0879) (48 0.0689) (24 0.0567) (47 0.0515) (61 0.0501) (13 0.0471) (14 -0.0427) (73 0.0402) (33 0.0394) (38 -0.0367) (60 0.0312) (32 0.0312) (77 0.0274) (31 -0.0269) (45 0.0264) (40 -0.0219) (37 0.0209) (16 0.0204) (41 -0.0203) (78 -0.0193) (59 -0.0189) (39 -0.0188) (19 -0.0186) (28 -0.018) (71 0.0162) (36 -0.0153) (26 -0.0146) (29 -0.0144) (50 0.0137) (23 -0.0133) (65 0.0117) (20 0.0113) (69 0.0106) 
  0.00052089   (54 -0.674) (39 -0.36) (53 0.351) (55 0.305) (52 0.286) (57 0.167) (42 -0.148) (51 0.145) (40 0.118) (43 -0.0742) (44 0.0637) (46 0.0588) (49 -0.0532) (56 0.048) (33 0.0416) (48 -0.0407) (38 -0.0386) (77 -0.0384) (61 -0.0363) (60 -0.0301) (78 0.0279) (36 -0.025) (70 0.0236) (71 -0.0226) (45 -0.0225) (151 -0.0171) (37 0.0165) (25 0.0165) (20 -0.0164) (47 -0.0149) (73 -0.0149) (35 0.0128) (69 -0.0108) (41 0.0107) 
  0.00053194   (151 -0.972) (39 0.199) (54 -0.06) (40 -0.054) (33 -0.037) (38 0.0354) (53 0.0285) (52 0.025) (42 0.0233) (37 -0.0224) (55 0.022) (13 -0.0177) (36 0.017) (14 0.0163) (57 0.0159) (51 0.0154) (31 0.0138) (48 0.0134) (32 -0.0125) (25 -0.0114) (49 0.0105) 
  0.00058623   (39 -0.803) (54 0.299) (151 -0.233) (40 0.217) (33 0.151) (38 -0.145) (53 -0.145) (52 -0.125) (55 -0.114) (37 0.0923) (42 -0.0861) (57 -0.0781) (51 -0.0751) (13 0.0739) (36 -0.069) (14 -0.0677) (31 -0.0577) (48 -0.053) (32 0.0521) (25 0.0462) (77 0.0427) (49 -0.04) (35 0.0399) (24 -0.0391) (73 0.0382) (28 -0.0377) (78 -0.0313) (56 -0.0294) (26 -0.0277) (23 -0.0267) (61 0.0258) (19 -0.0241) (34 -0.024) (60 0.0184) (71 0.018) (47 -0.0155) (50 -0.0148) (44 0.0147) (16 0.0143) (22 -0.0141) (69 0.0128) (17 0.0127) (65 0.0123) (20 0.0116) (27 -0.011) (68 -0.0109) (29 -0.0105) 
  0.00060415   (70 -0.835) (71 0.405) (57 -0.253) (51 0.11) (49 0.108) (52 0.0973) (48 0.0854) (61 0.0709) (68 0.0578) (73 -0.0569) (59 -0.0493) (42 -0.0433) (60 0.0418) (43 -0.0361) (54 -0.0317) (50 0.0304) (149 0.0303) (84 0.0297) (74 -0.0297) (46 0.0269) (20 -0.0268) (32 -0.025) (44 0.0246) (31 0.0234) (75 -0.0222) (69 -0.0214) (38 0.0211) (16 -0.021) (125 -0.0196) (56 0.0182) (89 -0.0173) (40 0.0168) (88 0.0165) (39 -0.0161) (47 0.0155) (120 0.0154) (19 0.015) (100 0.0149) (127 0.0148) (104 0.0133) (97 -0.0126) (65 0.0125) (41 0.0124) (37 -0.0124) (122 -0.0121) (114 0.012) (79 -0.0119) (28 0.0113) (78 0.0106) (76 0.0102) (126 0.0101) (123 -0.0101) 
  0.00061897   (149 0.853) (49 -0.356) (48 -0.219) (51 -0.153) (42 -0.105) (52 -0.0995) (47 -0.0944) (46 0.0781) (55 -0.0781) (44 0.0663) (43 -0.0578) (70 -0.057) (53 0.0545) (73 -0.0509) (50 -0.0504) (39 0.0454) (45 -0.0333) (13 -0.0319) (14 0.0291) (77 -0.0263) (33 -0.0255) (59 0.0244) (38 0.0241) (57 0.0202) (65 -0.0201) (78 0.02) (32 -0.0191) (31 0.0186) (61 -0.0185) (68 0.0171) (28 0.0147) (37 -0.0142) (19 0.0139) (54 -0.0137) (69 -0.0136) (41 0.0133) (29 0.0118) (16 -0.0118) (25 -0.0114) (23 0.0112) (79 -0.0104) (56 -0.0102) 
  0.00062418   (49 0.577) (149 0.521) (48 0.354) (51 0.244) (42 0.175) (52 0.157) (47 0.154) (70 0.142) (46 -0.13) (55 0.128) (44 -0.11) (43 0.0972) (53 -0.0889) (73 0.087) (50 0.0808) (39 -0.0734) (45 0.0549) (13 0.053) (14 -0.048) (77 0.0431) (33 0.0419) (38 -0.0409) (59 -0.0371) (71 -0.0358) (78 -0.0336) (32 0.0329) (65 0.0322) (31 -0.032) (68 -0.0315) (61 0.0262) (28 -0.0248) (54 0.0244) (37 0.0241) (19 -0.0239) (69 0.0237) (41 -0.0226) (16 0.0207) (29 -0.0199) (23 -0.0181) (25 0.0181) (57 -0.0178) (79 0.0177) (56 0.0156) (36 -0.0142) (66 -0.0142) (40 -0.0113) (24 -0.0108) (120 -0.0108) (21 0.0108) (20 0.0101) (74 0.01) 
  0.00069204   (38 0.85) (39 -0.239) (20 -0.215) (23 0.188) (40 -0.168) (19 0.159) (42 0.13) (22 -0.105) (16 -0.0973) (37 -0.084) (43 0.0784) (21 -0.0734) (41 -0.0653) (32 -0.062) (46 -0.0612) (31 0.0584) (44 -0.0574) (13 -0.045) (36 -0.039) (14 0.0365) (57 0.0322) (51 -0.0298) (33 0.0277) (52 -0.0276) (55 0.0182) (25 0.0176) (47 0.0139) (35 0.0138) (48 -0.0134) (56 -0.013) (29 0.0108) (45 0.0103) 
  0.00080521   (23 0.55) (20 -0.458) (19 0.342) (38 -0.336) (22 -0.281) (21 -0.214) (32 0.16) (31 -0.148) (16 -0.14) (13 -0.117) (28 -0.102) (29 -0.102) (14 0.102) (24 0.081) (37 0.0564) (39 0.0472) (40 0.0437) (143 0.0425) (17 -0.0349) (33 0.0311) (25 -0.0243) (42 0.0202) (26 0.0174) (18 -0.0169) (30 0.0155) (27 -0.0131) (48 0.0123) (11 0.0116) (15 -0.011) (49 0.0104) (36 0.0102) 
  0.00084021   (143 0.999) (23 -0.0243) (20 0.0206) (19 -0.0154) (22 0.0125) (141 0.0119) (38 0.0101) 
  0.00089438   (46 0.362) (49 0.354) (51 -0.344) (48 0.33) (47 -0.31) (16 -0.277) (43 -0.274) (52 -0.251) (42 -0.236) (44 0.236) (57 0.139) (55 0.106) (56 -0.0902) (17 0.0891) (41 0.0873) (13 -0.0669) (32 -0.0649) (50 0.0648) (31 0.0593) (14 0.059) (53 0.0573) (38 0.0529) (45 -0.0438) (77 0.0433) (78 -0.0292) (24 -0.029) (25 0.0261) (40 0.0256) (39 0.0248) (29 0.0239) (61 -0.0227) (36 -0.0221) (37 -0.0202) (19 -0.0196) (33 0.0182) (28 0.0179) (54 0.0173) (60 -0.0166) (26 -0.0147) (70 0.013) (84 0.0125) (59 0.0122) (21 0.0117) (20 -0.0103) 
   0.0011256   (16 -0.797) (17 0.305) (19 -0.244) (13 -0.2) (14 0.186) (20 0.18) (46 -0.121) (42 0.108) (43 0.0977) (47 0.09) (49 -0.0891) (48 -0.0842) (44 -0.0833) (32 0.0833) (51 0.0807) (31 -0.0747) (52 0.0593) (29 -0.0579) (21 0.0428) (38 -0.0405) (28 -0.0394) (41 -0.0351) (23 -0.0291) (57 -0.0274) (39 -0.0259) (55 -0.0253) (33 0.0233) (37 0.0226) (56 0.0205) (15 -0.0198) (18 0.0197) (50 -0.0189) (11 0.0187) (45 0.0181) (24 0.0164) (40 -0.014) (22 0.0129) (77 -0.0123) (12 0.0115) (53 -0.01) 
   0.0012618   (146 -1) (136 -0.0109) 
   0.0014307   (55 -0.686) (56 -0.387) (32 -0.256) (57 0.243) (52 0.223) (31 0.2) (51 0.181) (36 0.148) (33 -0.143) (54 -0.123) (35 -0.0892) (28 0.0792) (29 0.0771) (39 -0.0753) (48 0.0704) (37 0.0692) (34 -0.068) (20 -0.0647) (16 -0.0637) (19 0.058) (50 0.0569) (38 -0.0532) (46 0.0463) (49 0.0408) (77 0.0385) (43 -0.0374) (78 -0.0306) (13 -0.0295) (61 -0.0282) (44 0.028) (53 -0.0263) (14 0.0251) (60 -0.0233) (72 0.0211) (73 0.0195) (24 -0.0178) (71 0.0152) (139 0.015) (70 0.0148) (68 -0.0147) (47 -0.0137) (79 0.0131) (69 0.0123) (65 0.0118) (25 0.0114) (26 -0.0114) (23 0.0113) (30 -0.0106) 
   0.0015031   (32 -0.459) (31 0.347) (36 0.339) (33 -0.326) (55 0.322) (35 -0.199) (37 0.176) (38 -0.171) (42 0.168) (56 0.167) (39 -0.148) (34 -0.14) (52 -0.136) (28 0.136) (29 0.129) (51 -0.123) (139 0.123) (43 0.0954) (57 -0.0854) (46 -0.0804) (19 0.0738) (13 -0.0708) (44 -0.0681) (20 -0.064) (16 -0.0624) (14 0.0603) (54 0.0594) (41 -0.0555) (40 -0.0331) (23 0.0262) (50 -0.0247) (30 -0.0224) (48 -0.0204) (77 -0.02) (53 0.0195) (47 0.0194) (73 -0.0174) (27 0.0172) (78 0.0155) (45 0.015) (17 -0.0108) 
   0.0015393   (139 0.992) (32 0.0608) (31 -0.046) (36 -0.0442) (33 0.0425) (55 -0.0293) (35 0.0259) (136 -0.0248) (37 -0.0228) (38 0.0219) (42 -0.0205) (39 0.0194) (34 0.0184) (28 -0.0181) (29 -0.0171) (56 -0.0148) (52 0.0132) (51 0.0122) (43 -0.011) (19 -0.0101) 
   0.0015753   (14 -0.657) (13 -0.654) (36 -0.267) (33 -0.194) (35 0.131) (29 0.0675) (15 -0.0394) (134 -0.0361) (37 0.0315) (38 -0.0295) (32 -0.0279) (42 0.0274) (28 0.0234) (34 0.0222) (30 -0.0204) (72 -0.014) (39 -0.0138) (31 0.0123) (12 0.0123) (45 0.0116) (17 -0.0111) (40 -0.0102) 
   0.0018148   (134 -0.769) (36 -0.417) (33 -0.31) (14 0.234) (35 0.203) (13 0.133) (29 0.0945) (32 -0.0485) (38 -0.0438) (37 0.0436) (42 0.041) (28 0.0399) (34 0.0372) (39 -0.0296) (30 -0.0285) (31 0.0249) (24 0.0228) (19 0.0169) (40 -0.0163) (25 -0.0156) (17 -0.015) (15 0.0144) (45 0.0141) (53 0.0126) (26 0.0123) (44 -0.0114) (18 -0.0103) 
    0.001859   (134 -0.638) (36 0.517) (33 0.385) (35 -0.251) (14 -0.245) (13 -0.123) (29 -0.118) (32 0.06) (38 0.0544) (37 -0.0543) (42 -0.0509) (28 -0.0494) (34 -0.0461) (39 0.0364) (30 0.0355) (31 -0.0307) (24 -0.0272) (19 -0.0204) (40 0.0203) (25 0.0192) (17 0.0187) (45 -0.0176) (53 -0.0154) (15 -0.0152) (26 -0.015) (44 0.0143) (18 0.0126) (51 0.0123) (48 -0.012) (46 0.012) (54 -0.0106) (77 0.0101) 
   0.0019949   (29 0.8) (30 -0.29) (31 -0.243) (53 0.219) (32 0.193) (28 0.178) (36 0.137) (54 0.122) (52 0.116) (24 -0.0745) (33 0.0682) (51 -0.0681) (50 -0.0675) (27 -0.067) (26 -0.0664) (71 -0.0554) (69 -0.0533) (19 0.0499) (68 0.0438) (16 -0.0421) (46 -0.0401) (48 0.0385) (25 0.0319) (20 -0.0293) (40 -0.0259) (35 -0.0245) (34 0.0231) (61 0.0226) (74 0.0224) (73 0.0221) (72 0.0218) (37 -0.0214) (70 -0.0209) (42 0.0186) (45 0.0172) (56 -0.0154) (78 -0.0151) (131 -0.0149) (15 0.0143) (55 -0.0139) (57 -0.0135) (65 -0.0127) (47 0.0126) (44 -0.0117) (62 -0.0108) (38 -0.0106) (81 0.0103) 
   0.0020233   (71 -0.512) (69 -0.469) (68 0.436) (131 -0.216) (74 0.204) (78 -0.19) (53 -0.19) (70 -0.188) (72 0.146) (73 0.141) (54 -0.109) (65 -0.0937) (51 0.093) (46 0.0822) (59 0.0814) (67 -0.0778) (57 -0.0742) (52 -0.0667) (130 -0.0659) (63 -0.0604) (56 0.0524) (77 0.0488) (83 -0.0456) (43 0.0416) (42 -0.0406) (80 -0.0406) (87 0.035) (75 0.0327) (81 0.0322) (132 -0.0263) (55 -0.0234) (115 -0.0225) (31 0.0212) (41 0.0198) (60 0.0197) (48 0.0179) (29 -0.017) (62 -0.017) (58 -0.0168) (50 0.0166) (76 0.0165) (79 0.0154) (32 -0.0148) (40 0.0146) (96 0.0144) (91 0.0137) (118 -0.0136) (33 -0.0116) (16 -0.0116) (100 0.0116) (45 -0.011) (38 0.0107) (89 -0.0106) 
   0.0022965   (131 -0.526) (53 -0.523) (54 -0.302) (52 -0.244) (29 0.217) (69 0.184) (50 0.182) (71 0.175) (130 -0.156) (51 0.137) (68 -0.127) (132 -0.109) (61 -0.0826) (73 -0.0819) (46 0.081) (30 -0.0748) (74 -0.0738) (72 -0.072) (43 0.0693) (48 -0.0629) (70 0.0625) (56 0.0569) (31 -0.0568) (32 0.0511) (59 0.0505) (28 0.0491) (78 0.0462) (57 0.0422) (45 -0.0391) (55 0.038) (60 -0.033) (65 0.03) (62 0.0289) (36 0.0272) (42 -0.027) (81 -0.0269) (24 -0.0257) (84 -0.0249) (19 0.0239) (49 -0.022) (27 -0.0218) (66 0.0208) (47 -0.0205) (67 0.0201) (16 -0.0193) (26 -0.019) (77 -0.0172) (63 0.0171) (75 -0.0155) (35 0.0143) (120 -0.0141) (14 0.0137) (90 -0.0127) (80 0.0122) (114 -0.0116) (91 0.0115) (20 -0.0111) 
   0.0023744   (131 -0.748) (53 0.417) (54 0.24) (130 -0.206) (52 0.188) (132 -0.181) (29 -0.163) (50 -0.131) (51 -0.122) (46 -0.0799) (43 -0.0605) (59 -0.0585) (30 0.0574) (61 0.0571) (56 -0.0547) (31 0.0384) (48 0.0381) (28 -0.0379) (68 -0.036) (32 -0.0353) (42 0.0304) (45 0.0302) (71 0.0236) (78 0.0212) (24 0.0205) (55 -0.0196) (19 -0.0192) (36 -0.0189) (16 0.0178) (60 0.0173) (73 0.017) (27 0.0167) (47 0.0164) (66 -0.0155) (62 -0.0151) (84 0.0147) (26 0.0142) (49 0.0137) (83 0.0125) (91 -0.0113) (20 0.0111) (14 -0.011) (35 -0.011) 
     0.00252   (23 -0.748) (20 -0.383) (22 -0.273) (19 0.256) (56 -0.224) (25 -0.152) (24 0.148) (16 -0.0957) (57 -0.0774) (32 0.0708) (31 -0.0701) (55 0.0663) (28 -0.0649) (15 -0.0599) (52 -0.0596) (51 -0.045) (29 -0.0418) (46 -0.0403) (42 0.0398) (54 -0.0378) (43 0.037) (44 -0.03) (48 -0.0276) (38 -0.0249) (77 -0.0216) (21 0.0201) (37 0.0201) (11 0.0196) (26 0.0193) (17 0.0185) (33 -0.0184) (59 0.0171) (36 0.0159) (60 0.0142) (53 0.0139) (71 -0.0139) (120 -0.0138) (78 0.0137) (125 -0.0135) (47 0.0127) (30 -0.0119) (123 -0.01) 
   0.0026379   (60 -0.563) (61 -0.543) (59 -0.446) (56 0.325) (55 -0.115) (52 0.0965) (57 -0.0859) (23 -0.0858) (77 0.0833) (54 0.075) (46 0.0659) (78 -0.0627) (20 -0.0611) (48 0.0489) (133 0.0477) (43 -0.0465) (44 0.0414) (51 0.039) (19 0.0342) (22 -0.0319) (79 0.0315) (49 -0.0294) (125 -0.0234) (58 0.0234) (16 -0.0234) (63 -0.0225) (47 -0.022) (33 -0.0218) (108 -0.0177) (25 -0.0168) (119 0.0159) (24 0.0159) (115 0.015) (28 -0.0148) (71 -0.0143) (38 0.0137) (74 -0.0135) (72 -0.0132) (84 -0.0131) (15 -0.013) (68 0.0125) (45 -0.0118) (40 0.0114) (64 -0.0112) (69 -0.0102) (73 -0.0102) 
   0.0026696   (133 0.75) (56 0.466) (57 0.266) (61 0.158) (60 0.154) (59 0.121) (23 -0.115) (55 -0.113) (52 0.0906) (50 -0.0888) (54 0.0831) (20 -0.0809) (51 0.0797) (19 0.0527) (43 -0.052) (53 -0.0454) (46 0.0449) (22 -0.0446) (48 0.0388) (44 0.0368) (41 0.0368) (16 -0.0357) (42 -0.0346) (77 0.031) (71 0.0307) (25 -0.0197) (68 -0.0196) (78 -0.0188) (47 -0.0167) (69 0.016) (32 -0.0154) (84 0.0147) (24 0.0143) (49 -0.0129) (70 -0.0117) (31 0.0114) (120 0.0111) (38 0.0107) (58 -0.0106) (130 -0.0106) 
    0.002868   (133 0.659) (56 -0.553) (57 -0.295) (61 -0.14) (23 0.137) (55 0.137) (60 -0.133) (52 -0.11) (59 -0.104) (54 -0.0998) (50 0.0997) (20 0.0963) (51 -0.0933) (43 0.0625) (19 -0.0623) (46 -0.056) (22 0.0529) (53 0.0506) (48 -0.0478) (44 -0.0449) (16 0.0423) (41 -0.0416) (77 -0.0408) (125 -0.0405) (42 0.0395) (71 -0.034) (78 0.0255) (25 0.0236) (68 0.0213) (47 0.0207) (123 -0.0192) (120 -0.019) (32 0.0177) (24 -0.0174) (69 -0.0174) (49 0.0169) (84 -0.0163) (124 -0.014) (38 -0.0133) (70 0.013) (31 -0.013) (127 0.0127) (15 0.0122) (74 0.0115) (58 0.0103) (45 -0.0103) 
   0.0035155   (40 0.878) (65 0.278) (39 0.189) (38 0.16) (84 -0.137) (42 0.136) (41 -0.0849) (59 0.0774) (61 -0.0655) (57 0.0627) (66 -0.062) (43 0.059) (32 -0.0588) (31 0.0445) (46 -0.0402) (29 0.0387) (51 -0.0331) (50 0.0325) (86 0.0312) (44 -0.0294) (36 -0.0264) (68 0.0263) (20 -0.0245) (70 -0.0242) (15 0.0236) (16 -0.0234) (69 -0.0234) (87 -0.0223) (28 0.0218) (129 0.0212) (19 0.0211) (47 0.0202) (53 0.0201) (52 -0.0194) (54 0.0192) (96 0.0188) (30 -0.0183) (34 -0.0163) (24 -0.0154) (62 0.0153) (25 0.015) (73 -0.0147) (91 0.0145) (77 -0.013) (78 0.0118) (48 0.0111) (35 0.0111) (26 -0.0109) (85 0.0106) (33 0.0102) 
   0.0038624   (84 -0.866) (129 0.303) (65 -0.279) (86 0.134) (87 -0.096) (61 0.0797) (57 -0.0683) (59 -0.0644) (66 0.0637) (77 -0.062) (85 0.0617) (91 0.0512) (90 0.0411) (83 0.0408) (120 0.04) (78 0.0387) (40 -0.0322) (117 -0.032) (52 0.0317) (92 -0.0306) (96 0.0301) (43 -0.0296) (42 -0.028) (46 0.0249) (55 -0.0247) (51 0.0242) (60 0.024) (103 -0.0211) (89 -0.0197) (44 0.0196) (88 0.0193) (111 -0.0186) (124 0.0185) (116 0.0185) (100 0.0182) (56 0.0179) (113 -0.0171) (41 0.0167) (94 -0.0161) (68 -0.016) (97 -0.016) (126 0.0157) (107 -0.0155) (115 -0.0154) (104 0.0151) (62 -0.015) (72 -0.0149) (48 0.0143) (119 -0.0141) (93 -0.0135) (108 -0.0135) (127 0.0132) (39 -0.0131) (70 0.0124) (105 -0.0122) (114 0.0118) (118 0.0114) (47 -0.0109) (69 0.0102) 
   0.0040046   (129 0.661) (65 -0.518) (84 0.395) (40 0.224) (66 0.119) (59 -0.111) (61 0.108) (50 0.0928) (57 -0.0703) (86 -0.0658) (70 0.0587) (69 0.0563) (68 -0.0561) (39 0.0495) (87 0.0489) (38 0.0471) (77 0.0428) (78 -0.0373) (85 -0.0322) (41 -0.031) (91 -0.0305) (90 -0.0295) (96 -0.0267) (73 0.0262) (62 -0.0246) (45 -0.0219) (52 0.0203) (71 0.0198) (32 -0.0189) (115 0.018) (60 0.0171) (127 0.0148) (29 0.0144) (76 -0.0141) (103 0.0139) (72 0.0137) (92 0.0137) (31 0.0135) (51 0.0135) (48 -0.0129) (94 0.0126) (42 0.0124) (108 0.0122) (79 0.0121) (20 -0.0116) (43 0.0115) (74 -0.0112) (19 0.0111) (82 -0.0106) (110 -0.0101) 
   0.0040943   (129 0.685) (65 0.614) (40 -0.229) (66 -0.141) (61 -0.137) (59 0.133) (57 0.0967) (50 -0.0849) (70 -0.061) (68 0.0601) (69 -0.0577) (38 -0.0532) (39 -0.0478) (52 -0.0334) (62 0.0299) (60 -0.0271) (73 -0.0247) (41 0.0247) (32 0.0242) (51 -0.023) (45 0.0211) (55 0.0188) (31 -0.0182) (78 0.0178) (56 -0.0171) (46 -0.0168) (115 -0.0166) (29 -0.0166) (20 0.0165) (71 -0.0146) (96 0.0146) (16 0.0136) (19 -0.013) (77 -0.0123) (76 0.0123) (93 0.0121) (63 0.0117) (79 -0.0116) (82 0.011) (13 0.011) (90 0.0108) (44 -0.0105) (14 -0.0102) 
    0.004121   (105 0.565) (96 -0.336) (103 0.305) (123 -0.255) (108 -0.217) (124 0.215) (109 0.204) (101 0.197) (99 -0.184) (106 -0.17) (119 0.134) (112 -0.134) (107 -0.131) (104 -0.128) (102 -0.125) (98 -0.104) (115 -0.0982) (111 0.0891) (117 -0.0844) (121 -0.0782) (118 0.0754) (50 0.0677) (113 0.0669) (100 -0.0644) (97 -0.0588) (125 0.0586) (94 0.053) (110 -0.0452) (89 0.0443) (122 0.0423) (120 -0.0401) (114 0.0393) (90 -0.0387) (93 -0.0328) (91 0.0308) (82 -0.03) (92 0.0292) (72 -0.029) (84 -0.0275) (85 -0.0186) (53 0.0173) (116 0.0172) (80 -0.016) (126 -0.0144) (65 0.0138) (54 0.0125) (79 0.0112) (145 0.0109) (52 0.0106) (83 0.0103) 
   0.0041759   (145 -0.999) (123 -0.0252) (124 0.0233) (136 -0.0164) 
   0.0043103   (50 0.9) (53 0.184) (54 0.143) (72 -0.12) (52 0.114) (56 0.106) (45 -0.105) (48 -0.0829) (40 -0.0761) (59 0.0748) (65 0.0736) (51 -0.069) (15 -0.065) (123 0.0628) (49 -0.0586) (124 -0.0572) (41 -0.056) (43 0.0556) (57 0.0534) (82 -0.0528) (84 -0.0486) (71 -0.047) (105 -0.0428) (69 -0.0427) (119 -0.042) (96 -0.0418) (60 0.0355) (110 -0.0344) (115 0.0339) (80 -0.0306) (68 0.03) (70 -0.0292) (125 -0.0283) (107 0.028) (108 0.0263) (103 -0.0251) (117 0.0243) (109 -0.0241) (23 -0.0218) (101 -0.0218) (86 -0.0215) (121 0.0214) (66 -0.0206) (39 -0.0201) (90 -0.0193) (92 -0.0191) (38 -0.0184) (79 0.0183) (47 -0.0175) (122 -0.0175) (73 0.0166) (30 0.0158) (83 0.0153) (116 -0.015) (99 0.0146) (81 -0.0139) (61 0.0137) (85 -0.0136) (32 0.0133) (111 0.013) (87 0.0129) (74 0.0128) (118 -0.0124) (11 0.0119) (46 0.011) (31 -0.0107) (29 -0.0106) 
   0.0044204   (72 -0.616) (45 -0.499) (80 -0.35) (81 -0.235) (50 -0.174) (93 -0.151) (44 0.132) (83 0.13) (79 0.11) (71 -0.107) (43 0.0949) (86 -0.0944) (87 0.084) (98 -0.0809) (46 -0.0777) (78 0.0772) (76 0.0645) (107 0.0627) (112 0.0577) (48 0.0522) (41 -0.0506) (90 0.0415) (69 -0.0407) (75 -0.0381) (97 0.0381) (70 -0.0367) (105 -0.0346) (96 0.0346) (82 -0.0334) (89 0.0329) (100 0.0306) (85 -0.0264) (55 -0.0261) (123 -0.0254) (49 0.025) (77 0.0246) (119 0.0227) (59 0.022) (155 0.0212) (111 0.0198) (74 0.0196) (115 -0.0183) (104 0.0183) (101 -0.0173) (57 -0.0164) (68 0.0164) (103 0.0153) (47 -0.0151) (113 -0.0136) (124 0.0136) (110 -0.0132) (65 -0.0132) (51 0.013) (88 0.0127) (116 0.0126) (117 -0.0118) (52 0.0108) (125 0.0106) 
   0.0045841   (155 0.999) (45 0.0332) 
   0.0046598   (45 -0.76) (72 0.489) (44 0.174) (43 0.168) (80 0.156) (79 -0.14) (46 -0.114) (81 0.0967) (41 -0.086) (71 0.0765) (86 0.0715) (90 0.0633) (107 -0.0628) (83 -0.0548) (87 -0.0546) (112 -0.0447) (98 0.0428) (40 -0.0393) (85 0.0391) (48 0.0346) (69 0.0333) (42 0.0317) (70 0.0304) (155 0.029) (50 -0.0286) (59 -0.0284) (100 -0.0252) (117 0.0251) (96 -0.0245) (105 0.0245) (47 -0.0244) (49 0.0235) (65 0.0233) (115 0.0225) (78 -0.0216) (57 0.0215) (36 -0.0215) (38 -0.0205) (15 -0.0204) (89 -0.0195) (76 -0.0182) (123 0.0179) (14 -0.0177) (116 -0.0176) (91 0.0175) (93 -0.0173) (75 0.0173) (120 -0.0171) (102 0.015) (104 -0.015) (124 -0.0145) (113 0.0145) (77 0.0144) (119 -0.0141) (35 0.014) (33 0.0108) (114 -0.0107) (111 -0.0105) (101 0.0102) 
   0.0047609   (18 -0.972) (137 0.223) (15 0.0362) (16 -0.0291) (17 -0.0282) (19 -0.0217) (7 -0.0214) (14 -0.016) (23 -0.0151) (20 0.0147) (36 0.0129) (24 0.0124) (13 0.0118) (29 -0.0101) 
   0.0050278   (137 0.975) (18 0.223) 
   0.0052661   (7 1) (18 -0.0207) 
   0.0053335   (5 1) 
   0.0053999   (33 0.426) (28 -0.401) (135 0.341) (29 0.331) (26 0.296) (24 0.235) (32 -0.209) (31 0.205) (25 -0.187) (30 0.183) (13 -0.18) (14 0.162) (36 -0.147) (27 0.126) (17 -0.082) (37 0.0746) (35 0.0666) (22 0.0658) (34 -0.0617) (16 0.0513) (42 0.046) (19 -0.0387) (38 -0.0386) (21 -0.0299) (40 -0.0285) (77 -0.0283) (20 0.024) (78 0.0226) (39 0.0207) (48 0.0163) (15 0.0158) (12 0.0154) (46 -0.0109) (11 0.0103) 
   0.0055475   (135 0.94) (33 -0.154) (28 0.146) (29 -0.12) (26 -0.107) (24 -0.0854) (32 0.0759) (31 -0.0744) (25 0.068) (30 -0.0664) (13 0.0655) (14 -0.0587) (36 0.0534) (27 -0.0457) (17 0.0298) (37 -0.0271) (35 -0.0242) (22 -0.0239) (34 0.0224) (16 -0.0186) (42 -0.0166) (19 0.0141) (38 0.014) (21 0.0109) (40 0.0103) (77 0.01) 
   0.0058058   (10 0.717) (17 0.585) (16 0.277) (13 -0.162) (14 0.15) (24 -0.0794) (20 -0.0571) (25 0.0444) (15 0.0366) (18 -0.0317) (26 -0.0256) (21 0.0242) (22 -0.0238) (33 0.0224) (19 0.0197) (12 0.0141) (32 -0.0117) (42 0.011) 
   0.0059926   (144 0.999) (10 -0.0272) (17 0.0203) 
   0.0065485   (10 0.696) (17 -0.609) (16 -0.284) (13 0.151) (14 -0.137) (24 0.085) (20 0.0637) (25 -0.0486) (144 0.036) (18 0.0321) (15 -0.0307) (21 -0.0263) (26 0.0258) (22 0.0251) (33 -0.0239) (19 -0.0206) (32 0.0138) (42 -0.0138) (77 0.0129) (12 -0.0126) (11 -0.0125) 
   0.0067498   (11 -0.785) (12 0.506) (41 0.338) (46 -0.0556) (42 0.0489) (45 -0.0444) (15 -0.0341) (50 0.0303) (40 0.0221) (33 -0.021) (38 0.0194) (43 -0.017) (48 -0.0167) (30 -0.0159) (13 -0.0153) (14 0.0145) (35 -0.0143) (60 -0.0135) (28 -0.0117) (39 -0.0111) 
   0.0072565   (142 0.999) (41 0.0409) (11 0.0157) (12 -0.0101) 
   0.0073221   (41 -0.881) (11 -0.297) (12 0.191) (46 0.15) (42 -0.149) (45 0.102) (43 0.0728) (33 0.0722) (40 -0.0651) (50 -0.0586) (38 -0.0525) (35 0.0475) (142 0.0471) (13 0.0383) (48 0.0381) (39 0.0363) (36 -0.0335) (60 0.0304) (28 0.0297) (14 -0.0296) (19 0.0282) (15 -0.027) (30 0.0268) (24 -0.0254) (47 -0.0246) (74 0.0232) (25 0.0214) (52 0.0212) (17 0.0207) (16 -0.0183) (26 -0.0178) (32 -0.0178) (31 0.0174) (66 -0.017) (23 -0.017) (81 -0.0147) (80 0.0137) (56 0.0136) (22 -0.0134) (62 0.0132) (67 0.0125) (79 0.0116) (75 0.0111) (53 0.0105) (87 0.0104) (34 -0.0103) (37 0.0102) 
   0.0078397   (12 -0.79) (11 -0.506) (30 -0.297) (28 -0.105) (31 0.074) (13 -0.0652) (29 -0.0623) (14 0.0439) (35 0.0243) (33 0.024) (37 -0.0211) (15 -0.0183) (67 0.0172) (41 -0.0165) (34 0.0154) (32 -0.0153) (138 0.0126) (27 -0.0122) (43 -0.0119) (19 -0.0111) 
   0.0087529   (138 0.987) (30 -0.13) (12 0.0544) (28 -0.0446) (11 0.0358) (31 0.03) (29 -0.0268) 

 Largest eigenvalues
      38.561   (162 0.26) (164 0.953) 
      27.548   (13 0.267) (14 -0.238) (24 -0.209) (31 0.206) (32 -0.243) (33 0.362) (36 -0.235) (42 -0.213) (77 0.274) 
      21.937   (77 0.641) (78 -0.468) 
      15.341   (115 0.625) (117 0.346) (120 -0.51) 
      4.4439   (96 -0.292) (119 -0.359) (123 0.514) (124 -0.459) 
      1.4099   (162 0.965) (164 -0.257) 
      1.2233   (163 -0.998) 
      1.1455   (165 -0.996) 
      1.1436   (88 0.318) (89 -0.591) (91 -0.624) 
      1.1374   (100 0.363) (101 0.718) (106 0.482) 
      1.1333   (101 0.325) (106 -0.766) 
     0.93236   (106 -0.234) (110 0.267) (111 0.22) (114 0.738) (115 -0.23) 
     0.89933   (104 0.763) (105 0.42) 
     0.87694   (99 -0.647) (100 -0.423) (103 -0.316) 
     0.86877   (110 -0.476) (111 -0.498) 
     0.76258   (109 0.504) (111 0.308) (115 0.367) (136 -0.29) 
     0.67355   (109 -0.707) (110 0.303) 
     0.66893   (96 -0.778) (99 0.297) 
     0.66262   (113 0.478) (126 0.517) (136 -0.391) 
     0.60121   (110 -0.355) (112 -0.457) (113 -0.568) 
     0.57981   (108 0.596) (113 -0.47) 
     0.57803   (108 -0.675) (111 -0.287) (112 0.36) 
     0.57005   (113 0.301) (122 -0.47) (124 0.397) (130 -0.326) (132 -0.33) 
     0.56858   (122 0.344) (125 -0.657) 
      0.5606   (115 0.347) (119 0.325) (120 0.467) (121 -0.34) (123 0.328) (125 0.327) 
     0.54586   (117 -0.389) (118 0.672) (120 -0.293) 
     0.49928   (116 0.345) (119 -0.474) (123 -0.416) (127 -0.34) 
     0.47845   (116 -0.605) (126 0.32) (136 0.317) 
     0.44687   (116 0.555) (119 0.304) (126 0.38) (136 0.365) 
     0.42495   (91 0.252) (92 -0.928) 
     0.39841   (124 0.372) (127 0.438) (136 0.4) 
     0.32091   (94 -0.922) (103 0.217) 
      0.3049   (94 0.326) (103 0.691) (104 0.357) (105 -0.365) 
     0.27453   (102 -0.854) 
     0.25883   (98 -0.488) (112 -0.223) (115 0.216) (117 -0.244) (121 0.22) (124 -0.233) (127 0.248) 
     0.25591   (79 -0.353) (86 -0.536) (87 0.376) (98 0.291) 
     0.23794   (79 0.533) (98 0.57) 
     0.23029   (79 -0.519) (86 0.498) (87 -0.338) 
     0.19763   (98 -0.39) (107 0.409) (112 0.45) 
     0.16049   (90 -0.768) (91 -0.292) (93 0.37) 
     0.14736   (90 0.319) (93 0.299) (97 -0.558) (107 -0.443) 
      0.1378   (85 0.293) (93 -0.623) (107 -0.381) 
     0.12947   (85 -0.866) (97 0.238) 
     0.12324   (88 -0.542) (89 -0.46) (93 0.337) (97 0.314) 
     0.11228   (72 -0.387) (80 0.466) (81 0.434) 
     0.10852   (76 0.289) (78 0.263) (80 -0.325) (83 -0.277) (88 0.274) (97 0.274) 
     0.10745   (66 -0.354) (69 -0.328) (76 -0.3) 
     0.10232   (58 0.596) (60 0.361) 
    0.096484   (58 -0.581) (66 0.347) (69 0.292) 
    0.094651   (58 0.373) (59 0.218) (60 -0.262) (66 -0.299) (76 0.273) (97 -0.291) (107 0.286) 
    0.090481   (58 -0.305) (60 0.481) (61 -0.384) (69 -0.3) 
    0.087793   (60 -0.317) (61 0.269) (64 -0.38) (66 0.444) (83 -0.295) 
    0.079078   (63 0.245) (64 0.734) (69 0.243) (83 -0.224) 
    0.074668   (62 0.665) (63 -0.311) (69 0.323) 
    0.073537   (62 -0.61) (64 -0.333) (66 -0.305) 
    0.072042   (62 0.245) (66 0.242) (69 -0.297) (76 0.225) (80 0.209) (117 -0.233) (118 -0.328) (120 -0.208) 
    0.066679   (68 0.302) (74 -0.362) (78 0.331) 
    0.061458   (63 0.591) (68 -0.258) (71 -0.211) (74 0.217) (80 -0.204) (81 0.265) (87 0.248) 
    0.058908   (63 -0.566) (74 0.354) 
    0.055649   (63 0.29) (67 -0.271) (68 0.438) (71 0.368) (78 -0.256) 
     0.05345   (67 0.419) (74 -0.411) (81 -0.354) 
    0.050805   (67 -0.55) (74 0.244) (75 0.243) (76 -0.208) (78 0.257) (81 -0.236) (99 -0.212) (100 0.238) 
    0.048152   (67 0.553) (68 0.367) (74 0.307) 
    0.046611   (74 -0.277) (75 -0.274) (81 0.365) (83 0.317) (87 -0.235) (121 0.262) 
    0.043852   (35 -0.799) (36 -0.396) (43 0.291) 
    0.042348   (35 0.36) (43 0.661) (46 0.417) 
    0.041778   (75 0.431) (121 0.365) 
    0.040203   (51 -0.458) (52 0.366) (75 -0.379) 
    0.032585   (47 -0.403) (51 0.452) (75 -0.446) 
    0.031898   (26 0.366) (27 -0.719) (37 0.3) 
    0.029446   (27 0.515) (31 0.415) (32 0.475) 
     0.02763   (31 -0.333) (32 -0.408) (47 0.351) 
    0.027074   (34 -0.757) (37 -0.401) 
    0.022078   (47 -0.485) (48 -0.31) 
    0.021179   (130 0.65) (132 -0.533) 
    0.021056   (128 -0.578) (160 -0.809) 
    0.019995   (128 -0.577) (160 0.312) (161 0.755) 
    0.019089   (128 -0.577) (160 0.498) (161 -0.647) 
    0.015738   (15 -0.985) 
     0.01561   (140 0.998) 
