 1 65809
 2 676.907
 3 3.48011
 4 231073
 5 739.014
 6 42.0874
 7 1.26546e+06
 8 166.373
 9 10983.9
 10 2696.8
 11 13.0998
 12 1557.86
 13 907013
 14 7256.73
 15 0.815235
 16 866146
 17 5383.42
 18 1.30803
 19 176176
 20 3164.6
 21 36.2568
 22 253706
 23 4159.98
 24 12.0268
 25 242.272
 26 315.525
 27 7.53994
 28 3109.17
 29 440.565
 30 124.298
 31 507.111
 32 143.197
 33 773.691
 34 216.28
 35 251.656
 36 251.527
 37 1529.1
 38 3285.72
 39 4.48366
 40 937.632
 41 5176.64
 42 1.8029
 43 684.044
 44 1632.64
 45 16.7477
 46 3746.02
 47 2695.65
 48 360.473
 49 2157.14
 50 200.775
 51 410.127
 52 214.901
 53 3125.5
 54 306.534
 55 171.797
 56 267.158
 57 1731
 58 89.3636
 59 202.242
 60 127.803
 61 28.4123
 62 1.70506
 63 238.714
 64 349.652
 65 2.65008
 66 422.06
 67 4153.28
 68 103.735
 69 92409.5
 70 367292
 71 3361.21
 72 13.073
 73 20366.5
 74 165.025
 75 12124.8
 76 10472.6
 77 14.5786
 78 1382.15
 79 9982.36
 80 255.642
 81 2089.7
 82 2480.05
 83 728.018
 84 2.04028
 85 176.384
 86 2.23903
 87 2476.44
 88 1.77386
 89 1.68595
 90 1.98432
 91 8.28532
 92 405.479
 93 948.674
 94 460.906
 95 759.876
 96 1125.11
 97 371.971
 98 201.085
 99 137.184
 100 499.406
 101 1344.16
 102 90.468
 103 162.349
 104 137.818
 105 124.743
 106 164.545
 107 164.731
 108 163.846
 109 116.433
 110 87.116
 111 172.44
 112 199.894
 113 176.457
 114 159.927
 115 161.084
 116 119.691
 117 167.797
 118 182.242
 119 135.446
 120 87.0132
 121 119.866
 122 47.3666
 123 58.1253
 124 36.2286
 125 30.3073
 126 49.9249
 127 27.7912
 128 94.4244
 129 69.403
 130 58.3205
 131 20.1612
 132 20.5234
 133 22.5563
 134 36.265
 135 9.12992
 136 45.7371
 137 10.5046
 138 9.67247
 139 9.56595
 140 11.2789
 141 12.3637
 142 8.98155
 143 9.46032
 144 15.0398
 145 14.9591
 146 12.7891
 147 10.3094
 148 24.497
 149 16.543
 150 12.5039
 151 14.1244
 152 22.6903
 153 20.9466
 154 14.6069
 155 19.9597
 156 23.7362
 157 46.809
 158 0.514131
 159 0.0472416
 160 0.259815
 161 9.88078
 162 22.1663
 163 206.779
 164 657.583
 165 20.7353
