 1 31.6228
 2 24.9597
 3 1.03827
 4 31.6228
 5 25.7716
 6 2.42943
 7 31.6216
 8 1.43922
 9 31.0406
 10 29.7722
 11 1.16669
 12 26.9975
 13 31.6228
 14 31.6126
 15 0.902371
 16 31.6228
 17 31.6086
 18 0.9116
 19 31.6228
 20 31.24
 21 1.31466
 22 31.6228
 23 31.5162
 24 1.02127
 25 14.7071
 26 16.0951
 27 1.31182
 28 31.5223
 29 17.8078
 30 5.85108
 31 22.1044
 32 5.49839
 33 24.9449
 34 14.3282
 35 11.4987
 36 11.4437
 37 31.4745
 38 31.5949
 39 1.3327
 40 23.6966
 41 31.0624
 42 1.28587
 43 21.183
 44 28.8827
 45 1.61809
 46 31.5802
 47 27.9709
 48 5.27368
 49 30.6841
 50 13.8258
 51 15.4422
 52 8.69412
 53 30.9406
 54 16.4426
 55 8.29118
 56 11.8169
 57 30.5767
 58 8.98115
 59 10.7623
 60 7.26565
 61 4.77222
 62 1.29789
 63 14.9579
 64 17.3347
 65 1.02337
 66 19.4171
 67 30.9091
 68 2.14683
 69 31.6217
 70 31.6228
 71 31.485
 72 1.43609
 73 31.6166
 74 1.77605
 75 31.2236
 76 31.442
 77 1.61241
 78 28.4927
 79 31.6096
 80 4.66882
 81 28.4613
 82 31.374
 83 24.6996
 84 1.30904
 85 10.8736
 86 1.33961
 87 30.9239
 88 1.14514
 89 1.08465
 90 1.29042
 91 2.41006
 92 17.8303
 93 26.7541
 94 17.8905
 95 23.2662
 96 27.9236
 97 17.7871
 98 12.4884
 99 9.85999
 100 19.9674
 101 29.989
 102 8.30621
 103 12.0779
 104 10.9832
 105 10.416
 106 12.3415
 107 12.2513
 108 12.2218
 109 10.0404
 110 8.04252
 111 12.4434
 112 13.7295
 113 12.8032
 114 12.0895
 115 11.9933
 116 9.87646
 117 12.1792
 118 12.8518
 119 10.9616
 120 8.66786
 121 10.5305
 122 6.67887
 123 7.49273
 124 5.58259
 125 5.26863
 126 6.7882
 127 4.62508
 128 9.08968
 129 7.49618
 130 7.0405
 131 4.16877
 132 4.43445
 133 4.61972
 134 5.8773
 135 2.78052
 136 6.68434
 137 3.06388
 138 2.96418
 139 2.94798
 140 3.21675
 141 3.19704
 142 2.72405
 143 2.87307
 144 3.75449
 145 3.76038
 146 3.43658
 147 3.01726
 148 4.85075
 149 3.92342
 150 3.37085
 151 3.57327
 152 4.64694
 153 4.43301
 154 3.68564
 155 4.36971
 156 4.7679
 157 6.75999
 158 0.316938
 159 0.166475
 160 0.281561
 161 1.6187
 162 4.23332
 163 11.9038
 164 24.1435
 165 1.2969
