 1 1000
 2 633.557
 3 3.31003
 4 1000
 5 703.761
 6 40.1187
 7 999.943
 8 15.6452
 9 978.67
 10 896.617
 11 6.71155
 12 746.912
 13 1000
 14 999.491
 15 0.814398
 16 1000
 17 999.363
 18 0.915369
 19 1000
 20 986.752
 21 11.9537
 22 1000
 23 996.168
 24 3.54896
 25 229.328
 26 282.5
 27 6.81092
 28 994.713
 29 401.171
 30 113.664
 31 503.809
 32 137.146
 33 740.051
 34 209.753
 35 240.004
 36 239.343
 37 991.508
 38 999.006
 39 2.50773
 40 572.656
 41 969.53
 42 1.68212
 43 476.393
 44 865.64
 45 9.56353
 46 998.353
 47 878.346
 48 124.108
 49 950.866
 50 199.855
 51 331.166
 52 172.199
 53 966.376
 54 275.817
 55 137.83
 56 211.9
 57 951.701
 58 88.5164
 59 169.452
 60 107.435
 61 28.3912
 62 1.70489
 63 236.347
 64 348.037
 65 2.64525
 66 420.765
 67 976.396
 68 25.6269
 69 999.965
 70 1000
 71 994.934
 72 5.11828
 73 999.715
 74 14.6212
 75 986.615
 76 989.419
 77 9.1535
 78 821.452
 79 999.417
 80 104.972
 81 893.989
 82 986.816
 83 638.201
 84 1.96985
 85 132.036
 86 2.02672
 87 970.328
 88 1.77375
 89 1.68594
 90 1.9842
 91 7.98952
 92 383.571
 93 803.238
 94 435.126
 95 633.944
 96 835.346
 97 361.386
 98 197.091
 99 136.01
 100 447.01
 101 926.102
 102 87.3695
 103 160.319
 104 136.468
 105 124.125
 106 163.72
 107 163.706
 108 163.081
 109 115.878
 110 85.7829
 111 171.692
 112 199.124
 113 175.877
 114 159.72
 115 160.803
 116 119.315
 117 167.468
 118 182.062
 119 135.268
 120 86.5295
 121 119.512
 122 47.0243
 123 57.9283
 124 36.0486
 125 29.9801
 126 49.7485
 127 26.8977
 128 92.9236
 129 68.3223
 130 57.2637
 131 19.9999
 132 20.3988
 133 22.3971
 134 35.5468
 135 9.01117
 136 45.5358
 137 10.3997
 138 9.54289
 139 9.46063
 140 11.102
 141 11.8798
 142 8.77731
 143 9.31123
 144 14.9283
 145 14.8217
 146 12.6193
 147 10.11
 148 24.2574
 149 16.3008
 150 12.321
 151 13.9099
 152 22.4292
 153 20.4607
 154 14.3842
 155 19.8169
 156 23.6431
 157 46.6706
 158 0.452324
 159 0.0464578
 160 0.2182
 161 8.34957
 162 20.9772
 163 164.698
 164 609.774
 165 16.9623
