 Smallest eigenvalues
  7.8472e-07   (9 -1) 
  1.1025e-06   (46 0.706) (47 0.393) (43 0.293) (41 0.218) (39 -0.21) (38 -0.187) (40 -0.176) (48 0.145) (44 -0.128) (53 0.121) (78 0.084) (49 0.0764) (51 0.0721) (156 -0.0615) (77 -0.058) (45 0.0506) (13 0.0506) (56 -0.0459) (30 -0.0456) (79 -0.0446) (16 -0.0391) (52 -0.0368) (26 -0.0364) (20 0.0353) (31 -0.0348) (14 0.0326) (36 0.0322) (22 0.0296) (73 -0.0247) (57 -0.0241) (58 0.0174) (15 -0.0169) (42 0.0165) (76 0.0159) (71 -0.015) (75 0.0136) (54 -0.0129) (83 -0.0129) (28 -0.0121) (29 0.0111) (92 0.011) (35 -0.0105) (24 -0.0102) (18 -0.0102) 
  1.1545e-06   (156 -0.998) (46 -0.0436) (47 -0.0242) (43 -0.0181) (41 -0.0135) (39 0.013) (38 0.0116) (40 0.0109) 
  2.7226e-06   (6 1) 
  3.9416e-06   (43 -0.529) (42 -0.486) (41 0.342) (39 -0.307) (40 -0.28) (150 -0.229) (38 -0.218) (46 -0.146) (44 0.146) (45 -0.138) (47 0.0771) (48 0.0676) (78 0.0584) (13 0.0444) (77 -0.044) (30 -0.0433) (52 0.0428) (79 -0.0404) (16 -0.035) (26 -0.0346) (20 0.0315) (31 -0.0314) (36 0.0286) (14 0.0283) (22 0.0266) (56 -0.0239) (76 0.0232) (29 0.0201) (73 -0.0184) (58 0.0175) (15 -0.0174) (55 0.0146) (71 -0.0111) (50 -0.0102) 
  4.3276e-06   (150 -0.973) (43 0.124) (42 0.114) (41 -0.0805) (39 0.0723) (40 0.0659) (38 0.0513) (46 0.0344) (44 -0.0343) (45 0.0325) (47 -0.0181) (48 -0.0159) (78 -0.0135) (13 -0.0105) (30 0.0102) (77 0.0102) (52 -0.0101) 
  5.6761e-06   (1 0.997) (30 -0.0715) (29 0.026) (26 -0.0166) (31 0.0165) (38 0.0112) 
   1.082e-05   (152 0.993) (30 -0.103) (29 0.0374) (31 0.0238) (26 -0.0237) (38 0.0145) (16 -0.0141) (20 0.0119) (33 -0.0115) (22 0.0113) (27 0.0112) (1 -0.0102) 
  1.5195e-05   (30 0.844) (29 -0.305) (31 -0.195) (26 0.193) (152 0.122) (38 -0.119) (16 0.115) (20 -0.0968) (33 0.0938) (22 -0.0924) (27 -0.0912) (1 0.0828) (13 -0.0795) (41 0.0655) (40 -0.0637) (43 0.0595) (14 -0.0576) (28 0.0424) (15 0.0413) (39 -0.0412) (42 -0.0337) (78 -0.0306) (79 0.0305) (44 0.0287) (18 0.0281) (77 0.0277) (24 0.0276) (23 -0.0202) (48 -0.0193) (21 -0.0169) (19 0.0143) (73 0.0115) (57 0.011) 
  3.5068e-05   (21 -0.696) (20 -0.372) (44 -0.293) (46 -0.281) (43 0.24) (40 -0.174) (22 0.156) (16 0.143) (41 0.111) (38 -0.109) (51 0.0865) (30 -0.0805) (27 0.0747) (49 0.0696) (24 -0.0676) (39 -0.0575) (26 -0.0522) (45 -0.0498) (23 0.0441) (28 -0.0402) (78 0.0394) (14 -0.0379) (47 -0.0321) (18 0.0293) (77 -0.0287) (52 0.0287) (74 0.0274) (13 -0.027) (15 0.0259) (35 0.0247) (25 -0.0221) (48 0.0213) (29 0.0196) (71 -0.0193) (76 0.0179) (58 0.0158) (17 0.0149) (31 -0.0148) (34 0.0147) (42 0.0137) (53 0.0125) (69 0.0125) (33 0.0123) (70 -0.0121) (61 -0.0119) (66 0.0104) (68 0.0104) (32 -0.0102) 
  9.0368e-05   (154 -0.996) (44 -0.0444) (21 0.0393) (46 -0.038) (43 0.0288) (20 0.0237) (40 -0.0195) (16 -0.0112) (41 0.0106) (39 -0.0106) 
  9.5265e-05   (44 0.508) (21 -0.443) (46 0.434) (43 -0.329) (20 -0.268) (40 0.222) (16 0.126) (41 -0.121) (39 0.121) (38 0.108) (51 -0.103) (45 0.0913) (154 -0.0875) (49 -0.0859) (22 0.0719) (78 -0.0592) (48 -0.0568) (13 -0.0541) (77 0.0499) (14 -0.0477) (27 0.0403) (24 -0.0393) (58 -0.038) (42 -0.0345) (74 -0.0338) (79 0.0318) (15 0.0317) (47 0.0298) (76 -0.0284) (23 0.027) (18 0.0267) (53 -0.0264) (52 -0.0245) (71 0.0214) (28 -0.0211) (35 -0.0195) (32 -0.0194) (25 -0.0183) (36 -0.0155) (34 0.0151) (55 -0.0144) (68 -0.0138) (61 0.0119) (66 -0.0118) (56 0.0118) (69 -0.0117) (82 -0.0112) (30 -0.0111) 
  0.00012897   (2 1) 
   0.0001763   (13 0.89) (14 -0.383) (15 0.176) (16 0.118) (20 -0.0713) (22 -0.054) (18 0.0307) (26 0.0304) (39 0.0302) (11 0.0292) (21 0.0283) (38 0.027) (31 0.0245) (30 0.0227) (19 -0.0196) (41 -0.0159) (17 -0.0154) (28 0.0143) (12 0.0129) (24 0.0128) (36 -0.0123) 
  0.00018946   (159 -1) 
   0.0002318   (3 1) 
   0.0002338   (15 -0.812) (14 0.394) (16 0.289) (13 0.268) (20 -0.105) (22 -0.0822) (18 0.0655) (26 0.0348) (30 0.0308) (38 0.0286) (17 -0.026) (31 0.0258) (39 0.0232) (28 0.0214) (19 -0.0213) (11 0.0183) (24 0.018) (21 0.0163) (41 -0.0151) (40 0.0121) (78 0.011) (29 -0.011) 
  0.00023573   (158 -1) 
  0.00024677   (7 -1) 
  0.00027011   (24 -0.887) (22 0.324) (20 0.149) (26 0.128) (16 -0.116) (25 -0.11) (153 0.105) (13 0.0795) (30 0.0794) (23 -0.0542) (15 -0.0498) (14 0.0478) (29 -0.0473) (38 0.037) (35 0.0336) (28 0.0334) (53 0.0297) (18 -0.0295) (52 -0.0235) (31 0.0224) (78 0.0208) (41 -0.0203) (51 0.0199) (40 0.0191) (39 0.0186) (43 -0.0164) (32 -0.0159) (19 -0.0142) (34 -0.0126) (47 -0.0114) (33 -0.0106) 
  0.00028056   (153 0.994) (24 0.0937) (22 -0.0342) (20 -0.0157) (26 -0.0135) (16 0.0123) (25 0.0116) 
   0.0003007   (5 1) 
  0.00030555   (19 0.739) (16 -0.532) (20 -0.26) (17 0.172) (18 -0.153) (13 0.121) (15 -0.0983) (14 0.0832) (22 -0.0729) (157 0.0517) (30 0.0402) (23 0.0375) (28 0.0356) (26 0.0317) (21 -0.0298) (24 0.0255) (29 -0.0232) (38 0.0203) (78 0.0169) (40 0.0162) (41 -0.016) (43 -0.0145) (42 0.0142) (25 0.0137) (32 -0.0136) (27 -0.0129) (73 -0.0126) (39 0.0116) (79 -0.0115) 
  0.00031815   (157 0.999) (19 -0.0383) (16 0.0275) (20 0.0135) 
  0.00032076   (73 -0.712) (56 0.466) (74 0.307) (54 0.184) (58 -0.149) (55 0.125) (78 -0.116) (39 -0.107) (62 -0.105) (57 0.0991) (42 0.0913) (79 0.0886) (47 -0.0852) (77 0.0828) (69 0.0536) (52 -0.052) (41 0.051) (36 0.0466) (70 0.0447) (71 -0.0428) (64 -0.0389) (31 -0.0367) (38 -0.036) (61 0.0348) (51 0.0337) (26 -0.0305) (68 -0.0292) (99 -0.0272) (46 0.0259) (20 0.0258) (40 0.0244) (43 -0.0243) (50 0.0241) (13 0.0236) (76 -0.0231) (98 0.0223) (88 0.0219) (14 0.0197) (72 0.0194) (122 -0.0192) (92 0.0191) (21 -0.0187) (123 -0.0183) (75 0.0178) (108 -0.0165) (27 -0.0155) (115 -0.0148) (83 -0.0145) (53 -0.0143) (49 -0.0132) (45 0.0132) (23 0.0127) (112 0.0127) (107 -0.0121) (121 -0.0119) (90 -0.0113) (104 0.0105) (81 0.0103) 
  0.00038331   (56 0.566) (73 0.538) (74 -0.224) (58 -0.202) (62 -0.197) (54 0.191) (55 0.173) (47 -0.163) (69 0.143) (151 0.139) (68 -0.138) (39 -0.135) (38 -0.105) (57 0.104) (42 0.102) (50 0.0855) (48 -0.07) (46 0.0697) (61 0.0655) (41 0.0583) (31 -0.0571) (36 0.0523) (13 0.044) (52 -0.0437) (26 -0.0422) (79 -0.0415) (78 0.0414) (64 -0.0407) (20 0.0397) (67 0.0344) (14 0.0323) (51 0.0322) (53 -0.0305) (71 0.0264) (49 -0.0249) (43 -0.0241) (83 -0.0229) (122 0.0228) (16 -0.022) (44 -0.0209) (21 -0.0195) (70 -0.0195) (126 -0.0195) (125 -0.0188) (72 -0.0187) (30 -0.0179) (117 -0.0175) (120 0.0166) (77 -0.0158) (115 -0.0157) (92 0.0155) (27 -0.0154) (45 0.0147) (112 0.0143) (98 0.0141) (40 0.0133) (100 0.0131) (132 -0.0126) (129 -0.0115) (75 -0.0114) (93 -0.0103) (91 -0.01) 
  0.00039054   (151 0.99) (56 -0.0831) (73 -0.0696) (58 0.0295) (74 0.029) (54 -0.0285) (62 0.0283) (55 -0.0253) (47 0.0238) (69 -0.0202) (39 0.0201) (68 0.0194) (57 -0.0154) (42 -0.0153) (38 0.0153) (50 -0.0123) (46 -0.0101) 
  0.00040208   (25 0.965) (23 0.158) (22 0.109) (20 0.0777) (26 0.0702) (50 -0.0631) (48 -0.0543) (21 -0.0542) (24 -0.0538) (47 -0.0396) (16 -0.0335) (13 0.0309) (19 -0.0235) (30 0.0232) (17 -0.0213) (14 0.0206) (27 0.0203) (29 -0.0198) (15 -0.0193) (46 0.0175) (56 -0.0148) (54 -0.0133) (52 0.0123) (18 -0.0115) (51 -0.0109) 
  0.00043107   (50 -0.568) (48 -0.471) (148 0.468) (47 -0.32) (39 -0.156) (46 0.135) (38 -0.118) (42 0.102) (54 -0.0973) (55 -0.0875) (25 -0.0859) (41 0.0831) (56 -0.0797) (51 -0.0709) (52 0.0649) (31 -0.0503) (44 -0.0481) (26 -0.0445) (36 0.0395) (13 0.0367) (57 -0.0345) (58 0.0298) (14 0.0276) (73 -0.0275) (20 0.0268) (78 0.0262) (30 -0.026) (79 -0.0207) (49 -0.0199) (45 0.0186) (16 -0.0175) (77 -0.0169) (23 -0.0132) (43 -0.0118) (40 -0.011) (27 -0.0109) (74 0.0101) 
  0.00044953   (148 0.884) (50 0.301) (48 0.25) (47 0.17) (39 0.0827) (46 -0.0719) (38 0.0629) (42 -0.0541) (54 0.0516) (55 0.0464) (41 -0.0441) (25 0.0429) (56 0.0422) (51 0.0376) (52 -0.0344) (31 0.0267) (44 0.0255) (26 0.0234) (36 -0.021) (13 -0.0196) (57 0.0182) (58 -0.0158) (14 -0.0147) (73 0.0145) (20 -0.0145) (78 -0.0138) (30 0.0137) (79 0.0109) (49 0.0105) 
  0.00051424   (52 -0.65) (53 -0.557) (38 0.289) (39 -0.227) (41 0.152) (50 0.151) (54 -0.13) (56 -0.127) (48 -0.121) (40 -0.0954) (47 -0.0906) (51 0.0776) (49 0.0606) (43 0.0513) (42 0.0445) (44 0.0431) (36 0.0285) (46 0.0254) (78 0.024) (45 0.0222) (69 0.0194) (77 -0.0179) (57 -0.0162) (149 0.016) (79 -0.016) (68 -0.0128) (21 -0.0119) (58 0.011) (23 0.0109) 
  0.00054637   (149 0.92) (38 -0.321) (39 0.115) (52 -0.106) (53 -0.09) (40 0.0797) (41 -0.0752) (43 -0.0273) (56 -0.0233) (31 -0.0209) (26 -0.0185) (51 0.018) (30 -0.0157) (20 0.0153) (78 0.0145) (48 0.0145) (13 0.0137) (42 0.0135) (73 -0.0132) (54 -0.0124) (46 -0.012) (47 0.0117) (14 0.0112) (79 -0.011) (16 -0.0102) 
  0.00054959   (38 0.745) (149 0.391) (52 0.276) (39 -0.261) (53 0.235) (40 -0.184) (41 0.171) (43 0.0621) (56 0.06) (31 0.0495) (51 -0.0457) (26 0.0439) (30 0.0369) (20 -0.0363) (78 -0.0353) (54 0.0344) (42 -0.0336) (13 -0.0327) (73 0.0316) (48 -0.0292) (46 0.0272) (79 0.0266) (14 -0.0265) (77 0.0242) (16 0.0239) (47 -0.0239) (50 -0.0208) (29 -0.0208) (58 -0.0141) (57 0.014) (22 -0.0138) (33 -0.0127) (49 -0.0115) (44 0.0111) (74 -0.011) (76 -0.0109) 
  0.00068283   (69 -0.789) (68 0.497) (70 -0.168) (56 0.168) (71 0.163) (67 -0.0867) (39 -0.0733) (54 0.073) (73 0.063) (42 0.0545) (62 0.0518) (47 -0.0492) (50 0.0483) (41 0.0358) (64 0.0351) (36 0.0301) (52 -0.0287) (83 -0.0271) (147 0.0263) (72 -0.0255) (31 -0.0231) (38 -0.0225) (26 -0.022) (20 0.0188) (61 -0.0182) (88 0.0182) (99 -0.0179) (13 0.0157) (124 0.0155) (96 0.0154) (77 0.0147) (48 -0.0146) (98 0.0145) (21 -0.0144) (126 -0.0142) (51 0.014) (14 0.014) (92 0.0136) (122 -0.0129) (115 -0.0124) (90 0.0121) (27 -0.0117) (123 -0.0109) (40 0.0103) (112 0.01) 
  0.00070206   (147 0.705) (50 0.514) (48 -0.286) (47 -0.214) (52 0.132) (51 -0.127) (56 -0.124) (38 -0.113) (53 0.11) (55 -0.0824) (46 0.0689) (39 -0.0665) (41 0.0539) (73 -0.0523) (43 0.0423) (42 0.0354) (69 0.0351) (54 -0.0332) (78 0.0298) (31 -0.027) (44 0.0261) (58 0.0258) (79 -0.0253) (20 0.0251) (26 -0.025) (13 0.0239) (14 0.0205) (71 -0.0202) (30 -0.0195) (40 -0.0185) (70 0.0184) (77 -0.0184) (16 -0.0182) (62 0.0182) (36 0.0179) (49 0.0177) (74 0.0175) (45 0.0169) (68 -0.0123) 
  0.00081541   (147 0.708) (50 -0.513) (48 0.285) (47 0.215) (52 -0.131) (51 0.126) (56 0.116) (38 0.114) (53 -0.109) (55 0.0816) (39 0.0693) (46 -0.069) (41 -0.0552) (73 0.0498) (43 -0.0418) (42 -0.0375) (54 0.0301) (78 -0.0295) (31 0.0278) (44 -0.0263) (58 -0.026) (20 -0.0258) (26 0.0258) (79 0.0249) (13 -0.0245) (14 -0.0211) (62 -0.0201) (30 0.0197) (36 -0.0192) (16 0.0183) (40 0.018) (77 0.0178) (49 -0.0174) (74 -0.0171) (45 -0.0171) (71 0.0141) (70 -0.0121) 
  0.00084717   (36 0.903) (20 0.246) (21 -0.197) (39 0.167) (22 -0.124) (42 -0.0835) (37 0.0808) (38 0.0692) (23 -0.0677) (14 0.0515) (16 -0.0493) (13 0.0492) (41 -0.0486) (40 -0.0437) (47 0.0361) (35 -0.03) (31 -0.0281) (54 -0.0262) (24 0.0229) (56 -0.0227) (26 0.022) (30 0.0191) (43 0.0183) (18 -0.0181) (55 -0.0126) (52 0.0112) (33 -0.0104) 
  0.00098616   (20 0.613) (21 -0.484) (36 -0.355) (22 -0.334) (23 -0.24) (26 0.183) (16 -0.138) (31 0.0986) (14 0.0982) (13 0.0901) (24 0.0597) (27 0.0509) (18 -0.0461) (30 0.0437) (19 0.0323) (37 -0.0282) (143 0.028) (25 -0.024) (38 0.022) (35 0.0175) (17 -0.0127) (40 0.0121) (39 -0.0109) (15 -0.01) 
   0.0011508   (143 1) (20 -0.0181) (21 0.0143) 
   0.0011877   (48 0.655) (47 -0.506) (42 0.233) (14 0.224) (39 -0.197) (49 0.182) (54 -0.173) (15 0.136) (55 -0.106) (56 -0.103) (52 0.0968) (51 -0.084) (45 0.0823) (13 0.0805) (46 0.073) (44 0.0652) (36 0.063) (43 -0.06) (41 0.0566) (38 -0.0553) (40 0.0544) (31 -0.0398) (77 0.0339) (57 -0.0329) (78 -0.0326) (50 -0.0294) (16 0.0279) (26 -0.0229) (68 -0.0199) (76 -0.0196) (27 -0.0179) (64 -0.0172) (69 0.017) (53 -0.0169) (79 0.0168) (58 0.0162) (83 -0.016) (112 0.0136) (21 -0.011) (35 -0.011) (71 0.0101) 
   0.0012217   (14 0.765) (15 0.51) (13 0.186) (48 -0.166) (47 0.145) (20 -0.134) (16 0.122) (39 0.0824) (42 -0.0783) (26 0.0662) (21 0.0552) (31 0.0518) (49 -0.0453) (38 0.042) (18 0.0385) (54 0.0383) (36 -0.0344) (41 -0.0291) (46 -0.025) (45 -0.0243) (55 0.0238) (52 -0.0237) (27 0.0232) (56 0.0215) (23 -0.0199) (44 -0.0197) (51 0.0194) (17 0.019) (40 -0.0181) (30 0.017) (43 0.0164) (22 -0.0163) (11 0.0124) 
   0.0013929   (146 -1) (144 0.012) 
   0.0015021   (54 0.782) (31 -0.401) (55 -0.31) (56 -0.27) (33 0.109) (26 -0.0896) (52 -0.0677) (38 0.0582) (20 0.0546) (30 -0.0541) (51 0.0467) (32 -0.0465) (48 0.0432) (70 -0.0411) (42 0.0398) (50 -0.0368) (13 0.0365) (14 0.0359) (57 -0.035) (78 -0.0322) (21 -0.0277) (68 -0.0268) (62 -0.026) (73 0.0258) (47 -0.0255) (77 0.0228) (27 -0.0224) (69 0.0221) (79 0.0217) (43 -0.0204) (40 0.0184) (64 -0.0161) (36 -0.016) (23 0.0141) (71 -0.014) (16 -0.0138) (67 0.0128) (138 0.0124) (39 -0.0122) (49 -0.0116) (29 0.0109) (28 0.0109) (121 -0.0103) 
   0.0015881   (31 -0.795) (54 -0.389) (33 0.234) (26 -0.146) (39 0.132) (55 0.129) (38 0.127) (30 -0.117) (56 0.11) (36 -0.103) (32 -0.0955) (138 0.0897) (20 0.0831) (42 -0.0789) (41 -0.0593) (13 0.0555) (47 0.0518) (14 0.0512) (52 0.0421) (16 -0.0353) (35 0.0308) (29 0.0307) (21 -0.0298) (27 -0.0277) (51 -0.0267) (22 0.0221) (40 -0.0198) (50 0.0178) (70 0.0177) (45 -0.0173) (73 -0.0161) (44 -0.0155) (78 0.0151) (62 0.0135) (57 0.0129) (24 -0.0118) (79 -0.0107) (68 0.0105) (18 -0.0104) (46 -0.0104) (43 0.0103) (77 -0.0103) 
   0.0015948   (138 0.996) (31 0.0768) (54 0.0251) (33 -0.0224) (26 0.0143) (38 -0.0121) (39 -0.0115) (30 0.0112) 
   0.0016546   (17 -0.812) (28 -0.421) (26 -0.281) (30 0.157) (18 -0.143) (19 0.12) (29 0.0815) (16 -0.0784) (31 0.0565) (14 0.0447) (22 0.0426) (13 0.0357) (134 -0.0276) (38 0.0258) (39 0.0253) (36 -0.0152) (70 0.015) (25 -0.0149) (21 -0.013) (24 -0.0116) (23 0.0113) (71 0.0106) 
   0.0018026   (28 -0.597) (17 0.512) (26 -0.39) (134 -0.348) (30 0.221) (29 0.139) (20 0.0982) (31 0.0735) (19 -0.0681) (27 -0.0627) (22 0.0569) (13 0.0514) (18 0.0508) (38 0.0435) (14 0.0291) (15 -0.0268) (39 0.0257) (16 -0.0246) (41 -0.0242) (36 -0.0156) (21 -0.0149) (24 -0.0125) (25 0.0113) (43 -0.0104) (23 0.0103) 
    0.002023   (134 -0.937) (28 0.234) (17 -0.166) (26 0.153) (30 -0.0866) (29 -0.0539) (20 -0.0366) (31 -0.029) (27 0.0234) (22 -0.0224) (19 0.0217) (13 -0.0202) (38 -0.0169) (18 -0.0146) (14 -0.0122) (16 0.0115) (39 -0.0102) (15 0.01) 
   0.0020868   (29 -0.873) (30 -0.285) (28 -0.227) (49 0.208) (51 -0.154) (52 -0.08) (27 -0.078) (26 -0.076) (53 0.0701) (47 0.0585) (46 -0.0415) (71 -0.0394) (31 0.0388) (70 0.0295) (33 0.0269) (20 0.0257) (43 -0.0237) (68 0.0221) (48 -0.0215) (41 -0.0206) (50 -0.0202) (67 -0.0175) (40 0.016) (34 0.0159) (74 -0.0148) (22 -0.0143) (58 -0.0129) (35 -0.0121) (56 0.0107) (131 -0.0104) (13 0.0103) 
   0.0022656   (71 -0.611) (70 0.475) (68 0.404) (49 -0.213) (67 -0.207) (74 -0.179) (131 -0.159) (78 -0.141) (72 0.129) (51 0.087) (57 0.0802) (69 0.0718) (64 0.0685) (82 -0.0513) (61 -0.0504) (66 0.0466) (47 -0.044) (76 0.0421) (48 0.0409) (53 -0.0366) (73 0.0346) (62 0.0345) (55 0.034) (39 -0.0336) (77 0.0304) (65 0.0304) (108 0.0285) (80 -0.0285) (75 -0.0277) (52 0.0261) (46 0.025) (81 0.0239) (83 -0.0235) (87 -0.0231) (54 0.0211) (129 -0.0198) (44 -0.0196) (79 -0.0182) (84 0.0182) (85 0.0174) (42 0.0161) (58 -0.0151) (106 0.0147) (59 0.0136) (127 -0.0135) (60 -0.0131) (111 -0.0129) (63 0.0123) (56 -0.0107) (36 0.0107) (92 0.0107) (117 0.0106) (118 0.0101) 
   0.0023386   (131 -0.551) (49 -0.549) (51 0.376) (29 -0.217) (52 0.203) (53 -0.189) (71 0.189) (70 -0.133) (47 -0.114) (68 -0.104) (30 -0.0702) (43 0.0693) (28 -0.0664) (67 0.061) (46 0.0604) (58 0.0591) (48 0.057) (74 0.0556) (56 -0.0515) (72 -0.0477) (50 0.0465) (54 -0.0411) (41 0.037) (129 -0.0344) (40 -0.0338) (26 -0.0288) (44 0.0287) (132 -0.0254) (73 -0.0232) (42 -0.0231) (78 0.0228) (27 -0.0191) (82 0.018) (38 -0.0178) (77 -0.0177) (83 0.0171) (34 -0.0168) (20 0.0154) (66 -0.0134) (61 0.0134) (60 0.0132) (127 -0.0121) (13 0.012) (112 -0.0117) (62 -0.0115) (57 -0.0114) (92 0.0111) (99 0.0108) (117 0.0104) (85 -0.0102) (65 -0.0102) 
   0.0023758   (131 -0.816) (49 0.411) (51 -0.269) (29 0.159) (52 -0.141) (53 0.134) (47 0.0849) (30 0.0513) (28 0.0489) (48 -0.0465) (43 -0.046) (46 -0.0453) (132 -0.0416) (56 0.0367) (58 -0.0366) (50 -0.0325) (129 -0.0297) (41 -0.025) (40 0.024) (54 0.0233) (26 0.0221) (27 0.0154) (44 -0.0153) (38 0.013) (42 0.0122) (20 -0.0116) (78 0.0115) (127 -0.0108) (34 0.0104) 
   0.0024343   (23 0.921) (55 -0.193) (25 -0.165) (20 0.162) (22 -0.151) (26 0.114) (21 -0.0607) (56 0.0599) (54 -0.0531) (57 0.0507) (24 -0.0452) (28 -0.0333) (42 -0.0302) (14 0.028) (36 -0.0257) (27 0.025) (39 0.025) (31 0.025) (58 -0.0234) (41 -0.0228) (47 0.0216) (13 0.0198) (11 0.0165) (40 -0.0164) (19 -0.0149) (33 0.0137) (30 0.0137) (32 0.0136) (78 0.0122) (120 -0.0121) (29 0.0117) (16 -0.0111) (43 0.0109) (77 -0.0101) 
   0.0028019   (57 -0.734) (58 0.466) (55 0.314) (64 0.267) (56 0.112) (54 0.112) (23 0.106) (62 -0.0947) (78 -0.059) (79 0.0519) (42 0.0445) (43 -0.0413) (69 0.041) (70 0.0408) (47 -0.0372) (40 0.034) (50 0.0297) (108 -0.0282) (77 0.0256) (125 -0.0254) (59 0.0248) (124 0.0245) (83 0.0241) (133 -0.0237) (20 0.0236) (22 -0.0235) (61 0.0228) (44 -0.0219) (51 -0.021) (65 0.0199) (71 -0.0185) (110 -0.0182) (52 -0.0166) (25 -0.0164) (53 0.016) (46 0.0157) (30 0.0156) (21 -0.0143) (31 -0.0137) (39 -0.0122) (126 -0.0121) (45 -0.0114) (63 0.0112) (90 -0.0102) 
   0.0030601   (133 -0.778) (55 0.494) (56 -0.268) (57 0.123) (64 -0.115) (23 0.111) (58 -0.103) (54 0.0917) (39 -0.0465) (42 0.0461) (62 0.0426) (47 -0.0385) (53 0.0343) (43 -0.032) (70 -0.0301) (20 0.0265) (69 -0.0235) (77 0.0228) (78 -0.0219) (25 -0.0212) (44 -0.021) (132 -0.0207) (71 0.0205) (22 -0.0203) (41 -0.018) (83 -0.0173) (21 -0.0157) (40 0.0146) (79 0.0136) (122 0.0127) (76 -0.0121) (31 -0.0121) (36 0.012) (61 -0.0114) (124 -0.011) (46 0.0108) (51 -0.0105) 
   0.0033836   (133 -0.627) (55 -0.624) (56 0.327) (23 -0.142) (64 0.133) (57 -0.123) (54 -0.118) (58 0.109) (42 -0.0589) (39 0.0579) (47 0.0493) (62 -0.0491) (53 -0.0431) (43 0.0414) (124 0.0385) (70 0.0359) (20 -0.0337) (125 -0.0309) (77 -0.0291) (78 0.029) (69 0.0277) (25 0.0268) (44 0.0268) (22 0.0262) (71 -0.0248) (122 -0.0231) (41 0.0217) (83 0.0215) (21 0.0201) (40 -0.0196) (79 -0.0183) (31 0.0156) (36 -0.0153) (76 0.0152) (112 -0.0142) (46 -0.0141) (51 0.0139) (61 0.0132) (126 -0.0125) (48 0.0125) (132 -0.0122) (120 -0.012) (121 -0.0118) (14 -0.0115) (38 0.0114) (117 0.0114) (127 0.0107) 
   0.0038447   (33 -0.903) (31 -0.266) (62 -0.207) (32 0.205) (83 0.0754) (61 0.0642) (56 -0.059) (36 -0.0457) (39 0.0394) (29 -0.036) (27 -0.0355) (47 0.0281) (54 -0.0276) (21 -0.027) (64 -0.0267) (30 0.0267) (44 0.0252) (85 -0.023) (43 0.0225) (68 0.0206) (46 -0.0205) (42 -0.0198) (26 -0.0188) (69 -0.0172) (20 0.0157) (57 0.0147) (38 0.0136) (86 0.0131) (70 0.0131) (130 -0.0113) (28 -0.0108) (23 0.0107) (67 -0.0106) 
   0.0038996   (83 0.88) (62 0.276) (130 -0.209) (85 -0.193) (86 0.128) (61 -0.086) (90 0.0765) (56 0.0636) (108 0.0567) (91 -0.0509) (112 0.0505) (64 0.0476) (78 0.0448) (54 0.0429) (77 -0.0419) (89 -0.0385) (79 -0.0366) (111 -0.0355) (109 -0.0347) (39 -0.034) (88 0.029) (106 0.0287) (55 0.0266) (93 -0.0257) (58 -0.0253) (76 0.024) (113 -0.0239) (81 -0.0232) (115 -0.0229) (96 0.0217) (47 -0.0216) (42 0.0216) (92 0.0171) (104 0.0165) (82 -0.0165) (84 -0.0163) (99 -0.0161) (117 -0.0155) (100 0.0145) (43 -0.0144) (36 0.0143) (57 0.0142) (125 0.0139) (87 0.0134) (52 -0.0131) (71 -0.0129) (103 -0.0122) (69 0.0118) (97 0.0116) (63 -0.0114) (44 -0.0113) (105 0.0107) 
    0.003965   (62 0.649) (130 -0.569) (83 -0.34) (61 -0.201) (33 -0.179) (56 0.135) (85 0.0767) (68 -0.0745) (64 0.0707) (69 0.0637) (31 -0.0587) (54 0.053) (70 -0.052) (86 -0.05) (57 -0.0416) (90 -0.0397) (32 0.0382) (67 0.038) (108 -0.0332) (41 0.0285) (63 -0.0278) (73 0.027) (44 0.0243) (78 -0.0227) (43 0.0212) (47 -0.0202) (109 0.0199) (79 0.0198) (91 0.0187) (89 0.018) (77 0.0161) (60 -0.0154) (58 -0.0149) (81 0.0144) (53 -0.0141) (51 0.0139) (52 -0.0134) (112 -0.012) (55 0.012) (20 0.0119) (129 -0.0119) (38 -0.0117) (26 -0.0117) (71 -0.011) (126 -0.0108) (111 0.0108) (82 0.0108) (75 0.0103) 
    0.004151   (130 -0.795) (62 -0.534) (61 0.166) (33 0.139) (56 -0.113) (64 -0.063) (68 0.0551) (54 -0.0493) (31 0.0483) (69 -0.0481) (70 0.036) (32 -0.0306) (67 -0.0291) (57 0.0253) (63 0.0228) (47 0.0201) (41 -0.0201) (73 -0.019) (58 0.0176) (55 -0.0159) (108 0.0153) (129 -0.0152) (44 -0.0143) (39 0.014) (52 0.0131) (60 0.0126) (71 0.0113) (43 -0.0112) (53 0.0107) (51 -0.0106) (26 0.0105) (20 -0.0102) 
   0.0042704   (105 0.696) (104 -0.334) (114 -0.301) (107 0.281) (64 -0.202) (101 0.15) (97 0.149) (113 0.124) (112 -0.11) (109 0.109) (88 -0.107) (106 -0.102) (119 -0.0969) (98 0.0957) (108 0.0956) (121 -0.0949) (117 -0.0896) (110 -0.0783) (99 -0.0752) (118 0.0652) (116 -0.0634) (57 -0.0569) (89 0.0558) (103 0.0445) (145 -0.0416) (94 0.0388) (120 -0.0377) (92 0.0357) (141 0.0345) (70 0.031) (123 -0.03) (122 0.0289) (58 0.0279) (91 0.0259) (56 0.0227) (62 0.0195) (100 -0.0189) (142 -0.0186) (96 0.0164) (90 0.0148) (132 -0.0126) (68 0.0121) (81 0.0118) (55 -0.0117) (78 0.0115) (77 -0.0113) (67 -0.0107) (85 -0.0102) 
   0.0042831   (145 0.923) (141 0.327) (142 -0.198) (114 -0.019) (105 0.0149) (144 0.0136) (121 -0.0101) 
   0.0043569   (64 -0.873) (57 -0.257) (105 -0.16) (44 0.158) (70 0.136) (58 0.131) (43 0.122) (56 0.0949) (107 -0.0853) (62 0.0765) (104 0.0706) (41 0.0616) (68 0.0555) (108 -0.0526) (46 -0.0523) (67 -0.0477) (114 0.0437) (65 -0.0387) (101 -0.0376) (66 0.0343) (78 0.0343) (55 -0.0336) (77 -0.032) (83 0.0315) (61 -0.0315) (113 -0.0307) (103 -0.0306) (45 0.0305) (79 -0.0268) (99 0.0265) (39 0.0265) (42 -0.026) (97 -0.0257) (91 -0.0245) (145 0.0229) (119 0.0226) (38 -0.0225) (117 0.0224) (40 -0.0218) (98 -0.021) (122 -0.0192) (74 -0.0189) (141 -0.0185) (88 -0.018) (112 0.0176) (94 -0.0174) (121 0.0172) (50 -0.0168) (27 0.0168) (81 0.0166) (89 0.0162) (51 0.0157) (116 0.0156) (118 -0.0155) (102 -0.0152) (76 0.0151) (60 -0.0143) (109 -0.0126) (120 0.0121) (106 0.0118) (72 -0.0113) (85 0.011) (30 -0.01) 
   0.0045134   (45 -0.625) (70 0.414) (71 0.317) (80 -0.299) (79 0.207) (81 0.165) (82 0.148) (77 -0.141) (72 -0.135) (93 -0.121) (85 0.0964) (75 -0.0892) (84 -0.0825) (86 -0.0776) (97 0.0748) (111 -0.0739) (42 0.0704) (46 0.068) (94 0.0674) (78 0.0602) (44 0.0573) (64 0.0566) (40 0.0556) (43 0.055) (41 0.0504) (106 -0.0502) (57 0.0471) (74 -0.0469) (47 -0.0464) (67 -0.0458) (92 -0.0455) (39 0.0405) (103 0.0357) (98 -0.0346) (49 0.0327) (54 0.0309) (83 0.0286) (90 0.0276) (105 -0.0232) (89 0.0219) (62 0.0216) (88 0.0214) (58 -0.0202) (96 -0.0201) (102 0.0193) (48 0.0172) (112 -0.017) (38 0.0169) (56 -0.0162) (99 -0.016) (101 -0.0159) (17 0.0147) (73 -0.0137) (155 -0.0129) (117 -0.0119) (51 -0.0114) (27 0.0112) (26 -0.0103) (87 -0.0101) 
   0.0045222   (155 -0.998) (45 0.0475) (70 0.0177) (71 0.0143) (44 -0.0102) 
   0.0046419   (45 -0.692) (70 -0.42) (71 -0.335) (79 -0.176) (44 0.169) (80 0.165) (43 0.134) (77 0.134) (72 0.124) (81 -0.0934) (86 0.0843) (111 0.0837) (39 0.079) (82 -0.0771) (41 0.0757) (85 -0.0748) (76 -0.0647) (90 0.0632) (46 0.0615) (155 -0.056) (47 -0.0549) (106 0.0542) (67 0.0514) (42 0.0502) (97 -0.049) (64 -0.0483) (40 0.0474) (84 0.0474) (49 0.0327) (62 -0.0316) (74 0.0295) (108 -0.0295) (103 -0.0287) (89 -0.0265) (75 0.025) (57 -0.0237) (78 -0.0212) (105 0.0196) (48 0.018) (99 0.0179) (83 -0.0172) (98 0.016) (54 -0.0153) (87 0.0152) (55 0.0149) (50 -0.0147) (68 0.0144) (109 0.0139) (101 0.0137) (110 -0.0134) (31 0.0129) (100 -0.0117) (69 0.0113) (61 0.01) (36 -0.01) 
   0.0049291   (18 -0.949) (16 0.235) (136 0.154) (17 0.125) (19 -0.0595) (21 0.0159) (26 0.0154) (27 0.0133) 
   0.0050206   (136 0.988) (18 0.148) (16 -0.0365) (17 -0.0194) 
   0.0051135   (8 -1) 
   0.0053513   (4 1) 
   0.0054657   (22 0.798) (24 0.425) (20 0.222) (16 -0.161) (26 0.154) (25 -0.127) (13 0.118) (30 0.103) (14 0.0815) (21 -0.0715) (29 -0.0642) (28 0.0639) (15 -0.0635) (23 0.0596) (140 -0.0578) (18 -0.0469) (19 -0.0464) (38 0.0455) (31 0.0339) (39 0.0311) (40 0.0285) (78 0.0236) (41 -0.0235) (32 -0.0173) (79 -0.0163) (77 -0.0131) (42 0.0124) (46 -0.0123) (44 0.0119) (11 0.011) (43 -0.0108) 
   0.0056672   (140 -0.998) (22 -0.0462) (24 -0.0246) (20 -0.0129) 
    0.006165   (10 0.816) (19 -0.374) (16 -0.374) (20 -0.171) (22 -0.0923) (18 -0.0693) (13 0.0567) (15 -0.0531) (14 0.0488) (26 0.0287) (21 -0.0267) (30 0.0262) (29 -0.0191) (38 0.014) (24 0.0131) (17 -0.0118) (27 -0.0113) (40 0.0104) 
   0.0062339   (137 -0.994) (10 -0.0673) (19 -0.0589) (16 -0.0579) (20 -0.0271) (22 -0.0149) (18 -0.0107) 
   0.0070366   (10 0.574) (19 0.528) (16 0.519) (20 0.243) (22 0.134) (137 -0.113) (18 0.0955) (15 0.0698) (13 -0.0693) (14 -0.066) (26 -0.0435) (30 -0.0424) (21 0.0414) (29 0.0297) (38 -0.0227) (17 0.0216) (24 -0.0211) (40 -0.018) (27 0.0148) (41 0.0144) (78 -0.0125) (43 0.0116) (79 0.0106) 
   0.0074025   (11 -0.963) (41 -0.181) (12 0.121) (39 -0.112) (40 -0.0743) (44 0.0459) (13 0.0413) (45 -0.0307) (43 0.028) (38 -0.0193) (14 0.0141) (42 -0.0122) (57 -0.0112) (51 0.0104) 
   0.0076688   (139 -0.996) (41 -0.0713) (39 -0.0428) (40 -0.0274) (11 0.0229) (44 0.0147) (45 -0.0103) 
   0.0078859   (41 0.76) (39 0.455) (40 0.291) (11 -0.233) (44 -0.157) (45 0.11) (139 -0.0936) (43 -0.0817) (38 0.0638) (51 -0.0536) (42 0.0433) (32 -0.0388) (47 -0.0364) (34 -0.0361) (12 0.0312) (57 0.0287) (49 -0.0261) (52 -0.0247) (63 -0.0235) (58 -0.0231) (36 -0.023) (108 -0.0224) (60 0.0221) (55 0.0205) (23 0.0203) (31 0.0198) (74 -0.0193) (67 -0.0169) (46 0.016) (83 0.016) (48 0.0149) (53 0.0141) (56 -0.014) (21 0.0134) (78 -0.0126) (82 0.0121) (77 -0.0115) (28 0.0111) (79 0.0109) 
   0.0080793   (12 -0.962) (32 0.234) (11 -0.12) (33 0.0563) (13 0.0261) (34 -0.0222) (66 -0.018) (31 -0.012) (27 0.0117) (40 0.0107) (41 0.0101) (16 -0.0101) 
   0.0092305   (135 -0.947) (32 0.296) (12 0.086) (33 0.0704) (34 -0.0251) (26 0.0165) (31 -0.0165) (28 -0.016) (40 0.0141) (27 0.0128) (11 0.0109) (51 0.0103) 

 Largest eigenvalues
      38.905   (161 0.948) (164 0.231) 
      15.201   (43 0.493) (44 0.676) 
      14.282   (77 0.401) (78 -0.621) (79 0.491) 
      3.4854   (108 -0.765) (111 0.3) 
      3.4748   (141 -0.799) (142 0.444) (145 0.376) 
      1.2341   (161 0.244) (164 -0.959) 
      1.2281   (165 -0.999) 
      1.2106   (163 0.983) 
      1.1333   (88 0.805) (89 -0.38) 
      1.1156   (99 -0.5) (100 -0.367) (105 -0.378) (107 0.516) 
      1.1017   (99 -0.403) (107 -0.692) 
      1.0732   (113 -0.32) (115 -0.332) (116 0.657) (117 0.297) 
      1.0476   (104 0.857) (105 0.204) (107 0.257) 
      1.0236   (100 0.577) (101 0.702) 
     0.98581   (112 0.593) (113 0.355) 
     0.89346   (110 -0.289) (113 -0.466) (117 -0.398) 
     0.74786   (108 -0.298) (109 -0.57) (110 0.497) 
     0.71954   (97 0.392) (98 0.725) (99 0.406) 
     0.64236   (113 0.294) (115 -0.412) (124 0.357) (125 0.477) (132 -0.386) 
     0.60575   (113 -0.389) (114 -0.687) (125 0.292) 
     0.60176   (109 0.515) (110 0.423) (114 0.369) (115 0.359) 
     0.59282   (109 -0.412) (110 -0.601) (112 0.288) (114 0.368) 
     0.58402   (122 -0.299) (123 -0.418) (124 -0.352) (127 0.523) 
     0.57123   (124 0.476) (125 -0.629) (127 0.473) 
     0.56878   (120 0.573) (121 0.362) (122 0.49) (124 -0.351) 
     0.56125   (120 -0.755) (122 0.315) 
     0.53125   (119 0.32) (121 -0.664) (123 0.311) (126 0.413) 
     0.52488   (119 -0.635) (122 -0.374) (126 0.316) (132 0.329) 
     0.51625   (117 -0.295) (119 0.529) (121 0.387) (132 0.372) 
     0.48646   (91 -0.965) 
     0.40124   (121 -0.355) (122 0.36) (126 -0.522) (132 0.436) 
     0.38216   (93 -0.537) (94 -0.758) 
     0.31519   (102 0.492) (103 0.731) 
     0.29379   (102 -0.828) (103 0.341) 
     0.27687   (97 0.439) (103 -0.307) (115 -0.271) (123 0.35) 
     0.26206   (85 0.591) (97 -0.306) 
     0.23594   (76 0.323) (77 -0.297) (79 0.324) (97 -0.541) 
     0.23029   (76 -0.372) (77 0.297) (85 -0.512) 
     0.20607   (97 0.357) (106 -0.298) (111 -0.595) 
     0.16397   (89 0.426) (90 -0.715) (93 0.346) 
     0.14231   (90 0.384) (93 0.29) (96 0.519) (106 0.441) 
     0.13527   (86 0.294) (93 -0.516) (94 0.331) (106 0.394) 
     0.12245   (85 -0.399) (86 -0.788) 
     0.10909   (87 -0.377) (88 -0.322) (89 -0.575) (96 -0.349) 
      0.1071   (70 0.289) (76 0.321) (80 0.52) (82 -0.358) (84 0.32) 
    0.099987   (75 -0.345) (76 -0.287) (84 0.302) (87 0.285) (96 -0.334) 
    0.092751   (59 0.261) (63 0.21) (67 -0.35) (68 -0.219) (72 0.337) (75 0.254) (80 -0.255) (82 0.224) 
    0.092095   (59 -0.665) (63 -0.292) 
    0.089056   (59 0.615) (67 0.342) 
    0.084787   (59 -0.279) (63 0.336) (67 -0.278) (96 0.309) (106 -0.317) 
    0.079847   (63 -0.616) (72 0.362) 
    0.077134   (63 0.546) (67 0.408) (84 0.289) 
    0.075303   (65 -0.668) (72 -0.299) 
    0.071362   (60 0.768) (72 -0.329) 
    0.069399   (60 -0.541) (65 0.477) 
    0.064469   (65 -0.235) (67 0.224) (72 0.356) (75 -0.217) (82 0.238) (111 -0.207) (116 -0.279) (117 0.353) 
     0.06317   (72 -0.297) (74 0.283) (75 0.308) (82 -0.262) (84 -0.264) 
    0.061043   (61 0.568) (82 -0.315) 
    0.056879   (61 -0.621) (74 -0.281) (82 -0.211) (87 -0.271) 
    0.056032   (61 0.359) (68 0.338) (69 0.342) (75 -0.298) 
    0.054101   (66 -0.387) (74 0.381) (82 0.317) 
    0.049442   (66 0.598) (75 0.297) (82 0.286) 
    0.048565   (66 -0.603) (74 -0.326) 
    0.047369   (84 -0.333) (87 0.381) (118 -0.351) 
    0.045358   (34 0.933) 
    0.043125   (34 -0.319) (49 -0.483) (51 -0.595) 
    0.041797   (51 0.324) (77 -0.334) (118 -0.393) 
    0.039597   (53 -0.371) (77 0.301) (118 -0.301) 
    0.039255   (51 0.29) (52 -0.394) (53 0.504) 
    0.033019   (35 0.811) (40 -0.259) (42 0.282) 
    0.029446   (35 -0.528) (40 -0.416) (42 0.342) (58 -0.319) 
    0.027862   (37 0.365) (40 0.395) (92 -0.447) 
    0.027363   (37 -0.848) (92 -0.249) 
    0.025427   (37 0.326) (57 0.374) (58 0.531) 
    0.021861   (129 0.905) 
     0.02147   (128 0.578) (160 -0.807) 
    0.020434   (128 0.577) (160 0.302) (162 -0.759) 
    0.020244   (128 0.577) (160 0.507) (162 0.64) 
    0.018159   (26 -0.385) (27 0.84) 
    0.015986   (141 0.49) (142 0.871) 
