 1 1000
 2 527.894
 3 21.0944
 4 1000
 5 419.339
 6 293.23
 7 999.819
 8 3.25143
 9 991.987
 10 881.083
 11 2.42525
 12 792.517
 13 1000
 14 997.841
 15 0.825546
 16 1000
 17 997.02
 18 2.92993
 19 1000
 20 844.218
 21 153.276
 22 1000
 23 948.079
 24 51.3323
 25 238.744
 26 255.181
 27 15.5832
 28 985.509
 29 206.572
 30 243.456
 31 486.352
 32 51.277
 33 844.422
 34 210.415
 35 143.53
 36 376.112
 37 989.143
 38 997.825
 39 3.5464
 40 602.743
 41 968.107
 42 1.74313
 43 496.031
 44 859.609
 45 15.8484
 46 997.882
 47 421.743
 48 580.333
 49 936.534
 50 199.183
 51 298.054
 52 171.85
 53 951.59
 54 275.064
 55 168.121
 56 218.524
 57 894.961
 58 91.752
 59 151.322
 60 166.028
 61 21.874
 62 1.74546
 63 475.918
 64 300.182
 65 1.73481
 66 489.849
 67 951.866
 68 50.2276
 69 999.965
 70 1000
 71 880.737
 72 119.065
 73 999.559
 74 3.02618
 75 998.097
 76 983.808
 77 3.80202
 78 888.76
 79 999.176
 80 28.5577
 81 969.835
 82 990.01
 83 292.462
 84 2.63111
 85 107.566
 86 2.33735
 87 990.069
 88 1.72058
 89 1.64568
 90 1.92389
 91 8.73935
 92 397.949
 93 819.885
 94 532.476
 95 834.008
 96 931.507
 97 313.747
 98 260.68
 99 125.965
 100 656.552
 101 927.566
 102 112.236
 103 151.945
 104 130.917
 105 127.941
 106 159.858
 107 163.239
 108 166.027
 109 120.487
 110 92.776
 111 174.813
 112 203.481
 113 186.95
 114 169.88
 115 172.726
 116 136.214
 117 167.996
 118 188.264
 119 144.688
 120 82.8552
 121 120.606
 122 47.3016
 123 61.4826
 124 36.0113
 125 28.7643
 126 51.6716
 127 25.6732
 128 86.0934
 129 66.4726
 130 58.9476
 131 20.0985
 132 20.703
 133 22.0857
 134 35.2545
 135 8.58167
 136 45.3676
 137 9.65617
 138 9.02118
 139 9.1167
 140 10.497
 141 11.0174
 142 8.51988
 143 9.13665
 144 14.8054
 145 15.0569
 146 12.5112
 147 9.94295
 148 28.9232
 149 15.7842
 150 11.9049
 151 13.8589
 152 23.22
 153 19.9706
 154 13.2223
 155 19.8759
 156 24.0262
 157 46.7979
 158 0.226262
 159 0.102008
 160 0.379717
 161 21.3684
 162 14.1718
 163 328.898
 164 809.798
 165 7.77449
