 1 56118.6
 2 678.45
 3 26.8798
 4 177989
 5 531.315
 6 371.47
 7 557846
 8 42.8188
 9 17362.2
 10 2432.05
 11 4.37725
 12 1753.99
 13 280624
 14 3770.24
 15 0.848526
 16 360608
 17 3727.4
 18 8.57146
 19 123592
 20 2234.48
 21 403.963
 22 161511
 23 3348.34
 24 178.652
 25 258.178
 26 320.991
 27 19.446
 28 2704.94
 29 259.725
 30 304.612
 31 517.025
 32 66.9239
 33 1107.46
 34 216.951
 35 161.763
 36 425.887
 37 1522.54
 38 3010.02
 39 7.42656
 40 973.948
 41 4316.01
 42 2.02297
 43 690.552
 44 1507.82
 45 26.9291
 46 6522.87
 47 1127.4
 48 1386.92
 49 1890.77
 50 201.301
 51 372.34
 52 213.764
 53 2901.07
 54 308.761
 55 229.146
 56 303.235
 57 1025.8
 58 92.9242
 59 162.159
 60 178.529
 61 22.1458
 62 1.74702
 63 499.326
 64 301.83
 65 1.743
 66 496.639
 67 3617.87
 68 181.916
 69 134895
 70 175149
 71 2262.78
 72 302.634
 73 16890.6
 74 25.6247
 75 16453
 76 8258.06
 77 6.85793
 78 1976.77
 79 8397.64
 80 87.8236
 81 2766.77
 82 1585.16
 83 318.992
 84 2.74016
 85 138.025
 86 2.5802
 87 5310.83
 88 1.72077
 89 1.6457
 90 1.92411
 91 9.49854
 92 461.766
 93 1303.79
 94 829.963
 95 1540.07
 96 1887.36
 97 328.578
 98 270.817
 99 127.114
 100 762.291
 101 1437.24
 102 116.276
 103 154.48
 104 132.05
 105 128.665
 106 160.43
 107 163.966
 108 166.917
 109 121.364
 110 94.5183
 111 175.907
 112 204.343
 113 187.565
 114 170.248
 115 173.145
 116 136.94
 117 168.497
 118 188.516
 119 145.084
 120 83.7146
 121 121.163
 122 47.678
 123 62.6069
 124 36.3233
 125 29.3453
 126 52.0157
 127 26.875
 128 88.5447
 129 67.628
 130 59.8765
 131 20.386
 132 20.9245
 133 22.3935
 134 36.2101
 135 8.79897
 136 45.7338
 137 9.95801
 138 9.26601
 139 9.34595
 140 11.0196
 141 11.7252
 142 8.90184
 143 9.54428
 144 15.234
 145 15.3027
 146 12.7962
 147 10.4442
 148 30.1735
 149 16.4046
 150 12.1624
 151 14.1378
 152 23.6574
 153 20.8484
 154 13.5731
 155 20.1821
 156 24.2046
 157 47.0107
 158 0.270142
 159 0.105854
 160 0.433339
 161 26.4804
 162 14.9667
 163 1301.41
 164 2750.74
 165 13.2819
