 1 31.6228
 2 22.4204
 3 1.84701
 4 31.6228
 5 16.1444
 6 11.6406
 7 31.619
 8 1.01036
 9 31.4327
 10 29.5201
 11 0.987221
 12 27.9193
 13 31.6228
 14 31.5816
 15 0.904399
 16 31.6228
 17 31.5408
 18 0.997992
 19 31.6228
 20 26.9034
 21 5.78835
 22 31.6228
 23 30.0491
 24 2.59241
 25 15.0512
 26 15.0357
 27 1.84791
 28 31.3397
 29 10.2497
 30 11.8879
 31 21.5917
 32 2.65154
 33 27.9765
 34 14.3139
 35 7.08156
 36 16.7115
 37 31.4293
 38 31.5613
 39 1.3784
 40 24.2851
 41 31.0431
 42 1.29197
 43 21.6741
 44 28.7386
 45 1.84542
 46 31.5664
 47 14.315
 48 19.0695
 49 30.3693
 50 13.6629
 51 14.5465
 52 8.94392
 53 30.6559
 54 16.3689
 55 9.40979
 56 11.6008
 57 29.3291
 58 9.0166
 59 9.36034
 60 9.77622
 61 4.38687
 62 1.31493
 63 21.5235
 64 16.0305
 65 0.971765
 66 21.1778
 67 30.1702
 68 2.94167
 69 31.6218
 70 31.6228
 71 28.0527
 72 5.09765
 73 31.6131
 74 1.35455
 75 31.5703
 76 31.3516
 77 1.39201
 78 29.7351
 79 31.604
 80 2.25016
 81 30.748
 82 31.4103
 83 16.5868
 84 1.37785
 85 10.1442
 86 1.39274
 87 31.3936
 88 1.10344
 89 1.04771
 90 1.25531
 91 2.44906
 92 18.116
 93 27.023
 94 20.4458
 95 27.7779
 96 30.0097
 97 16.4584
 98 14.5192
 99 9.14498
 100 24.729
 101 30.0988
 102 9.56368
 103 11.6872
 104 10.6982
 105 10.6512
 106 12.2298
 107 12.2813
 108 12.3487
 109 10.1698
 110 8.24029
 111 12.5334
 112 13.9217
 113 13.257
 114 12.4801
 115 12.3942
 116 10.5673
 117 12.1395
 118 13.0629
 119 11.3172
 120 8.43169
 121 10.6175
 122 6.68179
 123 7.68148
 124 5.4971
 125 5.12782
 126 6.89206
 127 4.52565
 128 8.74178
 129 7.36524
 130 7.11957
 131 4.13174
 132 4.4486
 133 4.56928
 134 5.84361
 135 2.68474
 136 6.66246
 137 2.90213
 138 2.84916
 139 2.86135
 140 3.0894
 141 3.05667
 142 2.68059
 143 2.81094
 144 3.7002
 145 3.76832
 146 3.39147
 147 2.91553
 148 5.1853
 149 3.80273
 150 3.27744
 151 3.5347
 152 4.70974
 153 4.35168
 154 3.51967
 155 4.37433
 156 4.8168
 157 6.7782
 158 0.194639
 159 0.246449
 160 0.271395
 161 3.71389
 162 3.39747
 163 15.9931
 164 27.3735
 165 0.577686
