 Smallest eigenvalues
  1.7452e-06   (9 1) 
  2.7731e-06   (47 0.648) (49 0.463) (48 -0.265) (42 -0.261) (154 -0.191) (52 -0.188) (53 0.183) (46 0.138) (44 0.128) (13 -0.127) (77 -0.118) (51 -0.108) (54 0.0857) (50 -0.0735) (33 -0.0714) (55 -0.0681) (24 0.0473) (56 0.0437) (60 0.0436) (38 0.0434) (78 0.0419) (45 -0.0408) (59 -0.0361) (14 0.0293) (40 0.029) (61 -0.0266) (73 -0.0261) (35 -0.0258) (71 -0.0253) (17 -0.0239) (12 0.0219) (29 0.0204) (68 0.0191) (25 -0.0165) (43 0.0148) (37 -0.0146) (21 -0.0129) (84 0.0127) (28 -0.0127) (26 0.0121) (57 0.012) (39 0.0111) (27 0.0111) (22 -0.0111) (72 0.011) (81 -0.0101) 
  3.5635e-06   (154 -0.982) (47 -0.126) (49 -0.0902) (48 0.0517) (42 0.051) (52 0.0366) (53 -0.0356) (46 -0.0269) (44 -0.025) (13 0.0248) (77 0.0226) (51 0.021) (54 -0.0167) (50 0.0143) (33 0.014) (55 0.0132) 
  5.6183e-06   (4 -1) 
  5.7094e-06   (148 0.641) (44 -0.525) (42 -0.435) (43 -0.192) (46 -0.144) (45 -0.124) (13 -0.107) (48 0.101) (33 -0.0747) (77 -0.0737) (47 -0.0563) (24 0.0497) (38 0.0374) (51 0.0373) (40 0.035) (35 -0.0295) (26 0.0278) (14 0.0246) (37 -0.0239) (53 -0.0226) (56 0.0223) (55 -0.0221) (17 -0.021) (12 0.0184) (60 0.0184) (50 0.0177) (52 -0.0154) (71 -0.0151) (73 -0.0146) (25 -0.0144) (16 -0.0131) (36 0.0128) (22 -0.0123) (78 0.0122) (32 0.0112) (61 -0.0111) (54 0.011) (41 -0.0105) 
  6.1915e-06   (148 0.767) (44 0.439) (42 0.363) (43 0.16) (46 0.12) (45 0.104) (13 0.0893) (48 -0.0848) (33 0.0624) (77 0.0615) (47 0.047) (24 -0.0416) (38 -0.0312) (51 -0.0311) (40 -0.0293) (35 0.0246) (26 -0.0233) (14 -0.0206) (37 0.02) (53 0.0189) (56 -0.0186) (55 0.0184) (17 0.0175) (12 -0.0154) (60 -0.0154) (50 -0.0148) (52 0.0129) (71 0.0126) (73 0.0122) (25 0.012) (16 0.011) (36 -0.0107) (22 0.0103) (78 -0.0102) 
  7.4097e-06   (1 -0.987) (28 -0.129) (33 0.0524) (26 0.0401) (24 0.0396) (30 -0.0283) (29 -0.0283) (27 0.0237) (13 -0.019) (32 -0.0168) (42 0.0139) (25 -0.0134) (35 0.0116) 
  8.0911e-06   (156 -0.999) (28 -0.0374) (33 0.015) (24 0.0123) (26 0.0118) (13 -0.0106) 
  1.7819e-05   (28 0.764) (33 -0.307) (24 -0.25) (26 -0.24) (13 0.217) (29 0.169) (30 0.168) (1 -0.162) (27 -0.137) (32 0.0993) (25 0.0777) (42 -0.0762) (35 -0.0695) (77 0.0522) (156 -0.0489) (14 -0.0455) (20 -0.0454) (34 0.0435) (16 0.043) (21 0.0416) (37 -0.0409) (17 0.0402) (12 -0.0376) (22 0.0367) (48 -0.0293) (39 0.029) (36 0.0204) (38 0.02) (43 0.0184) (47 0.0168) (19 0.0162) (55 0.0161) (15 -0.0132) (60 -0.013) (50 -0.0126) (73 0.0119) (56 -0.0112) (79 0.0111) (53 0.0109) 
  3.4651e-05   (19 0.613) (20 -0.477) (46 -0.346) (43 0.273) (42 -0.268) (44 0.225) (45 0.141) (47 -0.116) (22 0.0861) (28 -0.0735) (16 -0.07) (17 -0.0649) (21 -0.0633) (77 -0.0516) (13 -0.0466) (32 0.0438) (31 0.0412) (37 0.0403) (29 0.0301) (39 0.0286) (33 -0.0275) (38 0.0274) (50 0.0256) (74 -0.0249) (53 -0.021) (78 0.0204) (72 0.0189) (52 -0.0186) (23 -0.0186) (14 0.0182) (68 0.0176) (49 0.0167) (63 -0.0161) (67 -0.0152) (79 0.0152) (55 -0.0137) (56 0.0131) (60 0.0115) (71 -0.0114) (40 0.0114) (12 0.011) (61 -0.0105) 
  0.00010667   (158 0.999) (19 -0.0205) (46 -0.0183) (43 0.0173) (20 0.0167) (42 -0.0141) (44 0.0125) 
  0.00010871   (19 0.454) (46 0.421) (43 -0.399) (20 -0.37) (42 0.325) (44 -0.288) (45 -0.196) (47 0.179) (13 0.0997) (77 0.0865) (22 0.0834) (24 -0.0784) (33 0.071) (26 -0.0453) (158 0.044) (28 -0.0404) (49 -0.0368) (36 -0.0368) (55 0.0346) (21 -0.0337) (38 -0.0315) (31 0.0312) (16 -0.0302) (40 -0.0297) (56 -0.0289) (35 0.0268) (32 -0.0264) (17 -0.0253) (50 -0.0239) (48 -0.0237) (61 0.0219) (29 0.0217) (74 0.0213) (37 0.0206) (60 -0.0196) (25 0.0184) (41 -0.0183) (14 -0.018) (68 -0.0179) (72 -0.0174) (59 0.0172) (71 0.0169) (12 -0.0153) (67 0.0149) (78 -0.0146) (34 -0.014) (53 0.0139) (76 -0.0137) (57 0.0136) (81 0.0127) (63 0.0125) (39 0.0125) (23 -0.0119) (73 0.0108) (75 0.0106) 
  0.00011604   (3 -1) 
  0.00013816   (22 -0.583) (24 -0.533) (13 -0.349) (20 -0.242) (17 -0.192) (23 0.191) (21 -0.173) (19 -0.151) (25 0.137) (33 0.113) (29 -0.0932) (14 0.0928) (12 0.0615) (26 -0.0573) (42 0.0566) (38 -0.0421) (31 -0.0388) (16 0.0344) (35 0.0293) (46 -0.027) (30 0.0247) (44 -0.0246) (37 0.0204) (77 -0.0193) (40 -0.019) (43 0.0185) (11 0.0157) (32 0.0144) (51 0.014) (57 0.0133) (36 -0.0123) (18 -0.0119) 
  0.00018591   (159 1) 
  0.00021491   (2 -1) 
  0.00024231   (21 0.832) (13 -0.29) (22 0.288) (17 -0.208) (24 -0.203) (20 -0.115) (19 -0.0915) (23 -0.0845) (14 0.0775) (33 0.074) (25 0.0587) (12 0.0505) (157 0.0454) (29 -0.0372) (26 -0.0362) (42 0.0325) (16 -0.0325) (30 0.0273) (35 0.0189) (38 -0.0181) (77 -0.0177) (46 -0.0149) (37 0.0137) (48 0.0135) (11 0.0135) (40 -0.013) (15 0.0118) 
  0.00026782   (157 0.999) (21 -0.0378) (13 0.0132) (22 -0.0131) 
  0.00028599   (8 1) 
  0.00030287   (26 -0.768) (150 -0.391) (24 0.27) (27 -0.253) (13 -0.169) (25 -0.162) (33 0.152) (31 0.101) (17 -0.0624) (22 -0.06) (35 0.0539) (28 -0.053) (30 0.0522) (20 0.047) (16 -0.0453) (47 -0.0412) (14 0.0404) (37 0.0384) (51 -0.0371) (42 0.0283) (12 0.0281) (21 -0.0271) (52 -0.0207) (53 0.0206) (77 -0.0203) (34 -0.0183) (19 0.0161) (15 0.0157) (44 -0.0116) (29 -0.0115) (75 -0.0114) (40 -0.0106) 
  0.00030876   (150 -0.92) (26 0.326) (24 -0.115) (27 0.107) (13 0.072) (25 0.0687) (33 -0.0646) (31 -0.0428) (17 0.0265) (22 0.0255) (35 -0.0229) (28 0.0225) (30 -0.0222) (20 -0.02) (16 0.0192) (47 0.0175) (14 -0.0172) (37 -0.0163) (51 0.0157) (42 -0.012) (12 -0.0119) (21 0.0115) 
  0.00032432   (6 1) 
  0.00032845   (22 0.614) (21 -0.406) (24 -0.366) (20 0.324) (13 -0.253) (153 -0.224) (25 0.165) (17 -0.164) (23 0.101) (33 0.087) (16 -0.0732) (19 0.0728) (14 0.0718) (31 0.0711) (26 -0.0539) (12 0.0426) (15 0.0298) (30 0.0278) (35 0.0242) (77 -0.024) (27 -0.0197) (42 0.0189) (28 -0.0186) (37 0.0182) (39 0.0177) (73 -0.0151) (48 0.0146) (51 -0.014) (47 -0.014) 
  0.00035237   (153 -0.974) (22 -0.141) (21 0.0935) (24 0.0844) (20 -0.0747) (13 0.0583) (25 -0.0381) (17 0.0379) (23 -0.0233) (33 -0.02) (16 0.0169) (19 -0.0168) (14 -0.0165) (31 -0.0164) (26 0.0124) 
  0.00036628   (73 -0.669) (57 -0.44) (60 -0.209) (59 0.204) (70 0.202) (65 0.191) (77 0.181) (74 -0.155) (71 -0.151) (61 0.15) (51 -0.122) (42 -0.105) (52 0.0907) (44 0.0905) (55 -0.0862) (43 -0.0796) (46 0.071) (56 0.0664) (31 0.0586) (66 -0.0474) (38 0.0408) (16 0.0401) (20 -0.038) (79 0.0346) (72 0.0345) (47 -0.034) (50 0.0331) (54 -0.0324) (19 -0.0313) (78 -0.0305) (69 -0.0259) (41 0.025) (89 -0.0244) (122 -0.0234) (58 0.0219) (84 0.0217) (37 -0.0216) (29 0.0214) (100 0.0201) (40 0.0198) (45 -0.0189) (28 -0.0188) (114 0.0181) (104 0.0172) (48 0.0171) (68 -0.0164) (76 -0.0161) (13 -0.0156) (63 0.0155) (115 0.0147) (126 0.0138) (88 0.0137) (32 -0.0136) (124 0.0135) (24 -0.0124) (99 -0.0117) (53 -0.0114) (152 -0.0105) (118 0.0104) (33 -0.0104) 
  0.00041814   (73 0.64) (57 -0.398) (65 0.254) (59 0.252) (152 -0.228) (60 -0.173) (70 0.168) (61 0.146) (42 -0.144) (44 0.122) (51 -0.117) (74 0.116) (46 0.105) (68 -0.1) (43 -0.0973) (69 0.0901) (56 0.0738) (13 -0.0733) (52 0.0728) (49 -0.0702) (48 -0.0648) (66 -0.0637) (31 0.0605) (38 0.0561) (71 0.053) (53 -0.051) (54 -0.0502) (55 -0.0458) (33 -0.0446) (77 -0.0419) (16 0.0417) (39 0.0411) (72 -0.0373) (19 -0.0373) (29 0.0338) (45 -0.0328) (47 -0.032) (41 0.0319) (20 -0.0285) (79 -0.0278) (120 0.0273) (37 -0.0273) (28 -0.0259) (58 0.024) (40 0.0218) (122 0.0215) (84 0.0209) (50 0.0207) (63 0.0192) (21 -0.0179) (115 0.0173) (89 -0.0172) (114 0.0171) (121 -0.0171) (127 0.0158) (125 -0.0152) (14 0.0151) (118 0.0148) (32 -0.0145) (91 0.0132) (12 0.0129) (126 -0.0128) (136 -0.0126) (130 0.0123) (35 -0.0122) (99 -0.0121) (62 -0.0111) (100 0.0106) (104 0.0103) (17 -0.0102) 
  0.00045898   (152 -0.974) (73 -0.142) (57 0.0982) (65 -0.0614) (59 -0.0612) (60 0.0426) (70 -0.0412) (61 -0.0357) (42 0.0353) (44 -0.0299) (51 0.0289) (46 -0.0255) (74 -0.0254) (43 0.024) (68 0.0235) (69 -0.0207) (52 -0.0182) (56 -0.0181) (13 0.0175) (49 0.0165) (66 0.0154) (31 -0.0151) (48 0.015) (38 -0.0138) (54 0.0122) (53 0.0121) (55 0.0118) (71 -0.0108) (33 0.0107) (16 -0.0104) 
  0.00047147   (25 0.916) (24 0.349) (55 0.0689) (54 0.0665) (51 -0.0571) (52 0.054) (26 -0.0527) (53 -0.0513) (13 -0.0502) (22 -0.0491) (23 0.0481) (56 -0.0379) (57 0.034) (20 -0.033) (49 -0.0259) (44 0.0256) (46 0.0254) (48 -0.0246) (29 0.024) (39 0.0206) (43 -0.0197) (16 -0.0176) (77 -0.0172) (21 0.0167) (42 -0.0147) (27 -0.0142) (31 0.0112) (17 -0.0111) (60 0.0105) (28 0.01) 
  0.00048105   (147 0.736) (55 0.295) (54 0.271) (51 -0.263) (52 0.248) (53 -0.196) (56 -0.175) (57 0.125) (42 -0.124) (25 -0.106) (44 0.104) (46 0.0835) (49 -0.0805) (43 -0.0792) (48 -0.0786) (13 -0.0545) (60 0.0442) (33 -0.0397) (73 -0.0367) (38 0.034) (31 0.0334) (77 -0.0307) (24 -0.0282) (61 -0.0275) (45 -0.0272) (59 -0.0261) (16 0.0212) (37 -0.0197) (40 0.0183) (41 0.0182) (19 -0.018) (28 -0.0173) (39 0.0164) (29 0.0135) (71 -0.0135) (26 0.0133) (35 -0.0131) (14 0.0131) (47 -0.0128) (23 -0.0117) (65 -0.0106) (69 -0.0104) 
  0.00049103   (147 0.677) (55 -0.322) (54 -0.295) (51 0.286) (52 -0.27) (53 0.213) (56 0.19) (57 -0.136) (42 0.135) (44 -0.113) (25 0.111) (46 -0.0909) (49 0.0877) (43 0.0863) (48 0.0856) (13 0.0596) (60 -0.0482) (33 0.0432) (73 0.0399) (38 -0.0371) (31 -0.0364) (77 0.0334) (61 0.0299) (45 0.0296) (24 0.0289) (59 0.0284) (16 -0.023) (37 0.0214) (41 -0.0199) (40 -0.0199) (19 0.0196) (28 0.0188) (39 -0.0179) (29 -0.0149) (71 0.0147) (35 0.0143) (14 -0.0143) (26 -0.0142) (47 0.0139) (23 0.0125) (65 0.0116) (69 0.0113) (12 -0.0107) (20 0.0103) 
  0.00051917   (54 -0.696) (39 -0.356) (53 0.321) (55 0.283) (52 0.279) (51 -0.174) (57 0.166) (42 -0.149) (40 0.12) (44 0.0807) (43 -0.0664) (49 -0.0531) (56 0.0522) (77 -0.0476) (38 -0.0462) (46 0.0449) (60 0.042) (33 0.0404) (48 -0.0402) (70 0.0268) (45 -0.0248) (35 0.0209) (61 -0.0208) (71 -0.0202) (151 -0.0169) (20 -0.0164) (37 0.0157) (73 -0.0154) (25 0.0147) (41 0.0101) 
  0.00054934   (151 -0.972) (39 0.197) (54 -0.061) (40 -0.0562) (38 0.0398) (33 -0.0385) (53 0.0258) (42 0.0236) (52 0.0235) (13 -0.0233) (37 -0.0221) (55 0.0197) (51 -0.0177) (31 0.0163) (57 0.0156) (35 -0.0151) (48 0.0145) (77 -0.0117) (24 0.0113) 
  0.00057828   (39 -0.799) (54 0.306) (151 -0.233) (40 0.226) (38 -0.163) (33 0.158) (53 -0.131) (52 -0.118) (55 -0.103) (13 0.0971) (37 0.0911) (42 -0.0878) (51 0.0868) (57 -0.0769) (31 -0.0684) (35 0.0617) (48 -0.058) (77 0.0524) (24 -0.0466) (28 0.0387) (73 0.0384) (49 -0.0357) (25 0.0331) (56 -0.0305) (60 -0.027) (26 -0.0256) (19 0.0249) (23 0.0248) (14 -0.0239) (22 0.019) (16 -0.0181) (36 -0.0178) (34 -0.0173) (12 -0.0167) (71 0.0166) (44 0.0162) (61 0.0153) (50 -0.0141) (69 0.0139) (65 0.0124) (29 -0.0118) (68 -0.0117) (17 0.0113) (47 0.0108) 
   0.0006133   (70 -0.857) (71 0.35) (57 -0.247) (51 -0.119) (49 0.0983) (69 -0.0962) (48 0.0919) (52 0.0792) (68 0.0669) (59 0.0648) (60 -0.0637) (42 -0.0436) (73 -0.0434) (61 0.0401) (43 -0.0345) (44 0.0329) (54 -0.0327) (31 0.032) (149 0.03) (84 0.0298) (20 -0.026) (74 -0.0254) (50 0.0247) (16 0.0224) (47 -0.0215) (75 -0.0213) (38 0.021) (46 0.0205) (125 -0.0194) (89 -0.0177) (56 0.0168) (39 -0.0166) (19 -0.0166) (40 0.016) (88 0.0157) (100 0.0156) (120 0.0149) (127 0.0148) (37 -0.0137) (104 0.0136) (114 0.0128) (97 -0.0128) (122 -0.0125) (41 0.0124) (79 -0.0119) (28 -0.0118) (78 0.0115) (53 -0.0106) (66 0.0101) 
   0.0006176   (149 0.852) (49 -0.338) (48 -0.268) (51 0.164) (42 -0.106) (44 0.0841) (52 -0.0807) (55 -0.0753) (46 0.0681) (53 0.0573) (70 -0.0537) (43 -0.0529) (73 -0.05) (39 0.0448) (13 -0.0411) (45 -0.036) (77 -0.0329) (50 -0.0296) (33 -0.0278) (59 -0.0278) (38 0.0253) (31 0.024) (57 0.0209) (65 -0.0207) (69 -0.0199) (68 0.0184) (28 -0.0151) (19 -0.0147) (37 -0.0143) (16 0.0137) (41 0.0128) (61 -0.0125) (29 0.0123) (56 -0.0117) (54 -0.0111) (23 -0.0108) (60 0.0103) 
  0.00062617   (49 0.546) (149 0.522) (48 0.432) (51 -0.26) (42 0.175) (44 -0.139) (70 0.137) (52 0.127) (55 0.124) (46 -0.113) (53 -0.0929) (43 0.0886) (73 0.0844) (39 -0.072) (13 0.0676) (45 0.0591) (77 0.0541) (50 0.0468) (33 0.0457) (38 -0.0426) (59 0.0416) (31 -0.0413) (69 0.0381) (68 -0.0341) (65 0.0334) (71 -0.0271) (28 0.0255) (19 0.025) (37 0.0243) (16 -0.0239) (41 -0.0218) (29 -0.0206) (54 0.0201) (57 -0.0192) (56 0.0181) (61 0.018) (23 0.0174) (14 -0.0162) (79 0.0158) (25 0.0138) (24 -0.0135) (60 -0.0131) (35 0.0122) (21 0.0122) (78 -0.012) (12 -0.0117) (120 -0.0105) (66 -0.0104) 
  0.00070146   (38 0.838) (39 -0.268) (20 -0.203) (23 -0.188) (40 -0.185) (19 -0.171) (42 0.129) (16 0.105) (37 -0.101) (21 -0.0991) (22 0.0874) (31 0.0754) (44 -0.0745) (43 0.0716) (41 -0.0652) (46 -0.0486) (13 -0.0439) (51 0.0331) (57 0.0318) (35 0.0265) (52 -0.0221) (55 0.0194) (47 0.0182) (32 -0.0162) (33 0.0159) (56 -0.0124) (45 0.0122) (24 0.0119) (77 0.0118) (15 -0.0118) (25 0.0117) (34 0.0116) (36 -0.0109) (29 0.0101) 
  0.00080653   (23 -0.549) (20 -0.429) (19 -0.365) (38 -0.334) (21 -0.271) (22 0.23) (31 -0.205) (16 0.154) (13 -0.133) (24 0.124) (28 0.108) (29 -0.105) (37 0.0644) (39 0.0592) (40 0.0514) (33 0.0486) (32 0.0437) (143 0.0421) (14 0.0282) (17 -0.0274) (26 0.0236) (12 0.0226) (42 0.0197) (25 -0.018) (18 -0.0169) (27 -0.0168) (15 -0.0146) (48 0.0131) (11 0.0108) 
  0.00083572   (143 0.999) (23 0.0241) (20 0.0191) (19 0.0163) (141 0.013) (21 0.0119) (22 -0.0101) (38 0.01) 
  0.00088575   (47 -0.411) (51 0.377) (49 0.372) (44 0.312) (46 0.305) (16 0.287) (43 -0.27) (42 -0.232) (52 -0.193) (48 0.165) (57 0.139) (55 0.114) (56 -0.0881) (41 0.086) (31 0.0818) (17 0.0782) (13 -0.0663) (53 0.0572) (38 0.0542) (77 0.0521) (45 -0.052) (50 0.0347) (24 -0.0331) (37 -0.0252) (29 0.0243) (60 0.0238) (40 0.023) (19 0.0222) (39 0.0207) (32 -0.0198) (28 -0.0187) (59 -0.0183) (25 0.017) (35 0.016) (54 0.0148) (26 -0.0145) (14 0.0135) (15 -0.0128) (84 0.0127) (61 -0.0125) (70 0.0121) (12 0.0109) (21 0.0109) (20 -0.0105) (118 0.0101) (33 0.0101) 
   0.0011241   (16 0.818) (19 0.266) (17 0.261) (13 -0.222) (20 0.173) (47 0.115) (44 -0.11) (42 0.107) (31 -0.104) (46 -0.102) (43 0.0951) (49 -0.0949) (51 -0.0888) (21 0.0604) (29 -0.0594) (14 0.0547) (52 0.0462) (28 0.0419) (38 -0.0412) (48 -0.0381) (12 0.0377) (41 -0.0346) (33 0.0324) (15 -0.0291) (57 -0.0274) (55 -0.0272) (23 0.026) (37 0.0251) (32 0.0241) (39 -0.0239) (45 0.021) (18 0.021) (56 0.0202) (11 0.0174) (24 0.0173) (77 -0.015) (40 -0.0122) (50 -0.0113) (25 0.0108) (53 -0.0102) 
   0.0012586   (146 -1) (136 -0.0101) 
   0.0014518   (55 -0.685) (56 -0.401) (31 0.288) (57 0.245) (51 -0.203) (52 0.184) (33 -0.184) (35 -0.161) (54 -0.104) (32 -0.103) (28 -0.0832) (29 0.0806) (34 -0.0794) (39 -0.0739) (16 0.0684) (37 0.0648) (19 -0.0627) (20 -0.0627) (48 0.0614) (50 0.0549) (38 -0.0535) (77 0.0484) (47 -0.0431) (49 0.0393) (43 -0.0384) (44 0.0378) (46 0.0377) (60 0.0321) (13 -0.0287) (53 -0.0269) (36 0.0259) (72 0.0213) (24 -0.0209) (73 0.0207) (59 -0.0168) (68 -0.0162) (69 0.0158) (61 -0.0154) (71 0.0152) (139 0.0147) (27 0.014) (26 -0.0133) (65 0.0128) (70 0.0125) (79 0.0114) (78 -0.0114) (15 -0.0113) (23 -0.0103) 
   0.0015034   (31 0.502) (33 -0.401) (35 -0.359) (55 0.324) (32 -0.194) (56 0.174) (37 0.171) (34 -0.171) (38 -0.171) (42 0.167) (28 -0.143) (39 -0.14) (51 0.137) (29 0.135) (139 0.121) (52 -0.112) (44 -0.0897) (43 0.0877) (57 -0.0873) (13 -0.0821) (19 -0.0796) (16 0.0694) (46 -0.0646) (36 0.0625) (20 -0.0612) (41 -0.054) (54 0.0507) (40 -0.0278) (50 -0.0252) (77 -0.0251) (47 0.0249) (23 -0.0245) (27 0.0234) (53 0.02) (73 -0.0179) (45 0.0171) (21 -0.0166) (14 0.0163) (48 -0.0142) (12 0.0138) (30 -0.0132) (26 -0.0118) (60 -0.0112) 
     0.00154   (139 0.992) (31 -0.0659) (33 0.0519) (35 0.0463) (55 -0.0294) (32 0.0253) (34 0.0222) (37 -0.0219) (38 0.0217) (136 -0.0212) (42 -0.0201) (28 0.0188) (39 0.0182) (29 -0.0178) (56 -0.0154) (51 -0.0135) (52 0.0108) (19 0.0108) (13 0.0106) (44 0.0102) 
   0.0015895   (14 -0.888) (35 0.307) (13 -0.253) (33 -0.171) (36 -0.0864) (29 0.0693) (15 -0.0465) (134 -0.0363) (12 0.0345) (34 0.0325) (38 -0.0297) (37 0.0282) (42 0.0281) (28 -0.0244) (31 0.0203) (30 -0.0187) (72 -0.0141) (32 -0.014) (39 -0.0139) (45 0.0119) (17 -0.0112) (44 -0.0104) 
   0.0018305   (134 -0.761) (35 0.475) (14 0.277) (33 -0.273) (36 -0.135) (29 0.0964) (34 0.053) (38 -0.0441) (28 -0.0417) (42 0.0415) (31 0.0398) (37 0.0383) (39 -0.0296) (30 -0.0256) (24 0.0233) (32 -0.022) (19 -0.0189) (15 0.0159) (40 -0.0151) (45 0.0144) (17 -0.013) (44 -0.0129) (53 0.0122) (26 0.0104) (18 -0.0103) (77 -0.01) 
   0.0018709   (134 -0.648) (35 -0.575) (33 0.331) (14 -0.275) (36 0.163) (29 -0.117) (34 -0.0641) (38 0.0534) (42 -0.0503) (28 0.0503) (31 -0.0478) (37 -0.0466) (39 0.0356) (30 0.0312) (24 -0.027) (32 0.0266) (19 0.0224) (40 0.0183) (45 -0.0175) (15 -0.0161) (17 0.016) (44 0.0157) (53 -0.0145) (26 -0.0124) (18 0.0123) (77 0.0121) (51 -0.012) (48 -0.0112) (46 0.0108) (21 0.0105) (16 -0.0102) 
   0.0019987   (29 0.799) (31 -0.323) (30 -0.274) (53 0.212) (28 -0.172) (52 0.142) (35 -0.121) (54 0.117) (24 -0.0778) (36 0.0717) (27 -0.0717) (33 0.0674) (26 -0.0669) (50 -0.0648) (51 0.0621) (69 -0.058) (19 -0.0529) (71 -0.0516) (68 0.048) (48 0.0442) (16 0.044) (46 -0.0431) (32 0.0407) (20 -0.0288) (40 -0.0257) (73 0.0225) (72 0.0222) (74 0.0211) (42 0.0184) (45 0.0179) (60 -0.0171) (61 0.0169) (37 -0.0156) (56 -0.015) (131 -0.0148) (44 -0.0142) (15 0.0139) (77 0.0132) (57 -0.0129) (65 -0.0119) (38 -0.0118) (81 0.0105) (78 -0.0104) (34 0.0103) 
    0.002008   (69 -0.509) (71 -0.474) (68 0.468) (131 -0.217) (74 0.19) (53 -0.186) (78 -0.15) (72 0.148) (73 0.145) (77 0.133) (54 -0.104) (52 -0.0972) (51 -0.0924) (65 -0.0909) (46 0.0902) (67 -0.0804) (70 -0.0797) (59 -0.0776) (57 -0.0736) (63 -0.0617) (56 0.0513) (132 -0.047) (83 -0.0442) (80 -0.0387) (42 -0.0383) (87 0.0353) (43 0.0351) (81 0.0339) (75 0.0335) (55 -0.0293) (130 0.0263) (31 0.0241) (115 -0.0212) (60 -0.0205) (58 -0.0188) (41 0.0183) (47 -0.0171) (62 -0.016) (50 0.0157) (29 -0.0148) (91 0.0143) (96 0.0142) (40 0.014) (76 0.0138) (118 -0.0136) (48 0.0129) (33 -0.0126) (16 0.0122) (100 0.0113) (38 0.0109) (66 -0.0103) (35 0.0102) (45 -0.0101) 
   0.0023045   (131 -0.53) (53 -0.503) (52 -0.302) (54 -0.285) (29 0.219) (69 0.199) (50 0.175) (71 0.162) (132 -0.161) (68 -0.141) (51 -0.127) (46 0.0954) (73 -0.0827) (31 -0.0814) (48 -0.0733) (72 -0.0731) (30 -0.0714) (74 -0.0692) (59 -0.0643) (43 0.0638) (130 0.0625) (60 0.0617) (61 -0.0557) (56 0.0553) (28 -0.0479) (57 0.0393) (45 -0.0386) (77 -0.0376) (78 0.0342) (36 0.0283) (65 0.028) (81 -0.0269) (24 -0.0266) (19 -0.0254) (55 0.0253) (42 -0.0248) (84 -0.0247) (66 0.0234) (27 -0.0234) (62 0.0233) (70 0.0226) (67 0.0213) (16 0.0207) (26 -0.0196) (63 0.0184) (75 -0.0162) (32 0.0158) (91 0.0138) (120 -0.0133) (114 -0.0118) (80 0.0114) (41 -0.0113) (13 -0.0111) (20 -0.011) (35 -0.0107) (100 -0.0102) 
   0.0023868   (131 -0.754) (53 0.399) (132 -0.256) (52 0.235) (54 0.226) (29 -0.164) (50 -0.125) (51 0.113) (46 -0.0913) (130 0.0746) (59 0.0663) (31 0.0559) (30 0.0544) (43 -0.0543) (56 -0.0527) (48 0.0465) (28 0.0369) (60 -0.0368) (61 0.0368) (68 -0.0331) (45 0.0295) (42 0.0279) (24 0.0213) (19 0.0204) (36 -0.0202) (71 0.0197) (16 -0.0188) (27 0.0178) (78 0.0177) (73 0.0169) (26 0.0147) (84 0.0144) (66 -0.0132) (91 -0.0129) (83 0.0118) (32 -0.0117) (62 -0.0116) (20 0.0109) (77 -0.0105) 
   0.0025136   (23 0.747) (20 -0.358) (22 0.273) (19 -0.266) (56 -0.224) (24 0.21) (25 -0.114) (16 0.0997) (31 -0.0967) (57 -0.0786) (55 0.0707) (28 0.0669) (15 -0.0604) (51 0.0525) (52 -0.0507) (29 -0.0434) (44 -0.0393) (42 0.0391) (54 -0.0386) (43 0.0359) (46 -0.033) (21 -0.0311) (77 -0.0257) (38 -0.0245) (47 0.0242) (37 0.0219) (26 0.0204) (48 -0.0202) (11 0.0199) (17 0.0198) (32 0.0164) (60 -0.0159) (30 -0.0151) (59 -0.0147) (120 -0.0139) (125 -0.0137) (53 0.0137) (71 -0.013) (35 -0.0119) (27 -0.0114) (33 -0.0112) (39 0.0108) (45 0.0108) (123 -0.0101) 
   0.0026309   (60 0.756) (59 0.375) (56 0.326) (61 -0.312) (55 -0.121) (77 0.105) (52 0.0877) (23 0.0867) (54 0.0754) (57 -0.0747) (20 -0.058) (46 0.0547) (44 0.0543) (51 -0.0517) (43 -0.0481) (133 0.0469) (47 -0.0442) (19 -0.0359) (48 0.0325) (22 0.0314) (49 -0.0313) (58 0.0308) (79 0.0281) (16 0.0241) (24 0.024) (125 -0.0236) (33 -0.0233) (63 -0.0222) (78 -0.0218) (108 -0.0177) (28 0.0155) (119 0.0153) (74 -0.0142) (62 -0.0142) (115 0.0137) (45 -0.0135) (38 0.0134) (15 -0.0132) (25 -0.0131) (72 -0.0131) (84 -0.013) (68 0.012) (71 -0.0115) (50 0.0111) (40 0.0109) (64 -0.0108) (35 -0.0106) 
   0.0026711   (133 0.747) (56 0.466) (57 0.265) (60 -0.214) (55 -0.121) (23 0.116) (59 -0.105) (61 0.0945) (51 -0.0917) (54 0.085) (50 -0.0846) (20 -0.0768) (52 0.075) (19 -0.0554) (43 -0.0508) (44 0.0498) (22 0.0444) (53 -0.0437) (16 0.0372) (41 0.0368) (77 0.036) (46 0.035) (42 -0.0343) (47 -0.0328) (48 0.0304) (71 0.0285) (24 0.0244) (49 -0.0228) (68 -0.0208) (25 -0.0166) (69 0.0166) (31 0.0166) (70 -0.0163) (84 0.0148) (58 -0.0131) (38 0.0112) (120 0.0103) (130 0.0103) (15 -0.0102) (123 0.0101) (125 0.01) 
   0.0028663   (133 0.662) (56 -0.548) (57 -0.293) (60 0.187) (55 0.146) (23 -0.137) (51 0.107) (54 -0.101) (50 0.0939) (59 0.0916) (52 -0.091) (20 0.0907) (61 -0.0841) (19 0.065) (43 0.0608) (44 -0.0601) (22 -0.0522) (53 0.0484) (77 -0.0474) (16 -0.0436) (46 -0.0436) (41 -0.0414) (125 -0.0411) (47 0.0402) (42 0.0388) (48 -0.0366) (71 -0.0315) (24 -0.0292) (49 0.0279) (68 0.0226) (123 -0.0199) (25 0.0196) (31 -0.0187) (69 -0.0181) (70 0.0179) (120 -0.0177) (84 -0.0163) (38 -0.0137) (127 0.0127) (58 0.0125) (15 0.0125) (124 -0.0116) (74 0.0112) 
   0.0035048   (40 0.874) (65 0.284) (39 0.189) (38 0.187) (84 -0.136) (42 0.133) (59 -0.0841) (41 -0.0808) (31 0.0678) (57 0.0611) (43 0.0534) (61 -0.0439) (44 -0.0426) (29 0.04) (66 -0.0389) (51 0.0353) (86 0.0353) (50 0.0333) (46 -0.0324) (60 0.0298) (68 0.0274) (32 -0.0253) (16 0.0253) (69 -0.025) (20 -0.0246) (28 -0.0238) (15 0.0235) (19 -0.0233) (35 0.0229) (70 -0.0208) (129 0.0204) (53 0.02) (24 -0.0188) (96 0.0188) (54 0.0186) (30 -0.0168) (77 -0.0165) (48 0.0161) (73 -0.0149) (87 -0.0144) (52 -0.0139) (91 0.0122) (90 0.0121) (34 -0.0117) (26 -0.0116) (47 0.0108) (25 0.0106) (85 0.0105) (55 0.0105) (36 -0.01) 
   0.0038741   (84 -0.865) (129 0.298) (65 -0.29) (86 0.151) (59 0.0744) (77 -0.07) (57 -0.0675) (87 -0.0629) (85 0.0614) (61 0.0524) (60 -0.0518) (90 0.051) (83 0.0483) (91 0.0444) (66 0.0411) (120 0.0385) (117 -0.0317) (40 -0.0299) (96 0.0296) (43 -0.0284) (52 0.0282) (51 -0.0279) (92 -0.0278) (42 -0.0276) (44 0.0267) (55 -0.0262) (103 -0.0211) (116 0.0205) (46 0.0197) (89 -0.0192) (124 0.0187) (100 0.0187) (111 -0.0183) (113 -0.0176) (56 0.0175) (97 -0.0168) (88 0.0168) (41 0.0163) (68 -0.0162) (104 0.0157) (94 -0.0157) (47 -0.0156) (126 0.0153) (107 -0.0153) (72 -0.0152) (119 -0.0151) (118 0.0143) (115 -0.0139) (108 -0.0135) (93 -0.0134) (39 -0.013) (127 0.0127) (70 0.0122) (114 0.0118) (105 -0.0116) (31 0.0108) 
   0.0039783   (129 0.656) (65 -0.532) (84 0.396) (40 0.224) (59 0.121) (50 0.0926) (66 0.076) (86 -0.075) (61 0.0722) (57 -0.069) (69 0.0615) (68 -0.0595) (38 0.0544) (60 -0.0541) (77 0.0537) (70 0.0503) (39 0.0495) (90 -0.0356) (87 0.0327) (85 -0.0321) (41 -0.0304) (73 0.027) (96 -0.0267) (91 -0.0238) (45 -0.0226) (31 0.0211) (71 0.0179) (52 0.0177) (115 0.0172) (48 -0.0166) (51 -0.0164) (62 -0.016) (29 0.0149) (78 -0.0149) (76 -0.0144) (127 0.0141) (103 0.014) (72 0.0131) (83 -0.013) (94 0.0128) (92 0.0126) (108 0.0123) (19 -0.0122) (42 0.0122) (20 -0.0115) (63 -0.0113) (13 -0.0109) (74 -0.0108) (43 0.0107) (82 -0.0105) (110 -0.0104) (16 0.0102) 
   0.0041027   (129 0.692) (65 0.621) (40 -0.226) (59 -0.145) (57 0.0933) (61 -0.09) (66 -0.0886) (50 -0.0835) (60 0.0731) (68 0.0623) (69 -0.0612) (38 -0.0595) (70 -0.0521) (39 -0.0469) (52 -0.0289) (31 -0.027) (51 0.0269) (73 -0.0248) (41 0.0237) (45 0.0218) (55 0.0203) (62 0.019) (77 -0.019) (29 -0.0169) (20 0.016) (56 -0.016) (115 -0.0158) (46 -0.0158) (16 -0.0147) (96 0.0147) (19 0.0141) (63 0.0132) (90 0.0125) (13 0.0125) (71 -0.0124) (93 0.0119) (76 0.0118) (44 -0.0117) (82 0.0111) (48 0.0107) (79 -0.0105) (78 0.0105) 
    0.004123   (105 0.562) (96 -0.337) (103 0.305) (123 -0.249) (124 0.223) (108 -0.22) (109 0.204) (101 0.197) (99 -0.19) (106 -0.166) (104 -0.14) (112 -0.14) (107 -0.131) (119 0.128) (102 -0.124) (98 -0.102) (115 -0.0952) (121 -0.0858) (117 -0.0852) (111 0.0784) (118 0.0775) (50 0.0672) (125 0.066) (113 0.0635) (100 -0.0547) (94 0.054) (97 -0.0516) (89 0.048) (110 -0.0431) (120 -0.0381) (114 0.0352) (122 0.0346) (93 -0.0333) (91 0.0329) (92 0.0308) (82 -0.0303) (72 -0.0288) (90 -0.0288) (84 -0.0274) (116 0.0231) (85 -0.0187) (53 0.0164) (80 -0.0161) (126 -0.0159) (65 0.0142) (145 0.0127) (52 0.0119) (54 0.0118) (79 0.0115) (69 -0.0109) (83 0.0105) 
   0.0041773   (145 -0.999) (123 -0.0248) (124 0.0246) (136 -0.0153) 
   0.0043195   (50 0.9) (53 0.175) (54 0.135) (52 0.129) (72 -0.119) (45 -0.111) (48 -0.108) (56 0.104) (65 0.0758) (40 -0.0756) (59 -0.0716) (15 -0.0655) (123 0.0614) (43 0.0583) (124 -0.0582) (41 -0.0575) (51 0.0569) (82 -0.0533) (57 0.0519) (69 -0.0487) (84 -0.0483) (71 -0.0448) (105 -0.0424) (96 -0.042) (60 -0.0411) (119 -0.0405) (110 -0.0347) (68 0.0329) (115 0.0329) (80 -0.0307) (125 -0.0303) (107 0.0275) (108 0.0264) (103 -0.0249) (117 0.0242) (109 -0.024) (86 -0.0237) (121 0.0236) (23 0.0219) (49 0.0213) (46 0.0212) (101 -0.0212) (38 -0.021) (39 -0.0198) (90 -0.0195) (70 -0.0192) (92 -0.0187) (79 0.0183) (73 0.0169) (116 -0.0167) (122 -0.0158) (31 -0.0156) (83 0.0154) (30 0.0153) (66 -0.0152) (47 0.015) (99 0.0148) (85 -0.0138) (118 -0.0131) (11 0.0121) (74 0.0118) (81 -0.0113) (29 -0.011) (111 0.0105) (112 -0.0105) 
   0.0044256   (72 -0.618) (45 -0.5) (80 -0.355) (81 -0.226) (50 -0.177) (93 -0.15) (83 0.126) (43 0.119) (79 0.115) (86 -0.111) (71 -0.107) (44 0.0894) (98 -0.0814) (78 0.0779) (46 -0.0746) (76 0.063) (107 0.0624) (87 0.0589) (112 0.0564) (69 -0.0556) (41 -0.0501) (48 0.0472) (90 0.0434) (82 -0.0415) (75 -0.0412) (47 -0.0363) (97 0.0362) (96 0.036) (105 -0.0342) (89 0.0309) (100 0.0287) (55 -0.0265) (85 -0.0264) (123 -0.025) (111 0.0227) (119 0.0223) (70 -0.0222) (155 0.0208) (59 -0.02) (68 0.0199) (74 0.0196) (104 0.0191) (115 -0.0187) (101 -0.0178) (110 -0.0174) (57 -0.0161) (103 0.0155) (88 0.0144) (124 0.0141) (51 -0.0136) (116 0.0133) (113 -0.0132) (65 -0.0122) (60 -0.0115) (125 0.0112) (117 -0.011) (35 0.0101) 
   0.0045745   (155 0.999) (45 0.0336) 
   0.0046797   (45 -0.766) (72 0.487) (43 0.203) (80 0.157) (79 -0.141) (44 0.106) (46 -0.103) (81 0.0927) (41 -0.0863) (86 0.0814) (71 0.0758) (90 0.0653) (107 -0.0627) (83 -0.0531) (69 0.0445) (112 -0.0443) (98 0.0428) (85 0.0391) (40 -0.0382) (47 -0.0379) (87 -0.0368) (50 -0.0365) (42 0.0335) (155 0.0296) (59 0.0284) (117 0.0246) (96 -0.0245) (100 -0.0243) (35 0.024) (105 0.024) (48 0.0233) (65 0.0224) (115 0.0217) (89 -0.0214) (57 0.0213) (49 0.0211) (38 -0.0209) (15 -0.0204) (70 0.0192) (116 -0.0192) (75 0.0175) (123 0.0175) (120 -0.0174) (93 -0.0171) (13 0.0171) (76 -0.0169) (104 -0.0154) (77 0.0153) (102 0.015) (124 -0.0146) (113 0.0143) (119 -0.0139) (33 0.0131) (111 -0.0129) (14 -0.0115) (68 -0.0112) (52 0.0112) (101 0.0109) (78 -0.0101) 
   0.0047777   (18 -0.973) (137 0.219) (15 0.036) (17 -0.0303) (16 0.0274) (19 0.0237) (7 0.0215) (13 0.0173) (23 0.0152) (24 0.015) (20 0.0142) (35 -0.0131) (31 -0.0107) (29 -0.0101) 
   0.0050406   (137 0.976) (18 0.219) 
   0.0052798   (7 -1) (18 -0.0209) 
   0.0053333   (5 -1) 
   0.0054089   (33 0.436) (28 0.383) (31 0.346) (135 0.342) (29 0.336) (26 0.289) (24 0.253) (13 -0.239) (30 0.174) (35 0.117) (25 -0.109) (32 -0.0912) (27 0.0834) (22 -0.0792) (17 -0.0765) (37 0.0609) (14 0.0564) (36 -0.0471) (42 0.0466) (12 0.0453) (16 -0.0451) (19 0.0385) (77 -0.0359) (38 -0.0355) (34 -0.0304) (21 -0.029) (40 -0.0269) (20 0.0251) (39 0.0185) (48 0.0158) (15 0.0136) (44 -0.0104) 
   0.0055599   (135 0.94) (33 -0.159) (28 -0.14) (31 -0.126) (29 -0.123) (26 -0.105) (24 -0.0922) (13 0.0871) (30 -0.0634) (35 -0.0427) (25 0.0398) (32 0.0332) (27 -0.0304) (22 0.0289) (17 0.0279) (37 -0.0222) (14 -0.0206) (36 0.0172) (42 -0.0169) (12 -0.0165) (16 0.0165) (19 -0.014) (38 0.0129) (77 0.0128) (34 0.0111) (21 0.0106) 
   0.0058247   (10 0.712) (17 0.611) (16 -0.233) (13 -0.207) (24 -0.0862) (20 -0.0596) (14 0.0522) (12 0.0391) (15 0.0325) (18 -0.032) (22 0.0297) (26 -0.0241) (33 0.022) (19 -0.0215) (25 0.0214) (21 0.0208) (77 -0.0118) (42 0.0115) (32 -0.0107) 
   0.0060245   (144 0.999) (10 -0.0272) (17 0.0209) 
   0.0066024   (10 0.701) (17 -0.629) (16 0.236) (13 0.182) (24 0.0915) (20 0.0657) (14 -0.0442) (144 0.0359) (12 -0.0347) (18 0.0321) (22 -0.0311) (15 -0.0261) (26 0.024) (25 -0.0236) (33 -0.0233) (19 0.0224) (21 -0.0222) (77 0.0158) (42 -0.0143) (32 0.0137) (11 -0.0113) (28 -0.0103) 
   0.0067991   (11 -0.833) (12 0.42) (41 0.341) (46 -0.0533) (45 -0.0448) (42 0.0428) (15 -0.0353) (50 0.03) (13 0.0294) (33 -0.0206) (40 0.0205) (38 0.0192) (47 0.0163) (30 -0.0162) (35 -0.0135) (48 -0.012) (60 0.0117) (39 -0.011) (28 0.0108) (16 0.0107) (20 -0.0101) 
   0.0071826   (142 -0.999) (41 0.0417) (11 0.0168) 
   0.0073493   (41 -0.886) (11 -0.317) (12 0.151) (46 0.148) (42 -0.132) (45 0.103) (33 0.0714) (13 0.0705) (40 -0.0608) (50 -0.0579) (38 -0.0516) (35 0.0478) (142 -0.0477) (43 0.0422) (47 -0.0401) (39 0.0358) (28 -0.0297) (19 -0.0292) (24 -0.0284) (30 0.0277) (31 0.0274) (15 -0.0272) (48 0.0262) (60 -0.0259) (74 0.0225) (52 0.0219) (17 0.0206) (16 0.0188) (26 -0.018) (61 -0.0179) (66 -0.0164) (23 0.0162) (22 0.0156) (44 0.015) (36 0.0149) (81 -0.0146) (25 0.0135) (56 0.0135) (80 0.0131) (67 0.0123) (62 0.0119) (79 0.0113) (87 0.0108) (75 0.0106) 
    0.007853   (12 -0.824) (11 -0.42) (30 -0.302) (13 -0.175) (28 0.0919) (31 0.0756) (29 -0.0592) (33 0.0223) (36 0.0202) (37 -0.0194) (15 -0.0194) (32 0.0188) (27 -0.0176) (67 0.0171) (41 -0.016) (34 0.0155) (14 0.0154) (35 0.0134) (138 0.0124) (19 0.0102) 
   0.0087875   (138 0.987) (30 -0.135) (12 0.059) (28 0.0399) (31 0.0311) (11 0.0304) (29 -0.0261) 

 Largest eigenvalues
      36.449   (162 0.261) (164 0.953) 
      27.497   (13 0.384) (31 0.318) (33 0.347) (77 0.331) 
      18.271   (13 -0.302) (77 0.779) 
      15.346   (115 0.576) (116 -0.313) (117 0.375) (120 -0.511) 
      4.4146   (96 -0.293) (119 -0.353) (123 0.502) (124 -0.47) 
      1.3979   (162 0.965) (164 -0.259) 
      1.2233   (163 -0.997) 
      1.1451   (165 -0.996) 
      1.1443   (88 0.329) (89 -0.653) (91 -0.583) 
      1.1381   (100 0.394) (101 0.701) (106 0.478) 
       1.133   (100 0.297) (101 0.313) (106 -0.763) 
     0.93436   (114 0.707) (115 -0.31) 
      0.8988   (104 0.747) (105 0.436) (106 0.303) 
     0.87971   (99 -0.661) (100 -0.395) (103 -0.319) 
     0.86956   (110 -0.448) (111 -0.525) 
     0.76368   (109 0.505) (111 0.309) (115 0.397) (136 -0.289) 
      0.6732   (109 -0.705) (110 0.295) 
       0.669   (96 -0.78) (99 0.303) 
      0.6624   (113 0.473) (126 0.524) (136 -0.391) 
     0.60147   (110 -0.348) (112 -0.475) (113 -0.576) 
     0.58133   (108 0.596) (112 0.308) (113 -0.462) 
     0.57813   (108 -0.676) (112 0.383) 
     0.57052   (113 0.292) (122 -0.46) (124 0.398) (130 0.362) (132 -0.309) 
     0.56809   (122 0.328) (125 -0.665) (130 0.302) 
     0.56184   (115 0.327) (119 0.292) (120 0.466) (121 -0.353) (123 0.321) (125 0.333) 
     0.54728   (117 -0.37) (118 0.66) (120 -0.346) 
     0.50026   (116 0.328) (117 0.299) (119 -0.469) (123 -0.424) (127 -0.344) 
     0.47612   (116 -0.588) (117 -0.302) (122 -0.295) (126 0.322) (136 0.319) 
     0.44917   (116 0.551) (119 0.3) (126 0.377) (136 0.366) 
     0.41515   (91 0.338) (92 -0.905) 
       0.398   (119 -0.364) (124 0.373) (127 0.444) (136 0.401) 
     0.32023   (94 -0.92) (103 0.217) 
     0.30506   (94 0.326) (103 0.69) (104 0.363) (105 -0.359) 
      0.2706   (102 -0.854) 
     0.25945   (86 0.215) (98 -0.49) (112 -0.202) (115 0.215) (117 -0.229) (121 0.212) (124 -0.244) (127 0.244) 
     0.25333   (79 -0.355) (86 -0.61) (98 0.294) 
     0.23893   (79 0.539) (98 0.572) 
     0.23029   (79 -0.524) (86 0.565) 
     0.19544   (98 -0.391) (107 0.405) (112 0.421) 
      0.1594   (90 -0.81) (93 0.364) 
     0.14699   (90 0.346) (93 0.305) (97 -0.56) (107 -0.444) 
     0.13724   (85 0.297) (93 -0.622) (107 -0.382) 
     0.12915   (85 -0.871) (97 0.238) 
     0.12258   (88 -0.565) (89 -0.42) (93 0.335) (97 0.317) 
     0.11116   (72 -0.387) (80 0.482) (81 0.424) 
     0.10805   (76 0.286) (78 0.331) (80 -0.323) (83 -0.281) (88 0.272) (97 0.279) 
     0.10716   (66 -0.359) (69 -0.31) (76 -0.291) 
     0.10186   (58 0.609) (61 -0.343) 
    0.096058   (58 -0.579) (66 0.358) 
    0.094651   (58 0.359) (66 -0.31) (97 -0.293) (107 0.288) 
    0.090182   (58 -0.29) (61 -0.559) (69 -0.289) 
    0.087499   (61 0.392) (64 -0.37) (66 0.454) 
    0.079006   (63 0.266) (64 0.723) (69 0.237) (83 -0.225) 
    0.074565   (62 0.681) (63 -0.286) (69 0.304) 
    0.073481   (62 -0.597) (64 -0.348) (66 -0.309) 
    0.071993   (62 0.231) (66 0.243) (69 -0.287) (76 0.215) (80 0.206) (117 -0.234) (118 -0.336) (120 -0.2) 
    0.066738   (68 0.292) (74 -0.364) (78 0.359) 
      0.0615   (63 0.59) (68 -0.257) (71 -0.232) (74 0.22) (81 0.27) (87 0.28) 
    0.058822   (63 -0.565) (74 0.358) 
    0.055671   (63 0.29) (67 -0.27) (68 0.428) (71 0.389) (78 -0.299) 
    0.053497   (67 0.417) (74 -0.416) (81 -0.352) 
    0.050906   (67 -0.548) (78 0.314) 
    0.048201   (67 0.553) (68 0.366) (74 0.31) 
    0.046629   (74 -0.274) (75 -0.29) (81 0.366) (83 0.321) (87 -0.272) (121 0.262) 
    0.043861   (34 0.234) (35 -0.256) (36 -0.841) (43 0.252) (46 0.219) 
    0.042395   (36 0.365) (43 0.58) (46 0.518) 
    0.041844   (75 0.415) (76 0.256) (87 0.251) (100 -0.244) (121 0.361) 
    0.040162   (51 0.399) (52 0.396) (75 -0.362) 
    0.032656   (47 -0.346) (51 -0.407) (75 -0.419) 
    0.031922   (27 -0.76) (32 0.325) (37 0.327) 
    0.029446   (27 0.52) (32 0.608) 
    0.027647   (32 -0.51) (34 0.323) (48 0.31) (91 -0.294) 
    0.027171   (34 -0.717) (37 -0.445) 
    0.022163   (48 -0.478) (49 0.296) 
    0.021318   (130 -0.637) (132 -0.548) 
    0.021097   (128 -0.578) (160 -0.809) 
    0.020061   (128 -0.577) (160 0.312) (161 0.755) 
    0.019218   (128 -0.577) (160 0.498) (161 -0.647) 
    0.015845   (15 -0.985) 
    0.015656   (140 0.998) 
