 1 75379.7
 2 630.207
 3 1.62861
 4 439180
 5 756.198
 6 13.4593
 7 1.13074e+06
 8 65.3781
 9 1585.29
 10 2678.11
 11 41.6654
 12 737.988
 13 1.49864e+06
 14 11276.7
 15 0.814011
 16 857227
 17 5468.53
 18 0.896128
 19 236310
 20 3233.55
 21 10.6354
 22 414597
 23 4376.04
 24 2.9298
 25 237.032
 26 318.265
 27 6.48713
 28 3498.78
 29 492.068
 30 81.7322
 31 463.527
 32 257.871
 33 420.288
 34 219.602
 35 340.422
 36 132.343
 37 1515.18
 38 3243.01
 39 3.17968
 40 941.762
 41 5254.54
 42 1.75813
 43 647.505
 44 1546.52
 45 10.0556
 46 3780.73
 47 3246.17
 48 186.56
 49 1959.03
 50 200.837
 51 474.697
 52 166.669
 53 3471.79
 54 336.744
 55 172.224
 56 334.443
 57 732.12
 58 94.2547
 59 210.268
 60 109.231
 61 22.3908
 62 1.74015
 63 478.849
 64 205.318
 65 2.05185
 66 599.344
 67 3544.98
 68 348.591
 69 109495
 70 536611
 71 3278.36
 72 3.91209
 73 19513.1
 74 501.228
 75 4309.97
 76 5270.28
 77 17.1271
 78 1552.59
 79 7618.35
 80 243.25
 81 2167.9
 82 2705.54
 83 825.819
 84 2.04069
 85 155.099
 86 2.42519
 87 3284.06
 88 1.85113
 89 1.73813
 90 2.07963
 91 8.18186
 92 520.843
 93 1012.23
 94 471.745
 95 1005.88
 96 1288.59
 97 322.02
 98 232.452
 99 134.825
 100 771.431
 101 1509.57
 102 97.4738
 103 181.159
 104 153.732
 105 131.967
 106 176.884
 107 174.002
 108 175.371
 109 126.907
 110 93.0542
 111 188.723
 112 206.383
 113 189.276
 114 174.698
 115 169.309
 116 126.692
 117 183.011
 118 190.761
 119 156.175
 120 112.155
 121 116.183
 122 49.7742
 123 43.3317
 124 37.7976
 125 32.0796
 126 44.3492
 127 25.7071
 128 83.9431
 129 55.7892
 130 49.3495
 131 21.365
 132 19.8104
 133 19.899
 134 29.4978
 135 9.04848
 136 40.8541
 137 10.9771
 138 9.49302
 139 8.8549
 140 11.7561
 141 11.4844
 142 8.98791
 143 8.92526
 144 17.7773
 145 15.9561
 146 11.6603
 147 10.4462
 148 16.978
 149 16.2393
 150 11.5352
 151 13.5634
 152 19.6687
 153 25.4576
 154 14.2875
 155 19.3343
 156 20.9733
 157 34.3145
 158 0.469403
 159 0.0873096
 160 2.80316
 161 19.7911
 162 60.9629
 163 63.2553
 164 132.869
 165 2.30656
