 1 1000
 2 607.925
 3 1.60012
 4 1000
 5 738.068
 6 13.1568
 7 1000
 8 39.9273
 9 958.273
 10 921.498
 11 27.1463
 12 479.324
 13 1000
 14 999.822
 15 0.813917
 16 1000
 17 999.689
 18 0.832769
 19 1000
 20 996.183
 21 3.88794
 22 1000
 23 999.107
 24 1.31859
 25 222.066
 26 285.113
 27 5.86565
 28 995.996
 29 452.354
 30 75.4746
 31 459.479
 32 253.428
 33 412.659
 34 209.184
 35 328.462
 36 127.34
 37 994.258
 38 999.414
 39 2.12072
 40 603.471
 41 976.428
 42 1.67744
 43 475.747
 44 882.98
 45 6.39039
 46 998.573
 47 943.032
 48 59.2144
 49 933.169
 50 198.685
 51 371.824
 52 130.697
 53 961.712
 54 295.045
 55 136.849
 56 261.705
 57 727.29
 58 92.7082
 59 207.227
 60 107.56
 61 22.3674
 62 1.74002
 63 468.271
 64 204.728
 65 2.03701
 66 588.058
 67 909.157
 68 93.1323
 69 999.991
 70 1000
 71 998.624
 72 2.37001
 73 999.846
 74 102.918
 75 899.034
 76 964.482
 77 8.9927
 78 818.65
 79 998.647
 80 93.0759
 81 904.96
 82 988.614
 83 674.115
 84 1.93863
 85 132.431
 86 2.31588
 87 989.024
 88 1.85097
 89 1.73811
 90 2.07942
 91 7.78893
 92 470.411
 93 797.728
 94 426.699
 95 779.405
 96 879.605
 97 309.978
 98 230.675
 99 134.182
 100 670.262
 101 934.585
 102 93.52
 103 179.055
 104 152.106
 105 131.253
 106 175.872
 107 172.97
 108 174.557
 109 126.064
 110 91.8052
 111 188.049
 112 205.636
 113 188.723
 114 174.436
 115 168.924
 116 126.223
 117 182.716
 118 190.507
 119 156.048
 120 111.509
 121 115.624
 122 49.3424
 123 43.1194
 124 37.587
 125 31.6653
 126 43.953
 127 24.9221
 128 83.2682
 129 55.3166
 130 48.5933
 131 21.2421
 132 19.6959
 133 19.7878
 134 29.0367
 135 8.94909
 136 40.6196
 137 10.847
 138 9.39783
 139 8.72924
 140 11.6079
 141 11.137
 142 8.83591
 143 8.78209
 144 17.6055
 145 15.7967
 146 11.5164
 147 10.27
 148 16.7841
 149 16.03
 150 11.4038
 151 13.3767
 152 19.4455
 153 24.8954
 154 14.022
 155 19.1512
 156 20.8714
 157 34.1375
 158 0.38823
 159 0.0854467
 160 2.74233
 161 18.5986
 162 52.8468
 163 60.4297
 164 130.621
 165 2.28698
