 1 31.6228
 2 24.5473
 3 0.956307
 4 31.6228
 5 26.9077
 6 1.42045
 7 31.6228
 8 2.22882
 9 30.374
 10 30.1094
 11 2.14115
 12 21.0303
 13 31.6228
 14 31.6193
 15 0.902169
 16 31.6228
 17 31.6162
 18 0.905212
 19 31.6228
 20 31.514
 21 1.0338
 22 31.6228
 23 31.5992
 24 0.932434
 25 14.502
 26 16.2213
 27 1.25462
 28 31.5475
 29 19.7285
 30 4.19689
 31 21.2927
 32 10.4834
 33 16.3936
 34 14.1721
 35 15.6126
 36 6.71994
 37 31.5228
 38 31.6069
 39 1.31381
 40 24.362
 41 31.1943
 42 1.28543
 43 21.252
 44 29.2794
 45 1.49807
 46 31.5867
 47 29.9108
 48 3.24462
 49 30.3269
 50 13.5667
 51 17.1201
 52 6.98419
 53 30.8501
 54 17.0011
 55 7.85095
 56 13.5025
 57 26.3208
 58 9.06392
 59 11.9259
 60 6.8654
 61 4.48764
 62 1.31456
 63 21.3693
 64 13.3319
 65 0.99165
 66 23.6793
 67 28.886
 68 4.29131
 69 31.6225
 70 31.6228
 71 31.5877
 72 1.32281
 73 31.6193
 74 4.59713
 75 28.5848
 76 30.9836
 77 1.60802
 78 28.3552
 79 31.5919
 80 4.30727
 81 28.8068
 82 31.4111
 83 25.3862
 84 1.30634
 85 11.2488
 86 1.38178
 87 31.3669
 88 1.19751
 89 1.1271
 90 1.34063
 91 2.35772
 92 20.0801
 93 26.6476
 94 17.318
 95 26.3659
 96 28.7676
 97 16.1735
 98 13.8029
 99 9.39004
 100 25.0591
 101 30.2247
 102 8.50604
 103 12.7754
 104 11.5985
 105 10.6727
 106 12.7991
 107 12.6325
 108 12.6775
 109 10.4383
 110 8.25284
 111 13.0691
 112 13.9898
 113 13.311
 114 12.6741
 115 12.2758
 116 10.1099
 117 12.7417
 118 13.1677
 119 11.8097
 120 9.86969
 121 10.324
 122 6.79847
 123 6.4585
 124 5.83555
 125 5.41735
 126 6.43661
 127 4.47102
 128 8.6954
 129 6.84327
 130 6.53225
 131 4.33395
 132 4.35364
 133 4.35758
 134 5.30151
 135 2.77271
 136 6.30758
 137 3.1398
 138 2.93669
 139 2.82303
 140 3.29038
 141 3.08861
 142 2.73857
 143 2.7569
 144 4.07514
 145 3.8845
 146 3.27853
 147 3.07162
 148 3.95673
 149 3.88871
 150 3.24683
 151 3.50955
 152 4.31555
 153 4.87617
 154 3.61673
 155 4.26691
 156 4.45538
 157 5.76009
 158 0.30939
 159 0.232276
 160 1.37211
 161 3.55176
 162 6.3825
 163 6.96137
 164 10.8945
 165 0.689185
