 Smallest eigenvalues
  6.6727e-07   (9 -1) 
  8.8438e-07   (45 -0.624) (46 0.618) (47 0.251) (43 -0.208) (38 0.197) (40 0.113) (42 -0.11) (41 -0.104) (37 0.0847) (50 0.0695) (49 -0.0678) (44 -0.0659) (30 0.0604) (58 0.0512) (36 -0.0488) (51 0.0474) (57 -0.0383) (158 -0.0348) (14 0.0335) (18 -0.0325) (52 0.0315) (54 -0.0309) (75 -0.0286) (77 -0.0274) (31 -0.0225) (26 0.0224) (39 -0.0223) (56 0.0223) (35 0.0221) (74 0.0218) (20 -0.0216) (94 -0.0201) (11 0.0198) (73 -0.0187) (19 0.0172) (27 -0.0171) (29 0.0145) (23 -0.0144) (32 0.0143) (33 -0.0142) (53 -0.0124) (99 0.0108) 
  1.1666e-06   (158 -0.999) (45 0.0218) (46 -0.0215) 
  1.8635e-06   (5 -1) 
   2.277e-06   (41 -0.764) (38 0.324) (42 0.295) (40 0.249) (43 0.243) (45 0.214) (154 -0.127) (44 0.106) (37 0.0736) (47 0.0697) (30 0.0581) (36 -0.0492) (39 -0.0478) (18 -0.0308) (49 -0.03) (14 0.0291) (75 -0.0291) (58 0.0278) (51 0.0266) (26 0.0254) (31 -0.0231) (35 0.0224) (52 0.0211) (57 -0.0203) (34 0.0202) (20 -0.0187) (11 0.017) (94 -0.0158) (54 -0.0138) (19 0.0137) (73 -0.0125) (27 -0.0118) (23 -0.0118) (99 0.0106) (46 0.0103) 
   2.412e-06   (154 -0.992) (41 0.0982) (38 -0.0416) (42 -0.0379) (40 -0.032) (43 -0.0312) (45 -0.0274) (44 -0.0136) 
  4.2317e-06   (2 1) 
  9.1114e-06   (152 0.98) (34 0.115) (33 -0.111) (32 0.101) (30 0.0471) (31 -0.0145) (38 -0.012) (37 -0.0118) 
  1.3266e-05   (34 -0.569) (33 0.551) (32 -0.503) (30 -0.234) (152 0.197) (31 0.0718) (38 0.0597) (37 0.0585) (36 -0.0462) (26 -0.0444) (18 0.0362) (53 -0.0357) (35 0.0254) (14 -0.0246) (29 0.0245) (20 0.0227) (28 -0.0219) (41 -0.02) (45 -0.0196) (19 -0.0189) (40 0.0176) (75 0.0165) (56 0.0141) (58 -0.013) (27 0.0124) (22 0.0123) (47 -0.012) (52 -0.0119) (94 0.0117) (11 -0.0116) (48 -0.0116) (23 0.0109) (44 -0.0103) 
   4.559e-05   (25 0.882) (51 -0.335) (26 -0.213) (20 -0.103) (24 -0.0943) (50 -0.0788) (49 0.0664) (19 0.0648) (27 -0.0642) (32 0.0562) (53 -0.0533) (23 -0.0431) (47 -0.04) (45 -0.0384) (18 0.0362) (29 0.0358) (56 -0.0343) (31 -0.0304) (58 0.0283) (39 -0.0282) (40 0.028) (13 -0.0273) (34 -0.0253) (71 0.0242) (77 -0.0233) (37 -0.0219) (21 0.0208) (72 0.0198) (75 -0.0183) (33 0.0175) (43 0.0171) (79 -0.017) (57 -0.0149) (38 0.0145) (68 0.0145) (54 -0.0131) (63 -0.0118) (69 0.0111) (66 -0.0111) 
  8.7445e-05   (151 -0.974) (51 -0.193) (25 -0.0795) (50 -0.04) (49 0.0366) (53 -0.0336) (56 -0.0251) (38 0.023) (26 0.0228) (47 -0.0177) (58 0.0161) (57 -0.013) (45 -0.0108) 
  0.00012149   (51 0.834) (25 0.335) (151 -0.227) (50 0.172) (49 -0.158) (53 0.145) (56 0.108) (38 -0.0988) (26 -0.0965) (47 0.0764) (58 -0.0694) (57 0.0562) (45 0.0466) (71 -0.0369) (40 -0.0333) (75 0.032) (24 -0.0314) (43 0.0308) (77 0.0307) (18 0.0304) (72 -0.029) (30 -0.0272) (52 0.0271) (54 0.0268) (20 -0.0262) (69 -0.0247) (94 0.0247) (44 0.0236) (79 0.0221) (32 0.0205) (36 0.0201) (68 -0.0198) (81 0.0191) (34 -0.0179) (27 -0.0174) (63 0.0165) (73 0.0165) (19 0.0158) (14 -0.0138) (33 0.013) (59 0.0128) (13 -0.0126) (21 0.0125) (46 -0.0121) (23 -0.0118) (99 -0.0115) (29 0.0114) (65 -0.01) 
  0.00016394   (1 -1) 
   0.0001721   (11 0.987) (14 -0.126) (18 0.0413) (15 -0.0357) (17 -0.0347) (13 -0.0285) (20 0.0265) (23 0.0241) (38 -0.0229) (30 -0.0222) (19 -0.0215) (37 -0.0131) (21 0.0123) (26 -0.0123) (27 0.0123) (40 -0.0112) (36 0.011) 
   0.0001866   (161 1) 
  0.00021577   (3 1) 
  0.00022955   (15 0.835) (14 0.508) (17 -0.111) (18 0.09) (11 0.0827) (13 0.0799) (20 0.0542) (23 0.0494) (19 -0.0434) (16 0.0328) (30 -0.031) (38 -0.0234) (27 0.0231) (21 0.0175) (26 -0.0168) (37 -0.0133) (45 0.0112) (36 0.0109) (31 0.0104) 
  0.00026635   (160 1) 
  0.00027335   (7 -1) 
  0.00028089   (24 0.769) (23 -0.578) (20 -0.131) (22 -0.0996) (26 -0.0967) (21 -0.091) (18 -0.0883) (19 0.0841) (157 0.0548) (34 0.0427) (14 0.0425) (30 -0.0405) (37 -0.0378) (27 0.0343) (33 0.0267) (11 0.0258) (15 0.0207) (53 -0.0199) (25 0.0196) (32 -0.0158) (41 0.0154) (56 0.0149) (28 -0.0143) (17 0.0125) 
  0.00028554   (157 0.998) (24 -0.0422) (23 0.0318) 
  0.00030264   (6 1) 
  0.00030759   (17 0.977) (16 -0.136) (14 0.0952) (20 0.0626) (15 0.0572) (21 0.0491) (18 0.0479) (19 -0.0446) (11 0.0438) (27 0.0251) (159 0.0218) (30 -0.0138) (37 -0.0132) (25 0.0123) (13 0.0122) (41 0.011) 
  0.00030988   (159 1) (17 -0.0213) 
  0.00032842   (73 -0.773) (57 0.366) (58 -0.355) (75 0.226) (74 -0.128) (56 -0.108) (54 0.103) (38 0.0919) (40 0.0575) (52 -0.0543) (70 0.0519) (37 0.0516) (45 -0.0508) (49 0.0495) (36 -0.0439) (46 -0.042) (47 -0.041) (18 -0.0382) (96 0.0376) (30 0.0375) (76 -0.0366) (39 -0.0362) (89 -0.0332) (53 -0.0328) (43 -0.0322) (67 -0.0316) (48 0.0297) (26 0.0277) (41 0.0272) (14 0.0266) (31 -0.0234) (77 0.0231) (78 -0.0225) (88 -0.0211) (35 0.0191) (112 -0.018) (122 0.0177) (99 0.0172) (68 0.0166) (102 -0.0161) (124 -0.0159) (92 -0.0153) (71 -0.0147) (11 0.0144) (59 0.0141) (66 0.0141) (120 -0.0137) (50 0.0135) (87 -0.0129) (80 0.012) (115 0.0113) (19 0.0112) (127 -0.0108) (69 -0.0107) (42 0.0106) (13 0.0104) (20 -0.0103) (113 0.01) 
   0.0003583   (73 0.508) (58 -0.497) (57 0.489) (70 -0.209) (38 0.154) (67 -0.149) (75 -0.141) (153 0.126) (49 0.123) (56 -0.121) (45 -0.104) (47 -0.104) (54 0.103) (40 0.0818) (74 0.0796) (37 0.0725) (46 -0.0724) (30 0.0635) (66 0.0618) (71 0.0568) (69 -0.0568) (36 -0.0561) (52 -0.0494) (68 0.0464) (18 -0.0462) (42 -0.0435) (55 0.0426) (14 0.042) (26 0.0382) (31 -0.0322) (39 -0.0298) (122 -0.0282) (48 0.0282) (35 0.0245) (83 -0.0244) (11 0.0242) (20 -0.0233) (89 -0.0207) (41 0.0205) (53 -0.0204) (59 0.0202) (19 0.0197) (112 -0.0192) (78 0.0186) (76 0.0181) (127 -0.0171) (115 0.0164) (80 -0.0141) (17 0.014) (113 0.0134) (21 -0.0134) (72 -0.0132) (43 -0.0127) (64 0.0125) (27 -0.0125) (50 0.0124) (130 -0.0122) (133 -0.0116) (126 -0.0116) (121 -0.0114) (99 0.0111) (29 0.0107) (77 -0.0103) 
   0.0003904   (153 0.992) (58 0.0662) (57 -0.0655) (73 -0.0585) (70 0.026) (38 -0.0208) (67 0.0191) (56 0.0164) (49 -0.0162) (75 0.0162) (54 -0.0142) (45 0.0139) (47 0.0138) (40 -0.0111) 
   0.0004198   (21 0.919) (20 -0.251) (18 -0.249) (19 0.114) (47 -0.0612) (25 -0.0538) (49 -0.0483) (26 -0.0423) (22 0.0394) (24 0.0384) (14 0.0221) (45 -0.0209) (23 0.0193) (48 -0.0181) (16 0.0171) (46 -0.0165) (42 -0.0136) (17 -0.0129) (57 -0.0107) 
  0.00046452   (47 -0.634) (49 -0.506) (150 -0.376) (45 -0.217) (38 0.178) (48 -0.171) (46 -0.157) (40 0.111) (21 -0.0888) (37 0.0789) (57 -0.0701) (54 -0.07) (58 0.07) (30 0.0639) (55 -0.0636) (42 -0.0564) (36 -0.0491) (53 0.0422) (56 0.0392) (26 0.0378) (14 0.0354) (52 0.0332) (31 -0.0321) (39 -0.0289) (50 -0.0234) (35 0.0222) (73 -0.022) (11 0.0197) (41 0.0176) (75 -0.0155) (43 -0.0152) (18 -0.015) (51 0.013) (27 -0.0119) (112 -0.0105) 
  0.00054154   (150 -0.927) (47 0.257) (49 0.205) (45 0.0879) (38 -0.0725) (48 0.0693) (46 0.0638) (40 -0.0451) (21 0.0342) (37 -0.032) (57 0.0284) (54 0.0284) (58 -0.0283) (30 -0.026) (55 0.0258) (42 0.0229) (36 0.02) (53 -0.0171) (56 -0.0159) (26 -0.0153) (14 -0.0144) (52 -0.0135) (31 0.013) (39 0.0117) 
  0.00054892   (52 -0.78) (42 0.322) (53 0.269) (49 0.241) (43 -0.191) (50 0.182) (54 -0.155) (47 -0.132) (45 -0.116) (57 -0.0892) (58 0.0771) (56 0.0753) (46 -0.0621) (38 0.0461) (37 0.0302) (36 -0.029) (41 0.0264) (70 -0.0257) (51 0.0225) (18 -0.0196) (30 0.019) (147 0.0172) (40 -0.0171) (26 0.0158) (44 0.0141) (14 0.013) (35 0.0122) (48 0.0118) (67 -0.0117) (25 0.0104) 
  0.00059811   (147 0.789) (42 -0.472) (43 0.249) (52 -0.213) (40 0.113) (45 0.0991) (38 0.09) (53 0.0632) (47 0.052) (37 0.0365) (39 -0.0326) (30 0.0291) (58 0.029) (50 0.0289) (57 -0.0276) (54 -0.0248) (56 0.021) (26 0.0192) (46 0.0183) (73 -0.0182) (48 0.0171) (31 -0.0161) (14 0.0144) (18 -0.0131) (41 0.012) (36 -0.0117) (20 -0.011) (44 -0.0108) (70 0.01) 
  0.00061117   (147 0.614) (42 0.597) (43 -0.314) (52 0.296) (40 -0.145) (45 -0.124) (38 -0.117) (53 -0.0886) (47 -0.0631) (37 -0.0478) (50 -0.0423) (39 0.0418) (58 -0.0393) (30 -0.038) (57 0.0378) (54 0.036) (56 -0.029) (26 -0.0251) (73 0.0236) (48 -0.0223) (46 -0.0217) (31 0.0208) (14 -0.0189) (18 0.0175) (41 -0.0162) (36 0.0159) (20 0.0144) (49 -0.0143) (44 0.0135) (70 -0.0123) (94 0.0122) (21 0.0116) (19 -0.0107) 
  0.00062288   (70 0.798) (71 -0.361) (72 0.248) (69 0.21) (73 0.171) (49 0.162) (68 -0.121) (38 0.0873) (67 0.0721) (47 -0.072) (58 -0.0662) (57 0.0567) (45 -0.0471) (46 -0.0458) (37 0.0454) (40 0.0449) (50 0.0401) (66 -0.0395) (83 -0.0392) (52 0.0386) (54 0.0369) (36 -0.0364) (30 0.0343) (56 -0.0323) (51 0.0319) (55 -0.0316) (18 -0.0295) (89 -0.0274) (148 -0.0258) (26 0.0242) (14 0.0232) (41 0.0231) (75 0.0229) (48 0.02) (43 -0.0195) (39 -0.0178) (120 -0.0171) (31 -0.0163) (127 -0.0158) (35 0.0158) (112 -0.0156) (102 -0.015) (99 0.0136) (124 -0.0133) (19 0.0131) (95 0.0129) (20 -0.0126) (53 -0.0123) (115 0.0114) (91 -0.0112) (11 0.0112) (76 -0.0104) (104 -0.0104) (94 0.0101) 
  0.00078164   (49 0.594) (148 -0.523) (52 0.323) (47 -0.263) (57 -0.17) (50 0.155) (51 0.133) (70 -0.131) (45 -0.123) (38 0.12) (46 -0.108) (58 0.102) (42 -0.0973) (55 -0.09) (40 0.0847) (73 -0.0743) (56 0.0732) (71 0.0716) (72 -0.0519) (37 0.0507) (54 -0.0448) (30 0.0396) (69 -0.0379) (36 -0.0329) (39 -0.0304) (53 0.0282) (14 0.0263) (26 0.0256) (68 0.0252) (18 -0.0239) (31 -0.0211) (122 -0.0195) (20 -0.0182) (48 0.0175) (43 0.0171) (94 -0.0146) (35 0.0146) (19 0.0137) (21 -0.0133) (11 0.0118) (83 0.0115) 
  0.00079979   (148 -0.852) (49 -0.37) (52 -0.2) (47 0.164) (57 0.103) (50 -0.0962) (51 -0.0827) (45 0.0773) (38 -0.0771) (46 0.0679) (58 -0.0605) (42 0.0598) (55 0.0563) (70 0.056) (40 -0.0536) (56 -0.0438) (73 0.0405) (71 -0.033) (37 -0.0327) (54 0.0263) (30 -0.0255) (72 0.0244) (36 0.0215) (39 0.0193) (14 -0.017) (53 -0.0169) (69 0.0168) (26 -0.0166) (18 0.0157) (31 0.0135) (68 -0.0118) (122 0.0118) (20 0.0117) (48 -0.0114) 
  0.00095566   (36 -0.86) (35 0.222) (18 -0.212) (37 -0.209) (38 -0.197) (20 -0.151) (23 0.135) (21 -0.113) (19 0.1) (14 0.0645) (40 -0.061) (30 0.0426) (26 -0.042) (22 0.0336) (39 0.033) (41 -0.0311) (45 0.0291) (11 0.0248) (17 0.0242) (31 -0.0235) (43 0.0234) (46 0.0224) (24 0.0222) (57 -0.0192) (54 -0.0172) (13 0.0162) (58 0.0131) (49 -0.0125) (47 0.0121) (42 -0.0117) (52 0.0116) 
   0.0010748   (18 -0.497) (23 0.416) (20 -0.413) (36 0.325) (21 -0.317) (26 -0.258) (19 0.257) (14 0.113) (30 -0.111) (22 0.108) (35 -0.0916) (24 0.0845) (25 -0.0665) (17 0.065) (31 0.0577) (27 0.0485) (11 0.0368) (37 0.0319) (13 0.0248) (144 0.0203) (29 -0.0185) (42 0.0113) 
   0.0011912   (144 0.999) (145 0.027) (18 0.011) 
    0.001224   (46 -0.656) (47 0.522) (45 -0.286) (38 0.223) (14 0.222) (15 -0.128) (49 -0.12) (41 0.109) (37 0.102) (40 0.0971) (54 -0.0876) (55 -0.0741) (58 0.0727) (52 0.0691) (36 -0.0672) (57 -0.0585) (43 -0.0579) (30 0.0543) (53 0.0533) (56 0.0404) (11 0.0373) (13 0.0363) (35 0.0294) (51 -0.0282) (70 -0.0277) (39 0.0272) (75 0.0256) (26 0.0245) (83 -0.0229) (44 -0.0222) (31 -0.0188) (42 0.0184) (80 -0.0145) (94 0.0136) (50 -0.0134) (25 0.0122) (20 -0.012) (89 -0.0114) (69 -0.011) (17 -0.0104) 
   0.0013597   (14 0.759) (15 -0.529) (18 0.171) (46 0.164) (13 0.146) (47 -0.117) (38 -0.0896) (45 0.08) (17 -0.0697) (26 -0.0689) (20 0.0625) (19 -0.0622) (11 0.061) (30 -0.0595) (21 0.049) (37 -0.0476) (40 -0.045) (36 0.036) (41 -0.0316) (31 0.0296) (49 0.024) (23 0.0219) (27 0.0201) (43 0.0175) (35 -0.0166) (55 0.0164) (54 0.016) (24 0.0156) (52 -0.0145) (58 -0.0129) (16 -0.0109) (53 -0.0108) (29 -0.0105) 
   0.0014157   (146 -1) (145 -0.0132) 
   0.0014459   (54 0.841) (30 0.329) (31 -0.208) (56 0.187) (57 -0.153) (52 -0.121) (55 -0.111) (53 -0.0998) (58 0.0957) (33 0.0768) (32 -0.0763) (26 0.0617) (18 -0.0595) (48 0.0449) (14 0.0443) (34 -0.0386) (42 0.0338) (36 0.0334) (68 0.0292) (70 -0.0285) (46 -0.0281) (20 -0.0261) (43 -0.0238) (19 0.0236) (73 0.0217) (69 -0.0214) (75 0.0211) (11 0.0192) (67 -0.0187) (35 -0.0186) (27 -0.0177) (37 -0.0169) (41 0.0168) (21 -0.0159) (38 -0.0134) (45 -0.0128) (49 -0.0122) (140 0.0115) (25 0.0114) (13 0.0112) (29 0.0105) (89 -0.0102) (23 -0.01) 
    0.001565   (30 0.679) (31 -0.432) (54 -0.387) (38 -0.18) (33 0.174) (32 -0.17) (36 0.148) (37 -0.125) (26 0.0948) (40 -0.0885) (34 -0.0855) (18 -0.0752) (35 -0.0736) (56 -0.0728) (140 0.0681) (52 0.0654) (14 0.0577) (53 0.0515) (57 0.049) (20 -0.0452) (55 0.0398) (45 0.0395) (19 0.036) (58 -0.0314) (46 0.0314) (27 -0.0312) (47 0.0288) (21 -0.0282) (41 -0.0281) (11 0.0245) (48 -0.0235) (39 0.0223) (23 -0.0186) (43 0.0162) (29 0.015) (13 0.0123) (68 -0.0116) (73 -0.0106) 
   0.0016325   (140 0.998) (30 -0.0503) (31 0.032) (54 0.0166) (33 -0.0128) (32 0.0125) (38 0.0122) (36 -0.0104) 
   0.0017858   (16 0.755) (27 -0.602) (26 0.148) (17 0.122) (29 -0.083) (30 -0.0714) (18 -0.068) (28 -0.0522) (14 0.0469) (23 -0.0456) (19 0.0302) (38 -0.0298) (31 0.0287) (21 -0.0261) (138 -0.0247) (36 0.0203) (37 -0.0181) (44 -0.017) (15 -0.0159) (40 -0.0131) (13 -0.0128) (11 0.0125) (24 -0.0113) (45 0.0113) 
   0.0019624   (27 -0.688) (16 -0.623) (138 -0.238) (26 0.183) (29 -0.119) (30 -0.0736) (17 -0.0651) (18 -0.0634) (20 -0.0615) (19 0.0593) (28 -0.0586) (31 0.0387) (14 0.0377) (23 -0.0356) (38 -0.0344) (13 0.0241) (11 0.023) (36 0.0216) (15 0.0212) (37 -0.0207) (22 -0.0205) (21 -0.0187) (40 -0.0182) (24 -0.0136) (39 0.0118) (50 0.0111) (25 -0.0105) (45 0.0102) (35 -0.01) 
   0.0020745   (138 -0.971) (27 0.184) (16 0.133) (26 -0.0484) (29 0.0311) (30 0.0198) (18 0.0173) (28 0.0157) (19 -0.0153) (20 0.0152) (17 0.0128) (14 -0.0104) (31 -0.0102) 
   0.0022522   (29 0.926) (50 0.275) (48 -0.13) (27 -0.125) (51 -0.0705) (45 0.0604) (72 -0.0603) (31 0.054) (71 0.049) (32 0.0414) (49 -0.0377) (25 -0.0366) (28 -0.0365) (39 0.0345) (53 -0.0332) (70 0.032) (47 0.03) (41 0.0251) (22 -0.0245) (52 0.023) (43 0.0198) (58 -0.0196) (69 0.0193) (56 0.0176) (26 0.0164) (18 -0.0162) (132 -0.016) (42 0.0158) (14 0.0156) (66 -0.0147) (83 -0.0146) (74 0.0129) (16 -0.0126) (38 -0.0121) (60 0.012) (81 0.0116) (35 -0.0112) (40 -0.0112) (19 0.0109) (77 0.0104) (44 -0.01) 
   0.0022922   (72 -0.6) (71 0.486) (70 0.317) (50 -0.272) (132 -0.205) (77 0.203) (69 0.193) (66 -0.138) (68 -0.115) (48 0.0955) (83 -0.0849) (76 -0.0727) (51 0.0718) (43 -0.0695) (55 0.0642) (58 -0.0584) (57 -0.0573) (96 -0.052) (81 0.0489) (67 -0.048) (38 0.0447) (52 -0.0419) (79 0.041) (133 -0.0355) (49 0.034) (63 -0.0328) (88 0.0325) (73 0.0321) (94 0.0304) (41 -0.0303) (82 -0.0286) (62 0.0284) (75 -0.0275) (130 -0.0266) (39 0.0264) (42 -0.0256) (65 -0.0253) (84 0.0242) (89 -0.0232) (92 0.0219) (46 -0.0218) (56 -0.021) (85 0.02) (45 -0.0197) (44 -0.0196) (47 -0.019) (80 0.0184) (30 0.0181) (128 -0.0161) (101 0.0145) (117 0.014) (59 -0.0133) (95 -0.0132) (91 -0.0124) (60 0.0124) (78 0.0118) (61 -0.0117) (20 -0.0116) (29 0.0113) (54 0.0112) (98 0.0111) (37 0.011) (115 -0.0104) 
   0.0023495   (50 -0.627) (132 -0.441) (48 0.321) (29 0.287) (72 0.236) (71 -0.2) (51 0.164) (70 -0.135) (43 -0.094) (133 -0.0901) (53 0.0767) (49 0.0748) (58 0.0726) (47 -0.0701) (45 -0.0655) (41 -0.0635) (69 -0.0619) (56 -0.0575) (42 -0.0566) (52 -0.0558) (77 -0.0553) (83 0.0503) (27 -0.0501) (66 0.0408) (39 -0.0391) (40 0.0374) (130 -0.0371) (44 0.0306) (46 -0.0289) (76 0.0283) (68 0.0267) (57 -0.0266) (81 -0.0248) (74 -0.0215) (73 -0.0208) (96 0.0206) (25 -0.0205) (60 -0.02) (88 -0.0197) (38 -0.0176) (18 -0.0176) (63 0.0175) (79 -0.017) (94 -0.0164) (37 -0.0155) (54 -0.0153) (65 0.0147) (28 -0.0147) (55 0.0133) (62 -0.0127) (115 -0.0126) (110 -0.0116) (91 0.0114) (102 0.0112) (13 0.0104) (128 -0.0103) 
   0.0024187   (132 -0.847) (50 0.387) (48 -0.187) (133 -0.178) (29 -0.17) (51 -0.102) (43 0.0656) (130 -0.0497) (49 -0.0465) (53 -0.0411) (47 0.0405) (41 0.04) (52 0.0388) (45 0.0378) (42 0.0354) (56 0.0346) (27 0.0309) (57 0.0276) (72 0.0235) (58 -0.0229) (55 -0.0226) (46 0.0202) (77 -0.0199) (40 -0.018) (71 -0.0149) (69 -0.0148) (68 0.014) (39 0.0131) (66 0.0125) (67 0.0125) (74 0.0124) (128 -0.0118) (25 0.0109) (44 -0.0108) 
   0.0025466   (18 -0.636) (20 0.62) (19 -0.232) (22 -0.209) (55 -0.207) (13 0.141) (26 -0.125) (25 0.0923) (58 -0.0746) (31 0.0591) (57 -0.0589) (39 0.0496) (40 -0.0378) (21 0.0325) (12 0.0284) (54 -0.0266) (17 -0.0264) (16 -0.0233) (53 0.0222) (83 0.0218) (36 0.0212) (23 -0.0204) (14 0.0183) (46 0.0182) (43 0.0178) (56 -0.017) (96 0.0156) (122 0.0154) (72 -0.0146) (67 -0.0138) (15 -0.013) (47 0.0119) (126 -0.0119) (29 -0.0117) (71 0.0116) (28 0.0111) (45 0.0105) (30 0.0104) (94 -0.0101) 
   0.0027372   (58 0.717) (57 0.644) (55 0.107) (18 -0.0855) (20 0.0713) (96 0.0624) (39 -0.0614) (72 -0.0599) (83 0.0552) (71 0.0544) (67 -0.0498) (56 -0.0495) (54 0.0493) (50 0.0444) (69 0.0426) (68 -0.0376) (49 0.0362) (40 0.0331) (126 -0.0294) (78 -0.0293) (13 0.029) (59 -0.028) (51 0.0271) (134 -0.0264) (19 -0.0261) (47 -0.0253) (88 -0.025) (22 -0.0239) (46 -0.0238) (63 -0.0226) (53 -0.0207) (70 0.0206) (98 -0.0197) (43 -0.0192) (80 0.0182) (73 0.0181) (77 0.0173) (87 -0.017) (106 0.0167) (92 -0.0163) (95 0.0155) (97 -0.0142) (41 0.0137) (122 -0.0124) (91 0.0119) (31 -0.0119) (44 0.0116) (127 -0.0114) 
   0.0027998   (134 -0.811) (55 0.536) (57 -0.086) (18 -0.0823) (56 0.0733) (39 0.0693) (20 0.0663) (38 0.062) (48 -0.0585) (53 -0.0482) (83 -0.0364) (72 0.0343) (54 0.031) (71 -0.0292) (58 -0.0282) (67 0.0277) (41 0.0276) (46 -0.0272) (37 0.0248) (30 0.0244) (22 -0.024) (49 0.0232) (19 -0.0209) (69 -0.0198) (44 -0.0195) (25 0.0193) (96 -0.0184) (47 -0.0175) (68 0.0169) (45 -0.0157) (52 0.0156) (75 0.015) (94 0.0139) (43 0.0137) (133 -0.0131) (73 -0.013) (51 0.0126) (40 -0.0123) (14 0.0122) (80 -0.0117) (122 -0.0111) (50 -0.0111) (98 0.0109) (70 -0.0108) (36 -0.0107) 
   0.0030839   (55 -0.748) (134 -0.583) (18 0.118) (56 -0.0992) (20 -0.0951) (39 -0.0923) (57 0.088) (38 -0.0853) (48 0.0804) (53 0.0679) (83 0.051) (126 -0.0468) (72 -0.0456) (54 -0.0455) (41 -0.0389) (46 0.0389) (71 0.0386) (67 -0.0365) (37 -0.0346) (22 0.0344) (49 -0.034) (30 -0.0337) (96 0.0322) (19 0.0301) (25 -0.0271) (44 0.0263) (69 0.0258) (47 0.0255) (52 -0.0221) (68 -0.022) (45 0.022) (75 -0.0213) (94 -0.0212) (122 0.021) (51 -0.0189) (98 -0.0182) (43 -0.0178) (73 0.0176) (14 -0.0171) (80 0.0161) (36 0.0152) (40 0.015) (88 -0.0142) (70 0.0141) (124 -0.0137) (50 0.0131) (92 -0.0129) (13 -0.0124) (31 -0.0118) (26 0.0109) (127 -0.0107) (95 0.0102) (91 0.0101) 
   0.0033817   (40 -0.628) (39 -0.543) (67 -0.361) (38 0.334) (83 0.124) (45 0.0831) (66 0.083) (57 -0.0764) (37 0.0757) (44 0.0611) (68 0.0561) (36 -0.0506) (70 0.0461) (85 -0.0421) (88 0.0361) (54 -0.031) (96 -0.031) (47 0.0306) (49 -0.0297) (55 0.0284) (46 0.0282) (52 0.0269) (30 0.0261) (58 0.0259) (94 0.0253) (131 -0.0245) (41 0.0233) (48 0.0226) (35 0.0206) (42 -0.0203) (56 0.0185) (22 -0.0148) (92 0.0142) (84 0.0129) (29 0.0128) (18 -0.0128) (73 -0.0123) (19 0.0117) (14 0.0114) (87 0.0109) (71 -0.0106) (26 0.0102) (20 -0.0101) 
   0.0036523   (83 0.816) (67 0.355) (131 -0.266) (85 -0.164) (88 0.142) (96 -0.135) (94 0.11) (66 -0.0847) (68 -0.0834) (92 0.0667) (89 -0.0637) (80 0.0621) (58 -0.0581) (84 0.0517) (91 -0.0509) (87 0.046) (72 -0.0439) (82 0.042) (38 0.0391) (112 -0.0358) (69 0.0357) (110 0.0334) (100 -0.0325) (97 0.0315) (106 0.0284) (71 0.0277) (75 -0.0255) (55 0.0252) (57 0.0246) (73 0.0238) (90 -0.0237) (98 0.0226) (54 0.0225) (70 -0.0213) (102 -0.0202) (103 0.0197) (105 0.0192) (124 -0.0191) (130 -0.019) (99 0.019) (113 0.017) (115 0.0168) (95 -0.0168) (37 0.0166) (45 -0.0165) (30 0.0153) (107 0.0153) (36 -0.0137) (46 -0.0133) (79 -0.0125) (52 -0.0122) (77 0.01) 
   0.0037714   (67 0.623) (131 -0.5) (83 -0.394) (39 -0.242) (40 -0.197) (66 -0.143) (38 0.112) (88 -0.105) (70 -0.102) (85 0.0977) (96 0.0917) (48 0.0879) (68 -0.0683) (57 0.0615) (94 -0.0606) (44 0.054) (92 -0.0392) (106 -0.0313) (87 -0.031) (84 -0.0267) (73 0.0266) (37 0.0263) (130 -0.0255) (50 0.0231) (36 -0.0229) (71 0.0225) (18 -0.0211) (89 0.0187) (43 -0.0186) (42 -0.017) (58 -0.0168) (95 0.0167) (100 0.0163) (55 -0.0162) (91 0.0153) (74 0.0152) (49 -0.0143) (65 0.0141) (47 -0.013) (105 -0.0128) (31 -0.0127) (110 -0.0127) (97 -0.0125) (127 -0.0124) (56 -0.0124) (13 0.0119) (51 -0.0113) (101 -0.011) (102 0.0108) (82 -0.0102) 
   0.0039892   (131 -0.822) (67 -0.482) (39 0.16) (40 0.141) (66 0.112) (38 -0.0919) (68 0.0675) (70 0.067) (48 -0.0553) (57 -0.0431) (130 -0.042) (44 -0.0343) (83 -0.031) (58 0.029) (37 -0.024) (73 -0.0235) (71 -0.0225) (36 0.0202) (88 0.0182) (50 -0.0173) (72 0.0169) (96 -0.0157) (80 -0.0152) (18 0.0146) (54 -0.0127) (43 0.012) (106 0.0112) (30 -0.0111) 
   0.0040843   (98 0.543) (106 0.275) (108 0.268) (107 -0.257) (100 -0.256) (113 0.225) (125 0.215) (102 -0.208) (112 0.207) (103 -0.198) (124 -0.194) (110 -0.172) (99 -0.168) (94 -0.124) (101 -0.114) (149 -0.0979) (116 0.0933) (105 0.0877) (115 0.0798) (123 0.0744) (121 0.0654) (96 0.0615) (92 0.0591) (88 -0.0583) (114 0.0555) (75 0.0535) (48 0.0483) (97 0.0452) (126 0.0415) (142 0.0377) (89 0.0336) (91 0.0321) (109 0.0315) (122 -0.0285) (104 0.0281) (50 0.0274) (80 0.0273) (68 -0.0269) (117 0.0242) (74 -0.023) (78 0.0222) (119 0.0208) (141 -0.0202) (83 0.0195) (86 0.0195) (67 -0.0181) (81 -0.0177) (69 0.0177) (118 -0.0176) (87 0.017) (73 0.0164) (82 0.0151) (90 0.0148) (120 -0.0142) (49 -0.0125) (127 0.0108) (133 -0.0106) (44 0.0101) 
   0.0040882   (142 0.843) (149 0.442) (141 -0.305) (125 0.0205) (124 -0.0182) 
   0.0041793   (48 0.793) (50 0.384) (44 0.194) (49 -0.18) (55 0.124) (40 0.116) (51 -0.115) (67 -0.103) (75 0.0993) (68 -0.0989) (38 -0.0952) (43 -0.0791) (57 -0.0729) (47 -0.072) (69 0.0632) (125 -0.0631) (52 0.0618) (39 -0.0586) (53 -0.0551) (46 -0.0526) (54 -0.05) (74 -0.0473) (124 0.0433) (106 -0.0421) (108 -0.0405) (83 0.0398) (73 0.0391) (80 0.0385) (22 0.0351) (66 0.0345) (72 -0.0341) (42 -0.0321) (45 -0.0318) (65 -0.0283) (121 -0.0277) (37 -0.0268) (41 -0.0267) (78 0.0252) (88 -0.0249) (19 -0.0232) (13 0.0227) (58 -0.0217) (20 0.0213) (126 -0.0211) (56 0.021) (123 -0.0206) (18 -0.0206) (102 0.0198) (100 0.0192) (122 0.0191) (112 -0.0184) (110 0.0183) (113 -0.0171) (149 0.0167) (70 -0.0166) (81 -0.0166) (103 0.0162) (30 -0.0157) (94 -0.015) (89 0.0146) (101 0.0145) (85 0.0145) (82 0.0116) (105 -0.0112) (31 -0.0106) (61 -0.0106) (64 0.0101) (120 -0.0101) 
   0.0042358   (68 -0.48) (81 -0.346) (69 0.284) (44 0.279) (79 0.255) (74 -0.228) (80 0.228) (82 0.207) (48 -0.198) (91 -0.179) (70 -0.173) (76 0.163) (77 -0.15) (92 0.131) (71 -0.125) (72 -0.0886) (65 -0.0876) (98 -0.0732) (67 -0.0729) (85 0.0718) (43 -0.0717) (39 -0.0688) (100 -0.0684) (66 0.0671) (111 -0.0668) (107 0.0619) (86 0.0602) (110 0.0599) (83 -0.0573) (105 -0.0557) (40 0.0503) (50 -0.0461) (112 0.0416) (49 0.0328) (89 0.0327) (42 -0.0317) (57 -0.0313) (47 0.0304) (54 0.0289) (87 0.0283) (38 -0.0282) (64 0.0269) (125 0.0269) (156 -0.0266) (58 -0.0246) (61 -0.024) (99 -0.0239) (96 0.0232) (121 0.0228) (101 0.0222) (113 -0.0221) (104 0.0221) (115 0.0214) (95 0.0176) (41 0.0162) (116 -0.0153) (55 0.0148) (78 -0.0144) (90 -0.0133) (73 0.0132) (123 0.0126) (97 0.0107) (53 -0.0104) (149 -0.01) 
   0.0044937   (156 -0.999) (44 -0.035) (48 0.0134) (149 -0.0107) 
    0.004682   (44 0.799) (48 -0.228) (43 -0.213) (68 0.208) (39 -0.204) (40 0.179) (38 -0.161) (81 0.115) (42 -0.114) (69 -0.11) (80 -0.104) (70 0.0893) (74 0.0798) (71 0.0683) (79 -0.0621) (82 -0.0619) (76 -0.0575) (77 0.0542) (85 -0.0518) (47 0.0518) (83 0.0467) (55 0.045) (107 -0.0426) (78 0.0401) (65 0.04) (111 0.0396) (110 -0.0395) (37 -0.0374) (96 0.037) (50 -0.0347) (156 -0.0342) (100 0.0333) (30 -0.0328) (66 -0.0301) (105 0.0292) (104 -0.0289) (94 -0.0284) (20 0.0278) (13 0.0273) (57 -0.0257) (92 -0.0254) (58 -0.0226) (125 -0.0219) (18 -0.021) (91 0.0198) (112 -0.0191) (46 -0.0187) (98 0.0172) (49 0.0168) (19 -0.0167) (36 0.0156) (95 0.0156) (45 -0.0152) (56 0.0149) (101 -0.0148) (121 -0.0145) (31 -0.0143) (51 -0.0142) (72 0.013) (22 0.0129) (25 -0.0128) (64 -0.0126) (103 -0.0124) (16 0.0117) (67 0.0117) (115 -0.0116) (116 0.0104) (87 -0.0103) (61 0.0103) 
   0.0047364   (19 0.835) (20 0.437) (137 -0.302) (18 0.093) (22 0.0821) (8 0.0476) (21 0.0344) (26 -0.0283) (25 -0.0218) (13 -0.02) (27 0.016) 
   0.0049744   (137 -0.953) (19 -0.264) (20 -0.138) (18 -0.0294) (22 -0.026) (8 -0.0122) (21 -0.0109) 
   0.0052063   (8 -0.999) (19 0.0438) (20 0.0211) 
   0.0054034   (4 1) 
   0.0056127   (23 -0.645) (24 -0.618) (20 -0.207) (18 -0.189) (26 -0.164) (25 -0.152) (19 0.146) (22 -0.112) (21 -0.102) (14 0.0867) (27 0.0834) (28 -0.0671) (30 -0.0612) (11 0.0415) (38 -0.0352) (143 -0.026) (15 0.0206) (31 0.0191) (45 0.0191) (36 0.0185) (37 -0.0179) (33 0.0147) (13 0.0127) (34 -0.0123) (40 -0.0116) (75 -0.0113) (17 0.0112) 
   0.0058362   (143 -1) (23 0.0168) (24 0.0161) 
    0.006082   (10 -0.936) (28 0.347) (26 0.0319) (30 -0.0227) (23 -0.0178) (27 -0.0147) (20 -0.0126) (29 0.0122) (38 -0.0104) (24 -0.01) 
   0.0064036   (136 -0.948) (28 0.292) (10 0.115) (26 0.0267) (23 -0.0171) (30 -0.0165) (18 -0.0131) (27 -0.0127) (20 -0.0112) (24 -0.0101) 
   0.0066259   (28 -0.877) (10 -0.332) (136 -0.317) (26 -0.0802) (23 0.0512) (30 0.0497) (18 0.0393) (27 0.0382) (20 0.0336) (24 0.0303) (29 -0.0269) (14 -0.0238) (33 -0.02) (38 0.0193) (19 -0.0182) (11 -0.0136) (32 0.0129) (37 0.0121) (21 0.0113) 
   0.0068703   (13 -0.896) (39 0.264) (44 0.174) (14 0.171) (40 -0.147) (38 0.115) (18 -0.0857) (12 -0.0633) (20 0.0625) (48 0.0528) (55 -0.0506) (19 -0.0471) (57 0.034) (58 0.0308) (46 0.0284) (42 -0.0266) (96 -0.0255) (16 -0.0251) (83 -0.025) (37 0.0232) (30 0.0174) (88 0.0172) (72 0.0162) (22 0.0158) (47 -0.0148) (80 -0.0142) (15 -0.013) (73 -0.0117) (45 0.0116) (94 0.0114) (56 -0.0114) (26 -0.0113) (70 -0.0108) (31 0.0108) (65 0.0105) 
   0.0072218   (139 0.996) (39 0.0593) (13 0.0382) (40 -0.0335) (44 0.0325) (38 0.0273) 
    0.008052   (39 -0.655) (40 0.37) (44 -0.361) (13 -0.361) (38 -0.302) (139 0.0921) (48 -0.0909) (55 0.0882) (18 -0.0778) (20 0.0777) (37 -0.0657) (46 -0.0649) (14 0.0641) (30 -0.0594) (43 -0.0575) (58 -0.0531) (57 -0.0527) (19 -0.0488) (31 -0.0486) (42 0.0394) (83 0.0372) (96 0.0367) (41 -0.0366) (72 -0.0302) (36 0.0254) (47 0.0247) (25 -0.0233) (16 -0.0226) (79 -0.0223) (65 -0.0215) (45 -0.0212) (56 0.0208) (60 -0.0199) (73 0.0183) (61 0.0181) (53 -0.0178) (88 -0.0173) (12 -0.0159) (70 0.0155) (94 -0.0154) (62 0.0143) (64 -0.0142) (67 -0.0131) (78 -0.0126) (98 -0.0114) (87 -0.0113) (77 0.0111) (35 -0.011) (92 -0.0106) (17 -0.0103) (81 -0.0101) 
   0.0088018   (12 -0.95) (31 0.25) (30 0.148) (32 -0.071) (13 0.0615) (39 -0.0296) (33 -0.029) (63 0.0229) (40 0.0197) (38 -0.0196) (135 0.0186) (26 -0.015) (29 -0.014) (28 0.0111) 
   0.0093036   (135 0.953) (31 0.231) (30 0.14) (12 0.108) (32 -0.0599) (33 -0.0254) (39 -0.0211) (26 -0.0173) (18 0.0142) (40 0.014) (13 -0.0127) (38 -0.0122) (41 0.0121) (20 -0.0117) (43 0.0114) 

 Largest eigenvalues
      20.382   (163 0.975) 
      14.612   (75 -0.765) (94 0.349) 
      6.0711   (75 0.377) (94 0.731) (96 0.353) 
      2.7514   (94 -0.338) (96 0.716) 
      1.2286   (98 0.324) (124 0.371) (125 -0.65) 
      1.2216   (142 -0.391) (149 0.882) 
      1.1872   (165 -0.997) 
      1.1623   (164 0.993) 
      1.1279   (91 -0.494) (92 -0.641) (102 0.374) 
      1.1138   (102 -0.415) (109 -0.767) 
      1.0463   (102 -0.607) (109 0.49) 
       1.015   (102 -0.362) (114 -0.301) (115 0.347) (118 0.514) 
      1.0017   (99 0.625) (100 -0.29) (101 -0.574) 
     0.92777   (105 0.589) (107 0.53) 
     0.89433   (110 0.313) (113 0.301) (114 0.642) 
     0.77093   (114 -0.421) (118 -0.559) 
     0.68332   (108 0.436) (110 -0.34) (111 -0.504) (112 -0.397) 
     0.67612   (107 -0.309) (108 -0.497) (112 -0.469) 
     0.65945   (113 0.298) (116 -0.569) (123 0.398) (125 -0.414) (133 -0.329) 
      0.6061   (115 0.287) (116 0.685) (123 0.287) 
      0.5942   (108 0.563) (110 0.457) (113 -0.405) 
       0.591   (106 0.736) (108 -0.345) 
     0.58959   (122 0.369) (126 0.39) (127 -0.313) (128 0.604) 
     0.56053   (126 -0.809) (128 0.402) 
     0.55265   (122 -0.758) (124 0.296) (126 0.363) 
     0.54243   (119 0.46) (120 0.719) 
     0.52918   (121 -0.462) (123 0.548) (127 0.51) 
     0.42802   (119 0.393) (120 -0.445) (121 0.478) 
     0.41226   (119 -0.708) (133 0.331) 
     0.40546   (89 -0.345) (90 -0.886) 
     0.40382   (121 -0.417) (127 -0.499) (133 0.452) 
     0.31868   (97 0.921) 
     0.28166   (104 -0.407) (105 -0.572) (107 0.444) 
     0.27644   (103 0.817) (105 0.269) 
     0.25389   (98 -0.278) (100 -0.447) (112 -0.292) (113 0.28) (124 0.361) 
      0.2435   (80 -0.262) (85 0.644) (100 0.263) (103 -0.218) (124 0.251) 
     0.23029   (80 0.414) (85 -0.299) (100 0.535) 
     0.20089   (78 0.291) (79 0.34) (80 -0.529) (85 -0.491) 
     0.15962   (100 -0.289) (110 0.304) (111 -0.468) (112 0.37) 
     0.14563   (87 -0.328) (88 -0.549) (91 0.381) (96 -0.341) 
     0.13368   (88 0.429) (95 0.497) (104 -0.414) 
      0.1231   (87 -0.37) (91 -0.506) (92 0.428) (104 -0.296) 
     0.11851   (87 0.679) (88 -0.432) (95 -0.349) 
     0.11134   (84 0.319) (86 -0.635) (91 0.32) (95 -0.383) 
     0.10932   (68 -0.429) (81 0.414) (82 -0.491) 
    0.099162   (65 0.223) (68 0.364) (74 -0.291) (76 0.239) (77 -0.218) (79 0.267) (84 -0.26) (95 -0.283) 
    0.094559   (59 -0.245) (61 -0.3) (64 0.249) (65 -0.406) (69 -0.267) (74 0.271) (81 -0.238) 
    0.091497   (59 0.613) (61 0.345) 
    0.090823   (59 -0.638) (65 0.364) 
    0.087726   (59 0.325) (61 -0.322) (74 -0.282) (95 0.296) (104 0.342) 
    0.086569   (61 0.548) (69 -0.321) 
     0.08194   (61 -0.507) (65 0.437) 
     0.07676   (61 0.284) (64 0.66) (69 0.266) (74 0.212) (82 -0.241) 
    0.072242   (60 -0.617) (65 -0.313) (69 0.301) 
    0.067033   (60 0.651) (64 -0.33) 
     0.06651   (60 -0.261) (65 0.217) (69 -0.282) (74 -0.227) (115 -0.376) (117 0.236) 
    0.063765   (66 -0.26) (77 -0.318) (81 0.283) 
    0.058856   (62 -0.547) (66 0.398) 
    0.056417   (62 0.583) (71 -0.294) 
     0.05544   (62 -0.361) (66 -0.598) 
    0.053528   (63 0.325) (66 0.29) (71 0.337) (81 -0.301) 
    0.052927   (63 -0.586) (72 -0.25) (74 0.277) (77 -0.242) (81 -0.235) (101 0.258) 
    0.050206   (63 0.631) (66 -0.304) 
    0.045989   (81 0.277) (82 0.289) (84 -0.404) (101 0.247) (117 -0.316) 
    0.042379   (32 0.713) (33 0.505) 
    0.041143   (32 -0.298) (41 -0.304) (42 -0.321) (43 -0.65) 
    0.040646   (76 0.384) (77 0.277) (89 -0.246) (117 -0.428) 
    0.039284   (53 0.532) (56 -0.421) (76 -0.301) (77 -0.291) (117 -0.289) 
    0.034727   (53 -0.578) (76 -0.42) (77 -0.374) 
    0.033794   (33 0.453) (34 0.619) (37 -0.39) 
    0.031031   (33 -0.331) (34 -0.454) (37 -0.53) 
    0.030044   (35 -0.307) (37 0.453) (56 0.266) (89 0.456) 
    0.029447   (35 0.817) (36 0.215) (89 0.242) 
    0.027295   (35 -0.38) (37 -0.302) (56 -0.58) 
    0.026562   (130 0.904) 
    0.024901   (129 -0.578) (155 0.805) 
    0.023055   (129 -0.577) (155 -0.286) (162 -0.765) 
    0.022043   (129 -0.577) (155 -0.519) (162 0.63) 
    0.020627   (22 0.946) 
    0.018796   (141 -0.93) (142 -0.359) 
