 1 1000
 2 484.573
 3 22.3659
 4 1000
 5 406.401
 6 263.524
 7 999.85
 8 3.91541
 9 991.401
 10 898.558
 11 2.31526
 12 782.114
 13 1000
 14 998.078
 15 0.82332
 16 1000
 17 996.927
 18 3.068
 19 1000
 20 836.631
 21 160.283
 22 1000
 23 955.336
 24 43.8945
 25 245.194
 26 253.288
 27 17.829
 28 986.592
 29 194.504
 30 246.611
 31 496.454
 32 59.5472
 33 818.18
 34 215.824
 35 138.909
 36 360.854
 37 988.63
 38 997.471
 39 3.74317
 40 613.781
 41 971.709
 42 1.77584
 43 498.672
 44 865.486
 45 17.6984
 46 998.653
 47 286.029
 48 715.223
 49 949.117
 50 185.734
 51 268.277
 52 171.388
 53 953.967
 54 273.344
 55 159.506
 56 230.628
 57 885.134
 58 87.1497
 59 128.803
 60 194.751
 61 22.3715
 62 1.82711
 63 441.751
 64 321.452
 65 1.6603
 66 485.14
 67 921.977
 68 80.1377
 69 999.707
 70 1000
 71 904.438
 72 95.2499
 73 999.628
 74 3.19867
 75 997.913
 76 983.613
 77 3.27736
 78 877.076
 79 999.103
 80 17.0722
 81 981.707
 82 990.197
 83 217.028
 84 2.95019
 85 107.981
 86 2.83371
 87 988.889
 88 1.70954
 89 1.63774
 90 1.90351
 91 9.22
 92 436.214
 93 813.562
 94 785.566
 95 939.722
 96 958.821
 97 301.931
 98 330.281
 99 125.904
 100 905.177
 101 965.156
 102 128.766
 103 151.103
 104 136.225
 105 135.433
 106 161.542
 107 166.673
 108 171.952
 109 128.577
 110 99.2321
 111 183.051
 112 203.253
 113 190.171
 114 174.821
 115 185.304
 116 149.764
 117 173.874
 118 195.036
 119 154.981
 120 86.4153
 121 123.576
 122 48.1965
 123 62.8845
 124 37.4188
 125 28.9881
 126 51.8547
 127 25.7175
 128 88.7333
 129 64.9802
 130 61.4693
 131 19.9502
 132 20.8162
 133 22.3774
 134 35.39
 135 8.42804
 136 46.6564
 137 9.47992
 138 8.8438
 139 8.86717
 140 10.2506
 141 10.4742
 142 8.42215
 143 8.96858
 144 14.8121
 145 14.9294
 146 12.3017
 147 9.85209
 148 28.8359
 149 15.9412
 150 11.7075
 151 13.5045
 152 23.4603
 153 20.7566
 154 13.1455
 155 19.8102
 156 24.0859
 157 46.4696
 158 0.129956
 159 0.0454224
 160 0.386749
 161 21.7696
 162 24.5032
 163 382.718
 164 714.757
 165 6.52041
