 1 31.6228
 2 21.3868
 3 1.93811
 4 31.6228
 5 16.0992
 6 10.8489
 7 31.6196
 8 1.03506
 9 31.4112
 10 29.8288
 11 0.98295
 12 27.738
 13 31.6228
 14 31.5857
 15 0.904099
 16 31.6228
 17 31.5373
 18 1.00323
 19 31.6228
 20 26.6778
 21 6.00677
 22 31.6228
 23 30.2724
 24 2.35527
 25 15.2738
 26 14.9003
 27 1.9759
 28 31.3598
 29 9.78954
 30 12.1178
 31 21.7578
 32 2.93487
 33 27.3439
 34 14.4675
 35 6.98039
 36 16.3327
 37 31.4204
 38 31.5527
 39 1.3874
 40 24.4817
 41 31.1096
 42 1.29522
 43 21.769
 44 28.8538
 45 1.90987
 46 31.5866
 47 10.2208
 48 23.1035
 49 30.6017
 50 13.0776
 51 13.7403
 52 9.29036
 53 30.7
 54 16.3197
 55 8.9976
 56 12.1107
 57 29.1443
 58 8.65052
 59 8.3758
 60 11.2282
 61 4.41266
 62 1.3399
 63 20.6723
 64 16.5845
 65 0.968213
 66 21.0007
 67 29.2741
 68 3.89525
 69 31.6143
 70 31.6228
 71 28.7648
 72 4.35752
 73 31.6146
 74 1.36193
 75 31.5647
 76 31.3419
 77 1.37001
 78 29.5164
 79 31.6017
 80 1.86967
 81 31.0976
 82 31.4174
 83 14.205
 84 1.41896
 85 10.1259
 86 1.45154
 87 31.3653
 88 1.09486
 89 1.04061
 90 1.24229
 91 2.46052
 92 17.8785
 93 26.9751
 94 26.4226
 95 30.1496
 96 30.6174
 97 15.9079
 98 16.4871
 99 8.82973
 100 29.4111
 101 30.7932
 102 10.3255
 103 11.5671
 104 10.8755
 105 10.9791
 106 12.2816
 107 12.3999
 108 12.545
 109 10.4102
 110 8.43746
 111 12.8358
 112 13.9249
 113 13.3877
 114 12.6557
 115 12.8223
 116 11.0656
 117 12.3056
 118 13.2812
 119 11.6843
 120 8.52927
 121 10.7175
 122 6.71129
 123 7.74371
 124 5.53109
 125 5.09034
 126 6.88649
 127 4.46999
 128 8.83696
 129 7.19732
 130 7.24529
 131 4.05537
 132 4.43601
 133 4.57732
 134 5.84034
 135 2.61517
 136 6.74861
 137 2.82945
 138 2.77538
 139 2.78227
 140 3.02928
 141 2.96348
 142 2.63553
 143 2.75008
 144 3.67675
 145 3.72734
 146 3.32814
 147 2.85583
 148 5.16814
 149 3.79906
 150 3.21018
 151 3.45398
 152 4.72353
 153 4.42516
 154 3.49042
 155 4.3612
 156 4.81246
 157 6.74644
 158 0.12887
 159 0.158783
 160 0.271501
 161 3.74222
 162 4.40191
 163 17.333
 164 25.5085
 165 0.546834
