 1 47602.4
 2 614.341
 3 28.1381
 4 175247
 5 505.776
 6 327.889
 7 459848
 8 38.8917
 9 12327.2
 10 2512.09
 11 3.93154
 12 1621.91
 13 307102
 14 4234.88
 15 0.84417
 16 309525
 17 3679.22
 18 8.97722
 19 120179
 20 2045.79
 21 390.429
 22 164747
 23 3233.35
 24 146.104
 25 265.88
 26 324.174
 27 22.68
 28 2902.76
 29 247.167
 30 311.62
 31 515.946
 32 72.7462
 33 1004.64
 34 222.693
 35 158.45
 36 413.988
 37 1530.86
 38 2949.97
 39 7.9337
 40 981.369
 41 4317.33
 42 2.13054
 43 674.842
 44 1461.73
 45 29.2612
 46 15071.1
 47 935.969
 48 1965.62
 49 1836.99
 50 189.667
 51 317.528
 52 202.599
 53 2905.59
 54 307.394
 55 213.3
 56 316.03
 57 912.894
 58 88.0296
 59 132.477
 60 201.838
 61 22.5437
 62 1.82868
 63 464.636
 64 326.584
 65 1.66874
 66 492.718
 67 3000.03
 68 274.848
 69 162260
 70 170183
 71 2210.43
 72 229.771
 73 17684.9
 74 24.3433
 75 13719.7
 76 8358.65
 77 5.50726
 78 1847.68
 79 8842.85
 80 52.4908
 81 2682.47
 82 1562.71
 83 233.926
 84 3.07223
 85 137.339
 86 3.20508
 87 4699.55
 88 1.70978
 89 1.63776
 90 1.90383
 91 10.252
 92 497.454
 93 1705.49
 94 1657.46
 95 2705.58
 96 2465.55
 97 319.42
 98 346.628
 99 127.802
 100 1123.35
 101 1552.49
 102 133.018
 103 154.406
 104 137.579
 105 136.38
 106 162.215
 107 167.377
 108 172.849
 109 129.721
 110 101.186
 111 184.182
 112 204.242
 113 190.93
 114 175.352
 115 185.843
 116 150.736
 117 174.474
 118 195.589
 119 156.301
 120 88.7505
 121 124.212
 122 49.2713
 123 68.558
 124 38.5126
 125 29.8649
 126 52.4108
 127 27.372
 128 91.3499
 129 66.1514
 130 62.3112
 131 20.3141
 132 21.1153
 133 22.7618
 134 36.4141
 135 8.71963
 136 47.0651
 137 9.8411
 138 9.18739
 139 9.21485
 140 10.8021
 141 11.1822
 142 8.90383
 143 9.411
 144 15.246
 145 15.2653
 146 12.662
 147 10.3439
 148 29.6099
 149 16.4514
 150 12.0299
 151 13.8656
 152 23.952
 153 21.5714
 154 13.5568
 155 20.1353
 156 24.348
 157 46.7618
 158 0.162985
 159 0.047422
 160 0.493106
 161 25.7126
 162 26.5183
 163 1102.48
 164 1449.53
 165 7.19871
