 Smallest eigenvalues
  2.1272e-06   (9 -1) 
  3.2308e-06   (51 0.616) (48 -0.556) (154 -0.205) (49 -0.203) (52 -0.193) (44 -0.168) (55 -0.161) (50 0.134) (14 0.124) (47 -0.114) (78 0.105) (37 -0.098) (54 0.0896) (53 0.0868) (77 -0.0784) (38 0.0738) (42 0.0695) (46 0.0678) (27 0.0659) (40 0.0627) (56 0.0584) (43 0.0543) (68 0.0418) (70 -0.0396) (60 -0.0337) (61 0.0299) (67 -0.0298) (39 -0.0291) (41 0.0282) (76 0.0273) (35 -0.0263) (36 0.0256) (63 -0.0235) (33 0.0234) (69 -0.0223) (17 0.0223) (65 0.0218) (32 -0.0205) (23 -0.0204) (71 0.0179) (30 -0.0168) (26 0.0163) (75 0.0162) (19 -0.0149) (45 0.0142) (80 0.014) (25 -0.014) (84 0.0138) (64 0.0138) (28 0.0134) (88 0.0132) (57 -0.0129) (16 -0.012) (74 -0.0111) (11 -0.0107) 
  3.2563e-06   (154 -0.979) (51 -0.129) (48 0.117) (49 0.0426) (52 0.0404) (44 0.0354) (55 0.0337) (50 -0.0282) (14 -0.0263) (47 0.024) (78 -0.0217) (37 0.0206) (54 -0.0188) (53 -0.0182) (77 0.0162) (38 -0.0155) (42 -0.0146) (46 -0.0142) (27 -0.0139) (40 -0.0132) (56 -0.0122) (43 -0.0114) 
  5.7062e-06   (4 -1) 
   5.876e-06   (149 0.627) (47 0.571) (44 -0.34) (46 0.227) (45 -0.187) (37 -0.123) (14 0.104) (48 0.0946) (38 0.0793) (27 0.0676) (43 0.0637) (77 -0.0567) (40 0.0566) (42 0.0562) (78 0.053) (39 -0.0519) (51 -0.0498) (49 -0.0446) (53 -0.0314) (35 -0.0275) (56 0.0262) (52 -0.0261) (28 0.0249) (70 -0.0235) (36 0.0215) (60 -0.0201) (17 0.0186) (33 0.0177) (19 -0.017) (41 -0.0166) (16 -0.0165) (25 -0.0153) (23 -0.0146) (54 0.0142) (32 -0.0129) (68 0.0113) (73 -0.0112) (31 0.0105) 
  6.0699e-06   (149 0.779) (47 -0.459) (44 0.274) (46 -0.183) (45 0.151) (37 0.0991) (14 -0.084) (48 -0.0761) (38 -0.0638) (27 -0.0544) (43 -0.0513) (77 0.0455) (40 -0.0455) (42 -0.0452) (78 -0.0425) (39 0.0417) (51 0.0401) (49 0.0359) (53 0.0253) (35 0.0221) (56 -0.021) (52 0.021) (28 -0.02) (70 0.0189) (36 -0.0173) (60 0.0162) (17 -0.015) (33 -0.0142) (19 0.0137) (41 0.0133) (16 0.0133) (25 0.0123) (23 0.0118) (54 -0.0114) (32 0.0104) 
  6.1604e-06   (1 -0.989) (31 0.0874) (32 -0.0692) (37 0.0536) (27 0.0512) (28 0.0386) (35 0.0288) (14 0.0173) (38 -0.0171) (29 0.0129) 
   8.321e-06   (155 -0.998) (31 0.0316) (32 -0.0248) (27 0.0196) (37 0.0186) (28 0.0139) (14 0.0121) (35 0.0102) 
  2.1007e-05   (31 -0.571) (32 0.449) (27 -0.354) (37 -0.337) (28 -0.252) (14 -0.218) (35 -0.185) (1 -0.147) (38 0.103) (29 -0.082) (19 0.0722) (23 0.0641) (33 0.0634) (30 -0.0616) (25 0.0611) (16 0.0604) (155 -0.0552) (43 0.0474) (36 0.0452) (34 -0.0426) (77 0.0403) (44 -0.0394) (22 -0.0394) (78 -0.0369) (17 -0.0365) (39 -0.0357) (15 0.0273) (40 0.0257) (11 0.0228) (20 0.0204) (49 0.0197) (48 -0.0182) (51 0.0182) (70 0.0168) (56 -0.0159) (60 0.0156) (42 0.0151) (53 0.0145) (54 -0.0121) (75 0.0117) (26 -0.0117) (57 -0.0115) (73 0.011) (41 0.0109) (18 0.0106) (80 -0.0104) 
   3.709e-05   (18 0.608) (46 -0.39) (22 -0.31) (45 0.298) (20 -0.286) (23 -0.257) (19 0.216) (44 -0.184) (42 0.116) (21 -0.111) (47 0.0642) (37 -0.0581) (48 0.0553) (38 0.0468) (27 0.0468) (43 0.0445) (78 0.0438) (17 0.0424) (30 -0.0417) (36 0.0409) (29 0.0384) (15 -0.0378) (16 -0.036) (26 0.0313) (40 0.0307) (77 -0.0289) (14 0.0273) (34 -0.0268) (31 0.025) (51 -0.0237) (53 -0.0236) (35 -0.0234) (71 0.0206) (32 -0.0199) (68 0.0197) (25 0.018) (61 0.0168) (74 -0.0166) (70 -0.0157) (50 0.0154) (73 0.0147) (79 0.014) (66 -0.0136) (62 0.0135) (56 0.0123) (60 -0.0111) 
   6.138e-05   (158 -0.999) (46 -0.0243) (18 -0.0186) (45 0.0182) (44 -0.0106) 
   0.0001035   (46 0.575) (45 -0.429) (18 0.423) (44 0.251) (22 -0.214) (19 0.178) (20 -0.162) (23 -0.146) (37 0.134) (48 -0.114) (14 -0.111) (42 -0.101) (38 -0.0821) (40 -0.0779) (43 -0.0741) (47 -0.0725) (27 -0.0692) (39 0.0655) (77 0.0642) (21 -0.0634) (78 -0.0598) (41 -0.0506) (158 -0.0428) (51 0.0371) (49 0.0362) (25 0.0352) (28 -0.035) (56 -0.033) (68 -0.0304) (30 -0.0293) (34 -0.0292) (70 0.0268) (35 0.0265) (53 0.0245) (26 0.0227) (54 -0.0217) (71 -0.021) (67 0.0196) (74 0.0173) (15 -0.0159) (60 0.0159) (61 -0.0155) (80 -0.0149) (81 0.0123) (69 0.0123) (36 -0.012) (65 -0.0116) (66 0.0114) (62 -0.0112) (50 -0.0111) (11 0.0109) (57 -0.0107) (17 0.0107) 
  0.00010763   (3 -1) 
   0.0001297   (19 0.609) (14 0.454) (17 0.346) (23 0.329) (27 -0.255) (20 -0.211) (18 -0.165) (21 -0.12) (25 0.0825) (22 0.0823) (33 -0.0674) (24 0.0627) (37 0.0615) (38 -0.0558) (44 0.0488) (30 0.0443) (28 -0.0397) (36 -0.0314) (26 -0.0314) (47 0.0275) (31 0.0268) (32 0.0267) (35 0.0256) (11 -0.0253) (40 -0.0246) (46 -0.0217) (12 -0.0214) (15 0.0191) (42 -0.0165) (34 0.0152) (77 -0.0151) (78 0.0121) (13 0.0121) (29 0.0121) (39 0.0115) (57 -0.0104) (52 -0.0101) 
  0.00020764   (159 1) 
  0.00021996   (2 1) 
  0.00024489   (22 -0.578) (19 -0.497) (14 0.32) (23 0.303) (27 -0.285) (17 0.231) (20 0.183) (18 0.105) (21 0.104) (25 0.102) (16 -0.0699) (37 0.0658) (24 -0.0515) (157 0.0469) (38 -0.0357) (35 0.03) (32 0.0294) (33 -0.0272) (44 0.0263) (36 -0.0258) (26 0.0246) (29 0.0238) (31 0.0225) (15 -0.02) (11 -0.0191) (30 0.0183) (40 -0.0175) (28 -0.0155) (39 0.0153) (77 -0.0152) (12 -0.0151) (46 -0.0124) (43 -0.0116) (47 0.0105) (78 0.0101) 
  0.00028883   (157 0.999) (22 0.0271) (19 0.0233) (14 -0.015) (23 -0.0142) (27 0.0134) (17 -0.0109) 
  0.00029867   (8 -1) 
  0.00030884   (28 -0.764) (150 -0.4) (27 0.337) (29 0.174) (14 0.16) (37 0.157) (26 0.133) (32 0.0962) (35 0.0686) (22 0.0644) (48 0.0559) (17 0.0546) (19 -0.0528) (38 -0.0499) (16 -0.0456) (31 -0.0397) (25 -0.0381) (18 0.0375) (20 0.0332) (39 0.0321) (51 0.032) (15 -0.0275) (42 -0.0244) (33 0.0237) (49 0.0224) (43 -0.021) (75 0.0201) (36 -0.0195) (78 0.0183) (23 -0.0168) (40 -0.015) (34 0.0143) (11 -0.0129) (77 -0.0122) (68 0.0115) (21 0.011) 
  0.00031056   (150 -0.917) (28 0.333) (27 -0.147) (29 -0.0759) (14 -0.0696) (37 -0.0683) (26 -0.058) (32 -0.042) (35 -0.0299) (22 -0.0281) (48 -0.0243) (17 -0.0238) (19 0.023) (38 0.0217) (16 0.0199) (31 0.0173) (25 0.0166) (18 -0.0164) (20 -0.0145) (39 -0.014) (51 -0.0139) (15 0.012) (42 0.0106) (33 -0.0103) 
  0.00031475   (6 -1) 
  0.00032207   (23 -0.503) (22 0.443) (27 -0.426) (24 0.282) (19 -0.277) (14 0.258) (153 -0.207) (17 0.154) (25 0.13) (18 0.126) (26 -0.117) (37 0.0969) (16 -0.0796) (15 -0.0528) (35 0.0518) (39 0.0481) (32 0.0377) (33 0.0361) (38 -0.0303) (29 0.0259) (43 -0.0256) (28 -0.0256) (48 0.0213) (78 0.0177) (77 -0.0173) (73 -0.017) (36 -0.0154) (30 -0.0151) (11 -0.0138) (56 0.012) (20 0.0116) (34 -0.0115) (52 0.0113) (47 0.011) (40 -0.0106) (75 0.0101) 
  0.00033438   (153 -0.978) (23 0.107) (22 -0.0939) (27 0.0902) (24 -0.0598) (19 0.0586) (14 -0.0547) (17 -0.0327) (25 -0.0276) (18 -0.0268) (26 0.0247) (37 -0.0205) (16 0.0169) (15 0.0112) (35 -0.011) (39 -0.0102) 
  0.00033897   (57 0.495) (73 -0.462) (70 -0.435) (74 -0.312) (60 0.214) (67 0.209) (52 0.166) (44 -0.139) (77 0.136) (69 0.119) (68 -0.118) (78 -0.0999) (56 0.0879) (47 -0.0778) (61 -0.0722) (33 0.0655) (65 0.0602) (63 0.0529) (46 0.0459) (76 -0.044) (66 -0.0421) (37 0.038) (64 -0.0377) (72 -0.0377) (50 0.0371) (54 0.0371) (75 0.0368) (42 0.0365) (40 0.0359) (16 0.0325) (79 0.0321) (43 -0.0304) (34 -0.0285) (19 0.0284) (51 0.0269) (38 0.0258) (22 -0.0252) (14 0.0225) (15 0.0224) (59 -0.0219) (30 -0.02) (123 -0.0188) (88 0.0188) (62 -0.0185) (18 -0.0179) (126 0.0176) (39 0.0175) (20 0.0174) (121 0.0171) (124 0.017) (27 -0.015) (109 0.0147) (84 0.0139) (120 0.0138) (36 -0.0137) (23 -0.0134) (48 0.0132) (35 0.0132) (152 -0.013) (104 0.0128) (91 0.0124) (89 -0.0118) (100 0.0114) (80 -0.0114) (106 -0.0107) (55 0.0105) (101 0.0105) (129 -0.0104) 
  0.00035612   (73 0.593) (57 0.406) (74 0.324) (67 0.273) (152 -0.244) (68 -0.191) (44 -0.187) (52 0.137) (60 0.127) (47 -0.125) (69 0.117) (70 0.116) (49 0.103) (71 -0.0982) (56 0.0862) (14 0.0854) (33 0.0836) (46 0.0709) (55 0.0685) (63 0.0656) (65 0.056) (61 -0.0555) (38 0.0544) (39 0.0516) (66 -0.047) (40 0.046) (72 -0.0452) (64 -0.0445) (42 0.0382) (43 -0.0344) (48 -0.0339) (120 0.0335) (34 -0.0324) (16 0.0323) (53 -0.03) (30 -0.03) (23 -0.0279) (75 -0.0268) (79 -0.0266) (121 -0.0229) (77 -0.0228) (59 -0.0225) (18 -0.0224) (84 0.0221) (15 0.0215) (32 -0.0207) (20 0.0188) (19 0.0187) (124 0.0173) (129 -0.0172) (62 -0.0171) (119 -0.0168) (24 -0.0166) (78 0.0149) (88 0.0145) (125 -0.013) (122 0.0125) (145 0.0122) (17 0.0121) (131 -0.012) (89 -0.0116) (37 -0.0106) (80 0.0106) (51 0.0104) (76 0.0104) 
  0.00037725   (152 -0.969) (73 -0.143) (57 -0.109) (74 -0.0774) (67 -0.0714) (44 0.0496) (68 0.0496) (52 -0.0371) (60 -0.0349) (47 0.0328) (69 -0.0309) (49 -0.0262) (71 0.0246) (70 -0.0236) (56 -0.0231) (33 -0.0223) (14 -0.0221) (46 -0.0187) (55 -0.0175) (63 -0.0172) (61 0.015) (65 -0.0149) (38 -0.0142) (39 -0.0134) (66 0.0124) (40 -0.0123) (145 0.0118) (72 0.0118) (64 0.0117) (42 -0.0103) 
  0.00045183   (25 -0.939) (24 0.24) (27 -0.151) (54 -0.0889) (22 -0.0742) (26 -0.0643) (52 0.0612) (56 -0.0507) (53 -0.0481) (14 0.0471) (57 -0.0339) (49 0.0329) (47 -0.0308) (16 -0.0301) (44 -0.0291) (55 -0.0265) (28 -0.0241) (33 0.0222) (39 0.0205) (17 0.0193) (31 -0.0156) (30 -0.0155) (46 0.015) (15 -0.0146) (23 0.0131) (78 0.0124) (60 -0.012) (48 -0.0119) (77 -0.0119) 
  0.00048359   (147 0.748) (54 -0.387) (52 0.292) (56 -0.234) (53 -0.183) (44 -0.147) (57 -0.131) (55 -0.119) (49 0.11) (47 -0.109) (25 0.0924) (14 0.0597) (46 0.0587) (48 -0.0498) (33 0.0484) (60 -0.0474) (51 0.0431) (38 0.0396) (24 -0.0374) (73 -0.0371) (27 0.036) (40 0.0333) (42 0.0332) (70 -0.0281) (37 -0.0276) (77 -0.024) (78 0.0236) (50 -0.0222) (34 -0.0198) (16 0.0163) (67 -0.0163) (43 -0.0161) (68 0.0144) (28 0.0142) (61 0.0138) (23 -0.0131) (39 0.0129) (30 -0.0126) (32 -0.0126) (120 0.0125) (18 -0.0118) (15 0.0113) (74 -0.0111) 
  0.00050121   (147 0.663) (54 0.438) (52 -0.33) (56 0.264) (53 0.207) (44 0.166) (57 0.148) (55 0.134) (49 -0.124) (47 0.123) (25 -0.0993) (14 -0.0676) (46 -0.0663) (48 0.0562) (33 -0.0548) (60 0.0536) (51 -0.0487) (38 -0.0447) (73 0.0419) (24 0.041) (27 -0.0399) (40 -0.0376) (42 -0.0374) (70 0.0317) (37 0.0311) (77 0.027) (78 -0.0267) (50 0.0251) (34 0.0224) (67 0.0184) (16 -0.0183) (43 0.0182) (68 -0.0163) (28 -0.0159) (61 -0.0155) (23 0.0147) (39 -0.0147) (30 0.0143) (32 0.0142) (120 -0.014) (18 0.0132) (15 -0.0127) (74 0.0125) (72 -0.0107) (20 -0.0103) 
  0.00050367   (53 0.684) (55 0.44) (39 -0.372) (52 0.267) (57 -0.16) (44 -0.153) (40 0.114) (54 -0.114) (37 0.104) (47 -0.0771) (49 0.0748) (42 0.0698) (60 -0.0619) (38 -0.0586) (56 0.0566) (41 -0.0544) (46 0.0523) (48 -0.0469) (70 -0.0411) (78 0.038) (77 -0.0359) (50 -0.0232) (36 -0.0219) (151 -0.0191) (27 -0.0179) (73 -0.0171) (61 0.016) (35 0.0159) (19 0.0121) (72 0.0118) (22 -0.0115) (69 0.0114) 
  0.00051168   (151 -0.967) (39 0.204) (37 -0.0708) (53 0.0672) (38 0.0503) (55 0.0473) (40 -0.0464) (52 0.0325) (33 0.0267) (14 0.0264) (41 0.0247) (27 0.0212) (44 0.0186) (42 -0.0181) (57 -0.0176) (49 -0.0141) (34 -0.0119) (43 -0.0105) (78 0.0104) (73 -0.0103) (77 -0.0103) (56 0.0102) 
  0.00056006   (39 -0.751) (53 -0.308) (37 0.263) (151 -0.253) (55 -0.214) (38 -0.188) (40 0.169) (52 -0.145) (33 -0.102) (14 -0.101) (41 -0.0903) (27 -0.0798) (57 0.0792) (42 0.064) (44 -0.0594) (49 0.0484) (34 0.0455) (56 -0.0432) (78 -0.0427) (77 0.0423) (73 0.0412) (43 0.0397) (54 0.0391) (35 0.037) (60 0.0363) (24 0.0351) (48 -0.0325) (70 0.0314) (28 -0.0311) (36 -0.0278) (32 0.027) (31 -0.0263) (51 -0.0235) (68 -0.0179) (72 -0.0168) (47 -0.0166) (18 0.0164) (67 0.0155) (23 0.0155) (50 -0.0149) (45 0.0124) (61 -0.0101) 
  0.00056685   (70 0.798) (57 0.282) (73 -0.273) (72 0.228) (69 -0.166) (52 0.157) (71 0.139) (49 -0.136) (74 -0.119) (60 0.0933) (51 0.0728) (48 0.0633) (76 -0.0625) (50 0.0611) (75 0.0541) (44 -0.0508) (68 0.0499) (65 0.0469) (54 -0.0374) (33 0.0356) (78 0.0334) (148 0.033) (55 0.0318) (61 -0.0303) (84 0.0282) (37 0.0262) (56 0.0247) (40 0.0243) (124 0.0234) (42 0.0214) (22 -0.0193) (16 0.0192) (43 -0.0192) (19 0.0186) (47 -0.0177) (88 0.0173) (67 -0.0164) (34 -0.016) (129 -0.0145) (126 0.0143) (46 0.0143) (79 -0.0131) (38 0.0117) (53 0.0116) (36 -0.0115) (90 0.0112) (15 0.0105) (39 -0.0103) (14 0.0103) 
  0.00061363   (148 0.852) (49 0.363) (51 -0.149) (52 -0.147) (48 -0.143) (50 -0.122) (44 -0.122) (54 0.12) (47 -0.0898) (73 -0.0716) (46 0.0512) (14 0.0472) (39 0.0418) (70 0.0365) (33 0.033) (38 0.0327) (67 -0.0319) (37 -0.0317) (68 0.0304) (72 0.0297) (78 0.0277) (77 -0.0268) (71 0.0254) (74 -0.0246) (69 -0.0217) (55 -0.0211) (27 0.0201) (53 0.0174) (42 0.0174) (45 0.0173) (40 0.0165) (24 -0.0145) (57 -0.0144) (23 -0.0124) (34 -0.0123) (32 -0.0116) (30 -0.0104) 
  0.00065837   (49 -0.582) (148 0.523) (51 0.239) (48 0.229) (52 0.228) (44 0.202) (50 0.196) (54 -0.193) (47 0.148) (73 0.134) (70 -0.11) (46 -0.0844) (14 -0.0775) (39 -0.0674) (72 -0.0629) (33 -0.0563) (38 -0.0541) (67 0.0532) (68 -0.0529) (71 -0.0503) (37 0.0498) (74 0.0476) (78 -0.0474) (69 0.046) (77 0.0434) (55 0.0322) (27 -0.0322) (42 -0.0298) (53 -0.0292) (40 -0.0286) (45 -0.0277) (24 0.0238) (34 0.0211) (23 0.0208) (32 0.0192) (30 0.0176) (16 -0.0157) (79 0.0154) (18 0.0144) (63 0.0139) (75 -0.013) (56 -0.013) (76 0.013) (120 -0.0111) (20 -0.0103) 
  0.00072025   (38 0.808) (37 0.318) (24 -0.201) (23 -0.181) (39 -0.161) (44 0.151) (40 -0.128) (33 0.119) (20 0.102) (19 0.102) (36 -0.0912) (22 -0.0901) (18 -0.0849) (16 0.0813) (43 0.077) (42 -0.0733) (14 0.0686) (27 -0.0655) (34 -0.0573) (47 0.0545) (21 0.0536) (35 0.0512) (15 0.0503) (52 -0.0439) (25 -0.0427) (57 -0.0345) (46 -0.0332) (26 -0.019) (30 -0.0187) (56 -0.0168) (31 -0.0158) (41 -0.0155) (17 0.0123) 
  0.00080005   (24 -0.577) (23 -0.494) (38 -0.306) (20 0.234) (33 -0.233) (18 -0.176) (19 0.176) (14 0.172) (22 -0.159) (25 -0.133) (21 0.126) (37 -0.113) (16 0.11) (30 0.0977) (34 0.0935) (27 -0.084) (15 0.0701) (26 -0.0563) (32 0.0518) (142 -0.0441) (17 0.0418) (36 0.0344) (35 -0.0335) (44 0.0267) (28 -0.0254) (49 -0.0149) (40 0.0136) (11 -0.0129) (39 0.0125) (29 -0.0124) (47 0.0119) (31 0.0118) (12 -0.0116) 
  0.00092152   (142 -0.997) (145 -0.0515) (24 0.0267) (23 0.023) (146 0.0163) (141 -0.0151) (140 0.0133) (20 -0.011) 
  0.00098153   (44 -0.423) (52 -0.409) (47 -0.407) (49 -0.347) (48 0.339) (16 0.239) (46 0.166) (51 -0.161) (57 -0.144) (43 -0.129) (50 0.124) (56 -0.105) (14 0.105) (17 -0.104) (15 0.099) (33 0.0911) (37 0.0846) (39 0.0696) (40 0.0674) (53 0.0588) (42 0.0584) (27 -0.0418) (34 -0.0406) (77 0.0405) (54 -0.0343) (60 -0.0342) (78 -0.0338) (36 -0.0272) (35 0.0268) (45 -0.0266) (38 0.0248) (30 -0.0244) (41 0.0203) (22 -0.0164) (31 -0.0163) (19 0.0149) (65 -0.0147) (74 -0.014) (84 0.0131) (18 0.013) (55 -0.0127) (68 -0.0125) (23 0.0109) (120 0.0105) 
   0.0010143   (16 0.707) (17 -0.406) (14 0.296) (15 0.269) (44 0.161) (18 0.159) (47 0.128) (19 -0.123) (33 -0.117) (23 0.106) (20 -0.105) (52 0.0907) (48 -0.0824) (49 0.079) (22 0.0754) (24 0.0745) (46 -0.0581) (30 0.0495) (21 -0.0471) (34 0.047) (43 0.0455) (39 -0.0397) (51 0.0372) (40 -0.0336) (50 -0.0328) (38 -0.0324) (42 -0.0319) (57 0.0266) (32 0.0233) (56 0.0225) (27 -0.0214) (37 -0.0209) (12 -0.0194) (28 -0.0186) (11 -0.0167) (31 0.0151) (35 -0.0145) (13 0.0124) (53 -0.0112) (77 -0.011) 
   0.0010857   (146 0.925) (145 0.379) 
   0.0011612   (54 0.683) (52 0.402) (33 0.336) (56 -0.299) (57 -0.226) (36 0.149) (34 -0.147) (53 -0.114) (35 0.09) (38 -0.0777) (50 0.0762) (30 -0.0685) (39 -0.0568) (16 0.0526) (49 -0.0492) (51 0.0479) (48 0.0473) (14 0.0467) (60 -0.044) (47 -0.0414) (44 -0.0407) (19 0.0401) (22 -0.04) (32 -0.038) (15 0.0367) (77 0.0362) (18 -0.0339) (78 -0.0334) (20 0.0325) (24 -0.0276) (23 -0.0255) (46 0.0238) (68 -0.0222) (67 0.021) (137 0.018) (21 0.0161) (72 -0.0147) (73 0.0144) (69 0.0134) (71 0.0116) (70 0.0111) (61 0.0111) (79 0.0103) (40 -0.0103) (43 -0.0102) 
   0.0013585   (33 0.618) (36 0.374) (54 -0.296) (34 -0.271) (52 -0.231) (44 0.21) (38 -0.193) (39 -0.163) (35 0.159) (37 -0.139) (137 0.128) (56 0.119) (30 -0.113) (14 0.107) (40 -0.0818) (32 -0.0757) (42 -0.072) (57 0.0718) (47 0.0718) (43 0.0633) (53 0.0543) (46 -0.0499) (16 0.0485) (24 -0.0468) (18 -0.0413) (51 -0.0396) (23 -0.039) (20 0.0372) (27 0.0312) (19 0.0304) (50 -0.0304) (15 0.0303) (22 -0.0303) (28 0.0252) (41 -0.023) (21 0.0195) (77 -0.0183) (78 0.0181) (17 0.0154) (60 0.0148) (73 -0.0146) (29 0.0126) (70 -0.012) 
   0.0015082   (137 0.991) (33 -0.0862) (36 -0.0511) (34 0.0378) (38 0.0263) (44 -0.026) (54 0.0259) (52 0.0223) (35 -0.0222) (145 -0.0221) (39 0.0221) (37 0.018) (30 0.0159) (14 -0.0148) (40 0.0107) (32 0.0105) (56 -0.0101) 
   0.0015259   (11 -0.956) (35 -0.257) (33 0.0626) (37 0.0601) (30 -0.0539) (36 -0.0468) (32 -0.0376) (14 -0.0368) (38 -0.0354) (133 0.0294) (44 0.0165) (15 0.0133) (31 -0.0121) (40 -0.0113) (46 -0.0103) (71 -0.0101) 
   0.0016239   (133 0.846) (35 -0.449) (11 0.173) (33 0.112) (37 0.097) (30 -0.0875) (36 -0.0823) (14 0.0678) (32 -0.0643) (38 -0.057) (27 0.0389) (44 0.0279) (40 -0.0202) (31 -0.0144) (21 0.0143) (23 -0.0141) (17 0.0138) (55 -0.0138) (28 0.0138) (46 -0.0134) (42 -0.0113) (39 -0.0103) 
   0.0018976   (35 0.727) (133 0.533) (11 -0.222) (33 -0.181) (37 -0.157) (30 0.142) (36 0.133) (14 -0.106) (32 0.104) (38 0.0924) (27 -0.0622) (44 -0.0453) (40 0.0327) (31 0.0235) (21 -0.023) (23 0.0227) (17 -0.0223) (55 0.0222) (28 -0.0221) (46 0.0219) (42 0.0184) (39 0.0164) (45 0.016) (47 -0.0134) (53 -0.0123) (51 0.0117) (43 0.0114) (48 -0.0106) (25 0.0102) 
   0.0020061   (30 -0.725) (32 -0.468) (31 -0.231) (55 -0.196) (34 0.195) (33 -0.179) (35 0.16) (53 0.136) (28 -0.0864) (37 -0.0844) (50 -0.0705) (27 -0.0635) (72 0.0599) (29 -0.046) (51 -0.0437) (74 0.0414) (52 0.039) (49 -0.0383) (71 0.0374) (16 0.0367) (18 -0.0272) (42 -0.0263) (68 0.0255) (60 0.0254) (20 0.0249) (56 -0.0235) (41 0.0227) (47 0.0214) (130 -0.021) (25 0.0206) (78 -0.0204) (48 0.0197) (21 0.0195) (57 0.0193) (70 -0.0187) (40 -0.0186) (46 -0.018) (19 0.0172) (44 0.0149) (69 0.0136) (65 -0.0134) (24 -0.0129) (22 -0.0124) (84 0.0101) (39 -0.01) 
   0.0021304   (72 0.566) (74 0.385) (68 0.357) (71 0.31) (130 -0.27) (78 -0.251) (70 -0.223) (67 -0.163) (55 0.143) (53 -0.111) (60 0.0884) (77 0.076) (57 0.0692) (56 0.0623) (69 0.0602) (83 -0.0599) (51 0.0576) (80 -0.0549) (41 0.049) (62 0.0467) (40 0.041) (66 -0.0409) (30 0.0362) (64 0.0344) (61 0.0336) (76 -0.0326) (33 0.0323) (47 -0.0316) (107 -0.0312) (63 -0.0307) (44 -0.0287) (86 -0.0284) (85 -0.0263) (48 0.0227) (52 0.0219) (46 0.0214) (59 0.0205) (109 -0.0187) (129 0.0185) (96 0.0183) (37 0.0178) (89 -0.0172) (120 -0.0165) (84 0.0163) (32 0.016) (79 0.0159) (87 -0.015) (34 -0.0134) (35 -0.0131) (134 -0.0124) (16 0.0117) (100 0.0116) (93 -0.0116) (54 0.0114) (58 -0.011) (75 0.0109) (124 -0.0106) (104 -0.01) 
   0.0022184   (130 -0.572) (55 0.55) (53 -0.367) (50 0.203) (72 -0.198) (30 -0.168) (74 -0.145) (71 -0.126) (32 -0.103) (56 0.0886) (52 -0.0824) (49 0.0802) (60 -0.0753) (57 -0.0735) (51 0.0669) (69 -0.0613) (70 0.0585) (78 0.0557) (34 0.0548) (68 -0.0548) (43 0.0523) (31 -0.0518) (65 0.0513) (48 -0.0482) (41 0.0398) (46 0.0374) (54 -0.0348) (84 -0.0333) (129 0.0332) (73 -0.0324) (47 -0.0262) (28 -0.0243) (81 -0.0241) (33 -0.0235) (77 -0.0203) (88 0.0192) (80 0.0175) (27 -0.0167) (45 0.016) (124 -0.0156) (120 -0.0152) (67 0.0149) (18 -0.0147) (14 0.0146) (134 0.0131) (35 0.0129) (37 -0.0125) (16 0.0124) (20 0.0123) (15 0.0118) (90 -0.0116) (107 0.0109) (66 0.0108) (125 -0.0103) (87 0.01) 
   0.0023536   (130 -0.771) (55 -0.452) (53 0.308) (50 -0.15) (30 0.132) (56 -0.087) (68 -0.0852) (32 0.0835) (51 -0.0689) (49 -0.0563) (72 -0.0532) (52 0.0521) (41 -0.0476) (67 0.0463) (78 0.0461) (134 0.0442) (31 0.0422) (43 -0.0415) (34 -0.0412) (65 -0.0355) (70 0.0353) (129 0.0352) (46 -0.0349) (131 0.0332) (47 0.0301) (57 0.0294) (74 -0.0286) (48 0.027) (73 0.0239) (60 0.0239) (69 0.0239) (54 0.0215) (83 0.0202) (28 0.0191) (84 0.0189) (40 -0.0183) (71 -0.0158) (27 0.0158) (44 0.0153) (63 0.0153) (81 0.0149) (16 -0.0144) (85 0.0142) (64 -0.014) (88 -0.014) (79 -0.0127) (18 0.0121) (62 -0.012) (14 -0.0117) (77 -0.0115) (86 0.0114) (33 0.0108) (59 -0.0103) 
   0.0026119   (24 0.656) (22 -0.369) (20 0.309) (23 -0.27) (18 -0.221) (56 -0.219) (19 0.214) (27 0.157) (25 0.154) (15 0.126) (33 -0.0915) (21 0.0862) (52 -0.0813) (57 0.0664) (16 0.0617) (37 -0.0604) (44 0.0574) (30 0.056) (55 0.0519) (34 0.0381) (53 0.0371) (47 0.035) (60 0.0331) (36 0.0326) (35 -0.0288) (46 -0.0234) (13 0.0231) (77 -0.023) (26 0.0226) (42 -0.0224) (31 -0.0215) (12 -0.0197) (48 -0.0186) (78 0.0172) (70 -0.0151) (29 -0.0143) (74 0.0138) (14 0.0136) (120 -0.0135) (68 0.0133) (39 -0.0129) (65 0.0126) (124 0.0108) (54 -0.0105) 
   0.0026569   (60 -0.863) (56 0.309) (57 0.193) (61 0.19) (55 -0.126) (52 0.118) (77 0.0828) (78 -0.0755) (47 -0.0699) (24 0.0687) (132 0.0557) (22 -0.0541) (59 -0.0478) (72 0.0421) (20 0.0418) (51 -0.0414) (46 0.0393) (48 0.0387) (19 0.0382) (53 -0.0354) (23 -0.0338) (54 0.0337) (79 0.0322) (18 -0.0296) (15 0.0279) (62 0.0249) (84 -0.0236) (44 -0.0234) (108 -0.021) (16 0.02) (107 0.0199) (109 0.0188) (124 0.0186) (25 0.0178) (80 -0.0169) (73 -0.0164) (76 -0.0144) (69 0.0136) (33 0.0136) (74 -0.0136) (123 0.0133) (119 -0.0129) (131 -0.0128) (71 -0.0124) (67 0.0122) (42 0.0122) (21 0.0121) (118 0.0118) (90 -0.0116) (64 0.0115) (68 0.011) (125 -0.0104) (38 0.0101) (82 0.01) 
   0.0027516   (132 0.753) (56 0.451) (57 -0.277) (60 0.203) (131 -0.132) (50 -0.125) (52 0.123) (53 -0.091) (55 -0.0902) (24 0.0888) (22 -0.0696) (44 -0.0596) (43 -0.0564) (20 0.0521) (47 -0.0477) (19 0.0477) (61 -0.0449) (23 -0.0439) (51 0.0413) (18 -0.0385) (48 0.0378) (77 0.0329) (68 -0.0323) (70 0.0321) (16 0.0289) (65 -0.0281) (15 0.0254) (25 0.0249) (72 -0.0233) (78 -0.0229) (74 -0.0217) (40 0.0209) (33 0.0202) (67 0.0197) (84 0.0191) (37 0.0179) (120 0.0177) (21 0.017) (59 0.0155) (45 -0.0155) (49 -0.0147) (27 0.0133) (34 -0.0101) 
   0.0028833   (132 0.633) (56 -0.564) (57 0.311) (60 -0.163) (52 -0.156) (50 0.147) (55 0.119) (24 -0.112) (53 0.111) (131 -0.108) (22 0.0876) (44 0.0728) (43 0.0673) (20 -0.0657) (47 0.0633) (19 -0.0602) (23 0.0552) (48 -0.0485) (18 0.0484) (77 -0.0461) (51 -0.045) (70 -0.0376) (68 0.0375) (61 0.0363) (16 -0.0361) (78 0.0336) (15 -0.0329) (65 0.0326) (25 -0.0311) (124 0.0307) (120 -0.03) (74 0.0271) (40 -0.0255) (33 -0.0252) (67 -0.0245) (72 0.0242) (123 0.0225) (84 -0.0215) (21 -0.0213) (37 -0.0211) (45 0.0192) (122 0.0167) (49 0.0165) (27 -0.0164) (107 0.0151) (59 -0.0141) (129 -0.0141) (125 -0.014) (34 0.0127) (46 -0.0119) (63 -0.0117) (64 0.0109) 
   0.0035865   (40 0.784) (41 -0.384) (65 0.264) (39 0.209) (44 0.181) (84 -0.137) (43 0.127) (67 0.122) (57 -0.0812) (37 0.0649) (42 -0.0643) (33 0.0573) (38 0.0491) (63 -0.0463) (87 0.04) (47 0.0382) (66 -0.0376) (64 0.0362) (52 -0.0353) (72 0.0324) (127 -0.0318) (51 -0.0275) (30 -0.027) (55 -0.0266) (16 0.024) (50 0.0236) (32 -0.0225) (69 0.0216) (96 0.0204) (73 -0.0203) (34 -0.0203) (46 -0.0175) (90 0.0169) (31 -0.0169) (78 0.0156) (107 -0.0154) (15 -0.0142) (19 0.0135) (24 -0.0131) (27 -0.0131) (22 -0.0128) (53 0.0126) (91 -0.0123) (45 0.0122) (109 -0.0121) (49 -0.0114) (71 0.0109) (77 -0.0107) (82 0.0105) 
   0.0037368   (84 -0.858) (127 -0.355) (65 -0.207) (87 0.17) (67 -0.106) (90 0.0742) (57 0.071) (107 -0.063) (77 -0.0583) (85 0.0539) (78 0.0478) (40 -0.0466) (86 -0.0447) (44 -0.0436) (109 -0.0416) (96 0.041) (92 0.04) (60 0.0388) (52 0.0379) (63 0.036) (43 -0.0325) (120 0.0296) (66 0.0295) (123 -0.0287) (91 -0.0284) (64 -0.0283) (129 0.0276) (41 0.0275) (47 -0.0267) (103 -0.0259) (88 0.0257) (50 -0.0239) (69 -0.0228) (126 0.0213) (93 -0.0204) (56 0.0202) (94 -0.0195) (39 -0.0184) (83 0.0169) (79 0.016) (48 0.0154) (71 -0.0149) (89 -0.014) (102 0.0139) (49 -0.0139) (51 0.0137) (122 0.0128) (54 0.0124) (112 0.0124) (33 0.0117) (55 -0.0113) (101 -0.0108) (61 -0.0108) (105 -0.0104) (114 0.0102) 
   0.0039161   (127 -0.7) (65 -0.445) (84 0.388) (67 -0.216) (40 0.181) (50 0.0954) (41 -0.0903) (87 -0.0841) (57 0.0833) (72 -0.0826) (63 0.0731) (129 0.0708) (66 0.0658) (64 -0.058) (39 0.0531) (43 0.0493) (78 -0.0473) (90 -0.0471) (69 -0.0409) (73 0.0389) (77 0.0353) (107 0.0318) (96 -0.0297) (85 -0.0287) (109 0.0271) (52 0.0263) (74 -0.0243) (91 0.0236) (86 0.0215) (76 0.0206) (49 0.0205) (51 -0.02) (33 0.0198) (92 -0.019) (44 0.0181) (60 0.017) (37 0.0165) (48 -0.0161) (56 0.016) (38 0.0155) (103 0.0155) (46 0.0152) (45 0.0143) (94 0.013) (75 -0.0124) (82 -0.0122) (14 0.0121) (30 -0.0116) 
   0.0040689   (65 0.617) (127 -0.609) (67 0.303) (40 -0.221) (57 -0.133) (41 0.108) (63 -0.102) (50 -0.095) (72 0.0928) (66 -0.0906) (64 0.0811) (129 0.0715) (84 0.0642) (39 -0.0611) (69 0.0591) (52 -0.0508) (73 -0.0458) (43 -0.0434) (60 -0.0422) (33 -0.0328) (56 -0.0299) (76 -0.0257) (78 0.0247) (38 -0.0243) (37 -0.0232) (74 0.0218) (46 -0.0217) (79 -0.018) (14 -0.0164) (75 0.0164) (51 0.0158) (30 0.0152) (109 -0.0151) (61 0.0145) (49 -0.0143) (71 0.0139) (47 0.0136) (93 0.0131) (96 0.013) (83 -0.0127) (22 0.0121) (45 -0.0119) (34 0.0119) (90 0.0118) (16 -0.0117) (15 -0.0112) (120 -0.0111) (91 -0.011) (80 0.011) (82 0.0109) (19 -0.0106) (70 0.0105) 
    0.004117   (105 0.594) (96 -0.317) (103 0.28) (123 -0.255) (101 0.206) (110 -0.198) (108 -0.191) (120 -0.175) (106 -0.169) (98 -0.167) (107 -0.165) (112 -0.155) (119 -0.138) (117 -0.132) (99 -0.126) (122 0.116) (97 -0.113) (102 -0.112) (114 -0.0901) (121 -0.0843) (111 -0.0737) (50 0.0678) (91 -0.0632) (109 -0.0604) (115 -0.0525) (118 0.0505) (94 0.0502) (90 -0.045) (100 -0.0439) (116 -0.0331) (84 -0.03) (82 -0.0281) (51 -0.0258) (124 -0.0251) (71 -0.025) (72 0.024) (55 -0.0237) (104 0.0234) (113 -0.0228) (92 -0.0208) (93 -0.0192) (65 0.0165) (60 0.0151) (81 -0.0146) (56 0.0142) (80 -0.0139) (125 -0.0137) (89 0.0133) (85 -0.0126) (86 0.012) (141 -0.0118) (79 0.0115) (83 0.0104) (53 0.0102) 
   0.0042491   (141 -0.996) (145 -0.0724) (146 0.0245) (123 -0.0212) (140 0.02) (142 0.0195) (96 0.014) (105 -0.0132) (120 -0.01) 
    0.004374   (50 0.817) (51 -0.28) (55 -0.239) (56 0.148) (49 0.145) (71 -0.112) (72 0.111) (53 0.108) (48 -0.106) (60 0.0989) (65 0.0956) (57 -0.092) (40 -0.0882) (43 0.0873) (52 0.0826) (123 0.0716) (45 0.0634) (15 0.0627) (84 -0.0617) (107 0.059) (46 0.0527) (105 -0.0513) (82 -0.0504) (120 0.0447) (96 -0.0413) (119 0.04) (74 0.036) (117 0.0351) (68 0.0347) (122 -0.0316) (80 -0.0309) (63 -0.0298) (47 0.0295) (54 -0.0289) (90 -0.0288) (81 -0.0268) (87 -0.0262) (109 0.0256) (121 0.0251) (24 0.024) (118 -0.0231) (108 0.0229) (103 -0.0222) (79 0.0218) (41 0.0218) (16 -0.0212) (64 0.0209) (101 -0.0209) (32 0.0202) (92 0.0199) (38 -0.0189) (112 -0.0187) (124 0.0184) (115 0.0183) (61 -0.0177) (110 0.0168) (59 0.0167) (83 0.0166) (111 -0.0157) (104 -0.0149) (42 0.0149) (66 -0.0149) (69 -0.0127) (97 -0.0126) (14 -0.0126) (98 0.0122) (33 -0.012) (13 0.0119) (12 -0.0111) (20 0.0105) (106 0.0104) (31 0.0102) 
   0.0044252   (71 -0.538) (45 0.446) (46 0.322) (81 -0.32) (80 -0.268) (72 0.232) (50 -0.172) (83 0.169) (93 -0.155) (87 -0.129) (69 -0.0822) (78 0.0786) (76 -0.0778) (43 0.0755) (79 0.0689) (98 -0.0654) (48 0.06) (49 -0.0559) (100 0.0551) (109 -0.055) (67 -0.0527) (97 0.0523) (44 0.0486) (113 0.0485) (51 0.0464) (77 0.0407) (68 0.0404) (105 -0.0403) (107 0.035) (89 0.0349) (85 -0.0338) (47 0.0325) (60 0.0296) (75 0.0295) (73 -0.0276) (90 0.0273) (156 0.0262) (123 -0.0234) (70 -0.023) (114 0.0218) (54 0.0212) (74 0.0204) (96 0.0195) (101 -0.0186) (42 0.0179) (57 0.0174) (82 -0.0171) (99 0.017) (122 0.0169) (118 0.0168) (115 -0.0165) (119 -0.016) (117 -0.0155) (21 -0.0143) (88 -0.0131) (63 -0.0129) (91 -0.0128) (112 0.0125) (103 0.0123) (52 0.0118) (40 -0.0114) (104 0.0113) (65 0.0112) (35 -0.0107) (41 -0.0103) (39 0.01) 
   0.0045709   (156 0.999) (45 -0.0266) (46 -0.0193) 
   0.0046597   (45 0.623) (71 0.464) (46 0.455) (72 -0.196) (81 0.146) (80 0.145) (43 0.135) (79 -0.131) (87 0.0961) (44 0.0887) (109 0.0764) (83 -0.0744) (69 0.0716) (47 0.0708) (40 -0.0617) (67 0.0613) (90 0.0587) (68 -0.0375) (113 -0.0372) (100 -0.0367) (98 0.0349) (76 0.0349) (48 0.0343) (85 0.0342) (105 0.0298) (38 -0.0292) (78 -0.028) (96 -0.0276) (49 -0.0263) (37 0.0249) (75 -0.0241) (15 0.0233) (156 0.023) (57 -0.023) (86 -0.0228) (123 0.0222) (73 0.0216) (114 -0.0196) (122 -0.0193) (118 -0.019) (39 0.0187) (63 0.0183) (42 0.0182) (14 -0.0178) (93 -0.0162) (115 0.0154) (97 -0.0145) (117 0.0141) (110 -0.0139) (54 -0.0137) (35 -0.0134) (112 -0.0131) (70 0.013) (60 -0.0124) (56 0.0123) (107 -0.0121) (24 0.012) (55 -0.0117) (101 0.0116) (82 -0.0113) (84 -0.011) (36 -0.0104) (102 0.0103) (64 -0.0102) 
     0.00475   (21 0.89) (20 -0.347) (136 -0.279) (24 0.0494) (19 0.0367) (15 -0.0323) (16 0.0293) (17 0.0205) (22 0.0195) (23 0.0172) (45 0.0139) (35 0.0139) (7 0.0133) (27 0.0126) (30 0.0126) (36 0.0115) (33 -0.0109) (46 0.0107) (14 -0.0101) 
    0.004916   (136 -0.96) (21 -0.259) (20 0.101) (24 -0.0143) (7 0.0116) (19 -0.0107) 
   0.0051273   (7 -1) (136 -0.0149) 
   0.0053341   (5 -1) 
   0.0054071   (31 -0.433) (27 0.389) (32 0.386) (28 0.357) (135 -0.305) (37 0.295) (14 0.237) (29 -0.204) (30 -0.18) (35 0.159) (38 -0.115) (36 -0.0683) (39 0.068) (17 0.0671) (25 -0.0524) (19 -0.0522) (16 -0.0448) (34 -0.0369) (33 -0.0362) (23 -0.036) (44 0.0318) (20 -0.0287) (40 -0.0268) (18 0.0262) (77 -0.0262) (78 0.0255) (41 0.0252) (22 0.025) (43 -0.0244) (47 0.024) (15 -0.0232) (11 -0.0195) (26 0.0134) (12 -0.0118) (42 -0.0114) (46 -0.0101) 
   0.0054149   (135 -0.952) (31 0.139) (27 -0.125) (32 -0.124) (28 -0.115) (37 -0.0946) (14 -0.0762) (29 0.0655) (30 0.0577) (35 -0.051) (38 0.037) (36 0.0219) (39 -0.0218) (17 -0.0215) (25 0.0168) (19 0.0168) (16 0.0144) (34 0.0118) (33 0.0116) (23 0.0116) (44 -0.0102) 
   0.0056485   (10 0.766) (17 -0.493) (16 -0.305) (14 0.205) (15 -0.0998) (27 -0.0972) (19 0.0877) (22 -0.0413) (37 0.0343) (25 0.0306) (21 0.0285) (20 0.0244) (23 0.0227) (28 -0.0175) (38 -0.0125) (35 0.011) (18 -0.0106) 
   0.0057354   (144 0.999) (10 -0.0267) (17 -0.0213) (16 -0.0131) 
   0.0060499   (10 0.642) (17 0.594) (16 0.365) (14 -0.223) (27 0.121) (15 0.112) (19 -0.11) (22 0.0524) (37 -0.0437) (144 0.0382) (25 -0.0372) (21 -0.0346) (20 -0.0326) (23 -0.0287) (28 0.0204) (11 0.0186) (38 0.0148) (31 0.0147) (12 0.0144) (35 -0.0141) (18 0.0125) (26 0.0124) (77 0.0121) (30 0.0108) (78 -0.0106) 
   0.0063914   (13 -0.881) (12 0.324) (43 -0.277) (42 -0.0891) (41 0.0848) (40 0.0787) (45 0.0652) (47 0.0516) (14 0.0472) (50 0.0442) (15 0.0432) (39 -0.0381) (38 0.0305) (37 -0.0302) (44 0.0254) (48 -0.0239) (46 0.0185) (30 0.0155) (36 0.0153) (31 -0.0135) (49 0.0132) (60 -0.0106) (32 -0.0104) 
    0.006792   (143 -0.999) (43 -0.0324) (13 0.0152) 
   0.0069397   (43 0.793) (13 -0.316) (42 0.238) (40 -0.217) (41 -0.202) (45 -0.159) (47 -0.129) (39 0.114) (12 0.112) (37 0.103) (38 -0.0938) (50 -0.0904) (44 -0.08) (48 0.054) (46 -0.0416) (143 -0.0416) (15 0.041) (36 -0.0405) (74 0.0314) (14 -0.0302) (30 -0.0294) (27 -0.0292) (31 0.0292) (49 -0.0288) (32 0.0279) (18 -0.0267) (24 0.0254) (35 0.0242) (59 -0.0232) (60 0.0217) (80 0.02) (20 0.0191) (64 0.0177) (79 0.0173) (109 0.0162) (56 0.016) (107 0.0155) (52 0.0155) (67 0.015) (55 -0.0145) (84 -0.014) (81 -0.014) (61 -0.0136) (17 -0.0135) (34 0.0128) (63 -0.0126) (22 -0.0116) (66 0.0115) (73 -0.0115) (62 0.0111) (29 0.0111) (28 -0.0104) (19 0.0104) (78 0.0103) (68 0.0101) 
   0.0076575   (12 0.888) (13 0.33) (31 -0.181) (32 -0.177) (30 0.171) (14 0.0449) (29 -0.039) (36 -0.0342) (33 0.0257) (42 0.0224) (41 -0.0221) (40 -0.0192) (66 0.0177) (35 0.0175) (15 0.0161) (138 0.0142) (68 0.0122) (37 0.0121) (18 0.0114) (38 -0.0111) 
   0.0083354   (138 0.992) (32 -0.0639) (31 -0.0633) (30 0.06) (12 -0.049) (13 -0.0177) (29 -0.0139) 

 Largest eigenvalues
      80.843   (162 -0.234) (163 0.96) 
      42.696   (37 0.452) (47 0.32) 
       28.78   (77 0.548) (78 -0.519) 
      15.532   (107 0.635) (109 0.623) 
      4.5869   (120 0.356) (123 0.554) 
      1.4677   (162 -0.972) (163 -0.231) 
      1.2239   (164 -0.999) 
      1.1473   (165 0.997) 
      1.1417   (91 0.903) (101 -0.252) 
       1.135   (101 0.776) (106 0.496) 
      1.1271   (101 0.353) (106 -0.794) 
      0.9187   (111 0.354) (115 -0.766) 
     0.91711   (103 -0.301) (104 0.841) 
     0.86074   (98 -0.409) (99 -0.552) (100 -0.443) 
     0.84774   (111 -0.587) (112 0.303) (124 0.29) 
     0.75821   (110 -0.481) (111 0.326) (115 0.37) (124 0.297) 
      0.6713   (110 0.715) (111 0.303) 
     0.67064   (96 -0.737) (97 -0.271) (98 0.219) (99 0.247) (110 0.225) 
     0.66348   (114 -0.491) (125 0.309) (126 0.429) (145 0.358) 
     0.60025   (111 -0.323) (112 -0.561) (114 0.451) 
     0.59329   (108 0.587) (112 0.331) (114 0.51) 
     0.57609   (108 -0.676) (110 -0.289) (112 0.399) 
     0.57323   (114 -0.357) (121 0.359) (123 -0.423) (129 -0.295) (134 0.372) 
     0.56762   (121 -0.333) (122 0.362) (123 0.328) (124 0.547) (134 0.317) 
     0.56079   (118 0.35) (119 -0.393) (120 0.544) 
     0.54556   (117 -0.704) (118 -0.409) 
      0.5282   (116 0.436) (117 0.328) (119 0.316) (122 0.398) (125 0.323) (134 0.318) 
     0.50089   (116 -0.655) (118 0.257) (121 0.25) (125 0.253) (126 0.274) (129 0.22) (134 0.283) (145 -0.268) 
     0.49341   (116 0.534) (117 -0.323) (126 0.394) (145 -0.317) 
     0.41517   (92 0.972) 
     0.41208   (118 -0.345) (121 -0.354) (129 -0.364) (145 -0.358) 
     0.35078   (94 -0.926) (103 0.213) 
     0.33598   (94 0.331) (103 0.673) (104 0.342) (105 -0.409) 
     0.30273   (102 -0.812) 
     0.29919   (98 -0.41) (100 0.268) (113 -0.33) (119 0.248) (129 -0.276) 
     0.24812   (79 -0.348) (87 -0.661) 
     0.23603   (79 0.5) (98 0.494) 
     0.23029   (79 -0.509) (87 0.599) 
     0.22948   (98 -0.343) (107 0.296) (109 -0.316) (113 0.547) 
     0.18021   (90 -0.807) (93 0.414) 
     0.16093   (90 0.373) (97 -0.521) (109 0.34) 
      0.1513   (86 -0.288) (93 -0.618) 
     0.13757   (85 -0.555) (86 0.696) 
     0.13072   (89 -0.733) (93 0.342) 
     0.12486   (79 0.401) (81 0.505) (83 -0.423) 
     0.11878   (77 0.244) (78 0.241) (80 -0.3) (89 0.261) (93 0.245) 
     0.11261   (59 0.366) (63 -0.321) (69 0.363) 
     0.10744   (58 0.451) (59 -0.615) 
     0.10219   (58 -0.556) (63 0.371) 
    0.094477   (58 0.485) (59 0.296) (63 -0.299) 
    0.090153   (58 -0.446) (59 -0.53) 
     0.08005   (63 0.6) (83 -0.29) 
    0.078554   (63 -0.291) (64 -0.723) 
    0.073928   (61 -0.417) (62 0.439) (64 0.456) 
    0.072833   (61 0.63) (62 -0.324) 
    0.066222   (61 -0.328) (67 -0.29) (119 0.309) 
    0.063242   (61 0.286) (68 0.266) (74 -0.288) (78 0.279) (81 0.253) 
    0.061021   (61 -0.333) (62 -0.557) 
    0.058906   (61 0.238) (62 0.517) (68 -0.278) (74 0.261) (85 -0.212) 
    0.055667   (66 -0.307) (68 0.442) (69 0.306) (72 -0.267) (76 -0.311) 
    0.053357   (66 0.45) (74 -0.304) (80 0.276) (81 -0.324) 
    0.049696   (66 -0.543) (76 0.332) 
    0.047703   (66 0.512) (68 0.325) 
    0.046248   (74 -0.246) (76 -0.357) (77 -0.206) (80 -0.275) (81 0.314) (83 0.27) (88 0.263) 
    0.044129   (33 -0.349) (34 -0.781) (41 0.371) 
    0.042122   (34 0.427) (41 0.64) (42 -0.3) (43 0.306) 
    0.041377   (75 -0.433) (85 -0.264) (88 0.261) (99 0.248) 
    0.040877   (48 -0.437) (49 -0.364) (51 -0.449) (75 0.39) 
    0.032227   (48 0.377) (49 0.297) (51 0.356) (75 0.575) 
    0.031677   (20 -0.289) (26 -0.692) (29 0.417) 
    0.029444   (18 -0.388) (20 -0.502) (26 0.52) 
    0.027576   (20 0.349) (26 0.276) (29 0.387) (42 0.476) (88 -0.284) 
    0.026132   (26 -0.349) (29 -0.696) 
    0.021451   (42 -0.517) (75 -0.324) (88 -0.453) 
    0.020709   (120 -0.307) (126 -0.304) (131 0.672) (134 0.357) 
    0.020567   (128 -0.578) (160 -0.809) 
    0.019069   (128 -0.577) (160 0.312) (161 0.755) 
    0.016975   (128 -0.577) (160 0.498) (161 -0.647) 
    0.015412   (15 0.912) (16 -0.364) 
    0.014715   (139 -0.996) 
