 1 1000
 2 466.193
 3 19.4111
 4 1000
 5 438.27
 6 198.994
 7 999.907
 8 4.51207
 9 991.802
 10 919.186
 11 2.44319
 12 771.916
 13 1000
 14 998.68
 15 0.817932
 16 1000
 17 997.779
 18 2.35456
 19 1000
 20 858.459
 21 138.385
 22 1000
 23 970.276
 24 28.9033
 25 250.436
 26 266.023
 27 16.1621
 28 989.1
 29 219.552
 30 220.033
 31 501.557
 32 81.2338
 33 772.004
 34 217.593
 35 154.753
 36 319.074
 37 987.589
 38 997.745
 39 3.3672
 40 617.52
 41 974.034
 42 1.76556
 43 499.653
 44 869.72
 45 15.8807
 46 999.659
 47 187.159
 48 813.366
 49 958.155
 50 170.542
 51 247.019
 52 165.223
 53 956.426
 54 271.029
 55 156.1
 56 226.467
 57 810.616
 58 83.472
 59 114.747
 60 203.223
 61 23.4979
 62 1.94202
 63 313.903
 64 341.348
 65 1.67285
 66 474.315
 67 862.815
 68 143.404
 69 994.596
 70 1000
 71 950.568
 72 49.4435
 73 999.724
 74 3.5684
 75 997.584
 76 982.025
 77 3.0102
 78 852.781
 79 999.096
 80 12.1599
 81 986.469
 82 991.712
 83 157.966
 84 3.01469
 85 111.469
 86 3.51327
 87 988.441
 88 1.7375
 89 1.66066
 90 1.97784
 91 9.66001
 92 236.762
 93 884.832
 94 957.955
 95 977.091
 96 972.89
 97 259.619
 98 393.707
 99 116.315
 100 954.674
 101 976.388
 102 131.828
 103 147.516
 104 138.35
 105 138.786
 106 160.712
 107 167.552
 108 173.773
 109 134.264
 110 105.284
 111 190.466
 112 204.477
 113 192.615
 114 176.436
 115 191.454
 116 160.35
 117 177.592
 118 200.389
 119 165.687
 120 91.4641
 121 126.566
 122 49.3025
 123 63.9936
 124 39.3021
 125 29.481
 126 50.8403
 127 25.5165
 128 91.8101
 129 61.8136
 130 62.692
 131 19.7208
 132 20.6715
 133 22.5211
 134 35.204
 135 8.36235
 136 47.4777
 137 9.33899
 138 8.84797
 139 8.70887
 140 10.1096
 141 9.97734
 142 8.46307
 143 8.79947
 144 14.7967
 145 14.7957
 146 12.1633
 147 9.66258
 148 25.2985
 149 16.0126
 150 11.5428
 151 13.0692
 152 23.1685
 153 21.4394
 154 13.1321
 155 19.7424
 156 23.9217
 157 45.3764
 158 0.0849201
 159 0.24022
 160 0.324623
 161 5.48267
 162 21.0419
 163 352.817
 164 709.64
 165 5.70671
