 1 38451.6
 2 567.865
 3 23.4666
 4 177207
 5 526.458
 6 238.938
 7 515359
 8 39.2301
 9 10419.4
 10 2708.7
 11 3.89811
 12 1455.7
 13 401311
 14 5420.11
 15 0.827967
 16 301702
 17 4109.65
 18 7.00909
 19 99741.6
 20 2032.13
 21 326.133
 22 164097
 23 3362.25
 24 97.6901
 25 271.214
 26 330.653
 27 19.9657
 28 3065.82
 29 271.003
 30 269.971
 31 505.773
 32 89.3942
 33 853.044
 34 224.951
 35 171.359
 36 354.925
 37 1542.93
 38 2944.24
 39 6.79858
 40 983.524
 41 4442.99
 42 2.07714
 43 670.889
 44 1454.84
 45 25.9383
 46 54000.9
 47 805.238
 48 2976.84
 49 1801.93
 50 176.224
 51 282.011
 52 189.443
 53 2970.52
 54 302.241
 55 210.609
 56 313.594
 57 817.548
 58 84.0234
 59 116.511
 60 208.024
 61 23.9787
 62 1.94762
 63 348.598
 64 348.573
 65 1.67963
 66 483.172
 67 2254.25
 68 617.809
 69 37141.8
 70 175003
 71 2477.23
 72 125.562
 73 18954
 74 24.8786
 75 11387.7
 76 8022.24
 77 4.85063
 78 1720.16
 79 9200
 80 37.7948
 81 2575.64
 82 1570.35
 83 174.095
 84 3.17367
 85 142.671
 86 4.07022
 87 4039.92
 88 1.7378
 89 1.6607
 90 1.97832
 91 11.2154
 92 471.224
 93 2284.47
 94 4285.95
 95 4516.08
 96 2977.17
 97 297.522
 98 421.809
 99 127.678
 100 1525.5
 101 1653.86
 102 139.934
 103 152.316
 104 140.963
 105 140.692
 106 162.183
 107 169.05
 108 175.648
 109 136.537
 110 107.952
 111 192.718
 112 206.876
 113 194.905
 114 178.31
 115 192.842
 116 161.995
 117 179.261
 118 202.558
 119 168.755
 120 94.5558
 121 128.229
 122 51.9286
 123 72.2915
 124 43.1142
 125 31.6024
 126 52.8457
 127 28.009
 128 94.8901
 129 63.8027
 130 64.1124
 131 20.9427
 132 21.9462
 133 23.8534
 134 37.133
 135 9.50964
 136 48.8975
 137 10.5236
 138 10.1329
 139 9.97734
 140 11.514
 141 11.5511
 142 9.83672
 143 10.034
 144 16.0184
 145 16.0406
 146 13.4248
 147 10.9393
 148 26.6372
 149 17.3841
 150 12.7524
 151 14.2624
 152 24.5297
 153 23.3346
 154 14.462
 155 20.9631
 156 25.1229
 157 46.6591
 158 0.157928
 159 0.251394
 160 0.378596
 161 6.36093
 162 22.0095
 163 1051.75
 164 1732.26
 165 7.19732
