 1 31.6228
 2 21.038
 3 1.8248
 4 31.6228
 5 17.6611
 6 8.64701
 7 31.6208
 8 1.05681
 9 31.4132
 10 30.2021
 11 0.98918
 12 27.5895
 13 31.6228
 14 31.5972
 15 0.90324
 16 31.6228
 17 31.5617
 18 0.975719
 19 31.6228
 20 27.3436
 21 5.32689
 22 31.6228
 23 30.7291
 24 1.87289
 25 15.4418
 26 15.3156
 27 1.86057
 28 31.4089
 29 10.9261
 30 10.9602
 31 21.8599
 32 3.67852
 33 26.1831
 34 14.5397
 35 7.81706
 36 14.918
 37 31.4036
 38 31.5623
 39 1.3722
 40 24.5526
 41 31.1534
 42 1.29455
 43 21.8125
 44 28.97
 45 1.84619
 46 31.6141
 47 7.20221
 48 26.0355
 49 30.7697
 50 12.4201
 51 13.2422
 52 9.37086
 53 30.7501
 54 16.2533
 55 8.92809
 56 12.0229
 57 27.8899
 58 8.34263
 59 7.89516
 60 11.8231
 61 4.40603
 62 1.36843
 63 17.3959
 64 17.0153
 65 0.969067
 66 20.6871
 67 27.5104
 68 5.89851
 69 31.4628
 70 31.6228
 71 30.1485
 72 2.91369
 73 31.6166
 74 1.37712
 75 31.5544
 76 31.3178
 77 1.35931
 78 29.1181
 79 31.6006
 80 1.70308
 81 31.24
 82 31.4429
 83 12.1672
 84 1.44594
 85 10.2052
 86 1.52187
 87 31.3477
 88 1.11237
 89 1.05814
 90 1.28382
 91 2.41573
 92 12.553
 93 28.6974
 94 30.5363
 95 31.0208
 96 30.9164
 97 14.6328
 98 18.2514
 99 8.43312
 100 30.4321
 101 31.0024
 102 10.5824
 103 11.3559
 104 10.9282
 105 11.1211
 106 12.2324
 107 12.4167
 108 12.5779
 109 10.5293
 110 8.61111
 111 13.0997
 112 13.9678
 113 13.4755
 114 12.6932
 115 13.0102
 116 11.4532
 117 12.3952
 118 13.4345
 119 12.0349
 120 8.66287
 121 10.8027
 122 6.73863
 123 7.7803
 124 5.56717
 125 5.05171
 126 6.79764
 127 4.36928
 128 8.94835
 129 6.91779
 130 7.28555
 131 3.95504
 132 4.38271
 133 4.55744
 134 5.80201
 135 2.52855
 136 6.79245
 137 2.75129
 138 2.69869
 139 2.68902
 140 2.97503
 141 2.85495
 142 2.58022
 143 2.66172
 144 3.64735
 145 3.66373
 146 3.2485
 147 2.78245
 148 4.8927
 149 3.79199
 150 3.12463
 151 3.33716
 152 4.67406
 153 4.49021
 154 3.45515
 155 4.337
 156 4.77096
 157 6.642
 158 0.0825124
 159 0.386839
 160 0.273174
 161 1.52226
 162 4.2541
 163 16.4235
 164 25.12
 165 0.506276
