 Smallest eigenvalues
  1.9089e-06   (9 1) 
  2.4918e-06   (50 -0.754) (48 -0.368) (49 0.268) (54 0.226) (153 -0.194) (44 -0.179) (51 0.105) (14 0.103) (55 0.102) (38 0.0959) (46 0.0949) (79 -0.0787) (52 -0.0681) (40 0.066) (26 0.0646) (80 0.0601) (53 -0.0588) (56 -0.0562) (61 -0.0539) (77 -0.0487) (71 -0.0404) (74 -0.0389) (76 -0.0377) (30 0.0334) (42 0.0329) (22 0.0282) (72 0.0277) (47 -0.0274) (75 -0.0242) (69 -0.023) (20 -0.0229) (78 0.022) (37 -0.0218) (23 0.0202) (25 -0.0199) (43 -0.0195) (70 0.0174) (60 0.0173) (33 0.017) (68 0.0169) (57 -0.016) (18 0.0156) (84 0.0145) (65 0.0137) (36 -0.0137) (19 -0.0121) (17 -0.0116) (32 0.0116) (63 -0.0108) (29 -0.0107) (73 0.0107) (152 -0.0105) (88 0.0105) (126 0.0103) (59 0.0101) 
  3.3145e-06   (153 -0.98) (50 0.15) (48 0.0732) (49 -0.0532) (152 -0.0452) (54 -0.0448) (44 0.0355) (51 -0.0208) (14 -0.0207) (55 -0.0201) (38 -0.0191) (46 -0.0189) (79 0.0153) (52 0.0135) (40 -0.0132) (26 -0.0129) (80 -0.0117) (53 0.0117) (56 0.0111) (61 0.0106) 
  5.6431e-06   (4 -1) 
  5.7142e-06   (47 0.69) (148 -0.558) (44 -0.294) (46 0.186) (49 -0.132) (45 -0.123) (38 0.12) (14 0.0927) (48 0.0854) (26 0.0673) (79 -0.0578) (40 0.0575) (50 0.0507) (30 0.0366) (80 0.0359) (42 0.0338) (51 0.0307) (61 -0.0289) (52 0.0266) (37 -0.0257) (54 0.0244) (77 -0.0238) (56 -0.0232) (22 0.0229) (41 -0.0227) (39 -0.0211) (71 -0.0207) (55 -0.0204) (20 -0.0197) (78 0.0193) (25 -0.0178) (23 0.0162) (53 -0.0162) (43 -0.0156) (18 0.015) (31 -0.0128) (24 0.0121) (17 -0.0112) (19 -0.011) (35 0.0103) (57 -0.0102) 
   6.094e-06   (148 -0.83) (47 -0.464) (44 0.198) (46 -0.125) (49 0.0888) (45 0.0827) (38 -0.0809) (14 -0.0624) (48 -0.0574) (26 -0.0453) (79 0.0388) (40 -0.0387) (50 -0.0341) (30 -0.0247) (80 -0.024) (42 -0.0227) (51 -0.0206) (61 0.0194) (52 -0.0178) (37 0.0173) (54 -0.0164) (77 0.016) (56 0.0156) (22 -0.0154) (41 0.0153) (39 0.0142) (71 0.0139) (55 0.0137) (20 0.0133) (78 -0.0129) (25 0.012) (23 -0.0109) (53 0.0109) (43 0.0105) (18 -0.0101) 
  1.0026e-05   (1 -0.992) (30 0.0772) (38 -0.0594) (31 -0.0553) (26 0.0372) (35 -0.0245) (32 0.0209) (36 -0.0172) (8 0.0134) (40 -0.0129) 
  1.7922e-05   (155 -0.998) (30 0.0357) (38 -0.0267) (31 -0.0258) (26 0.0184) (35 -0.0118) (14 0.0107) 
  2.6007e-05   (30 -0.591) (38 0.443) (31 0.426) (26 -0.304) (35 0.196) (14 -0.177) (32 -0.154) (1 -0.126) (36 0.125) (40 0.0984) (22 -0.0927) (155 -0.0603) (28 -0.0593) (18 -0.0503) (23 -0.0498) (25 0.0495) (33 0.046) (20 0.0442) (24 -0.0422) (44 -0.0417) (17 0.0416) (37 -0.0409) (16 0.0392) (34 -0.0364) (79 0.0336) (80 -0.0332) (49 0.0312) (43 -0.0247) (19 0.0245) (21 0.0208) (61 0.0202) (13 0.0197) (29 0.0194) (77 0.0163) (55 0.0156) (74 -0.0132) (39 0.0132) (12 -0.0118) (71 0.0114) (8 0.0113) (47 0.0109) (53 0.0107) (42 -0.0104) 
    2.67e-05   (21 -0.705) (46 -0.38) (23 0.333) (22 -0.317) (44 -0.261) (45 0.176) (24 -0.0807) (15 0.0691) (17 -0.0685) (19 -0.0591) (31 0.0586) (30 0.055) (39 -0.0502) (14 0.0488) (38 0.0419) (49 -0.0408) (32 0.0401) (28 0.0352) (79 -0.0288) (33 -0.0288) (34 0.0277) (37 -0.0275) (20 0.0249) (78 0.0244) (50 0.0228) (29 -0.0218) (35 0.0217) (72 0.0212) (80 0.0205) (43 -0.0188) (61 -0.0178) (55 -0.0173) (47 -0.017) (71 -0.014) (52 0.014) (60 0.0129) (66 -0.0124) (63 0.0122) (73 0.0122) (62 0.0118) (68 0.0113) (56 -0.0107) (77 -0.0102) 
   3.861e-05   (157 -0.999) (46 -0.0285) (44 -0.0187) (21 0.0186) (45 0.0131) (22 0.01) 
  0.00010067   (46 0.64) (44 0.419) (21 -0.403) (45 -0.294) (22 -0.217) (23 0.179) (38 -0.144) (49 0.0999) (26 -0.0966) (14 -0.0724) (40 -0.0717) (24 -0.0647) (15 0.06) (47 0.0501) (79 0.0481) (80 -0.0477) (157 -0.0449) (50 -0.0375) (77 0.0357) (30 -0.0355) (20 0.0348) (48 -0.033) (41 0.0327) (32 0.03) (71 0.0295) (31 0.0278) (17 -0.0268) (61 0.0267) (55 0.0255) (72 -0.0244) (19 -0.024) (43 0.0231) (16 0.0231) (25 0.0226) (78 -0.0214) (54 -0.0192) (18 -0.018) (53 0.0173) (56 0.016) (33 -0.0147) (36 -0.0146) (68 -0.0143) (75 -0.0139) (52 -0.013) (42 -0.0119) (37 0.0116) (66 0.0112) (28 -0.011) (34 0.0106) (62 -0.0102) (63 -0.0102) (29 -0.0102) (74 0.0101) 
  0.00011245   (2 -1) 
  0.00012576   (18 -0.624) (14 0.579) (20 0.342) (19 0.27) (26 -0.157) (23 -0.136) (22 -0.128) (25 0.0809) (38 -0.0586) (17 0.0552) (13 -0.0403) (44 0.0396) (37 0.0343) (40 -0.034) (15 -0.0285) (16 0.0272) (46 -0.027) (36 0.0254) (24 -0.0232) (33 -0.0228) (30 -0.0209) (39 0.0195) (35 -0.0193) (12 0.0186) (79 -0.0149) (42 -0.0138) (47 0.0135) (32 -0.0128) (31 -0.0105) 
  0.00018678   (159 -1) 
  0.00020349   (3 -1) 
  0.00020753   (20 -0.73) (22 -0.453) (14 0.327) (26 -0.231) (21 0.172) (19 -0.157) (23 -0.132) (24 -0.0695) (17 -0.0655) (38 -0.0627) (15 0.0551) (25 0.0507) (16 -0.0486) (33 -0.0397) (158 -0.0386) (37 0.0363) (18 0.0318) (40 -0.0302) (13 -0.0218) (44 0.0214) (29 0.0182) (79 -0.0162) (46 -0.015) (32 -0.0135) (12 0.0124) (28 0.0117) (34 0.0103) 
  0.00022698   (158 -0.999) (20 0.0282) (22 0.0175) (14 -0.0127) 
  0.00024177   (7 -1) 
  0.00025822   (29 -0.753) (149 0.371) (26 0.256) (30 -0.225) (28 -0.204) (38 -0.193) (31 0.164) (14 0.135) (32 -0.121) (33 -0.0957) (22 0.075) (48 0.0696) (17 -0.0602) (36 -0.0571) (20 -0.0516) (40 -0.0455) (25 -0.0409) (34 -0.0381) (19 -0.0353) (18 0.0281) (37 0.0224) (75 -0.0188) (41 0.0186) (24 0.0181) (74 -0.0175) (21 -0.017) (43 0.0166) (15 0.0155) (13 -0.015) (35 0.0146) (54 0.014) (79 -0.0136) (51 -0.0127) (80 0.0125) (46 -0.0114) (12 0.0113) 
  0.00029116   (149 0.929) (29 0.301) (26 -0.102) (30 0.0899) (28 0.0817) (38 0.0772) (31 -0.0655) (14 -0.054) (32 0.0482) (33 0.0383) (22 -0.03) (48 -0.0278) (17 0.0241) (36 0.0228) (20 0.0206) (40 0.0182) (25 0.0164) (34 0.0153) (19 0.0141) (18 -0.0112) 
  0.00030012   (6 1) 
  0.00031011   (22 0.687) (26 -0.414) (25 0.352) (14 0.227) (21 -0.196) (20 -0.174) (154 -0.167) (23 0.137) (19 -0.124) (17 -0.101) (38 -0.1) (36 -0.0632) (24 -0.055) (31 0.0541) (15 0.0462) (28 0.0445) (18 0.0428) (41 0.0423) (33 -0.0406) (29 0.0405) (16 -0.0368) (40 -0.0338) (30 -0.0321) (32 -0.0258) (13 -0.0222) (35 0.0216) (37 0.0213) (79 -0.0209) (48 0.019) (43 0.0169) (51 -0.0168) (12 0.0157) (54 0.014) (71 -0.0129) (75 -0.0117) (73 -0.0109) (46 -0.0108) (69 -0.0105) 
  0.00032194   (154 -0.986) (22 -0.117) (26 0.0702) (25 -0.0596) (14 -0.0386) (21 0.0332) (20 0.0295) (23 -0.0233) (19 0.021) (17 0.0172) (38 0.017) (36 0.0107) 
   0.0003298   (57 0.526) (73 -0.463) (71 -0.35) (69 0.325) (70 0.232) (61 0.214) (51 -0.166) (74 -0.155) (44 -0.14) (77 0.126) (66 -0.103) (65 0.0977) (79 0.096) (55 -0.087) (56 0.0862) (72 0.0829) (46 0.0827) (36 -0.0637) (47 -0.0603) (42 0.0559) (80 -0.0551) (75 0.0532) (67 0.0403) (17 0.039) (23 0.0352) (54 0.0349) (35 0.0344) (43 0.0305) (38 -0.0279) (59 -0.0277) (40 0.023) (16 0.0223) (53 -0.0219) (68 -0.0216) (62 -0.0211) (120 0.0206) (21 0.0199) (78 0.0199) (39 -0.0193) (31 0.0177) (126 0.0166) (82 -0.0151) (14 0.0148) (151 -0.0141) (22 -0.0138) (41 0.0137) (26 -0.0136) (25 -0.0134) (123 -0.0134) (34 -0.0128) (130 0.0126) (50 -0.0121) (58 -0.012) (15 -0.0113) (124 0.0109) (33 0.0109) (106 0.0107) (92 -0.0106) (104 -0.0104) (19 0.0103) 
  0.00036111   (73 0.552) (57 0.428) (71 0.381) (151 -0.225) (69 0.195) (44 -0.194) (74 0.176) (55 -0.142) (49 0.14) (66 -0.134) (61 0.13) (46 0.12) (51 -0.119) (65 0.11) (72 -0.104) (70 -0.102) (68 -0.0871) (47 -0.0869) (36 -0.0807) (56 0.0768) (14 0.0735) (67 0.0723) (41 0.0681) (42 0.0677) (50 0.0482) (23 0.0437) (43 0.0434) (40 0.0419) (17 0.0412) (75 -0.0406) (35 0.0388) (123 -0.0283) (63 0.0272) (25 -0.0271) (59 -0.026) (39 -0.0254) (119 -0.0254) (152 -0.0246) (120 -0.0232) (16 0.0228) (33 0.0226) (62 -0.0214) (21 0.0212) (80 0.0194) (84 0.0193) (32 0.0191) (130 0.0186) (30 0.0183) (38 0.0178) (31 0.0169) (22 0.0169) (34 -0.0164) (15 -0.0132) (37 -0.0127) (79 -0.0123) (81 -0.012) (54 -0.0114) (26 0.0114) (78 -0.0113) (58 -0.0109) (133 -0.0106) 
  0.00038555   (151 -0.964) (152 -0.139) (73 -0.122) (57 -0.108) (71 -0.0836) (69 -0.0495) (44 0.0479) (74 -0.0387) (55 0.0345) (61 -0.0333) (49 -0.0328) (66 0.0325) (51 0.0306) (46 -0.0295) (65 -0.0268) (72 0.023) (47 0.0213) (68 0.0205) (70 0.0204) (36 0.0201) (56 -0.0192) (14 -0.0175) (67 -0.0173) (42 -0.0168) (41 -0.0162) (50 -0.0111) (23 -0.0109) (43 -0.0107) (17 -0.0104) (40 -0.0102) 
  0.00040947   (24 0.966) (23 0.154) (26 -0.124) (53 0.0728) (22 -0.068) (52 0.062) (51 -0.0463) (49 0.0401) (14 0.0397) (55 0.0366) (57 -0.0306) (54 -0.0273) (25 0.0251) (17 -0.0237) (44 -0.0235) (46 0.0204) (20 -0.02) (41 0.0189) (47 -0.0187) (36 -0.0174) (50 0.0155) (30 -0.0145) (56 -0.0139) (31 0.0119) (61 -0.0114) (16 -0.0109) 
  0.00045083   (147 0.708) (53 0.38) (52 0.296) (51 -0.276) (55 0.202) (49 0.178) (44 -0.158) (54 -0.147) (57 -0.136) (46 0.101) (24 -0.0955) (47 -0.0756) (14 0.0539) (56 -0.0533) (50 0.0527) (61 -0.0504) (36 -0.0462) (42 0.0445) (26 0.0359) (38 0.0354) (73 -0.0341) (71 -0.0333) (40 0.0299) (35 0.0258) (25 -0.025) (43 0.0247) (41 0.0242) (79 -0.0233) (17 0.0216) (30 0.021) (80 0.0205) (39 -0.0193) (48 -0.019) (70 0.0164) (37 -0.015) (22 0.0149) (33 0.0124) (32 0.012) (21 0.0113) (16 0.011) (72 0.0101) (78 0.0101) 
  0.00048842   (147 0.706) (53 -0.381) (52 -0.297) (51 0.276) (55 -0.203) (49 -0.179) (44 0.158) (54 0.147) (57 0.136) (46 -0.102) (24 0.091) (47 0.0759) (14 -0.0542) (56 0.0535) (50 -0.0529) (61 0.0505) (36 0.0464) (42 -0.0447) (38 -0.0355) (26 -0.0354) (73 0.0342) (71 0.0334) (40 -0.03) (35 -0.0259) (25 0.0249) (43 -0.0247) (41 -0.0244) (79 0.0233) (17 -0.0215) (30 -0.021) (80 -0.0205) (39 0.0193) (48 0.019) (70 -0.0164) (37 0.0151) (22 -0.0146) (33 -0.0125) (32 -0.0121) (21 -0.0113) (16 -0.011) (72 -0.0102) (78 -0.0101) 
   0.0004966   (52 -0.751) (41 -0.419) (53 0.233) (51 -0.231) (57 -0.169) (55 -0.169) (44 -0.164) (54 -0.118) (49 0.114) (46 0.0892) (50 0.0781) (42 0.0776) (61 -0.067) (56 -0.0647) (38 -0.0596) (47 -0.0486) (79 -0.0319) (80 0.0271) (70 0.0259) (69 0.0216) (37 0.0214) (71 -0.0211) (150 0.0211) (48 -0.0198) (78 0.0195) (26 -0.014) (23 0.0139) (73 -0.0124) (36 -0.0112) (77 0.0106) (31 0.0106) 
  0.00050432   (150 0.953) (41 0.26) (52 -0.0972) (38 0.0582) (51 -0.0428) (55 -0.0299) (53 0.029) (44 0.0288) (42 -0.0267) (57 -0.0242) (14 0.0226) (26 0.0213) (40 0.0182) (36 -0.0167) (49 -0.0165) (35 0.0164) (30 0.0162) (25 -0.0154) (39 -0.014) (54 -0.0129) (79 -0.0125) (61 -0.012) (37 -0.0111) (80 0.0109) (73 -0.0108) (56 -0.0106) (71 -0.0104) (43 0.0103) 
  0.00052026   (41 -0.797) (52 0.361) (150 0.301) (38 -0.18) (51 0.152) (53 -0.108) (55 0.107) (57 0.0884) (44 -0.0798) (42 0.0791) (14 -0.0716) (26 -0.0664) (40 -0.0571) (36 0.0538) (35 -0.0521) (30 -0.0508) (54 0.0491) (25 0.0486) (49 0.0446) (39 0.0441) (61 0.0428) (79 0.0419) (56 0.038) (80 -0.0365) (73 0.0355) (71 0.0347) (37 0.0337) (43 -0.0325) (31 0.0244) (70 -0.0242) (23 -0.0204) (32 -0.0197) (18 -0.017) (33 -0.017) (48 -0.0148) (34 0.0144) (78 -0.0143) (46 0.0139) (50 0.0132) (17 -0.0127) (72 -0.0123) (21 -0.0109) (68 -0.0108) 
  0.00052701   (69 -0.68) (70 -0.395) (73 -0.319) (57 0.291) (71 0.29) (51 -0.163) (77 0.126) (49 -0.113) (50 -0.0934) (61 0.0903) (74 -0.0797) (53 0.0624) (44 -0.0592) (56 0.059) (72 0.0517) (55 -0.0493) (36 -0.0357) (146 -0.0345) (46 0.0343) (68 0.0335) (42 0.0315) (78 0.0283) (54 -0.0273) (80 0.0248) (23 0.0247) (76 0.0222) (65 0.0219) (17 0.0218) (84 0.0208) (35 0.02) (47 -0.02) (52 -0.019) (48 0.0184) (38 -0.0183) (43 0.0167) (123 -0.0165) (41 -0.0157) (130 0.0151) (67 -0.015) (66 -0.0146) (22 -0.0126) (16 0.0126) (59 -0.0125) (121 0.0123) (40 0.0122) (39 -0.0117) (126 0.0115) (21 0.0112) (82 -0.0108) (124 0.0108) (90 0.01) 
  0.00055224   (146 -0.822) (49 0.358) (50 0.273) (51 0.194) (53 -0.169) (44 -0.113) (69 -0.0781) (73 -0.0774) (46 0.0717) (41 0.0583) (54 0.0553) (47 -0.0503) (14 0.0391) (48 -0.0346) (38 0.0338) (71 -0.0314) (79 -0.0307) (80 0.0273) (52 -0.0267) (36 -0.0263) (57 -0.0256) (56 -0.0254) (42 0.0248) (40 0.0224) (25 -0.0216) (68 0.0203) (72 0.0198) (26 0.0194) (55 0.0172) (70 -0.0162) (30 0.0157) (35 0.015) (23 0.0138) (39 -0.0132) (43 0.0131) (66 0.0129) (22 0.0123) (17 0.0123) (74 -0.0121) (67 -0.0111) (130 0.0105) (32 0.01) 
  0.00057226   (146 -0.568) (49 -0.512) (50 -0.39) (51 -0.27) (53 0.241) (44 0.168) (69 0.155) (73 0.132) (46 -0.106) (41 -0.0834) (54 -0.0785) (47 0.0742) (14 -0.0571) (48 0.0489) (38 -0.0478) (70 0.0474) (79 0.0448) (80 -0.0411) (36 0.0405) (52 0.04) (42 -0.038) (40 -0.0333) (56 0.0331) (72 -0.0319) (25 0.0317) (68 -0.0316) (71 0.0281) (26 -0.0277) (35 -0.0231) (30 -0.023) (74 0.0224) (55 -0.0217) (23 -0.0216) (43 -0.0201) (39 0.02) (17 -0.0193) (57 0.0188) (66 -0.0178) (67 0.017) (22 -0.0169) (32 -0.0148) (33 -0.0139) (45 -0.0138) (37 0.0125) (18 -0.0117) (65 0.0113) (34 0.011) (21 -0.0107) (119 0.0105) (20 0.0104) 
  0.00065042   (40 0.758) (39 -0.405) (25 -0.218) (23 0.216) (38 -0.206) (44 0.153) (36 -0.145) (42 -0.114) (26 -0.103) (17 0.094) (21 0.0847) (37 0.0786) (41 -0.0777) (43 -0.068) (46 -0.0657) (35 0.0649) (14 0.0527) (16 0.0517) (51 0.0424) (47 0.0402) (57 -0.0347) (24 -0.0333) (31 0.0272) (15 -0.0262) (19 0.024) (30 -0.0202) (34 -0.0197) (22 0.0195) (55 0.0157) (33 0.0147) (20 -0.0119) (49 -0.0107) (29 0.0105) (54 -0.0103) 
  0.00068784   (25 -0.632) (23 0.516) (40 -0.27) (36 0.226) (26 -0.223) (21 0.17) (39 0.151) (14 0.139) (17 0.132) (22 0.125) (35 -0.12) (24 -0.0807) (16 0.0709) (38 0.0699) (31 -0.0659) (33 -0.0572) (34 0.0519) (32 -0.0507) (20 -0.0478) (30 -0.0452) (141 -0.0398) (15 -0.0378) (44 0.0309) (27 -0.0292) (19 0.0264) (37 -0.0196) (29 -0.0196) (49 -0.0192) (41 -0.0169) (46 -0.0137) (28 -0.0127) 
  0.00077396   (141 -0.999) (25 0.0266) (23 -0.022) 
  0.00078788   (49 -0.459) (44 -0.413) (51 0.406) (47 -0.372) (46 0.323) (17 0.234) (57 -0.149) (48 0.145) (43 0.129) (16 0.115) (42 0.113) (55 0.0979) (36 -0.0971) (14 0.0847) (54 -0.0829) (18 0.0824) (41 0.0728) (38 -0.0708) (35 0.0493) (15 -0.0455) (26 -0.0386) (50 -0.0383) (52 -0.0359) (79 0.0353) (20 0.0327) (77 0.0305) (22 -0.0295) (31 0.0295) (61 -0.026) (45 -0.0252) (19 -0.0249) (69 0.0246) (39 -0.0226) (40 0.0221) (37 0.0212) (80 -0.0209) (33 0.0185) (53 0.0171) (34 -0.0159) (29 0.0131) (84 0.0119) (30 -0.0118) (73 -0.0117) (65 -0.0102) 
   0.0010148   (17 0.68) (18 0.391) (16 0.316) (14 0.243) (23 -0.199) (19 -0.175) (44 0.155) (21 -0.138) (20 0.12) (15 -0.112) (36 0.11) (25 0.109) (47 0.106) (46 -0.106) (49 0.0988) (51 -0.0865) (35 -0.0582) (42 -0.0476) (43 -0.0465) (41 -0.0418) (24 0.0403) (22 -0.0356) (48 -0.0345) (31 -0.0331) (33 -0.0304) (26 -0.0276) (57 0.0265) (40 -0.0232) (34 0.0223) (32 -0.022) (54 0.0202) (29 -0.0199) (39 0.0186) (55 -0.0175) (38 0.0142) (30 -0.013) 
   0.0010919   (145 -1) (152 -0.0106) 
   0.0011801   (53 -0.67) (51 -0.475) (36 -0.34) (57 -0.22) (54 -0.199) (55 0.171) (35 0.151) (37 -0.144) (17 0.0642) (49 -0.0622) (40 -0.0605) (23 0.0593) (50 -0.053) (41 -0.0519) (34 -0.0464) (33 0.0451) (31 0.044) (46 0.0423) (39 0.0423) (44 -0.0388) (25 -0.038) (47 -0.0378) (21 0.0373) (16 0.0356) (79 0.033) (14 0.0327) (32 0.0317) (61 -0.0287) (69 0.0281) (77 0.0266) (70 -0.0255) (38 0.0247) (48 0.0243) (30 0.0237) (80 -0.0211) (135 0.0189) (15 -0.0184) (71 0.0175) (22 -0.0163) (19 0.0158) (52 0.0147) (56 -0.0132) (29 0.0128) (68 -0.0102) 
   0.0013396   (36 -0.635) (37 -0.366) (53 0.28) (35 0.278) (51 0.259) (44 0.216) (38 0.164) (40 -0.158) (41 -0.141) (39 0.126) (135 0.119) (42 -0.0958) (46 -0.0956) (14 0.0872) (33 0.0826) (34 -0.0795) (54 0.0793) (23 0.0714) (43 -0.0698) (57 0.0676) (25 -0.0657) (30 0.0643) (31 0.0608) (17 0.0605) (55 -0.059) (32 0.0569) (47 0.0474) (21 0.0412) (26 0.0338) (16 0.0331) (50 0.0229) (20 -0.0218) (15 -0.02) (79 -0.0161) (136 0.0156) (80 0.0128) (24 -0.0127) (71 -0.0125) (70 0.0122) (29 0.0114) (49 -0.0109) 
   0.0014822   (135 0.984) (136 0.127) (36 0.0834) (37 0.0469) (35 -0.0365) (44 -0.025) (51 -0.022) (53 -0.0212) (40 0.0202) (38 -0.0202) (41 0.0179) (39 -0.016) (133 -0.0148) (139 0.0147) (42 0.0113) (14 -0.0112) (33 -0.0109) (46 0.0106) (34 0.0105) 
   0.0014975   (8 -0.982) (35 0.098) (33 0.0875) (36 0.0743) (32 0.0631) (34 -0.0605) (31 0.0414) (38 -0.0284) (30 0.0255) (37 0.0153) (1 -0.0143) (40 -0.0135) (132 0.0128) (26 0.0114) (10 0.0108) (27 0.0101) 
   0.0016642   (132 0.903) (35 0.223) (33 0.193) (36 0.167) (32 0.142) (34 -0.136) (8 0.0906) (31 0.0854) (30 0.0645) (38 -0.0561) (14 0.0464) (26 0.0421) (37 0.034) (40 -0.0283) (27 0.0253) (22 0.0205) (44 0.0202) (23 0.0165) (25 -0.0153) (20 -0.0145) (46 -0.0117) (41 -0.0114) (55 0.011) (42 -0.0101) 
   0.0018535   (35 -0.471) (132 0.43) (33 -0.408) (36 -0.352) (32 -0.299) (34 0.286) (31 -0.18) (8 -0.161) (30 -0.136) (38 0.119) (14 -0.097) (26 -0.0887) (37 -0.0717) (40 0.0597) (27 -0.0533) (22 -0.0432) (44 -0.0427) (23 -0.0348) (25 0.0321) (20 0.0306) (46 0.0248) (41 0.0241) (55 -0.0233) (42 0.0213) (49 0.0188) (45 0.0185) (54 -0.0154) (19 0.0153) (18 -0.0133) (29 0.0113) (50 -0.0107) 
   0.0020452   (35 -0.639) (32 0.503) (31 0.398) (33 0.271) (36 -0.158) (55 0.157) (54 0.131) (37 0.062) (34 -0.0617) (52 -0.0574) (39 0.056) (50 0.0543) (74 0.0535) (49 -0.0477) (38 0.0465) (75 -0.039) (51 -0.0369) (72 0.0298) (128 0.0274) (21 0.0263) (42 -0.0261) (29 -0.0258) (57 0.0255) (71 -0.0242) (68 0.0236) (28 -0.0228) (30 -0.0209) (61 0.02) (73 0.0173) (80 -0.0169) (40 0.0167) (16 0.0161) (27 0.0158) (53 0.0158) (26 -0.0152) (17 0.015) (44 0.015) (46 -0.0147) (60 0.0141) (70 -0.0131) (24 -0.0128) (76 0.0127) (20 -0.0117) (77 0.0111) (43 0.011) (23 0.0106) 
   0.0022064   (74 0.5) (71 -0.399) (75 -0.376) (128 0.314) (68 0.268) (72 0.267) (76 0.205) (69 -0.175) (73 0.163) (80 -0.136) (55 -0.127) (77 0.099) (79 0.097) (65 -0.0855) (67 -0.059) (60 0.0588) (61 0.0585) (83 -0.0575) (57 0.0538) (35 0.053) (62 0.0508) (50 -0.0457) (81 0.043) (52 0.0417) (85 0.0408) (32 -0.0401) (54 -0.04) (70 -0.0354) (66 0.034) (124 0.034) (39 0.0332) (126 -0.031) (51 -0.0307) (44 -0.0283) (46 0.0263) (107 -0.0258) (40 0.0249) (82 -0.0243) (108 0.0241) (87 0.0197) (42 0.0191) (89 -0.019) (48 0.0181) (31 -0.0174) (136 0.0173) (59 0.0163) (53 -0.0161) (93 0.0155) (47 -0.0152) (86 -0.0148) (106 -0.0125) (64 -0.0125) (123 0.0115) (38 -0.0112) (100 -0.011) (122 -0.0107) (30 0.0105) (58 -0.0104) 
   0.0023676   (128 0.57) (55 -0.529) (54 -0.413) (74 -0.188) (52 0.177) (50 -0.126) (75 0.117) (49 0.108) (57 -0.108) (35 -0.107) (51 0.0996) (72 -0.0937) (32 0.0935) (31 0.091) (71 0.0789) (73 -0.0749) (61 -0.0682) (33 0.0657) (68 -0.0652) (70 0.065) (76 -0.0587) (126 -0.0561) (77 -0.0559) (124 0.04) (39 0.0382) (53 -0.0338) (67 0.0328) (60 -0.0325) (84 -0.0324) (80 0.0319) (34 -0.0316) (43 -0.0276) (65 0.0274) (36 -0.0264) (66 -0.0258) (63 0.023) (88 0.0208) (44 -0.0195) (45 0.0178) (56 0.0173) (37 0.0171) (21 0.0161) (123 0.0152) (48 -0.0149) (46 0.0135) (79 -0.0133) (87 -0.0131) (125 0.0127) (81 0.0123) (99 0.0117) (107 0.0113) (90 -0.0109) (29 -0.0108) (38 -0.0105) 
   0.0026499   (128 0.752) (55 0.45) (54 0.326) (52 -0.15) (50 0.113) (71 0.108) (35 0.0821) (49 -0.0803) (31 -0.0766) (32 -0.0727) (69 0.0716) (75 0.0702) (74 -0.0683) (68 -0.0638) (51 -0.0613) (57 0.0583) (33 -0.0581) (39 -0.0453) (72 -0.0421) (126 -0.0418) (76 -0.0414) (70 -0.034) (124 0.0325) (80 0.0324) (136 -0.0324) (53 0.0319) (79 -0.0304) (130 0.0283) (81 -0.0271) (61 0.0264) (44 0.0264) (36 0.0262) (34 0.0262) (83 0.0259) (84 0.0241) (85 -0.0217) (46 -0.021) (43 0.0202) (40 -0.017) (62 -0.0155) (65 0.0155) (133 0.0154) (37 -0.0153) (45 -0.0148) (21 -0.0134) (88 -0.0134) (42 -0.0133) (63 -0.013) (73 -0.0121) (56 -0.0119) (38 0.0111) (17 -0.0108) (89 0.0104) (16 -0.0101) 
   0.0026516   (23 0.601) (25 0.59) (21 0.322) (26 0.213) (54 -0.173) (22 -0.141) (55 0.121) (17 0.119) (36 0.099) (24 -0.0852) (51 0.077) (19 0.0679) (56 -0.0669) (57 0.0668) (38 0.0637) (16 0.0586) (44 0.0541) (35 -0.0424) (52 -0.0422) (34 0.0358) (46 -0.0331) (37 -0.0304) (32 -0.0296) (18 -0.0294) (15 -0.0288) (42 -0.0275) (31 -0.0271) (47 0.0269) (13 0.0235) (61 0.0204) (29 -0.0193) (79 -0.017) (121 0.0142) (77 -0.0141) (49 0.0129) (39 0.0123) (73 0.0122) (50 -0.012) (119 0.0118) (12 -0.0107) (70 0.0107) (74 0.0105) (71 -0.0103) (48 -0.0102) (30 -0.01) 
   0.0028127   (61 -0.86) (56 0.294) (54 0.255) (57 0.131) (55 -0.128) (51 -0.103) (60 -0.103) (23 0.0769) (79 0.0735) (129 -0.0635) (47 -0.0632) (80 -0.061) (52 0.0589) (25 0.0578) (50 0.0561) (46 0.0541) (77 0.0517) (21 0.0404) (63 0.0393) (107 0.0315) (62 0.0299) (72 0.0265) (17 0.0261) (22 -0.0251) (84 -0.0249) (48 0.0236) (49 -0.0224) (73 -0.0224) (59 -0.0217) (120 -0.0213) (42 0.0195) (66 -0.0178) (81 0.0172) (26 0.0168) (70 0.0167) (53 -0.0161) (44 -0.016) (123 -0.015) (38 0.0147) (16 0.0146) (68 0.0141) (110 0.0118) (121 0.0118) (24 -0.0114) (118 -0.0114) (37 -0.0106) (119 -0.0106) (90 -0.0105) (78 0.0103) (108 -0.01) (40 0.01) 
   0.0029124   (129 -0.762) (54 0.386) (55 -0.27) (57 -0.262) (61 0.237) (51 -0.132) (52 0.102) (23 0.101) (25 0.0777) (130 -0.0532) (21 0.053) (56 0.0504) (44 -0.0493) (43 0.0455) (47 -0.0443) (17 0.0361) (46 0.0341) (22 -0.0334) (50 0.0283) (60 0.0277) (70 -0.0268) (71 0.026) (77 0.023) (53 0.0225) (26 0.0222) (79 0.0217) (74 -0.0209) (49 -0.0195) (16 0.0194) (48 0.0185) (68 -0.0183) (84 0.0181) (24 -0.0167) (73 -0.0163) (19 0.0151) (121 -0.0137) (36 -0.0134) (69 0.0134) (42 0.0133) (35 0.0128) (65 -0.0125) (75 0.0125) (72 -0.0122) (59 0.0115) (38 -0.0112) (119 -0.011) (66 0.0107) (45 -0.0106) 
   0.0033792   (129 -0.64) (54 -0.483) (55 0.333) (57 0.297) (61 -0.196) (51 0.167) (23 -0.128) (52 -0.126) (25 -0.0982) (56 -0.0897) (21 -0.0672) (44 0.0601) (47 0.0591) (43 -0.0535) (46 -0.0461) (17 -0.0456) (130 -0.0433) (22 0.0422) (50 -0.0393) (121 0.0377) (79 -0.0325) (77 -0.0322) (71 -0.0304) (70 0.0303) (26 -0.0281) (49 0.0255) (53 -0.025) (120 -0.0247) (16 -0.0245) (48 -0.0243) (74 0.0242) (60 -0.0226) (73 0.0216) (24 0.021) (68 0.0204) (84 -0.02) (122 -0.0196) (19 -0.019) (42 -0.0178) (119 0.0167) (36 0.0164) (69 -0.0163) (35 -0.0161) (65 0.0147) (123 -0.0145) (75 -0.0142) (80 0.0138) (107 0.0136) (45 0.0131) (72 0.012) (108 -0.0119) (38 0.0117) (15 0.0115) (59 -0.0115) (66 -0.011) 
   0.0035709   (42 0.892) (65 0.228) (44 0.209) (66 -0.189) (84 -0.151) (46 -0.0947) (43 -0.0878) (57 -0.0814) (40 0.0555) (67 0.0523) (41 0.0503) (47 0.045) (125 -0.0441) (51 0.0396) (68 0.0343) (87 -0.0332) (38 0.0307) (55 0.0305) (69 -0.0283) (49 -0.0277) (39 -0.0267) (37 -0.0242) (70 0.0221) (54 0.0219) (56 -0.0215) (36 -0.0205) (14 0.0196) (72 0.0188) (33 0.018) (74 0.0174) (45 0.0159) (75 -0.0154) (31 0.0145) (23 0.0144) (108 0.0138) (32 0.0124) (77 0.0124) (90 0.0123) (82 0.0112) (73 -0.0106) 
   0.0036557   (84 -0.85) (125 -0.397) (65 -0.161) (87 -0.145) (66 0.135) (42 -0.0777) (79 -0.068) (108 0.0652) (57 0.0634) (90 0.0603) (126 -0.0599) (82 0.0551) (80 0.0531) (44 -0.0434) (67 -0.0401) (77 -0.0394) (91 0.0383) (51 -0.0381) (107 -0.0369) (85 -0.0317) (61 0.0314) (86 -0.031) (124 0.0303) (54 0.0294) (78 0.0279) (46 0.0277) (88 0.0271) (43 0.0263) (83 -0.0257) (93 0.0245) (47 -0.0229) (81 -0.0222) (68 -0.0212) (122 0.0203) (110 -0.0178) (96 0.0148) (94 -0.0143) (92 0.0143) (106 -0.0128) (49 -0.0122) (111 -0.0117) (123 -0.0114) (120 0.0105) (119 -0.0103) (41 -0.0103) 
    0.003801   (125 -0.701) (84 0.415) (65 -0.364) (66 0.303) (42 0.208) (126 -0.136) (67 -0.0851) (57 0.0743) (87 0.0735) (68 -0.0592) (69 0.0547) (79 0.0448) (70 -0.0442) (80 -0.0405) (90 -0.0405) (74 -0.0382) (108 -0.0366) (56 0.0364) (124 0.036) (72 -0.0358) (75 0.0348) (82 -0.0292) (43 -0.0279) (54 -0.0273) (83 0.0221) (41 0.0219) (77 -0.0217) (49 0.0193) (91 -0.0191) (55 -0.0189) (78 -0.0173) (44 0.0171) (47 0.0165) (73 0.0165) (107 0.0164) (86 0.0162) (85 0.0153) (40 0.0141) (63 0.0138) (110 0.0135) (88 -0.0131) (92 -0.0129) (50 -0.0128) (36 -0.0128) (76 -0.0126) (81 0.0115) (46 -0.0114) (45 0.011) (51 -0.0105) 
   0.0040283   (125 -0.558) (65 0.553) (66 -0.461) (42 -0.277) (57 -0.132) (67 0.131) (126 -0.114) (84 0.0927) (68 0.0864) (69 -0.071) (70 0.0563) (77 0.0546) (72 0.0489) (74 0.0475) (75 -0.0447) (56 -0.0421) (51 0.0376) (61 -0.0305) (73 -0.0254) (41 -0.0239) (40 -0.0239) (36 0.0238) (43 0.0229) (55 0.0222) (124 0.0204) (63 -0.0201) (23 -0.0161) (50 0.0159) (130 -0.0153) (17 -0.0151) (76 0.0144) (93 -0.0134) (35 -0.0131) (49 -0.0129) (33 -0.0126) (80 0.0119) (31 -0.0117) (87 0.0117) (14 -0.0117) (39 0.0113) (54 0.0108) (108 0.0107) 
    0.004113   (106 -0.557) (105 0.555) (112 -0.35) (109 -0.209) (113 0.202) (101 0.171) (116 -0.138) (56 0.136) (92 0.12) (114 -0.111) (98 -0.109) (104 -0.108) (118 0.101) (97 0.0888) (100 -0.0824) (103 0.0757) (107 0.0652) (108 -0.065) (140 0.0515) (115 0.0484) (91 -0.0468) (144 0.0389) (79 -0.033) (61 0.0311) (110 -0.0299) (90 -0.029) (54 -0.0227) (80 0.0226) (55 0.0196) (99 -0.0188) (111 0.0187) (94 0.0179) (117 -0.0173) (121 -0.0166) (57 -0.0165) (77 -0.0144) (87 -0.0127) (70 0.0122) (122 -0.012) (126 0.0103) 
   0.0042248   (140 0.96) (144 -0.276) (106 0.0266) (105 -0.0254) (136 0.022) (56 -0.0128) (101 -0.0106) 
   0.0042703   (56 0.891) (61 0.177) (55 0.165) (57 -0.143) (54 -0.14) (38 -0.105) (47 0.104) (106 0.102) (49 0.0944) (52 -0.0839) (105 -0.0816) (70 0.0634) (79 -0.0619) (51 0.0585) (46 -0.0575) (41 0.0527) (53 0.0505) (14 -0.0476) (44 -0.0448) (50 -0.044) (48 -0.0427) (26 -0.0405) (40 -0.0378) (80 0.0376) (69 -0.0368) (104 0.0341) (112 0.0326) (77 -0.0324) (45 0.0293) (36 -0.029) (101 -0.0272) (37 0.0265) (113 -0.0255) (39 0.0253) (17 0.0245) (109 0.0242) (144 -0.0233) (74 0.023) (19 0.0227) (116 0.0225) (65 0.0221) (84 -0.0207) (92 0.0201) (21 0.0184) (98 0.0182) (63 -0.0174) (90 -0.0165) (118 -0.0159) (110 0.0156) (60 0.0154) (75 -0.0152) (73 0.0151) (102 -0.0146) (114 0.0144) (68 0.0139) (22 -0.0138) (16 0.0128) (107 0.0125) (91 0.0124) (71 -0.0123) (30 -0.0123) (13 0.0121) (25 0.0115) (66 -0.0115) (59 0.0113) (34 -0.0109) (18 -0.0108) (31 0.0107) (72 0.0106) (35 0.0104) (87 0.0101) 
   0.0044189   (45 0.542) (70 0.49) (81 0.372) (46 0.226) (83 0.22) (71 0.191) (69 -0.178) (93 0.162) (79 -0.153) (87 0.138) (77 0.125) (43 -0.106) (80 -0.0976) (100 -0.0782) (78 0.068) (110 -0.0666) (44 0.0568) (96 -0.0492) (82 -0.0479) (72 0.0472) (114 -0.0446) (54 0.0442) (85 0.0427) (49 -0.0409) (66 0.0408) (104 -0.0382) (47 0.038) (74 0.037) (89 0.0355) (98 -0.0354) (61 0.0327) (56 -0.0324) (156 0.0311) (51 -0.031) (65 -0.0296) (27 -0.0288) (84 -0.0272) (67 -0.0261) (38 0.0245) (68 -0.0238) (106 0.0215) (88 -0.0212) (57 0.021) (73 0.0205) (48 0.0191) (101 -0.0189) (76 -0.0175) (36 0.0175) (105 -0.0159) (50 0.0145) (26 0.0144) (75 -0.0138) (55 0.0132) (53 -0.0132) (20 -0.0102) (42 -0.0101) 
   0.0046375   (156 0.999) (45 -0.0303) (46 -0.012) 
    0.004653   (45 0.704) (70 -0.454) (46 0.261) (81 -0.207) (71 -0.185) (69 0.169) (43 -0.132) (78 -0.13) (87 -0.11) (83 -0.106) (47 0.0995) (80 0.0989) (110 0.0773) (44 0.077) (79 0.0729) (90 0.0621) (72 -0.0535) (100 0.0493) (66 -0.046) (77 -0.0429) (38 -0.0361) (114 0.0347) (74 -0.0328) (67 0.0324) (85 -0.0315) (65 0.0312) (104 0.0283) (42 -0.0271) (86 -0.0265) (75 0.026) (57 -0.0254) (40 -0.0208) (14 -0.0205) (41 0.0202) (53 0.0195) (98 0.0194) (156 0.0183) (61 -0.0164) (68 0.0161) (102 0.016) (122 -0.0156) (82 0.0151) (63 0.0148) (108 -0.0134) (92 0.0132) (93 0.0132) (107 0.0129) (37 0.0128) (39 0.0127) (106 -0.0126) (27 -0.0125) (34 -0.0122) (84 0.0119) (49 -0.0119) (26 -0.0117) (101 0.0107) (56 0.0104) (36 0.0102) 
   0.0047174   (27 0.925) (131 -0.369) (31 -0.0297) (33 -0.0288) (35 -0.0268) (45 0.0264) (32 -0.0243) (10 0.0236) (19 -0.0203) (25 -0.0199) (34 0.0192) (93 -0.0158) (26 -0.0158) (28 -0.0144) (29 -0.0139) (110 -0.0135) (37 -0.0128) (70 0.0113) 
   0.0049681   (131 -0.927) (27 -0.365) (10 -0.0847) (31 0.0115) (33 0.0112) (45 -0.0103) (35 0.0103) 
   0.0051944   (10 0.995) (131 -0.0701) (27 -0.0524) (11 -0.0183) (8 0.0116) 
    0.005275   (5 -1) 
   0.0053344   (29 0.511) (26 0.498) (30 -0.427) (38 -0.28) (14 0.227) (31 0.222) (134 -0.218) (33 -0.104) (32 -0.103) (25 -0.0998) (22 0.0831) (37 0.0793) (40 -0.0732) (28 0.0633) (20 -0.0567) (36 -0.0545) (19 -0.0528) (21 -0.0495) (23 0.0471) (24 0.047) (39 0.0464) (17 -0.0403) (18 0.0371) (41 0.0348) (44 0.0331) (16 -0.03) (79 -0.0258) (13 -0.0219) (46 -0.0187) (34 0.0173) (27 0.0173) (80 0.0143) (47 0.0133) (15 0.0111) (56 -0.0108) (55 -0.0108) (77 -0.0106) (43 0.0105) (72 0.0101) 
   0.0054488   (134 -0.976) (29 -0.114) (26 -0.111) (30 0.0952) (38 0.0625) (14 -0.0507) (31 -0.0496) (33 0.0232) (32 0.023) (25 0.0223) (22 -0.0186) (37 -0.0177) (40 0.0163) (28 -0.0141) (20 0.0127) (36 0.0122) (19 0.0118) (21 0.011) (23 -0.0105) (24 -0.0105) (39 -0.0103) 
   0.0056071   (11 -0.822) (18 0.365) (19 0.324) (17 -0.153) (14 0.142) (20 0.12) (16 -0.0964) (26 -0.0904) (22 -0.073) (21 0.0365) (38 -0.0321) (24 -0.027) (13 -0.0206) (25 0.0206) (30 -0.0186) (31 0.0158) (10 -0.0132) (36 -0.0103) (60 -0.01) 
   0.0057679   (142 0.999) (11 0.0264) (18 0.0215) (19 0.0194) 
   0.0059446   (11 -0.569) (18 -0.526) (19 -0.474) (17 0.217) (14 -0.195) (20 -0.173) (16 0.138) (26 0.132) (22 0.107) (21 -0.0546) (38 0.0474) (142 0.0426) (24 0.0379) (25 -0.0317) (30 0.03) (31 -0.0223) (13 0.0176) (36 0.0145) (80 -0.0135) (27 -0.0133) (10 -0.0127) (29 -0.0113) (60 0.011) 
   0.0064796   (13 -0.936) (43 0.307) (12 0.0969) (14 -0.0736) (45 0.0637) (44 0.0463) (40 0.0388) (47 0.0353) (39 0.0338) (17 0.0242) (41 -0.0231) (33 0.0225) (38 0.0194) (16 0.0168) (42 0.016) (54 -0.0158) (32 -0.0153) (19 0.0129) (23 0.0124) (20 -0.012) (61 -0.0107) (37 -0.0105) 
    0.007044   (143 -0.999) (43 0.0333) (13 0.0149) 
   0.0075363   (43 -0.888) (13 -0.32) (45 -0.163) (44 -0.141) (40 -0.102) (47 -0.0874) (38 -0.0835) (41 0.0759) (14 -0.0664) (39 -0.0603) (42 -0.045) (33 -0.0397) (143 -0.0383) (54 0.0376) (72 -0.0359) (37 0.0326) (34 -0.0323) (46 0.0269) (12 0.0262) (25 0.0249) (21 0.0239) (26 -0.0236) (61 0.0235) (67 0.0235) (74 0.0234) (19 0.0232) (49 -0.0231) (59 -0.0221) (17 0.0218) (76 -0.0211) (79 0.0208) (48 0.0204) (63 -0.0204) (78 0.0196) (50 0.0189) (80 0.0171) (56 -0.0162) (51 -0.0161) (107 0.0156) (108 -0.0154) (64 -0.0152) (32 0.0144) (31 0.0141) (84 -0.0134) (62 0.012) (16 0.0112) (85 0.0108) (81 0.0106) 
   0.0076698   (12 0.948) (33 0.221) (34 0.153) (13 0.101) (32 -0.0923) (39 -0.0459) (31 -0.0356) (40 -0.033) (36 -0.0294) (37 0.0294) (30 -0.0276) (14 -0.0217) (138 0.0162) (43 -0.0145) (67 0.0121) (68 0.0115) (66 0.0111) (17 0.011) (38 -0.0107) 
   0.0082544   (138 0.995) (33 0.0669) (34 0.0482) (12 -0.0448) (32 -0.0264) (39 -0.0152) (31 -0.0115) 

 Largest eigenvalues
      192.33   (164 -0.969) 
      30.922   (14 -0.274) (26 -0.233) (38 -0.497) (47 0.256) (79 0.285) (80 -0.245) 
      15.092   (79 0.572) (80 -0.491) 
      7.6888   (107 0.572) (108 -0.636) (110 0.346) 
      4.3054   (140 -0.27) (144 -0.95) 
      1.2781   (163 -0.981) 
      1.2259   (162 0.993) 
      1.1563   (165 0.998) 
      1.1436   (90 0.204) (92 -0.906) (101 -0.227) 
      1.1349   (101 0.713) (105 -0.423) 
      1.1184   (101 0.338) (105 0.545) (106 0.621) 
     0.96355   (111 0.375) (116 0.778) 
     0.93046   (101 -0.309) (103 -0.877) 
     0.91373   (98 -0.691) (99 -0.475) (101 0.321) 
     0.87607   (103 0.305) (111 -0.619) (123 -0.374) 
     0.80498   (109 -0.461) (111 0.461) (116 -0.383) (123 -0.29) (152 0.291) 
     0.77608   (97 -0.308) (109 0.71) 
     0.68766   (97 0.92) (109 0.245) 
      0.6613   (113 0.478) (123 0.409) (152 0.387) 
     0.65592   (112 -0.717) (113 -0.277) (123 0.273) (130 0.224) (152 0.267) 
     0.59961   (107 -0.471) (108 -0.466) (113 -0.555) 
     0.58437   (107 0.508) (108 0.449) (112 0.323) (113 -0.351) 
     0.57573   (113 0.394) (120 0.549) (133 -0.29) (136 -0.327) 
     0.57233   (120 -0.65) (121 0.367) (123 -0.43) (136 -0.292) 
     0.57124   (117 0.371) (118 -0.33) (119 -0.497) (121 -0.547) 
     0.53768   (115 0.243) (117 -0.801) (121 -0.257) (122 0.226) (136 -0.225) 
     0.53512   (115 -0.438) (118 0.473) (119 0.301) (122 0.333) (136 -0.339) 
     0.51507   (115 0.647) (126 0.374) (136 -0.335) 
     0.51057   (115 -0.511) (117 -0.291) (118 -0.374) (126 0.327) (152 -0.305) 
     0.50419   (91 0.973) 
     0.49831   (118 0.457) (121 -0.316) (124 0.378) (130 0.312) (152 -0.373) 
     0.45276   (94 -0.931) (104 -0.231) 
     0.38142   (94 0.331) (102 0.503) (104 -0.703) 
     0.36467   (100 0.294) (102 -0.747) (104 -0.363) 
     0.35643   (98 -0.264) (100 -0.432) (104 0.294) (114 0.37) (122 0.32) (130 0.294) 
     0.31583   (78 -0.31) (87 0.668) 
     0.30048   (78 0.433) (98 0.295) (100 0.443) 
     0.23904   (78 -0.458) (87 -0.587) 
     0.23029   (100 -0.356) (110 -0.435) (114 -0.53) 
     0.22752   (90 -0.767) (93 -0.499) 
     0.22341   (90 0.416) (96 0.525) (110 0.407) 
     0.21336   (86 -0.315) (93 0.605) (110 0.34) 
     0.17527   (85 0.348) (86 0.811) 
     0.15469   (89 -0.755) (93 -0.313) (96 -0.307) 
     0.13959   (78 0.385) (81 -0.429) (83 -0.47) 
     0.13256   (71 -0.235) (77 0.268) (79 -0.229) (81 0.243) (88 0.24) (89 0.261) (93 -0.226) (96 -0.252) (122 -0.237) 
     0.12139   (59 0.429) (63 -0.38) (69 0.248) 
     0.11604   (58 0.386) (59 -0.667) 
      0.1037   (58 -0.532) (63 0.453) 
    0.095203   (58 0.535) (96 0.298) 
    0.094463   (58 -0.488) (59 -0.457) (63 -0.393) 
    0.086992   (63 0.551) (67 -0.279) (83 -0.276) 
    0.081205   (64 0.746) (65 -0.234) (67 0.277) 
    0.077078   (60 -0.304) (62 0.414) (64 -0.559) (67 0.385) 
    0.073794   (60 0.669) (62 -0.345) 
    0.065931   (60 -0.396) (67 -0.268) (114 -0.239) (119 0.281) (124 0.242) (130 -0.228) 
    0.065511   (60 0.345) (62 0.225) (68 0.257) (72 0.284) (76 -0.359) (81 -0.222) 
    0.061499   (60 -0.338) (62 -0.569) (68 -0.29) 
    0.060881   (62 0.485) (68 -0.288) (72 -0.333) 
    0.057195   (68 0.516) (76 0.377) 
    0.056255   (66 0.326) (67 0.263) (72 0.418) (75 0.302) (80 0.258) (81 0.273) (99 -0.272) 
    0.050839   (66 -0.372) (67 -0.392) (76 -0.415) 
    0.047749   (66 0.333) (67 0.371) (68 0.367) (72 -0.347) 
    0.047048   (72 0.305) (76 0.408) (80 -0.238) (81 -0.254) (83 0.245) (88 0.282) 
     0.04534   (32 0.412) (34 0.596) (39 0.521) 
    0.043179   (32 -0.435) (34 -0.358) (39 0.634) (40 0.319) 
     0.04232   (74 0.341) (85 0.325) (99 0.289) 
    0.042137   (48 -0.724) (49 -0.254) (50 0.265) (74 -0.225) 
    0.038053   (48 0.486) (74 -0.497) (75 -0.376) 
    0.032209   (16 -0.469) (28 0.658) (31 0.364) 
    0.029438   (15 -0.755) (16 -0.429) (28 -0.412) 
    0.027867   (15 -0.535) (16 0.57) (28 0.428) 
    0.025506   (15 0.285) (28 -0.376) (30 0.455) (31 0.477) 
    0.021377   (85 -0.447) (88 -0.517) 
    0.021109   (119 0.301) (126 -0.385) (133 0.604) (136 -0.3) 
    0.020576   (127 0.578) (160 -0.809) 
    0.018588   (127 0.577) (160 0.323) (161 0.75) 
    0.016053   (127 0.577) (160 0.487) (161 -0.655) 
    0.015408   (19 0.696) (20 -0.482) 
    0.014445   (137 0.993) 
