 1 31.6228
 2 21.19
 3 1.81248
 4 31.6228
 5 17.5535
 6 8.8654
 7 31.6207
 8 1.048
 9 31.4197
 10 30.1512
 11 0.989235
 12 27.6274
 13 31.6228
 14 31.5952
 15 0.903374
 16 31.6228
 17 31.5594
 18 0.977955
 19 31.6228
 20 27.4373
 21 5.23286
 22 31.6228
 23 30.6976
 24 1.90771
 25 15.4037
 26 15.217
 27 1.88641
 28 31.4023
 29 10.7154
 30 11.1762
 31 21.9002
 32 3.52567
 33 26.5426
 34 14.5345
 35 7.6568
 36 15.2068
 37 31.4082
 38 31.5602
 39 1.3759
 40 24.5591
 41 31.15
 42 1.29486
 43 21.7975
 44 28.9543
 45 1.86422
 46 31.609
 47 8.08374
 48 25.1784
 49 30.7299
 50 12.5831
 51 13.3961
 52 9.3487
 53 30.7516
 54 16.2667
 55 8.82499
 56 12.1696
 57 28.0749
 58 8.41088
 59 8.02874
 60 11.6407
 61 4.40173
 62 1.35971
 63 17.6188
 64 16.8608
 65 0.968327
 66 20.7795
 67 28.0895
 68 5.21261
 69 31.5434
 70 31.6228
 71 29.9944
 72 3.07598
 73 31.6164
 74 1.37645
 75 31.5548
 76 31.3247
 77 1.3633
 78 29.2274
 79 31.601
 80 1.74608
 81 31.206
 82 31.4435
 83 12.7514
 84 1.43741
 85 10.2263
 86 1.49922
 87 31.3513
 88 1.1055
 89 1.05124
 90 1.26571
 91 2.43054
 92 14.1981
 93 28.0252
 94 29.8434
 95 30.8663
 96 30.8527
 97 14.9879
 98 17.8534
 99 8.53214
 100 30.3117
 101 30.9843
 102 10.4937
 103 11.4043
 104 10.9089
 105 11.0886
 106 12.2432
 107 12.42
 108 12.5756
 109 10.5215
 110 8.55667
 111 13.1013
 112 14.0181
 113 13.5054
 114 12.7057
 115 12.9597
 116 11.3616
 117 12.3957
 118 13.4384
 119 11.9989
 120 8.68786
 121 10.7926
 122 6.73736
 123 7.74004
 124 5.56703
 125 5.0796
 126 6.80603
 127 4.39599
 128 8.97601
 129 6.97564
 130 7.27399
 131 3.98576
 132 4.38695
 133 4.55961
 134 5.80532
 135 2.55571
 136 6.7743
 137 2.77801
 138 2.72092
 139 2.70944
 140 2.99285
 141 2.88478
 142 2.59652
 143 2.68191
 144 3.65964
 145 3.67705
 146 3.26785
 147 2.80478
 148 4.8837
 149 3.79845
 150 3.1474
 151 3.36329
 152 4.67038
 153 4.48224
 154 3.47082
 155 4.33863
 156 4.76862
 157 6.64254
 158 0.0941125
 159 0.435187
 160 0.273278
 161 1.48203
 162 4.37939
 163 16.4894
 164 25.076
 165 0.511186
