 1 38615.3
 2 571.84
 3 23.1345
 4 174721
 5 521.252
 6 245.041
 7 548318
 8 40.0478
 9 11395.7
 10 2694.26
 11 3.96394
 12 1487.76
 13 384281
 14 5109.39
 15 0.830161
 16 310266
 17 3997.63
 18 7.06703
 19 106067
 20 2056.18
 21 321.588
 22 165825
 23 3332.35
 24 100.62
 25 269.999
 26 328.239
 27 20.5283
 28 3043.79
 29 265.96
 30 276.754
 31 509.79
 32 85.7493
 33 880.067
 34 224.865
 35 168.583
 36 365.394
 37 1543.27
 38 2949.47
 39 7.07626
 40 983.519
 41 4424.5
 42 2.09287
 43 670.926
 44 1455.29
 45 26.8391
 46 46150.1
 47 970.449
 48 2909.24
 49 1807.29
 50 179.408
 51 291.178
 52 192.651
 53 2960.39
 54 302.223
 55 207.146
 56 316.742
 57 828.687
 58 84.808
 59 120.325
 60 205.329
 61 23.8043
 62 1.91095
 63 352.094
 64 342.617
 65 1.6671
 66 486.355
 67 2421.52
 68 519.728
 69 65122.3
 70 172587
 71 2405.39
 72 135.558
 73 18807.6
 74 25.5183
 75 11810.4
 76 8031.74
 77 5.06136
 78 1743.79
 79 9090.23
 80 41.6091
 81 2604.87
 82 1579.11
 83 190.484
 84 3.14456
 85 143.595
 86 3.80578
 87 4126.14
 88 1.72626
 89 1.6512
 90 1.94535
 91 10.6152
 92 489.693
 93 2060.75
 94 3260.41
 95 3820.86
 96 2824.51
 97 303.683
 98 403.635
 99 127.868
 100 1429.71
 101 1634.13
 102 137.524
 103 152.301
 104 139.525
 105 139.206
 106 161.701
 107 168.353
 108 174.643
 109 134.872
 110 105.845
 111 191.996
 112 207.528
 113 194.923
 114 177.771
 115 190.702
 116 158.996
 117 178.286
 118 201.697
 119 166.994
 120 94.4011
 121 127.176
 122 51.2317
 123 71.7434
 124 41.6595
 125 31.0761
 126 52.1616
 127 27.7719
 128 94.667
 129 63.7574
 130 63.2269
 131 20.4117
 132 21.2684
 133 23.1622
 134 36.4888
 135 8.95558
 136 47.9578
 137 9.95651
 138 9.51126
 139 9.35779
 140 10.928
 141 11.0851
 142 9.21925
 143 9.43964
 144 15.4012
 145 15.4324
 146 12.8298
 147 10.3228
 148 25.8422
 149 16.7153
 150 12.1747
 151 13.7389
 152 23.8197
 153 22.5589
 154 13.8749
 155 20.324
 156 24.4418
 157 46.0135
 158 0.13494
 159 0.311657
 160 0.388895
 161 6.01494
 162 23.4968
 163 964.314
 164 1539.08
 165 6.92159
