 1 1000
 2 472.726
 3 19.2664
 4 1000
 5 437.345
 6 205.673
 7 999.903
 8 4.27001
 9 991.997
 10 916.355
 11 2.44773
 12 774.343
 13 1000
 14 998.572
 15 0.818663
 16 1000
 17 997.695
 18 2.41138
 19 1000
 20 861.555
 21 135.366
 22 1000
 23 969.265
 24 29.9786
 25 249.249
 26 263.024
 27 16.5409
 28 988.761
 29 214.938
 30 225.008
 31 503.885
 32 77.1771
 33 788.799
 34 217.545
 35 151.916
 36 327.639
 37 987.863
 38 997.686
 39 3.45658
 40 617.783
 41 973.856
 42 1.76926
 43 499.158
 44 869.344
 45 16.3971
 46 999.471
 47 215.933
 48 784.689
 49 955.981
 50 174.152
 51 253.049
 52 166.899
 53 956.519
 54 271.334
 55 154.327
 56 230.073
 57 821.448
 58 84.1923
 59 118.384
 60 200.285
 61 23.4512
 62 1.90738
 63 322.004
 64 335.191
 65 1.66038
 66 477.571
 67 882.295
 68 121.642
 69 997.31
 70 1000
 71 945.432
 72 54.5323
 73 999.711
 74 3.55188
 75 997.594
 76 982.452
 77 3.10428
 78 859.27
 79 999.11
 80 13.4116
 81 985.388
 82 991.712
 83 173.672
 84 2.99414
 85 111.702
 86 3.29927
 87 988.592
 88 1.72599
 89 1.65116
 90 1.94494
 91 9.50106
 92 299.722
 93 857.602
 94 930.366
 95 970.974
 96 970.365
 97 271.715
 98 379.604
 99 118.626
 100 949.837
 101 975.595
 102 130.44
 103 148.241
 104 137.603
 105 137.905
 106 160.781
 107 167.405
 108 173.386
 109 133.26
 110 103.688
 111 190.446
 112 205.88
 113 193.408
 114 176.624
 115 189.886
 116 157.847
 117 177.261
 118 200.257
 119 164.351
 120 91.3238
 121 126.155
 122 49.0991
 123 63.1556
 124 38.8061
 125 29.5253
 126 50.8407
 127 25.5776
 128 92.0664
 129 62.3969
 130 62.3096
 131 19.7749
 132 20.5958
 133 22.4338
 134 35.1506
 135 8.37267
 136 47.1559
 137 9.35667
 138 8.82747
 139 8.68589
 140 10.1184
 141 10.0872
 142 8.43329
 143 8.77809
 144 14.7606
 145 14.7746
 146 12.1535
 147 9.63236
 148 25.105
 149 15.9411
 150 11.5495
 151 13.1054
 152 23.0458
 153 21.2931
 154 13.1504
 155 19.6981
 156 23.8373
 157 45.3317
 158 0.0922975
 159 0.298139
 160 0.330993
 161 5.35159
 162 22.4154
 163 354.433
 164 706.182
 165 5.78707
