 Smallest eigenvalues
  1.7929e-06   (10 -1) 
  2.6023e-06   (50 -0.742) (48 -0.425) (54 0.237) (49 0.206) (153 -0.193) (44 -0.184) (51 0.11) (14 0.106) (38 0.103) (46 0.0941) (53 -0.0784) (79 -0.0767) (27 -0.0674) (52 -0.0602) (78 0.0591) (39 -0.0579) (56 -0.0553) (61 0.0548) (80 0.0513) (55 0.0441) (40 -0.0419) (76 0.0416) (47 -0.0391) (69 -0.0347) (71 -0.0345) (74 -0.0329) (42 0.0296) (20 0.0283) (36 0.0243) (22 0.0238) (43 -0.0236) (68 0.0231) (70 0.0219) (77 -0.0217) (75 -0.0212) (72 0.0208) (34 -0.0208) (23 0.0207) (30 -0.02) (31 0.0193) (32 0.019) (25 -0.0177) (33 0.0167) (65 0.0164) (57 -0.0161) (84 0.0148) (60 -0.0144) (41 -0.0142) (63 -0.0126) (19 0.0113) (88 0.0111) (125 -0.0108) 
   3.223e-06   (153 -0.981) (50 0.146) (48 0.0834) (54 -0.0465) (49 -0.0404) (44 0.0361) (51 -0.0215) (14 -0.0209) (38 -0.0203) (46 -0.0185) (53 0.0154) (79 0.0148) (27 0.0133) (52 0.0118) (39 0.0114) (78 -0.0114) (56 0.0108) (61 -0.0107) 
  5.7234e-06   (4 -1) 
  5.7942e-06   (47 0.677) (148 -0.565) (44 -0.302) (46 0.173) (45 -0.15) (38 0.127) (49 -0.124) (48 0.0937) (14 0.093) (39 -0.0697) (27 -0.0688) (79 -0.0542) (50 0.0524) (78 0.0426) (41 -0.0321) (30 -0.0319) (52 0.0308) (51 0.0298) (42 0.0288) (61 0.0288) (80 0.0284) (55 -0.0265) (20 0.0238) (56 -0.0226) (43 -0.0221) (54 0.0215) (22 0.0197) (34 -0.0192) (71 -0.018) (37 -0.0179) (23 0.016) (25 -0.0156) (77 -0.0155) (40 -0.0147) (15 0.0146) (70 0.0138) (53 -0.0117) (24 0.0117) (36 0.011) (28 0.0109) (33 0.0106) 
  6.0305e-06   (148 -0.825) (47 -0.463) (44 0.207) (46 -0.118) (45 0.102) (38 -0.0867) (49 0.0849) (48 -0.0641) (14 -0.0637) (39 0.0477) (27 0.0471) (79 0.037) (50 -0.0358) (78 -0.029) (41 0.022) (30 0.0219) (52 -0.021) (51 -0.0204) (42 -0.0197) (61 -0.0197) (80 -0.0193) (55 0.0181) (20 -0.0163) (56 0.0154) (43 0.0151) (54 -0.0147) (22 -0.0135) (34 0.0132) (71 0.0123) (37 0.0122) (23 -0.0109) (25 0.0107) (77 0.0106) (40 0.0101) 
   9.428e-06   (1 -0.991) (30 -0.101) (38 -0.0536) (27 -0.0423) (34 0.0198) (35 0.0196) (39 0.0134) (28 0.0124) (9 -0.0119) (14 0.0117) (31 0.0107) 
  1.5298e-05   (155 -0.998) (30 -0.0443) (38 -0.0228) (27 -0.0196) (14 0.0106) 
  2.0779e-05   (30 0.758) (38 0.391) (27 0.336) (14 -0.181) (34 -0.158) (35 -0.143) (1 -0.129) (39 -0.0903) (28 -0.0896) (22 -0.0877) (31 -0.0761) (20 -0.0621) (155 -0.0583) (15 -0.0557) (40 -0.053) (23 -0.0513) (24 -0.0437) (25 0.0431) (33 0.0418) (44 -0.0416) (79 0.0347) (29 0.0333) (26 -0.0312) (49 0.0305) (80 -0.0286) (32 -0.0284) (43 -0.0275) (17 -0.0274) (16 0.0248) (36 0.0245) (37 -0.0233) (78 -0.0205) (61 -0.0193) (55 0.016) (41 -0.0124) (74 -0.0123) (9 -0.012) (42 -0.0119) (77 0.0117) (70 -0.0111) (52 -0.0109) (47 0.0108) (13 0.0105) (18 0.0101) 
  2.5896e-05   (21 -0.746) (46 -0.362) (23 0.294) (44 -0.254) (45 0.234) (22 -0.231) (16 0.0824) (15 0.0787) (19 -0.0725) (36 0.0692) (31 0.0608) (18 -0.0601) (24 -0.0596) (38 0.0539) (40 0.0406) (14 0.0397) (49 -0.0386) (78 0.0358) (39 -0.0348) (28 0.0326) (20 -0.0278) (29 0.0244) (34 -0.0244) (43 -0.0235) (79 -0.0234) (50 0.0231) (30 -0.0199) (72 0.0197) (48 0.0189) (61 0.0184) (71 -0.0172) (52 0.0169) (55 -0.0166) (80 0.0164) (47 -0.0146) (62 0.0134) (66 -0.0134) (68 0.0122) (74 -0.0113) (56 -0.0112) (27 -0.0112) (60 -0.0111) (63 0.011) (73 0.0109) 
  3.8195e-05   (157 -0.999) (46 -0.0265) (21 0.0203) (44 -0.0176) (45 0.017) 
  0.00010166   (46 0.595) (21 -0.44) (44 0.396) (45 -0.382) (22 -0.167) (23 0.16) (38 -0.15) (49 0.094) (27 0.088) (16 0.0809) (14 -0.0786) (39 0.0698) (48 -0.0542) (24 -0.0523) (19 -0.0497) (79 0.0462) (47 0.0461) (78 -0.0455) (157 -0.0449) (41 0.0442) (20 -0.0441) (80 -0.0417) (40 0.04) (50 -0.0379) (18 -0.0332) (43 0.0311) (30 0.0307) (55 0.0299) (31 0.0299) (71 0.0284) (33 -0.0275) (61 -0.0267) (15 0.0261) (77 0.0232) (25 0.0222) (72 -0.0202) (52 -0.0184) (68 -0.0177) (36 -0.0169) (28 -0.0164) (69 0.0163) (53 0.0158) (56 0.0157) (29 0.0152) (54 -0.0149) (75 -0.0149) (35 0.0144) (74 0.0133) (66 0.012) (62 -0.0117) 
  0.00011221   (2 -1) 
  0.00013177   (14 0.565) (17 -0.536) (20 -0.474) (18 0.269) (27 0.173) (23 -0.163) (22 -0.115) (25 0.0817) (38 -0.0591) (16 0.0457) (39 0.0445) (44 0.0424) (34 0.0392) (19 0.0365) (37 0.0272) (46 -0.0266) (33 -0.0243) (24 -0.0243) (15 -0.0235) (32 -0.0226) (31 -0.0206) (47 0.0149) (79 -0.0145) (42 -0.0142) (21 -0.0138) (36 -0.0138) (35 -0.0137) (13 -0.0133) (29 0.0119) (26 -0.0108) 
  0.00020818   (159 1) 
  0.00022207   (3 -1) 
  0.00023175   (20 0.721) (22 -0.474) (14 0.329) (27 0.241) (23 -0.168) (19 -0.131) (21 0.0982) (15 0.0913) (24 -0.0754) (38 -0.0631) (17 -0.0597) (25 0.0487) (158 -0.0393) (18 -0.0355) (37 0.0352) (32 -0.0338) (16 0.0314) (39 0.0301) (44 0.0232) (33 -0.0216) (26 -0.0206) (34 0.0179) (40 0.0175) (79 -0.0158) (46 -0.0147) (31 -0.0104) (28 0.0102) 
  0.00023951   (158 -0.999) (20 -0.0284) (22 0.0186) (14 -0.013) 
  0.00024573   (7 -1) 
  0.00026439   (29 0.74) (149 0.367) (27 -0.296) (28 -0.288) (30 0.224) (38 -0.18) (14 0.138) (32 -0.103) (22 0.0715) (20 0.069) (48 0.0683) (35 0.0578) (15 0.0522) (39 0.0449) (31 -0.0426) (25 -0.0372) (16 0.035) (26 0.0299) (19 0.0226) (41 0.022) (40 0.0214) (33 0.0198) (75 -0.0197) (43 0.0175) (24 0.0173) (37 0.0163) (17 0.0145) (54 0.0142) (79 -0.014) (50 -0.014) (74 -0.0136) (51 -0.0119) (18 -0.0114) (80 0.0108) 
  0.00029106   (149 0.93) (29 -0.292) (27 0.117) (28 0.114) (30 -0.0886) (38 0.0712) (14 -0.0545) (32 0.0405) (22 -0.0282) (20 -0.0272) (48 -0.0269) (35 -0.0228) (15 -0.0206) (39 -0.0177) (31 0.0168) (25 0.0147) (16 -0.0138) (26 -0.0118) 
  0.00030245   (6 1) 
  0.00031087   (22 0.704) (27 0.391) (25 0.338) (14 0.233) (20 0.223) (23 0.209) (154 -0.17) (15 0.112) (21 -0.111) (38 -0.0984) (18 -0.0653) (35 0.0578) (30 0.0514) (41 0.0422) (26 -0.0407) (16 0.0397) (32 -0.0397) (28 0.0363) (39 0.0281) (24 -0.0252) (40 0.025) (37 0.0244) (34 -0.0244) (19 -0.0212) (79 -0.0201) (48 0.0199) (43 0.0177) (36 0.0172) (51 -0.0158) (29 -0.0149) (75 -0.0124) (69 -0.012) (73 -0.012) (54 0.0116) (13 -0.0109) (46 -0.0107) (78 0.0106) (12 0.0106) 
  0.00032402   (154 -0.985) (22 -0.122) (27 -0.0675) (25 -0.0585) (14 -0.0403) (20 -0.0386) (23 -0.0361) (15 -0.0193) (21 0.0192) (38 0.017) (18 0.0113) 
  0.00033033   (57 0.518) (73 -0.486) (70 0.333) (71 -0.31) (69 0.245) (61 -0.228) (74 -0.168) (51 -0.166) (44 -0.14) (77 0.111) (79 0.105) (65 0.0974) (66 -0.0925) (55 -0.0837) (46 0.0758) (56 0.0717) (47 -0.0622) (67 0.0618) (34 -0.0556) (42 0.0538) (80 -0.0513) (68 -0.048) (76 -0.0465) (35 0.0462) (15 -0.0437) (72 0.0421) (78 -0.0381) (23 0.0338) (38 -0.0335) (43 0.0314) (59 -0.0274) (53 -0.0264) (39 -0.0264) (62 -0.0236) (120 0.0212) (125 -0.0209) (22 -0.0201) (14 0.0199) (75 0.0199) (63 0.0188) (33 0.0177) (60 -0.0176) (21 0.0167) (31 0.0164) (123 -0.0159) (45 -0.0155) (50 -0.0144) (82 -0.0144) (54 0.014) (152 -0.0136) (106 0.0135) (41 0.0132) (27 0.0127) (25 -0.0124) (88 0.012) (104 -0.0119) (37 0.0119) (129 0.0118) (64 0.011) (92 -0.0109) (84 0.0105) (48 0.0102) 
  0.00036481   (73 0.591) (57 0.422) (71 0.284) (69 0.251) (152 -0.229) (44 -0.194) (74 0.189) (61 -0.143) (49 0.133) (55 -0.125) (68 -0.124) (51 -0.123) (66 -0.117) (46 0.111) (70 -0.107) (65 0.105) (67 0.0972) (47 -0.0904) (14 0.0782) (34 -0.0703) (42 0.0651) (56 0.064) (41 0.0623) (35 0.056) (72 -0.0496) (39 -0.0495) (15 -0.0453) (23 0.044) (43 0.0434) (50 0.0396) (54 -0.0393) (63 0.0342) (31 0.0278) (33 0.0274) (123 -0.0274) (59 -0.0261) (119 -0.0259) (25 -0.0248) (120 -0.0245) (150 0.0239) (62 -0.0227) (21 0.0217) (84 0.0208) (129 0.0186) (45 -0.0181) (32 0.017) (79 -0.0165) (80 0.0164) (75 -0.0152) (38 0.0144) (122 0.0143) (27 -0.0136) (64 0.0123) (48 -0.0114) (131 0.0109) (78 -0.0105) (81 -0.0102) 
  0.00036714   (152 -0.971) (73 -0.133) (57 -0.108) (150 0.065) (71 -0.063) (69 -0.0627) (44 0.0486) (74 -0.0423) (61 0.0372) (49 -0.0319) (51 0.0318) (55 0.031) (68 0.0299) (66 0.0289) (46 -0.0278) (65 -0.0262) (67 -0.0238) (47 0.0226) (70 0.0207) (14 -0.0191) (34 0.0178) (42 -0.0165) (56 -0.0163) (41 -0.0151) (35 -0.0142) (39 0.0123) (15 0.0116) (72 0.0111) (23 -0.0111) (43 -0.0109) 
  0.00042077   (24 0.972) (27 0.114) (23 0.107) (53 0.0859) (22 -0.0795) (51 -0.0486) (52 0.0448) (55 0.0435) (14 0.0401) (49 0.0392) (57 -0.0313) (15 0.0264) (44 -0.0245) (20 0.0217) (25 -0.0201) (47 -0.0201) (46 0.0198) (41 0.0193) (30 0.0168) (54 -0.0156) (56 -0.0144) (35 0.014) (21 -0.014) (50 0.0135) (61 0.0122) (34 -0.0115) (28 -0.0106) (79 -0.0103) 
   0.0004511   (147 0.716) (53 0.43) (51 -0.278) (55 0.233) (52 0.2) (49 0.167) (44 -0.157) (57 -0.136) (24 -0.0971) (46 0.0944) (54 -0.0837) (47 -0.0791) (14 0.0561) (56 -0.0558) (61 0.0532) (34 -0.0444) (42 0.0418) (50 0.0413) (39 -0.0379) (73 -0.0368) (27 -0.0357) (38 0.0339) (35 0.0304) (71 -0.0263) (48 -0.0255) (43 0.0239) (15 -0.0233) (79 -0.0222) (70 0.0208) (41 0.0201) (25 -0.0185) (78 0.017) (45 -0.0166) (80 0.0162) (33 0.0147) (30 -0.0147) (31 0.0145) (21 0.0125) (22 0.0111) (23 0.0103) (68 0.0103) 
   0.0004896   (147 0.698) (53 -0.441) (51 0.285) (55 -0.239) (52 -0.205) (49 -0.172) (44 0.161) (57 0.14) (46 -0.0968) (24 0.0947) (54 0.0858) (47 0.0811) (14 -0.0577) (56 0.0573) (61 -0.0545) (34 0.0455) (42 -0.0429) (50 -0.0423) (39 0.0388) (73 0.0377) (27 0.036) (38 -0.0347) (35 -0.0312) (71 0.027) (48 0.0261) (43 -0.0246) (15 0.0238) (79 0.0227) (70 -0.0213) (41 -0.0207) (25 0.0191) (78 -0.0174) (45 0.017) (80 -0.0166) (33 -0.0151) (30 0.0149) (31 -0.0149) (21 -0.0127) (23 -0.0111) (22 -0.011) (68 -0.0105) 
  0.00050642   (52 -0.768) (41 -0.416) (51 -0.241) (54 -0.194) (55 -0.173) (57 -0.167) (44 -0.166) (49 0.11) (46 0.0842) (38 -0.0727) (61 0.0692) (42 0.069) (50 0.0646) (53 0.0629) (56 -0.0621) (47 -0.0511) (70 0.0322) (79 -0.029) (78 0.0274) (48 -0.0248) (37 0.0229) (151 0.0206) (80 0.0206) (39 0.0203) (71 -0.0168) (27 0.0146) (69 0.0144) (73 -0.014) (45 -0.0131) (23 0.0128) (30 0.0124) (76 -0.0118) (15 -0.0113) (77 0.0111) (35 0.0105) 
  0.00051925   (151 0.956) (41 0.25) (52 -0.0944) (38 0.0627) (51 -0.041) (39 -0.0311) (55 -0.0292) (44 0.0273) (34 -0.0251) (54 -0.0238) (14 0.0233) (57 -0.0228) (42 -0.0217) (27 -0.0215) (150 0.0202) (49 -0.0162) (30 -0.0157) (25 -0.014) (61 0.0119) (79 -0.0116) (73 -0.0114) 
  0.00052954   (41 -0.793) (52 0.365) (151 0.291) (38 -0.201) (51 0.152) (55 0.108) (39 0.101) (54 0.0922) (57 0.0865) (34 0.0826) (44 -0.078) (14 -0.0768) (27 0.0695) (42 0.0663) (30 0.0508) (25 0.0459) (49 0.0457) (61 -0.0438) (79 0.0405) (73 0.0389) (56 0.0355) (43 -0.0327) (37 0.0311) (35 -0.0292) (80 -0.029) (78 -0.0279) (70 -0.0268) (71 0.0245) (53 -0.0239) (23 -0.0206) (33 -0.018) (48 -0.0171) (50 0.0158) (46 0.0148) (31 -0.0137) (15 0.0131) (68 -0.013) (40 -0.012) (21 -0.0119) (20 -0.0111) (69 0.0111) (32 -0.0102) 
  0.00055814   (70 -0.588) (69 -0.482) (71 0.338) (73 -0.326) (57 0.29) (51 -0.165) (77 0.12) (49 -0.118) (61 -0.101) (50 -0.0942) (74 -0.0697) (76 -0.0665) (72 0.0634) (44 -0.0585) (68 0.0547) (53 0.0528) (56 0.0486) (55 -0.0385) (54 -0.0361) (146 0.0343) (34 -0.0315) (46 0.0301) (42 0.03) (65 0.0297) (75 -0.0276) (52 -0.0267) (35 0.0258) (15 -0.0246) (48 0.0238) (23 0.0232) (84 0.0227) (38 -0.0223) (47 -0.02) (123 -0.0198) (43 0.0177) (22 -0.0166) (125 -0.0164) (80 0.0158) (67 -0.0155) (41 -0.0154) (66 -0.015) (129 0.0149) (39 -0.014) (59 -0.0124) (88 0.0114) (37 0.011) (90 0.0106) (82 -0.0104) 
  0.00057934   (146 0.828) (49 0.363) (50 0.26) (51 0.187) (53 -0.159) (44 -0.116) (73 -0.0808) (46 0.0704) (69 -0.069) (41 0.0538) (47 -0.0538) (54 0.0525) (48 -0.0491) (14 0.0412) (38 0.0339) (79 -0.0306) (70 -0.0295) (39 -0.0288) (34 -0.0278) (68 0.0262) (42 0.0242) (57 -0.023) (56 -0.0228) (80 0.0217) (27 -0.0207) (25 -0.0199) (35 0.0166) (78 0.0157) (72 0.0149) (23 0.0145) (71 -0.0136) (67 -0.0136) (15 -0.0133) (43 0.0127) (30 -0.0123) (31 0.0114) (74 -0.0109) (33 0.0109) (66 0.01) 
   0.0006033   (146 0.559) (49 -0.53) (50 -0.38) (51 -0.267) (53 0.233) (44 0.176) (73 0.14) (69 0.132) (46 -0.106) (47 0.0811) (70 0.0798) (41 -0.0787) (54 -0.0756) (48 0.0712) (14 -0.0617) (38 -0.0488) (79 0.0456) (39 0.0436) (34 0.0434) (68 -0.0423) (42 -0.0379) (80 -0.0332) (56 0.0307) (27 0.0304) (25 0.0299) (35 -0.0264) (72 -0.0261) (78 -0.0238) (23 -0.0232) (15 0.0214) (67 0.0211) (74 0.0205) (43 -0.02) (30 0.0182) (31 -0.0174) (33 -0.0167) (76 0.0158) (57 0.0156) (66 -0.014) (77 -0.0135) (21 -0.0127) (75 0.0126) (22 -0.0122) (20 -0.0121) (119 0.0115) (32 -0.0107) 
  0.00066119   (39 -0.83) (38 -0.276) (23 0.222) (25 -0.216) (44 0.153) (40 -0.118) (42 -0.116) (35 0.112) (34 -0.108) (15 -0.105) (27 0.0942) (37 0.0902) (41 -0.0818) (21 0.0806) (43 -0.0713) (14 0.0633) (46 -0.0596) (51 0.043) (47 0.0421) (57 -0.0347) (24 -0.034) (30 0.0266) (33 0.0242) (18 0.0233) (55 0.0167) (22 -0.0163) (31 0.0161) (36 -0.0153) (45 0.0116) (17 -0.0112) 
  0.00070506   (25 -0.629) (23 0.541) (39 0.3) (27 0.2) (34 0.199) (21 0.173) (35 -0.157) (14 0.153) (15 -0.147) (38 0.0961) (24 -0.0863) (31 -0.081) (33 -0.077) (22 0.042) (141 -0.0408) (32 -0.0374) (40 0.0367) (20 0.0355) (18 0.0336) (37 -0.0317) (44 0.0306) (29 0.0202) (28 -0.0191) (49 -0.0187) (26 0.0148) (41 -0.0141) (46 -0.0127) 
  0.00078673   (141 -0.999) (25 0.0271) (23 -0.0236) 
  0.00082433   (49 -0.452) (44 -0.414) (51 0.412) (47 -0.378) (46 0.296) (15 -0.256) (48 0.179) (57 -0.147) (43 0.132) (55 0.111) (42 0.108) (14 0.1) (38 -0.0797) (34 -0.0792) (17 0.0758) (35 0.0716) (41 0.0698) (45 -0.0685) (54 -0.06) (18 -0.0563) (52 -0.044) (27 0.0378) (79 0.0345) (61 0.0302) (20 -0.0286) (22 -0.027) (37 0.0244) (39 -0.0239) (69 0.0237) (33 0.0233) (78 -0.0224) (30 0.0223) (77 0.0222) (50 -0.0212) (31 0.0178) (80 -0.0174) (53 0.014) (84 0.0125) (65 -0.0119) (32 0.0107) (16 -0.0105) (73 -0.0103) 
  0.00099371   (15 -0.739) (17 0.351) (18 -0.286) (14 0.276) (23 -0.198) (44 0.156) (21 -0.134) (47 0.109) (25 0.0993) (49 0.0982) (34 0.0976) (46 -0.0976) (51 -0.0883) (35 -0.077) (20 -0.0676) (43 -0.0476) (16 -0.0474) (19 -0.0468) (42 -0.0461) (48 -0.0424) (41 -0.0402) (24 0.0391) (33 -0.0368) (31 -0.0368) (27 0.0315) (39 0.0279) (57 0.0262) (32 -0.0214) (45 0.0214) (55 -0.0211) (29 0.0192) (38 0.0186) (54 0.0163) (22 0.0108) 
   0.0010779   (144 -1) (150 -0.0154) 
   0.0011714   (53 -0.656) (51 -0.456) (34 -0.264) (35 0.261) (57 -0.224) (55 0.221) (54 -0.168) (52 0.164) (37 -0.143) (39 0.0736) (15 -0.0718) (33 0.0716) (49 -0.0604) (23 0.0577) (31 0.0555) (50 -0.0514) (41 -0.0512) (14 0.0405) (44 -0.0391) (47 -0.0385) (46 0.0382) (25 -0.0352) (79 0.0349) (61 0.0342) (69 0.0341) (21 0.0327) (48 0.0281) (22 -0.0279) (32 0.0272) (36 0.0264) (70 -0.0226) (77 0.0188) (136 -0.0187) (80 -0.0184) (78 -0.0148) (68 -0.0148) (18 0.0147) (29 -0.0117) (38 0.0114) (45 -0.0105) 
   0.0013374   (34 -0.491) (35 0.489) (37 -0.366) (53 0.275) (51 0.251) (44 0.217) (39 0.19) (38 0.147) (41 -0.142) (33 0.129) (136 -0.122) (42 -0.0954) (31 0.0949) (14 0.0948) (46 -0.087) (55 -0.08) (52 -0.0717) (43 -0.0714) (23 0.0709) (54 0.0694) (57 0.069) (36 0.068) (15 -0.0673) (25 -0.0606) (32 0.0526) (47 0.0508) (21 0.0395) (27 -0.0391) (50 0.0239) (30 -0.0238) (45 0.018) (20 0.0167) (79 -0.0162) (29 -0.0144) (24 -0.0137) (70 0.0129) (18 0.0128) (61 -0.0112) (80 0.0107) (73 -0.0105) (78 0.01) (49 -0.01) 
    0.001487   (136 -0.992) (34 0.0656) (35 -0.0653) (37 0.0478) (44 -0.0257) (39 -0.0247) (51 -0.0221) (53 -0.0215) (41 0.0184) (38 -0.0183) (33 -0.0173) (135 -0.0159) (31 -0.0128) (14 -0.0125) (42 0.0115) (139 0.011) (131 0.0109) 
   0.0015015   (9 0.977) (35 -0.141) (34 -0.103) (31 0.065) (33 0.0639) (32 0.0509) (38 -0.0349) (8 0.0246) (39 0.0184) (132 0.0169) (36 -0.0166) (37 0.0145) (27 -0.0132) (1 -0.0128) (44 0.0116) 
   0.0016547   (132 0.886) (35 -0.299) (34 -0.223) (31 0.136) (33 0.134) (9 -0.111) (32 0.105) (38 -0.067) (14 0.0501) (27 -0.0457) (36 -0.0355) (39 0.0346) (37 0.0307) (44 0.0235) (23 0.0173) (20 0.0168) (22 0.0161) (26 -0.0156) (131 0.0154) (25 -0.0137) (46 -0.0137) (30 -0.0134) (40 0.012) (41 -0.0114) (42 -0.0113) (54 0.0102) 
   0.0018676   (35 0.578) (132 0.462) (34 0.431) (31 -0.262) (33 -0.259) (32 -0.203) (9 0.177) (38 0.13) (14 -0.0958) (27 0.088) (36 0.0687) (39 -0.0671) (37 -0.0594) (44 -0.0456) (23 -0.0334) (20 -0.0324) (22 -0.0311) (26 0.0302) (46 0.0266) (25 0.0264) (30 0.0258) (40 -0.0232) (41 0.0219) (42 0.0219) (54 -0.0197) (55 -0.0188) (49 0.0176) (45 0.0149) (21 -0.0126) (50 -0.0111) (79 0.0106) 
   0.0020327   (31 0.672) (34 0.439) (32 0.393) (35 0.216) (33 0.196) (30 0.167) (54 0.165) (55 0.127) (36 -0.104) (52 -0.0757) (74 0.0575) (50 0.0569) (40 -0.0507) (38 0.047) (49 -0.047) (51 -0.0392) (72 0.0349) (75 -0.0315) (28 -0.0306) (21 0.0272) (71 -0.0269) (68 0.0262) (128 0.026) (42 -0.026) (29 0.0247) (15 -0.0229) (57 0.0224) (37 0.0217) (61 -0.0199) (27 0.0194) (80 -0.0166) (46 -0.0155) (44 0.0155) (60 -0.0149) (24 -0.0138) (26 -0.0134) (73 0.0129) (39 0.0129) (23 0.0124) (78 -0.0116) (43 0.0107) (76 -0.0106) (47 0.0103) (17 -0.01) 
   0.0021951   (74 0.546) (71 -0.37) (68 0.315) (128 0.305) (72 0.302) (75 -0.299) (69 -0.204) (76 -0.189) (80 -0.126) (55 -0.122) (79 0.108) (73 0.1) (67 -0.0749) (65 -0.074) (78 -0.0734) (54 -0.0709) (61 -0.0634) (60 -0.0583) (52 0.0575) (83 -0.0566) (57 0.0552) (62 0.0545) (50 -0.0469) (40 -0.0444) (34 -0.0438) (31 -0.0431) (85 -0.0401) (107 -0.0326) (51 -0.0297) (81 0.029) (44 -0.0289) (124 -0.0271) (46 0.0267) (82 -0.0242) (106 -0.0215) (87 0.0191) (42 0.0187) (47 -0.0182) (48 0.0182) (89 -0.0181) (36 0.0169) (135 0.0165) (59 0.0161) (32 -0.0151) (66 0.0149) (93 -0.0149) (86 -0.0147) (122 -0.0129) (30 -0.0118) (100 -0.0114) (63 -0.0114) (58 -0.0113) (38 -0.0107) (123 0.0103) 
    0.002361   (128 0.572) (54 -0.507) (55 -0.419) (52 0.223) (74 -0.201) (31 0.139) (50 -0.128) (72 -0.112) (51 0.103) (49 0.103) (57 -0.0946) (71 0.0935) (75 0.0933) (32 0.0803) (34 0.0706) (68 -0.0698) (61 0.0682) (33 0.0639) (76 0.0596) (73 -0.0585) (70 0.0456) (40 -0.0374) (30 0.0372) (60 0.0343) (124 -0.0334) (80 0.0325) (65 0.0324) (67 0.0322) (84 -0.0317) (35 0.0316) (43 -0.0287) (77 -0.026) (78 0.0228) (56 0.0205) (48 -0.0203) (44 -0.0198) (88 0.0197) (66 -0.0188) (39 0.0173) (46 0.017) (36 -0.0169) (53 0.0167) (63 0.0165) (21 0.0163) (45 0.0155) (123 0.015) (79 -0.015) (81 0.0146) (15 -0.0143) (37 0.0129) (87 -0.0127) (90 -0.0111) (41 0.0105) (29 0.0104) (98 0.0104) 
   0.0026398   (128 0.759) (54 0.405) (55 0.36) (52 -0.189) (50 0.114) (31 -0.11) (69 0.0851) (71 0.0791) (49 -0.0757) (68 -0.0751) (74 -0.0695) (32 -0.068) (51 -0.0641) (33 -0.0558) (75 0.0507) (34 -0.0505) (57 0.0481) (40 0.0481) (72 -0.0379) (135 -0.0345) (70 -0.0338) (79 -0.0319) (76 0.0312) (129 0.0302) (30 -0.0291) (35 -0.0282) (44 0.0262) (80 0.0259) (61 -0.025) (83 0.0249) (46 -0.0232) (81 -0.0223) (85 0.0215) (84 0.0215) (43 0.0205) (131 -0.0204) (77 0.0167) (62 -0.0159) (15 0.0153) (39 -0.014) (56 -0.0138) (37 -0.0136) (21 -0.0129) (88 -0.0126) (42 -0.0125) (78 0.0124) (124 -0.011) (45 -0.0107) 
   0.0026508   (25 0.609) (23 0.578) (21 0.287) (22 -0.254) (27 -0.187) (55 0.151) (54 -0.141) (15 -0.131) (56 -0.0792) (51 0.0782) (35 -0.0744) (34 0.0743) (38 0.0684) (57 0.0634) (18 0.0571) (44 0.0555) (31 -0.0477) (52 -0.039) (24 -0.0387) (20 -0.0333) (46 -0.0311) (33 -0.0304) (37 -0.029) (47 0.0276) (42 -0.0274) (61 -0.0259) (13 0.0237) (17 -0.0209) (79 -0.0165) (121 0.0151) (29 0.0134) (36 0.0132) (119 0.0125) (70 0.0117) (77 -0.0117) (48 -0.0116) (74 0.0114) (78 0.0114) (73 0.0113) (50 -0.0113) (49 0.0109) (12 -0.0107) (41 -0.0103) 
   0.0027842   (61 0.857) (56 0.291) (54 0.206) (57 0.173) (55 -0.163) (60 0.134) (51 -0.103) (79 0.0819) (23 0.0735) (47 -0.0636) (130 0.0608) (25 0.06) (80 -0.0551) (50 0.0543) (52 0.0526) (46 0.0518) (77 0.0401) (22 -0.039) (21 0.0351) (62 0.0348) (107 0.0305) (15 -0.03) (72 0.0292) (59 -0.0272) (63 0.0268) (78 -0.0266) (48 0.0263) (84 -0.0259) (73 -0.0244) (76 -0.0196) (42 0.0191) (120 -0.0178) (44 -0.0169) (123 -0.0168) (66 -0.0164) (49 -0.0163) (70 0.0161) (121 0.0152) (68 0.015) (39 -0.014) (45 -0.0133) (81 0.0132) (108 -0.013) (27 -0.0129) (119 -0.012) (34 -0.0117) (38 0.0115) (90 -0.0112) (74 0.0111) (106 0.0111) (30 0.0111) (118 -0.0103) (104 -0.0101) 
   0.0028817   (130 0.767) (55 -0.34) (54 0.319) (57 -0.265) (61 -0.217) (51 -0.133) (23 0.0961) (52 0.0915) (56 0.0846) (25 0.0799) (129 0.0512) (22 -0.0508) (44 -0.0505) (43 0.0478) (47 -0.0459) (21 0.0454) (15 -0.0402) (53 0.0349) (60 -0.0333) (46 0.03) (70 -0.028) (50 0.0279) (68 -0.023) (69 0.0229) (74 -0.0229) (48 0.021) (79 0.0195) (27 -0.0188) (84 0.0188) (77 0.0188) (78 -0.0181) (71 0.0178) (34 -0.0168) (65 -0.0165) (45 -0.0159) (49 -0.0156) (121 -0.015) (73 -0.0137) (42 0.0128) (38 -0.0124) (72 -0.0123) (59 0.012) (18 0.0117) (119 -0.011) (107 -0.0104) (62 -0.0103) (20 -0.0102) 
   0.0033177   (130 0.635) (55 0.426) (54 -0.404) (57 0.302) (61 0.178) (51 0.171) (56 -0.131) (23 -0.123) (52 -0.115) (25 -0.102) (22 0.0652) (44 0.0625) (47 0.0617) (21 -0.0583) (43 -0.0571) (15 0.0515) (129 0.045) (121 0.0424) (46 -0.0414) (53 -0.041) (50 -0.0391) (70 0.0323) (79 -0.0308) (48 -0.028) (69 -0.028) (60 0.027) (74 0.0267) (68 0.0263) (77 -0.0263) (78 0.0243) (27 0.0239) (71 -0.0214) (34 0.0214) (84 -0.0211) (45 0.0204) (49 0.0204) (65 0.0196) (123 -0.019) (73 0.0189) (107 0.0176) (42 -0.0174) (119 0.0167) (122 -0.0159) (120 -0.0151) (18 -0.0148) (38 0.0137) (20 0.0131) (24 0.0126) (72 0.0121) (59 -0.0118) (35 -0.0114) (80 0.0111) (66 -0.0101) 
   0.0035683   (42 0.895) (65 0.248) (44 0.201) (66 -0.158) (84 -0.149) (43 -0.0851) (46 -0.0846) (57 -0.0829) (67 0.0673) (39 -0.0665) (47 0.0484) (126 -0.0416) (51 0.04) (41 0.0339) (87 -0.0332) (68 0.0322) (38 0.0287) (54 0.028) (45 0.0273) (49 -0.0257) (34 -0.023) (55 0.0225) (72 0.0212) (74 0.0207) (14 0.0206) (56 -0.0185) (37 -0.0184) (69 -0.018) (32 0.0168) (31 0.0168) (107 -0.0164) (73 -0.0158) (75 -0.0148) (23 0.0144) (77 0.0138) (33 0.0134) (70 0.013) (35 0.013) (90 0.0128) (63 -0.0128) (82 0.011) (71 0.0103) 
   0.0036649   (84 -0.853) (126 -0.39) (65 -0.179) (87 -0.146) (66 0.116) (42 -0.0732) (107 -0.0698) (90 0.0637) (57 0.0637) (79 -0.0611) (78 0.0576) (82 0.0548) (67 -0.0524) (44 -0.0432) (80 0.0428) (51 -0.0392) (91 0.0378) (125 -0.0377) (61 -0.0348) (106 -0.0323) (88 0.0295) (83 -0.0281) (77 -0.0281) (54 0.0275) (43 0.0269) (93 -0.0255) (108 -0.0249) (46 0.0249) (122 0.0244) (47 -0.0242) (86 -0.0234) (85 0.0189) (68 -0.0173) (81 -0.0169) (92 0.0168) (96 0.0153) (94 -0.0143) (104 0.0137) (121 -0.013) (103 -0.0119) (49 -0.0117) (109 0.0112) (111 -0.0111) (123 -0.0109) (45 -0.0107) (105 -0.0101) (34 -0.0101) 
   0.0038133   (126 -0.71) (84 0.409) (65 -0.402) (66 0.259) (42 0.213) (67 -0.111) (57 0.0779) (87 0.0731) (68 -0.0568) (74 -0.0464) (79 0.0424) (72 -0.0418) (90 -0.0417) (69 0.0361) (107 0.0357) (75 0.0336) (56 0.0327) (80 -0.0314) (125 -0.0313) (54 -0.031) (78 -0.029) (82 -0.0286) (43 -0.0283) (77 -0.0277) (73 0.0271) (70 -0.0264) (71 -0.024) (76 0.0235) (83 0.0224) (106 0.0188) (63 0.0185) (41 0.0185) (91 -0.018) (49 0.0179) (47 0.0168) (108 0.0168) (44 0.0155) (39 -0.0151) (92 -0.0144) (50 -0.0133) (88 -0.0129) (34 -0.0126) (45 0.0126) (104 -0.012) (86 0.0116) (109 -0.011) (51 -0.0106) 
   0.0040266   (65 0.593) (126 -0.582) (66 -0.383) (42 -0.275) (67 0.166) (57 -0.132) (84 0.0865) (68 0.0786) (74 0.0556) (72 0.0553) (77 0.052) (75 -0.0426) (69 -0.0402) (73 -0.0385) (51 0.0371) (56 -0.0365) (71 0.0348) (61 0.0346) (76 -0.0312) (70 0.0308) (63 -0.0271) (39 0.0263) (34 0.0241) (43 0.0221) (41 -0.019) (125 -0.0176) (15 0.0171) (129 -0.017) (55 0.0165) (54 0.0164) (50 0.0161) (23 -0.0157) (35 -0.0153) (14 -0.0139) (93 0.0132) (31 -0.0126) (49 -0.0116) (33 -0.0115) (87 0.0104) 
   0.0040924   (105 -0.565) (106 -0.499) (112 -0.34) (107 0.251) (113 0.21) (110 -0.192) (101 0.17) (56 0.134) (114 -0.13) (92 0.116) (115 0.113) (118 0.105) (99 -0.0988) (116 -0.0986) (97 0.0893) (103 0.0873) (104 -0.0831) (109 0.0819) (98 0.0707) (100 -0.0536) (91 -0.0512) (145 -0.042) (140 0.0397) (79 -0.0306) (90 -0.0301) (61 -0.0293) (55 0.0273) (78 0.0221) (54 -0.0214) (121 -0.019) (94 0.018) (108 0.0178) (80 0.0175) (117 -0.0175) (111 0.0136) (123 -0.0132) (87 -0.0126) (125 -0.0121) (57 -0.0114) (70 0.011) (52 -0.01) 
   0.0042241   (140 0.983) (145 0.176) (105 0.0221) (106 0.0213) (139 -0.0122) (56 -0.0118) (150 -0.0114) 
   0.0042885   (56 0.886) (55 0.212) (61 -0.166) (54 -0.128) (57 -0.112) (47 0.111) (38 -0.108) (52 -0.1) (106 0.0995) (49 0.0927) (105 0.0839) (51 0.0641) (79 -0.0591) (41 0.0588) (46 -0.0557) (39 0.0542) (48 -0.0538) (70 0.0535) (50 -0.0514) (44 -0.0487) (69 -0.0477) (14 -0.0445) (45 0.0403) (27 0.0398) (53 0.0396) (78 0.0356) (112 0.0305) (80 0.0291) (104 0.0289) (101 -0.0274) (15 -0.0274) (65 0.0265) (113 -0.0262) (74 0.026) (77 -0.0247) (35 0.0241) (68 0.022) (145 0.0219) (37 0.0216) (84 -0.0213) (60 -0.0209) (110 0.0205) (92 0.0199) (109 -0.0194) (18 0.0191) (115 -0.0184) (90 -0.0169) (99 0.0168) (21 0.0166) (118 -0.0165) (114 0.0164) (22 -0.0158) (63 -0.0157) (102 -0.015) (116 0.0146) (34 -0.0145) (107 -0.0126) (91 0.0117) (59 0.0115) (72 0.0114) (73 0.0113) (25 0.011) (30 0.011) (75 -0.0107) (43 -0.0101) (67 -0.01) 
   0.0043944   (45 0.497) (70 0.403) (81 0.368) (71 0.32) (46 0.301) (83 0.218) (69 -0.211) (93 -0.163) (80 -0.162) (87 0.138) (77 0.132) (79 -0.106) (43 -0.101) (78 0.0802) (100 -0.0695) (109 0.0688) (72 0.0594) (44 0.0537) (82 -0.0525) (114 -0.0478) (96 -0.0476) (74 0.0462) (54 0.0461) (85 -0.0431) (49 -0.0409) (98 0.0387) (104 -0.0373) (61 -0.036) (89 0.0356) (66 0.0354) (67 -0.0353) (99 -0.0348) (47 0.0335) (51 -0.0324) (156 0.0298) (56 -0.0297) (65 -0.0273) (76 -0.026) (84 -0.0259) (26 0.0255) (48 0.0243) (38 0.0219) (75 -0.0196) (106 0.0189) (88 -0.0186) (101 -0.0186) (57 0.0184) (35 -0.0182) (105 0.0161) (50 0.0152) (53 -0.0148) (63 -0.0103) (27 -0.0101) 
   0.0046388   (156 0.999) (45 -0.0282) (46 -0.0164) 
   0.0046627   (45 0.663) (46 0.366) (70 -0.365) (71 -0.298) (81 -0.197) (69 0.195) (80 0.131) (43 -0.13) (78 -0.126) (87 -0.108) (83 -0.103) (47 0.0974) (109 -0.0765) (44 0.0736) (72 -0.0625) (90 0.0616) (77 -0.0567) (100 0.0433) (67 0.0415) (66 -0.0395) (38 -0.0387) (74 -0.0374) (114 0.0368) (107 0.0307) (85 0.03) (39 0.0286) (65 0.0281) (75 0.0272) (76 0.026) (57 -0.0254) (42 -0.0253) (41 0.0248) (86 -0.0247) (104 0.0245) (99 0.0236) (14 -0.0209) (156 0.0194) (98 -0.0185) (61 0.0182) (82 0.0178) (53 0.0178) (122 -0.0171) (63 0.0166) (49 -0.0149) (92 0.0143) (27 0.0138) (35 -0.0133) (102 0.0128) (93 -0.0126) (79 0.0114) (101 0.011) (37 0.0107) (25 0.0103) (52 -0.0101) 
   0.0047255   (26 -0.935) (133 -0.342) (27 -0.0654) (25 -0.0292) (34 0.023) (31 -0.0217) (45 0.0215) (18 -0.0198) (35 0.0163) (33 -0.0163) (93 0.0138) (17 -0.0134) (32 -0.0132) (37 -0.0121) (109 0.0119) (46 0.0112) (19 0.0109) 
   0.0049736   (133 -0.938) (26 0.339) (8 0.0551) (27 0.0236) (25 0.0107) 
   0.0051573   (8 -0.998) (133 -0.0488) (26 0.0266) (9 0.0246) 
   0.0052781   (5 1) 
    0.005328   (30 0.516) (27 -0.491) (29 -0.477) (38 -0.276) (134 -0.229) (14 0.225) (28 0.113) (32 -0.109) (39 0.104) (25 -0.082) (35 0.0768) (22 0.0739) (20 0.0718) (37 0.0691) (33 -0.0571) (15 0.0522) (31 -0.0457) (23 0.0429) (24 0.0415) (41 0.0413) (34 0.0359) (44 0.0347) (21 -0.0345) (26 0.0303) (18 -0.0297) (79 -0.0257) (46 -0.0178) (47 0.0142) (78 0.0135) (43 0.0121) (55 -0.0119) (80 0.0114) (56 -0.0108) (13 -0.0102) 
   0.0054628   (134 -0.973) (30 -0.121) (27 0.116) (29 0.112) (38 0.0648) (14 -0.0532) (135 -0.0397) (28 -0.0267) (32 0.0258) (39 -0.0244) (25 0.0193) (35 -0.0181) (22 -0.0174) (20 -0.0169) (37 -0.0163) (33 0.0134) (15 -0.0123) (31 0.0108) (23 -0.0101) 
   0.0056063   (11 -0.812) (17 0.427) (18 0.226) (15 0.191) (14 0.154) (20 -0.135) (16 -0.102) (27 0.0893) (22 -0.0709) (38 -0.0328) (24 -0.026) (19 -0.0246) (21 0.023) (30 0.0214) (26 -0.0183) (25 0.0179) (13 -0.0137) (39 0.0108) 
   0.0057489   (142 0.999) (11 0.0269) (17 0.0242) (18 0.013) (15 0.0107) 
   0.0059324   (17 -0.595) (11 -0.582) (18 -0.319) (15 -0.263) (14 -0.203) (20 0.191) (16 0.139) (27 -0.127) (22 0.102) (38 0.0475) (142 0.0424) (19 0.0403) (24 0.0353) (21 -0.0342) (30 -0.0327) (25 -0.0268) (26 0.0254) (39 -0.0141) (35 -0.0136) (80 -0.0129) (60 -0.0106) 
    0.006481   (13 -0.936) (43 0.308) (12 0.105) (45 0.0643) (40 -0.0583) (44 0.0454) (47 0.0379) (15 -0.0277) (41 -0.0248) (14 -0.0245) (38 0.0229) (32 0.0207) (31 -0.0178) (54 -0.0159) (18 0.0152) (42 0.0151) (39 -0.0142) (107 -0.0121) (23 0.0117) (61 0.0114) (48 -0.01) 
   0.0067414   (143 -0.999) (43 0.0342) (13 0.0154) 
   0.0074784   (43 -0.883) (13 -0.326) (45 -0.163) (44 -0.138) (40 0.129) (47 -0.0934) (38 -0.0914) (41 0.0818) (39 0.0559) (14 -0.0495) (32 -0.0461) (42 -0.0418) (143 -0.0395) (54 0.0389) (72 -0.0315) (12 0.0305) (37 0.0278) (31 0.0266) (25 0.026) (15 -0.0258) (74 0.0257) (27 0.0252) (61 -0.0252) (21 0.0238) (48 0.023) (59 -0.0228) (79 0.0226) (49 -0.0225) (67 0.0222) (107 0.0215) (18 0.0214) (50 0.0198) (63 -0.0192) (76 0.0187) (80 0.018) (51 -0.0176) (36 -0.0163) (64 -0.0159) (56 -0.0155) (78 0.0149) (84 -0.0144) (22 -0.0123) (62 0.0116) (81 0.0113) (85 -0.0106) 
    0.007629   (12 0.946) (32 0.252) (31 -0.151) (13 0.107) (40 0.0503) (37 0.0308) (35 0.0282) (30 0.0184) (33 -0.0162) (137 -0.0159) (43 -0.014) (38 -0.0135) (66 0.0125) (68 0.012) (67 0.0114) (15 -0.0105) 
   0.0082106   (137 -0.994) (32 0.0805) (31 -0.0469) (12 -0.0468) (40 0.0172) 

 Largest eigenvalues
      148.58   (164 -0.968) 
      30.393   (38 -0.5) (79 0.289) 
      15.089   (38 0.296) (78 -0.332) (79 0.572) (80 -0.407) 
      6.1471   (106 0.359) (107 0.798) 
      4.3971   (145 0.974) 
      1.3559   (163 -0.98) 
      1.2256   (162 0.992) 
       1.155   (165 0.998) 
      1.1436   (90 0.217) (92 -0.901) (101 -0.23) 
      1.1353   (101 0.716) (105 0.423) (106 -0.306) 
      1.1219   (101 0.347) (105 -0.524) (106 0.593) 
     0.95966   (111 0.374) (115 -0.785) 
     0.93274   (101 -0.233) (103 -0.899) 
     0.87332   (99 -0.727) (100 0.417) (101 0.352) 
     0.81345   (103 0.295) (111 -0.634) (123 -0.376) 
     0.80065   (110 -0.464) (111 0.467) (115 0.38) (123 -0.304) (150 0.294) 
      0.7788   (97 -0.304) (110 0.731) 
     0.68566   (97 0.92) (110 0.248) 
     0.66139   (112 0.297) (113 0.473) (123 0.384) (125 -0.364) (150 0.388) 
     0.65845   (112 -0.73) (113 -0.276) (123 0.254) (129 0.224) (150 0.264) 
     0.61732   (108 0.665) (113 -0.558) 
      0.5994   (108 -0.669) (110 -0.29) (112 0.322) (113 -0.353) 
     0.57471   (113 0.386) (120 0.522) (129 0.294) (135 -0.348) 
     0.57249   (120 -0.547) (121 0.479) (123 -0.47) 
      0.5703   (117 0.369) (119 -0.53) (121 -0.527) 
     0.54448   (116 -0.215) (117 -0.809) (121 -0.228) (135 -0.225) 
     0.53823   (116 0.43) (118 0.432) (119 0.343) (122 0.34) (124 0.309) (135 -0.337) 
     0.51598   (116 -0.652) (125 -0.337) (135 -0.321) 
     0.51096   (116 0.521) (118 -0.338) (125 -0.391) (150 -0.32) 
     0.49687   (91 0.97) 
     0.44897   (118 0.466) (121 -0.29) (124 -0.282) (129 0.32) (150 -0.382) 
     0.44685   (94 -0.932) (104 -0.236) 
     0.37423   (94 0.327) (102 0.458) (104 -0.729) 
     0.35496   (102 -0.786) (104 -0.316) 
      0.3518   (98 0.321) (100 -0.38) (114 0.362) (122 0.317) 
     0.30166   (78 -0.315) (87 0.665) 
     0.28571   (78 0.448) (98 -0.352) (100 0.402) 
      0.2411   (78 -0.487) (87 -0.584) 
     0.23029   (100 -0.321) (109 0.444) (114 -0.543) 
     0.22474   (90 -0.772) (93 0.485) 
     0.20525   (90 0.408) (96 0.532) (109 -0.428) 
     0.19807   (86 -0.316) (93 -0.61) (109 -0.359) 
      0.1671   (85 -0.317) (86 0.821) 
      0.1457   (89 -0.751) (93 0.321) (96 -0.31) 
       0.137   (71 0.271) (78 0.328) (79 0.317) (81 -0.444) (83 -0.467) 
     0.13091   (71 -0.215) (77 0.32) (79 -0.249) (81 0.235) (83 -0.189) (85 0.201) (88 0.242) (89 0.265) (93 0.226) (96 -0.256) (114 0.209) (122 -0.246) 
     0.11937   (59 0.414) (63 -0.375) (69 0.33) 
     0.11451   (58 0.436) (59 -0.635) 
      0.1035   (58 -0.544) (63 0.446) 
     0.09458   (58 0.506) (59 0.317) (96 0.298) 
    0.093866   (58 -0.454) (59 -0.493) (63 -0.376) 
     0.08462   (59 0.227) (63 0.578) (67 -0.262) (83 -0.278) 
    0.080711   (64 0.749) (65 -0.214) (67 0.277) 
    0.077041   (60 0.354) (62 0.426) (64 -0.526) (67 0.381) 
    0.073727   (60 -0.686) (62 -0.284) (68 -0.234) 
    0.065589   (60 0.38) (67 -0.276) (114 -0.235) (119 0.279) 
    0.064563   (60 -0.316) (72 0.281) (76 0.34) 
    0.061286   (60 0.3) (62 -0.587) (68 -0.291) 
    0.058777   (62 0.497) (72 -0.329) 
    0.056991   (66 -0.292) (68 0.515) (76 -0.371) 
    0.056224   (66 0.359) (72 0.398) (75 0.321) 
    0.050427   (66 -0.408) (67 -0.374) (76 0.422) 
    0.047932   (66 0.368) (67 0.362) (68 0.368) (72 -0.329) 
    0.047037   (72 0.285) (76 -0.434) (80 -0.261) (81 -0.271) (83 0.25) (88 0.291) 
    0.045305   (33 -0.727) (40 -0.539) 
    0.042931   (31 -0.298) (33 0.506) (40 -0.732) 
    0.042302   (74 0.304) (85 -0.337) (98 0.289) (124 -0.27) 
     0.04193   (48 -0.676) (49 -0.29) (50 0.302) 
    0.038306   (48 0.484) (74 -0.423) (75 -0.427) 
      0.0321   (16 -0.406) (19 -0.403) (28 0.597) (36 0.414) 
    0.029441   (16 -0.736) (19 0.442) (28 -0.347) 
    0.027889   (16 0.361) (19 0.674) (28 0.416) 
    0.025582   (16 0.3) (19 -0.29) (28 -0.459) (36 0.523) (37 0.329) 
    0.021368   (36 -0.388) (85 0.439) (88 -0.485) 
    0.021236   (122 -0.322) (125 0.404) (131 -0.623) (135 -0.311) 
    0.020612   (127 0.578) (160 -0.809) 
    0.018664   (127 0.577) (160 0.318) (161 -0.752) 
    0.016117   (127 0.577) (160 0.492) (161 0.652) 
    0.015385   (15 -0.343) (18 0.786) 
     0.01457   (138 0.994) 
