 1 31.6228
 2 24.6397
 3 0.928185
 4 31.6228
 5 27.7475
 6 1.10574
 7 31.6228
 8 5.85647
 9 26.6339
 10 30.5271
 11 3.91168
 12 15.7135
 13 31.6228
 14 31.6209
 15 0.902105
 16 31.6228
 17 31.6171
 18 0.903647
 19 31.6228
 20 31.5784
 21 0.949192
 22 31.6228
 23 31.6077
 24 0.912247
 25 14.1177
 26 16.1816
 27 1.19909
 28 31.5594
 29 21.1312
 30 3.08185
 31 20.5738
 32 15.2713
 33 9.8142
 34 13.9936
 35 18.1239
 36 4.08088
 37 31.4954
 38 31.6109
 39 1.305
 40 24.0994
 41 31.1887
 42 1.28483
 43 20.9711
 44 29.4299
 45 1.43737
 46 31.5892
 47 30.8103
 48 2.27365
 49 30.4034
 50 13.2629
 51 17.9388
 52 5.53294
 53 30.7863
 54 16.8625
 55 7.34131
 56 14.3532
 57 24.9389
 58 8.8717
 59 11.6877
 60 6.92488
 61 4.1737
 62 1.31731
 63 20.244
 64 12.4438
 65 0.991675
 66 22.8397
 67 28.4549
 68 4.74027
 69 31.6226
 70 31.6228
 71 31.6015
 72 1.29451
 73 31.6185
 74 11.0907
 75 22.1967
 76 30.4458
 77 1.65338
 78 26.5113
 79 31.5949
 80 4.7829
 81 28.3862
 82 31.4453
 83 26.1905
 84 1.30196
 85 10.9333
 86 1.39674
 87 31.4399
 88 1.36012
 89 1.25263
 90 1.42323
 91 2.31914
 92 21.6017
 93 26.3048
 94 16.7929
 95 27.4242
 96 27.9128
 97 17.7368
 98 13.0638
 99 10.0154
 100 27.9952
 101 30.6678
 102 8.38055
 103 12.9101
 104 12.1404
 105 10.6385
 106 13.0902
 107 12.821
 108 12.9398
 109 10.5661
 110 8.44268
 111 13.3769
 112 14.167
 113 13.5206
 114 12.9207
 115 12.4273
 116 10.1609
 117 13.271
 118 13.434
 119 12.2762
 120 9.77393
 121 10.2842
 122 6.73487
 123 6.39936
 124 5.82776
 125 5.37082
 126 6.3373
 127 4.40975
 128 8.67156
 129 6.84332
 130 6.66354
 131 4.26121
 132 4.32682
 133 4.3075
 134 5.16203
 135 2.77678
 136 6.23331
 137 3.13762
 138 2.93869
 139 2.8354
 140 3.29798
 141 3.0574
 142 2.72335
 143 2.76958
 144 4.08132
 145 3.9048
 146 3.24797
 147 3.0644
 148 3.89085
 149 3.76
 150 3.28301
 151 3.51377
 152 4.2674
 153 4.84448
 154 3.59347
 155 4.19618
 156 4.39037
 157 5.61989
 158 0.324261
 159 0.417356
 160 0.985416
 161 0.871165
 162 3.21954
 163 8.42185
 164 19.7063
 165 1.49382
