 1 1000
 2 614.008
 3 1.11626
 4 1000
 5 779.12
 6 5.26765
 7 1000
 8 154.764
 9 831.634
 10 946.44
 11 58.6961
 12 302.617
 13 1000
 14 999.907
 15 0.813794
 16 1000
 17 999.723
 18 0.82034
 19 1000
 20 998.228
 21 1.70077
 22 1000
 23 999.328
 24 0.925475
 25 210.316
 26 282.164
 27 4.92044
 28 996.608
 29 492.796
 30 49.8391
 31 425.841
 32 356.73
 33 218.441
 34 208.257
 35 388.848
 36 68.8085
 37 992.608
 38 999.525
 39 1.95896
 40 589.853
 41 976.178
 42 1.67263
 43 463.424
 44 890.247
 45 4.84406
 46 998.643
 47 972.926
 48 29.0533
 49 937.68
 50 191.409
 51 384.524
 52 93.6002
 53 957.878
 54 288.743
 55 126.658
 56 283.485
 57 657.576
 58 88.9051
 59 200.489
 60 108.271
 61 19.6178
 62 1.7464
 63 415.073
 64 178.301
 65 1.938
 66 541.514
 67 894.822
 68 107.581
 69 999.994
 70 1000
 71 999.057
 72 1.83565
 73 999.8
 74 315.351
 75 685.263
 76 933.103
 77 9.62916
 78 716.388
 79 998.871
 80 108.326
 81 891.492
 82 990.374
 83 715.275
 84 1.8841
 85 124.04
 86 2.41463
 87 992.199
 88 2.13074
 89 1.91695
 90 2.25493
 91 7.76398
 92 531.448
 93 781.133
 94 403.125
 95 826.384
 96 841.858
 97 374.997
 98 211.929
 99 154.348
 100 825.359
 101 958.098
 102 91.4205
 103 182.394
 104 165.515
 105 131.751
 106 183.444
 107 177.187
 108 180.897
 109 129.935
 110 96.135
 111 196.015
 112 210.033
 113 194.038
 114 180.623
 115 173.303
 116 128.743
 117 197.306
 118 197.498
 119 166.79
 120 109.416
 121 114.156
 122 48.562
 123 42.2762
 124 37.303
 125 30.973
 126 42.2546
 127 24.104
 128 82.5469
 129 55.3946
 130 50.4741
 131 20.5926
 132 19.4474
 133 19.357
 134 27.5713
 135 8.98242
 136 39.6541
 137 10.764
 138 9.45618
 139 8.83989
 140 11.702
 141 10.8965
 142 8.74766
 143 8.82738
 144 17.5581
 145 15.957
 146 11.2876
 147 10.162
 148 15.9723
 149 14.9429
 150 11.6949
 151 13.4036
 152 19.042
 153 24.4045
 154 13.8852
 155 18.6276
 156 20.4173
 157 32.6863
 158 0.431427
 159 0.251983
 160 1.37137
 161 0.90683
 162 11.4135
 163 80.7628
 164 408.121
 165 14.9025
