 1 103419
 2 651.683
 3 1.13442
 4 3.25462e+06
 5 816.597
 6 5.48065
 7 951747
 8 192.992
 9 1038.45
 10 2512
 11 81.1215
 12 415.981
 13 1.83873e+06
 14 18460.7
 15 0.813798
 16 755682
 17 5505.56
 18 0.838345
 19 291812
 20 3438.03
 21 3.77743
 22 536228
 23 4819.65
 24 1.30371
 25 224.396
 26 317.295
 27 5.46231
 28 3721.79
 29 540.051
 30 54.3451
 31 432.654
 32 367.129
 33 225.103
 34 222.839
 35 410.875
 36 72.9686
 37 1450.05
 38 3262.74
 39 2.6603
 40 927.946
 41 5367.82
 42 1.73743
 43 617.408
 44 1522.5
 45 7.17398
 46 3177.9
 47 3494.47
 48 93.3685
 49 2192.15
 50 192.669
 51 506.37
 52 120.883
 53 3214.76
 54 315.53
 55 168.334
 56 382.605
 57 661.011
 58 89.9208
 59 201.989
 60 109.593
 61 19.6408
 62 1.74657
 63 415.346
 64 178.838
 65 1.93975
 66 543.249
 67 3410.09
 68 396.452
 69 114290
 70 660438
 71 3455.11
 72 2.2637
 73 20719.5
 74 908.784
 75 1919.38
 76 3865.89
 77 19.4298
 78 1422.19
 79 6695.45
 80 261.423
 81 1956.88
 82 2953.87
 83 909.453
 84 1.98853
 85 143.092
 86 2.52462
 87 3563.5
 88 2.13122
 89 1.91699
 90 2.25538
 91 8.11704
 92 610.89
 93 1012.09
 94 469.441
 95 1158.64
 96 1184.29
 97 403.877
 98 213.269
 99 155.182
 100 954.057
 101 1653.26
 102 95.5831
 103 184.062
 104 167.181
 105 132.633
 106 184.538
 107 178.112
 108 181.787
 109 130.975
 110 97.353
 111 196.649
 112 210.707
 113 194.555
 114 180.914
 115 173.686
 116 129.185
 117 197.724
 118 197.741
 119 166.929
 120 109.952
 121 114.744
 122 49.0065
 123 42.4825
 124 37.5149
 125 31.2291
 126 42.4591
 127 24.7531
 128 83.0825
 129 55.8057
 130 51.2249
 131 20.7095
 132 19.5785
 133 19.456
 134 27.925
 135 9.09619
 136 39.8098
 137 10.8698
 138 9.57421
 139 8.99349
 140 11.8591
 141 11.3134
 142 8.91976
 143 8.95844
 144 17.6997
 145 16.106
 146 11.4382
 147 10.325
 148 16.1255
 149 15.1651
 150 11.8276
 151 13.5853
 152 19.2578
 153 25.0235
 154 14.1119
 155 18.8056
 156 20.5288
 157 32.8729
 158 0.512078
 159 0.256341
 160 1.40169
 161 0.923048
 162 11.6687
 163 87.8145
 164 425.19
 165 16.0802
