 Smallest eigenvalues
  3.0726e-07   (9 1) 
  5.4385e-07   (46 -0.532) (45 -0.516) (43 0.432) (42 -0.261) (38 -0.227) (48 0.182) (47 0.162) (35 0.112) (39 0.0903) (40 -0.0818) (55 -0.0719) (57 0.0692) (49 0.0688) (30 -0.066) (41 0.0631) (54 0.0614) (50 -0.0591) (51 0.0589) (29 0.0567) (44 0.0544) (18 -0.0473) (13 -0.0455) (84 0.0375) (60 -0.0358) (83 -0.0322) (32 -0.0279) (36 0.0261) (19 -0.0238) (27 0.023) (34 0.0224) (157 0.0211) (37 -0.0205) (52 -0.0198) (77 0.0186) (59 -0.018) (11 0.0174) (26 -0.017) (89 -0.0166) (15 0.0157) (53 -0.0143) (31 0.0125) (22 0.0125) (75 0.0119) (73 -0.0113) (81 -0.0101) 
  1.0507e-06   (157 1) (46 0.0112) (45 0.0109) 
  1.3233e-06   (1 -1) 
  1.5141e-06   (41 0.542) (40 -0.459) (38 -0.444) (42 0.364) (43 -0.317) (35 0.129) (48 0.0877) (30 -0.0772) (154 -0.0745) (44 0.057) (39 0.0535) (29 0.053) (18 -0.047) (37 0.047) (55 -0.0452) (13 -0.0428) (47 0.0387) (57 0.0362) (54 0.0351) (84 0.0307) (46 0.0284) (83 -0.0277) (34 0.025) (52 -0.0246) (32 -0.0242) (19 -0.0222) (27 0.0188) (60 -0.0175) (26 -0.0173) (33 0.0166) (11 0.0163) (25 0.0146) (31 0.0146) (56 0.0138) (49 0.0135) (15 0.0132) (59 -0.0126) (36 0.0105) (17 -0.0104) 
  1.8649e-06   (154 -0.997) (41 -0.0406) (40 0.0343) (38 0.0332) (42 -0.0271) (43 0.0237) 
  3.4269e-06   (3 1) 
  8.7278e-06   (149 -0.919) (35 0.315) (36 -0.173) (37 0.097) (38 0.0857) (29 0.039) (32 -0.0329) (40 0.0325) (30 -0.03) (41 -0.029) (34 0.0249) (43 -0.0225) (54 0.0206) (42 0.02) (48 0.0173) (18 -0.0168) (56 -0.0156) (39 -0.0142) (51 0.0126) (55 -0.0125) (13 -0.0124) (83 -0.0105) 
  9.6694e-06   (35 -0.734) (36 0.402) (149 -0.395) (37 -0.226) (38 -0.2) (29 -0.0907) (32 0.0764) (40 -0.0757) (30 0.0697) (41 0.0675) (34 -0.0579) (43 0.0523) (54 -0.0481) (42 -0.0465) (48 -0.0403) (18 0.039) (56 0.0365) (39 0.0331) (51 -0.0293) (55 0.0291) (13 0.0288) (83 0.0249) (26 0.0231) (46 -0.0227) (84 -0.0227) (31 -0.0211) (19 0.019) (50 -0.019) (33 0.0189) (28 0.0145) (52 -0.0139) (63 -0.0127) (22 -0.0121) (15 -0.0119) (25 -0.0114) (27 -0.011) (58 -0.0104) 
  4.5639e-05   (26 0.868) (27 0.297) (25 0.232) (57 -0.188) (59 -0.114) (28 0.0863) (29 0.0831) (55 0.0784) (60 -0.0733) (54 -0.0702) (48 -0.0533) (22 -0.0526) (40 -0.0428) (18 -0.0378) (30 0.0359) (71 0.0346) (32 -0.0346) (43 0.0336) (33 -0.0327) (41 0.0286) (31 -0.0269) (58 0.0266) (77 0.0262) (50 0.0241) (42 -0.0238) (68 0.0237) (53 0.0227) (20 0.0208) (39 -0.0203) (36 -0.02) (23 0.0196) (35 0.0178) (51 0.0177) (84 0.0176) (70 0.0174) (56 0.0165) (83 -0.0149) (15 -0.0142) (46 -0.0136) (78 0.0134) (79 0.0119) (63 -0.0117) (61 0.0108) (52 0.0107) (45 0.0106) 
   5.372e-05   (148 -0.917) (57 -0.274) (59 -0.172) (60 -0.107) (26 -0.104) (55 0.0993) (54 -0.0788) (48 -0.0478) (58 0.047) (38 -0.0319) (27 -0.0301) (71 0.0292) (53 0.0289) (68 0.0282) (25 -0.0248) (84 0.0237) (83 -0.0227) (77 0.0223) (51 0.0192) (56 0.0191) (70 0.0181) (43 0.0175) (52 0.0167) (63 -0.0166) (42 -0.0162) (30 -0.0156) (50 0.0147) (35 0.0147) (65 -0.0141) (75 0.0139) (46 -0.0134) (74 -0.0131) (89 -0.0114) 
  0.00013833   (57 0.63) (148 -0.399) (59 0.397) (60 0.246) (26 0.234) (55 -0.229) (54 0.182) (48 0.11) (58 -0.108) (38 0.0734) (27 0.0675) (71 -0.0673) (53 -0.0665) (68 -0.0649) (25 0.0555) (84 -0.0549) (83 0.0528) (77 -0.0513) (51 -0.0442) (56 -0.044) (70 -0.0418) (43 -0.0404) (52 -0.0383) (63 0.0382) (42 0.0374) (30 0.0357) (50 -0.0338) (35 -0.0338) (65 0.0326) (75 -0.032) (46 0.0308) (74 0.0304) (89 0.0267) (78 -0.0226) (28 0.0214) (61 -0.0209) (79 -0.0197) (41 -0.0197) (37 -0.0196) (22 -0.0191) (13 0.0188) (40 0.0176) (81 -0.0169) (66 0.0166) (85 0.016) (76 0.0156) (82 -0.0136) (44 0.0132) (49 -0.0124) (18 0.012) (87 0.0118) (47 0.0113) (19 0.0109) (31 -0.0104) (97 0.0104) 
  0.00016635   (2 -1) 
  0.00018406   (11 0.994) (13 0.084) (18 0.0354) (10 0.0333) (15 -0.0279) (14 0.0272) (38 0.0189) (19 0.0188) (30 0.0171) (22 -0.0122) (35 -0.012) 
   0.0002091   (160 -1) 
  0.00021517   (4 1) 
  0.00024084   (14 -0.809) (13 -0.496) (15 -0.263) (18 0.133) (19 0.0558) (11 0.0477) (22 -0.0411) (17 0.038) (30 0.0355) (38 0.0259) (24 0.0255) (27 -0.0241) (35 -0.0188) (26 0.0143) (29 -0.0122) 
  0.00026006   (159 -1) 
  0.00027011   (7 1) 
  0.00027837   (22 0.663) (23 -0.578) (24 0.333) (18 -0.216) (19 -0.183) (26 0.077) (13 -0.0724) (37 0.0527) (15 0.044) (35 -0.0415) (14 -0.0415) (17 -0.0414) (29 -0.0387) (27 -0.0381) (30 0.038) (20 -0.0368) (21 0.0327) (32 0.0311) (33 0.0302) (156 -0.0292) (25 -0.0278) (40 0.0267) (11 0.0241) (39 -0.0223) (31 -0.0189) (56 0.017) (43 -0.0159) (41 -0.0158) (42 0.0133) (83 -0.01) 
  0.00028426   (156 -1) (22 -0.0193) (23 0.0169) 
  0.00028934   (6 1) 
  0.00029619   (15 0.939) (13 -0.196) (14 -0.148) (16 -0.129) (17 0.126) (18 0.108) (19 0.0721) (22 -0.0477) (11 0.0387) (26 0.0261) (27 -0.0219) (35 -0.0209) (30 0.017) (31 -0.0151) (40 0.0141) (38 0.0127) (25 0.0119) (43 -0.0115) (29 -0.0105) (39 -0.0104) (41 -0.01) 
  0.00029849   (158 -1) 
  0.00032861   (76 -0.792) (60 0.325) (57 -0.288) (59 0.218) (72 0.195) (75 -0.173) (54 0.114) (58 -0.101) (38 -0.0969) (49 -0.0652) (83 0.0628) (46 0.0593) (51 -0.0479) (36 0.0423) (77 0.0421) (30 -0.0385) (35 0.0375) (18 -0.036) (45 -0.0345) (43 0.0321) (84 -0.0302) (52 0.0293) (13 -0.0287) (41 -0.0263) (55 0.0258) (29 0.0258) (40 0.0237) (47 -0.0219) (111 -0.0209) (25 0.0204) (89 -0.0203) (100 0.019) (42 -0.0184) (97 -0.0172) (39 -0.0163) (34 0.0159) (124 0.0155) (122 -0.0146) (19 -0.0145) (71 0.0139) (56 0.0129) (93 -0.0128) (48 0.0127) (50 -0.0117) (98 0.0115) (27 0.0114) (92 0.0114) (74 -0.0112) (119 0.0112) (126 -0.0111) (108 0.0108) (65 0.0104) (69 -0.0102) (22 -0.0102) 
  0.00037007   (60 0.48) (76 0.466) (57 -0.433) (59 0.322) (72 -0.273) (38 -0.157) (54 0.152) (58 -0.149) (69 -0.143) (49 -0.133) (152 -0.114) (75 0.0955) (46 0.091) (43 0.0863) (42 -0.0696) (35 0.0631) (30 -0.0626) (47 -0.0543) (18 -0.0518) (36 0.0497) (13 -0.047) (29 0.0421) (52 0.0417) (56 0.0331) (73 -0.033) (51 -0.0305) (77 -0.028) (122 0.0268) (71 -0.0265) (25 0.0261) (19 -0.026) (48 0.022) (111 -0.0217) (34 0.0216) (41 -0.0181) (67 -0.0176) (126 -0.0171) (27 0.017) (11 0.0169) (65 0.0167) (89 -0.0162) (74 -0.0161) (121 -0.0156) (39 -0.0155) (26 -0.0146) (113 -0.0144) (129 -0.0134) (83 0.0128) (15 0.0124) (40 0.0118) (97 -0.0114) (84 0.0104) (101 -0.0104) (131 0.0103) (108 0.0101) (114 0.0101) (55 0.01) 
  0.00038636   (152 -0.993) (60 -0.0579) (57 0.0524) (76 -0.047) (59 -0.0389) (72 0.0295) (38 0.0194) (54 -0.0187) (58 0.018) (69 0.0164) (49 0.0161) (46 -0.0112) (43 -0.0104) 
  0.00041941   (19 0.835) (18 -0.538) (47 -0.0624) (20 -0.0436) (25 -0.041) (22 0.0393) (49 0.0376) (13 -0.0263) (46 0.0219) (21 0.019) (43 0.0187) (24 0.0166) (42 -0.015) (27 -0.0134) (14 -0.0129) (57 0.0113) 
  0.00055013   (47 -0.714) (49 0.431) (151 0.3) (46 0.24) (38 -0.207) (43 0.198) (42 -0.151) (19 -0.0915) (57 0.0879) (35 0.0765) (30 -0.0691) (48 0.0619) (60 -0.054) (29 0.0477) (55 -0.0458) (53 -0.0456) (13 -0.0431) (54 -0.0429) (36 0.0404) (50 0.0354) (52 -0.0338) (25 0.0257) (34 0.0219) (59 -0.018) (27 0.0173) (84 0.0165) (26 -0.0161) (11 0.0157) (39 -0.0146) (76 -0.0136) (58 0.0134) (111 -0.0119) (89 -0.0103) 
  0.00055543   (151 0.954) (47 0.225) (49 -0.136) (46 -0.0754) (38 0.0653) (43 -0.0623) (42 0.0475) (57 -0.0276) (19 0.0275) (35 -0.0241) (30 0.0218) (48 -0.0195) (60 0.0169) (29 -0.015) (55 0.0144) (53 0.0143) (13 0.0137) (54 0.0135) (36 -0.0127) (50 -0.0111) (52 0.0106) 
  0.00059062   (52 0.842) (51 -0.291) (48 -0.213) (45 -0.188) (49 -0.179) (50 -0.157) (55 -0.126) (57 0.106) (47 -0.0942) (38 -0.0775) (46 0.0696) (54 -0.0679) (59 -0.0573) (60 -0.0567) (56 0.044) (35 0.033) (36 0.0294) (72 -0.0268) (18 -0.0266) (58 0.0266) (30 -0.0263) (41 -0.0243) (53 0.0234) (40 0.0197) (29 0.0189) (13 -0.0187) (69 -0.0186) (43 -0.017) (25 0.0163) (146 -0.0163) (39 -0.0134) (34 0.0121) 
  0.00061061   (146 -0.616) (45 0.611) (43 0.235) (48 0.208) (47 0.189) (52 0.163) (42 -0.16) (38 -0.129) (51 -0.101) (46 -0.0917) (49 0.0689) (54 0.0497) (35 0.0469) (55 -0.0467) (41 0.0437) (30 -0.0407) (57 0.0324) (60 -0.0317) (56 0.0313) (59 -0.0297) (29 0.0284) (18 -0.0247) (40 -0.0239) (13 -0.0239) (83 -0.0217) (84 0.0184) (76 -0.0183) (53 -0.0173) (19 -0.0168) (72 0.0166) (25 0.0142) (26 -0.0135) (58 0.0126) 
  0.00062296   (146 -0.787) (45 -0.475) (43 -0.184) (48 -0.158) (47 -0.146) (52 -0.145) (42 0.125) (38 0.103) (51 0.0848) (46 0.0702) (49 -0.0502) (55 0.0391) (54 -0.0375) (35 -0.0374) (41 -0.0336) (30 0.0325) (57 -0.0274) (60 0.0259) (56 -0.0254) (59 0.0243) (29 -0.0227) (18 0.02) (13 0.0191) (40 0.0183) (83 0.0169) (84 -0.0144) (76 0.0143) (19 0.0134) (53 0.013) (72 -0.0125) (25 -0.0115) (26 0.0106) (58 -0.0104) 
  0.00076142   (72 0.781) (74 0.315) (73 0.298) (76 0.255) (49 -0.222) (75 0.12) (38 -0.11) (69 0.108) (48 -0.0741) (53 -0.0628) (51 0.0601) (46 0.06) (43 0.0595) (47 -0.0529) (83 0.0457) (35 0.0455) (42 -0.0449) (54 0.0442) (30 -0.0394) (18 -0.037) (36 0.0353) (52 -0.0334) (71 0.0307) (13 -0.0296) (57 -0.0291) (29 0.0272) (60 0.0264) (147 0.0231) (77 0.0204) (25 0.0201) (89 -0.02) (59 0.0195) (70 0.019) (111 -0.0187) (50 -0.018) (126 -0.0174) (100 0.0166) (19 -0.0161) (34 0.0156) (120 0.0155) (118 0.0152) (95 -0.0139) (98 0.0134) (41 -0.0132) (92 0.0127) (39 -0.0125) (40 0.0121) (27 0.0119) (124 0.0119) (90 -0.0118) (97 -0.0117) (67 0.0101) 
   0.0007935   (49 -0.627) (147 0.38) (51 0.314) (48 -0.218) (72 -0.204) (43 0.174) (57 0.171) (38 -0.17) (52 -0.161) (47 -0.154) (53 -0.135) (42 -0.133) (45 0.117) (76 -0.106) (59 -0.105) (46 0.103) (60 -0.0917) (74 -0.0885) (73 -0.0867) (55 -0.0708) (35 0.067) (30 -0.0521) (58 0.0466) (50 -0.0419) (75 -0.0403) (18 -0.0378) (13 -0.0373) (56 0.0361) (29 0.0358) (83 -0.0291) (69 -0.0282) (36 0.0277) (19 -0.0239) (84 0.0198) (40 -0.0191) (41 0.0188) (25 0.0185) (122 0.0178) (26 -0.0175) (34 0.0169) (70 -0.0154) (27 0.0125) (11 0.0115) 
   0.0008419   (147 0.925) (49 0.263) (51 -0.13) (48 0.0916) (38 0.0732) (43 -0.0732) (57 -0.0691) (52 0.0671) (47 0.0646) (72 0.0641) (53 0.057) (42 0.0561) (45 -0.0482) (46 -0.0441) (59 0.0425) (76 0.0369) (60 0.0368) (55 0.0292) (35 -0.0289) (74 0.0285) (73 0.0282) (30 0.0226) (58 -0.0188) (50 0.0177) (18 0.0167) (13 0.0162) (29 -0.0155) (56 -0.015) (75 0.0136) (36 -0.0124) (83 0.011) (19 0.0103) 
  0.00089086   (36 0.783) (37 0.354) (38 0.283) (35 0.227) (18 -0.206) (24 0.135) (19 -0.128) (23 0.125) (25 -0.0786) (34 0.076) (22 -0.0749) (13 -0.0701) (39 0.04) (20 0.0396) (41 0.0394) (30 -0.0391) (40 -0.0372) (46 -0.0347) (21 -0.034) (29 0.0247) (45 0.0206) (54 -0.0205) (43 -0.0204) (26 0.0197) (49 0.0195) (57 0.0192) (15 0.0182) (42 0.0177) (11 0.0154) (17 -0.0147) (51 0.0122) (60 -0.0111) 
    0.001056   (18 -0.491) (24 0.416) (23 0.384) (25 -0.341) (19 -0.334) (36 -0.287) (22 -0.177) (13 -0.126) (35 -0.121) (37 -0.111) (30 0.105) (20 0.0961) (21 -0.091) (26 0.0794) (27 -0.0724) (29 -0.0717) (15 0.0503) (34 -0.0418) (17 -0.0331) (38 -0.0267) (11 0.023) (142 0.0162) (43 -0.0103) 
   0.0011263   (142 0.999) (143 0.0515) 
   0.0012739   (46 0.667) (47 0.525) (13 -0.221) (49 0.201) (45 -0.201) (38 -0.196) (42 -0.14) (14 0.13) (43 0.125) (51 0.101) (54 -0.0962) (40 0.0746) (57 0.0743) (36 0.0677) (35 0.0552) (60 -0.0514) (30 -0.0491) (41 -0.0479) (50 0.0417) (59 -0.0407) (53 -0.0337) (29 0.0333) (55 -0.0331) (39 -0.0323) (83 0.0305) (72 -0.0245) (34 0.0236) (11 0.023) (15 -0.0208) (58 0.0197) (52 -0.0196) (25 0.0193) (37 -0.019) (48 -0.0129) (27 0.0102) 
   0.0012964   (13 -0.755) (14 0.547) (18 0.186) (46 -0.167) (47 -0.12) (15 -0.109) (19 0.0972) (38 0.087) (30 0.0575) (25 -0.0521) (45 0.0485) (42 0.0419) (49 -0.0415) (43 -0.041) (29 -0.0388) (35 -0.0371) (36 -0.0327) (11 0.0321) (27 -0.0272) (26 0.0267) (17 0.0252) (40 -0.0249) (20 -0.0233) (51 -0.0211) (54 0.018) (22 0.0164) (34 -0.0148) (41 0.0124) (57 -0.0121) (39 0.012) (50 -0.0104) (23 -0.0103) (21 0.0101) 
   0.0014964   (145 -1) (143 -0.0154) 
   0.0015452   (55 0.724) (54 0.479) (30 -0.315) (29 0.196) (57 0.184) (32 0.112) (51 -0.108) (53 -0.0909) (60 -0.0824) (35 -0.0692) (18 -0.0613) (59 -0.0517) (13 -0.0469) (46 0.046) (45 -0.0449) (52 0.0447) (31 -0.0397) (25 0.0392) (72 -0.039) (19 -0.0309) (58 0.0302) (69 -0.0275) (56 0.0267) (83 0.0265) (34 -0.0259) (27 0.0255) (49 -0.0245) (38 0.0225) (41 -0.0207) (48 0.02) (33 -0.019) (26 -0.0181) (70 -0.0179) (40 0.0166) (36 -0.0148) (84 -0.0138) (11 0.0123) (44 -0.0113) (140 0.011) (75 0.0102) 
   0.0016834   (30 -0.672) (29 0.416) (55 -0.318) (32 0.252) (35 -0.218) (54 -0.217) (38 0.212) (36 -0.114) (34 -0.0879) (18 -0.0861) (31 -0.0841) (13 -0.0635) (57 -0.0589) (51 0.0582) (25 0.0558) (140 0.055) (19 -0.0481) (46 -0.0436) (33 -0.0431) (27 0.0425) (26 -0.0372) (43 -0.0367) (42 0.0324) (40 -0.0318) (53 0.0309) (60 0.0261) (37 0.0256) (52 -0.0238) (39 0.0235) (49 0.0227) (47 0.0175) (11 0.0166) (45 0.0154) (59 0.012) (72 0.0111) (69 0.0101) 
   0.0017429   (140 0.998) (30 0.0406) (29 -0.0251) (32 -0.0151) (35 0.0127) (38 -0.0116) 
   0.0017866   (27 0.708) (17 0.595) (26 -0.234) (28 -0.185) (18 -0.156) (19 -0.0928) (30 0.0813) (29 -0.0578) (25 0.0569) (15 -0.0391) (38 0.0375) (13 -0.0347) (35 -0.0319) (24 -0.0305) (22 0.0302) (20 -0.0237) (137 0.0222) (21 0.0197) (44 -0.0188) (36 -0.0158) (43 -0.0115) (34 -0.0105) (14 0.0101) 
    0.001961   (17 -0.775) (27 0.527) (26 -0.179) (28 -0.173) (137 0.163) (15 0.0922) (13 -0.0735) (30 0.0726) (20 0.0525) (29 -0.052) (25 0.0446) (38 0.0427) (35 -0.0359) (14 -0.0313) (11 0.0189) (43 -0.0145) (32 0.0134) (16 -0.0126) (36 -0.0114) (19 0.011) (23 0.0103) (21 -0.01) 
   0.0020809   (137 0.986) (17 0.115) (27 -0.103) (26 0.0348) (28 0.0326) (15 -0.0144) (30 -0.0138) (13 0.0129) 
   0.0022199   (28 0.909) (50 -0.278) (27 0.204) (26 -0.142) (51 0.0964) (74 -0.0618) (49 0.0589) (73 -0.0511) (25 -0.05) (43 -0.044) (72 0.041) (77 -0.0368) (40 0.0317) (56 0.0298) (45 0.0294) (30 0.0293) (17 -0.0236) (31 0.0192) (13 -0.0175) (71 0.0173) (76 0.0159) (39 0.0157) (38 0.0147) (29 0.0146) (132 -0.0145) (61 0.0139) (18 -0.0138) (75 -0.0126) (60 0.0124) (54 0.0121) (19 -0.0116) (57 -0.0106) (44 -0.0105) (42 0.0104) (37 -0.0103) 
   0.0022695   (74 -0.577) (77 -0.411) (73 -0.343) (72 0.329) (50 0.304) (132 -0.209) (71 0.173) (75 -0.152) (51 -0.137) (76 0.123) (67 0.0968) (49 -0.072) (70 0.0649) (39 0.0642) (80 -0.0633) (79 -0.0615) (69 0.0539) (83 0.0398) (64 -0.0388) (81 -0.0351) (53 0.0347) (38 -0.0333) (56 -0.033) (45 -0.0323) (43 0.0257) (85 -0.0254) (82 0.0229) (86 0.022) (129 -0.0214) (131 -0.0203) (89 -0.02) (78 -0.0196) (127 -0.0167) (66 0.0161) (46 0.0157) (48 0.0154) (60 0.015) (118 0.0143) (114 -0.0139) (61 0.0134) (119 -0.0133) (58 -0.013) (99 0.0128) (29 0.012) (113 0.0118) (111 0.0114) 
   0.0023476   (50 0.706) (132 -0.371) (28 0.277) (51 -0.266) (74 0.242) (73 0.174) (77 0.158) (72 -0.152) (49 -0.151) (56 -0.0889) (71 -0.0847) (27 0.0711) (43 0.0661) (76 -0.0619) (39 0.0589) (26 -0.0525) (75 0.0497) (60 -0.0476) (45 -0.0462) (54 -0.04) (57 0.0397) (55 -0.0296) (53 0.0288) (69 -0.0274) (79 0.0264) (80 0.0262) (64 0.0262) (61 -0.0253) (44 0.0244) (129 -0.0241) (131 -0.0221) (25 -0.0207) (81 0.0201) (67 -0.02) (47 -0.0192) (48 0.0165) (83 -0.0161) (52 -0.0158) (70 -0.0157) (66 -0.015) (93 0.0145) (38 -0.0138) (40 -0.0138) (17 -0.0123) (13 -0.0122) (84 -0.0106) (100 -0.0101) (113 0.01) 
   0.0024445   (132 -0.902) (50 -0.357) (51 0.14) (28 -0.13) (49 0.0779) (131 -0.0474) (56 0.0437) (39 -0.0398) (129 -0.0365) (74 0.036) (27 -0.0348) (43 -0.0326) (77 0.0309) (45 0.0262) (26 0.0252) (53 -0.0199) (54 0.0173) (57 -0.0172) (60 0.0157) (72 -0.015) (75 0.015) (67 -0.0146) (38 0.0134) (55 0.0119) (44 -0.0105) (48 -0.0104) 
   0.0027164   (23 -0.671) (22 -0.591) (53 -0.233) (25 -0.187) (18 -0.183) (24 -0.166) (20 0.125) (19 -0.0875) (21 -0.0862) (54 -0.0589) (60 0.0527) (16 0.0425) (13 -0.0368) (59 -0.0318) (46 -0.0286) (49 0.0285) (38 0.0264) (36 -0.026) (30 0.0256) (48 -0.0237) (26 0.0197) (50 0.017) (56 -0.0163) (35 -0.0158) (122 -0.0157) (41 0.0151) (40 -0.0151) (31 0.0147) (27 -0.0144) (125 -0.0132) (28 -0.013) (55 0.0123) (29 -0.0113) (45 0.0113) (47 0.0112) (52 0.0111) 
   0.0027195   (60 -0.719) (59 0.561) (57 -0.207) (54 0.198) (58 -0.138) (55 -0.127) (56 0.109) (53 0.0867) (22 -0.0681) (23 -0.0672) (48 0.063) (49 -0.0623) (46 0.0487) (84 -0.0353) (133 -0.033) (41 -0.0293) (50 -0.0283) (83 0.0264) (18 -0.0255) (119 0.0249) (125 -0.0237) (40 0.0229) (74 -0.022) (42 0.0218) (36 0.0188) (45 -0.0172) (126 -0.017) (20 0.017) (61 0.0158) (24 -0.0149) (47 -0.0139) (72 -0.0127) (105 0.0121) (73 -0.012) (70 0.0117) (25 -0.0116) (39 -0.0112) (35 -0.0111) (44 0.0106) (19 -0.0104) (21 -0.0102) 
   0.0028384   (133 -0.832) (53 0.511) (23 -0.0865) (59 -0.0823) (22 -0.0807) (57 0.064) (54 0.0603) (60 0.0596) (49 -0.0498) (42 -0.0405) (18 -0.033) (46 0.033) (52 -0.0322) (48 0.0316) (50 -0.0293) (38 -0.029) (58 0.0251) (47 -0.0239) (24 -0.0216) (40 0.0184) (25 -0.0183) (51 0.0176) (19 -0.0171) (20 0.0163) (83 0.0141) (74 0.0134) (13 -0.0123) (21 -0.0119) 
   0.0029723   (53 -0.772) (133 -0.553) (23 0.133) (22 0.125) (54 -0.103) (59 0.0889) (57 -0.083) (49 0.0786) (42 0.059) (46 -0.0527) (48 -0.0516) (18 0.0509) (52 0.0489) (50 0.0458) (60 -0.0454) (38 0.044) (125 -0.0435) (47 0.0368) (24 0.0331) (40 -0.0291) (58 -0.0291) (25 0.0279) (19 0.0262) (51 -0.026) (20 -0.0254) (83 -0.0225) (126 -0.0211) (74 -0.0192) (122 -0.0189) (13 0.0188) (21 0.0184) (56 -0.0164) (30 0.0141) (119 0.0136) (73 -0.0125) (44 0.0125) (36 -0.0123) (29 -0.012) (55 0.0109) 
   0.0033227   (41 -0.7) (40 -0.5) (69 -0.403) (38 -0.169) (84 -0.116) (83 -0.11) (43 -0.104) (42 0.0797) (72 0.0614) (46 -0.0542) (57 0.0528) (70 0.0396) (36 0.0388) (45 0.0384) (54 -0.037) (68 0.0369) (35 0.0357) (86 -0.0348) (49 0.0317) (52 -0.0276) (60 -0.0274) (130 -0.0264) (53 0.0223) (47 0.0223) (59 -0.0218) (30 -0.0214) (18 -0.0173) (29 0.0159) (75 -0.0127) (34 0.012) (51 0.0118) (58 0.0116) (13 -0.0115) (56 -0.0105) (74 -0.0103) (118 0.0102) 
   0.0036063   (84 -0.631) (83 -0.56) (69 0.405) (130 -0.282) (86 -0.139) (72 -0.0434) (68 -0.0391) (82 0.0356) (119 -0.0355) (60 0.0355) (129 -0.0353) (57 -0.0348) (90 -0.0326) (118 0.0311) (111 -0.0302) (91 -0.0289) (70 -0.0271) (89 -0.0269) (38 -0.0264) (54 0.0255) (95 -0.0223) (92 0.0217) (98 0.0212) (87 -0.0211) (81 -0.0209) (120 0.0208) (41 -0.0208) (105 0.0191) (122 0.0189) (108 0.0182) (46 0.0159) (124 0.015) (88 0.015) (125 0.0149) (104 -0.0141) (101 -0.0139) (100 0.0139) (97 -0.0131) (110 0.0126) (45 -0.0125) (103 0.0124) (85 -0.0121) (36 0.0119) (80 0.0112) (30 -0.0104) (73 -0.0104) 
   0.0036557   (69 0.606) (130 -0.494) (84 0.333) (83 0.324) (41 -0.286) (40 -0.206) (72 -0.121) (86 0.0808) (38 -0.0781) (70 -0.0673) (68 -0.0541) (129 -0.0512) (42 0.0367) (57 -0.0296) (43 -0.0291) (90 0.0287) (82 -0.0269) (75 0.0255) (105 -0.0241) (119 0.0216) (54 0.0211) (36 0.0208) (60 0.0193) (74 0.019) (35 0.0188) (73 -0.0184) (79 0.0167) (87 0.0164) (53 -0.013) (126 -0.0129) (103 -0.0128) (80 -0.0128) (118 -0.0127) (30 -0.0123) (18 -0.0118) (46 -0.0115) (98 -0.0111) (104 0.0109) (48 0.0106) (56 0.0102) (88 -0.0101) 
   0.0037337   (130 -0.815) (69 -0.494) (41 0.203) (40 0.144) (129 -0.0859) (72 0.0855) (38 0.0624) (70 0.0486) (68 0.0452) (57 0.0286) (60 -0.0235) (84 0.0219) (42 -0.0215) (43 0.0211) (54 -0.0207) (36 -0.0182) (75 -0.0164) (35 -0.0161) (73 0.0144) (30 0.012) (18 0.0113) 
   0.0039021   (106 -0.398) (103 0.372) (100 0.308) (112 -0.308) (107 0.307) (102 0.303) (110 -0.297) (111 0.208) (113 -0.173) (116 -0.145) (108 -0.136) (117 0.132) (118 -0.118) (105 0.115) (104 -0.0924) (93 0.0919) (99 0.0905) (120 0.078) (121 -0.0677) (98 0.0649) (122 -0.0638) (153 0.0635) (119 -0.0607) (101 -0.0595) (115 -0.0594) (54 0.0588) (92 -0.0569) (123 0.0513) (109 0.048) (91 0.0461) (124 0.0436) (55 -0.0387) (48 -0.0316) (59 -0.0298) (56 0.0257) (96 -0.0204) (89 0.0188) (86 -0.0172) (126 -0.0162) (161 -0.0157) (49 0.015) (83 0.0144) (51 -0.0129) (88 -0.0128) (125 0.0107) (131 0.0105) (52 -0.0102) (53 -0.0101) (80 -0.01) 
   0.0039687   (141 -0.994) (153 -0.0954) (161 0.0257) (139 0.0211) (155 0.0102) 
   0.0040067   (48 -0.634) (54 0.524) (55 -0.337) (49 0.241) (56 0.184) (59 -0.171) (51 -0.168) (52 -0.154) (47 0.0832) (46 -0.0747) (45 0.0568) (58 0.0489) (57 -0.0463) (50 0.0427) (106 0.0424) (103 -0.0381) (43 0.0358) (110 0.0326) (107 -0.0288) (102 -0.0271) (40 -0.0256) (42 -0.0229) (41 0.0226) (53 -0.0225) (101 0.0207) (112 0.0188) (108 0.0175) (98 -0.017) (118 0.0161) (60 0.016) (111 -0.0159) (100 -0.0159) (69 -0.0153) (93 0.015) (113 0.0138) (117 -0.0132) (92 -0.0119) (153 -0.0117) (89 0.0115) (119 0.0115) (91 0.0111) (35 0.0107) (99 0.0102) (70 0.0101) 
   0.0040418   (81 0.425) (70 0.416) (71 -0.327) (44 0.317) (79 -0.3) (82 -0.282) (75 -0.226) (92 0.199) (77 0.172) (74 -0.166) (73 0.128) (93 0.128) (80 -0.104) (68 -0.104) (86 0.0939) (108 0.093) (98 0.0651) (76 0.0611) (99 0.0597) (104 0.0589) (42 0.0544) (111 0.0542) (78 -0.052) (69 0.0486) (88 -0.0476) (90 0.0464) (87 -0.0461) (103 0.0402) (43 0.0351) (96 0.0322) (155 0.0289) (66 0.0276) (55 0.0275) (40 0.0265) (112 0.0264) (97 0.0258) (102 -0.0253) (106 0.0244) (113 -0.0237) (110 -0.0236) (83 -0.0229) (67 -0.0208) (89 0.0207) (50 -0.0206) (109 -0.0204) (59 -0.0194) (107 -0.0193) (41 -0.0189) (91 -0.0186) (62 0.015) (95 -0.0137) (45 0.0132) (121 0.013) (105 -0.013) (85 -0.0129) (65 0.0122) (72 0.0114) (153 0.0113) (17 -0.0101) 
   0.0041269   (155 0.992) (153 0.119) (44 -0.0397) (161 0.0113) 
   0.0043466   (44 0.913) (70 -0.177) (42 0.143) (71 0.139) (81 -0.133) (43 0.103) (79 0.0822) (82 0.0795) (75 0.077) (80 0.0727) (86 -0.0607) (77 -0.0585) (73 -0.0528) (108 -0.0524) (40 0.0518) (74 0.051) (68 0.05) (90 -0.0458) (38 0.0402) (45 0.04) (103 -0.0361) (41 -0.0344) (48 -0.0338) (155 0.0327) (55 0.0302) (53 0.0281) (102 0.0272) (104 -0.0257) (78 -0.0251) (111 -0.0243) (98 -0.0228) (99 -0.0222) (69 -0.0215) (35 -0.0213) (54 -0.0195) (76 -0.0194) (49 0.0193) (50 -0.0188) (51 0.0148) (66 -0.0148) (46 0.0147) (30 0.0144) (29 -0.014) (110 0.0134) (17 0.0131) (92 -0.0126) (118 -0.0126) (119 0.012) (67 0.0116) (109 0.0116) (88 0.0102) 
    0.004534   (21 0.935) (136 0.325) (22 -0.0928) (18 -0.051) (19 -0.0509) (8 0.0486) (25 -0.0422) (20 0.0317) (17 -0.0224) (24 0.0175) (27 -0.013) 
   0.0049377   (136 0.946) (21 -0.321) (22 0.0319) (18 0.0175) (19 0.0175) (8 -0.0146) (25 0.0145) (20 -0.0109) 
   0.0049881   (8 -0.999) (21 0.0502) 
   0.0053418   (5 1) 
    0.005523   (24 -0.814) (18 -0.34) (22 0.29) (19 -0.229) (25 -0.14) (23 0.125) (13 -0.12) (27 -0.0927) (30 0.0762) (26 0.0664) (17 -0.0556) (29 -0.0451) (38 0.0424) (32 0.0409) (15 0.0391) (35 -0.0389) (14 -0.0379) (11 0.0329) (31 -0.0208) (33 -0.0203) (43 -0.0168) (42 0.0143) (40 0.0133) (144 0.0132) (84 0.0108) 
   0.0058497   (144 1) (24 0.0107) 
   0.0060952   (10 0.97) (32 -0.204) (33 0.102) (30 -0.0424) (31 0.0384) (35 -0.0356) (29 0.035) (11 -0.031) (38 0.0196) 
   0.0061908   (134 -0.828) (32 -0.454) (33 0.228) (10 -0.138) (30 -0.1) (31 0.0897) (29 0.0829) (35 -0.0796) (38 0.0357) (18 -0.0264) (24 -0.0186) (13 -0.0178) (40 0.0166) (41 -0.0138) (19 -0.0138) (34 -0.0133) (22 0.0129) (48 0.0118) (43 -0.0117) (11 0.0109) (42 0.0104) (27 0.0103) 
   0.0063791   (32 0.673) (134 -0.56) (33 -0.338) (10 0.197) (30 0.148) (31 -0.133) (29 -0.123) (35 0.118) (38 -0.053) (18 0.0391) (24 0.0275) (13 0.0263) (40 -0.0246) (41 0.0204) (19 0.0204) (34 0.0197) (22 -0.019) (48 -0.0175) (43 0.0174) (11 -0.0158) (42 -0.0155) (27 -0.0153) (26 0.0145) (54 -0.0133) (55 0.0111) (84 -0.011) (83 0.0106) 
   0.0063982   (16 -0.888) (42 -0.324) (43 -0.272) (15 -0.109) (44 0.0914) (39 0.0599) (38 -0.0337) (46 -0.0278) (18 -0.0253) (53 -0.0243) (13 0.0238) (23 -0.0235) (31 0.0207) (25 -0.0186) (50 0.017) (20 -0.0166) (29 0.0162) (14 0.016) (66 -0.0133) (35 0.0126) (62 0.0124) (41 0.0119) (12 0.0113) (60 -0.0106) (28 -0.0106) (19 -0.0101) 
   0.0069154   (138 0.995) (42 -0.0646) (43 -0.0546) (16 0.0512) (44 0.017) 
   0.0082226   (42 0.657) (43 0.556) (16 -0.434) (44 -0.174) (138 0.101) (39 -0.0889) (38 0.0614) (15 -0.0562) (46 0.053) (53 0.043) (50 -0.0367) (66 0.025) (23 -0.0236) (41 -0.0235) (79 0.0214) (48 -0.0214) (29 -0.021) (61 -0.0204) (62 -0.0197) (13 0.0192) (22 -0.0188) (60 0.0184) (31 -0.0178) (35 -0.0169) (70 -0.0168) (65 -0.0137) (75 -0.0135) (84 -0.0126) (78 0.0121) (54 -0.012) (119 0.0112) (71 -0.011) (55 0.0109) (85 -0.0109) (51 0.0108) (14 0.0108) (64 -0.0107) (59 -0.0105) (76 0.0105) (118 -0.0102) 
   0.0086883   (12 0.951) (31 0.294) (32 0.0565) (29 0.0534) (39 -0.03) (135 -0.0218) (30 0.019) (63 0.0188) (16 0.0136) (33 -0.0127) (64 0.0103) 
   0.0093174   (135 -0.945) (31 0.287) (12 -0.12) (29 0.0588) (32 0.0581) (39 -0.0353) (30 0.0208) (33 -0.0138) (25 -0.0106) 

 Largest eigenvalues
      13.254   (161 -0.313) (163 0.894) 
      6.5809   (48 -0.57) (54 -0.384) (55 0.325) (59 0.383) 
       2.086   (83 0.681) (84 -0.646) 
      1.4623   (118 -0.481) (119 0.642) (120 -0.301) (122 -0.383) 
      1.3268   (153 -0.393) (161 -0.834) (163 -0.381) 
      1.2288   (153 -0.877) (161 0.448) 
       1.225   (164 0.993) 
      1.2097   (165 0.993) 
      1.1877   (92 0.47) (93 -0.676) (100 -0.393) 
      1.1735   (93 -0.302) (100 0.393) (109 -0.726) 
      1.1107   (100 0.585) (109 0.458) (117 0.419) 
      1.0944   (100 0.368) (117 -0.733) 
      1.0708   (97 -0.295) (98 0.645) (99 -0.565) 
      1.0183   (102 0.362) (103 0.387) (104 -0.384) (105 -0.505) (106 0.315) 
     0.82652   (110 0.286) (113 -0.555) (114 -0.406) 
     0.79246   (114 0.607) (117 0.366) 
     0.76111   (107 -0.458) (110 -0.602) (111 -0.404) 
      0.7563   (106 0.344) (107 0.744) (111 -0.312) (112 0.337) 
      0.7464   (116 0.508) (123 0.386) (124 0.387) (131 0.333) 
     0.65969   (110 0.207) (114 0.209) (116 -0.759) (123 0.255) (124 0.231) (131 0.247) 
     0.60657   (105 -0.316) (106 -0.659) (110 0.313) (112 0.405) 
     0.60163   (102 0.255) (103 0.271) (105 0.709) (110 0.262) (112 0.216) 
     0.59653   (122 -0.371) (125 0.466) (127 0.596) 
     0.59486   (122 0.32) (125 -0.722) (126 -0.313) (127 0.424) 
     0.57481   (119 0.34) (122 0.646) (125 0.357) 
     0.55355   (118 -0.417) (119 -0.647) (120 -0.403) 
      0.5478   (123 0.67) (126 0.508) (127 0.287) 
      0.5203   (120 0.562) (121 0.435) (124 0.348) (126 0.312) (131 -0.291) 
     0.46934   (118 0.571) (120 -0.48) (124 0.319) (131 -0.317) 
     0.40354   (91 -0.955) 
     0.39304   (121 -0.427) (126 -0.472) (131 -0.465) 
     0.34171   (96 0.929) 
     0.32011   (96 -0.298) (101 -0.302) (104 0.754) 
     0.29162   (101 -0.764) (102 -0.392) (104 -0.34) 
     0.26698   (98 0.363) (99 0.349) (101 0.335) (111 -0.372) (124 -0.344) 
     0.25047   (80 0.293) (86 0.671) 
     0.24564   (80 -0.425) (98 -0.437) (99 -0.411) 
     0.23029   (78 -0.401) (80 0.529) (86 -0.53) 
     0.18977   (108 0.49) (111 0.442) 
      0.1532   (90 0.707) (92 -0.403) (93 -0.305) 
     0.14971   (90 -0.448) (95 -0.504) (102 0.291) (103 -0.371) 
     0.12266   (88 0.397) (92 0.506) (93 0.395) 
     0.11596   (88 -0.763) (90 0.333) (95 0.37) 
      0.1146   (87 0.586) (92 -0.351) (95 0.398) 
     0.11059   (70 0.428) (71 -0.298) (81 -0.353) (82 0.506) 
    0.099837   (68 0.238) (70 -0.375) (77 0.225) (79 -0.313) (81 0.234) (85 0.261) (87 -0.298) (95 0.278) (108 -0.22) 
    0.097501   (62 0.376) (65 0.264) (66 0.38) (68 -0.294) (75 0.251) (87 -0.251) 
    0.095294   (58 0.537) (62 -0.419) 
    0.093625   (58 -0.66) (66 -0.314) 
    0.092099   (58 0.336) (62 0.345) (95 -0.298) 
    0.088531   (62 -0.533) (66 0.294) (68 -0.368) 
    0.087003   (62 0.441) (65 -0.361) (66 -0.445) 
    0.083352   (64 0.265) (65 0.647) (67 0.221) (68 0.283) (82 0.237) 
    0.076635   (61 -0.528) (64 -0.358) (66 0.381) (68 0.411) 
    0.072741   (61 0.694) (65 -0.247) (66 0.225) (77 -0.209) 
    0.069003   (61 -0.307) (68 -0.304) (113 0.373) 
    0.066747   (61 0.228) (64 -0.214) (67 0.258) (70 0.249) (71 0.241) (73 -0.25) (77 0.366) (81 -0.284) (82 -0.249) (113 0.25) 
    0.066068   (64 0.543) (67 -0.414) 
    0.062965   (64 -0.505) (71 -0.3) 
    0.059633   (63 -0.306) (67 0.615) (73 0.328) 
    0.056502   (63 0.36) (71 0.361) (97 -0.326) 
    0.055269   (63 -0.597) (73 -0.329) (97 -0.296) 
    0.052566   (63 0.556) (67 0.302) (71 -0.319) 
    0.052178   (73 0.266) (82 -0.259) (85 0.449) (97 -0.266) (115 0.351) 
    0.050521   (29 0.757) (30 0.497) (39 0.334) 
    0.047044   (29 -0.286) (39 0.838) 
    0.041769   (39 -0.268) (74 0.286) (75 -0.364) (89 -0.301) (97 0.262) (115 0.44) 
    0.041303   (56 -0.562) (115 0.328) 
    0.039755   (51 -0.382) (56 0.371) (74 -0.309) (75 0.365) 
    0.036921   (32 0.293) (33 0.613) (37 0.509) 
    0.030772   (33 -0.624) (37 0.449) 
    0.029446   (34 -0.297) (37 -0.379) (51 0.299) (89 0.516) 
    0.028114   (34 0.816) (89 0.275) 
    0.027252   (34 -0.437) (51 -0.396) (56 -0.4) 
    0.025478   (129 0.88) (131 0.273) 
    0.023829   (128 -0.578) (150 0.77) 
    0.022745   (128 -0.577) (162 -0.802) 
    0.021099   (128 -0.577) (150 -0.62) (162 0.532) 
    0.018471   (20 -0.974) 
    0.016874   (139 0.997) 
