 1 1000
 2 480.922
 3 19.077
 4 1000
 5 435.966
 6 213.28
 7 999.896
 8 3.9564
 9 992.155
 10 912.67
 11 2.45762
 12 776.417
 13 1000
 14 998.433
 15 0.819616
 16 1000
 17 997.589
 18 2.46903
 19 1000
 20 864.762
 21 132.251
 22 1000
 23 967.883
 24 31.3876
 25 247.629
 26 259.56
 27 16.8706
 28 988.344
 29 210.224
 30 230.31
 31 503.238
 32 71.4313
 33 797.841
 34 217.295
 35 148.686
 36 337.663
 37 988.347
 38 997.621
 39 3.55338
 40 616.787
 41 973.513
 42 1.77211
 43 498.223
 44 868.691
 45 16.9305
 46 999.152
 47 256.375
 48 744.442
 49 953.196
 50 178.723
 51 261.226
 52 168.323
 53 956.642
 54 271.918
 55 152.63
 56 233.945
 57 836.793
 58 85.2314
 59 123.486
 60 196.24
 61 23.4048
 62 1.86874
 63 331.733
 64 327.365
 65 1.65028
 66 481.323
 67 901.956
 68 100.424
 69 999.231
 70 1000
 71 938.953
 72 60.8966
 73 999.689
 74 3.52378
 75 997.604
 76 983.316
 77 3.22876
 78 869.224
 79 999.118
 80 15.1539
 81 983.823
 82 991.679
 83 196.428
 84 2.96387
 85 111.925
 86 3.06182
 87 988.795
 88 1.71565
 89 1.64275
 90 1.91695
 91 9.34486
 92 382.135
 93 833.446
 94 877.86
 95 960.643
 96 967.381
 97 287.322
 98 360.887
 99 122.537
 100 941.079
 101 973.894
 102 130.21
 103 150.951
 104 138.145
 105 137.829
 106 161.986
 107 168.012
 108 173.578
 109 132.012
 110 102.014
 111 188.479
 112 205.134
 113 192.496
 114 176.444
 115 188.393
 116 154.415
 117 176.526
 118 198.588
 119 161.098
 120 90.6606
 121 125.059
 122 48.7612
 123 62.0167
 124 38.2498
 125 29.5913
 126 50.779
 127 25.5966
 128 91.7986
 129 62.9821
 130 61.7062
 131 19.8404
 132 20.5192
 133 22.34
 134 35.0992
 135 8.40421
 136 46.8221
 137 9.40868
 138 8.82927
 139 8.68609
 140 10.1616
 141 10.2521
 142 8.42077
 143 8.77707
 144 14.7426
 145 14.7741
 146 12.1689
 147 9.62413
 148 24.9035
 149 15.8864
 150 11.59
 151 13.1872
 152 22.9427
 153 21.1503
 154 13.1913
 155 19.6649
 156 23.7439
 157 45.2582
 158 0.107481
 159 0.162347
 160 0.343896
 161 5.23566
 162 24.6046
 163 368.174
 164 702.014
 165 5.87444
