 1 31.6228
 2 21.3801
 3 1.79696
 4 31.6228
 5 17.4263
 6 9.11473
 7 31.6206
 8 1.03653
 9 31.4263
 10 30.0848
 11 0.989536
 12 27.6572
 13 31.6228
 14 31.5926
 15 0.903539
 16 31.6228
 17 31.5568
 18 0.980215
 19 31.6228
 20 27.5342
 21 5.1358
 22 31.6228
 23 30.6552
 24 1.9533
 25 15.3511
 26 15.1079
 27 1.9107
 28 31.3941
 29 10.4987
 30 11.4047
 31 21.8938
 32 3.33356
 33 26.7942
 34 14.5228
 35 7.47597
 36 15.5418
 37 31.4164
 38 31.5578
 39 1.37984
 40 24.5425
 41 31.1434
 42 1.29508
 43 21.7715
 44 28.9319
 45 1.88282
 46 31.6004
 47 9.31757
 48 23.976
 49 30.679
 50 12.7833
 51 13.613
 52 9.29203
 53 30.7533
 54 16.2881
 55 8.72142
 56 12.3235
 57 28.3343
 58 8.50189
 59 8.21791
 60 11.391
 61 4.39628
 62 1.34961
 63 17.8897
 64 16.6649
 65 0.967686
 66 20.8887
 67 28.675
 68 4.53676
 69 31.6003
 70 31.6228
 71 29.8006
 72 3.27814
 73 31.6159
 74 1.37531
 75 31.5553
 76 31.3386
 77 1.36841
 78 29.3939
 79 31.6013
 80 1.8054
 81 31.1574
 82 31.4441
 83 13.5413
 84 1.42644
 85 10.2493
 86 1.47361
 87 31.3562
 88 1.09905
 89 1.04482
 90 1.24987
 91 2.44758
 92 16.3013
 93 27.4315
 94 28.5334
 95 30.6082
 96 30.7786
 97 15.4421
 98 17.3299
 99 8.68629
 100 30.1018
 101 30.9474
 102 10.4342
 103 11.5332
 104 10.9411
 105 11.0841
 106 12.2952
 107 12.4479
 108 12.5931
 109 10.5064
 110 8.51614
 111 13.0346
 112 13.9918
 113 13.4737
 114 12.7091
 115 12.9188
 116 11.2344
 117 12.3861
 118 13.3934
 119 11.8964
 120 8.69738
 121 10.7559
 122 6.73008
 123 7.68282
 124 5.56784
 125 5.113
 126 6.81235
 127 4.42394
 128 8.98159
 129 7.04125
 130 7.25227
 131 4.0219
 132 4.39252
 133 4.56236
 134 5.80956
 135 2.58865
 136 6.7554
 137 2.81173
 138 2.74925
 139 2.73562
 140 3.01587
 141 2.92221
 142 2.61698
 143 2.70706
 144 3.67567
 145 3.69418
 146 3.29249
 147 2.83311
 148 4.87451
 149 3.80813
 150 3.17658
 151 3.39683
 152 4.66857
 153 4.47389
 154 3.48982
 155 4.34126
 156 4.76559
 157 6.64103
 158 0.110317
 159 0.312456
 160 0.273609
 161 1.44137
 162 4.56812
 163 16.8709
 164 25.0053
 165 0.517535
