 1 43742.8
 2 612.212
 3 24.0625
 4 169415
 5 544.972
 6 266.495
 7 603933
 8 41.0083
 9 12853.5
 10 2685.41
 11 4.09761
 12 1547.51
 13 364412
 14 4923.4
 15 0.833438
 16 321747
 17 3972.34
 18 7.25642
 19 119092
 20 2132.1
 21 324.516
 22 168923
 23 3389.88
 24 107.415
 25 268.826
 26 329.196
 27 21.2557
 28 3016.71
 29 265.054
 30 288.744
 31 514.383
 32 82.9169
 33 930.539
 34 224.675
 35 168.512
 36 384.691
 37 1543.13
 38 2962.87
 39 7.38985
 40 982.421
 41 4415.45
 42 2.10669
 43 671.642
 44 1461.34
 45 27.8565
 46 29359
 47 1025.61
 48 2449.21
 49 1819.06
 50 183.43
 51 303.995
 52 196.208
 53 2956.59
 54 303.271
 55 204.85
 56 321.9
 57 844.737
 58 85.9645
 59 125.647
 60 201.475
 61 23.8118
 62 1.87212
 63 370.844
 64 335.63
 65 1.65778
 66 491.128
 67 2700.58
 68 371.196
 69 133450
 70 174077
 71 2439.58
 72 154.926
 73 18635.2
 74 26.3873
 75 12445.3
 76 8070.82
 77 5.34225
 78 1779.39
 79 8958.37
 80 46.9691
 81 2643.59
 82 1598.93
 83 216.209
 84 3.11802
 85 144.749
 86 3.51113
 87 4283.78
 88 1.71591
 89 1.64278
 90 1.9173
 91 10.4462
 92 500.768
 93 1874.87
 94 2310.36
 95 3206.08
 96 2652.8
 97 311.819
 98 380.879
 99 128.71
 100 1300.31
 101 1605.29
 102 136.269
 103 154.62
 104 139.748
 105 138.874
 106 162.701
 107 168.759
 108 174.567
 109 133.359
 110 104.006
 111 189.724
 112 206.346
 113 193.534
 114 177.184
 115 188.983
 116 155.459
 117 177.231
 118 199.499
 119 163.223
 120 93.8623
 121 125.758
 122 50.4876
 123 70.4675
 124 40.2013
 125 30.79
 126 51.6196
 127 27.5721
 128 94.1413
 129 64.09
 130 62.4964
 131 20.2295
 132 20.9255
 133 22.7929
 134 36.18
 135 8.75449
 136 47.4143
 137 9.75894
 138 9.25789
 139 9.12654
 140 10.75
 141 11.0089
 142 8.98323
 143 9.21165
 144 15.1359
 145 15.1875
 146 12.5995
 147 10.0654
 148 25.402
 149 16.4087
 150 11.9699
 151 13.605
 152 23.4926
 153 22.2176
 154 13.6437
 155 20.0316
 156 24.0845
 157 45.6798
 158 0.140792
 159 0.170529
 160 0.429589
 161 5.91384
 162 25.9516
 163 1201.52
 164 1766.8
 165 7.11572
