 Smallest eigenvalues
  1.6268e-06   (9 1) 
  2.7441e-06   (50 -0.712) (48 -0.503) (54 -0.231) (44 -0.19) (153 -0.19) (14 -0.117) (51 0.111) (78 0.107) (37 -0.0984) (49 0.0932) (53 -0.0894) (46 0.0891) (52 -0.0756) (38 0.0696) (27 0.0644) (61 0.0569) (56 -0.0542) (47 -0.049) (68 0.0369) (69 -0.0349) (79 -0.0347) (76 0.0336) (80 0.0335) (39 0.0285) (40 -0.0282) (43 -0.0276) (45 -0.0275) (70 0.0269) (42 0.026) (21 -0.0255) (36 0.0252) (19 -0.0241) (34 -0.0238) (71 -0.0235) (75 -0.0218) (22 -0.0207) (32 0.0207) (65 -0.0206) (74 -0.0204) (35 -0.0199) (13 0.0182) (63 -0.0167) (25 -0.0159) (31 0.0152) (84 0.015) (41 -0.0144) (33 0.0136) (72 0.0134) (57 -0.0127) (88 0.0122) (30 -0.0119) (55 -0.0108) (66 0.0102) 
   3.108e-06   (153 -0.982) (50 0.138) (48 0.0975) (54 0.0446) (44 0.037) (14 0.0228) (51 -0.0214) (78 -0.0203) (37 0.0191) (49 -0.018) (53 0.0173) (46 -0.0173) (52 0.0146) (38 -0.0135) (27 -0.0125) (61 -0.0109) (56 0.0105) 
  5.7446e-06   (5 1) 
  5.9027e-06   (47 0.661) (148 0.572) (44 -0.32) (45 -0.185) (46 0.134) (37 -0.122) (48 0.112) (49 -0.11) (14 -0.103) (78 0.0729) (27 0.0666) (38 0.0656) (50 0.055) (52 0.0325) (55 -0.0322) (41 -0.0319) (51 0.0281) (61 0.0268) (43 -0.0259) (42 0.0248) (19 -0.0243) (35 -0.0236) (79 -0.023) (30 -0.022) (56 -0.0217) (54 -0.02) (36 0.0194) (21 -0.0193) (149 -0.0181) (34 -0.018) (70 0.0178) (13 0.0162) (28 0.016) (80 0.0157) (53 -0.0157) (25 -0.014) (24 0.0129) (23 0.0126) (71 -0.0123) (60 0.0116) (65 -0.0113) (33 0.0111) (15 -0.011) (77 -0.0107) (69 -0.0103) 
  5.9199e-06   (148 0.819) (47 -0.461) (44 0.223) (45 0.129) (46 -0.0937) (37 0.0853) (48 -0.0782) (49 0.0769) (14 0.0722) (78 -0.0507) (27 -0.0465) (38 -0.0458) (50 -0.0384) (149 -0.0271) (52 -0.0226) (55 0.0225) (41 0.0223) (51 -0.0196) (61 -0.0187) (43 0.0181) (42 -0.0173) (19 0.017) (35 0.0165) (79 0.016) (30 0.0153) (56 0.0152) (54 0.0139) (36 -0.0136) (21 0.0135) (34 0.0126) (70 -0.0124) (13 -0.0113) (28 -0.0112) (53 0.011) (80 -0.0109) 
   7.487e-06   (1 -0.991) (30 -0.1) (37 0.0541) (27 0.0446) (35 0.028) (28 0.0234) (14 -0.0136) (38 -0.0124) (32 0.0107) (21 -0.0106) (31 0.0105) 
  8.3969e-06   (155 -0.998) (30 -0.0409) (37 0.0214) (27 0.0191) (14 -0.0116) (35 0.0113) 
  2.2861e-05   (30 0.735) (37 -0.386) (27 -0.343) (14 0.208) (35 -0.203) (28 -0.168) (1 -0.131) (21 0.0941) (38 0.0857) (19 0.0763) (32 -0.0759) (31 -0.0741) (155 -0.0555) (24 -0.0541) (34 -0.0526) (15 0.0519) (23 -0.0496) (44 -0.043) (78 -0.0423) (25 0.0422) (13 -0.0362) (40 -0.0309) (43 -0.0296) (49 0.0286) (36 0.0257) (29 0.0214) (22 0.0207) (80 -0.02) (79 0.0199) (18 -0.0191) (16 -0.0189) (10 -0.0168) (61 -0.0166) (55 0.0158) (12 0.0156) (26 -0.0132) (70 -0.0126) (42 -0.0126) (41 -0.0125) (39 0.0125) (52 -0.0122) (57 -0.0116) (47 0.0114) (73 0.0108) (50 -0.0106) (53 0.0104) 
  3.2199e-05   (20 -0.731) (22 -0.329) (45 0.326) (46 -0.301) (44 -0.247) (18 -0.171) (21 0.143) (23 0.0986) (15 -0.0751) (16 -0.0542) (31 0.0498) (40 0.0494) (38 0.049) (78 0.0476) (37 -0.0457) (39 0.0452) (14 -0.0448) (36 0.0436) (24 -0.0422) (48 0.0372) (29 0.0333) (49 -0.0332) (43 -0.0258) (34 -0.0249) (27 0.0238) (50 0.0225) (61 0.0212) (52 0.0197) (28 0.0194) (71 -0.0193) (30 -0.0188) (47 -0.0181) (35 -0.0174) (72 0.0169) (33 -0.0167) (55 -0.0163) (26 0.0148) (68 0.0139) (74 -0.0135) (62 0.0135) (19 -0.0128) (56 -0.0117) (73 0.0117) (25 0.0104) (13 0.0101) (80 0.01) 
  3.7628e-05   (157 -0.999) (45 0.023) (46 -0.0215) (20 0.0206) (44 -0.0167) 
  0.00010279   (45 -0.517) (46 0.483) (20 -0.445) (44 0.374) (22 -0.192) (37 0.138) (18 -0.136) (21 0.12) (14 0.0912) (48 -0.084) (38 -0.0829) (49 0.0822) (27 -0.0787) (78 -0.0746) (47 0.0517) (23 0.048) (39 -0.0455) (157 -0.045) (41 0.0449) (24 -0.044) (16 -0.0432) (50 -0.0375) (43 0.0352) (55 0.0337) (80 -0.0298) (33 -0.029) (40 0.0287) (25 0.0286) (31 0.0279) (61 -0.0276) (35 0.0274) (15 -0.0268) (68 -0.0262) (28 -0.0258) (71 0.0246) (19 0.0237) (52 -0.0209) (53 0.0196) (69 0.0184) (74 0.0164) (79 0.0164) (30 0.0159) (72 -0.0158) (56 0.0154) (66 -0.0146) (70 -0.0141) (77 0.0137) (13 -0.0131) (54 0.0121) (62 -0.0116) (36 -0.011) (75 -0.0106) (57 -0.0106) 
  0.00011137   (2 -1) 
  0.00011863   (19 0.589) (14 -0.487) (17 0.482) (27 -0.189) (16 -0.187) (23 -0.147) (22 0.137) (18 0.116) (21 0.109) (15 0.103) (25 0.0872) (20 -0.0808) (13 0.0684) (37 0.0639) (34 0.0486) (44 0.0454) (38 -0.0433) (36 -0.0313) (32 -0.0281) (24 -0.0278) (33 -0.0271) (46 -0.0245) (12 -0.0216) (31 -0.0194) (28 -0.0171) (47 0.0166) (10 0.0159) (35 0.0153) (42 -0.0148) (78 0.0148) (26 -0.0145) (29 0.0134) (45 0.0119) 
  0.00020594   (159 1) 
  0.00023356   (3 -1) 
   0.0002368   (19 -0.653) (21 0.53) (14 -0.318) (27 -0.256) (23 -0.248) (17 0.146) (20 0.109) (24 -0.088) (37 0.0684) (16 -0.0563) (25 0.0546) (13 0.044) (158 0.0401) (15 -0.0374) (32 -0.0347) (18 -0.033) (44 0.0258) (35 0.025) (36 -0.0236) (38 -0.0228) (33 -0.0219) (34 0.0192) (40 0.0166) (39 0.016) (12 -0.0154) (26 -0.0144) (78 0.0143) (46 -0.0131) (10 0.0118) (29 0.0103) 
  0.00025492   (158 0.999) (19 0.0262) (21 -0.0212) (14 0.0128) (27 0.0102) 
   0.0002711   (8 1) 
  0.00028895   (28 -0.61) (29 0.531) (150 -0.363) (27 0.291) (37 0.183) (30 0.164) (14 -0.153) (32 -0.0929) (21 -0.0869) (35 0.0778) (48 0.065) (19 -0.0623) (18 -0.0469) (15 -0.0456) (38 -0.0438) (22 -0.0382) (25 -0.0326) (13 0.0269) (20 0.0236) (41 0.0222) (75 -0.0217) (50 -0.0209) (23 -0.0203) (33 0.0201) (24 0.0187) (78 0.0179) (43 0.0176) (12 -0.0137) (54 -0.0136) (17 0.0135) (26 0.0134) (49 0.0128) (34 -0.0117) (68 0.0112) (16 -0.0112) (44 0.0109) (51 -0.0109) 
  0.00030163   (150 -0.932) (28 0.238) (29 -0.207) (27 -0.113) (37 -0.0712) (30 -0.0637) (14 0.0597) (32 0.0362) (21 0.0338) (35 -0.0303) (48 -0.0253) (19 0.0243) (18 0.0183) (15 0.0178) (38 0.0171) (22 0.0149) (25 0.0127) (13 -0.0105) 
  0.00031022   (6 -1) 
  0.00031286   (21 -0.598) (27 -0.454) (23 0.35) (25 0.335) (14 -0.248) (19 -0.246) (154 -0.174) (37 0.104) (15 -0.0879) (26 -0.0713) (35 0.057) (18 -0.0569) (16 -0.0513) (30 0.043) (13 0.0409) (17 0.0406) (41 0.0383) (32 -0.037) (34 -0.0366) (24 -0.0341) (22 -0.0232) (40 0.0228) (20 -0.0223) (78 0.0213) (48 0.0211) (38 -0.0201) (12 -0.019) (43 0.0182) (28 0.0176) (29 0.0154) (51 -0.0147) (73 -0.0143) (39 0.0141) (75 -0.0122) (55 -0.012) (31 0.0114) (79 -0.011) 
  0.00032672   (154 -0.985) (21 0.106) (27 0.0805) (23 -0.062) (25 -0.0594) (14 0.0439) (19 0.0436) (37 -0.0184) (15 0.0156) (26 0.0126) (35 -0.0101) (18 0.0101) 
  0.00033038   (57 0.502) (73 -0.481) (70 0.4) (74 -0.25) (61 -0.229) (71 -0.22) (69 0.178) (51 -0.166) (44 -0.138) (67 0.121) (68 -0.12) (78 -0.115) (60 -0.0827) (66 0.08) (76 -0.0773) (55 -0.0734) (34 -0.0689) (79 0.0682) (47 -0.0665) (46 0.0658) (56 0.0651) (77 0.0577) (42 0.0499) (15 0.0465) (65 -0.0384) (63 0.035) (80 -0.0343) (45 -0.0331) (38 0.0326) (53 -0.0317) (37 0.031) (43 0.031) (21 0.0247) (75 -0.0242) (22 -0.0242) (59 -0.0235) (35 0.0223) (62 -0.0213) (23 0.0205) (33 0.0191) (125 -0.019) (123 -0.0182) (64 -0.0175) (120 -0.0172) (121 -0.017) (50 -0.0168) (31 0.0161) (20 0.0153) (88 0.0152) (14 -0.0148) (104 -0.0144) (91 0.0142) (19 0.0138) (105 0.0137) (152 -0.0135) (82 -0.0134) (27 -0.0126) (101 0.0111) (129 0.011) (84 0.011) (48 0.0109) (25 -0.0109) (41 0.0109) (89 -0.0105) (98 -0.0101) 
  0.00033484   (73 0.598) (57 0.411) (74 0.269) (152 -0.234) (69 0.221) (68 -0.211) (44 -0.19) (71 0.178) (67 0.167) (61 -0.153) (51 -0.126) (49 0.125) (55 -0.103) (46 0.0979) (70 -0.0969) (47 -0.0961) (34 -0.0868) (66 0.0863) (14 -0.0752) (42 0.0605) (56 0.0574) (41 0.057) (54 0.0567) (38 0.0514) (15 0.0508) (63 0.0489) (60 -0.045) (45 -0.0431) (43 0.0425) (65 -0.0344) (23 0.0329) (33 0.0291) (50 0.0287) (120 0.0283) (22 -0.026) (119 -0.026) (31 0.0251) (123 -0.0247) (59 -0.0233) (79 -0.0231) (20 0.023) (84 0.0225) (25 -0.0218) (75 0.021) (48 -0.0205) (64 -0.0201) (32 0.02) (62 -0.0198) (35 0.0183) (129 0.0182) (52 0.018) (72 -0.0158) (37 -0.0153) (76 0.0148) (149 -0.0146) (36 0.0133) (122 0.0133) (80 0.0131) (121 -0.0121) (88 0.0119) (131 -0.0117) (27 0.0104) 
  0.00036162   (152 -0.972) (73 -0.137) (57 -0.107) (74 -0.0614) (69 -0.0556) (68 0.0524) (44 0.0485) (67 -0.0418) (61 0.04) (71 -0.0398) (51 0.0332) (49 -0.0303) (55 0.0259) (46 -0.0248) (47 0.0244) (34 0.0223) (149 -0.0222) (66 -0.0219) (14 0.0186) (70 0.018) (42 -0.0156) (56 -0.0148) (41 -0.0141) (54 -0.0138) (15 -0.0132) (38 -0.0131) (63 -0.0123) (60 0.012) (45 0.011) (43 -0.0109) 
  0.00043672   (24 0.964) (27 -0.157) (25 -0.0994) (22 -0.0955) (53 0.0862) (51 -0.0517) (55 0.0471) (52 0.0465) (21 0.0463) (14 -0.044) (49 0.0379) (57 -0.0317) (44 -0.0251) (15 -0.0244) (47 -0.0219) (41 0.0201) (46 0.0182) (34 -0.0175) (19 -0.0171) (56 -0.0164) (30 0.016) (28 -0.0157) (17 0.0155) (61 0.0124) (78 0.012) (50 0.0108) (32 0.0104) 
  0.00045511   (147 0.723) (53 0.42) (51 -0.283) (55 0.247) (52 0.201) (44 -0.155) (49 0.154) (57 -0.135) (24 -0.0974) (47 -0.0834) (46 0.0832) (56 -0.0652) (14 -0.0563) (61 0.053) (34 -0.0526) (73 -0.0391) (42 0.0382) (27 0.0378) (38 0.0373) (48 -0.0372) (45 -0.0367) (37 -0.0335) (78 0.0289) (146 -0.0282) (50 0.0271) (15 0.0265) (43 0.0233) (70 0.0233) (60 0.0212) (41 0.0176) (71 -0.0165) (33 0.0161) (23 0.0144) (68 0.014) (20 0.013) (36 0.0128) (31 0.0123) (79 -0.011) (80 0.0103) (32 0.0101) 
  0.00048548   (147 0.69) (53 -0.441) (51 0.297) (55 -0.259) (52 -0.211) (44 0.163) (49 -0.161) (57 0.141) (24 0.0973) (47 0.0876) (46 -0.0874) (56 0.0684) (14 0.0592) (61 -0.0556) (34 0.0552) (73 0.0411) (42 -0.04) (38 -0.0391) (48 0.039) (27 -0.0388) (45 0.0386) (37 0.0352) (78 -0.0303) (50 -0.0285) (15 -0.0277) (146 -0.0269) (43 -0.0245) (70 -0.0244) (60 -0.0223) (41 -0.0185) (71 0.0174) (33 -0.017) (23 -0.0151) (68 -0.0147) (20 -0.0136) (36 -0.0135) (31 -0.0129) (79 0.0115) (80 -0.0108) (32 -0.0106) (28 -0.0104) (121 0.0101) 
  0.00050528   (52 -0.729) (41 -0.413) (54 0.302) (51 -0.25) (55 -0.178) (44 -0.167) (57 -0.163) (49 0.104) (53 0.09) (46 0.075) (37 0.074) (61 0.0675) (56 -0.0636) (42 0.0616) (47 -0.0538) (50 0.0479) (78 0.042) (70 0.0362) (48 -0.0341) (45 -0.0299) (60 0.0285) (40 -0.0257) (151 -0.02) (73 -0.0176) (36 -0.0158) (27 -0.0151) (35 0.0145) (76 -0.0134) (38 -0.0133) (80 0.0122) (79 -0.0118) (15 0.0116) (69 0.0112) (21 0.0111) (30 0.0108) (22 -0.0103) 
  0.00051501   (151 -0.96) (41 0.24) (52 -0.0842) (37 -0.0612) (51 -0.0386) (54 0.0367) (55 -0.0276) (34 -0.0274) (38 0.0271) (44 0.0259) (14 -0.0253) (40 0.0216) (27 0.0211) (57 -0.0208) (42 -0.0181) (49 -0.0157) (78 0.0136) (25 -0.0126) (73 -0.012) (30 -0.0113) (61 0.0109) 
  0.00054276   (41 -0.795) (52 0.342) (151 -0.279) (37 0.205) (51 0.151) (54 -0.148) (55 0.108) (34 0.0947) (38 -0.0922) (14 0.0868) (57 0.0831) (44 -0.0771) (40 -0.0725) (27 -0.0713) (42 0.0577) (78 -0.0499) (49 0.0466) (25 0.0432) (73 0.0429) (61 -0.0423) (30 0.0379) (56 0.035) (53 -0.0333) (43 -0.0301) (70 -0.0275) (36 -0.0242) (33 -0.024) (48 -0.022) (79 0.0209) (35 0.0206) (50 0.0181) (80 -0.018) (28 -0.0174) (60 -0.0172) (68 -0.017) (15 -0.0162) (46 0.0155) (22 0.0148) (13 -0.0135) (23 -0.0133) (20 -0.0133) (71 0.0122) (72 -0.0113) (19 0.0111) (76 0.0104) (31 -0.0104) (39 0.0103) 
  0.00055841   (70 -0.739) (73 -0.312) (57 0.285) (71 0.268) (69 -0.265) (51 -0.164) (49 -0.124) (72 0.107) (61 -0.107) (76 -0.104) (50 -0.0922) (74 -0.0894) (68 0.0877) (75 -0.0603) (44 -0.0561) (77 0.0545) (53 0.0479) (56 0.0416) (54 0.0413) (60 -0.0396) (34 -0.0389) (48 0.0344) (146 -0.034) (66 0.033) (42 0.0278) (55 -0.0268) (15 0.0258) (84 0.025) (65 -0.025) (46 0.0242) (123 -0.0231) (47 -0.0212) (37 0.0211) (38 0.0185) (21 0.0184) (43 0.0184) (52 -0.0177) (22 -0.0176) (41 -0.0161) (125 -0.0156) (45 -0.0156) (67 -0.0154) (129 0.0147) (88 0.0142) (35 0.0128) (23 0.0126) (90 -0.0113) (33 0.0101) 
  0.00059214   (146 -0.834) (49 0.367) (50 0.241) (51 0.179) (53 -0.148) (44 -0.119) (73 -0.0808) (48 -0.0775) (46 0.0675) (47 -0.0581) (41 0.0506) (69 -0.045) (54 -0.0443) (14 -0.0433) (70 -0.0399) (68 0.0377) (34 -0.0335) (37 -0.0333) (78 0.0327) (147 -0.0324) (38 0.0268) (42 0.0227) (56 -0.0208) (57 -0.0197) (67 -0.0196) (27 0.0196) (79 -0.0185) (25 -0.0179) (74 -0.0175) (72 0.0168) (15 0.0152) (149 0.0149) (45 -0.0142) (80 0.0135) (145 0.0119) (43 0.0119) (33 0.0118) (23 0.0118) (76 -0.01) 
  0.00064031   (49 -0.551) (146 -0.548) (50 -0.361) (51 -0.262) (53 0.222) (44 0.185) (73 0.142) (48 0.116) (70 0.106) (46 -0.104) (47 0.0899) (69 0.085) (41 -0.0758) (14 0.0663) (54 0.0647) (68 -0.063) (34 0.0537) (78 -0.0502) (37 0.0492) (38 -0.042) (42 -0.0364) (72 -0.0323) (74 0.0322) (67 0.0309) (27 -0.0294) (56 0.0291) (79 0.0286) (25 0.0277) (15 -0.0249) (45 0.0226) (76 0.0215) (147 -0.0213) (80 -0.0213) (43 -0.0193) (23 -0.0189) (33 -0.0187) (75 0.018) (31 -0.0157) (20 -0.0153) (52 0.014) (22 0.0138) (32 -0.0128) (119 0.0127) (30 0.0121) (57 0.0116) (120 -0.0103) (71 -0.0103) 
  0.00068835   (38 0.785) (39 -0.344) (37 0.219) (25 -0.208) (23 0.169) (44 0.151) (22 -0.144) (34 -0.135) (42 -0.115) (15 0.113) (27 -0.0845) (41 -0.081) (20 0.081) (43 -0.0736) (35 0.0694) (40 -0.0616) (21 0.0516) (46 -0.0511) (14 -0.0511) (36 -0.0486) (47 0.0461) (26 0.0456) (24 -0.0443) (51 0.0436) (57 -0.0345) (33 0.03) (19 0.0269) (45 0.0259) (30 0.0231) (17 0.0203) (55 0.0163) (31 0.016) 
  0.00078078   (25 -0.606) (23 0.432) (22 -0.34) (38 -0.293) (34 0.245) (20 0.183) (27 -0.168) (15 0.162) (14 -0.139) (26 0.138) (24 -0.119) (39 0.102) (33 -0.0786) (37 -0.0768) (31 -0.0762) (35 -0.0666) (32 -0.0457) (21 0.0443) (141 0.042) (17 0.0364) (44 0.0299) (28 -0.027) (49 -0.0176) (13 0.0146) (19 0.0146) (18 0.014) (30 -0.0133) (41 -0.0125) (46 -0.0114) (40 0.0107) 
  0.00081404   (141 0.999) (25 0.0268) (23 -0.0192) (22 0.0152) (149 0.0135) 
  0.00090212   (49 -0.429) (51 0.421) (44 -0.405) (47 -0.39) (15 0.258) (46 0.255) (48 0.232) (57 -0.144) (45 -0.14) (43 0.132) (55 0.117) (17 -0.115) (34 -0.0987) (42 0.0976) (14 -0.0789) (37 0.0746) (41 0.0609) (52 -0.0511) (78 -0.0435) (54 0.0405) (35 0.0399) (27 -0.0379) (38 0.0371) (61 0.0333) (33 0.0259) (53 0.0259) (21 0.0246) (30 0.0218) (19 0.0179) (31 0.0165) (69 0.0165) (79 0.0152) (68 -0.014) (40 0.0139) (20 -0.0136) (84 0.0135) (39 0.0133) (60 0.0133) (74 -0.0128) (77 0.0122) (32 0.0117) (66 -0.0107) (36 -0.0105) (65 0.0101) 
   0.0009656   (15 0.725) (17 -0.502) (14 -0.236) (44 0.153) (20 -0.146) (23 -0.136) (22 0.127) (34 0.121) (47 0.114) (49 0.0943) (51 -0.0911) (25 0.0853) (46 -0.0848) (48 -0.055) (21 -0.0523) (43 -0.0474) (45 0.0447) (42 -0.0426) (18 -0.0411) (24 0.0395) (33 -0.0386) (41 -0.0369) (31 -0.0348) (38 -0.0347) (35 -0.0311) (19 -0.0274) (57 0.0259) (32 -0.0251) (27 -0.025) (55 -0.0237) (13 0.0229) (26 -0.0182) (16 0.017) (37 -0.0163) (28 -0.0161) (30 -0.0153) (54 -0.0128) (29 0.0115) (78 0.0111) 
   0.0010588   (144 -0.999) (149 0.0317) 
   0.0011577   (53 -0.66) (51 -0.43) (34 -0.335) (55 0.273) (57 -0.23) (36 0.159) (52 0.148) (54 0.144) (35 0.129) (33 0.0876) (38 -0.0841) (15 0.0772) (49 -0.0582) (31 0.0536) (41 -0.0536) (50 -0.0486) (22 -0.0411) (47 -0.0411) (61 0.0383) (78 -0.0374) (44 -0.0374) (21 0.0367) (23 0.0357) (48 0.0349) (46 0.032) (14 -0.0319) (32 0.0317) (20 0.0314) (25 -0.0313) (37 -0.0311) (69 0.0277) (68 -0.0247) (79 0.0215) (45 -0.0202) (136 -0.0186) (70 -0.0181) (60 0.0165) (19 0.0139) (67 0.0123) (80 -0.0114) (56 -0.011) (39 -0.011) (73 0.0108) (30 0.0104) (17 0.0103) 
   0.0013355   (34 -0.617) (36 0.382) (53 0.28) (51 0.241) (35 0.23) (38 -0.229) (44 0.214) (37 -0.185) (33 0.161) (41 -0.143) (136 -0.125) (55 -0.104) (42 -0.0911) (14 -0.09) (31 0.0898) (15 0.075) (46 -0.0744) (57 0.0717) (43 -0.0711) (52 -0.0666) (54 -0.0623) (32 0.0591) (47 0.0572) (25 -0.0538) (22 -0.048) (23 0.047) (20 0.0419) (39 -0.0392) (45 0.0381) (40 -0.0339) (27 0.0321) (50 0.0247) (78 0.0197) (21 0.0191) (28 0.018) (24 -0.0157) (17 0.0144) (73 -0.0131) (70 0.0126) (61 -0.0121) (26 0.0104) 
   0.0014924   (136 -0.992) (34 0.084) (36 -0.051) (35 -0.0313) (38 0.0303) (44 -0.0258) (37 0.0237) (53 -0.0228) (33 -0.0219) (51 -0.0219) (41 0.0188) (149 0.0141) (31 -0.0123) (14 0.012) (42 0.0113) (15 -0.011) 
   0.0015078   (10 0.969) (35 -0.202) (34 -0.0655) (37 0.0555) (33 0.0499) (32 0.0495) (31 0.0485) (36 -0.0387) (38 -0.0245) (132 -0.0224) (14 0.0208) (11 0.0196) (44 0.0146) (46 -0.0114) (27 0.0101) 
   0.0016393   (132 -0.863) (35 -0.404) (10 -0.139) (34 -0.134) (37 0.103) (33 0.0982) (32 0.0946) (31 0.0939) (36 -0.0779) (14 -0.0575) (38 -0.0452) (27 0.0388) (44 0.0278) (46 -0.0163) (25 -0.0149) (19 -0.0142) (23 0.0141) (41 -0.013) (42 -0.0128) (54 -0.0124) (21 -0.0122) (26 -0.0117) (22 -0.0102) 
   0.0018804   (35 0.701) (132 -0.504) (34 0.232) (10 0.194) (37 -0.179) (33 -0.17) (32 -0.164) (31 -0.163) (36 0.135) (14 0.0975) (38 0.0784) (27 -0.0669) (44 -0.0482) (46 0.0284) (25 0.0257) (19 0.0246) (23 -0.0244) (41 0.0223) (42 0.0221) (54 0.0214) (21 0.021) (26 0.0202) (22 0.0177) (20 -0.0166) (13 -0.0154) (49 0.0154) (55 -0.0135) (28 -0.0115) (50 -0.0115) (78 -0.0103) 
   0.0020202   (31 0.626) (32 0.591) (34 0.284) (35 0.229) (54 -0.185) (30 0.153) (33 0.135) (52 -0.104) (55 0.0936) (50 0.0609) (74 0.0602) (37 -0.0582) (28 -0.0487) (72 0.0455) (49 -0.0449) (40 -0.0439) (51 -0.042) (36 -0.0377) (71 -0.0293) (20 0.0288) (15 0.0268) (68 0.0256) (42 -0.0253) (27 -0.0243) (128 0.024) (60 -0.0196) (57 0.0192) (78 -0.0176) (46 -0.0165) (44 0.0158) (24 -0.0156) (61 -0.0155) (75 -0.0152) (80 -0.0146) (41 0.0119) (47 0.0117) (23 0.0115) (38 -0.0113) (21 0.0113) (16 -0.0112) (43 0.0101) 
   0.0021835   (74 0.58) (72 0.402) (68 0.367) (71 -0.331) (128 0.291) (78 -0.168) (75 -0.142) (55 -0.112) (77 -0.111) (69 -0.0986) (80 -0.0978) (54 0.0957) (76 -0.0889) (67 -0.0803) (52 0.0803) (60 -0.0777) (79 0.0612) (57 0.0558) (83 -0.0556) (65 0.054) (73 -0.0536) (61 -0.052) (62 0.0512) (50 -0.0489) (40 -0.0447) (70 0.0433) (105 -0.0389) (85 -0.0385) (31 -0.0379) (34 -0.0351) (44 -0.0286) (51 -0.0285) (32 -0.0258) (46 0.0257) (39 0.0249) (82 -0.0237) (47 -0.0228) (87 0.0182) (48 0.0182) (59 0.0179) (42 0.0178) (89 -0.0175) (63 -0.0171) (81 0.0169) (64 0.0161) (124 -0.0159) (86 -0.0159) (35 -0.0154) (133 -0.0149) (93 -0.0143) (38 0.0135) (37 0.0134) (129 0.013) (121 0.0125) (84 0.0119) (45 -0.0118) (58 -0.0114) (104 0.0104) (100 -0.0104) (125 -0.0104) 
   0.0023525   (128 0.569) (54 0.548) (55 -0.302) (52 0.298) (74 -0.211) (72 -0.15) (31 0.137) (50 -0.133) (32 0.125) (51 0.107) (71 0.106) (49 0.0939) (57 -0.0804) (68 -0.0598) (61 0.0566) (60 0.051) (33 0.0508) (34 0.0469) (75 0.0423) (78 0.0411) (40 -0.0376) (30 0.036) (65 -0.0357) (76 0.0333) (53 0.0326) (69 -0.0324) (43 -0.032) (129 0.0317) (84 -0.0312) (48 -0.0308) (35 0.0307) (80 0.029) (67 0.0244) (46 0.0223) (66 0.0223) (56 0.0222) (124 -0.0217) (44 -0.02) (70 0.0194) (88 0.019) (39 0.0189) (77 0.0183) (20 0.0174) (15 0.0172) (81 0.0164) (123 0.0155) (28 -0.0152) (36 -0.0126) (41 0.0122) (87 -0.0122) (105 0.0118) (27 -0.0117) (90 0.0115) (121 0.0112) (91 -0.0103) 
   0.0026227   (128 0.765) (54 -0.438) (55 0.264) (52 -0.249) (50 0.116) (31 -0.107) (32 -0.101) (68 -0.0957) (49 -0.0684) (51 -0.0668) (74 -0.0652) (69 0.0613) (129 0.0572) (71 0.0481) (40 0.0466) (33 -0.044) (72 -0.0428) (133 0.038) (57 0.0377) (78 0.0329) (70 -0.0307) (34 -0.0303) (30 -0.0284) (77 0.0284) (73 0.0275) (46 -0.026) (131 0.0257) (44 0.0254) (35 -0.0241) (39 -0.0235) (83 0.0232) (43 0.0231) (75 0.0228) (61 -0.0216) (79 -0.0214) (53 -0.021) (85 0.0202) (84 0.0186) (81 -0.0183) (15 -0.0173) (66 -0.0163) (48 0.0156) (80 0.0154) (56 -0.0152) (62 -0.0144) (20 -0.0136) (88 -0.0129) (67 0.0126) (28 0.0114) (27 0.0113) (42 -0.011) 
   0.0026496   (25 0.595) (23 0.423) (21 0.328) (22 -0.327) (20 0.247) (27 0.227) (55 0.165) (15 0.136) (26 -0.123) (54 0.109) (34 0.1) (56 -0.0969) (19 0.0896) (51 0.0795) (37 -0.0695) (24 0.0618) (57 0.0605) (31 -0.0565) (44 0.0553) (35 -0.048) (52 -0.0358) (17 0.0327) (33 -0.0314) (18 0.0301) (61 -0.0299) (47 0.0293) (46 -0.0279) (13 -0.0268) (42 -0.0261) (36 0.0232) (78 0.0215) (16 0.0167) (60 -0.0146) (74 0.0142) (48 -0.0137) (119 0.0136) (68 0.0129) (12 0.0129) (45 0.0128) (121 0.0127) (70 0.0124) (38 -0.0119) (28 -0.0105) (50 -0.0102) 
   0.0027395   (61 0.789) (60 0.359) (56 0.291) (57 0.217) (55 -0.17) (54 -0.155) (51 -0.104) (78 -0.0855) (47 -0.0638) (79 0.0595) (25 0.0591) (130 0.0585) (23 0.0514) (50 0.051) (21 0.0475) (46 0.0465) (22 -0.0443) (52 0.0401) (80 -0.0398) (59 -0.0381) (72 0.037) (62 0.0315) (15 0.031) (48 0.0301) (20 0.03) (105 0.0292) (84 -0.0276) (73 -0.0261) (76 -0.0256) (45 -0.0253) (53 -0.0228) (77 0.0196) (123 -0.0186) (42 0.0186) (27 0.0178) (19 0.0171) (121 0.0167) (44 -0.0165) (108 -0.0151) (66 0.0144) (63 0.0143) (119 -0.0139) (104 -0.0136) (68 0.0126) (90 0.0123) (38 0.0122) (37 -0.0122) (67 0.012) (120 0.0117) (26 -0.0117) (107 0.0116) (34 -0.0114) (30 0.0111) (70 0.0109) (102 -0.0102) 
   0.0028525   (130 0.773) (55 -0.379) (57 -0.271) (54 -0.252) (61 -0.179) (51 -0.136) (56 0.131) (52 0.0857) (60 -0.0807) (25 0.0776) (23 0.0667) (21 0.0615) (22 -0.0574) (43 0.0503) (44 -0.0502) (47 -0.0491) (15 0.0412) (20 0.0381) (68 -0.0319) (78 -0.0285) (70 -0.0272) (50 0.0269) (74 -0.0269) (27 0.0253) (48 0.0251) (45 -0.0243) (46 0.0232) (131 0.0212) (19 0.0209) (66 -0.02) (84 0.02) (34 -0.019) (69 0.0189) (26 -0.017) (129 0.0168) (72 -0.0167) (121 -0.0157) (65 0.0156) (53 0.0131) (59 0.0127) (77 0.0125) (42 0.0118) (105 -0.0116) (119 -0.0109) (37 0.0102) (49 -0.0102) 
   0.0032407   (130 0.63) (55 0.48) (54 0.323) (57 0.31) (56 -0.188) (51 0.177) (61 0.145) (52 -0.109) (25 -0.101) (23 -0.0866) (21 -0.0799) (22 0.0746) (47 0.0663) (60 0.0649) (44 0.063) (43 -0.061) (15 -0.0535) (20 -0.0496) (78 0.0424) (121 0.0421) (68 0.038) (50 -0.0379) (48 -0.0337) (46 -0.033) (27 -0.0326) (70 0.0324) (74 0.0324) (45 0.0322) (19 -0.0272) (123 -0.0249) (34 0.0244) (69 -0.0241) (66 0.0232) (84 -0.023) (26 0.0219) (131 0.0195) (105 0.0194) (65 -0.0192) (129 0.0176) (72 0.0172) (77 -0.0171) (119 0.0165) (42 -0.0163) (122 0.0156) (53 -0.0137) (49 0.0132) (59 -0.012) (37 -0.0113) (76 0.0111) (79 -0.0109) (38 -0.0108) (73 0.0104) 
   0.0035574   (42 0.899) (66 0.209) (44 0.186) (65 -0.182) (84 -0.147) (67 0.12) (43 -0.0844) (57 -0.0831) (46 -0.0688) (38 0.0641) (47 0.0526) (45 0.0443) (51 0.0404) (126 0.0379) (87 -0.0328) (72 0.0314) (54 -0.031) (34 -0.0298) (37 -0.0281) (41 0.0254) (73 -0.0249) (49 -0.0227) (74 0.0217) (63 -0.0205) (14 -0.0202) (105 -0.0196) (32 0.0187) (36 0.0186) (71 0.0183) (39 -0.0169) (56 -0.0162) (76 -0.0149) (68 0.0142) (90 -0.0137) (31 0.0136) (55 0.0134) (33 0.0132) (69 0.0123) (75 -0.0117) (82 0.0107) (52 -0.0107) (50 0.0104) (15 0.0103) (92 0.0102) 
   0.0036861   (84 -0.856) (126 0.377) (66 -0.156) (87 -0.146) (65 0.135) (67 -0.0954) (78 0.0864) (105 -0.0799) (90 -0.069) (42 -0.0673) (57 0.0633) (82 0.0541) (44 -0.042) (92 0.0406) (51 -0.0406) (61 -0.0356) (83 -0.0319) (121 -0.0318) (88 0.0313) (43 0.0281) (93 -0.0272) (125 -0.0264) (47 -0.0261) (80 0.0241) (104 0.0238) (54 -0.0237) (69 -0.0223) (107 -0.022) (46 0.0199) (77 -0.0198) (108 -0.0198) (79 -0.017) (45 -0.0165) (60 -0.0161) (103 -0.0161) (96 0.0156) (55 -0.0155) (102 0.0153) (63 0.0148) (94 -0.0143) (34 -0.0128) (81 -0.0123) (122 0.0122) (86 -0.0117) (76 0.0112) (72 -0.0112) (111 -0.0112) (73 0.0111) (49 -0.0111) (91 0.0103) 
   0.0038472   (126 0.705) (84 0.402) (66 -0.346) (65 0.299) (42 0.218) (67 -0.204) (57 0.08) (87 0.0719) (72 -0.0647) (74 -0.0517) (78 -0.0477) (73 0.0474) (90 0.0439) (105 0.0428) (71 -0.0406) (76 0.0343) (54 0.0324) (63 0.0305) (43 -0.0302) (56 0.0293) (82 -0.0276) (75 0.0267) (68 -0.0264) (92 -0.0233) (83 0.0231) (79 0.0204) (69 -0.0203) (80 -0.0181) (104 -0.0179) (47 0.0169) (41 0.0164) (34 -0.0163) (129 -0.016) (38 0.0159) (49 0.0156) (125 -0.0149) (45 0.0145) (108 0.0143) (50 -0.0138) (44 0.0127) (88 -0.012) (15 0.0112) (64 -0.0111) (48 -0.011) (51 -0.0107) (77 -0.0106) 
   0.0040423   (126 0.598) (66 0.493) (65 -0.426) (67 0.292) (42 -0.272) (57 -0.129) (72 0.081) (84 0.0779) (73 -0.0611) (74 0.0577) (71 0.0527) (76 -0.0465) (63 -0.044) (69 0.0375) (51 0.0363) (75 -0.0341) (61 0.0341) (56 -0.0323) (34 0.0294) (68 0.0294) (38 -0.0263) (77 0.0248) (129 -0.0232) (43 0.0225) (54 -0.0204) (15 -0.019) (50 0.0162) (41 -0.016) (64 0.016) (60 0.0157) (79 -0.0127) (93 0.0127) (14 0.0124) (33 -0.0113) (31 -0.0111) (21 -0.011) (105 -0.011) (23 -0.0103) (22 0.0102) (32 -0.0102) 
   0.0040707   (107 0.587) (106 -0.468) (112 -0.323) (105 -0.267) (113 0.195) (114 -0.19) (110 -0.188) (101 0.169) (56 0.13) (115 0.128) (91 -0.12) (99 0.116) (118 0.104) (103 0.0981) (97 0.0913) (109 0.0905) (116 -0.0847) (98 0.048) (104 -0.0465) (145 -0.041) (78 0.0382) (55 0.037) (92 0.0359) (90 0.031) (119 0.0292) (140 0.0286) (61 -0.0253) (121 -0.0235) (54 0.0207) (94 0.0181) (117 -0.0174) (123 -0.0172) (120 0.0144) (108 0.0141) (79 -0.0136) (87 -0.0124) (111 0.0117) (125 -0.0115) (52 -0.011) (60 -0.0102) 
   0.0042176   (140 0.992) (145 0.121) (149 0.029) (107 -0.0172) (106 0.0135) (139 -0.0133) (105 0.0119) (56 -0.0105) 
   0.0043142   (56 0.869) (55 0.273) (61 -0.142) (54 0.124) (47 0.116) (52 -0.11) (37 0.108) (107 -0.0886) (57 -0.0863) (49 0.0852) (105 0.075) (51 0.0733) (48 -0.0725) (78 0.0695) (60 -0.0612) (53 0.0604) (41 0.0598) (50 -0.0597) (106 0.0591) (45 0.0575) (44 -0.0537) (14 0.0511) (46 -0.0446) (38 -0.0443) (70 0.0427) (68 0.0389) (69 -0.0388) (27 -0.0386) (74 0.0325) (79 -0.0299) (15 0.0279) (112 0.0275) (35 0.0272) (66 0.0268) (101 -0.0264) (65 -0.0254) (113 -0.0241) (114 0.0229) (34 -0.0225) (84 -0.0223) (92 0.0213) (71 0.0206) (104 0.0202) (115 -0.0202) (110 0.0202) (145 0.0201) (21 0.0197) (72 0.0192) (109 -0.019) (77 -0.0186) (90 0.0175) (36 -0.0174) (102 -0.0169) (13 -0.0167) (118 -0.0165) (63 -0.0162) (43 -0.016) (99 -0.0155) (80 0.0154) (20 0.0152) (39 0.0139) (19 0.0137) (67 -0.0123) (59 0.0122) (116 0.012) (16 0.0114) (25 0.0113) (94 -0.0102) 
   0.0043937   (71 0.446) (46 0.411) (45 0.399) (81 0.359) (70 0.283) (80 -0.217) (83 0.212) (93 -0.164) (69 -0.162) (87 0.138) (72 0.105) (77 0.0998) (76 -0.0949) (43 -0.0948) (78 0.0812) (99 0.0699) (109 0.0693) (82 -0.0612) (74 0.0598) (67 -0.0588) (68 0.0557) (44 0.0508) (114 -0.0502) (96 -0.0463) (54 -0.0451) (85 -0.0429) (100 -0.0396) (49 -0.0395) (61 -0.0372) (89 0.036) (104 -0.0355) (51 -0.0345) (48 0.0336) (98 0.033) (156 0.0282) (47 0.0274) (75 -0.0273) (56 -0.0264) (84 -0.0241) (107 -0.0211) (66 -0.0201) (73 -0.02) (53 -0.02) (26 0.0196) (35 -0.0186) (113 -0.0183) (101 -0.018) (37 -0.0178) (50 0.0163) (57 0.0158) (60 -0.0148) (88 -0.0143) (106 0.0131) (40 0.012) (55 -0.012) (63 -0.0118) (112 0.0112) (17 0.0104) (27 0.0103) 
   0.0046216   (156 0.999) (45 -0.0232) (46 -0.023) 
   0.0046382   (45 0.555) (46 0.528) (71 -0.4) (70 -0.247) (81 -0.183) (80 0.149) (69 0.145) (43 -0.129) (87 -0.107) (72 -0.0982) (83 -0.0978) (47 0.0923) (79 -0.0868) (109 -0.0751) (78 -0.0732) (44 0.0704) (67 0.0646) (90 -0.0606) (68 -0.0557) (76 0.054) (99 -0.0431) (74 -0.0418) (37 0.0414) (114 0.0381) (77 -0.0369) (105 0.0304) (85 0.0285) (75 0.0278) (38 -0.0265) (57 -0.0259) (41 0.0258) (107 0.0257) (42 -0.0245) (14 0.0233) (100 0.0233) (82 0.0226) (66 0.0215) (86 -0.0212) (73 0.0208) (156 0.0208) (49 -0.0189) (61 0.0186) (63 0.0182) (53 0.0178) (104 0.0164) (113 0.0155) (98 -0.014) (122 -0.0133) (48 0.0133) (27 -0.0131) (25 0.0123) (106 -0.0122) (36 -0.012) (121 0.0118) (101 0.0117) (92 0.0115) (13 -0.0114) (93 -0.0112) (91 -0.0102) 
    0.004733   (26 -0.927) (134 -0.312) (25 -0.196) (16 -0.029) (22 -0.0286) (24 -0.0186) (35 0.0179) (45 0.0152) (46 0.0139) (34 0.0129) (31 -0.0119) (36 0.0117) (93 0.0115) (133 0.0106) (32 -0.0102) 
   0.0049336   (134 -0.949) (26 0.305) (25 0.0646) (133 0.0283) (7 -0.0241) 
    0.005089   (7 1) (134 -0.025) 
   0.0052879   (4 -1) 
   0.0053368   (30 0.574) (27 0.419) (29 -0.361) (37 0.308) (28 0.268) (135 0.243) (14 -0.24) (35 0.143) (32 -0.125) (38 -0.087) (19 -0.0781) (21 -0.0743) (25 -0.0717) (33 -0.0594) (36 -0.0497) (24 0.0453) (41 0.0428) (15 -0.0409) (13 0.0394) (44 0.0372) (23 0.034) (78 0.0287) (39 0.0279) (20 -0.0248) (22 -0.0163) (46 -0.0148) (16 -0.0146) (79 -0.0146) (47 0.0144) (10 0.0134) (55 -0.0129) (17 0.0128) (12 -0.0126) (43 0.0126) (26 0.0119) (56 -0.0106) (72 0.0104) 
   0.0054472   (135 0.97) (30 -0.144) (27 -0.105) (29 0.0904) (37 -0.0771) (28 -0.0669) (14 0.0601) (35 -0.0358) (32 0.0313) (38 0.0217) (19 0.0196) (21 0.0186) (25 0.018) (33 0.0149) (36 0.0124) (24 -0.0113) (41 -0.0107) (15 0.0102) 
   0.0056046   (11 -0.799) (16 0.483) (15 -0.173) (14 -0.172) (17 -0.165) (19 0.133) (27 -0.0955) (21 0.0816) (18 -0.044) (13 0.0345) (37 0.0341) (24 -0.0285) (10 0.0236) (26 -0.0175) (30 0.0173) (25 0.0151) (35 0.0117) (12 -0.0116) (20 0.0109) 
   0.0057083   (142 0.999) (11 0.0274) (16 0.0261) 
   0.0059242   (16 -0.649) (11 -0.6) (15 0.226) (17 0.218) (14 0.208) (19 -0.181) (27 0.131) (21 -0.114) (18 0.0611) (37 -0.0474) (142 0.0421) (24 0.0371) (13 -0.0321) (30 -0.0261) (26 0.0233) (25 -0.0219) (35 -0.0163) (20 -0.0149) (38 0.0131) (78 -0.0128) (28 0.012) (80 -0.0108) (60 -0.0102) 
    0.006343   (13 0.921) (43 0.307) (14 0.141) (12 -0.137) (40 -0.0758) (45 0.0624) (44 0.0428) (47 0.041) (15 0.0321) (37 -0.0222) (38 0.0209) (31 -0.0205) (41 -0.0179) (42 0.0162) (46 0.016) (54 0.0155) (32 0.0153) (17 0.0151) (48 -0.0124) (36 0.0124) (105 -0.0124) (61 0.0117) (55 0.0115) 
   0.0066701   (143 -0.999) (43 0.0352) (13 -0.0154) 
   0.0073487   (43 -0.875) (13 0.317) (40 0.177) (45 -0.156) (44 -0.13) (47 -0.1) (14 0.0967) (37 0.0894) (38 -0.0663) (41 0.0646) (42 -0.0445) (143 -0.041) (12 -0.0404) (54 -0.0383) (31 0.0383) (32 -0.0381) (46 -0.037) (36 -0.0324) (74 0.0295) (48 0.0279) (15 0.0276) (25 0.0273) (61 -0.0269) (72 -0.024) (79 0.0238) (20 0.0234) (27 -0.0233) (59 -0.0228) (105 0.0221) (50 0.0207) (35 0.0205) (49 -0.0205) (51 -0.0195) (80 0.0193) (67 0.0189) (55 -0.0176) (21 0.0175) (63 -0.0173) (64 0.0165) (84 -0.0158) (16 0.0152) (56 -0.0141) (77 0.0128) (19 0.0118) (81 0.0115) (76 0.0108) (62 0.0106) (85 -0.0105) (17 0.0101) (57 -0.01) 
   0.0075873   (12 -0.939) (32 0.215) (31 -0.209) (13 -0.143) (40 0.0435) (36 -0.0328) (35 0.0251) (30 0.0243) (34 -0.0221) (14 0.0183) (37 0.0158) (137 -0.0154) (43 -0.013) (65 -0.0127) (68 0.0125) (15 0.0123) (66 -0.0121) (33 0.0117) 
   0.0082137   (137 -0.993) (32 0.0728) (31 -0.0695) (12 0.049) (40 0.016) 

 Largest eigenvalues
      109.12   (163 -0.209) (164 -0.966) 
      29.778   (37 0.485) (78 -0.333) 
      15.082   (37 -0.288) (78 -0.653) (79 0.315) 
      11.586   (102 -0.245) (104 -0.28) (105 0.81) (107 0.24) 
      4.4957   (145 0.977) 
      1.4303   (163 -0.978) (164 0.206) 
      1.2252   (162 0.995) 
      1.1538   (165 0.997) 
      1.1435   (91 0.717) (92 -0.54) 
      1.1356   (100 -0.323) (101 0.703) (106 0.491) 
      1.1265   (101 0.352) (106 -0.597) (107 -0.545) 
     0.95471   (111 0.37) (115 -0.807) 
     0.93565   (103 -0.902) 
     0.86954   (99 0.438) (100 0.718) (101 0.388) 
     0.82381   (111 -0.65) (123 -0.366) 
     0.78169   (110 -0.457) (111 0.471) (115 0.373) (123 -0.319) (149 -0.292) 
      0.6858   (97 -0.299) (110 0.739) 
     0.68351   (97 0.919) (110 0.249) 
     0.66164   (112 0.312) (113 0.46) (123 0.318) (125 -0.391) (149 -0.383) 
     0.66156   (112 -0.739) (113 -0.291) 
     0.65572   (108 0.667) (113 -0.542) 
     0.59921   (108 -0.674) (110 -0.294) (112 0.319) (113 -0.338) 
     0.57345   (113 0.364) (120 -0.419) (121 -0.327) (129 0.301) (133 0.364) 
     0.57276   (120 0.362) (121 0.467) (122 0.346) (123 -0.518) (133 0.312) 
     0.56935   (117 0.359) (119 -0.574) (120 0.348) (121 -0.407) 
     0.55188   (116 -0.208) (117 -0.818) (120 0.253) (133 0.22) 
     0.54253   (116 0.427) (118 0.326) (119 0.413) (122 0.324) (124 0.32) (133 0.329) 
     0.52256   (116 -0.66) (124 0.312) (133 0.302) 
     0.50571   (116 0.544) (119 -0.309) (125 -0.381) (149 0.331) 
     0.49536   (91 0.557) (92 0.799) 
     0.44009   (118 0.447) (120 0.315) (125 -0.317) (129 0.34) (149 0.385) 
      0.3963   (94 -0.934) (104 -0.24) 
     0.39381   (94 0.323) (102 0.371) (104 -0.759) 
     0.34384   (102 -0.812) (105 -0.289) 
     0.32279   (87 -0.226) (98 0.283) (99 0.375) (100 -0.219) (104 0.295) (114 0.336) (118 -0.29) (122 0.261) (129 0.287) 
     0.30288   (79 -0.249) (87 0.659) 
     0.25709   (78 0.29) (79 0.358) (80 -0.25) (98 -0.313) (99 -0.433) 
     0.24396   (78 -0.326) (79 -0.384) (87 -0.581) 
     0.23029   (99 0.323) (109 0.436) (114 -0.542) 
     0.22632   (90 0.777) (93 0.467) 
     0.18955   (90 -0.398) (96 0.542) (109 -0.441) 
     0.17615   (86 -0.318) (93 -0.612) (109 -0.369) 
      0.1583   (85 -0.294) (86 0.825) 
      0.1357   (89 -0.743) (93 0.334) (96 -0.314) 
     0.13319   (79 0.441) (81 -0.461) (83 -0.461) 
      0.1278   (77 0.338) (79 -0.233) (80 -0.225) (81 0.223) (83 -0.194) (85 0.206) (88 0.239) (89 0.273) (93 0.228) (96 -0.256) (114 0.198) (122 -0.202) 
      0.1168   (59 0.395) (63 -0.368) (69 0.378) 
     0.11195   (58 0.442) (59 -0.627) 
      0.1032   (58 -0.55) (63 0.428) 
     0.09463   (58 0.496) (59 0.309) (63 -0.295) (96 0.297) 
    0.092449   (58 -0.451) (59 -0.509) (63 -0.343) 
    0.081772   (59 0.25) (63 0.596) (67 -0.248) (69 0.246) (83 -0.279) 
    0.080088   (64 -0.746) (67 0.313) 
     0.07699   (60 0.343) (62 0.418) (64 0.522) (67 0.397) 
     0.07364   (60 -0.613) (61 0.295) (62 -0.308) 
     0.06566   (60 0.332) (67 -0.309) (118 -0.272) 
    0.062952   (60 -0.292) (72 0.253) (77 0.3) 
    0.061381   (60 0.306) (62 -0.581) 
     0.05747   (62 0.513) (72 -0.312) 
    0.056243   (68 0.496) (76 -0.298) (77 -0.287) 
    0.054871   (65 -0.336) (66 -0.305) (72 0.353) (80 0.294) (81 0.298) (98 -0.299) 
    0.049897   (65 0.344) (66 0.413) (76 0.342) 
    0.048176   (65 -0.291) (66 -0.406) (68 0.326) (72 -0.287) (75 -0.238) 
    0.046957   (72 0.248) (76 -0.385) (80 -0.286) (81 -0.285) (83 0.255) (88 0.29) 
    0.045187   (33 -0.783) (40 -0.477) 
    0.042828   (33 0.506) (40 -0.743) 
    0.042109   (75 0.368) (85 -0.338) (98 0.309) (124 -0.299) 
    0.041437   (48 -0.592) (49 -0.341) (50 0.362) (75 -0.322) 
    0.038592   (48 0.459) (75 -0.54) 
    0.031887   (18 0.418) (22 0.389) (29 0.443) 
    0.029443   (18 0.697) (22 -0.441) (23 -0.287) 
    0.027916   (18 -0.436) (22 -0.308) (23 -0.286) (28 0.328) (29 0.286) (39 0.42) 
    0.025708   (28 -0.431) (29 -0.441) (39 0.411) 
    0.021383   (39 -0.481) (85 0.399) (88 -0.464) 
    0.021368   (125 0.331) (131 0.655) (133 0.333) 
    0.020658   (127 0.578) (160 -0.809) 
    0.018805   (127 0.577) (160 0.314) (161 0.754) 
    0.016329   (127 0.577) (160 0.496) (161 -0.649) 
      0.0154   (15 0.402) (16 0.529) (17 0.625) 
    0.014767   (138 0.995) 
