 1 1000
 2 522.577
 3 21.3431
 4 1000
 5 416.149
 6 291.947
 7 999.826
 8 3.29854
 9 992.061
 10 882.464
 11 2.40463
 12 791.608
 13 1000
 14 997.854
 15 0.825581
 16 1000
 17 996.985
 18 2.97464
 19 1000
 20 842.506
 21 154.937
 22 1000
 23 948.354
 24 51.07
 25 239.217
 26 254.355
 27 15.9377
 28 985.551
 29 203.862
 30 245.039
 31 487.423
 32 51.511
 33 842.479
 34 211.064
 35 142.106
 36 376.061
 37 989.104
 38 997.77
 39 3.59069
 40 603.697
 41 968.473
 42 1.74755
 43 496.241
 44 860.143
 45 16.1799
 46 997.924
 47 407.729
 48 594.287
 49 937.759
 50 197.694
 51 294.874
 52 172.242
 53 951.806
 54 274.706
 55 166.572
 56 220.239
 57 894.384
 58 91.0347
 59 148.685
 60 169.137
 61 21.9202
 62 1.75141
 63 470.916
 64 302.063
 65 1.72114
 66 488.83
 67 949.697
 68 52.3986
 69 999.961
 70 1000
 71 881.633
 72 118.218
 73 999.572
 74 3.03621
 75 998.096
 76 983.632
 77 3.73629
 78 886.575
 79 999.162
 80 27.0635
 81 971.256
 82 990.122
 83 285.243
 84 2.66467
 85 107.564
 86 2.37389
 87 990
 88 1.71817
 89 1.64391
 90 1.91917
 91 8.77359
 92 400.88
 93 819.372
 94 542.502
 95 843.361
 96 933.542
 97 313.728
 98 266.56
 99 126.183
 100 677.289
 101 928.993
 102 114.229
 103 152.281
 104 131.709
 105 128.933
 106 160.266
 107 163.762
 108 166.818
 109 121.326
 110 93.3972
 111 175.527
 112 203.232
 113 187.205
 114 170.551
 115 174.208
 116 137.506
 117 168.635
 118 188.867
 119 145.555
 120 83.1547
 121 120.839
 122 47.3908
 123 61.5863
 124 36.1318
 125 28.7831
 126 51.6499
 127 25.6834
 128 86.3178
 129 66.3821
 130 59.211
 131 20.0883
 132 20.7136
 133 22.1154
 134 35.2823
 135 8.5683
 136 45.5015
 137 9.63767
 138 8.9995
 139 9.08634
 140 10.4668
 141 10.9702
 142 8.51011
 143 9.12138
 144 14.8045
 145 15.0447
 146 12.4916
 147 9.93195
 148 28.9266
 149 15.7995
 150 11.8875
 151 13.831
 152 23.2498
 153 20.0459
 154 13.2146
 155 19.8665
 156 24.0297
 157 46.7657
 158 0.215052
 159 0.0742289
 160 0.373708
 161 21.2984
 162 14.0883
 163 323.833
 164 809.093
 165 7.70605
