 1 31.6228
 2 22.2983
 3 1.8619
 4 31.6228
 5 16.0755
 6 11.6264
 7 31.6191
 8 1.01213
 9 31.4335
 10 29.5453
 11 0.986376
 12 27.9054
 13 31.6228
 14 31.5819
 15 0.904403
 16 31.6228
 17 31.5396
 18 0.999693
 19 31.6228
 20 26.8518
 21 5.83998
 22 31.6228
 23 30.0574
 24 2.58405
 25 15.0706
 26 14.9997
 27 1.86921
 28 31.3404
 29 10.1396
 30 11.9688
 31 21.6095
 32 2.66017
 33 27.9341
 34 14.3322
 35 7.02846
 36 16.7279
 37 31.4287
 38 31.5598
 39 1.38033
 40 24.3037
 41 31.0499
 42 1.29241
 43 21.6838
 44 28.748
 45 1.85707
 46 31.5674
 47 13.8939
 48 19.4872
 49 30.3917
 50 13.604
 51 14.4575
 52 8.99312
 53 30.6601
 54 16.3599
 55 9.33901
 56 11.6782
 57 29.3173
 58 8.972
 59 9.24442
 60 9.9345
 61 4.3896
 62 1.31692
 63 21.4089
 64 16.0802
 65 0.971091
 66 21.1501
 67 30.105
 68 3.01112
 69 31.6217
 70 31.6228
 71 28.0792
 72 5.07134
 73 31.6134
 74 1.35499
 75 31.5702
 76 31.3485
 77 1.38935
 78 29.6981
 79 31.6036
 80 2.20125
 81 30.7916
 82 31.4127
 83 16.3735
 84 1.38159
 85 10.1413
 86 1.39731
 87 31.3917
 88 1.10167
 89 1.04617
 90 1.25246
 91 2.45172
 92 18.1481
 93 27.0143
 94 20.7344
 95 28.003
 96 30.0613
 97 16.4431
 98 14.6906
 99 9.12445
 100 25.1506
 101 30.1312
 102 9.65504
 103 11.6924
 104 10.7272
 105 10.6946
 106 12.2444
 107 12.3001
 108 12.3765
 109 10.1973
 110 8.26114
 111 12.5605
 112 13.9147
 113 13.2686
 114 12.5056
 115 12.4466
 116 10.615
 117 12.159
 118 13.0836
 119 11.3498
 120 8.44147
 121 10.6257
 122 6.68612
 123 7.68642
 124 5.50183
 125 5.12583
 126 6.88978
 127 4.52252
 128 8.75057
 129 7.35389
 130 7.13376
 131 4.12621
 132 4.44836
 133 4.57117
 134 5.84511
 135 2.67978
 136 6.67203
 137 2.8967
 138 2.84326
 139 2.85479
 140 3.0844
 141 3.04926
 142 2.67746
 143 2.80662
 144 3.69889
 145 3.76571
 146 3.38686
 147 2.91131
 148 5.18531
 149 3.80343
 150 3.27287
 151 3.52916
 152 4.71254
 153 4.35983
 154 3.51792
 155 4.37329
 156 4.8167
 157 6.77548
 158 0.188127
 159 0.207936
 160 0.271272
 161 3.71329
 162 3.39505
 163 15.8439
 164 27.3585
 165 0.575009
