 1 56031.3
 2 650.363
 3 26.3639
 4 177957
 5 511.191
 6 358.57
 7 543048
 8 42.21
 9 16782.9
 10 2433.1
 11 4.28622
 12 1728.28
 13 282136
 14 3733.47
 15 0.848281
 16 354932
 17 3663.46
 18 8.6017
 19 123263
 20 2184.98
 21 400.144
 22 161816
 23 3283.86
 24 174.271
 25 258.803
 26 317.882
 27 19.7823
 28 2722.17
 29 254.436
 30 304.256
 31 517.597
 32 66.332
 33 1089.72
 34 217.625
 35 158.795
 36 422.257
 37 1523.28
 38 2997.01
 39 7.54083
 40 974.13
 41 4301.61
 42 2.03774
 43 688.305
 44 1498.75
 45 27.3647
 46 6899.33
 47 1099.8
 48 1424.9
 49 1884.83
 50 199.942
 51 366.319
 52 213.137
 53 2893.77
 54 307.912
 55 226.358
 56 304.839
 57 1013.16
 58 92.2006
 59 158.54
 60 181.113
 61 22.1575
 62 1.75284
 63 493.476
 64 303.813
 65 1.72832
 66 494.941
 67 3578.23
 68 188.359
 69 136496
 70 174301
 71 2192.21
 72 290.843
 73 16951.4
 74 25.3949
 75 16151.3
 76 8249.64
 77 6.68984
 78 1962.22
 79 8434.25
 80 83.2306
 81 2761.29
 82 1585.36
 83 308.434
 84 2.76745
 85 137.801
 86 2.62584
 87 5241.02
 88 1.71836
 89 1.64392
 90 1.91939
 91 9.54818
 92 467.099
 93 1338.55
 94 872.808
 95 1624.99
 96 1941.73
 97 328.688
 98 277.359
 99 127.367
 100 789.523
 101 1448.22
 102 118.262
 103 154.895
 104 132.863
 105 129.683
 106 160.851
 107 164.49
 108 167.704
 109 122.209
 110 95.1636
 111 176.589
 112 204.103
 113 187.827
 114 170.931
 115 174.642
 116 138.232
 117 169.147
 118 189.135
 119 145.979
 120 84.0693
 121 121.398
 122 47.7839
 123 62.8148
 124 36.4656
 125 29.371
 126 52.006
 127 26.9139
 128 88.7441
 129 67.5245
 130 60.1387
 131 20.3842
 132 20.9433
 133 22.4329
 134 36.2445
 135 8.7934
 136 45.858
 137 9.9307
 138 9.24583
 139 9.32256
 140 10.9536
 141 11.6831
 142 8.89466
 143 9.51514
 144 15.2188
 145 15.3002
 146 12.7858
 147 10.4163
 148 30.0829
 149 16.3812
 150 12.1516
 151 14.1182
 152 23.6969
 153 20.8739
 154 13.5691
 155 20.1665
 156 24.2186
 157 46.9887
 158 0.257621
 159 0.0770243
 160 0.422469
 161 25.8807
 162 14.8476
 163 1106.98
 164 2386.6
 165 12.3125
