 Smallest eigenvalues
  1.7933e-06   (9 1) 
  2.8174e-06   (48 -0.607) (49 0.477) (47 0.319) (42 -0.257) (52 -0.206) (154 -0.193) (53 0.171) (51 0.165) (46 0.135) (44 0.108) (78 0.0974) (13 -0.0918) (14 0.0875) (54 0.0842) (77 -0.0751) (55 -0.0742) (33 -0.0709) (61 0.0506) (56 0.0452) (24 0.044) (38 0.0429) (45 -0.0367) (25 -0.032) (40 0.032) (36 0.03) (59 0.0292) (50 -0.0289) (17 -0.0262) (71 -0.0255) (60 -0.0249) (73 -0.0239) (29 0.0199) (68 0.0184) (37 -0.0173) (35 -0.0164) (57 0.0132) (84 0.013) (28 0.0128) (27 -0.0127) (21 -0.0125) (26 -0.0124) (72 0.0113) (79 -0.0108) (39 0.0103) (34 0.0103) (88 0.0102) (81 -0.0102) 
  3.5444e-06   (154 -0.981) (48 0.12) (49 -0.0939) (47 -0.0629) (42 0.0507) (52 0.0405) (53 -0.0336) (51 -0.0324) (46 -0.0266) (44 -0.0213) (78 -0.0188) (13 0.0182) (14 -0.0174) (54 -0.0166) (55 0.0146) (77 0.0145) (33 0.014) 
  5.6193e-06   (4 1) 
  5.7372e-06   (148 0.642) (44 -0.529) (42 -0.418) (46 -0.194) (45 -0.148) (43 -0.144) (48 0.119) (13 -0.0769) (33 -0.0752) (14 0.0731) (77 -0.0547) (78 0.0491) (24 0.0465) (36 0.0384) (40 0.0382) (51 -0.0381) (38 0.0378) (25 -0.0302) (26 -0.0294) (37 -0.0277) (53 -0.0232) (17 -0.0229) (47 0.0228) (56 0.0222) (55 -0.0214) (61 0.0189) (52 -0.0172) (16 0.0158) (71 -0.0154) (50 0.0152) (34 0.0145) (73 -0.0134) (35 -0.0132) (60 -0.0112) 
  6.1799e-06   (148 0.767) (44 0.443) (42 0.35) (46 0.163) (45 0.124) (43 0.12) (48 -0.0998) (13 0.0644) (33 0.063) (14 -0.0612) (77 0.0457) (78 -0.041) (24 -0.0389) (36 -0.0322) (40 -0.032) (51 0.0319) (38 -0.0316) (25 0.0253) (26 0.0246) (37 0.0232) (53 0.0194) (17 0.0192) (47 -0.0191) (56 -0.0186) (55 0.0179) (61 -0.0158) (52 0.0144) (16 -0.0132) (71 0.0129) (50 -0.0127) (34 -0.0122) (73 0.0112) (35 0.011) 
  7.3228e-06   (1 -0.987) (28 0.124) (33 0.0509) (26 -0.041) (24 0.0363) (30 -0.0336) (29 -0.0323) (25 -0.0263) (27 -0.0242) (31 -0.0174) (14 0.016) (36 -0.0158) (13 -0.0142) (42 0.0135) (32 -0.0121) (34 -0.0113) 
  8.1127e-06   (156 0.999) (28 0.0363) (33 0.0148) (26 -0.0122) (24 0.0115) 
  1.7847e-05   (28 -0.735) (33 -0.299) (26 0.248) (24 -0.233) (30 0.2) (29 0.194) (1 -0.161) (25 0.16) (13 0.16) (14 -0.146) (27 0.141) (31 0.11) (36 0.0862) (42 -0.0745) (34 0.07) (32 0.0656) (37 -0.0547) (16 -0.0504) (156 0.0493) (17 0.0455) (35 -0.0444) (21 0.043) (20 -0.0407) (77 0.0386) (78 -0.0348) (48 -0.0332) (39 0.0266) (22 -0.0228) (38 0.0202) (43 0.0162) (55 0.0154) (19 -0.0154) (15 -0.0152) (79 0.0129) (61 -0.0128) (50 -0.0119) (56 -0.0115) (40 0.0114) (53 0.0112) (73 0.0111) (12 -0.0109) (71 0.0106) 
  3.4891e-05   (19 -0.642) (20 -0.447) (46 -0.349) (44 0.289) (42 -0.27) (43 0.177) (45 0.153) (47 -0.0998) (22 -0.0886) (28 0.074) (16 0.0662) (17 -0.0638) (48 0.062) (31 0.0612) (78 0.0448) (37 0.0358) (14 0.0336) (77 -0.0319) (29 0.0288) (33 -0.0281) (39 0.0276) (21 -0.0276) (13 -0.0265) (50 0.0264) (38 0.0252) (74 -0.0251) (53 -0.0225) (72 0.0189) (68 0.0177) (23 0.0166) (63 -0.0159) (52 -0.0157) (67 -0.015) (61 0.0146) (35 -0.0138) (40 0.0137) (79 0.013) (56 0.0128) (55 -0.0127) (71 -0.012) 
  0.00010669   (158 0.999) (19 0.0212) (46 -0.0188) (44 0.0163) (20 0.0154) (42 -0.0144) (43 0.0122) 
  0.00010862   (19 -0.472) (46 0.435) (44 -0.378) (20 -0.343) (42 0.332) (43 -0.282) (45 -0.212) (47 0.145) (48 -0.114) (22 -0.0797) (13 0.0761) (33 0.0726) (24 -0.0713) (14 -0.0666) (77 0.064) (78 -0.0582) (36 -0.05) (26 0.0458) (158 0.0438) (25 0.0395) (28 0.0387) (32 -0.034) (55 0.0329) (38 -0.0324) (40 -0.0323) (61 -0.031) (56 -0.029) (37 0.0285) (49 -0.0264) (50 -0.0259) (34 -0.0239) (16 0.0238) (41 -0.0223) (74 0.0222) (17 -0.0221) (29 0.0201) (68 -0.0177) (72 -0.0176) (71 0.0175) (53 0.0152) (67 0.0148) (39 0.0135) (81 0.0131) (57 0.0125) (76 -0.0125) (63 0.0124) (59 -0.012) (66 -0.0104) 
  0.00012474   (3 -1) 
  0.00013462   (22 0.616) (24 -0.425) (14 0.274) (13 -0.27) (20 -0.265) (25 0.253) (17 -0.218) (21 -0.169) (23 -0.165) (19 0.13) (33 0.107) (29 -0.0896) (26 0.0615) (42 0.0561) (32 0.0449) (38 -0.0424) (36 -0.0388) (46 -0.0309) (30 0.0258) (37 0.0206) (40 -0.0206) (43 0.0201) (12 0.0193) (11 0.0184) (31 -0.0184) (44 -0.0175) (77 -0.0145) (27 0.0137) (16 -0.0134) (57 0.0133) (15 0.013) (51 -0.013) (35 0.0125) (78 0.0125) (18 -0.0119) 
  0.00018839   (159 1) 
  0.00021691   (2 -1) 
  0.00024354   (21 0.836) (22 -0.265) (17 -0.228) (14 0.224) (13 -0.22) (24 -0.2) (25 0.125) (33 0.0738) (23 0.0683) (16 0.0513) (19 0.0479) (157 0.0459) (26 0.0417) (29 -0.0373) (42 0.032) (30 0.028) (36 -0.0242) (38 -0.0185) (15 0.0163) (11 0.0154) (12 0.015) (37 0.0144) (46 -0.0143) (77 -0.0139) (40 -0.0139) (48 0.0123) (35 0.0121) (78 0.0106) 
  0.00027018   (157 0.999) (21 -0.0384) (22 0.0121) (17 0.0105) (14 -0.0103) (13 0.0101) 
   0.0002875   (8 1) 
  0.00030426   (26 0.711) (150 -0.393) (27 0.354) (25 -0.251) (24 0.243) (33 0.15) (13 -0.124) (14 0.119) (31 0.0846) (17 -0.0672) (30 0.0521) (36 -0.0511) (28 0.0511) (16 0.0504) (20 0.0467) (32 -0.0462) (22 0.045) (37 0.045) (35 0.0449) (51 0.0411) (47 -0.0344) (21 -0.0304) (42 0.0282) (34 -0.0259) (48 0.0243) (78 0.0183) (53 0.0173) (15 0.0173) (52 -0.0172) (19 -0.0167) (75 -0.0122) (77 -0.0121) (44 -0.0115) (40 -0.0113) (29 -0.0105) (38 -0.0101) 
  0.00031049   (150 -0.92) (26 -0.304) (27 -0.151) (25 0.107) (24 -0.104) (33 -0.0642) (13 0.0528) (14 -0.0509) (31 -0.0362) (17 0.0287) (30 -0.0223) (36 0.0218) (28 -0.0218) (16 -0.0216) (20 -0.02) (32 0.0198) (22 -0.0192) (37 -0.0192) (35 -0.0192) (51 -0.0175) (47 0.0147) (21 0.013) (42 -0.012) (34 0.0111) (48 -0.0104) 
  0.00032484   (6 -1) 
  0.00032955   (22 -0.575) (21 -0.444) (20 0.32) (24 -0.304) (25 0.262) (153 -0.224) (14 0.192) (13 -0.184) (17 -0.177) (23 -0.143) (33 0.0891) (16 0.0839) (19 -0.0809) (26 0.0508) (32 -0.0486) (31 0.0466) (15 0.0329) (30 0.0273) (27 0.027) (36 -0.0253) (35 0.0221) (37 0.022) (48 0.0202) (39 0.0196) (28 0.019) (42 0.0184) (78 0.0179) (77 -0.0168) (73 -0.015) (51 0.0144) (34 -0.0141) (12 0.012) 
  0.00035564   (153 -0.975) (22 0.132) (21 0.102) (20 -0.0734) (24 0.0698) (25 -0.0602) (14 -0.0442) (13 0.0423) (17 0.0406) (23 0.0328) (33 -0.0205) (16 -0.0193) (19 0.0186) (26 -0.0117) (32 0.0112) (31 -0.0107) 
  0.00036549   (73 -0.66) (57 -0.447) (61 -0.257) (70 0.197) (65 0.19) (71 -0.182) (74 -0.163) (59 -0.152) (77 0.128) (60 0.114) (78 -0.114) (52 0.113) (51 0.105) (42 -0.105) (46 0.0882) (43 -0.0835) (55 -0.079) (66 -0.0735) (56 0.0696) (44 0.0658) (32 -0.0539) (69 -0.0412) (38 0.0403) (79 0.04) (20 -0.0392) (16 -0.0377) (72 0.0345) (54 -0.0333) (31 0.0331) (50 0.0318) (19 0.0288) (48 0.0287) (41 0.0254) (89 -0.0244) (47 -0.024) (62 -0.0234) (122 0.0234) (40 0.0216) (84 0.0214) (29 0.0205) (68 -0.0193) (100 0.0186) (37 -0.0186) (28 0.0181) (104 0.0168) (13 -0.0164) (45 -0.0163) (115 0.0161) (114 0.016) (63 0.0156) (88 0.0148) (126 0.0142) (58 0.0135) (14 0.0131) (25 0.0129) (99 -0.012) (124 0.012) (152 -0.0108) (76 -0.0107) (120 0.0104) (127 0.01) 
  0.00042001   (73 0.644) (57 -0.4) (65 0.247) (61 -0.242) (152 -0.231) (59 -0.202) (70 0.177) (42 -0.144) (46 0.125) (74 0.125) (43 -0.102) (51 0.1) (66 -0.097) (52 0.0958) (68 -0.0933) (44 0.0892) (60 0.0785) (49 -0.0777) (56 0.075) (69 0.0612) (47 -0.0596) (13 -0.0587) (32 -0.0581) (38 0.0545) (14 0.0539) (71 0.0534) (54 -0.0516) (53 -0.0504) (39 0.0435) (72 -0.0395) (48 -0.0387) (33 -0.0384) (16 -0.0376) (55 -0.0365) (19 0.0348) (31 0.0343) (29 0.0327) (41 0.0325) (20 -0.0306) (45 -0.0294) (120 0.0293) (79 -0.0283) (62 -0.0257) (28 0.0254) (77 -0.0253) (37 -0.0249) (40 0.0248) (78 0.0222) (84 0.0212) (122 -0.0202) (63 0.0186) (115 0.0182) (89 -0.0179) (121 -0.0175) (50 0.016) (127 0.0159) (125 -0.0157) (114 0.0147) (21 -0.0145) (58 0.0143) (118 0.0132) (36 0.013) (136 -0.0126) (126 -0.0124) (99 -0.0124) (130 -0.012) (17 -0.0116) (67 0.0104) (104 0.0102) 
  0.00045056   (152 -0.973) (73 -0.145) (57 0.1) (65 -0.0606) (61 0.0602) (59 0.0496) (70 -0.0438) (42 0.0359) (46 -0.0311) (74 -0.028) (43 0.0256) (51 -0.0252) (52 -0.0243) (66 0.0237) (68 0.0223) (44 -0.0222) (60 -0.0199) (56 -0.0187) (49 0.0185) (32 0.0147) (47 0.0145) (13 0.0143) (69 -0.014) (38 -0.0136) (14 -0.0131) (54 0.0127) (53 0.0121) (71 -0.0107) (39 -0.0104) 
   0.0004752   (25 0.775) (24 0.601) (54 0.0686) (55 0.0676) (52 0.0616) (53 -0.0493) (23 -0.048) (26 0.0469) (51 0.0466) (22 0.0458) (13 -0.0403) (56 -0.0401) (57 0.0345) (20 -0.0336) (46 0.0299) (14 0.0283) (49 -0.0277) (29 0.0238) (21 0.0236) (16 0.0208) (39 0.0207) (43 -0.0198) (44 0.0185) (27 0.018) (47 -0.0174) (48 -0.0169) (42 -0.0155) (17 -0.0137) (32 -0.0128) (77 -0.0121) (78 0.012) (61 0.0107) 
  0.00048344   (147 0.739) (55 0.289) (52 0.282) (54 0.28) (51 0.216) (53 -0.186) (56 -0.183) (57 0.126) (42 -0.123) (46 0.101) (25 -0.0939) (49 -0.0846) (43 -0.0838) (44 0.0764) (48 -0.0599) (24 -0.0561) (47 -0.0506) (61 0.047) (13 -0.0414) (14 0.0402) (73 -0.0366) (33 -0.036) (38 0.0333) (32 -0.0324) (60 -0.0264) (45 -0.024) (77 -0.0226) (78 0.0205) (40 0.0203) (37 -0.0189) (31 0.0189) (16 -0.0188) (41 0.0186) (39 0.0172) (19 0.017) (28 0.0166) (59 0.0154) (71 -0.015) (36 0.0145) (26 -0.0132) (29 0.0129) (50 -0.0125) (23 0.0124) (65 -0.0106) (20 -0.0102) 
  0.00049267   (147 0.673) (55 -0.318) (52 -0.31) (54 -0.308) (51 -0.237) (53 0.204) (56 0.201) (57 -0.139) (42 0.135) (46 -0.111) (25 0.0993) (49 0.093) (43 0.0922) (44 -0.0841) (48 0.0659) (24 0.0586) (47 0.0556) (61 -0.0517) (13 0.0457) (14 -0.0443) (73 0.0403) (33 0.0395) (38 -0.0366) (32 0.0356) (60 0.0291) (45 0.0264) (77 0.0248) (78 -0.0224) (40 -0.0222) (31 -0.0208) (37 0.0207) (16 0.0206) (41 -0.0205) (39 -0.019) (19 -0.0187) (28 -0.0182) (59 -0.017) (71 0.0165) (36 -0.016) (26 0.0143) (29 -0.0143) (50 0.0138) (23 -0.0134) (65 0.0117) (20 0.0113) (69 0.0105) 
  0.00051891   (54 -0.67) (39 -0.361) (53 0.357) (55 0.31) (52 0.287) (57 0.168) (42 -0.148) (51 0.139) (40 0.118) (43 -0.075) (44 0.0611) (46 0.0607) (49 -0.0532) (56 0.0474) (33 0.0416) (48 -0.0401) (61 0.0373) (38 -0.0371) (77 -0.0347) (78 0.0323) (60 -0.0288) (36 -0.0259) (71 -0.0232) (70 0.0229) (45 -0.0225) (47 -0.018) (151 -0.0171) (25 0.0166) (20 -0.0164) (37 0.0163) (73 -0.0149) (69 -0.011) (41 0.011) (35 0.0107) 
  0.00053033   (151 -0.972) (39 0.199) (54 -0.0597) (40 -0.0535) (33 -0.037) (38 0.0345) (53 0.029) (52 0.0252) (42 0.0232) (55 0.0225) (37 -0.0223) (36 0.0176) (13 -0.0171) (14 0.0169) (57 0.0159) (51 0.015) (32 -0.0148) (48 0.013) (25 -0.0116) (31 0.0112) (49 0.0106) 
  0.00058654   (39 -0.804) (54 0.298) (151 -0.233) (40 0.214) (33 0.151) (53 -0.147) (38 -0.141) (52 -0.126) (55 -0.116) (37 0.0916) (42 -0.0858) (57 -0.0783) (51 -0.0729) (13 0.0715) (36 -0.0715) (14 -0.0702) (32 0.0618) (48 -0.0515) (25 0.0471) (31 -0.0468) (49 -0.0406) (77 0.0385) (24 -0.0383) (73 0.0382) (28 -0.038) (78 -0.0362) (35 0.0344) (56 -0.0293) (26 0.0273) (23 -0.027) (61 -0.0265) (34 -0.0245) (19 -0.024) (47 -0.0183) (71 0.0182) (60 0.0174) (50 -0.0145) (16 0.0145) (44 0.0144) (22 -0.0135) (69 0.0127) (17 0.0126) (65 0.0122) (27 0.0116) (20 0.0116) (68 -0.0107) (29 -0.0101) 
  0.00060249   (70 -0.827) (71 0.421) (57 -0.253) (49 0.11) (51 0.108) (52 0.1) (48 0.0837) (61 -0.0739) (73 -0.0594) (68 0.0556) (59 -0.0461) (42 -0.0432) (60 0.0389) (43 -0.0362) (54 -0.0315) (74 -0.0308) (149 0.0304) (50 0.0303) (84 0.0297) (32 -0.0288) (46 0.0277) (20 -0.0268) (44 0.0234) (75 -0.0224) (16 -0.0211) (38 0.0211) (125 -0.0196) (47 0.0191) (31 0.0185) (56 0.0184) (89 -0.0171) (40 0.0169) (88 0.0166) (39 -0.016) (120 0.0155) (19 0.0151) (127 0.0148) (100 0.0147) (104 0.0132) (65 0.0132) (97 -0.0126) (41 0.0124) (37 -0.0122) (122 0.012) (79 -0.0119) (114 0.0119) (69 -0.0118) (28 0.0114) (76 0.0106) (123 -0.0103) (126 0.0102) 
  0.00061837   (149 0.853) (49 -0.358) (48 -0.211) (51 -0.151) (42 -0.105) (47 -0.104) (52 -0.103) (46 0.0792) (55 -0.0785) (44 0.0635) (43 -0.0582) (70 -0.0574) (53 0.0541) (73 -0.0511) (50 -0.0501) (39 0.0456) (45 -0.0333) (13 -0.0309) (14 0.0302) (33 -0.0256) (38 0.0239) (59 0.0237) (77 -0.0236) (78 0.023) (32 -0.0221) (57 0.0201) (65 -0.0198) (61 0.0192) (68 0.0168) (28 0.0148) (31 0.0147) (54 -0.0141) (37 -0.0141) (19 0.014) (41 0.0134) (69 -0.0128) (16 -0.0119) (29 0.0117) (25 -0.0115) (23 0.0112) (79 -0.0105) 
  0.00062437   (49 0.581) (149 0.52) (48 0.341) (51 0.241) (42 0.174) (47 0.169) (52 0.162) (70 0.143) (46 -0.132) (55 0.129) (44 -0.106) (43 0.0978) (53 -0.0883) (73 0.0876) (50 0.0804) (39 -0.0737) (45 0.0549) (13 0.0513) (14 -0.0498) (33 0.042) (38 -0.0406) (77 0.0386) (78 -0.0385) (71 -0.0383) (32 0.0382) (59 -0.0361) (65 0.0319) (68 -0.031) (61 -0.0271) (31 -0.0254) (54 0.0252) (28 -0.025) (19 -0.0239) (37 0.0239) (41 -0.0228) (69 0.0217) (16 0.0209) (29 -0.0197) (25 0.0183) (23 -0.0182) (79 0.018) (57 -0.0175) (56 0.0151) (66 -0.0151) (36 -0.0147) (40 -0.0117) (120 -0.0108) (21 0.0107) (74 0.0106) (24 -0.0105) (20 0.0101) 
  0.00069057   (38 0.852) (39 -0.234) (20 -0.214) (23 0.187) (40 -0.166) (19 0.159) (42 0.13) (22 -0.108) (16 -0.0978) (37 -0.082) (43 0.0791) (32 -0.0718) (21 -0.0716) (41 -0.0653) (46 -0.0628) (44 -0.0548) (31 0.0466) (13 -0.0434) (36 -0.04) (14 0.0378) (57 0.0322) (51 -0.0291) (52 -0.0285) (33 0.0272) (55 0.018) (25 0.0177) (48 -0.0139) (47 0.0135) (56 -0.013) (29 0.0109) (45 0.0103) (35 0.0102) (15 -0.0101) 
  0.00080496   (23 0.548) (20 -0.457) (19 0.342) (38 -0.336) (22 -0.289) (21 -0.21) (32 0.185) (16 -0.14) (31 -0.117) (13 -0.113) (14 0.106) (28 -0.103) (29 -0.101) (24 0.0815) (37 0.0553) (39 0.0452) (143 0.0426) (40 0.0426) (17 -0.0345) (33 0.0318) (25 -0.0257) (42 0.0202) (26 -0.0179) (18 -0.0173) (30 0.0165) (27 0.0126) (48 0.012) (11 0.0117) (15 -0.0113) (49 0.0106) (36 0.0102) 
  0.00084088   (143 0.999) (23 -0.0243) (20 0.0206) (19 -0.0154) (22 0.0128) (141 0.0117) (38 0.0101) 
  0.00089585   (46 0.37) (49 0.351) (48 0.348) (51 -0.338) (47 -0.293) (16 -0.277) (43 -0.272) (52 -0.26) (42 -0.237) (44 0.225) (57 0.14) (55 0.105) (56 -0.0906) (17 0.0889) (41 0.0873) (32 -0.0747) (50 0.0651) (13 -0.0644) (14 0.0609) (53 0.0573) (38 0.0527) (31 0.0469) (45 -0.0443) (77 0.0394) (78 -0.0342) (24 -0.0286) (25 0.0267) (40 0.0261) (39 0.0253) (29 0.0238) (61 0.0235) (36 -0.0226) (37 -0.0196) (19 -0.0196) (28 0.0182) (33 0.0178) (54 0.0178) (60 -0.0156) (26 0.0147) (70 0.0131) (84 0.0125) (21 0.0117) (59 0.011) (20 -0.0104) 
   0.0011257   (16 -0.797) (17 0.305) (19 -0.245) (13 -0.192) (14 0.192) (20 0.181) (46 -0.124) (42 0.108) (43 0.0975) (32 0.0956) (48 -0.0892) (49 -0.0883) (47 0.0859) (44 -0.0793) (51 0.0791) (52 0.0614) (31 -0.0583) (29 -0.0575) (21 0.0416) (38 -0.0403) (28 -0.04) (41 -0.0352) (23 -0.0295) (57 -0.0274) (39 -0.0262) (55 -0.025) (33 0.0237) (37 0.0223) (15 -0.0208) (56 0.0206) (18 0.0199) (11 0.019) (50 -0.019) (45 0.0182) (24 0.0165) (40 -0.0143) (22 0.0142) (12 0.0114) (77 -0.0112) (53 -0.01) 
   0.0012623   (146 -1) (136 -0.011) 
   0.0014269   (55 -0.686) (56 -0.385) (32 -0.286) (57 0.243) (52 0.23) (51 0.177) (36 0.156) (31 0.152) (33 -0.144) (54 -0.127) (28 0.0799) (29 0.0761) (35 -0.0759) (39 -0.0756) (48 0.0705) (37 0.07) (34 -0.066) (20 -0.0647) (16 -0.064) (19 0.0582) (50 0.0568) (38 -0.0531) (46 0.0474) (49 0.0415) (43 -0.037) (78 -0.0349) (77 0.0344) (61 0.0291) (13 -0.0285) (44 0.0265) (53 -0.0263) (14 0.026) (60 -0.0222) (72 0.0211) (73 0.0194) (24 -0.0175) (70 0.0152) (139 0.0151) (71 0.015) (68 -0.0144) (79 0.0133) (25 0.0118) (69 0.0118) (30 -0.0116) (65 0.0116) (26 0.0116) (23 0.0114) (47 -0.0104) (15 -0.0101) 
   0.0015032   (32 -0.51) (36 0.358) (33 -0.329) (55 0.322) (31 0.261) (37 0.177) (38 -0.171) (42 0.169) (35 -0.168) (56 0.166) (39 -0.149) (52 -0.14) (28 0.137) (34 -0.135) (29 0.127) (139 0.123) (51 -0.12) (43 0.0962) (57 -0.085) (46 -0.0824) (19 0.074) (13 -0.0685) (44 -0.0648) (20 -0.0639) (16 -0.0627) (14 0.0626) (54 0.0612) (41 -0.0558) (40 -0.0341) (23 0.0264) (50 -0.0247) (30 -0.0241) (48 -0.0209) (53 0.0195) (47 0.0191) (77 -0.0179) (78 0.0178) (73 -0.0173) (27 -0.0165) (45 0.0151) (17 -0.0106) 
   0.0015393   (139 0.992) (32 0.0677) (36 -0.0466) (33 0.0429) (31 -0.0347) (55 -0.0292) (136 -0.0255) (37 -0.023) (35 0.022) (38 0.0219) (42 -0.0205) (39 0.0195) (28 -0.0183) (34 0.0177) (29 -0.0169) (56 -0.0147) (52 0.0136) (51 0.0119) (43 -0.0112) (19 -0.0102) 
   0.0015737   (13 -0.676) (14 -0.635) (36 -0.277) (33 -0.193) (35 0.107) (29 0.067) (15 -0.0383) (134 -0.0361) (37 0.0318) (38 -0.0294) (32 -0.0294) (42 0.0272) (28 0.0238) (34 0.0207) (30 -0.0206) (72 -0.014) (39 -0.0139) (12 0.0129) (45 0.0116) (17 -0.011) (40 -0.0103) 
   0.0018096   (134 -0.77) (36 -0.432) (33 -0.309) (14 0.228) (35 0.165) (13 0.14) (29 0.0939) (32 -0.0519) (37 0.0441) (38 -0.0436) (42 0.0409) (28 0.0406) (34 0.0348) (39 -0.0297) (30 -0.0289) (24 0.0224) (19 0.0168) (40 -0.0165) (25 -0.0161) (31 0.0157) (17 -0.0149) (45 0.0141) (15 0.014) (53 0.0127) (26 -0.0121) (44 -0.0112) (18 -0.0103) 
   0.0018589   (134 -0.637) (36 0.539) (33 0.385) (14 -0.24) (35 -0.206) (13 -0.131) (29 -0.117) (32 0.0644) (37 -0.0551) (38 0.0544) (42 -0.0509) (28 -0.0504) (34 -0.0432) (39 0.0367) (30 0.0361) (24 -0.0268) (40 0.0205) (19 -0.0204) (25 0.0198) (31 -0.0193) (17 0.0187) (45 -0.0177) (53 -0.0155) (26 0.0148) (15 -0.0148) (44 0.014) (18 0.0127) (51 0.0123) (46 0.0121) (48 -0.0119) (54 -0.0107) 
   0.0019945   (29 0.798) (30 -0.292) (32 0.232) (53 0.219) (31 -0.208) (28 0.183) (36 0.138) (54 0.123) (52 0.112) (24 -0.0736) (51 -0.069) (33 0.0688) (50 -0.0678) (27 0.0671) (26 0.0653) (71 -0.0558) (69 -0.0524) (19 0.05) (68 0.043) (16 -0.0423) (46 -0.0397) (48 0.0372) (25 0.0334) (20 -0.0293) (40 -0.0259) (34 0.025) (70 -0.0232) (61 -0.0229) (74 0.0228) (37 -0.0221) (73 0.022) (72 0.0216) (42 0.0186) (45 0.0172) (78 -0.0159) (56 -0.0154) (55 -0.0149) (131 0.0146) (47 0.0144) (15 0.0142) (57 -0.0136) (65 -0.013) (35 -0.012) (44 -0.0113) (62 -0.0111) (38 -0.0105) (81 0.0102) 
   0.0020259   (71 -0.516) (69 -0.461) (68 0.43) (131 0.212) (70 -0.209) (74 0.207) (78 -0.195) (53 -0.19) (72 0.145) (73 0.139) (54 -0.109) (65 -0.0941) (51 0.0928) (130 -0.0818) (59 0.0818) (46 0.0809) (67 -0.0763) (57 -0.0743) (52 -0.062) (63 -0.0599) (56 0.0526) (83 -0.0459) (43 0.0424) (42 -0.0411) (80 -0.0408) (87 0.0344) (75 0.0324) (81 0.0318) (77 0.0249) (132 -0.0239) (115 -0.0227) (55 -0.0223) (60 0.0207) (41 0.0201) (32 -0.0185) (31 0.0184) (48 0.0181) (62 -0.0175) (29 -0.0174) (76 0.0173) (50 0.0167) (58 -0.0164) (79 0.0162) (40 0.0147) (96 -0.0144) (118 -0.0136) (91 0.0134) (33 -0.0117) (100 0.0117) (16 -0.0116) (45 -0.0113) (89 -0.0108) (86 0.0108) (38 0.0106) (36 -0.01) 
   0.0022949   (53 -0.524) (131 0.515) (54 -0.305) (52 -0.235) (29 0.216) (130 -0.195) (50 0.183) (69 0.181) (71 0.177) (51 0.139) (68 -0.124) (132 -0.103) (61 0.0849) (73 -0.0815) (46 0.0788) (74 -0.075) (30 -0.0749) (72 -0.0715) (70 0.0701) (43 0.0698) (48 -0.0609) (32 0.0598) (56 0.0572) (28 0.0504) (78 0.0479) (59 0.0476) (31 -0.0475) (57 0.0426) (55 0.0407) (45 -0.0393) (65 0.0306) (62 0.0299) (60 -0.0296) (42 -0.0274) (81 -0.0269) (36 0.0256) (24 -0.0254) (84 -0.0249) (19 0.0239) (49 -0.0234) (47 -0.023) (27 0.0218) (66 0.0205) (67 0.0194) (16 -0.0193) (26 0.0186) (35 0.0168) (63 0.0165) (75 -0.0154) (120 -0.0142) (14 0.0139) (90 -0.0135) (80 0.0124) (114 -0.0115) (77 -0.0112) (20 -0.011) (91 0.0105) (88 0.0101) 
   0.0023726   (131 0.733) (53 0.419) (130 -0.261) (54 0.243) (52 0.181) (132 -0.172) (29 -0.162) (50 -0.132) (51 -0.123) (46 -0.0781) (43 -0.0612) (61 -0.0594) (30 0.0575) (59 -0.0567) (56 -0.055) (32 -0.0411) (28 -0.039) (48 0.0367) (68 -0.0364) (31 0.032) (42 0.0309) (45 0.0305) (71 0.0242) (55 -0.0218) (78 0.0214) (24 0.0202) (19 -0.0192) (16 0.0179) (47 0.0178) (36 -0.0178) (73 0.017) (27 -0.0167) (66 -0.0159) (62 -0.0157) (84 0.0147) (49 0.0147) (60 0.0146) (26 -0.0139) (35 -0.0127) (83 0.0126) (14 -0.0111) (20 0.011) (70 0.0108) (91 -0.0106) (90 0.0102) 
   0.0025213   (23 -0.749) (20 -0.382) (22 -0.269) (19 0.257) (56 -0.224) (25 -0.155) (24 0.145) (16 -0.096) (32 0.0827) (57 -0.0772) (55 0.0656) (28 -0.0655) (52 -0.061) (15 -0.0602) (31 -0.0558) (51 -0.0435) (46 -0.0413) (29 -0.0412) (42 0.04) (54 -0.0377) (43 0.0369) (44 -0.0286) (48 -0.0281) (38 -0.025) (21 0.0234) (37 0.0199) (77 -0.0197) (11 0.0195) (26 -0.0193) (17 0.0185) (33 -0.0181) (59 0.0175) (36 0.0164) (78 0.0162) (60 0.0142) (71 -0.0141) (53 0.014) (120 -0.0138) (125 -0.0134) (30 -0.0114) (47 0.0113) (123 -0.01) 
   0.0026391   (61 0.552) (60 -0.544) (59 -0.458) (56 0.325) (55 -0.114) (52 0.0978) (57 -0.088) (23 -0.0859) (77 0.075) (54 0.0749) (78 -0.0721) (46 0.0673) (20 -0.061) (48 0.0499) (133 0.0479) (43 -0.0459) (44 0.0395) (51 0.0367) (19 0.0343) (79 0.0319) (22 -0.0314) (49 -0.029) (16 -0.0235) (125 -0.0234) (63 -0.0223) (58 0.0222) (33 -0.0218) (47 -0.019) (108 -0.0177) (25 -0.0172) (119 0.016) (24 0.0156) (115 0.0152) (28 -0.0148) (71 -0.0147) (38 0.0137) (74 -0.0134) (72 -0.0132) (84 -0.0131) (15 -0.013) (68 0.0126) (45 -0.0119) (40 0.0114) (64 -0.0114) (73 -0.0105) (36 0.0105) (69 -0.0103) 
   0.0026694   (133 0.75) (56 0.466) (57 0.266) (61 -0.161) (60 0.147) (59 0.124) (23 -0.115) (55 -0.111) (52 0.093) (50 -0.0892) (54 0.0827) (20 -0.0808) (51 0.0774) (19 0.0528) (43 -0.0519) (46 0.0462) (53 -0.0458) (22 -0.0438) (48 0.0392) (41 0.0367) (16 -0.0359) (44 0.0349) (42 -0.0346) (71 0.0311) (77 0.0285) (78 -0.0224) (25 -0.02) (68 -0.0193) (32 -0.0172) (69 0.0158) (47 -0.0148) (84 0.0146) (24 0.014) (49 -0.0125) (120 0.0112) (70 -0.0107) (38 0.0107) (130 -0.0104) (58 -0.0102) 
   0.0028683   (133 0.659) (56 -0.554) (57 -0.296) (61 0.142) (23 0.137) (55 0.135) (60 -0.127) (52 -0.113) (59 -0.106) (50 0.1) (54 -0.0995) (20 0.0963) (51 -0.0907) (19 -0.0625) (43 0.0624) (46 -0.0577) (22 0.0521) (53 0.0511) (48 -0.0483) (44 -0.0427) (16 0.0425) (41 -0.0416) (125 -0.0404) (42 0.0396) (77 -0.0375) (71 -0.0344) (78 0.0303) (25 0.024) (68 0.0211) (32 0.0197) (120 -0.0192) (123 -0.019) (47 0.0183) (69 -0.0172) (24 -0.017) (49 0.0164) (84 -0.0162) (124 -0.0144) (38 -0.0132) (127 0.0127) (15 0.0123) (70 0.012) (74 0.0116) (45 -0.0102) 
   0.0035173   (40 0.879) (65 0.276) (39 0.188) (38 0.156) (84 -0.137) (42 0.136) (41 -0.0856) (59 0.0757) (61 0.0684) (66 -0.068) (32 -0.0655) (57 0.063) (43 0.0597) (46 -0.0412) (29 0.0384) (31 0.0333) (51 -0.0326) (50 0.0324) (86 0.0296) (44 -0.0274) (36 -0.0267) (68 0.0261) (70 -0.0248) (20 -0.0245) (87 -0.0244) (15 0.0236) (16 -0.0235) (69 -0.0232) (28 0.0219) (47 0.0214) (129 0.0213) (19 0.0211) (52 -0.0203) (53 0.0202) (54 0.0193) (96 -0.0188) (30 -0.0186) (34 -0.0167) (62 0.0164) (25 0.0153) (24 -0.0151) (91 0.0151) (73 -0.0147) (78 0.0133) (77 -0.0115) (26 0.0108) (85 0.0106) (48 0.0102) 
   0.0038611   (84 -0.866) (129 0.304) (65 -0.276) (86 0.127) (87 -0.105) (61 -0.0827) (66 0.0695) (57 -0.0684) (59 -0.062) (85 0.0619) (77 -0.0571) (91 0.0535) (78 0.0461) (120 0.0403) (83 0.0398) (90 0.0375) (40 -0.0327) (52 0.0322) (117 -0.0319) (92 -0.031) (96 -0.0302) (43 -0.0297) (42 -0.028) (46 0.0256) (55 -0.0245) (51 0.0236) (103 -0.0211) (60 0.0203) (88 0.0198) (89 -0.0197) (111 -0.0186) (44 0.0185) (124 0.0185) (116 0.0182) (100 0.0181) (56 0.018) (113 -0.017) (41 0.0168) (94 -0.0161) (68 -0.016) (62 -0.016) (126 0.0157) (97 -0.0157) (115 -0.0157) (107 -0.0155) (104 0.015) (72 -0.0149) (48 0.0147) (119 -0.0138) (93 -0.0136) (108 -0.0135) (127 0.0133) (39 -0.013) (70 0.0124) (105 -0.0122) (114 0.0118) (118 0.0109) (47 -0.0103) (69 0.0103) (32 -0.01) 
   0.0040088   (129 0.662) (65 -0.514) (84 0.395) (40 0.224) (66 0.13) (61 -0.112) (59 -0.108) (50 0.0929) (57 -0.0705) (86 -0.0623) (70 0.0601) (68 -0.0555) (69 0.0555) (87 0.0534) (39 0.0492) (38 0.046) (78 -0.0423) (77 0.038) (91 -0.0325) (85 -0.0323) (41 -0.031) (90 -0.0272) (96 0.0267) (62 -0.0264) (73 0.0261) (45 -0.0217) (32 -0.0209) (52 0.0207) (71 0.0196) (115 0.0181) (127 0.0149) (29 0.0143) (76 -0.0142) (103 0.0139) (92 0.0138) (72 0.0138) (51 0.0129) (94 0.0126) (79 0.0124) (42 0.0124) (48 -0.0123) (108 0.0122) (60 0.012) (43 0.0116) (20 -0.0116) (74 -0.0112) (19 0.0111) (82 -0.0106) (110 -0.0101) 
   0.0040922   (129 0.684) (65 0.611) (40 -0.23) (66 -0.154) (61 0.143) (59 0.13) (57 0.0973) (50 -0.085) (70 -0.0625) (68 0.0597) (69 -0.0572) (38 -0.0522) (39 -0.0476) (52 -0.0341) (62 0.0321) (32 0.0271) (41 0.0248) (73 -0.0247) (51 -0.0223) (45 0.021) (60 -0.0207) (78 0.0192) (55 0.0185) (56 -0.0173) (46 -0.0169) (115 -0.0167) (29 -0.0166) (20 0.0165) (71 -0.0146) (96 -0.0145) (16 0.0137) (31 -0.0136) (19 -0.0131) (76 0.0124) (93 0.0122) (79 -0.0118) (63 0.0111) (82 0.011) (13 0.0106) (14 -0.0106) (44 -0.0103) (90 0.0101) (77 -0.01) (47 0.01) 
   0.0041219   (105 0.565) (96 0.335) (103 0.305) (123 -0.256) (108 -0.217) (124 0.214) (109 0.204) (101 0.197) (99 -0.182) (106 -0.171) (119 0.134) (112 -0.133) (107 -0.131) (104 -0.125) (102 -0.125) (98 -0.104) (115 -0.0986) (111 0.0904) (117 -0.0841) (121 -0.0773) (118 0.0752) (100 -0.0681) (50 0.0678) (113 0.0674) (97 -0.0606) (125 0.0574) (94 0.0529) (110 -0.0454) (122 -0.0438) (89 0.0435) (90 -0.0415) (120 -0.0409) (114 0.04) (93 -0.0327) (82 -0.0299) (72 -0.029) (92 0.029) (91 0.0287) (84 -0.0275) (85 -0.0185) (53 0.0174) (116 0.0165) (80 -0.0159) (126 -0.0142) (65 0.0137) (54 0.0127) (79 0.0112) (145 0.0106) (52 0.0104) (83 0.0103) 
   0.0041775   (145 -0.999) (123 -0.0252) (124 0.0231) (136 -0.0166) 
   0.0043079   (50 0.9) (53 0.185) (54 0.144) (72 -0.121) (52 0.112) (56 0.106) (45 -0.104) (48 -0.0793) (40 -0.0761) (59 0.0751) (65 0.0731) (51 -0.0712) (15 -0.0649) (123 0.063) (49 -0.0603) (124 -0.0571) (41 -0.0557) (43 0.055) (57 0.0537) (82 -0.0527) (84 -0.0487) (71 -0.0468) (105 -0.0429) (119 -0.0422) (96 0.0417) (69 -0.0416) (60 0.0355) (110 -0.0344) (115 0.0341) (70 -0.031) (80 -0.0306) (68 0.0294) (107 0.028) (125 -0.0279) (108 0.0263) (103 -0.0251) (117 0.0242) (109 -0.0241) (66 -0.0221) (101 -0.0219) (23 -0.0219) (121 0.0212) (86 -0.0206) (39 -0.0201) (47 -0.0197) (92 -0.0192) (90 -0.0189) (79 0.0184) (38 -0.018) (122 0.0178) (73 0.0165) (30 0.0159) (83 0.0152) (32 0.0149) (116 -0.0148) (99 0.0146) (87 0.0144) (81 -0.0142) (85 -0.0136) (111 0.0132) (74 0.013) (61 -0.0128) (118 -0.0123) (11 0.0119) (29 -0.0105) 
   0.0044205   (72 -0.616) (45 -0.498) (80 -0.348) (81 -0.237) (50 -0.174) (93 -0.151) (44 0.138) (83 0.13) (79 0.109) (71 -0.105) (43 0.0915) (87 0.0906) (86 -0.0882) (98 -0.0808) (46 -0.079) (78 0.0746) (76 0.0648) (107 0.0628) (112 0.0578) (48 0.0522) (41 -0.0507) (90 0.0406) (70 -0.0392) (97 0.0386) (69 -0.0383) (75 -0.0377) (105 -0.0346) (96 -0.0342) (89 0.0333) (77 0.0333) (82 -0.0326) (100 0.0311) (85 -0.0264) (55 -0.026) (123 -0.0255) (49 0.0254) (119 0.0228) (59 0.0223) (155 -0.0213) (74 0.0195) (111 0.0194) (115 -0.0183) (104 0.0181) (101 -0.0172) (57 -0.0165) (68 0.0157) (103 0.0153) (113 -0.0137) (124 0.0135) (65 -0.0133) (51 0.0129) (47 -0.0127) (110 -0.0127) (116 0.0125) (88 0.0124) (117 -0.0119) (52 0.0111) (125 0.0105) (114 0.01) 
   0.0045855   (155 -0.999) (45 0.0331) 
   0.0046566   (45 -0.758) (72 0.489) (44 0.182) (43 0.164) (80 0.156) (79 -0.14) (46 -0.117) (81 0.0974) (41 -0.0859) (71 0.0754) (86 0.0676) (107 -0.0629) (90 0.062) (87 -0.0595) (83 -0.055) (112 -0.0447) (98 0.0427) (40 -0.0394) (85 0.0391) (48 0.0356) (70 0.0323) (69 0.0315) (42 0.0313) (155 -0.0289) (59 -0.0282) (50 -0.0276) (100 -0.0254) (117 0.0251) (105 0.0246) (96 0.0245) (78 -0.0241) (49 0.0233) (65 0.0233) (115 0.0226) (36 -0.0225) (47 -0.0225) (91 0.0219) (57 0.0216) (38 -0.0204) (15 -0.0204) (89 -0.0191) (76 -0.0185) (14 -0.018) (123 0.018) (116 -0.0175) (93 -0.0173) (75 0.0173) (120 -0.017) (102 0.015) (104 -0.0149) (113 0.0145) (124 -0.0145) (119 -0.0142) (77 0.0121) (35 0.0121) (114 -0.011) (61 -0.0109) (33 0.0107) (111 -0.0102) (101 0.01) 
   0.0047549   (18 -0.972) (137 0.224) (15 0.0362) (16 -0.029) (17 -0.0281) (19 -0.0223) (7 0.0213) (14 -0.0163) (23 -0.0152) (20 0.0151) (36 0.0135) (24 0.0123) (13 0.0112) (25 -0.0103) (29 -0.01) 
   0.0050239   (137 0.975) (18 0.224) 
   0.0052645   (7 -1) (18 -0.0206) 
   0.0053334   (5 1) 
   0.0053976   (33 0.425) (28 -0.396) (135 0.341) (29 0.335) (26 -0.291) (32 -0.244) (24 0.231) (25 -0.192) (30 0.185) (13 -0.175) (14 0.168) (31 0.168) (36 -0.151) (27 -0.133) (17 -0.0817) (37 0.076) (34 -0.0658) (22 0.0641) (35 0.0543) (16 0.0511) (42 0.0459) (38 -0.0389) (19 -0.0386) (21 -0.03) (40 -0.0286) (78 0.0258) (77 -0.0253) (20 0.0242) (39 0.0207) (48 0.0159) (15 0.0158) (12 0.0155) (46 -0.011) (11 0.0107) 
   0.0055459   (135 0.94) (33 -0.154) (28 0.144) (29 -0.122) (26 0.106) (32 0.0884) (24 -0.084) (25 0.0697) (30 -0.0671) (13 0.0635) (14 -0.0609) (31 -0.0608) (36 0.0547) (27 0.0483) (17 0.0297) (37 -0.0275) (34 0.0239) (22 -0.0233) (35 -0.0197) (16 -0.0186) (42 -0.0166) (38 0.0141) (19 0.014) (21 0.0109) (40 0.0104) 
   0.0058024   (10 0.718) (17 0.585) (16 0.275) (13 -0.156) (14 0.155) (24 -0.0786) (20 -0.0573) (25 0.0461) (15 0.0367) (18 -0.0316) (26 0.0253) (21 0.0244) (22 -0.0231) (33 0.0223) (19 0.02) (12 0.0142) (32 -0.0116) (42 0.0109) (78 0.0102) 
   0.0059853   (144 0.999) (10 -0.0271) (17 0.0204) 
   0.0065388   (10 0.695) (17 -0.611) (16 -0.283) (13 0.146) (14 -0.142) (24 0.0843) (20 0.064) (25 -0.0505) (144 0.0361) (18 0.0321) (15 -0.0309) (21 -0.0265) (26 -0.0255) (22 0.0243) (33 -0.0238) (19 -0.021) (42 -0.0137) (32 0.0134) (11 -0.0128) (12 -0.0126) (77 0.0117) (78 -0.0106) 
   0.0067423   (11 -0.775) (12 0.521) (41 0.338) (46 -0.0558) (42 0.0501) (45 -0.0441) (15 -0.034) (50 0.0303) (40 0.0223) (33 -0.0209) (38 0.0193) (43 -0.0189) (48 -0.017) (30 -0.0159) (14 0.0148) (13 -0.0145) (60 -0.0134) (35 -0.0134) (28 -0.0119) (39 -0.011) 
   0.0072596   (142 0.999) (41 0.0408) (11 0.0154) (12 -0.0103) 
   0.0073222   (41 -0.88) (11 -0.294) (12 0.196) (42 -0.152) (46 0.15) (45 0.102) (43 0.0779) (33 0.0718) (40 -0.0655) (50 -0.0587) (38 -0.0525) (142 0.047) (35 0.0443) (48 0.0389) (13 0.0374) (36 -0.037) (39 0.0358) (14 -0.0311) (60 0.0304) (28 0.0299) (19 0.0281) (15 -0.027) (30 0.0267) (24 -0.025) (74 0.0234) (47 -0.0227) (25 0.0219) (52 0.0211) (32 -0.0208) (17 0.0207) (16 -0.0183) (26 0.0176) (23 -0.0171) (66 -0.017) (81 -0.0147) (80 0.0138) (56 0.0136) (31 0.0135) (62 0.0134) (22 -0.013) (67 0.0127) (79 0.0116) (75 0.0112) (34 -0.0107) (53 0.0106) (87 0.0101) (37 0.0101) 
   0.0078387   (12 -0.781) (11 -0.521) (30 -0.295) (28 -0.107) (31 0.0722) (13 -0.0649) (29 -0.061) (14 0.0461) (32 -0.0266) (35 0.024) (33 0.0239) (37 -0.0215) (15 -0.0182) (67 0.0172) (41 -0.0166) (34 0.0154) (138 0.0126) (43 -0.0122) (27 0.0116) (19 -0.0111) 
   0.0087486   (138 0.987) (30 -0.129) (12 0.0535) (28 -0.0454) (11 0.0366) (31 0.0292) (29 -0.0262) (32 -0.0103) 

 Largest eigenvalues
      38.921   (162 -0.26) (164 0.953) 
      27.556   (13 0.26) (14 -0.249) (24 -0.206) (32 -0.276) (33 0.359) (36 -0.242) (42 -0.211) (77 0.25) (78 -0.22) 
      25.347   (77 0.58) (78 -0.541) 
      15.341   (115 0.633) (117 0.34) (120 -0.51) 
      4.4496   (96 0.292) (119 -0.359) (123 0.516) (124 -0.457) 
      1.4123   (162 -0.965) (164 -0.257) 
      1.2233   (163 -0.998) 
      1.1455   (165 -0.996) 
      1.1435   (88 0.317) (89 -0.579) (91 -0.618) 
      1.1373   (100 0.356) (101 0.722) (106 0.483) 
      1.1334   (101 0.328) (106 -0.767) 
       0.932   (106 -0.234) (110 0.269) (111 0.218) (114 0.742) (115 -0.217) 
      0.8994   (104 0.766) (105 0.417) 
     0.87644   (99 -0.64) (100 -0.434) (103 -0.315) 
     0.86866   (110 -0.48) (111 -0.495) 
     0.76237   (109 0.504) (111 0.309) (115 0.361) (136 -0.29) 
     0.67362   (109 -0.707) (110 0.303) 
     0.66892   (96 0.777) (99 0.295) 
     0.66266   (113 0.479) (126 0.516) (136 -0.391) 
     0.60116   (110 -0.355) (112 -0.455) (113 -0.566) 
     0.57956   (108 0.596) (113 -0.472) 
       0.578   (108 -0.675) (111 -0.289) (112 0.356) 
     0.56997   (113 0.303) (122 0.472) (124 0.396) (130 -0.313) (132 -0.332) 
     0.56867   (122 -0.347) (125 -0.655) 
     0.56038   (115 0.35) (119 0.33) (120 0.466) (121 -0.34) (123 0.329) (125 0.326) 
     0.54561   (117 -0.392) (118 0.673) 
      0.4991   (116 0.347) (119 -0.474) (123 -0.415) (127 -0.339) 
     0.47886   (116 -0.607) (126 0.32) (136 0.317) 
     0.44648   (116 0.555) (119 0.304) (126 0.381) (136 0.364) 
     0.42659   (91 0.235) (92 -0.931) 
     0.39845   (124 0.372) (127 0.437) (136 0.4) 
     0.32104   (94 -0.923) (103 0.218) 
     0.30487   (94 0.326) (103 0.691) (104 0.356) (105 -0.366) 
     0.27525   (102 -0.854) 
     0.25875   (98 -0.488) (112 -0.225) (115 0.215) (117 -0.246) (121 0.22) (124 -0.231) (127 0.248) 
     0.25633   (79 -0.353) (86 -0.507) (87 0.413) (98 0.29) 
     0.23778   (79 0.533) (98 0.57) 
     0.23029   (79 -0.519) (86 0.473) (87 -0.373) 
     0.19798   (98 -0.39) (107 0.41) (112 0.454) 
     0.16067   (90 -0.746) (91 -0.347) (93 0.371) 
     0.14742   (90 0.306) (93 0.298) (97 -0.557) (107 -0.443) 
     0.13789   (85 0.293) (93 -0.623) (107 -0.381) 
     0.12952   (85 -0.865) (97 0.239) 
     0.12335   (88 -0.537) (89 -0.468) (93 0.338) (97 0.313) 
     0.11246   (72 -0.387) (80 0.464) (81 0.436) 
      0.1086   (76 0.288) (80 -0.325) (83 -0.276) (88 0.274) (97 0.273) 
     0.10749   (66 -0.352) (69 -0.33) (76 -0.3) 
     0.10239   (58 0.591) (60 0.371) 
    0.096552   (58 -0.581) (66 0.343) (69 0.293) 
     0.09465   (58 0.377) (59 0.223) (60 -0.264) (66 -0.296) (76 0.273) (97 -0.29) (107 0.286) 
     0.09053   (58 -0.31) (60 0.495) (61 0.359) (69 -0.3) 
    0.087836   (60 -0.325) (61 -0.253) (64 -0.383) (66 0.44) (83 -0.295) 
    0.079089   (63 0.235) (64 0.737) (69 0.243) (83 -0.224) 
    0.074681   (62 0.659) (63 -0.318) (69 0.326) 
    0.073541   (62 -0.611) (64 -0.33) (66 -0.303) 
    0.072044   (62 0.248) (66 0.242) (69 -0.298) (76 0.226) (80 0.21) (117 -0.233) (118 -0.326) (120 -0.208) 
    0.066667   (68 0.303) (74 -0.36) (78 0.31) 
     0.06145   (63 0.592) (68 -0.259) (71 -0.205) (74 0.217) (80 -0.206) (81 0.264) (87 0.236) 
    0.058914   (63 -0.568) (74 0.352) 
    0.055645   (63 0.292) (67 -0.269) (68 0.442) (71 0.361) 
    0.053442   (67 0.419) (74 -0.41) (81 -0.354) 
    0.050787   (67 -0.55) (74 0.245) (75 0.24) (76 -0.212) (77 0.221) (78 0.231) (81 -0.235) (99 -0.216) (100 0.236) 
    0.048143   (67 0.554) (68 0.366) (74 0.306) 
    0.046608   (74 -0.277) (75 -0.272) (81 0.365) (83 0.316) (87 -0.222) (121 0.261) 
    0.043848   (35 -0.831) (36 -0.328) (43 0.296) 
    0.042333   (35 0.374) (43 0.671) (46 0.402) 
    0.041761   (75 0.433) (121 0.365) 
    0.040207   (51 -0.468) (52 0.359) (75 -0.381) 
    0.032566   (47 -0.399) (51 0.459) (75 -0.449) 
    0.031892   (26 -0.384) (27 0.708) (31 0.316) (37 0.296) 
    0.029446   (27 -0.513) (31 0.492) (32 0.395) 
    0.027627   (31 -0.399) (32 -0.344) (47 0.367) 
    0.027058   (34 -0.763) (37 -0.394) 
    0.022063   (34 0.245) (47 -0.508) (48 -0.279) (49 0.236) (52 0.206) (75 0.246) (88 -0.267) (91 -0.219) 
    0.021159   (130 0.643) (132 -0.532) 
    0.021047   (128 -0.578) (160 -0.809) 
    0.019981   (128 -0.577) (160 0.312) (161 0.755) 
    0.019065   (128 -0.577) (160 0.498) (161 -0.647) 
    0.015721   (15 -0.985) 
      0.0156   (140 0.998) 
