 1 1000
 2 613.838
 3 1.11681
 4 1000
 5 778.839
 6 5.27052
 7 1000
 8 154.656
 9 831.768
 10 946.461
 11 58.6362
 12 302.521
 13 1000
 14 999.907
 15 0.813794
 16 1000
 17 999.722
 18 0.820344
 19 1000
 20 998.225
 21 1.70396
 22 1000
 23 999.326
 24 0.925558
 25 210.299
 26 282.087
 27 4.92644
 28 996.606
 29 492.493
 30 49.8888
 31 425.859
 32 356.449
 33 218.5
 34 208.217
 35 388.619
 36 68.8492
 37 992.577
 38 999.526
 39 1.95931
 40 589.857
 41 976.188
 42 1.6727
 43 463.365
 44 890.269
 45 4.84702
 46 998.641
 47 972.926
 48 29.0555
 49 937.827
 50 191.333
 51 384.639
 52 93.3235
 53 957.881
 54 288.728
 55 126.625
 56 283.488
 57 657.291
 58 88.8594
 59 200.304
 60 108.363
 61 19.6152
 62 1.74639
 63 415.061
 64 178.108
 65 1.93826
 66 541.214
 67 895.145
 68 107.258
 69 999.994
 70 1000
 71 999.056
 72 1.83613
 73 999.8
 74 315.479
 75 685.142
 76 933.223
 77 9.61842
 78 716.772
 79 998.848
 80 107.677
 81 892.061
 82 990.436
 83 713.502
 84 1.88757
 85 123.992
 86 2.41464
 87 992.206
 88 2.11771
 89 1.90849
 90 2.24618
 91 7.75414
 92 530.665
 93 781.255
 94 403.682
 95 826.776
 96 842.163
 97 374.88
 98 211.817
 99 154.446
 100 819.554
 101 956.626
 102 92.6785
 103 186.691
 104 168.995
 105 133.164
 106 185.367
 107 178.439
 108 181.99
 109 130.084
 110 96.5679
 111 194.174
 112 207.21
 113 191.939
 114 180.831
 115 174.71
 116 128.679
 117 196.901
 118 195.5
 119 164.705
 120 108.811
 121 113.798
 122 48.5428
 123 42.2346
 124 37.2692
 125 30.9593
 126 42.1626
 127 24.0752
 128 82.2395
 129 55.3948
 130 50.504
 131 20.5894
 132 19.4512
 133 19.36
 134 27.5751
 135 8.9794
 136 39.6901
 137 10.7628
 138 9.45272
 139 8.8353
 140 11.696
 141 10.8902
 142 8.74377
 143 8.82461
 144 17.5553
 145 15.951
 146 11.2824
 147 10.1598
 148 15.9753
 149 14.9472
 150 11.6965
 151 13.4075
 152 19.0447
 153 24.4007
 154 13.8755
 155 18.6191
 156 20.4098
 157 32.6562
 158 0.431126
 159 0.0421102
 160 1.36904
 161 0.906222
 162 11.4252
 163 80.6296
 164 407.076
 165 14.8527
