 1 31.6228
 2 24.6364
 3 0.928224
 4 31.6228
 5 27.7425
 6 1.10589
 7 31.6228
 8 5.85306
 9 26.6377
 10 30.5275
 11 3.90932
 12 15.7119
 13 31.6228
 14 31.6209
 15 0.902105
 16 31.6228
 17 31.617
 18 0.903648
 19 31.6228
 20 31.5783
 21 0.949326
 22 31.6228
 23 31.6077
 24 0.912252
 25 14.1175
 26 16.1793
 27 1.1995
 28 31.5593
 29 21.1232
 30 3.0844
 31 20.5742
 32 15.2627
 33 9.81819
 34 13.9928
 35 18.1175
 36 4.08334
 37 31.4949
 38 31.6109
 39 1.30503
 40 24.0995
 41 31.1889
 42 1.28484
 43 20.97
 44 29.4304
 45 1.43749
 46 31.5891
 47 30.8103
 48 2.27375
 49 30.4062
 50 13.2607
 51 17.9455
 52 5.52213
 53 30.7863
 54 16.8622
 55 7.33998
 56 14.3537
 57 24.9337
 58 8.86989
 59 11.6811
 60 6.93077
 61 4.1735
 62 1.31731
 63 20.244
 64 12.4385
 65 0.991719
 66 22.8341
 67 28.4646
 68 4.73024
 69 31.6226
 70 31.6228
 71 31.6015
 72 1.29454
 73 31.6184
 74 11.0945
 75 22.1931
 76 30.448
 77 1.65286
 78 26.519
 79 31.5945
 80 4.76286
 81 28.4041
 82 31.4463
 83 26.1554
 84 1.30223
 85 10.9313
 86 1.39677
 87 31.44
 88 1.35354
 89 1.24747
 90 1.41934
 91 2.32676
 92 21.5815
 93 26.3052
 94 16.8105
 95 27.4338
 96 27.9198
 97 17.7364
 98 13.0607
 99 10.0252
 100 27.8895
 101 30.6391
 102 8.42738
 103 13.0596
 104 12.2641
 105 10.687
 106 13.1545
 107 12.8606
 108 12.9752
 109 10.5668
 110 8.47413
 111 13.3144
 112 14.0688
 113 13.4453
 114 12.9312
 115 12.4834
 116 10.1567
 117 13.2596
 118 13.3685
 119 12.2021
 120 9.75298
 121 10.2708
 122 6.73538
 123 6.3972
 124 5.82655
 125 5.37094
 126 6.3312
 127 4.4088
 128 8.65613
 129 6.84481
 130 6.6662
 131 4.26134
 132 4.32772
 133 4.30837
 134 5.16278
 135 2.77705
 136 6.23653
 137 3.13813
 138 2.9388
 139 2.8353
 140 3.29775
 141 3.0573
 142 2.72356
 143 2.76991
 144 4.08147
 145 3.90465
 146 3.24785
 147 3.06477
 148 3.89187
 149 3.7612
 150 3.28389
 151 3.51489
 152 4.26827
 153 4.84459
 154 3.5927
 155 4.19577
 156 4.39009
 157 5.61764
 158 0.324743
 159 0.160546
 160 0.98503
 161 0.871072
 162 3.22114
 163 8.41636
 164 19.682
 165 1.49125
