 1 103013
 2 651.397
 3 1.13496
 4 3.24259e+06
 5 816.228
 6 5.48324
 7 915156
 8 192.785
 9 1038.22
 10 2512.52
 11 81.0284
 12 415.79
 13 1.84035e+06
 14 18477.1
 15 0.813798
 16 756402
 17 5510.25
 18 0.838384
 19 292490
 20 3437.22
 21 3.78758
 22 537427
 23 4820.91
 24 1.30421
 25 224.333
 26 317.139
 27 5.46801
 28 3721.25
 29 539.674
 30 54.3946
 31 432.648
 32 366.82
 33 225.152
 34 222.752
 35 410.593
 36 73.0042
 37 1449.98
 38 3262.21
 39 2.6613
 40 927.616
 41 5366.53
 42 1.73757
 43 617.138
 44 1522.08
 45 7.17737
 46 3167.36
 47 3490.54
 48 93.288
 49 2195.77
 50 192.595
 51 506.609
 52 120.537
 53 3214.26
 54 315.502
 55 168.27
 56 382.567
 57 660.71
 58 89.8692
 59 201.796
 60 109.68
 61 19.638
 62 1.74655
 63 415.331
 64 178.642
 65 1.94
 66 542.938
 67 3409.81
 68 395.037
 69 114260
 70 662460
 71 3452.87
 72 2.26488
 73 20680.8
 74 908.807
 75 1918.09
 76 3868.87
 77 19.4082
 78 1423.03
 79 6699.19
 80 260.488
 81 1962.63
 82 2949.6
 83 904.828
 84 1.9923
 85 143.026
 86 2.52458
 87 3563.22
 88 2.11816
 89 1.90853
 90 2.24661
 91 8.10577
 92 609.739
 93 1012.63
 94 470.74
 95 1161.33
 96 1185.81
 97 403.913
 98 213.155
 99 155.289
 100 948.661
 101 1645.19
 102 96.9545
 103 188.417
 104 170.728
 105 134.036
 106 186.466
 107 179.366
 108 182.884
 109 131.134
 110 97.7877
 111 194.801
 112 207.869
 113 192.435
 114 181.122
 115 175.094
 116 129.117
 117 197.309
 118 195.737
 119 164.842
 120 109.342
 121 114.379
 122 48.9875
 123 42.4417
 124 37.4803
 125 31.214
 126 42.3645
 127 24.7204
 128 82.7725
 129 55.8036
 130 51.2514
 131 20.7052
 132 19.5812
 133 19.458
 134 27.9279
 135 9.09217
 136 39.8451
 137 10.8675
 138 9.56985
 139 8.98764
 140 11.8518
 141 11.3058
 142 8.91461
 143 8.95479
 144 17.696
 145 16.0988
 146 11.432
 147 10.3219
 148 16.1273
 149 15.1681
 150 11.8282
 151 13.5883
 152 19.2596
 153 25.0184
 154 14.101
 155 18.7957
 156 20.52
 157 32.8422
 158 0.511524
 159 0.0428561
 160 1.39907
 161 0.922339
 162 11.6812
 163 87.6488
 164 423.971
 165 16.0199
