 Smallest eigenvalues
   3.084e-07   (9 -1) 
  5.4337e-07   (46 -0.532) (45 -0.517) (43 0.437) (42 -0.253) (38 -0.227) (48 0.181) (47 0.163) (35 0.112) (39 0.0955) (40 -0.0775) (55 -0.0722) (57 0.0692) (49 0.0692) (29 0.0651) (41 0.0634) (54 0.0618) (50 -0.0589) (51 0.0587) (30 -0.0576) (44 0.0543) (18 -0.0471) (13 0.0454) (84 0.0378) (60 -0.0358) (83 -0.0318) (32 -0.0285) (36 0.0256) (19 -0.024) (27 0.0233) (34 0.0213) (157 0.0211) (37 -0.0194) (52 -0.0193) (11 0.0174) (77 0.0173) (26 -0.0168) (89 -0.0166) (76 0.0159) (59 -0.0157) (15 -0.0157) (58 0.0129) (22 0.0124) (31 0.0118) (73 -0.0112) (81 -0.0101) 
  1.0927e-06   (157 1) (46 0.0112) (45 0.0109) 
   1.322e-06   (1 1) 
  1.5095e-06   (41 0.553) (40 -0.446) (38 -0.444) (42 0.356) (43 -0.323) (35 0.128) (48 0.0874) (154 -0.0746) (30 -0.0692) (39 0.0647) (29 0.0629) (44 0.0567) (37 0.0482) (18 -0.0467) (55 -0.0454) (13 0.0428) (47 0.039) (57 0.0361) (54 0.0349) (84 0.031) (46 0.0282) (83 -0.0273) (52 -0.0247) (34 0.0241) (32 -0.0238) (19 -0.0225) (27 0.0189) (33 0.018) (60 -0.0176) (26 -0.0172) (11 0.0163) (25 -0.0148) (31 0.0141) (56 0.014) (49 0.0135) (15 -0.0132) (59 -0.0113) (17 -0.0107) 
  1.8607e-06   (154 -0.997) (41 -0.0414) (40 0.0334) (38 0.0333) (42 -0.0266) (43 0.0241) 
  3.4189e-06   (3 -1) 
  8.7302e-06   (149 -0.919) (35 0.314) (36 -0.174) (37 0.0976) (38 0.0857) (29 0.0428) (32 -0.0334) (40 0.0313) (41 -0.0294) (30 -0.0243) (34 0.0231) (43 -0.0228) (54 0.0206) (42 0.0196) (48 0.0172) (18 -0.0167) (56 -0.0155) (39 -0.0152) (55 -0.0126) (51 0.0125) (13 0.0124) (83 -0.0104) 
  9.7076e-06   (35 -0.732) (36 0.405) (149 -0.395) (37 -0.227) (38 -0.199) (29 -0.0995) (32 0.0777) (40 -0.073) (41 0.0684) (30 0.0565) (34 -0.0537) (43 0.053) (54 -0.0481) (42 -0.0456) (48 -0.0401) (18 0.0388) (56 0.0361) (39 0.0354) (55 0.0294) (51 -0.0291) (13 -0.0288) (83 0.0246) (26 0.023) (84 -0.023) (46 -0.0225) (19 0.0192) (31 -0.019) (50 -0.019) (28 0.0147) (33 0.0145) (52 -0.0141) (22 -0.012) (15 0.0118) (25 0.0115) (61 0.0115) (27 -0.0111) (58 -0.0103) 
  4.5718e-05   (26 0.869) (27 0.291) (25 -0.235) (57 -0.188) (59 -0.107) (28 0.0862) (55 0.0791) (29 0.0767) (60 -0.074) (54 -0.0715) (48 -0.0532) (22 -0.0523) (30 0.046) (58 0.0434) (40 -0.0422) (18 -0.0376) (32 -0.0358) (43 0.034) (33 -0.0312) (41 0.0295) (31 -0.0293) (71 0.0293) (68 0.0278) (77 0.0259) (50 0.0241) (42 -0.0234) (70 0.0226) (20 0.0206) (36 -0.02) (23 0.0196) (39 -0.0194) (51 0.0178) (84 0.0177) (35 0.0176) (53 0.0174) (56 0.016) (62 0.0153) (83 -0.0147) (15 0.0141) (46 -0.0135) (78 0.013) (79 0.0121) (76 0.011) (52 0.011) (45 0.0105) (65 -0.01) 
  5.3673e-05   (148 -0.917) (57 -0.273) (59 -0.162) (60 -0.108) (26 -0.104) (55 0.1) (54 -0.0805) (58 0.0726) (48 -0.0477) (38 -0.0319) (68 0.0313) (27 -0.0294) (25 0.025) (71 0.024) (84 0.0239) (53 0.0229) (83 -0.0224) (70 0.0222) (77 0.022) (51 0.0192) (56 0.0185) (43 0.0178) (52 0.0169) (76 0.0159) (42 -0.0159) (30 -0.0153) (50 0.0147) (35 0.0146) (61 0.0144) (74 -0.0139) (46 -0.0133) (62 0.0129) (64 0.0124) (65 -0.012) (89 -0.0114) 
  0.00013824   (57 0.63) (148 -0.399) (59 0.373) (60 0.248) (26 0.234) (55 -0.231) (54 0.185) (58 -0.167) (48 0.11) (38 0.0734) (68 -0.0723) (27 0.0657) (25 -0.0561) (84 -0.0555) (71 -0.0553) (53 -0.0528) (83 0.0521) (70 -0.0512) (77 -0.0508) (51 -0.0442) (56 -0.0426) (43 -0.041) (52 -0.0388) (76 -0.0368) (42 0.0367) (30 0.0349) (50 -0.034) (35 -0.0336) (61 -0.0332) (74 0.0321) (46 0.0307) (62 -0.0297) (64 -0.0287) (65 0.0277) (89 0.0267) (78 -0.0221) (28 0.0215) (79 -0.0202) (37 -0.0199) (41 -0.0198) (22 -0.019) (13 -0.0188) (40 0.0168) (66 0.0167) (81 -0.0166) (85 0.0159) (67 0.0144) (82 -0.0136) (44 0.0131) (49 -0.0123) (18 0.0119) (87 0.0116) (47 0.0114) (19 0.011) (31 -0.0107) (97 0.0102) 
  0.00016636   (2 1) 
  0.00018397   (11 0.994) (13 -0.0841) (18 0.0352) (10 0.0339) (15 0.0279) (14 -0.0268) (19 0.019) (38 0.019) (30 0.0157) (22 -0.0121) (35 -0.0119) (29 -0.0113) 
  0.00020905   (160 -1) 
  0.00021502   (4 -1) 
  0.00024147   (14 0.807) (13 0.5) (15 0.262) (18 0.132) (19 0.0563) (11 0.0477) (22 -0.0409) (17 0.0387) (30 0.0335) (38 0.0259) (24 0.0256) (27 -0.0242) (35 -0.0188) (29 -0.0169) (26 0.014) (23 0.0101) 
  0.00026023   (159 -1) 
  0.00027018   (7 -1) 
   0.0002784   (22 0.664) (23 -0.576) (24 0.335) (18 -0.216) (19 -0.184) (26 0.0765) (13 0.0725) (37 0.0528) (15 -0.0441) (29 -0.0437) (17 -0.0428) (35 -0.0419) (14 0.0409) (27 -0.0385) (20 -0.0356) (32 0.0328) (30 0.0323) (21 0.031) (156 -0.0292) (33 0.0284) (25 0.0274) (40 0.0259) (11 0.024) (39 -0.0228) (31 -0.0184) (56 0.017) (41 -0.0162) (43 -0.0161) (42 0.013) 
  0.00028425   (156 -1) (22 -0.0194) (23 0.0168) 
  0.00028942   (6 -1) 
  0.00029625   (15 -0.939) (13 0.197) (14 0.146) (16 0.132) (17 0.124) (18 0.108) (19 0.0726) (22 -0.0476) (11 0.0387) (26 0.0258) (27 -0.0221) (35 -0.0209) (30 0.0152) (31 -0.0151) (40 0.0137) (29 -0.013) (38 0.0127) (25 -0.0118) (43 -0.0117) (39 -0.0109) (41 -0.0102) 
  0.00029864   (158 -1) 
  0.00032911   (75 0.766) (60 0.326) (57 -0.288) (76 0.264) (59 0.197) (72 0.194) (58 -0.134) (54 0.115) (38 -0.0973) (49 -0.0652) (83 0.0622) (46 0.059) (51 -0.0485) (36 0.0421) (77 0.0386) (35 0.0378) (18 -0.0358) (30 -0.0348) (45 -0.0342) (43 0.0325) (84 -0.0308) (29 0.0306) (13 0.0287) (52 0.0284) (41 -0.0268) (55 0.0248) (40 0.0233) (47 -0.0222) (73 0.0216) (111 -0.0209) (25 -0.0205) (89 -0.0201) (100 0.0189) (42 -0.0178) (74 -0.0171) (97 -0.0165) (39 -0.0158) (124 0.0155) (34 0.0154) (19 -0.0147) (122 -0.0145) (56 0.0131) (93 -0.0126) (71 0.0126) (48 0.0125) (50 -0.0118) (98 0.0116) (92 0.0116) (27 0.0114) (119 0.0113) (126 -0.011) (108 0.0104) (22 -0.0101) (69 -0.01) (113 -0.01) 
  0.00037007   (60 0.483) (75 -0.448) (57 -0.432) (59 0.292) (72 -0.272) (58 -0.198) (76 -0.161) (38 -0.158) (54 0.151) (69 -0.143) (49 -0.133) (152 -0.114) (46 0.0904) (43 0.0876) (42 -0.068) (35 0.0633) (30 -0.0565) (47 -0.0546) (18 -0.0515) (29 0.05) (36 0.0493) (73 -0.0475) (13 0.047) (52 0.0408) (56 0.0334) (51 -0.0312) (122 0.0269) (19 -0.0263) (25 -0.0262) (77 -0.0259) (111 -0.0217) (48 0.0214) (34 0.0209) (71 -0.0199) (41 -0.0185) (126 -0.0173) (27 0.0171) (11 0.0168) (67 -0.0161) (89 -0.016) (121 -0.0154) (65 0.015) (53 0.015) (113 -0.0146) (26 -0.0146) (39 -0.0141) (129 -0.0136) (83 0.0128) (15 -0.0125) (40 0.0119) (97 -0.0112) (64 -0.0105) (101 -0.0104) (84 0.0103) (108 0.01) 
  0.00038674   (152 -0.993) (60 -0.0583) (57 0.0524) (75 0.0452) (59 -0.0352) (72 0.0294) (58 0.0239) (38 0.0195) (54 -0.0186) (69 0.0164) (76 0.0163) (49 0.0161) (46 -0.0111) (43 -0.0105) 
  0.00041889   (19 0.831) (18 -0.543) (47 -0.0624) (20 -0.0433) (25 0.0407) (22 0.039) (49 0.0376) (13 0.0262) (46 0.0217) (21 0.019) (43 0.019) (24 0.0167) (42 -0.0147) (27 -0.0133) (14 0.0127) (57 0.0113) 
  0.00055123   (47 -0.714) (49 0.431) (151 0.3) (46 0.238) (38 -0.208) (43 0.2) (42 -0.147) (19 -0.0915) (57 0.0879) (35 0.0766) (48 0.0641) (30 -0.0621) (29 0.0564) (60 -0.0542) (53 -0.0485) (55 -0.0455) (13 0.0431) (36 0.04) (54 -0.0398) (50 0.0369) (52 -0.0331) (25 -0.0257) (34 0.0211) (27 0.0174) (84 0.0166) (58 0.0163) (26 -0.0161) (11 0.0157) (59 -0.0153) (75 0.0134) (39 -0.0124) (111 -0.0119) (89 -0.0102) 
  0.00055617   (151 0.954) (47 0.225) (49 -0.136) (46 -0.0749) (38 0.0655) (43 -0.0632) (42 0.0464) (57 -0.0276) (19 0.0275) (35 -0.0242) (48 -0.0202) (30 0.0196) (29 -0.0178) (60 0.017) (53 0.0152) (55 0.0143) (13 -0.0137) (36 -0.0126) (54 0.0125) (50 -0.0116) (52 0.0104) 
   0.0005896   (52 0.839) (51 -0.298) (48 -0.214) (45 -0.188) (49 -0.179) (50 -0.158) (55 -0.125) (57 0.106) (47 -0.0954) (38 -0.0777) (46 0.0704) (54 -0.0697) (60 -0.057) (59 -0.0522) (56 0.0445) (58 0.035) (35 0.0332) (36 0.0292) (72 -0.0267) (18 -0.0265) (41 -0.0248) (30 -0.0236) (29 0.0222) (40 0.0193) (53 0.0188) (13 0.0187) (69 -0.0187) (43 -0.0173) (25 -0.0164) (146 -0.0163) (39 -0.0131) (34 0.0117) 
  0.00061095   (146 -0.616) (45 0.612) (43 0.237) (48 0.206) (47 0.189) (52 0.163) (42 -0.156) (38 -0.129) (51 -0.102) (46 -0.0938) (49 0.0682) (54 0.0504) (55 -0.047) (35 0.0468) (41 0.0436) (30 -0.0365) (29 0.0336) (57 0.0324) (60 -0.0319) (56 0.0316) (59 -0.0272) (18 -0.0245) (13 0.0239) (40 -0.0221) (83 -0.0215) (84 0.0186) (75 0.0185) (58 0.017) (19 -0.017) (72 0.0165) (25 -0.0143) (26 -0.0135) (53 -0.0134) 
  0.00062243   (146 -0.787) (45 -0.475) (43 -0.186) (48 -0.157) (47 -0.146) (52 -0.145) (42 0.122) (38 0.103) (51 0.0864) (46 0.0719) (49 -0.0497) (55 0.0393) (54 -0.038) (35 -0.0374) (41 -0.0336) (30 0.0291) (57 -0.0274) (29 -0.0269) (60 0.0261) (56 -0.0256) (59 0.0223) (18 0.0198) (13 -0.0191) (40 0.0169) (83 0.0167) (84 -0.0146) (75 -0.0145) (58 -0.014) (19 0.0135) (72 -0.0124) (25 0.0116) (26 0.0106) (53 0.0101) 
  0.00076124   (72 0.771) (73 0.347) (74 0.288) (75 -0.284) (49 -0.222) (38 -0.11) (69 0.108) (48 -0.0746) (51 0.0604) (43 0.0602) (46 0.0596) (53 -0.0594) (47 -0.0532) (54 0.0486) (35 0.0457) (83 0.0455) (42 -0.0437) (18 -0.0368) (30 -0.0354) (36 0.035) (52 -0.0334) (29 0.0322) (13 0.0296) (57 -0.0292) (60 0.0266) (147 0.0231) (76 -0.0208) (25 -0.0202) (89 -0.0197) (50 -0.0191) (111 -0.0186) (77 0.0183) (70 0.018) (126 -0.0175) (59 0.0175) (100 0.0165) (19 -0.0163) (71 0.0155) (120 0.0155) (34 0.0151) (118 0.0151) (95 -0.0139) (41 -0.0136) (98 0.0136) (92 0.0131) (58 -0.013) (40 0.0121) (27 0.012) (124 0.0119) (90 -0.0117) (39 -0.0116) (97 -0.011) 
  0.00079362   (49 -0.626) (147 0.38) (51 0.316) (48 -0.219) (72 -0.2) (43 0.176) (38 -0.171) (57 0.171) (52 -0.16) (47 -0.155) (53 -0.135) (42 -0.13) (45 0.117) (75 0.112) (46 0.102) (73 -0.0995) (59 -0.0962) (60 -0.0925) (74 -0.0809) (55 -0.0708) (35 0.0671) (58 0.062) (30 -0.0468) (50 -0.0458) (29 0.0425) (18 -0.0376) (13 0.0373) (56 0.0366) (83 -0.0288) (69 -0.0283) (36 0.0273) (19 -0.0241) (84 0.0201) (41 0.0187) (25 -0.0186) (122 0.0179) (40 -0.0177) (76 0.0175) (26 -0.0174) (34 0.0163) (70 -0.0135) (27 0.0126) (11 0.0115) 
  0.00084196   (147 0.925) (49 0.263) (51 -0.131) (48 0.0921) (43 -0.0741) (38 0.0734) (57 -0.0691) (52 0.0665) (47 0.0649) (72 0.063) (53 0.0569) (42 0.0548) (45 -0.0484) (46 -0.0437) (75 -0.0389) (59 0.0389) (60 0.0372) (73 0.0322) (55 0.0292) (35 -0.0289) (74 0.0261) (58 -0.025) (30 0.0203) (50 0.0193) (29 -0.0184) (18 0.0166) (13 -0.0162) (56 -0.0152) (36 -0.0123) (83 0.0109) (19 0.0104) 
  0.00088975   (36 0.781) (37 0.356) (38 0.284) (35 0.229) (18 -0.205) (24 0.135) (19 -0.13) (23 0.126) (25 0.0773) (22 -0.0746) (34 0.0738) (13 0.07) (41 0.04) (20 0.0395) (39 0.0379) (40 -0.0363) (30 -0.0357) (46 -0.0346) (21 -0.034) (29 0.0296) (43 -0.0208) (54 -0.0205) (45 0.0204) (26 0.0196) (49 0.0195) (57 0.0192) (15 -0.0183) (42 0.0172) (17 -0.0155) (11 0.0154) (51 0.0123) (60 -0.0111) 
   0.0010565   (18 -0.49) (24 0.413) (23 0.388) (19 -0.338) (25 0.338) (36 -0.286) (22 -0.176) (13 0.126) (35 -0.122) (37 -0.112) (20 0.096) (30 0.095) (21 -0.0911) (29 -0.0849) (26 0.0792) (27 -0.0729) (15 -0.0503) (34 -0.0405) (17 -0.0352) (38 -0.0267) (11 0.0229) (142 0.0162) (43 -0.0105) 
   0.0011345   (142 0.998) (143 0.056) 
   0.0012754   (46 0.669) (47 0.523) (13 0.221) (49 0.201) (45 -0.199) (38 -0.197) (42 -0.138) (14 -0.131) (43 0.128) (51 0.102) (54 -0.0932) (40 0.0743) (57 0.0742) (36 0.0673) (35 0.0556) (60 -0.0517) (41 -0.0498) (30 -0.0443) (50 0.0418) (53 -0.0406) (29 0.0395) (59 -0.0368) (55 -0.0325) (39 -0.0314) (83 0.0304) (58 0.0258) (72 -0.0245) (11 0.023) (34 0.0229) (15 0.0209) (25 -0.0194) (52 -0.0181) (37 -0.0179) (48 -0.0111) (27 0.0103) 
   0.0012973   (13 0.753) (14 -0.551) (18 0.185) (46 -0.167) (47 -0.119) (15 0.109) (19 0.0981) (38 0.0873) (25 0.0521) (30 0.0519) (45 0.0481) (29 -0.0461) (43 -0.0419) (49 -0.0413) (42 0.0412) (35 -0.0373) (36 -0.0325) (11 0.0321) (27 -0.0274) (26 0.0266) (17 0.0263) (40 -0.0249) (20 -0.0233) (51 -0.0212) (54 0.0174) (22 0.0163) (34 -0.0143) (41 0.013) (57 -0.0121) (39 0.0114) (50 -0.0104) (23 -0.0103) (21 0.0101) 
   0.0014966   (145 -1) (143 -0.0152) 
   0.0015452   (55 0.721) (54 0.49) (30 -0.287) (29 0.235) (57 0.184) (32 0.111) (51 -0.11) (60 -0.0826) (35 -0.0693) (18 -0.061) (53 -0.0567) (13 0.0468) (46 0.046) (59 -0.0458) (45 -0.0447) (52 0.043) (25 -0.0394) (72 -0.0385) (58 0.0379) (31 -0.0373) (19 -0.0312) (69 -0.0277) (56 0.0267) (83 0.0262) (27 0.0257) (34 -0.0251) (49 -0.0246) (33 -0.0237) (38 0.0224) (41 -0.021) (48 0.0198) (26 -0.018) (40 0.016) (70 -0.0158) (36 -0.0145) (84 -0.0141) (11 0.0123) (71 0.0118) (44 -0.0113) (75 -0.0112) (140 0.011) 
   0.0016845   (30 -0.613) (29 0.501) (55 -0.317) (32 0.25) (54 -0.22) (35 -0.219) (38 0.212) (36 -0.113) (18 -0.0856) (34 -0.0852) (31 -0.0789) (13 0.0634) (51 0.0589) (57 -0.0587) (25 -0.0561) (140 0.055) (33 -0.0539) (19 -0.0486) (46 -0.0434) (27 0.0429) (43 -0.0373) (26 -0.0371) (40 -0.0319) (42 0.0316) (60 0.0261) (37 0.0237) (52 -0.0228) (49 0.0227) (39 0.0219) (47 0.0177) (11 0.0166) (53 0.0155) (45 0.0152) (72 0.0109) (59 0.0104) (69 0.0102) 
   0.0017436   (140 0.998) (30 0.037) (29 -0.0303) (32 -0.015) (35 0.0127) (38 -0.0117) 
   0.0017873   (27 0.71) (17 0.592) (26 -0.228) (28 -0.191) (18 -0.157) (19 -0.0944) (30 0.0731) (29 -0.0684) (25 -0.0575) (15 0.0377) (38 0.0377) (13 0.0347) (35 -0.0321) (24 -0.0309) (22 0.0302) (20 -0.0237) (137 0.0222) (21 0.0199) (44 -0.0187) (36 -0.0156) (43 -0.0116) (34 -0.0102) (14 -0.01) 
   0.0019617   (17 -0.777) (27 0.525) (28 -0.177) (26 -0.174) (137 0.163) (15 -0.0908) (13 0.0733) (30 0.065) (29 -0.0611) (20 0.0531) (25 -0.0447) (38 0.0427) (35 -0.0359) (14 0.0305) (11 0.0188) (43 -0.0146) (32 0.0133) (16 0.0127) (19 0.0126) (36 -0.0112) (21 -0.0106) (23 0.0104) 
   0.0020828   (137 0.986) (17 0.115) (27 -0.103) (26 0.0339) (28 0.0334) (15 0.0141) (13 -0.0129) (30 -0.0123) (29 0.0116) 
   0.0022209   (28 0.907) (50 -0.277) (27 0.211) (26 -0.142) (51 0.0956) (49 0.0603) (74 -0.0578) (73 -0.0537) (25 0.0506) (43 -0.0445) (72 0.0433) (77 -0.0361) (40 0.0318) (30 0.0308) (56 0.0301) (45 0.0293) (17 -0.024) (76 -0.0239) (31 0.0185) (13 0.0175) (38 0.0147) (132 -0.0144) (39 0.0142) (18 -0.0137) (54 0.0127) (60 0.0124) (71 0.0118) (19 -0.0117) (62 0.0115) (57 -0.0107) (44 -0.0106) (29 0.0106) (37 -0.0104) (66 0.0101) 
   0.0022698   (74 -0.546) (77 -0.397) (73 -0.371) (72 0.345) (50 0.303) (76 -0.248) (132 -0.208) (71 0.137) (51 -0.136) (67 0.0922) (70 0.0835) (49 -0.0736) (39 0.0648) (80 -0.0625) (79 -0.0597) (69 0.0557) (83 0.0398) (53 0.0342) (81 -0.0336) (56 -0.0332) (38 -0.0328) (45 -0.0322) (64 -0.0297) (66 0.0272) (43 0.0261) (85 -0.026) (62 0.0236) (82 0.0235) (131 -0.0214) (86 0.0212) (129 -0.0207) (89 -0.02) (78 -0.0181) (127 -0.0167) (46 0.0161) (48 0.0155) (60 0.0147) (118 0.0146) (114 -0.0141) (119 -0.0131) (29 0.0131) (99 0.0127) (113 0.0122) (58 -0.0116) (59 -0.0116) (111 0.0113) (68 0.0109) 
   0.0023495   (50 0.706) (132 -0.37) (28 0.276) (51 -0.265) (74 0.228) (73 0.186) (72 -0.16) (49 -0.155) (77 0.153) (76 0.0956) (56 -0.0897) (27 0.0735) (71 -0.0682) (43 0.0665) (39 0.0596) (26 -0.0524) (60 -0.0479) (45 -0.0462) (54 -0.0425) (57 0.04) (62 -0.0329) (55 -0.0298) (69 -0.0283) (80 0.0261) (79 0.026) (53 0.0257) (44 0.0246) (70 -0.0243) (129 -0.0238) (131 -0.0235) (25 0.0209) (75 0.0202) (81 0.0196) (47 -0.0196) (66 -0.0187) (64 0.0184) (52 -0.0182) (67 -0.0172) (48 0.0168) (83 -0.0161) (93 0.0143) (40 -0.0135) (38 -0.0133) (17 -0.0125) (13 0.0122) (84 -0.0105) (46 0.0103) (113 0.0101) (100 -0.0101) 
   0.0024453   (132 -0.902) (50 -0.356) (51 0.139) (28 -0.129) (49 0.0797) (131 -0.0501) (56 0.044) (39 -0.0401) (129 -0.0368) (27 -0.0358) (74 0.0345) (43 -0.0328) (77 0.0295) (45 0.0262) (26 0.0251) (54 0.0189) (76 0.0188) (53 -0.0185) (57 -0.0173) (60 0.0158) (72 -0.0154) (67 -0.0146) (38 0.0131) (55 0.012) (73 0.0112) (44 -0.0106) (48 -0.0105) 
   0.0027168   (23 -0.673) (22 -0.592) (53 -0.237) (25 0.185) (18 -0.182) (24 -0.158) (20 0.124) (19 -0.0891) (21 -0.0855) (60 0.0524) (16 -0.0425) (54 -0.0416) (13 0.0367) (59 -0.0313) (49 0.0285) (46 -0.0285) (38 0.0265) (36 -0.0259) (30 0.0241) (48 -0.0237) (26 0.02) (50 0.0171) (56 -0.0164) (35 -0.016) (122 -0.0157) (41 0.0154) (40 -0.0147) (31 0.0146) (27 -0.0146) (29 -0.0144) (125 -0.0131) (28 -0.013) (55 0.0122) (52 0.0113) (47 0.0113) (45 0.0111) (58 0.0103) 
   0.0027211   (60 -0.714) (59 0.544) (58 -0.21) (57 -0.209) (54 0.19) (55 -0.128) (56 0.111) (53 0.101) (22 -0.0683) (23 -0.0673) (48 0.0627) (49 -0.0622) (46 0.0484) (84 -0.0356) (133 -0.033) (41 -0.0296) (50 -0.0286) (83 0.0259) (18 -0.0255) (119 0.0248) (125 -0.0232) (40 0.0221) (42 0.0219) (74 -0.0206) (36 0.0188) (126 -0.0176) (45 -0.0169) (20 0.0169) (73 -0.0143) (24 -0.0141) (47 -0.014) (70 0.0122) (105 0.0122) (72 -0.0121) (39 -0.0116) (25 0.0114) (62 0.0112) (35 -0.0109) (44 0.0106) (19 -0.0106) (52 -0.0105) (21 -0.0101) 
   0.0028391   (133 -0.832) (53 0.514) (23 -0.0866) (22 -0.0808) (59 -0.0785) (57 0.064) (60 0.0588) (49 -0.0498) (42 -0.0404) (58 0.036) (18 -0.0329) (46 0.0328) (52 -0.0323) (48 0.0318) (50 -0.0297) (38 -0.0291) (47 -0.024) (54 0.0227) (24 -0.0205) (40 0.0187) (25 0.018) (51 0.0177) (19 -0.0174) (20 0.0162) (83 0.0141) (74 0.0125) (13 0.0123) (21 -0.0118) 
   0.0029732   (53 -0.777) (133 -0.553) (23 0.133) (22 0.125) (59 0.0842) (57 -0.0829) (49 0.0786) (42 0.0589) (46 -0.0524) (48 -0.0517) (18 0.0508) (52 0.0491) (54 -0.0464) (50 0.0464) (60 -0.0446) (38 0.0441) (125 -0.043) (58 -0.0411) (47 0.0369) (24 0.0315) (40 -0.0294) (25 -0.0275) (19 0.0266) (51 -0.0261) (20 -0.0252) (83 -0.0225) (126 -0.0221) (122 -0.0189) (13 -0.0188) (21 0.0183) (74 -0.0178) (56 -0.0166) (73 -0.0142) (29 -0.0139) (119 0.0137) (44 0.0126) (30 0.0123) (36 -0.0122) 
   0.0033234   (41 -0.688) (40 -0.516) (69 -0.404) (38 -0.169) (84 -0.115) (83 -0.112) (43 -0.105) (42 0.0776) (72 0.0612) (46 -0.0539) (57 0.0527) (70 0.039) (36 0.0385) (54 -0.0385) (45 0.0381) (35 0.0358) (86 -0.0349) (49 0.0317) (60 -0.0275) (52 -0.0274) (68 0.026) (130 -0.0259) (47 0.0224) (59 -0.0196) (53 0.0196) (30 -0.0191) (29 0.0185) (18 -0.0172) (58 0.0148) (51 0.0121) (75 0.0117) (34 0.0116) (13 0.0115) (71 -0.0107) (56 -0.0106) (118 0.0103) 
   0.0036222   (84 -0.624) (83 -0.568) (69 0.406) (130 -0.278) (86 -0.139) (129 -0.0599) (72 -0.0432) (82 0.0365) (60 0.0355) (119 -0.0351) (57 -0.0347) (90 -0.032) (118 0.0319) (111 -0.0303) (91 -0.0289) (68 -0.0278) (70 -0.0276) (38 -0.0264) (89 -0.0262) (54 0.025) (95 -0.0223) (92 0.022) (98 0.0214) (81 -0.0211) (87 -0.0211) (120 0.0205) (41 -0.0204) (105 0.0192) (122 0.0189) (108 0.018) (46 0.0158) (88 0.0151) (124 0.0151) (125 0.015) (103 0.014) (104 -0.014) (100 0.0138) (101 -0.0136) (110 0.0128) (97 -0.0127) (45 -0.0124) (36 0.0118) (73 -0.0115) (80 0.0112) (75 -0.0104) 
   0.0036587   (69 0.607) (130 -0.488) (84 0.329) (83 0.328) (41 -0.281) (40 -0.212) (72 -0.12) (129 -0.094) (86 0.0807) (38 -0.0782) (70 -0.0659) (68 -0.0379) (42 0.036) (43 -0.0297) (57 -0.0295) (90 0.0284) (82 -0.0272) (105 -0.0242) (54 0.0219) (119 0.0214) (75 -0.0207) (36 0.0206) (73 -0.0203) (60 0.0193) (76 0.0192) (71 0.0189) (35 0.0188) (74 0.0182) (87 0.0167) (79 0.0166) (103 -0.0135) (118 -0.0132) (126 -0.013) (80 -0.0127) (18 -0.0117) (46 -0.0115) (53 -0.0115) (98 -0.0113) (30 -0.0111) (104 0.0108) (48 0.0106) (56 0.0103) (88 -0.0103) 
   0.0037343   (130 -0.804) (69 -0.496) (41 0.2) (129 -0.157) (40 0.149) (72 0.0852) (38 0.0626) (70 0.0481) (68 0.0319) (57 0.0286) (60 -0.0235) (84 0.0219) (43 0.0215) (42 -0.021) (54 -0.021) (36 -0.0181) (35 -0.0161) (73 0.0159) (75 0.0157) (71 -0.0124) (18 0.0112) (30 0.0108) (76 -0.0105) 
   0.0039178   (103 0.438) (106 -0.399) (100 0.31) (112 -0.309) (107 0.305) (110 -0.299) (111 0.209) (102 -0.191) (113 -0.174) (116 -0.145) (117 0.132) (108 -0.13) (105 0.118) (118 -0.117) (104 -0.0913) (93 0.091) (99 0.0876) (120 0.0775) (121 -0.0676) (98 0.0666) (153 0.0635) (119 -0.0631) (122 -0.0628) (115 -0.0609) (54 0.0589) (92 -0.0588) (101 -0.0576) (123 0.0529) (91 0.0462) (124 0.0434) (109 0.0415) (55 -0.039) (48 -0.0318) (59 -0.0283) (56 0.0259) (96 -0.0199) (89 0.0181) (86 -0.0173) (126 -0.0161) (161 -0.0156) (49 0.0151) (83 0.0143) (88 -0.013) (51 -0.0129) (58 0.0124) (125 0.0112) (52 -0.0105) (131 0.0104) 
   0.0039312   (141 -0.994) (153 -0.0952) (161 0.0256) (139 0.021) (155 0.0105) 
   0.0039774   (48 -0.636) (54 0.519) (55 -0.339) (49 0.243) (56 0.186) (51 -0.167) (59 -0.162) (52 -0.156) (47 0.0827) (46 -0.0735) (58 0.0731) (45 0.0561) (57 -0.0465) (50 0.0449) (103 -0.0443) (106 0.0424) (43 0.0359) (110 0.0328) (107 -0.0287) (40 -0.0249) (41 0.0229) (42 -0.0223) (101 0.0204) (112 0.019) (98 -0.017) (53 0.0169) (108 0.0166) (111 -0.0161) (100 -0.016) (118 0.0158) (69 -0.0154) (102 0.0153) (60 0.0149) (93 0.0148) (113 0.0138) (117 -0.0132) (92 -0.0123) (119 0.0117) (153 -0.0117) (89 0.0114) (91 0.0111) (99 0.0109) (35 0.0106) (61 0.0103) 
   0.0040275   (81 0.422) (71 -0.39) (70 0.361) (44 0.317) (79 -0.294) (82 -0.282) (76 -0.236) (92 0.197) (77 0.188) (74 -0.152) (93 0.132) (73 0.118) (80 -0.107) (68 -0.102) (108 0.0946) (86 0.0941) (75 0.0693) (98 0.0655) (99 0.059) (104 0.0579) (111 0.0547) (42 0.0546) (69 0.0512) (90 0.0487) (88 -0.048) (87 -0.0451) (78 -0.0419) (102 0.0344) (43 0.0335) (96 0.0325) (103 0.0318) (155 0.0289) (55 0.0274) (112 0.0266) (40 0.0257) (97 0.0252) (66 0.0252) (106 0.0245) (113 -0.0235) (83 -0.0234) (110 -0.0214) (67 -0.0211) (50 -0.0206) (89 0.02) (41 -0.0193) (107 -0.019) (59 -0.0187) (109 -0.0177) (91 -0.0175) (85 -0.0168) (105 -0.0133) (121 0.0131) (45 0.0131) (63 -0.0122) (65 0.0115) (153 0.0114) (95 -0.0114) (17 -0.0101) 
   0.0041462   (155 0.991) (153 0.122) (44 -0.0397) (161 0.0112) 
   0.0043434   (44 0.914) (71 0.165) (70 -0.154) (42 0.143) (81 -0.132) (43 0.0987) (82 0.0795) (76 0.0786) (79 0.0785) (80 0.0733) (77 -0.063) (86 -0.061) (108 -0.0534) (40 0.0503) (73 -0.0498) (68 0.0497) (74 0.0464) (90 -0.0459) (38 0.0404) (45 0.0397) (102 -0.0358) (41 -0.0351) (48 -0.0335) (155 0.0327) (55 0.0304) (103 -0.0277) (78 -0.0276) (53 0.0266) (104 -0.0251) (111 -0.0246) (75 -0.0245) (98 -0.023) (69 -0.0227) (99 -0.0214) (35 -0.0213) (54 -0.0212) (49 0.0193) (50 -0.019) (29 -0.0159) (46 0.0148) (51 0.0147) (66 -0.0133) (17 0.013) (118 -0.0128) (92 -0.0124) (30 0.0123) (110 0.0123) (119 0.0118) (67 0.0118) (88 0.0105) (109 0.0101) (83 0.01) 
   0.0044884   (21 0.935) (136 0.324) (22 -0.0909) (19 -0.0517) (18 -0.0512) (8 -0.0485) (25 0.0419) (20 0.0326) (17 -0.0232) (24 0.0178) (27 -0.0129) 
   0.0049388   (136 0.946) (21 -0.321) (22 0.0312) (19 0.0177) (18 0.0175) (8 0.0145) (25 -0.0144) (20 -0.0112) 
   0.0049896   (8 0.999) (21 0.05) 
   0.0053267   (5 1) 
    0.005507   (24 -0.816) (18 -0.339) (22 0.286) (19 -0.231) (25 0.14) (13 0.12) (23 0.118) (27 -0.093) (30 0.0692) (26 0.0657) (17 -0.0574) (29 -0.055) (38 0.0425) (32 0.0402) (15 -0.0391) (35 -0.0388) (14 0.037) (11 0.0328) (33 -0.0225) (31 -0.0203) (43 -0.0171) (42 0.014) (144 0.0132) (40 0.013) (84 0.0109) (20 0.0106) 
   0.0058459   (144 1) (24 0.0108) 
   0.0060795   (10 0.97) (32 -0.2) (33 0.112) (29 0.0403) (30 -0.0368) (35 -0.0357) (31 0.0348) (11 -0.0316) (38 0.0196) 
   0.0062009   (134 -0.828) (32 -0.445) (33 0.25) (10 -0.139) (29 0.0954) (30 -0.0866) (31 0.0815) (35 -0.0798) (38 0.0358) (18 -0.0263) (24 -0.0186) (13 0.0178) (40 0.0161) (41 -0.014) (19 -0.0139) (22 0.0128) (34 -0.0126) (43 -0.0119) (48 0.0118) (11 0.0109) (27 0.0104) (42 0.0102) 
   0.0063943   (32 0.658) (134 -0.561) (33 -0.371) (10 0.197) (29 -0.141) (30 0.128) (31 -0.121) (35 0.118) (38 -0.053) (18 0.0388) (24 0.0276) (13 -0.0262) (40 -0.0238) (41 0.0208) (19 0.0205) (22 -0.0189) (34 0.0187) (43 0.0176) (48 -0.0174) (11 -0.0159) (27 -0.0154) (42 -0.0151) (26 0.0143) (54 -0.0135) (55 0.0112) (84 -0.0111) (83 0.0105) 
   0.0064175   (16 0.888) (42 -0.328) (43 -0.267) (15 0.112) (44 0.0905) (39 0.0623) (38 -0.0334) (46 -0.0277) (18 -0.0253) (13 -0.024) (53 -0.024) (23 -0.0236) (31 0.0205) (25 0.0185) (29 0.0173) (50 0.017) (20 -0.0165) (14 -0.0159) (63 -0.0135) (66 -0.0127) (35 0.0125) (12 -0.0114) (41 0.0111) (28 -0.0107) (60 -0.0105) (19 -0.0103) 
   0.0069456   (138 0.995) (42 -0.0654) (43 -0.0534) (16 -0.0511) (44 0.0168) 
   0.0082345   (42 0.667) (43 0.545) (16 0.434) (44 -0.172) (138 0.101) (39 -0.0935) (38 0.0612) (15 0.0576) (46 0.0529) (53 0.042) (50 -0.0367) (66 0.0243) (23 -0.0236) (63 0.0223) (41 -0.0221) (29 -0.022) (79 0.0217) (48 -0.0213) (13 -0.0193) (70 -0.0193) (22 -0.0189) (62 -0.0188) (60 0.0181) (31 -0.0175) (76 -0.0169) (35 -0.0168) (54 -0.0152) (65 -0.0148) (84 -0.0126) (78 0.0115) (55 0.0112) (85 -0.0111) (119 0.0111) (59 -0.0109) (14 -0.0107) (51 0.0106) (118 -0.0105) (64 -0.01) 
   0.0087232   (12 -0.951) (31 0.294) (29 0.0554) (32 0.0511) (30 0.0303) (39 -0.0299) (135 -0.0219) (61 -0.0186) (33 -0.0141) (16 -0.0137) (62 -0.0107) 
   0.0093327   (135 -0.946) (31 0.286) (12 0.12) (29 0.0602) (32 0.0526) (39 -0.0351) (30 0.0326) (33 -0.0152) (25 0.0107) 

 Largest eigenvalues
      41.606   (161 -0.311) (163 0.895) 
      13.212   (48 -0.568) (54 -0.393) (55 0.328) (59 0.364) 
      2.0915   (83 0.673) (84 -0.654) 
      1.4932   (118 -0.495) (119 0.635) (120 -0.296) (122 -0.382) 
      1.3278   (153 -0.392) (161 -0.835) (163 -0.379) 
      1.2288   (153 -0.877) (161 0.448) 
       1.225   (165 -0.999) 
      1.2097   (164 0.993) 
      1.1876   (92 0.483) (93 -0.668) (100 -0.393) 
      1.1734   (93 -0.299) (100 0.393) (109 -0.737) 
      1.1107   (100 0.585) (109 0.461) (117 0.42) 
      1.0943   (100 0.368) (117 -0.734) 
      1.0716   (98 0.64) (99 -0.59) 
      1.0181   (103 0.47) (104 -0.389) (105 -0.503) (106 0.311) 
     0.82633   (110 0.29) (113 -0.555) (114 -0.409) 
      0.8024   (114 0.601) (117 0.365) 
      0.7612   (107 -0.458) (110 -0.605) (111 -0.397) (112 0.298) 
     0.75637   (106 0.344) (107 0.744) (111 -0.307) (112 0.34) 
     0.74627   (116 0.506) (123 0.385) (124 0.385) (131 0.33) 
     0.65964   (110 0.208) (114 0.204) (116 -0.759) (123 0.254) (124 0.229) (131 0.244) 
     0.60657   (105 -0.313) (106 -0.659) (110 0.318) (112 0.405) 
     0.60162   (103 0.327) (105 0.71) 
     0.59639   (122 -0.37) (125 0.473) (127 0.597) 
     0.59485   (122 0.32) (125 -0.714) (126 -0.33) (127 0.424) 
     0.57482   (119 0.334) (122 0.648) (125 0.352) 
     0.55352   (118 -0.404) (119 -0.652) (120 -0.409) 
     0.54778   (123 0.671) (126 0.506) (127 0.287) 
     0.52037   (120 0.56) (121 0.434) (124 0.351) (126 0.311) 
     0.46931   (118 0.568) (120 -0.48) (124 0.32) (131 -0.309) 
     0.40373   (91 -0.957) 
      0.3934   (121 -0.423) (126 -0.469) (131 -0.457) 
     0.34169   (96 0.929) 
     0.32012   (96 -0.297) (101 -0.303) (104 0.754) 
      0.2918   (101 -0.751) (102 0.411) (104 -0.339) 
     0.26687   (98 0.367) (99 0.347) (101 0.333) (111 -0.376) (124 -0.344) 
     0.25043   (80 0.295) (86 0.673) 
     0.24768   (80 -0.426) (98 -0.443) (99 -0.41) 
     0.23029   (78 -0.394) (80 0.528) (86 -0.534) 
     0.18939   (108 0.498) (111 0.446) 
     0.15299   (90 0.706) (92 -0.401) (93 -0.314) 
     0.14968   (90 -0.447) (95 -0.507) (102 -0.375) 
      0.1225   (88 0.396) (92 0.495) (93 0.404) 
     0.11592   (88 -0.764) (90 0.324) (95 0.376) 
      0.1146   (87 0.587) (90 -0.288) (92 -0.351) (95 0.394) 
     0.11054   (70 0.377) (71 -0.361) (81 -0.357) (82 0.504) 
    0.099816   (70 -0.347) (79 -0.311) (87 -0.306) 
    0.097478   (63 -0.356) (65 0.273) (66 0.381) (68 -0.301) (76 0.262) (87 -0.256) 
    0.095292   (58 0.48) (63 0.443) 
    0.093645   (58 -0.635) (66 -0.297) 
    0.092105   (58 0.337) (63 -0.324) (95 -0.298) (102 0.305) 
    0.088459   (63 0.55) (68 -0.354) 
    0.086945   (63 -0.454) (65 -0.384) (66 -0.407) 
    0.083251   (65 0.684) (68 0.286) 
    0.076552   (62 -0.398) (64 -0.412) (66 0.398) (68 0.405) 
    0.072718   (62 0.579) (64 0.318) 
    0.068981   (62 -0.276) (66 -0.216) (68 -0.307) (79 0.259) (97 0.26) (108 0.234) (113 0.374) (114 -0.258) 
    0.066759   (62 0.237) (67 0.229) (68 0.219) (70 0.271) (73 -0.263) (77 0.351) (81 -0.287) (82 -0.249) (113 0.251) 
    0.065943   (64 0.512) (67 -0.419) 
    0.062943   (64 -0.545) (70 -0.294) 
    0.059629   (64 0.299) (67 0.599) (73 0.324) 
    0.056496   (61 -0.318) (67 -0.279) (70 0.297) (71 0.306) (81 0.277) (97 -0.333) 
    0.055254   (61 0.552) (62 0.325) (73 -0.319) (97 -0.301) 
    0.052468   (61 -0.525) (62 -0.314) (67 0.288) 
    0.052071   (85 0.456) (97 -0.276) (115 0.348) 
    0.050497   (29 0.68) (30 0.59) (39 0.335) 
    0.047076   (29 -0.256) (30 -0.231) (39 0.834) 
    0.041709   (39 -0.269) (74 0.325) (76 -0.318) (89 -0.305) (97 0.26) (115 0.433) 
    0.041285   (56 -0.56) (115 0.323) 
    0.039497   (51 -0.381) (56 0.369) (74 -0.347) (76 0.317) 
    0.036915   (32 0.323) (33 0.597) (37 0.51) 
    0.030611   (32 -0.301) (33 -0.611) (37 0.448) 
    0.029446   (34 -0.301) (37 -0.377) (51 0.298) (89 0.517) 
    0.028127   (34 0.817) (89 0.276) 
    0.027282   (34 -0.435) (51 -0.393) (56 -0.4) 
    0.025452   (129 0.862) (131 0.313) 
    0.023839   (128 -0.578) (150 0.772) 
    0.022678   (128 -0.577) (162 -0.801) 
    0.021118   (128 -0.577) (150 -0.616) (162 0.536) 
    0.018425   (20 -0.974) 
    0.016882   (139 0.997) 
