 1 1000
 2 545.835
 3 20.5862
 4 1000
 5 425.643
 6 299.697
 7 999.868
 8 3.13045
 9 993.82
 10 875.303
 11 2.47649
 12 794.813
 13 1000
 14 997.941
 15 0.825555
 16 1000
 17 997.287
 18 2.82181
 19 1000
 20 847.4
 21 150.586
 22 1000
 23 946.315
 24 53.3462
 25 237.786
 26 258.015
 27 14.4313
 28 985.289
 29 215.762
 30 238.486
 31 483.706
 32 50.3615
 33 852.73
 34 208.371
 35 147.727
 36 375.884
 37 988.573
 38 998.031
 39 3.4042
 40 602.763
 41 967.041
 42 1.72931
 43 496.051
 44 857.373
 45 14.7548
 46 997.832
 47 466.552
 48 536.018
 49 932.418
 50 205.317
 51 309.563
 52 169.797
 53 950.706
 54 278.198
 55 176.383
 56 213.73
 57 895.653
 58 95.0731
 59 161.766
 60 156.149
 61 21.7349
 62 1.72839
 63 512.459
 64 293.782
 65 1.79748
 66 499.219
 67 958.503
 68 43.5625
 69 999.975
 70 1000
 71 875.475
 72 124.817
 73 999.612
 74 2.96228
 75 998.276
 76 987.084
 77 4.06984
 78 914.885
 79 999.166
 80 33.9878
 81 964.556
 82 989.186
 83 317.199
 84 2.53125
 85 107.486
 86 2.22866
 87 990.031
 88 1.72925
 89 1.65211
 90 1.94109
 91 8.63216
 92 389.291
 93 819.314
 94 511.123
 95 803.969
 96 924.247
 97 313.712
 98 241.902
 99 124.944
 100 589.545
 101 923.624
 102 106.071
 103 151.206
 104 128.595
 105 124.778
 106 158.698
 107 161.599
 108 163.437
 109 117.627
 110 90.7987
 111 171.568
 112 203.223
 113 185.21
 114 167.415
 115 168.001
 116 131.94
 117 165.609
 118 185.556
 119 141.178
 120 81.6157
 121 119.663
 122 46.9802
 123 61.1408
 124 35.5723
 125 28.6818
 126 51.9123
 127 25.6078
 128 85.0259
 129 66.7071
 130 58.0321
 131 20.1156
 132 20.6775
 133 21.959
 134 35.1483
 135 8.61312
 136 44.9012
 137 9.72537
 138 9.08714
 139 9.22074
 140 10.6146
 141 11.1769
 142 8.54287
 143 9.18205
 144 14.8191
 145 15.083
 146 12.5686
 147 9.99272
 148 29.034
 149 15.7287
 150 11.9514
 151 13.9218
 152 23.1098
 153 19.7345
 154 13.2391
 155 19.8991
 156 24.0165
 157 46.9105
 158 0.264211
 159 0.144024
 160 0.354874
 161 22.6191
 162 23.0218
 163 375.887
 164 663.487
 165 5.77147
