 1 57166.5
 2 686.949
 3 25.6967
 4 178144
 5 530.218
 6 373.269
 7 575610
 8 44.2321
 9 18930.9
 10 2365.52
 11 4.61961
 12 1822.52
 13 273722
 14 3606.21
 15 0.847136
 16 375636
 17 3745.31
 18 8.20364
 19 124189
 20 2276.17
 21 402.703
 22 159922
 23 3362.47
 24 186.88
 25 255.511
 26 319.51
 27 17.7311
 28 2632.92
 29 266.482
 30 293.178
 31 514.58
 32 66.5692
 33 1132.93
 34 214.594
 35 166.873
 36 426.505
 37 1519.3
 38 3040.9
 39 7.03534
 40 973.042
 41 4330.98
 42 1.97558
 43 696.825
 44 1533.9
 45 25.4144
 46 5446.12
 47 1212.31
 48 1265.9
 49 1908.49
 50 207.336
 51 394.345
 52 215.101
 53 2961.96
 54 316.963
 55 238.226
 56 294.011
 57 1068.83
 58 96.2938
 59 176.273
 60 170.275
 61 21.8242
 62 1.729
 63 549.81
 64 295.062
 65 1.80584
 66 505.673
 67 3732.93
 68 161.011
 69 131343
 70 180263
 71 2229.58
 72 314.637
 73 16610.6
 74 25.8253
 75 17464.7
 76 8372.39
 77 7.39688
 78 2011.47
 79 8280.99
 80 104.306
 81 2774.78
 82 1577.74
 83 338.015
 84 2.60558
 85 137.798
 86 2.43979
 87 5632.1
 88 1.72944
 89 1.65212
 90 1.94129
 91 9.26157
 92 441.756
 93 1192.66
 94 712.81
 95 1296.99
 96 1708.51
 97 327.511
 98 249.967
 99 126.093
 100 676.193
 101 1395.74
 102 109.84
 103 153.52
 104 129.636
 105 125.416
 106 159.224
 107 162.31
 108 164.292
 109 118.427
 110 92.4449
 111 172.55
 112 204.048
 113 185.788
 114 167.732
 115 168.368
 116 132.564
 117 166.066
 118 185.756
 119 141.51
 120 82.31
 121 120.106
 122 47.3208
 123 61.8463
 124 35.7672
 125 29.1554
 126 52.2508
 127 26.7191
 128 87.5377
 129 67.9597
 130 58.9702
 131 20.3638
 132 20.8651
 133 22.2206
 134 36.0923
 135 8.78207
 136 45.1469
 137 9.97237
 138 9.293
 139 9.44785
 140 11.0165
 141 11.8497
 142 8.90915
 143 9.49832
 144 15.1536
 145 15.3025
 146 12.8091
 147 10.407
 148 29.9037
 149 16.1174
 150 12.1797
 151 14.1885
 152 23.5128
 153 20.3395
 154 13.5593
 155 20.1197
 156 24.157
 157 47.0834
 158 0.313806
 159 0.148674
 160 0.464851
 161 28.0373
 162 25.872
 163 986.414
 164 1174.89
 165 6.11831
