 1 31.6228
 2 22.802
 3 1.81092
 4 31.6228
 5 16.2293
 6 11.7731
 7 31.6199
 8 1.00572
 9 31.4673
 10 29.406
 11 0.98929
 12 27.947
 13 31.6228
 14 31.5832
 15 0.904401
 16 31.6228
 17 31.5469
 18 0.993855
 19 31.6228
 20 26.9953
 21 5.70391
 22 31.6228
 23 29.9926
 24 2.6563
 25 15.0014
 26 15.1575
 27 1.77853
 28 31.3359
 29 10.6162
 30 11.6265
 31 21.5453
 32 2.6168
 33 28.153
 34 14.2545
 35 7.24113
 36 16.657
 37 31.4209
 38 31.5666
 39 1.37215
 40 24.2675
 41 31.0219
 42 1.29053
 43 21.6527
 44 28.6991
 45 1.80696
 46 31.5648
 47 15.6578
 48 17.7399
 49 30.2939
 50 13.8877
 51 14.868
 52 8.75388
 53 30.6378
 54 16.4525
 55 9.73798
 56 11.333
 57 29.3483
 58 9.20036
 59 9.79749
 60 9.25801
 61 4.37658
 62 1.30881
 63 22.2769
 64 15.8622
 65 0.974692
 66 21.3885
 67 30.3701
 68 2.72786
 69 31.6221
 70 31.6228
 71 27.8901
 72 5.275
 73 31.614
 74 1.35176
 75 31.5744
 76 31.4023
 77 1.40157
 78 30.1553
 79 31.6039
 80 2.42689
 81 30.5871
 82 31.3947
 83 17.2768
 84 1.36669
 85 10.1488
 86 1.3789
 87 31.3953
 88 1.10974
 89 1.05318
 90 1.26556
 91 2.44212
 92 17.9717
 93 27.0066
 94 19.7676
 95 27.0427
 96 29.825
 97 16.5007
 98 13.9617
 99 9.20424
 100 23.3183
 101 30.0015
 102 9.27759
 103 11.682
 104 10.6125
 105 10.5096
 106 12.1871
 107 12.2199
 108 12.2554
 109 10.0721
 110 8.17864
 111 12.4105
 112 13.9058
 113 13.1845
 114 12.3861
 115 12.2277
 116 10.408
 117 12.0637
 118 12.9692
 119 11.1836
 120 8.38662
 121 10.5826
 122 6.66423
 123 7.66419
 124 5.4772
 125 5.13214
 126 6.91058
 127 4.53329
 128 8.69362
 129 7.40055
 130 7.0695
 131 4.14751
 132 4.44969
 133 4.56086
 134 5.83782
 135 2.69867
 136 6.62937
 137 2.91768
 138 2.86647
 139 2.8819
 140 3.10391
 141 3.08182
 142 2.69012
 143 2.82381
 144 3.70268
 145 3.77477
 146 3.40498
 147 2.92707
 148 5.19075
 149 3.79839
 150 3.29002
 151 3.55031
 152 4.6996
 153 4.32169
 154 3.52292
 155 4.37752
 156 4.81784
 157 6.78789
 158 0.216533
 159 0.297386
 160 0.268214
 161 3.7406
 162 4.31549
 163 17.0352
 164 24.407
 165 0.533471
