 Smallest eigenvalues
  1.6887e-06   (9 -1) 
  2.6622e-06   (47 0.653) (50 -0.373) (48 -0.279) (46 0.268) (45 -0.221) (53 0.208) (42 -0.197) (154 -0.186) (43 0.146) (40 0.138) (13 0.13) (36 0.119) (77 -0.114) (54 0.105) (37 -0.0534) (24 0.0525) (60 0.0516) (38 -0.0424) (44 0.0415) (17 -0.0335) (58 0.0317) (32 0.0296) (31 0.0278) (78 0.0264) (26 0.0258) (73 -0.0256) (56 0.023) (25 -0.0207) (28 -0.0194) (14 0.019) (51 -0.0189) (39 -0.0185) (52 0.0177) (23 -0.0177) (41 -0.0175) (57 0.0165) (11 -0.0159) (35 -0.0154) (49 0.0149) (71 -0.0146) (21 0.0132) (68 0.013) (16 0.0127) (83 -0.0118) (72 0.0112) (30 -0.0103) 
  3.6533e-06   (154 -0.983) (47 -0.123) (50 0.0705) (48 0.0528) (46 -0.0508) (45 0.0418) (53 -0.0392) (42 0.0374) (43 -0.0277) (40 -0.0261) (13 -0.0247) (36 -0.0225) (77 0.0212) (54 -0.0197) (37 0.0101) 
  5.5475e-06   (5 1) 
  5.6134e-06   (148 0.642) (43 -0.484) (42 -0.379) (45 0.31) (40 0.181) (36 0.136) (44 0.131) (13 0.106) (46 -0.0918) (77 -0.071) (37 -0.0639) (24 0.0512) (48 -0.0452) (26 0.0358) (51 0.0339) (38 -0.0316) (32 0.03) (41 -0.0296) (17 -0.0278) (60 0.0239) (39 -0.0229) (52 0.0214) (31 0.02) (23 -0.0175) (16 0.0168) (56 0.0164) (25 -0.0156) (14 0.0154) (73 -0.0137) (11 -0.0134) (35 -0.0134) (54 0.0127) (53 -0.0115) (55 -0.0104) 
   6.253e-06   (148 0.766) (43 0.406) (42 0.318) (45 -0.26) (40 -0.152) (36 -0.114) (44 -0.11) (13 -0.089) (46 0.077) (77 0.0594) (37 0.0536) (24 -0.0429) (48 0.0379) (26 -0.03) (51 -0.0284) (38 0.0265) (32 -0.0252) (41 0.0248) (17 0.0234) (60 -0.02) (39 0.0192) (52 -0.0179) (31 -0.0167) (23 0.0147) (16 -0.0141) (56 -0.0137) (25 0.0131) (14 -0.0129) (73 0.0115) (11 0.0112) (35 0.0112) (54 -0.0106) 
    7.61e-06   (1 0.986) (27 0.119) (26 0.0691) (24 0.0555) (36 -0.0461) (13 0.0291) (32 -0.0225) (40 -0.0222) (25 -0.0217) (31 -0.0156) (37 0.0152) (29 0.0152) (23 -0.0117) (17 -0.0108) 
  8.0523e-06   (156 0.999) (27 0.0325) (26 0.0191) (24 0.016) (36 -0.012) (13 0.0117) 
  1.7493e-05   (27 -0.683) (26 -0.401) (24 -0.336) (36 0.253) (13 -0.245) (1 0.167) (32 0.125) (25 0.124) (40 0.122) (31 0.0982) (29 -0.088) (37 -0.0844) (17 0.0767) (23 0.0736) (16 -0.0664) (28 0.0564) (77 0.0507) (156 0.0476) (20 -0.0445) (30 0.0416) (21 -0.0394) (35 -0.0325) (42 -0.0297) (14 -0.0297) (11 0.0256) (33 0.0239) (39 -0.0226) (15 -0.0215) (38 -0.0204) (19 0.0175) (60 -0.0174) (22 0.0155) (48 0.0149) (41 -0.0144) (49 0.0138) (47 0.0136) (55 0.0121) (43 0.012) (79 0.0117) (73 0.0115) (12 -0.0101) 
  3.3819e-05   (19 0.708) (43 0.4) (20 -0.261) (46 -0.247) (45 0.246) (21 0.199) (42 -0.168) (44 -0.143) (36 0.115) (40 0.0897) (24 0.0859) (47 -0.0737) (50 -0.0579) (48 -0.0535) (77 -0.0528) (38 -0.047) (25 -0.0401) (26 0.038) (28 -0.0345) (35 -0.032) (49 0.0302) (52 0.0273) (27 0.027) (74 -0.0266) (22 0.0252) (31 0.0245) (32 0.0207) (60 0.0197) (72 0.0193) (33 0.0189) (63 -0.0163) (79 0.0155) (30 0.0153) (67 -0.0152) (69 0.0145) (16 0.0142) (39 -0.014) (78 0.0128) (41 -0.0128) (68 0.0124) (75 -0.0101) 
  0.00010486   (157 -0.999) (19 -0.0251) (43 0.023) (45 0.0149) (46 -0.0126) 
   0.0001101   (19 0.547) (43 -0.521) (45 -0.337) (46 0.287) (20 -0.212) (44 0.192) (42 0.191) (40 -0.145) (21 0.142) (13 -0.139) (36 -0.11) (47 0.102) (77 0.0843) (50 0.0681) (48 0.0491) (157 -0.0447) (17 0.0382) (22 0.0316) (37 0.0301) (60 -0.0298) (38 0.0297) (23 0.0274) (34 0.0254) (26 -0.025) (28 -0.023) (55 0.0225) (74 0.0222) (56 -0.0216) (58 -0.0196) (39 0.0196) (32 -0.0188) (27 0.0181) (14 -0.0175) (33 -0.0174) (72 -0.0174) (11 0.017) (16 -0.0158) (52 -0.0148) (75 0.0146) (67 0.0146) (30 -0.014) (57 0.0136) (29 -0.0131) (68 -0.0129) (63 0.0127) (73 0.0125) (69 -0.0123) (82 -0.0121) (41 -0.011) 
  0.00013381   (3 1) 
  0.00016249   (23 -0.646) (24 -0.497) (13 0.363) (17 -0.236) (20 -0.183) (25 0.144) (21 0.144) (22 -0.129) (26 -0.106) (28 0.0887) (31 -0.0877) (36 -0.0718) (14 0.0667) (40 -0.0657) (42 0.0471) (37 0.046) (27 0.0443) (11 -0.0418) (32 -0.0399) (45 0.0353) (38 0.0346) (15 0.0239) (29 -0.0203) (77 -0.0186) (33 0.0173) (12 0.0167) (51 0.0152) (46 -0.015) (57 0.0137) (30 0.0133) (43 -0.012) (39 0.0108) (44 -0.0105) 
  0.00017575   (159 -1) 
  0.00021854   (2 -1) 
  0.00024557   (21 -0.752) (23 0.341) (13 0.32) (17 -0.299) (19 0.208) (24 -0.175) (20 -0.122) (22 0.0762) (36 -0.062) (16 0.0608) (14 0.0588) (25 0.0581) (26 -0.0559) (40 -0.0496) (158 -0.0442) (11 -0.0368) (32 -0.0331) (37 0.0325) (28 0.0317) (31 -0.029) (15 0.0263) (29 -0.0261) (27 0.0231) (42 0.0186) (77 -0.017) (33 0.0164) (46 -0.0153) (38 0.0141) (12 0.0141) (35 0.0129) (45 0.0113) 
  0.00026124   (158 -0.999) (21 0.0333) (23 -0.0151) (13 -0.0142) (17 0.0132) 
  0.00029307   (8 1) 
  0.00030174   (26 -0.708) (24 0.396) (150 -0.387) (25 -0.302) (13 0.175) (30 0.124) (36 -0.121) (23 -0.0887) (17 -0.0814) (40 -0.0734) (32 -0.0556) (37 0.0507) (16 0.0504) (20 0.0433) (22 -0.0361) (53 0.0334) (51 -0.0277) (47 -0.0255) (14 0.025) (21 0.0242) (50 -0.0226) (15 0.0206) (77 -0.0201) (45 0.0193) (29 -0.0188) (11 -0.0166) (34 -0.0159) (35 0.0137) (54 0.0136) (39 0.0127) (41 0.0124) (43 -0.0115) (76 -0.0107) 
  0.00030439   (150 -0.922) (26 0.298) (24 -0.167) (25 0.127) (13 -0.0733) (30 -0.0521) (36 0.0508) (23 0.0372) (17 0.0342) (40 0.0308) (32 0.0233) (37 -0.0213) (16 -0.0212) (20 -0.0182) (22 0.0152) (53 -0.014) (51 0.0116) (47 0.0107) (14 -0.0105) (21 -0.0102) 
  0.00032135   (6 -1) 
   0.0003263   (20 0.472) (21 0.465) (23 0.396) (22 0.331) (13 0.27) (24 -0.247) (153 -0.229) (17 -0.217) (25 0.124) (36 -0.0871) (19 0.0858) (16 0.0857) (26 -0.076) (40 -0.0694) (14 0.0517) (32 -0.0459) (15 0.0398) (37 0.0281) (11 -0.0261) (77 -0.0235) (29 -0.022) (31 0.0201) (30 0.016) (39 0.0142) (73 -0.0139) (41 0.0133) (35 0.0132) (46 -0.0128) (45 0.0127) (53 0.0119) (51 -0.0116) 
  0.00036259   (153 -0.973) (20 -0.111) (21 -0.109) (23 -0.0932) (22 -0.0779) (13 -0.0635) (24 0.0581) (17 0.0511) (25 -0.0292) (36 0.0204) (19 -0.0202) (16 -0.0202) (26 0.0179) (40 0.0163) (14 -0.0122) (32 0.0108) 
  0.00037726   (73 -0.705) (57 -0.43) (58 -0.248) (60 -0.224) (77 0.174) (65 0.173) (70 0.156) (42 -0.143) (51 -0.137) (74 -0.105) (69 0.105) (55 -0.0973) (45 -0.0933) (31 0.0609) (71 -0.0589) (56 0.0547) (72 0.0516) (47 -0.05) (59 0.0486) (36 -0.0451) (79 0.0408) (20 -0.0391) (38 -0.0344) (52 -0.0335) (44 0.0327) (54 -0.0322) (43 0.0312) (16 -0.0297) (50 0.0285) (48 -0.0274) (13 0.0268) (68 -0.0259) (100 0.0231) (122 0.0225) (49 -0.0225) (37 -0.0217) (89 -0.0214) (41 0.0187) (104 0.0186) (78 -0.0179) (66 -0.0176) (115 -0.0175) (28 -0.0173) (124 0.0165) (91 -0.0162) (75 0.016) (63 0.0158) (109 0.0155) (83 -0.015) (99 -0.0149) (61 -0.0144) (88 0.014) (118 0.014) (19 -0.0136) (76 -0.0135) (46 0.013) (126 0.0126) (24 -0.0114) (90 -0.0113) 
  0.00041415   (73 0.634) (57 -0.407) (58 -0.291) (65 0.25) (152 -0.218) (60 -0.21) (42 -0.177) (69 0.167) (45 -0.148) (51 -0.138) (68 -0.119) (13 0.0817) (31 0.078) (74 0.0718) (70 0.07) (47 -0.0698) (56 0.0697) (55 -0.0668) (49 0.063) (59 0.0589) (38 -0.0571) (37 -0.0522) (72 -0.0516) (54 -0.0495) (43 0.0477) (44 0.0445) (77 -0.0418) (46 0.0381) (50 0.0347) (28 -0.0315) (79 -0.0309) (20 -0.0308) (16 -0.029) (41 0.0266) (53 -0.026) (122 -0.023) (66 -0.0229) (118 0.0225) (63 0.0216) (19 -0.0198) (21 0.019) (17 -0.0184) (115 -0.018) (61 -0.018) (83 -0.0176) (71 0.0175) (121 -0.017) (119 -0.017) (48 0.0166) (91 -0.0162) (116 0.0158) (127 0.0155) (125 -0.0144) (89 -0.0142) (126 -0.014) (84 0.0135) (99 -0.0126) (135 0.0125) (62 -0.0123) (14 0.0113) (67 0.0108) (104 0.0105) (130 0.0105) (11 -0.0104) 
   0.0004675   (152 -0.976) (73 -0.135) (57 0.0956) (58 0.0675) (65 -0.0575) (60 0.049) (42 0.0416) (69 -0.0381) (45 0.0344) (51 0.0325) (68 0.0267) (13 -0.0188) (31 -0.0184) (70 -0.017) (47 0.0163) (56 -0.0162) (55 0.0161) (74 -0.015) (49 -0.0139) (59 -0.0136) (38 0.0133) (37 0.012) (54 0.0115) (43 -0.0111) (72 0.011) (44 -0.0104) 
   0.0004743   (25 0.881) (24 0.417) (26 -0.114) (51 -0.0773) (53 -0.0755) (23 -0.0668) (13 0.0599) (55 0.0598) (54 0.0546) (45 -0.0354) (56 -0.0344) (57 0.0341) (20 -0.0311) (28 -0.0262) (40 -0.025) (49 0.0247) (42 -0.024) (17 -0.0235) (16 0.0228) (52 -0.0219) (31 0.0179) (77 -0.0168) (47 -0.0157) (48 0.0153) (27 -0.0141) (60 0.0128) (22 0.0123) (50 0.012) (46 0.0106) 
  0.00048352   (147 0.725) (51 -0.352) (53 -0.308) (55 0.255) (54 0.22) (56 -0.161) (45 -0.144) (42 -0.138) (57 0.125) (52 -0.115) (25 -0.106) (49 0.0676) (13 0.0582) (50 0.0561) (60 0.0527) (47 -0.0521) (31 0.0486) (43 0.0434) (48 0.042) (37 -0.0382) (24 -0.0368) (40 0.0349) (58 0.0346) (73 -0.0343) (44 0.0336) (38 -0.0322) (46 0.0306) (77 -0.0287) (26 0.0256) (36 0.0241) (16 -0.0148) (41 0.0128) (28 -0.0121) (20 -0.0118) (17 -0.0114) (19 -0.0111) (22 -0.0102) 
  0.00049595   (147 0.689) (51 0.371) (53 0.324) (55 -0.269) (54 -0.232) (56 0.17) (45 0.152) (42 0.146) (57 -0.132) (52 0.121) (25 0.107) (49 -0.0713) (13 -0.0616) (50 -0.0591) (60 -0.0555) (47 0.0549) (31 -0.0513) (43 -0.0457) (48 -0.0443) (37 0.0402) (24 0.0367) (40 -0.0367) (58 -0.0365) (73 0.0361) (44 -0.0354) (38 0.034) (46 -0.0323) (77 0.0301) (26 -0.0264) (36 -0.0254) (16 0.0155) (41 -0.0135) (28 0.0129) (20 0.0126) (17 0.0121) (19 0.0117) (22 0.0107) (70 -0.0104) (14 -0.0103) 
  0.00053275   (54 -0.738) (40 0.295) (52 -0.293) (55 0.243) (51 -0.216) (53 0.215) (57 0.163) (36 -0.154) (37 0.145) (42 -0.13) (45 -0.108) (38 0.108) (50 0.067) (60 0.0507) (56 0.0505) (77 -0.046) (43 0.0342) (39 -0.029) (70 0.0272) (44 0.0254) (49 0.0234) (47 -0.0218) (69 0.0168) (151 -0.0162) (32 -0.0159) (58 0.0158) (25 0.0154) (20 -0.0153) (48 0.0144) (73 -0.014) (35 0.0119) 
  0.00059434   (151 -0.973) (40 -0.145) (37 -0.0988) (36 0.0926) (38 -0.0725) (54 -0.061) (31 0.0288) (13 0.0252) (52 -0.0218) (51 -0.0197) (53 0.0181) (55 0.0161) (39 0.0159) (57 0.0149) (49 -0.0147) (24 0.0115) (32 0.0113) (42 0.0109) (77 -0.0109) (26 0.01) 
  0.00060798   (40 0.591) (37 0.408) (36 -0.381) (54 0.31) (38 0.299) (151 -0.23) (31 -0.122) (52 0.113) (13 -0.107) (51 0.099) (53 -0.0917) (55 -0.0853) (57 -0.0742) (39 -0.0653) (49 0.061) (77 0.0495) (24 -0.0482) (32 -0.0466) (26 -0.0419) (25 0.0372) (42 -0.0371) (73 0.0362) (60 -0.0331) (22 0.0308) (45 -0.0298) (48 0.0268) (56 -0.0259) (17 0.0216) (35 0.0192) (19 0.0186) (41 -0.0179) (43 0.0172) (14 -0.0169) (50 -0.0162) (27 -0.0156) (20 0.0147) (46 0.0137) (28 0.0135) (58 -0.0123) (11 0.012) (70 -0.0115) (65 0.0112) (68 -0.0108) (23 0.0104) 
  0.00064651   (69 -0.656) (70 -0.636) (57 -0.229) (71 0.172) (68 0.15) (51 -0.122) (49 -0.118) (58 -0.0747) (60 -0.0708) (42 -0.0652) (48 -0.0371) (54 -0.0356) (31 0.0343) (36 -0.0327) (52 -0.0294) (149 0.0288) (20 -0.0268) (83 -0.0264) (55 -0.0253) (45 -0.0238) (84 0.0198) (125 -0.0185) (74 -0.018) (89 -0.0176) (100 0.0173) (75 -0.0169) (16 -0.0169) (115 -0.0151) (38 -0.015) (127 0.0149) (104 0.0148) (13 0.0146) (122 0.014) (59 0.014) (67 -0.0134) (79 -0.0134) (97 -0.0134) (91 -0.0132) (88 0.0127) (41 0.0125) (40 0.0121) (78 0.012) (124 0.0115) (56 0.0105) (118 0.0104) (90 0.0104) (107 -0.0103) (46 -0.0102) (44 0.0101) 
  0.00066135   (149 0.849) (49 0.401) (51 0.183) (45 -0.131) (48 0.111) (42 -0.11) (50 0.0812) (47 -0.0807) (53 0.0694) (55 -0.0496) (46 0.049) (13 0.0473) (73 -0.0459) (43 0.0447) (44 0.0415) (69 -0.0411) (37 -0.0391) (36 0.0344) (31 0.0325) (77 -0.0322) (38 -0.0308) (58 0.0305) (57 0.0282) (70 -0.0228) (68 0.0227) (65 -0.0206) (52 0.0177) (56 -0.0175) (60 0.0155) (28 -0.0126) (25 -0.0114) (24 0.0111) (22 -0.0105) 
  0.00071719   (49 -0.638) (149 0.528) (51 -0.288) (45 0.212) (42 0.18) (48 -0.176) (50 -0.131) (47 0.13) (53 -0.111) (69 0.102) (55 0.0813) (46 -0.0781) (13 -0.0769) (73 0.0741) (43 -0.0724) (70 0.0714) (44 -0.0672) (37 0.0633) (31 -0.0544) (36 -0.0532) (77 0.0523) (38 0.0504) (68 -0.0448) (58 -0.0448) (65 0.033) (57 -0.0322) (56 0.0275) (52 -0.0266) (60 -0.0209) (28 0.0206) (24 -0.0178) (25 0.0178) (22 0.0167) (17 0.0159) (79 0.0154) (19 0.0152) (16 0.0126) (71 -0.0125) (14 -0.0122) (21 -0.0122) (41 -0.012) (121 0.0114) (32 -0.0111) (72 -0.011) (59 0.0104) (20 0.01) 
  0.00077174   (38 -0.614) (39 -0.535) (36 -0.31) (20 -0.233) (40 0.183) (23 0.173) (42 0.17) (22 -0.13) (37 -0.129) (21 0.117) (19 -0.103) (16 -0.0758) (41 -0.0757) (31 0.0722) (13 0.0703) (45 0.0612) (35 0.04) (33 0.0385) (51 0.036) (32 -0.0309) (57 0.0303) (17 -0.0273) (24 -0.0262) (43 -0.0257) (25 0.0232) (44 -0.021) (47 0.0196) (55 0.0195) (26 -0.019) (77 0.0113) 
  0.00081128   (20 -0.504) (23 0.472) (22 -0.375) (21 0.308) (38 0.26) (19 -0.24) (31 -0.199) (39 0.182) (13 0.174) (36 0.122) (16 -0.105) (28 0.0898) (37 0.0888) (17 -0.0819) (40 -0.0629) (143 0.0405) (14 0.0258) (35 -0.0225) (11 -0.0207) (33 -0.0202) (26 -0.0196) (30 0.019) (25 0.0175) (45 0.0132) (32 0.0128) (49 -0.0123) (27 -0.0111) (42 0.011) (41 0.0106) 
  0.00084884   (143 0.999) (20 0.0215) (23 -0.0199) (142 -0.0185) (22 0.0158) (21 -0.013) (19 0.0102) 
  0.00089153   (49 -0.481) (51 0.41) (42 -0.381) (45 -0.322) (47 -0.314) (16 -0.262) (50 -0.246) (57 0.131) (48 0.113) (17 0.109) (55 0.108) (13 0.105) (36 -0.101) (41 0.0919) (43 0.0818) (56 -0.0743) (31 0.074) (44 0.0737) (40 -0.053) (38 -0.0523) (77 0.048) (52 0.0388) (46 0.0324) (24 -0.0313) (58 0.0287) (60 0.027) (39 0.0217) (37 -0.0205) (32 -0.0187) (35 0.0168) (25 0.0162) (28 -0.0161) (14 0.0161) (33 0.0148) (69 0.0142) (26 -0.0142) (54 0.0135) (53 0.0124) (68 -0.0124) (19 0.0114) (83 -0.0114) (11 -0.0111) (118 0.0108) (21 -0.0102) (114 0.01) 
   0.0010797   (16 -0.775) (17 0.395) (13 0.3) (20 0.177) (42 0.154) (49 0.128) (45 0.116) (19 0.108) (31 -0.108) (51 -0.0985) (47 0.094) (21 -0.0696) (50 0.0641) (14 0.0564) (28 0.0498) (38 0.0391) (41 -0.0346) (11 -0.0336) (37 0.0334) (43 -0.0326) (48 -0.0324) (44 -0.0297) (36 0.0293) (22 0.0288) (57 -0.0263) (55 -0.0248) (56 0.0173) (26 -0.0158) (46 -0.0149) (25 0.0144) (77 -0.0139) (12 0.0133) (40 0.0122) (52 -0.0118) (30 0.0115) 
   0.0013109   (146 -1) 
   0.0014775   (55 -0.711) (31 0.394) (56 -0.386) (57 0.25) (51 -0.213) (33 -0.144) (32 -0.0776) (37 0.0738) (54 -0.0729) (52 -0.0716) (28 -0.0687) (49 -0.0667) (20 -0.0656) (38 0.0569) (48 -0.0541) (13 0.0494) (16 -0.0489) (77 0.0466) (47 -0.0427) (58 0.0345) (42 -0.034) (60 0.0305) (45 -0.0288) (19 -0.0287) (35 -0.0249) (30 -0.0235) (73 0.0234) (50 0.0217) (53 0.0211) (68 -0.0203) (72 0.0202) (69 0.0195) (65 0.0152) (44 0.015) (139 0.0135) (24 -0.0133) (36 -0.0129) (79 0.0119) (21 0.0112) (22 -0.0101) 
   0.0015286   (31 0.722) (55 0.344) (33 -0.322) (42 0.193) (56 0.172) (37 0.167) (38 0.16) (51 0.147) (32 -0.136) (139 0.117) (28 -0.116) (13 0.105) (36 0.0993) (57 -0.0927) (45 0.0813) (35 -0.0734) (20 -0.0657) (41 -0.0494) (16 -0.0451) (52 0.042) (40 0.042) (30 -0.0398) (19 -0.0392) (54 0.0375) (47 0.0313) (43 -0.0298) (44 -0.0279) (17 -0.0274) (22 -0.0269) (48 0.0254) (39 -0.0249) (77 -0.0244) (50 -0.0214) (26 0.0213) (21 0.0203) (25 -0.0195) (73 -0.0186) (49 0.0178) (27 0.0177) (14 0.0139) (11 -0.0129) (58 -0.011) (60 -0.0102) 
   0.0015727   (139 0.993) (31 -0.0907) (33 0.0399) (55 -0.0308) (42 -0.022) (37 -0.0206) (38 -0.0195) (32 0.0172) (56 -0.0151) (28 0.0147) (51 -0.0142) (135 0.0137) (13 -0.0132) (36 -0.0114) 
   0.0016995   (14 -0.865) (32 0.371) (15 -0.213) (13 0.201) (28 -0.0768) (33 0.0749) (36 -0.0699) (31 0.0651) (37 0.0423) (134 -0.0366) (40 -0.0318) (38 0.0279) (42 0.0229) (17 -0.0164) (34 0.0146) (72 -0.0142) (44 -0.0119) (25 -0.0119) (45 0.0115) 
   0.0018502   (134 -0.731) (32 0.557) (14 0.299) (33 0.116) (31 0.11) (36 -0.106) (28 -0.102) (15 0.0765) (37 0.0607) (38 0.0427) (40 -0.039) (24 0.0324) (42 0.0318) (26 0.0254) (34 0.0232) (17 -0.0228) (44 -0.0149) (13 0.0145) (29 0.0138) (25 -0.0131) (52 -0.0126) (35 0.0124) (45 0.0122) (43 -0.0121) (30 -0.012) (19 -0.0118) (77 -0.0101) 
   0.0019095   (134 -0.681) (32 -0.617) (14 -0.274) (33 -0.128) (31 -0.122) (36 0.117) (28 0.113) (15 -0.0706) (37 -0.0674) (38 -0.0473) (40 0.0435) (42 -0.0353) (24 -0.0348) (26 -0.0278) (13 -0.0264) (34 -0.0257) (17 0.0254) (44 0.0166) (29 -0.0154) (25 0.0146) (52 0.0137) (35 -0.0137) (45 -0.0136) (30 0.0134) (43 0.0133) (19 0.0123) (77 0.0111) (51 -0.011) (23 0.0107) (21 -0.0105) 
   0.0019577   (28 -0.88) (52 -0.262) (31 -0.201) (29 0.167) (32 -0.123) (54 0.099) (53 0.0859) (24 -0.0835) (30 -0.0802) (26 -0.0713) (46 -0.0671) (68 0.0656) (51 0.0561) (36 0.0552) (70 0.0501) (27 -0.0435) (50 0.0412) (69 -0.0371) (47 0.0347) (16 -0.0346) (20 -0.0327) (48 0.0306) (19 -0.0295) (71 -0.0294) (49 -0.0289) (44 -0.0274) (72 0.0272) (33 -0.0241) (60 -0.0225) (39 -0.0216) (34 -0.019) (42 0.0189) (38 0.0186) (73 0.0184) (45 0.0182) (15 0.0178) (74 0.0174) (43 -0.0166) (58 -0.0152) (41 0.0151) (35 0.0147) (37 -0.0146) (56 -0.0129) (17 -0.0121) (132 -0.0119) (66 -0.0117) (82 -0.0112) (77 0.0107) (61 -0.0106) (57 -0.0102) 
   0.0020692   (68 0.605) (70 0.432) (69 -0.317) (71 -0.264) (52 0.23) (132 -0.192) (72 0.187) (74 0.154) (78 -0.123) (73 0.111) (77 0.111) (46 0.1) (67 -0.0921) (51 -0.0912) (54 -0.0901) (131 -0.083) (58 0.0781) (53 -0.0676) (65 -0.0657) (63 -0.0645) (57 -0.0566) (66 -0.0523) (42 -0.049) (56 0.0473) (60 -0.0457) (83 -0.0455) (82 -0.0386) (55 -0.0335) (87 0.0321) (80 -0.0301) (43 0.0263) (31 0.0243) (109 -0.0224) (48 0.022) (107 -0.022) (41 0.0208) (49 -0.0204) (75 0.0199) (36 -0.0181) (47 -0.0176) (118 -0.0166) (96 -0.0163) (44 0.0163) (76 0.0157) (108 0.0154) (61 -0.0141) (45 0.014) (92 0.0132) (38 -0.0126) (79 -0.0125) (16 -0.0112) (91 -0.0103) 
   0.0023178   (52 0.571) (132 -0.521) (28 -0.255) (54 -0.236) (53 -0.205) (68 -0.202) (131 -0.175) (70 -0.173) (46 0.16) (69 0.125) (51 -0.116) (47 -0.0909) (72 -0.0886) (48 -0.0882) (71 0.0863) (58 0.0796) (60 0.0735) (73 -0.0691) (50 -0.0612) (44 0.0612) (74 -0.0561) (31 -0.0495) (56 0.0487) (49 0.0446) (29 0.0442) (43 0.0362) (66 0.0324) (77 -0.0316) (57 0.0297) (24 -0.0291) (41 -0.0278) (82 0.0272) (67 0.0253) (78 0.0252) (61 0.0246) (36 0.0221) (84 -0.0221) (63 0.022) (26 -0.0219) (34 -0.0214) (65 0.021) (83 0.0197) (13 0.0182) (30 -0.0179) (59 -0.0172) (16 -0.0161) (19 -0.0159) (20 -0.0144) (75 -0.0141) (27 -0.0134) (32 -0.0131) (115 0.013) (118 -0.0127) (92 0.0126) (39 -0.0118) (79 0.0112) (17 -0.0109) (100 -0.0106) (14 0.0104) (107 0.01) (91 -0.01) 
   0.0024247   (132 -0.775) (52 -0.443) (131 -0.232) (28 0.186) (54 0.182) (53 0.156) (46 -0.134) (51 0.102) (58 -0.0738) (47 0.0656) (48 0.0534) (44 -0.0453) (56 -0.0451) (50 0.0426) (60 -0.0376) (29 -0.0338) (43 -0.0312) (31 0.0305) (49 -0.0244) (24 0.023) (68 -0.0197) (73 0.018) (84 0.0168) (26 0.0163) (42 0.0153) (34 0.0149) (16 0.0145) (78 0.0139) (13 -0.0136) (41 0.0131) (20 0.013) (30 0.0129) (61 -0.0128) (59 0.0119) (19 0.0117) (72 0.0116) (92 -0.0112) (36 -0.0111) (45 -0.0105) 
   0.0025309   (22 0.801) (20 -0.439) (56 -0.23) (19 -0.213) (24 0.0785) (55 0.0766) (16 -0.0713) (15 -0.0713) (57 -0.0712) (31 -0.0708) (23 -0.0685) (25 -0.0638) (51 0.0619) (42 0.0545) (36 0.0481) (21 0.0481) (45 0.0392) (28 0.0389) (29 0.0389) (54 -0.0378) (11 -0.0308) (13 0.0266) (47 0.0259) (52 0.0223) (77 -0.0218) (18 0.0217) (50 -0.0212) (14 0.0208) (44 -0.0195) (33 -0.0193) (60 -0.0185) (49 0.0184) (27 -0.0171) (32 0.015) (70 0.0149) (125 -0.0137) (41 0.013) (35 -0.0119) (121 0.0115) (119 0.0113) (43 -0.0112) (38 0.0106) (68 0.0102) (37 0.0102) (39 0.0101) 
   0.0026104   (60 0.847) (56 0.346) (58 -0.254) (55 -0.139) (77 0.115) (22 0.0983) (57 -0.0849) (54 0.0752) (45 -0.0741) (20 -0.0722) (51 -0.069) (47 -0.0609) (50 0.0604) (52 -0.0597) (133 0.0437) (59 0.0417) (79 0.0358) (68 0.0303) (19 -0.0299) (108 -0.0283) (49 -0.0281) (65 0.0273) (42 -0.0235) (125 -0.0231) (63 -0.0228) (44 0.0223) (16 -0.0221) (72 -0.0217) (70 0.0205) (15 -0.0166) (78 -0.016) (31 0.0159) (83 0.0158) (84 -0.0156) (121 -0.0156) (71 -0.0142) (107 0.0133) (109 0.0128) (61 -0.0125) (69 -0.0123) (75 0.0122) (99 -0.0114) (64 -0.0112) (90 -0.01) 
   0.0027049   (133 0.736) (56 0.481) (57 0.256) (60 -0.252) (55 -0.127) (22 0.126) (51 -0.108) (20 -0.0918) (58 0.0846) (54 0.0836) (48 0.0819) (42 -0.0774) (41 0.0561) (45 -0.0406) (19 -0.0391) (70 -0.0326) (50 0.0315) (68 -0.0309) (36 -0.0298) (16 -0.0291) (53 -0.0269) (77 0.0259) (31 0.0231) (52 -0.0216) (47 0.0215) (46 -0.0203) (40 -0.0187) (71 0.0184) (44 -0.0183) (83 -0.0164) (84 0.0147) (65 -0.0146) (38 -0.0146) (125 0.0121) (49 -0.0115) (118 0.0111) (123 0.0109) (39 0.0104) (29 0.0104) (59 -0.0103) 
    0.002867   (133 0.675) (56 -0.546) (57 -0.272) (60 0.219) (55 0.148) (22 -0.144) (51 0.122) (20 0.105) (54 -0.0959) (48 -0.0891) (42 0.0857) (58 -0.0751) (41 -0.0603) (45 0.0494) (19 0.0445) (125 -0.0409) (50 -0.0384) (77 -0.0348) (70 0.0343) (16 0.0331) (36 0.0326) (68 0.0318) (53 0.0291) (52 0.0276) (31 -0.0262) (46 0.0215) (40 0.0198) (123 -0.0196) (71 -0.0192) (47 -0.0189) (44 0.0182) (83 0.0174) (38 0.0164) (84 -0.0156) (49 0.0145) (65 0.0142) (118 -0.0138) (127 0.0126) (119 0.012) (107 0.0117) (39 -0.0113) (29 -0.011) (15 0.0109) (21 -0.0102) 
   0.0034719   (39 0.758) (38 -0.404) (65 0.291) (40 0.265) (36 -0.146) (42 0.144) (41 -0.1) (84 -0.0946) (83 0.0935) (58 0.0831) (31 0.0712) (37 -0.0681) (57 0.0626) (51 0.0381) (28 -0.0379) (45 0.0377) (86 -0.0363) (48 -0.03) (15 0.0275) (68 0.027) (20 -0.0238) (69 -0.0231) (60 0.0222) (96 -0.0202) (59 -0.0198) (54 0.018) (90 0.0178) (16 -0.0174) (77 -0.017) (73 -0.0168) (129 0.0166) (55 0.0161) (29 0.0159) (109 -0.0149) (61 0.014) (24 -0.0138) (53 0.0121) (66 -0.0118) (43 -0.0113) (22 -0.0113) (91 -0.0106) (35 0.0105) (63 0.0101) 
   0.0038798   (83 0.622) (84 -0.598) (65 -0.318) (129 0.266) (86 -0.155) (130 -0.0821) (58 -0.0793) (90 0.0778) (57 -0.066) (85 0.056) (60 -0.056) (77 -0.0557) (109 -0.0527) (91 -0.0473) (107 -0.0438) (42 -0.0429) (96 -0.0347) (51 -0.0333) (55 -0.0292) (87 -0.0292) (103 -0.0268) (45 -0.0266) (115 -0.0261) (116 0.024) (89 -0.0239) (112 0.0233) (72 -0.0227) (114 0.0226) (39 -0.0217) (41 0.0215) (118 0.0208) (124 0.0193) (59 0.0193) (97 -0.019) (93 -0.0184) (56 0.0171) (104 0.0171) (52 -0.0171) (31 0.0164) (102 0.0161) (108 0.0155) (49 -0.0154) (113 -0.0148) (61 -0.0145) (79 0.0144) (126 0.0137) (100 0.0137) (119 -0.0134) (110 0.0133) (66 0.0131) (70 0.0129) (101 -0.0128) (71 -0.0127) (94 -0.0119) (127 0.0119) (106 0.0117) (63 -0.0114) (20 -0.0107) (36 -0.0106) 
   0.0039291   (129 0.606) (65 -0.558) (84 0.281) (83 -0.279) (39 0.196) (130 -0.193) (58 -0.121) (38 -0.11) (48 -0.0797) (40 0.0784) (86 0.0784) (57 -0.0754) (68 -0.0648) (69 0.0619) (47 -0.0538) (77 0.0531) (41 -0.0509) (90 -0.0506) (60 -0.0412) (109 0.0376) (44 0.0368) (36 -0.0324) (73 0.0313) (96 0.0312) (85 -0.0296) (59 0.0296) (66 0.0255) (42 0.0251) (46 0.0242) (37 -0.024) (31 0.0233) (61 -0.023) (107 0.0223) (51 -0.0213) (91 0.0205) (63 -0.0184) (103 0.0176) (88 0.017) (131 0.016) (87 0.016) (55 -0.0157) (94 0.0156) (13 0.0154) (28 -0.0143) (20 -0.0132) (127 0.0126) (75 0.0122) (76 -0.0109) (45 -0.0102) 
   0.0040804   (129 0.685) (65 0.61) (130 -0.217) (39 -0.183) (58 0.136) (38 0.107) (57 0.0912) (40 -0.074) (48 0.0665) (68 0.0594) (60 0.0581) (69 -0.055) (47 0.0494) (41 0.0384) (36 0.0368) (59 -0.0332) (44 -0.0325) (51 0.0312) (73 -0.0302) (31 -0.0292) (66 -0.0273) (61 0.0256) (55 0.0252) (37 0.024) (77 -0.0239) (109 -0.0209) (63 0.0205) (131 0.0201) (46 -0.0195) (45 0.0188) (20 0.0167) (96 -0.0165) (13 -0.0159) (90 0.0157) (28 0.0146) (52 0.0138) (56 -0.0134) (84 -0.0125) (79 -0.0119) (88 -0.0115) (62 0.0108) (81 -0.0105) 
   0.0041726   (105 0.553) (96 0.341) (103 0.289) (124 0.244) (123 -0.225) (99 -0.21) (109 -0.19) (104 -0.189) (107 -0.188) (101 0.188) (110 -0.184) (108 -0.157) (113 0.148) (119 0.144) (121 -0.131) (106 -0.113) (102 -0.108) (125 0.0976) (98 -0.0965) (115 -0.0671) (94 0.066) (111 0.0646) (89 0.0554) (48 -0.0516) (114 -0.0438) (118 0.0407) (92 0.0369) (100 -0.0352) (47 -0.0323) (81 0.0292) (117 -0.0288) (72 -0.0282) (83 0.0277) (97 -0.0253) (112 -0.0231) (126 -0.0213) (90 -0.0208) (93 -0.0198) (85 -0.0191) (145 0.0191) (120 0.0175) (116 -0.0171) (80 -0.0169) (52 -0.0158) (65 0.0154) (84 -0.0147) (69 -0.0122) (44 0.0121) (79 0.0119) (60 -0.0113) (82 0.0112) (122 -0.0112) (68 0.0106) (91 -0.0104) (135 0.0101) (46 0.01) 
   0.0042103   (145 -0.999) (124 0.0286) (123 -0.023) (135 0.0126) 
   0.0043603   (48 -0.752) (47 -0.428) (44 0.201) (52 -0.176) (46 0.15) (41 -0.123) (72 -0.117) (56 0.106) (54 0.104) (49 0.0875) (65 0.0855) (42 0.079) (39 -0.0778) (60 -0.0758) (15 -0.074) (57 0.0729) (58 0.0713) (53 0.0674) (124 -0.06) (123 0.0567) (68 0.0545) (69 -0.0524) (81 0.0524) (83 0.0508) (38 0.0487) (109 0.0456) (96 0.0455) (107 0.0447) (105 -0.0418) (51 0.0416) (70 0.0403) (121 0.0388) (43 0.0386) (119 -0.0381) (125 -0.0376) (71 -0.0346) (36 0.0332) (80 -0.0328) (84 -0.0325) (22 0.0321) (55 0.0298) (86 0.0239) (79 0.0237) (31 -0.0231) (90 -0.0222) (111 0.022) (29 -0.0216) (103 -0.0205) (11 -0.0194) (14 0.0186) (73 0.018) (113 0.0178) (82 0.0166) (101 -0.016) (85 -0.0141) (92 -0.0139) (99 0.0139) (88 0.0134) (115 0.0133) (91 -0.0129) (28 0.0128) (45 -0.0123) (50 -0.0122) (110 0.0119) (120 -0.0117) (66 -0.0113) 
   0.0044605   (72 -0.62) (44 0.461) (80 -0.368) (82 0.2) (48 0.191) (93 -0.141) (43 0.133) (79 0.13) (46 -0.124) (86 0.12) (47 0.11) (71 -0.104) (84 0.0881) (70 0.0827) (98 -0.0824) (69 -0.0812) (78 0.0717) (83 0.0687) (45 0.0605) (76 0.0577) (41 -0.0574) (75 -0.0544) (90 0.0539) (113 -0.053) (68 0.0507) (107 0.0487) (94 0.0457) (111 0.0438) (49 -0.0418) (96 -0.041) (105 -0.0328) (42 0.0326) (87 0.0301) (85 -0.0288) (55 -0.0286) (97 0.0286) (109 -0.0283) (73 -0.0266) (60 -0.0252) (123 -0.0233) (104 0.0224) (89 0.0224) (100 0.0215) (101 -0.0203) (58 0.0201) (155 0.0193) (74 0.018) (121 -0.0178) (108 0.0176) (77 -0.0165) (103 0.0161) (124 0.0153) (91 0.0144) (51 -0.0142) (119 0.0141) (120 0.014) (92 -0.0135) (125 0.0132) (114 0.013) (88 0.0123) (112 -0.0118) (81 0.0114) (99 0.0113) (110 0.0106) (115 -0.0106) (14 0.0102) 
   0.0045237   (155 0.999) (44 -0.0336) 
   0.0047733   (44 0.755) (72 0.474) (43 0.199) (80 0.153) (79 -0.136) (46 -0.129) (41 -0.125) (45 0.101) (48 0.0959) (42 0.0939) (86 -0.0845) (82 -0.0776) (71 0.0711) (69 0.0621) (47 0.0614) (70 -0.0597) (90 0.0581) (109 0.0519) (113 0.0445) (84 -0.0428) (98 0.0413) (85 0.0404) (107 -0.0361) (111 -0.0359) (40 -0.0354) (155 0.032) (68 -0.0316) (108 -0.0303) (89 -0.0281) (38 0.0279) (96 0.0274) (58 -0.0266) (49 -0.0265) (15 -0.0261) (39 -0.0247) (77 0.0237) (83 -0.0234) (50 -0.0219) (105 0.0214) (57 0.02) (87 -0.0194) (73 0.0192) (75 0.0188) (100 -0.0183) (115 0.0181) (123 0.0174) (104 -0.0169) (65 0.0161) (114 -0.0161) (120 -0.016) (101 0.0154) (52 -0.0153) (110 -0.015) (124 -0.0149) (22 0.0143) (93 -0.014) (31 -0.014) (32 0.0131) (13 -0.0124) (76 -0.0122) (81 0.0115) (56 0.0113) (125 -0.011) (29 -0.0107) (37 0.0106) 
   0.0048446   (18 -0.976) (137 0.204) (17 -0.0404) (15 0.0377) (16 -0.031) (22 0.0226) (7 0.0218) (13 -0.0163) (14 -0.0146) (19 -0.0118) 
   0.0050764   (137 0.979) (18 0.203) 
   0.0053044   (7 -1) (18 -0.0213) 
   0.0053588   (4 -1) 
   0.0054819   (27 -0.65) (26 0.373) (136 -0.351) (24 0.278) (36 -0.248) (13 0.235) (40 -0.151) (29 -0.143) (32 -0.143) (25 -0.124) (23 -0.1) (17 -0.0892) (37 0.0858) (31 -0.0484) (16 0.0477) (28 -0.0366) (77 -0.0347) (14 0.0344) (35 0.0335) (30 -0.0297) (39 0.0294) (22 -0.0292) (11 -0.0287) (21 0.0263) (45 0.0254) (19 0.0246) (20 0.0211) (15 0.02) (38 0.016) (41 0.0155) (12 0.0136) (46 -0.0114) (43 -0.0111) (34 0.0107) 
   0.0056084   (136 -0.937) (27 0.243) (26 -0.139) (24 -0.104) (36 0.0926) (13 -0.0882) (40 0.0564) (29 0.0535) (32 0.0534) (25 0.0465) (23 0.0376) (17 0.0334) (37 -0.0321) (31 0.0181) (16 -0.0179) (28 0.0137) (14 -0.0129) (77 0.0127) (35 -0.0125) (30 0.0111) (39 -0.011) (22 0.0109) (11 0.0108) 
   0.0059048   (10 0.694) (17 0.545) (16 0.363) (13 0.256) (24 -0.0901) (20 -0.0596) (23 0.0422) (15 0.0407) (18 -0.0389) (14 0.0387) (36 -0.0383) (26 -0.0367) (25 0.0255) (40 -0.0244) (11 -0.0217) (21 -0.0188) (22 0.0147) (12 0.0132) (37 0.0124) (77 -0.0122) (32 -0.0116) 
   0.0061608   (144 0.999) (10 -0.0272) (17 0.0173) (16 0.0112) 
   0.0068134   (10 0.719) (17 -0.536) (16 -0.349) (13 -0.215) (24 0.0937) (20 0.0638) (23 -0.0422) (36 0.042) (26 0.0375) (18 0.0372) (144 0.0351) (14 -0.0325) (15 -0.0304) (25 -0.0279) (40 0.0262) (11 0.0247) (21 0.0191) (22 -0.0169) (77 0.0154) (12 -0.0128) (37 -0.0126) (32 0.0123) 
   0.0070287   (11 0.893) (41 0.333) (12 0.248) (13 0.102) (44 0.0648) (42 0.0604) (40 0.0536) (48 -0.0514) (15 -0.0514) (14 0.0263) (36 0.0243) (38 -0.0209) (46 -0.0193) (29 0.0173) (49 0.0144) (34 0.0121) (47 -0.0116) (60 0.0115) (61 -0.0108) 
   0.0074225   (141 0.993) (142 -0.107) (41 0.0433) (11 -0.0189) 
   0.0075308   (41 -0.876) (11 0.342) (42 -0.158) (44 -0.143) (40 -0.136) (48 0.11) (12 0.0966) (46 0.0735) (38 0.0575) (36 -0.0532) (141 0.0497) (15 -0.0416) (29 -0.0399) (49 -0.035) (34 -0.0328) (22 0.0325) (61 0.0281) (37 0.0262) (60 -0.023) (19 -0.0214) (52 -0.0211) (74 0.0204) (43 0.0202) (50 0.018) (56 0.0172) (31 -0.0166) (35 0.0159) (109 0.0158) (33 0.0157) (47 0.0151) (82 0.0144) (14 0.0141) (66 -0.0137) (79 0.0133) (32 -0.013) (39 -0.0126) (24 -0.0124) (67 0.0118) (62 0.0112) (108 -0.0111) (26 -0.0109) (83 0.0107) (76 0.0104) 
   0.0079203   (12 -0.905) (29 0.32) (11 0.24) (13 0.0813) (28 0.0639) (27 -0.0567) (30 -0.036) (33 0.0335) (15 -0.0243) (31 0.0233) (41 -0.0213) (34 -0.02) (14 0.0162) (67 0.0162) (19 0.015) (35 0.0148) (32 -0.0138) (38 0.0137) (48 -0.0125) (138 0.0119) (36 -0.0108) 
   0.0089262   (138 0.984) (29 0.155) (12 0.0691) (28 0.0295) (27 -0.0256) (11 -0.0192) (30 -0.0173) (33 0.0141) (31 0.0104) 

 Largest eigenvalues
      29.668   (163 0.273) (164 -0.949) 
      27.246   (36 -0.38) (40 -0.374) (42 -0.297) (77 0.419) 
      15.757   (13 0.254) (36 0.28) (40 0.233) (77 0.764) 
      12.731   (107 0.413) (108 -0.394) (109 0.663) 
      4.2943   (96 0.294) (123 0.449) (124 -0.49) 
       1.348   (163 0.962) (164 0.269) 
      1.2233   (162 0.996) 
      1.1464   (165 0.995) 
      1.1439   (88 0.387) (89 -0.763) (91 0.324) 
      1.1404   (100 0.527) (101 0.598) (106 0.461) 
      1.1313   (100 0.368) (106 -0.74) 
     0.94056   (112 -0.321) (115 -0.646) (116 -0.481) 
     0.89425   (104 0.671) (105 0.484) (106 0.378) 
     0.89084   (99 -0.657) (100 -0.373) (103 -0.318) 
     0.87317   (104 -0.251) (112 0.674) (130 -0.219) (135 0.216) 
     0.76589   (110 -0.5) (112 -0.333) (116 0.418) (118 0.303) (135 0.287) 
     0.67208   (110 0.71) (112 -0.32) 
     0.66882   (96 0.779) (99 0.327) 
     0.66177   (114 -0.454) (126 0.546) (135 0.393) 
     0.60247   (113 0.487) (114 0.61) (126 0.288) 
       0.587   (108 0.514) (109 0.294) (113 -0.373) (114 0.421) 
     0.57894   (108 -0.584) (109 -0.345) (113 -0.436) 
     0.57234   (122 0.412) (124 0.379) (130 0.417) 
     0.56633   (123 -0.345) (125 -0.687) (130 0.346) 
      0.5662   (119 -0.453) (121 -0.482) (122 -0.36) (125 0.333) 
     0.55256   (118 0.482) (119 0.509) (120 -0.324) (122 -0.29) 
     0.50424   (117 0.435) (119 -0.322) (121 0.393) (123 -0.436) (127 -0.356) 
     0.46704   (117 -0.657) (122 0.335) (126 0.329) (135 -0.324) 
     0.45794   (117 0.488) (119 0.294) (126 0.365) (135 -0.371) 
     0.39507   (91 -0.73) (92 -0.641) 
     0.38231   (119 -0.285) (122 -0.309) (124 0.369) (127 0.465) (135 -0.404) 
     0.31858   (93 -0.397) (94 -0.837) 
     0.30568   (94 0.307) (103 0.693) (104 0.388) (105 -0.332) 
     0.26591   (102 -0.828) (103 -0.227) 
     0.25502   (86 -0.227) (98 -0.491) (111 -0.238) (116 0.276) (124 -0.278) (127 0.232) 
     0.24369   (79 -0.348) (86 0.648) (98 0.304) 
     0.24319   (79 0.539) (98 0.574) 
     0.23029   (79 -0.516) (86 -0.601) 
     0.18814   (98 -0.396) (107 0.342) (111 0.507) (113 -0.343) 
     0.15595   (88 0.288) (89 0.305) (90 -0.769) (93 0.309) 
     0.14564   (90 0.339) (93 0.308) (97 -0.562) (107 -0.378) 
     0.13544   (85 0.304) (93 -0.575) (107 -0.348) 
       0.128   (85 -0.88) (97 0.234) 
     0.12013   (88 -0.592) (89 -0.331) (93 0.307) (97 0.327) 
       0.108   (72 -0.386) (80 0.537) (82 -0.394) 
     0.10553   (76 0.269) (78 0.334) (80 -0.307) (87 -0.269) (97 0.292) 
      0.1032   (59 0.252) (62 -0.228) (66 -0.348) (71 0.275) (75 0.223) (76 -0.252) (82 0.227) 
    0.099683   (59 -0.592) (62 0.337) 
    0.095029   (59 0.586) (66 0.354) 
    0.091219   (59 -0.354) (62 -0.315) (66 -0.316) (97 -0.3) 
    0.086755   (61 0.326) (62 0.553) 
    0.078797   (61 -0.265) (62 -0.397) (64 -0.326) (66 0.444) 
    0.074346   (63 0.299) (64 0.686) 
    0.073532   (61 0.666) (62 -0.362) 
    0.072572   (61 -0.463) (62 0.294) (64 -0.394) (66 -0.301) 
    0.067242   (66 0.242) (71 0.259) (118 -0.397) 
    0.061938   (63 -0.257) (68 0.237) (74 -0.371) (75 0.257) (78 0.35) (82 -0.273) (87 0.231) (118 -0.257) 
    0.061596   (63 0.58) (82 -0.288) (87 0.295) 
     0.05774   (63 -0.565) (74 0.367) (87 0.291) 
    0.055741   (68 0.353) (69 0.313) (71 0.372) 
    0.053741   (67 0.393) (74 -0.432) (82 0.347) 
    0.051318   (67 -0.53) (75 0.308) (78 0.307) 
    0.048357   (67 0.543) (68 0.344) (74 0.322) 
    0.046389   (75 -0.319) (82 -0.364) (87 -0.316) 
    0.043974   (34 0.898) (46 0.269) 
    0.042487   (34 -0.363) (45 0.382) (46 0.682) 
    0.042027   (75 0.332) (76 0.364) (120 0.334) 
    0.040004   (53 -0.493) (76 -0.36) 
    0.032975   (47 -0.256) (50 -0.328) (51 -0.304) (53 0.444) (75 -0.307) (76 -0.385) 
    0.031905   (30 0.811) (37 0.35) 
    0.029446   (30 -0.516) (33 0.342) (35 -0.33) (37 0.386) 
    0.027728   (35 0.513) (50 0.298) (92 -0.316) 
     0.02756   (35 -0.699) (37 -0.406) 
    0.022681   (37 0.237) (50 -0.51) (52 -0.217) (53 -0.248) (76 0.241) (91 0.217) (92 -0.254) 
    0.021936   (130 -0.479) (131 0.666) 
     0.02106   (128 -0.578) (160 -0.809) 
    0.020203   (128 -0.577) (160 0.313) (161 0.754) 
    0.019596   (128 -0.577) (160 0.497) (161 -0.648) 
    0.016353   (14 0.241) (15 -0.953) 
    0.015809   (140 0.998) 
