 1 47464
 2 617.625
 3 27.9479
 4 175481
 5 504.177
 6 331.569
 7 469976
 8 39.1716
 9 12836.4
 10 2500.85
 11 3.96785
 12 1642.1
 13 303030
 14 4146.57
 15 0.845086
 16 314600
 17 3660.98
 18 8.95119
 19 119345
 20 2059.97
 21 391.435
 22 164389
 23 3233.55
 24 149.582
 25 265.089
 26 323.041
 27 22.4844
 28 2883.04
 29 246.83
 30 311.889
 31 516.809
 32 71.6175
 33 1017.99
 34 222.241
 35 158.021
 36 417.254
 37 1530.14
 38 2955.3
 39 7.95388
 40 980.315
 41 4312.59
 42 2.12419
 43 675.969
 44 1465.85
 45 29.2856
 46 13301.3
 47 949.048
 48 1873.78
 49 1840.94
 50 191.032
 51 322.849
 52 204.662
 53 2905.61
 54 307.848
 55 213.92
 56 315.431
 57 924.153
 58 88.5204
 59 135.35
 60 199.615
 61 22.4791
 62 1.81696
 63 470.602
 64 323.707
 65 1.6714
 66 493.962
 67 3108.36
 68 255.989
 69 161238
 70 170657
 71 2194.37
 72 236.653
 73 17591.9
 74 24.49
 75 14028.8
 76 8358.12
 77 5.63676
 78 1860.42
 79 8801.25
 80 55.6117
 81 2693.58
 82 1566.31
 83 242.667
 84 3.03156
 85 137.464
 86 3.11708
 87 4764.98
 88 1.70998
 89 1.63787
 90 1.90387
 91 10.1929
 92 496.416
 93 1655.21
 94 1494.08
 95 2539.89
 96 2397.49
 97 321.91
 98 337.56
 99 127.929
 100 1077.6
 101 1541.76
 102 130.789
 103 153.827
 104 136.47
 105 135.238
 106 161.669
 107 166.776
 108 172.001
 109 128.774
 110 100.313
 111 184.001
 112 205.26
 113 191.349
 114 174.989
 115 184.233
 116 149.247
 117 173.941
 118 195.372
 119 155.431
 120 88.1807
 121 124.12
 122 48.9831
 123 67.0989
 124 38.1349
 125 29.8006
 126 52.431
 127 27.3128
 128 91.3009
 129 66.4126
 130 62.0812
 131 20.3298
 132 21.0927
 133 22.7182
 134 36.4093
 135 8.72794
 136 46.898
 137 9.85029
 138 9.19069
 139 9.22862
 140 10.8116
 141 11.2499
 142 8.90447
 143 9.41184
 144 15.2309
 145 15.2693
 146 12.676
 147 10.3424
 148 29.5946
 149 16.4137
 150 12.0455
 151 13.904
 152 23.9185
 153 21.4696
 154 13.5607
 155 20.1287
 156 24.3273
 157 46.7945
 158 0.173561
 159 0.111107
 160 0.502094
 161 25.788
 162 26.3673
 163 1062.15
 164 1352.81
 165 7.05803
