 1 1000
 2 489.467
 3 22.3173
 4 1000
 5 406.912
 6 267.66
 7 999.848
 8 3.81574
 9 991.539
 10 896.635
 11 2.3179
 12 783.911
 13 1000
 14 998.04
 15 0.823738
 16 1000
 17 996.918
 18 3.07189
 19 1000
 20 837.239
 21 159.712
 22 1000
 23 954.355
 24 44.8757
 25 244.664
 26 252.951
 27 17.7129
 28 986.431
 29 194.662
 30 247.352
 31 495.683
 32 58.0975
 33 821.626
 34 215.459
 35 138.606
 36 363.889
 37 988.407
 38 997.491
 39 3.747
 40 613.344
 41 971.411
 42 1.77369
 43 498.538
 44 864.735
 45 17.6579
 46 998.54
 47 300.444
 48 700.923
 49 947.732
 50 187.351
 51 271.305
 52 172.268
 53 953.842
 54 273.608
 55 160.022
 56 230.388
 57 886.879
 58 87.585
 59 131.082
 60 191.908
 61 22.3322
 62 1.81569
 63 447.077
 64 319.277
 65 1.66318
 66 486.618
 67 926.135
 68 75.9375
 69 999.805
 70 1000
 71 901.252
 72 98.4291
 73 999.62
 74 3.17559
 75 997.933
 76 983.784
 77 3.33258
 78 879.824
 79 999.095
 80 18.0941
 81 980.463
 82 990.024
 83 226.02
 84 2.917
 85 108.002
 86 2.76373
 87 988.976
 88 1.70975
 89 1.63785
 90 1.90356
 91 9.18525
 92 431.721
 93 809.841
 94 736.525
 95 926.126
 96 952.945
 97 304.617
 98 321.647
 99 126.176
 100 877.869
 101 958.282
 102 126.602
 103 150.626
 104 135.145
 105 134.306
 106 160.998
 107 166.062
 108 171.103
 109 127.659
 110 98.3603
 111 182.88
 112 204.281
 113 190.605
 114 174.475
 115 183.695
 116 148.293
 117 173.349
 118 194.892
 119 154.372
 120 86.2068
 121 123.469
 122 48.1095
 123 62.6621
 124 37.2467
 125 28.9701
 126 51.8989
 127 25.7278
 128 88.7129
 129 65.2262
 130 61.2119
 131 19.9695
 132 20.7989
 133 22.34
 134 35.3809
 135 8.44038
 136 46.501
 137 9.49783
 138 8.85366
 139 8.88499
 140 10.2772
 141 10.5383
 142 8.42567
 143 8.97805
 144 14.8049
 145 14.9371
 146 12.3182
 147 9.85703
 148 28.8233
 149 15.9173
 150 11.726
 151 13.5418
 152 23.4262
 153 20.6819
 154 13.1549
 155 19.8102
 156 24.0688
 157 46.5054
 158 0.138988
 159 0.106535
 160 0.38997
 161 21.8336
 162 24.341
 163 384.52
 164 707.477
 165 6.50226
