 1 31.6228
 2 21.4986
 3 1.93131
 4 31.6228
 5 16.0677
 6 10.9679
 7 31.6195
 8 1.03138
 9 31.415
 10 29.7941
 11 0.982971
 12 27.7672
 13 31.6228
 14 31.585
 15 0.904157
 16 31.6228
 17 31.5371
 18 1.00338
 19 31.6228
 20 26.6961
 21 5.989
 22 31.6228
 23 30.2425
 24 2.38663
 25 15.2537
 26 14.895
 27 1.97019
 28 31.3567
 29 9.78869
 30 12.1407
 31 21.7462
 32 2.88571
 33 27.431
 34 14.4564
 35 6.95369
 36 16.4231
 37 31.417
 38 31.553
 39 1.38747
 40 24.4728
 41 31.104
 42 1.295
 43 21.7617
 44 28.8382
 45 1.90855
 46 31.5835
 47 10.6576
 48 22.676
 49 30.5762
 50 13.1488
 51 13.8141
 52 9.28262
 53 30.6976
 54 16.328
 55 9.01628
 56 12.096
 57 29.1764
 58 8.68941
 59 8.47271
 60 11.0844
 61 4.41085
 62 1.33661
 63 20.799
 64 16.5278
 65 0.96827
 66 21.0397
 67 29.3984
 68 3.76093
 69 31.6172
 70 31.6228
 71 28.6693
 72 4.45665
 73 31.6144
 74 1.36095
 75 31.5654
 76 31.3449
 77 1.3723
 78 29.5632
 79 31.6017
 80 1.90406
 81 31.0637
 82 31.4141
 83 14.5001
 84 1.41377
 85 10.1312
 86 1.44352
 87 31.3675
 88 1.0951
 89 1.04075
 90 1.24244
 91 2.45907
 92 18.016
 93 26.8916
 94 25.3807
 95 29.8724
 96 30.5076
 97 16.0153
 98 16.2506
 99 8.87263
 100 28.933
 101 30.6786
 102 10.2289
 103 11.5603
 104 10.8381
 105 10.9335
 106 12.2642
 107 12.3809
 108 12.5188
 109 10.3867
 110 8.40479
 111 12.8296
 112 13.9609
 113 13.4029
 114 12.6436
 115 12.7661
 116 11.0125
 117 12.2923
 118 13.2784
 119 11.6647
 120 8.52894
 121 10.716
 122 6.70968
 123 7.73354
 124 5.52887
 125 5.09705
 126 6.89239
 127 4.47876
 128 8.84095
 129 7.22113
 130 7.23345
 131 4.06619
 132 4.43835
 133 4.57714
 134 5.84237
 135 2.6246
 136 6.73896
 137 2.83928
 138 2.78484
 139 2.79212
 140 3.03718
 141 2.97586
 142 2.64175
 143 2.75799
 144 3.68033
 145 3.73275
 146 3.33658
 147 2.86415
 148 5.16924
 149 3.80053
 150 3.21921
 151 3.46456
 152 4.72213
 153 4.4188
 154 3.49532
 155 4.363
 156 4.81296
 157 6.75067
 158 0.135735
 159 0.249144
 160 0.271467
 161 3.74221
 162 4.3866
 163 17.3851
 164 25.3783
 165 0.547873
