 Smallest eigenvalues
  2.0803e-06   (9 -1) 
  3.1786e-06   (51 0.586) (48 -0.569) (49 -0.267) (154 -0.204) (52 -0.191) (55 -0.154) (44 -0.151) (47 -0.132) (14 -0.125) (42 0.118) (77 -0.102) (37 -0.0998) (53 0.0975) (54 0.0847) (50 0.0847) (78 0.0839) (38 0.0793) (27 -0.0623) (46 0.062) (56 0.0591) (40 0.0547) (39 -0.0398) (70 0.0382) (68 0.037) (60 -0.0335) (67 -0.0294) (61 0.0284) (26 -0.0267) (43 0.0267) (35 -0.0267) (41 0.026) (63 -0.0258) (33 0.0256) (17 -0.0246) (36 0.0243) (65 -0.0237) (76 0.0228) (64 0.0224) (45 0.0218) (32 -0.0188) (72 0.0174) (30 -0.0168) (22 0.0159) (28 0.0152) (75 0.0144) (66 0.0144) (69 -0.014) (84 0.0137) (25 -0.0134) (88 0.0134) (80 0.0129) (16 -0.0125) (73 -0.0124) (23 0.0124) (57 -0.0122) (11 -0.0118) (71 -0.0101) (19 0.0101) 
     3.3e-06   (154 -0.979) (51 -0.122) (48 0.119) (49 0.0556) (52 0.0397) (55 0.0319) (44 0.0315) (47 0.0275) (14 0.0261) (42 -0.0247) (77 0.021) (37 0.0209) (53 -0.0203) (50 -0.0176) (54 -0.0176) (78 -0.0172) (38 -0.0166) (27 0.0131) (46 -0.013) (56 -0.0123) (40 -0.0114) 
  5.6986e-06   (4 1) 
  5.8597e-06   (148 0.63) (47 0.551) (44 -0.347) (46 0.251) (45 -0.18) (37 -0.125) (42 0.11) (14 -0.104) (48 0.09) (38 0.0857) (77 -0.0678) (27 -0.066) (39 -0.0652) (40 0.0605) (51 -0.0475) (78 0.0376) (49 -0.035) (53 -0.0306) (35 -0.0276) (52 -0.0264) (56 0.0259) (28 0.0256) (70 0.0231) (17 -0.0207) (36 0.0201) (60 -0.0199) (33 0.0189) (41 -0.0181) (16 -0.017) (54 0.0152) (25 -0.015) (23 0.0136) (19 0.013) (26 -0.012) (73 -0.0114) (43 0.011) (65 -0.0106) (32 -0.0105) (11 -0.0102) (68 0.0101) 
  6.0831e-06   (148 0.777) (47 -0.446) (44 0.281) (46 -0.203) (45 0.146) (37 0.102) (42 -0.0888) (14 0.0841) (48 -0.0729) (38 -0.0694) (77 0.0549) (27 0.0535) (39 0.0528) (40 -0.049) (51 0.0385) (78 -0.0304) (49 0.0283) (53 0.0248) (35 0.0224) (52 0.0214) (56 -0.021) (28 -0.0208) (70 -0.0187) (17 0.0167) (36 -0.0163) (60 0.0161) (33 -0.0153) (41 0.0147) (16 0.0138) (54 -0.0123) (25 0.0122) (23 -0.011) (19 -0.0105) 
  6.1996e-06   (1 0.989) (31 -0.0788) (32 -0.0612) (27 -0.053) (29 -0.0522) (37 0.0511) (28 0.0422) (35 0.027) (14 -0.0189) (38 -0.0185) (33 -0.0112) (30 0.0108) 
   8.379e-06   (155 -0.999) (31 -0.0277) (32 -0.0213) (27 -0.0197) (29 -0.0182) (37 0.0172) (28 0.0148) (14 -0.012) 
  2.1069e-05   (31 0.509) (32 0.392) (27 0.361) (29 0.335) (37 -0.317) (28 -0.272) (14 0.22) (35 -0.171) (1 0.148) (38 0.11) (33 0.0791) (30 -0.0717) (26 0.0669) (16 0.0636) (25 0.0635) (23 -0.0602) (19 -0.0576) (155 -0.0543) (42 0.0483) (77 0.0482) (39 -0.0481) (17 0.0437) (21 0.0427) (36 0.0423) (22 -0.0414) (44 -0.0357) (20 0.0301) (78 -0.0263) (11 0.025) (40 0.0242) (34 -0.0229) (15 0.0225) (43 -0.0225) (48 -0.0199) (51 0.0174) (49 0.0169) (70 -0.0164) (56 -0.0156) (60 0.0154) (53 0.0143) (54 -0.0129) (75 0.0116) (57 -0.0116) (73 0.0107) 
  3.6804e-05   (18 -0.687) (46 -0.403) (23 0.298) (45 0.287) (19 -0.25) (20 0.148) (44 -0.147) (21 0.147) (42 0.141) (47 0.0873) (37 -0.0636) (43 0.0606) (48 0.0565) (27 -0.0526) (38 0.0518) (29 -0.0445) (36 0.041) (77 -0.0395) (30 -0.0386) (17 -0.0379) (78 0.0357) (16 -0.0343) (15 -0.0312) (22 0.0303) (24 0.0293) (40 0.0288) (26 -0.027) (35 -0.0247) (53 -0.0241) (25 0.0241) (34 -0.0228) (14 -0.0215) (72 0.0199) (68 0.0195) (51 -0.0194) (50 0.0189) (74 -0.0186) (32 -0.018) (39 -0.0175) (70 0.0151) (61 0.015) (62 0.015) (79 0.0146) (33 0.0137) (66 -0.0125) (56 0.0124) (73 0.0123) (60 -0.0117) 
  6.9186e-05   (158 -0.999) (46 -0.0248) (18 0.0208) (45 0.0172) 
  0.00010383   (46 0.588) (18 -0.473) (45 -0.408) (44 0.199) (19 -0.191) (42 -0.171) (23 0.156) (37 0.133) (21 0.119) (48 -0.116) (14 0.115) (20 0.113) (47 -0.105) (38 -0.0867) (39 0.079) (77 0.0779) (40 -0.0653) (27 0.0639) (41 -0.0505) (78 -0.0428) (158 -0.0428) (43 -0.0399) (25 0.0375) (28 -0.0343) (56 -0.033) (51 0.0323) (34 -0.0296) (30 -0.0282) (68 -0.0274) (49 0.0269) (70 -0.0258) (35 0.0257) (67 0.0246) (53 0.024) (54 -0.0235) (24 0.0221) (72 -0.0206) (22 0.0199) (74 0.0177) (50 -0.0166) (60 0.0159) (65 0.0156) (61 -0.0141) (15 -0.0141) (80 -0.0138) (81 0.0125) (62 -0.0124) (11 0.0124) (57 -0.0116) (36 -0.0104) 
  0.00010756   (3 -1) 
  0.00013191   (19 -0.531) (14 -0.446) (22 -0.35) (17 -0.339) (20 0.278) (27 0.256) (21 -0.241) (23 -0.14) (18 0.125) (25 0.0822) (26 0.0784) (33 -0.0723) (24 0.0682) (37 0.0603) (38 -0.0588) (30 0.0478) (44 0.0458) (28 -0.044) (47 0.0297) (36 -0.0293) (32 0.0286) (11 -0.0285) (40 -0.026) (35 0.026) (12 0.0231) (31 -0.0218) (29 -0.0207) (46 -0.0198) (42 -0.0191) (77 -0.0177) (39 0.0161) (43 -0.0161) (15 0.0154) (13 -0.0132) (57 -0.0107) (52 -0.0105) 
  0.00020531   (159 1) 
  0.00022008   (2 -1) 
  0.00024556   (21 0.61) (19 0.427) (22 -0.332) (14 -0.32) (27 0.276) (17 -0.244) (20 -0.214) (18 -0.113) (25 0.105) (16 -0.0692) (37 0.0648) (23 -0.0585) (157 0.0469) (24 -0.0452) (26 0.0398) (38 -0.0384) (29 -0.0309) (35 0.0297) (32 0.0294) (33 -0.0283) (44 0.0262) (36 -0.0244) (11 -0.0217) (28 -0.0207) (30 0.0198) (39 0.0188) (40 -0.0186) (77 -0.0171) (12 0.0167) (15 -0.0144) (47 0.0123) (46 -0.0114) (13 -0.0107) (43 0.0101) 
  0.00029152   (157 0.999) (21 -0.0286) (19 -0.02) (22 0.0156) (14 0.0151) (27 -0.013) (17 0.0114) (20 0.0101) 
  0.00030113   (8 1) 
  0.00030222   (28 -0.768) (150 -0.399) (27 -0.322) (26 -0.215) (14 -0.16) (37 0.15) (29 -0.0854) (32 0.0806) (31 0.0722) (35 0.0652) (17 -0.0595) (38 -0.0532) (48 0.0523) (19 0.0514) (22 0.049) (16 -0.0476) (25 -0.0416) (23 -0.0409) (39 0.0381) (51 0.0358) (21 -0.0339) (42 -0.0333) (18 -0.0265) (20 -0.0236) (15 -0.0233) (49 0.0227) (34 0.0195) (75 0.0194) (36 -0.0173) (77 -0.0164) (40 -0.0153) (78 0.0149) (11 -0.0144) (24 -0.0143) (33 0.0113) (47 0.0109) (68 0.0103) 
  0.00031405   (150 -0.917) (28 0.334) (27 0.14) (26 0.0935) (14 0.0698) (37 -0.0652) (29 0.0372) (32 -0.0351) (31 -0.0314) (35 -0.0284) (17 0.0259) (38 0.0231) (48 -0.0227) (19 -0.0224) (22 -0.0213) (16 0.0207) (25 0.0181) (23 0.0178) (39 -0.0166) (51 -0.0156) (21 0.0148) (42 0.0145) (18 0.0115) (20 0.0103) (15 0.0101) 
  0.00032028   (6 1) 
  0.00032962   (22 0.573) (27 0.382) (21 -0.341) (24 0.295) (14 -0.26) (19 0.257) (153 -0.21) (26 0.172) (17 -0.165) (20 -0.133) (18 -0.121) (23 0.117) (25 0.103) (37 0.0943) (16 -0.0828) (39 0.0511) (35 0.0503) (15 -0.0449) (28 -0.0342) (32 0.0341) (33 0.0332) (38 -0.0322) (77 -0.0211) (48 0.0207) (43 0.0205) (31 0.0185) (29 -0.0182) (73 -0.0169) (11 -0.0159) (42 -0.0154) (36 -0.015) (30 -0.0134) (78 0.0131) (40 -0.0128) (47 0.0124) (56 0.0119) (52 0.0106) 
  0.00033394   (153 -0.978) (22 -0.123) (27 -0.0818) (21 0.073) (24 -0.0632) (14 0.0557) (19 -0.0551) (26 -0.0368) (17 0.0355) (20 0.0285) (18 0.026) (23 -0.0252) (25 -0.0221) (37 -0.0202) (16 0.0178) (39 -0.0109) (35 -0.0108) 
  0.00034115   (73 -0.504) (57 0.49) (70 0.418) (74 -0.273) (67 0.225) (60 0.21) (52 0.165) (77 0.162) (44 -0.132) (69 0.0989) (68 -0.0935) (66 -0.0872) (56 0.0858) (47 -0.0792) (78 -0.071) (33 0.0693) (61 -0.0667) (43 0.0643) (63 0.0625) (64 -0.0617) (54 0.0421) (37 0.0409) (46 0.0389) (50 0.0371) (76 -0.0351) (16 0.0332) (40 0.0326) (75 0.0325) (79 0.0313) (51 0.0304) (21 0.0296) (19 -0.0265) (65 -0.0264) (42 0.0247) (38 0.0243) (14 -0.0239) (71 0.0236) (72 0.0233) (59 -0.0223) (62 -0.0214) (123 -0.0206) (30 -0.0197) (18 0.0195) (88 0.0195) (15 0.0185) (39 0.0183) (126 0.0172) (121 0.0165) (36 -0.0154) (109 0.0153) (120 0.0153) (27 0.0146) (84 0.0145) (124 0.0144) (48 0.0143) (20 0.0133) (104 0.0133) (89 -0.0128) (100 0.0128) (152 -0.0128) (35 0.0127) (34 -0.0126) (91 -0.0125) (55 0.0114) (106 -0.0107) (80 -0.0106) (101 0.0105) (22 0.0104) 
  0.00036762   (73 0.622) (57 0.405) (67 0.29) (74 0.267) (152 -0.243) (44 -0.177) (68 -0.157) (52 0.137) (47 -0.129) (60 0.126) (66 -0.104) (49 0.0994) (71 0.0986) (72 -0.0921) (33 0.0881) (14 -0.0861) (70 -0.0852) (56 0.0843) (69 0.0763) (63 0.0759) (43 0.0734) (64 -0.0726) (55 0.0654) (46 0.0608) (38 0.0565) (61 -0.0528) (39 0.0476) (40 0.0422) (120 0.0367) (53 -0.0341) (48 -0.0341) (16 0.0328) (30 -0.0297) (42 0.029) (77 -0.0288) (79 -0.027) (22 0.0262) (18 0.0247) (59 -0.024) (75 -0.0227) (84 0.0224) (121 -0.0214) (62 -0.0203) (32 -0.0203) (65 -0.0192) (19 -0.0186) (15 0.0174) (21 0.0172) (125 0.0156) (24 -0.0155) (51 0.0152) (88 0.0149) (127 -0.0144) (119 -0.014) (124 0.0135) (17 -0.0132) (41 0.0126) (89 -0.0125) (34 -0.0124) (131 -0.0123) (122 0.0122) (78 0.0111) (45 0.0107) (80 0.0102) 
  0.00037917   (152 -0.97) (73 -0.149) (57 -0.109) (67 -0.0756) (74 -0.0635) (44 0.0469) (68 0.0404) (52 -0.037) (60 -0.0344) (47 0.034) (66 0.0273) (49 -0.0251) (71 -0.025) (33 -0.0235) (72 0.0228) (56 -0.0225) (14 0.0223) (69 -0.0203) (63 -0.0199) (43 -0.0196) (64 0.019) (55 -0.0166) (70 0.0161) (46 -0.016) (38 -0.0147) (61 0.0142) (39 -0.0123) (40 -0.0112) 
  0.00045048   (25 -0.954) (24 0.162) (27 0.148) (54 -0.087) (26 0.0713) (52 0.0631) (23 0.0525) (21 0.0513) (53 -0.0501) (56 -0.0499) (22 -0.0491) (14 -0.0479) (57 -0.034) (47 -0.0323) (49 0.0319) (16 -0.0308) (55 -0.0308) (44 -0.0286) (28 -0.0262) (33 0.0234) (17 -0.021) (39 0.0206) (30 -0.016) (77 -0.0148) (46 0.0131) (48 -0.0121) (15 -0.012) (60 -0.012) (31 0.0118) (43 0.0103) 
  0.00049413   (147 0.749) (54 -0.377) (52 0.298) (56 -0.229) (53 -0.19) (44 -0.14) (55 -0.135) (57 -0.131) (47 -0.115) (49 0.104) (25 0.0958) (14 -0.0598) (33 0.0517) (46 0.0507) (43 0.0505) (48 -0.0495) (60 -0.0472) (51 0.0461) (38 0.0414) (73 -0.0378) (27 -0.035) (40 0.0326) (42 0.0303) (24 -0.0291) (77 -0.029) (37 -0.0266) (70 0.026) (50 -0.0222) (67 -0.0176) (78 0.0167) (16 0.0166) (22 0.0151) (28 0.0148) (71 -0.0134) (120 0.0132) (18 0.0131) (61 0.0126) (30 -0.0124) (26 -0.0124) (68 0.0121) (32 -0.0114) 
  0.00049965   (147 0.663) (54 0.427) (52 -0.337) (56 0.259) (53 0.215) (44 0.158) (55 0.152) (57 0.148) (47 0.13) (49 -0.118) (25 -0.103) (14 0.0678) (33 -0.0585) (46 -0.0573) (43 -0.0571) (48 0.056) (60 0.0534) (51 -0.0522) (38 -0.0468) (73 0.0427) (27 0.0388) (40 -0.0369) (42 -0.0342) (77 0.0328) (24 0.032) (37 0.0301) (70 -0.0294) (50 0.0251) (67 0.0198) (78 -0.0189) (16 -0.0186) (22 -0.0168) (28 -0.0165) (71 0.0151) (120 -0.0147) (18 -0.0147) (61 -0.0142) (30 0.0141) (68 -0.0137) (26 0.0136) (32 0.0129) (63 0.0105) (15 -0.0104) (39 -0.0104) 
  0.00050386   (53 0.65) (55 0.482) (39 -0.362) (52 0.272) (57 -0.16) (44 -0.142) (54 -0.138) (40 0.127) (37 0.116) (47 -0.0818) (38 -0.0773) (49 0.0695) (42 0.0659) (60 -0.0612) (56 0.0546) (43 0.0513) (48 -0.0463) (46 0.0452) (77 -0.0446) (70 0.0405) (41 -0.0362) (78 0.0274) (36 -0.0217) (50 -0.0213) (151 -0.0188) (27 0.0176) (73 -0.0165) (35 0.0159) (61 0.0142) (69 0.0131) (71 -0.013) (51 0.0121) (45 0.012) (21 0.0115) (19 -0.0114) 
  0.00050931   (151 -0.968) (39 0.195) (37 -0.076) (53 0.0623) (38 0.0608) (40 -0.0529) (55 0.0503) (52 0.0318) (33 0.0294) (14 -0.0265) (27 -0.0203) (42 -0.0181) (57 -0.0172) (41 0.0167) (44 0.0161) (49 -0.0136) (77 -0.0123) (73 -0.0102) (35 -0.0101) 
  0.00056008   (39 -0.731) (53 -0.291) (37 0.286) (151 -0.25) (55 -0.231) (38 -0.23) (40 0.196) (52 -0.144) (33 -0.114) (14 0.102) (57 0.0786) (27 0.0775) (42 0.0652) (41 -0.0622) (44 -0.0518) (77 0.0514) (54 0.049) (49 0.0478) (73 0.0413) (56 -0.0411) (35 0.0379) (60 0.0359) (24 0.0345) (48 -0.034) (28 -0.0326) (78 -0.0304) (70 -0.0291) (36 -0.0248) (51 -0.0237) (32 0.0227) (29 0.0212) (34 0.0208) (71 0.0208) (26 0.0196) (47 -0.019) (18 -0.0176) (67 0.0171) (31 0.017) (50 -0.0155) (68 -0.0154) (45 0.0139) (23 -0.0135) (17 0.0103) (22 -0.01) 
  0.00057178   (70 -0.82) (57 0.279) (73 -0.253) (71 -0.248) (52 0.155) (69 -0.138) (49 -0.134) (60 0.0919) (74 -0.089) (72 0.084) (51 0.0719) (48 0.0673) (50 0.0577) (76 -0.0535) (75 0.0473) (44 -0.0465) (68 0.0428) (65 -0.0393) (33 0.0377) (43 0.0357) (149 0.0327) (54 -0.0326) (55 0.0317) (78 0.0302) (84 0.0288) (37 0.0283) (61 -0.0275) (56 0.0239) (40 0.0231) (124 0.0213) (21 0.0211) (16 0.0194) (19 -0.0183) (88 0.018) (47 -0.0163) (126 0.0138) (79 -0.0138) (36 -0.0123) (46 0.0122) (127 -0.0121) (90 0.0117) (14 -0.0111) (123 -0.0109) (42 0.0108) (120 0.0106) (97 -0.0103) (125 0.01) 
  0.00061566   (149 0.853) (49 0.362) (48 -0.153) (52 -0.146) (51 -0.144) (44 -0.119) (54 0.115) (50 -0.115) (47 -0.097) (73 -0.0701) (14 -0.0475) (46 0.0442) (70 -0.0398) (39 0.0376) (71 -0.0373) (38 0.0358) (33 0.0351) (77 -0.0327) (67 -0.0323) (37 -0.0323) (43 0.0273) (68 0.0251) (45 0.025) (53 0.0244) (42 0.0229) (78 0.0199) (27 -0.0195) (72 0.0191) (55 -0.0188) (74 -0.0179) (40 0.0153) (57 -0.0145) (24 -0.014) (69 -0.0133) (22 0.0119) (32 -0.0108) (30 -0.0103) (63 -0.0101) 
  0.00065882   (49 -0.583) (149 0.521) (48 0.246) (51 0.231) (52 0.229) (44 0.198) (54 -0.186) (50 0.184) (47 0.16) (73 0.131) (70 0.117) (14 0.0785) (71 0.0767) (46 -0.0732) (39 -0.0609) (33 -0.0601) (38 -0.0593) (77 0.054) (67 0.0536) (37 0.0509) (43 -0.0472) (68 -0.044) (45 -0.0407) (53 -0.0406) (42 -0.0382) (72 -0.0367) (74 0.0349) (78 -0.0345) (27 0.0315) (69 0.0306) (55 0.0288) (40 -0.0266) (24 0.023) (22 -0.0199) (32 0.0179) (30 0.0175) (18 -0.0162) (63 0.0161) (16 -0.0156) (79 0.0151) (64 -0.015) (66 -0.0137) (65 0.0123) (120 -0.0121) (76 0.0116) (75 -0.011) (56 -0.0109) 
  0.00072869   (38 0.786) (37 0.364) (24 -0.199) (39 -0.177) (22 0.164) (44 0.139) (21 0.136) (33 0.124) (43 -0.121) (40 -0.118) (19 -0.103) (18 0.0977) (36 -0.0955) (16 0.0828) (23 0.0813) (14 -0.0714) (27 0.0628) (47 0.0549) (35 0.0497) (20 0.0467) (52 -0.0436) (41 -0.0423) (15 0.0406) (57 -0.0344) (34 -0.0274) (46 -0.0272) (42 -0.0245) (26 0.0243) (25 -0.0242) (30 -0.0175) (56 -0.0164) (31 0.0151) (17 -0.014) (28 -0.011) (54 -0.0105) (77 0.0104) 
  0.00080252   (24 -0.573) (22 0.451) (38 -0.301) (21 0.279) (33 -0.242) (23 0.231) (18 0.208) (19 -0.188) (14 -0.176) (37 -0.13) (16 0.112) (30 0.096) (20 0.0812) (25 -0.0805) (27 0.0786) (15 0.0565) (26 0.0547) (32 0.0514) (17 -0.0476) (36 0.039) (34 0.0376) (142 -0.0337) (35 -0.0313) (143 -0.0282) (28 -0.0261) (44 0.0246) (39 0.0201) (31 -0.0157) (11 -0.0148) (49 -0.0142) (40 0.0138) (29 0.0137) (47 0.0126) (12 0.0124) 
  0.00091673   (142 -0.752) (143 -0.647) (141 -0.111) (24 0.0265) (140 0.0214) (22 -0.021) (21 -0.0132) (23 -0.0107) 
  0.00097372   (52 -0.41) (44 -0.409) (47 -0.406) (48 0.361) (49 -0.329) (16 0.244) (43 0.183) (51 -0.164) (57 -0.144) (46 0.136) (50 0.134) (14 -0.109) (17 0.108) (56 -0.104) (33 0.0951) (37 0.0882) (15 0.0751) (39 0.0714) (53 0.0596) (40 0.0556) (41 0.048) (77 0.0477) (54 -0.0428) (27 0.0403) (60 -0.034) (36 -0.029) (35 0.0258) (30 -0.0236) (78 -0.0236) (38 0.0221) (34 -0.0183) (31 0.0149) (19 -0.0136) (65 0.0134) (74 -0.0134) (84 0.0132) (18 -0.0131) (21 0.0124) (22 -0.0123) (120 0.0112) (55 -0.0109) (68 -0.0108) (71 0.0103) 
   0.0010493   (16 0.721) (17 0.419) (14 -0.304) (15 0.201) (18 -0.166) (44 0.154) (47 0.129) (33 -0.123) (19 0.115) (21 -0.112) (22 -0.0976) (52 0.0913) (48 -0.0885) (49 0.0756) (43 -0.0737) (24 0.0685) (20 -0.0551) (30 0.0494) (46 -0.0483) (39 -0.0387) (51 0.0378) (50 -0.0355) (38 -0.0326) (23 -0.0302) (40 -0.0285) (57 0.0268) (32 0.0239) (37 -0.0227) (56 0.0224) (12 0.0207) (27 0.0206) (11 -0.0194) (41 -0.019) (28 -0.0189) (34 0.0188) (31 -0.0144) (42 -0.0138) (35 -0.0134) (77 -0.0131) (25 -0.0131) (13 -0.0128) (53 -0.0112) (54 0.0106) 
   0.0011531   (146 -0.997) (143 0.0532) (142 -0.0373) (141 -0.0289) (140 0.0146) 
   0.0011767   (54 0.689) (52 0.388) (33 0.364) (56 -0.309) (57 -0.229) (36 0.146) (35 0.092) (53 -0.0885) (38 -0.0802) (50 0.0743) (30 -0.0679) (34 -0.0661) (16 0.0536) (51 0.0533) (39 -0.0518) (21 0.0497) (48 0.0491) (14 -0.0491) (49 -0.047) (60 -0.0441) (77 0.0434) (44 -0.0407) (47 -0.0398) (19 -0.0382) (32 -0.0376) (18 0.0373) (15 0.0304) (24 -0.026) (78 -0.0244) (22 0.0215) (67 0.0207) (46 0.02) (68 -0.0187) (137 0.0178) (20 0.0178) (71 0.0175) (73 0.0149) (72 0.014) (43 0.0121) (31 0.0106) (29 -0.0105) (28 0.0103) (70 -0.0102) (61 0.0101) (79 0.01) 
    0.001372   (33 0.671) (36 0.368) (54 -0.301) (52 -0.224) (44 0.194) (38 -0.192) (35 0.164) (39 -0.157) (137 0.128) (56 0.125) (37 -0.124) (34 -0.121) (43 -0.118) (30 -0.112) (14 -0.109) (57 0.0735) (47 0.0731) (32 -0.0728) (40 -0.0682) (16 0.0489) (18 0.0459) (24 -0.0446) (21 0.0444) (53 0.0439) (51 -0.0424) (42 -0.0423) (46 -0.0414) (41 -0.0393) (22 0.0354) (27 -0.0311) (19 -0.0309) (50 -0.0292) (28 0.0266) (15 0.0242) (77 -0.0224) (29 -0.0216) (17 -0.0175) (73 -0.0152) (60 0.0148) (26 -0.0134) (78 0.0132) (23 0.013) (20 0.0128) (70 0.0113) (11 -0.0104) (67 -0.0103) 
   0.0015097   (137 0.991) (33 -0.0935) (36 -0.0501) (54 0.0267) (38 0.0262) (44 -0.024) (35 -0.0229) (52 0.0218) (39 0.0211) (143 -0.0208) (34 0.0168) (142 0.0162) (37 0.0159) (30 0.0157) (141 0.0153) (14 0.0151) (43 0.0149) (140 -0.0138) (56 -0.0107) (32 0.0101) 
   0.0015271   (11 -0.953) (35 -0.268) (33 0.0615) (37 0.0591) (30 -0.0543) (36 -0.0456) (14 0.0431) (38 -0.0388) (32 -0.0376) (133 -0.0307) (44 0.0157) (34 0.0152) (15 0.0148) (40 -0.0117) (72 -0.0111) (42 -0.0102) 
   0.0016231   (133 -0.837) (35 -0.461) (11 0.183) (33 0.11) (37 0.0943) (30 -0.0863) (36 -0.0794) (14 -0.0714) (32 -0.0624) (38 -0.062) (27 -0.0389) (44 0.0262) (34 0.0237) (40 -0.0197) (42 -0.0181) (28 0.0154) (17 -0.0153) (22 0.0137) (55 -0.0134) (20 -0.0125) (46 -0.0124) (45 -0.0112) 
   0.0018973   (35 0.722) (133 -0.546) (11 -0.226) (33 -0.171) (37 -0.148) (30 0.135) (36 0.124) (14 0.107) (32 0.0977) (38 0.0972) (27 0.0602) (44 -0.0411) (34 -0.0372) (40 0.0309) (42 0.0283) (17 0.024) (28 -0.0238) (22 -0.0214) (55 0.021) (46 0.0195) (20 0.0194) (45 0.0176) (47 -0.0147) (26 0.0139) (53 -0.0133) (31 -0.0121) (77 0.012) (51 0.0119) (18 -0.0109) (48 -0.0107) (29 -0.0107) (39 0.0103) 
   0.0020041   (30 -0.729) (32 -0.493) (33 -0.216) (55 -0.191) (35 0.153) (53 0.15) (31 0.133) (34 0.129) (29 0.123) (28 -0.0852) (37 -0.0799) (50 -0.0679) (71 -0.0665) (27 0.0629) (51 -0.051) (52 0.0411) (16 0.0364) (49 -0.0363) (74 0.0356) (18 0.0321) (72 0.0286) (60 0.0247) (68 0.0244) (21 0.0239) (47 0.0234) (40 -0.0224) (48 0.0223) (25 0.0221) (69 0.0221) (56 -0.021) (130 0.0203) (42 -0.0202) (41 0.0189) (57 0.0186) (19 -0.0178) (78 -0.0177) (46 -0.0176) (70 0.0166) (23 -0.0159) (26 0.0145) (73 0.0141) (65 0.014) (44 0.0132) (77 0.0131) (43 -0.0126) (39 -0.0124) (24 -0.0124) (38 0.0109) (84 0.01) 
   0.0021105   (71 -0.632) (74 0.336) (68 0.326) (130 0.265) (78 -0.227) (72 0.225) (70 0.196) (67 -0.186) (69 0.159) (55 0.141) (77 0.137) (53 -0.123) (60 0.0875) (57 0.0696) (73 0.0676) (56 0.0611) (51 0.0598) (41 0.0583) (83 -0.0582) (62 0.0534) (80 -0.0528) (64 0.0433) (30 0.0344) (63 -0.034) (33 0.0336) (47 -0.0335) (86 -0.0305) (61 0.0305) (107 -0.0295) (40 0.028) (44 -0.0265) (85 -0.0229) (48 0.0229) (59 0.0216) (109 -0.0206) (46 0.0204) (52 0.02) (42 0.0199) (96 0.0182) (37 0.018) (120 -0.0171) (84 0.0169) (89 -0.0169) (54 0.0161) (32 0.0158) (87 -0.0152) (79 0.0134) (76 -0.0131) (66 -0.0126) (35 -0.0125) (81 0.0121) (58 -0.0118) (16 0.0115) (100 0.0114) (134 -0.0112) (93 -0.0112) (124 -0.0104) (65 -0.0103) 
    0.002218   (130 0.572) (55 0.526) (53 -0.399) (71 0.218) (50 0.197) (30 -0.173) (74 -0.124) (32 -0.111) (72 -0.0963) (52 -0.0865) (69 -0.0859) (51 0.0855) (56 0.08) (49 0.0762) (60 -0.0721) (57 -0.0698) (73 -0.0574) (65 -0.0525) (70 -0.0523) (68 -0.0521) (48 -0.0517) (78 0.0505) (34 0.0444) (42 0.0421) (43 -0.0395) (46 0.0374) (41 0.0363) (33 -0.0362) (77 -0.0348) (84 -0.0327) (31 0.0309) (47 -0.0304) (29 0.0272) (81 -0.0248) (54 -0.0248) (28 -0.0243) (88 0.0187) (67 0.0185) (45 0.0176) (18 0.0169) (80 0.0168) (27 0.0167) (127 0.0165) (120 -0.0163) (134 0.0157) (14 -0.0156) (124 -0.0146) (63 -0.014) (64 0.0135) (16 0.0134) (37 -0.0127) (35 0.0123) (90 -0.0122) (131 0.0119) (129 -0.0111) (107 0.0107) (15 0.0104) (123 0.0104) (21 0.0101) 
   0.0023516   (130 0.773) (55 -0.432) (53 0.333) (50 -0.144) (30 0.135) (32 0.0896) (51 -0.0826) (56 -0.0796) (68 -0.0738) (71 0.0571) (52 0.0558) (49 -0.0533) (67 0.0505) (41 -0.0476) (134 0.0474) (65 0.0418) (78 0.0399) (131 0.0381) (42 -0.0374) (34 -0.0345) (46 -0.0342) (47 0.0335) (43 0.0301) (48 0.0296) (70 -0.029) (57 0.0269) (31 -0.0257) (64 -0.0248) (74 -0.0239) (60 0.0224) (63 0.0219) (29 -0.0212) (77 -0.021) (33 0.0207) (83 0.0193) (28 0.0192) (73 0.0188) (84 0.0183) (27 -0.0155) (127 0.0151) (16 -0.0149) (81 0.0141) (88 -0.0138) (18 -0.0136) (44 0.0133) (85 0.0127) (14 0.0126) (54 0.0125) (62 -0.0121) (86 0.0119) (79 -0.0117) (129 -0.0105) (45 -0.0105) (21 -0.0103) 
   0.0026015   (24 0.673) (21 0.473) (18 0.257) (22 0.236) (56 -0.22) (19 -0.194) (27 -0.146) (20 0.139) (15 0.116) (25 0.0952) (33 -0.0951) (52 -0.0813) (16 0.0709) (57 0.0675) (37 -0.0622) (30 0.0551) (44 0.0542) (55 0.0511) (26 -0.0438) (47 0.0351) (53 0.0345) (36 0.0337) (60 0.0336) (23 0.0312) (35 -0.0275) (77 -0.0266) (29 0.0265) (43 -0.0235) (13 -0.0221) (42 -0.0214) (12 0.0205) (46 -0.0204) (48 -0.0195) (54 -0.0162) (34 0.0162) (14 -0.0155) (70 0.0152) (39 -0.0148) (120 -0.0135) (65 -0.0129) (74 0.0126) (31 0.0119) (78 0.0115) (68 0.0113) (124 0.0113) 
   0.0026573   (60 -0.868) (56 0.31) (57 0.189) (61 0.171) (55 -0.122) (52 0.118) (77 0.1) (24 0.071) (47 -0.0706) (21 0.0674) (132 0.0557) (59 -0.0556) (78 -0.0553) (54 0.042) (48 0.0409) (51 -0.038) (71 -0.0371) (46 0.036) (19 -0.0347) (18 0.0345) (79 0.0314) (22 0.0289) (62 0.0287) (53 -0.0284) (15 0.0254) (84 -0.0233) (20 0.023) (44 -0.0223) (16 0.0221) (108 -0.0209) (109 0.0201) (72 -0.0185) (107 0.0182) (124 0.0178) (43 0.0176) (69 0.0158) (33 0.0158) (80 -0.0158) (64 0.0155) (74 -0.0148) (119 -0.0136) (125 0.0134) (73 -0.0133) (49 0.0132) (25 0.0118) (50 0.0117) (68 0.0117) (123 0.0116) (66 -0.0115) (65 -0.0113) (90 -0.0112) (118 0.0109) (76 -0.0107) (40 0.0104) (82 0.01) 
   0.0027322   (132 0.762) (56 0.453) (57 -0.278) (60 0.203) (52 0.124) (50 -0.122) (24 0.0922) (55 -0.0905) (53 -0.0871) (21 0.0861) (44 -0.0575) (43 0.0546) (47 -0.0471) (18 0.0443) (19 -0.044) (131 -0.0427) (61 -0.0403) (48 0.0397) (77 0.0374) (22 0.0369) (51 0.0338) (70 -0.0314) (16 0.0303) (65 0.0297) (68 -0.028) (20 0.0272) (71 0.0264) (42 -0.0227) (33 0.0219) (15 0.0219) (41 0.0199) (74 -0.0196) (67 0.0194) (84 0.0191) (37 0.0189) (120 0.0178) (40 0.0175) (25 0.0171) (59 0.0169) (64 -0.0165) (78 -0.0148) (54 0.0143) (45 -0.0129) (63 0.0129) (49 -0.0128) (27 -0.0119) 
     0.00288   (132 0.642) (56 -0.564) (57 0.312) (60 -0.164) (52 -0.157) (50 0.143) (55 0.118) (24 -0.116) (21 -0.108) (53 0.106) (44 0.0702) (43 -0.0662) (47 0.0624) (18 -0.0557) (19 0.0553) (77 -0.0527) (48 -0.0508) (22 -0.0464) (16 -0.0379) (70 0.0369) (51 -0.0364) (20 -0.0343) (65 -0.0342) (131 -0.0339) (61 0.0327) (68 0.0323) (124 0.0315) (120 -0.0293) (15 -0.0283) (71 -0.0283) (33 -0.0274) (42 0.0261) (74 0.0246) (67 -0.0237) (41 -0.0227) (37 -0.0225) (78 0.0221) (40 -0.0217) (84 -0.0215) (25 -0.0213) (54 -0.0208) (125 0.0185) (64 0.0183) (122 0.0183) (123 0.0174) (45 0.0158) (63 -0.0153) (59 -0.0151) (27 0.0146) (107 0.0144) (49 0.0139) (127 -0.0116) (39 -0.0102) 
    0.003579   (40 0.85) (65 -0.234) (39 0.231) (41 -0.189) (44 0.165) (67 0.15) (43 -0.141) (84 -0.136) (57 -0.0797) (37 0.0715) (66 -0.0698) (64 0.0637) (33 0.0611) (63 -0.0567) (38 0.0524) (87 0.0399) (47 0.0389) (52 -0.0351) (71 -0.0344) (30 -0.0273) (51 -0.0262) (50 0.0259) (55 -0.0254) (69 0.0247) (129 -0.0244) (32 -0.0241) (16 0.0223) (96 0.0205) (73 -0.0184) (127 -0.0181) (15 -0.0168) (90 0.0158) (21 0.0156) (107 -0.0144) (77 -0.0143) (53 0.0138) (91 0.0137) (19 -0.0133) (24 -0.0131) (109 -0.013) (27 0.0125) (78 0.012) (46 -0.0115) (31 0.0115) (14 -0.0106) (82 0.0104) 
   0.0037481   (84 -0.859) (129 -0.289) (127 -0.198) (65 0.187) (87 0.17) (67 -0.131) (90 0.0718) (57 0.0712) (77 -0.0669) (107 -0.0597) (66 0.0579) (85 0.0539) (64 -0.0508) (40 -0.0488) (63 0.0451) (109 -0.0447) (44 -0.0412) (96 0.0405) (86 -0.0397) (92 0.0394) (52 0.0384) (60 0.0377) (91 0.0345) (43 0.0344) (120 0.0326) (78 0.0312) (123 -0.0276) (47 -0.027) (103 -0.0258) (88 0.0249) (50 -0.0229) (69 -0.0212) (56 0.0205) (126 0.0202) (93 -0.0197) (94 -0.0193) (39 -0.0191) (83 0.018) (41 0.0174) (79 0.0167) (48 0.0164) (89 -0.016) (72 -0.0148) (102 0.0139) (54 0.0138) (49 -0.0135) (33 0.0132) (112 0.013) (51 0.0118) (114 0.0113) (105 -0.0108) (55 -0.0106) (61 -0.0106) (70 0.0105) (111 -0.0103) (122 0.0101) (101 -0.0101) 
   0.0039293   (129 -0.586) (65 0.396) (84 0.387) (127 -0.382) (67 -0.267) (40 0.198) (66 0.124) (64 -0.103) (50 0.0964) (63 0.0905) (71 0.0847) (87 -0.0839) (57 0.0828) (39 0.0583) (69 -0.0486) (41 -0.0484) (77 0.0457) (90 -0.045) (43 -0.0411) (78 -0.0356) (73 0.0338) (107 0.0299) (96 -0.0298) (109 0.0289) (85 -0.0287) (91 -0.0273) (52 0.026) (74 -0.0231) (33 0.0209) (42 0.0209) (49 0.0202) (76 0.0193) (86 0.0187) (92 -0.0184) (37 0.0181) (48 -0.0172) (38 0.0167) (68 -0.0159) (46 0.0158) (44 0.0157) (103 0.0156) (45 0.0151) (56 0.0149) (60 0.0147) (51 -0.0133) (94 0.013) (14 -0.0126) (82 -0.012) (30 -0.0117) (75 -0.0103) 
   0.0040653   (65 -0.54) (129 -0.526) (67 0.367) (127 -0.331) (40 -0.237) (66 -0.169) (64 0.141) (57 -0.13) (63 -0.124) (50 -0.0951) (71 -0.0933) (39 -0.0662) (69 0.0654) (84 0.0585) (41 0.0538) (52 -0.0496) (73 -0.0394) (60 -0.038) (33 -0.0344) (43 0.0331) (56 -0.0283) (37 -0.0253) (38 -0.0248) (76 -0.0232) (78 0.0212) (46 -0.021) (74 0.0201) (42 -0.0189) (79 -0.0175) (14 0.0169) (109 -0.016) (70 -0.0157) (30 0.0151) (61 0.015) (21 -0.015) (47 0.0149) (68 0.0148) (49 -0.0141) (75 0.0136) (96 0.0135) (45 -0.0135) (93 0.013) (83 -0.0124) (16 -0.0121) (91 0.0118) (77 -0.0117) (59 0.0112) (120 -0.0111) (82 0.011) (90 0.011) (19 0.0106) (80 0.0103) 
   0.0041166   (105 0.593) (96 -0.321) (103 0.281) (123 -0.261) (101 0.205) (110 -0.195) (108 -0.192) (106 -0.171) (107 -0.167) (98 -0.155) (112 -0.154) (119 -0.15) (120 -0.143) (99 -0.138) (122 0.138) (117 -0.128) (102 -0.113) (97 -0.104) (114 -0.088) (121 -0.0807) (111 -0.0732) (109 -0.069) (50 0.0687) (91 0.0583) (115 -0.0524) (94 0.0502) (100 -0.0501) (124 -0.0496) (90 -0.0487) (116 -0.032) (113 -0.0306) (84 -0.0298) (82 -0.0283) (72 -0.028) (118 0.0259) (55 -0.0225) (92 -0.0216) (71 -0.021) (51 -0.0209) (93 -0.0207) (60 0.0149) (89 0.0149) (65 -0.0146) (80 -0.0143) (81 -0.0141) (56 0.0139) (85 -0.0137) (125 0.0133) (79 0.0117) (53 0.0114) (86 0.011) (141 -0.0105) (83 0.0104) (49 0.0101) 
    0.004257   (141 -0.868) (142 0.39) (143 -0.302) (140 0.0365) (123 -0.0225) (96 0.0133) (105 -0.0114) (122 0.0103) 
   0.0043756   (50 0.835) (55 -0.228) (51 -0.223) (49 0.149) (56 0.146) (72 -0.125) (53 0.12) (48 -0.116) (60 0.0982) (71 -0.0969) (40 -0.0919) (57 -0.0896) (65 -0.0863) (52 0.0777) (123 0.0712) (45 0.0681) (42 0.0649) (15 0.0649) (84 -0.0611) (43 -0.0608) (107 0.0573) (46 0.0562) (82 -0.0507) (105 -0.0504) (119 0.0439) (96 -0.0418) (122 -0.0377) (120 0.0366) (117 0.0343) (64 0.0339) (63 -0.0332) (80 -0.0315) (74 0.0304) (68 0.0297) (109 0.0292) (90 -0.0277) (54 -0.0271) (47 0.0263) (87 -0.0261) (81 -0.0255) (124 0.0248) (24 0.0246) (121 0.024) (108 0.0225) (103 -0.0224) (79 0.0222) (101 -0.021) (32 0.021) (92 0.0199) (66 -0.0197) (38 -0.0193) (112 -0.0188) (59 0.018) (115 0.0179) (67 0.0166) (83 0.0164) (118 -0.0162) (111 -0.0159) (110 0.0159) (16 -0.0157) (61 -0.0149) (104 -0.0135) (33 -0.0135) (14 0.0122) (12 0.0116) (44 0.0115) (13 -0.0114) (97 -0.0112) (41 -0.0112) (98 0.0112) (21 0.0102) (106 0.0101) 
   0.0044148   (72 -0.569) (45 0.452) (81 -0.312) (46 0.306) (80 -0.282) (50 -0.176) (83 0.165) (71 -0.165) (93 -0.154) (87 -0.129) (78 0.0795) (76 -0.0759) (79 0.0739) (98 -0.07) (48 0.0645) (69 -0.0598) (42 0.0575) (44 0.0553) (49 -0.0552) (109 -0.052) (113 0.0513) (97 0.0502) (100 0.0494) (67 -0.049) (43 -0.046) (105 -0.0398) (107 0.0391) (89 0.0352) (51 0.0345) (85 -0.0324) (68 0.032) (60 0.0302) (70 0.0301) (47 0.0296) (90 0.0287) (75 0.0286) (156 0.0256) (123 -0.0238) (73 -0.0236) (96 0.0219) (54 0.0219) (77 0.0217) (41 -0.0217) (114 0.0196) (74 0.0189) (101 -0.0185) (119 -0.0182) (82 -0.018) (122 0.0172) (57 0.0171) (115 -0.0163) (99 0.0161) (117 -0.0157) (63 -0.0149) (91 0.0143) (65 -0.0143) (118 0.0142) (103 0.013) (52 0.0129) (64 0.0129) (66 0.0123) (20 0.0123) (104 0.0121) (112 0.0114) (39 0.0111) (88 -0.0109) (35 -0.0104) (110 0.01) 
   0.0045515   (156 0.999) (45 -0.0271) (46 -0.0185) 
   0.0046866   (45 0.637) (72 0.485) (46 0.438) (80 0.148) (81 0.14) (71 0.135) (79 -0.133) (44 0.0969) (43 -0.0955) (87 0.0955) (42 0.0928) (109 0.0746) (83 -0.0722) (47 0.0661) (40 -0.0625) (90 0.0594) (67 0.0576) (69 0.0518) (113 -0.0396) (98 0.0375) (48 0.037) (85 0.035) (100 -0.0338) (76 0.032) (38 -0.0302) (105 0.0293) (96 -0.0277) (68 -0.0275) (49 -0.0261) (78 -0.0241) (37 0.0238) (15 0.0237) (156 0.0237) (41 -0.0234) (57 -0.0231) (75 -0.0223) (123 0.0215) (39 0.021) (63 0.0206) (86 -0.0201) (73 0.0187) (70 -0.0187) (122 -0.0187) (114 -0.0181) (107 -0.018) (118 -0.0177) (14 0.0177) (64 -0.0172) (66 -0.017) (93 -0.0162) (115 0.0154) (117 0.0151) (110 -0.0145) (54 -0.0135) (35 -0.0134) (97 -0.0134) (60 -0.013) (112 -0.0124) (24 0.0122) (56 0.0119) (101 0.0115) (84 -0.0112) (55 -0.0111) (65 0.011) (82 -0.0106) (102 0.0102) (104 -0.0101) (119 0.01) 
   0.0047225   (20 -0.847) (19 -0.45) (136 -0.271) (15 -0.0357) (24 0.0349) (16 0.0277) (17 -0.0225) (21 0.0216) (23 -0.0204) (18 -0.0186) (7 -0.016) (45 0.0132) (35 0.013) (30 0.0115) (36 0.0109) (14 0.0104) (27 -0.0102) (33 -0.0101) 
   0.0049245   (136 -0.962) (20 0.239) (19 0.127) (15 0.0101) 
   0.0051305   (7 1) (136 -0.0118) (20 -0.0111) 
   0.0053375   (5 1) 
   0.0053946   (27 -0.381) (31 0.364) (28 0.363) (32 0.353) (29 0.345) (135 0.311) (37 0.282) (14 -0.235) (30 -0.19) (35 0.153) (38 -0.121) (39 0.0794) (17 -0.0721) (26 -0.0703) (36 -0.0631) (25 -0.052) (16 -0.0459) (33 -0.0427) (34 -0.0395) (23 0.0392) (19 0.0359) (40 -0.0353) (21 -0.0327) (77 -0.0317) (18 -0.0303) (44 0.0289) (47 0.026) (42 -0.0253) (41 0.0233) (11 -0.0216) (20 -0.0208) (15 -0.019) (78 0.0188) (22 0.0142) (12 0.0131) (71 -0.0106) 
   0.0054169   (135 0.951) (27 0.124) (31 -0.119) (28 -0.119) (32 -0.115) (29 -0.113) (37 -0.0919) (14 0.0769) (30 0.0619) (35 -0.05) (38 0.0395) (39 -0.0259) (17 0.0236) (26 0.023) (36 0.0206) (25 0.017) (16 0.015) (33 0.0139) (34 0.0129) (23 -0.0128) (19 -0.0117) (40 0.0115) (21 0.0107) (77 0.0101) 
    0.005663   (10 0.76) (17 0.491) (16 -0.328) (14 -0.212) (27 0.0939) (15 -0.079) (19 -0.0771) (21 0.0491) (37 0.0344) (25 0.0303) (23 -0.0271) (26 0.0231) (28 -0.0186) (20 0.0176) (18 0.0153) (38 -0.0138) (11 -0.013) (35 0.0111) (22 -0.0105) 
   0.0057616   (145 -0.999) (10 -0.0268) (17 0.0206) (16 -0.0136) 
   0.0060906   (10 0.649) (17 -0.58) (16 0.384) (14 0.225) (27 -0.114) (19 0.0943) (15 0.0853) (21 -0.0618) (37 -0.0434) (145 -0.0379) (25 -0.0359) (23 0.0349) (26 -0.0312) (20 -0.0235) (28 0.0215) (11 0.0197) (18 -0.0186) (38 0.0161) (12 -0.0154) (77 0.0146) (35 -0.014) (22 0.0125) (39 -0.0116) (30 0.0108) (42 0.0107) (29 -0.0106) 
    0.006411   (13 0.866) (12 -0.36) (42 -0.226) (43 0.152) (41 0.145) (45 0.0642) (40 0.061) (14 -0.0534) (47 0.0522) (50 0.0442) (15 0.0434) (39 -0.0419) (38 0.0326) (37 -0.0308) (48 -0.0259) (44 0.0232) (46 0.019) (36 0.0152) (30 0.0149) (49 0.0123) (32 -0.011) (29 0.0109) (60 -0.0108) (21 0.0102) 
   0.0067853   (144 0.999) (42 -0.0266) (43 0.0183) (41 0.0153) (13 -0.0152) 
   0.0069409   (42 0.641) (43 -0.442) (41 -0.367) (13 0.313) (40 -0.176) (45 -0.156) (47 -0.131) (12 -0.126) (39 0.124) (37 0.102) (38 -0.0985) (50 -0.0898) (44 -0.0733) (48 0.0582) (46 -0.0429) (144 0.0422) (15 0.0402) (36 -0.0393) (74 0.0316) (18 0.0294) (32 0.0287) (30 -0.0282) (27 0.0276) (14 0.0265) (49 -0.0265) (24 0.0259) (59 -0.0236) (35 0.0234) (29 -0.0231) (60 0.022) (31 -0.0195) (80 0.0191) (64 0.0179) (21 0.0178) (109 0.0171) (79 0.0167) (56 0.0167) (52 0.0165) (67 0.0158) (34 0.0145) (81 -0.0144) (61 -0.0144) (107 0.0143) (55 -0.0143) (17 0.014) (84 -0.0139) (78 0.0115) (68 0.0113) (28 -0.0111) (62 0.0106) (75 -0.0103) (86 -0.0101) 
   0.0076605   (12 -0.873) (13 -0.366) (32 -0.193) (30 0.171) (31 0.128) (29 0.117) (14 -0.0467) (36 -0.0347) (41 -0.0283) (33 0.0243) (66 0.0172) (35 0.017) (15 0.0167) (40 -0.0141) (42 0.0141) (138 0.014) (18 -0.0129) (37 0.0122) (38 -0.0119) (68 0.0117) (27 -0.0113) 
   0.0083734   (138 0.992) (32 -0.0713) (30 0.0615) (12 0.0495) (31 0.0457) (29 0.0424) (13 0.0202) (41 -0.012) (36 -0.0103) 

 Largest eigenvalues
      73.145   (162 0.238) (164 0.959) 
      28.563   (37 0.437) (39 0.288) (47 0.33) (77 0.333) 
        17.9   (77 0.658) (78 -0.37) 
      15.543   (107 0.591) (109 0.661) 
      4.5814   (96 -0.287) (119 0.295) (120 0.302) (122 -0.288) (123 0.555) 
      1.4664   (162 0.971) (164 -0.235) 
      1.2238   (163 -0.997) 
      1.1473   (165 0.997) 
      1.1416   (90 0.236) (91 -0.885) (101 -0.251) 
       1.135   (101 0.773) (106 0.498) 
      1.1287   (101 0.353) (106 -0.791) 
     0.92003   (111 0.351) (115 -0.77) 
     0.91455   (103 -0.281) (104 0.841) (105 0.251) 
     0.86157   (98 -0.35) (99 -0.586) (100 -0.443) 
     0.85116   (111 -0.585) (112 0.311) 
     0.75864   (110 -0.48) (111 0.323) (115 0.362) 
     0.67153   (110 0.715) (111 0.302) 
     0.67083   (96 -0.745) (97 -0.247) (99 0.263) (110 0.225) 
     0.66352   (114 -0.496) (125 -0.33) (126 0.44) 
     0.59956   (111 -0.33) (112 -0.548) (114 0.47) 
     0.57635   (108 0.589) (112 0.335) (114 0.512) 
     0.57268   (108 -0.675) (110 -0.289) (112 0.401) 
     0.56918   (114 -0.356) (121 0.327) (123 -0.429) (134 0.376) 
     0.56679   (121 -0.291) (122 0.39) (124 0.535) (125 0.342) (134 0.319) 
      0.5621   (118 0.343) (119 -0.38) (120 0.55) (124 -0.301) 
     0.54709   (117 -0.694) (118 -0.425) 
     0.53055   (116 0.433) (117 0.329) (119 0.353) (122 0.398) (125 -0.318) (134 0.314) 
     0.49824   (116 -0.654) (118 0.261) (121 0.25) (124 0.241) (125 -0.207) (126 0.279) (134 0.276) 
     0.49361   (116 0.537) (117 -0.318) (122 -0.294) (126 0.393) 
      0.4201   (92 0.972) 
        0.41   (118 -0.323) (121 -0.348) (123 -0.245) (125 0.293) (126 0.251) (127 -0.31) (143 -0.267) 
     0.33797   (94 -0.926) (103 0.215) 
     0.33336   (94 0.33) (103 0.68) (104 0.338) (105 -0.404) 
     0.30301   (102 -0.816) 
     0.29191   (98 -0.434) (113 -0.332) 
     0.24926   (79 -0.35) (87 -0.66) 
      0.2308   (79 0.507) (98 0.519) 
     0.23029   (79 -0.515) (87 0.598) 
     0.22934   (98 -0.361) (107 0.319) (109 -0.289) (113 0.56) 
     0.17695   (90 -0.799) (93 0.407) 
      0.1574   (90 0.359) (97 -0.529) (107 -0.297) (109 0.32) 
     0.14867   (86 -0.273) (93 -0.621) (97 0.229) (107 -0.285) (109 0.239) 
     0.13652   (85 -0.614) (86 0.643) 
     0.12951   (89 -0.723) (93 0.342) (97 0.292) 
     0.12363   (72 -0.372) (79 0.396) (81 0.499) (83 -0.417) 
      0.1164   (76 -0.257) (78 0.286) (80 -0.309) (89 0.252) 
     0.11163   (59 0.356) (63 -0.271) (68 -0.235) (69 0.349) (76 0.283) (81 -0.206) (89 0.205) 
     0.10678   (58 0.491) (59 -0.585) 
     0.10196   (58 -0.563) (63 0.327) 
    0.094472   (58 0.461) (59 0.325) (63 -0.272) (97 -0.274) 
    0.089825   (58 -0.412) (59 -0.552) 
    0.079888   (59 0.3) (63 0.58) (83 -0.291) 
    0.077974   (63 -0.392) (64 -0.678) 
    0.073924   (61 -0.48) (62 0.424) (64 0.373) 
    0.072849   (61 0.656) (62 -0.233) (64 0.247) (69 -0.226) 
      0.0663   (61 -0.319) (118 0.259) (119 0.284) 
    0.063224   (68 0.288) (74 -0.319) (78 0.328) 
    0.061073   (61 -0.276) (62 -0.582) (69 -0.243) (76 0.21) (80 -0.26) (81 0.21) (85 -0.208) 
    0.058909   (62 0.532) (68 -0.292) (74 0.296) 
    0.055636   (62 -0.255) (66 -0.298) (68 0.408) (69 0.317) (71 0.307) (76 -0.303) (78 -0.264) 
    0.053331   (66 0.435) (74 -0.34) (80 0.262) (81 -0.332) 
    0.049814   (66 -0.51) (76 0.319) 
    0.047743   (66 0.477) (68 0.331) (69 0.274) 
    0.046244   (76 -0.34) (81 0.324) (83 0.276) 
    0.044076   (34 -0.85) (41 0.377) 
    0.042147   (34 0.456) (41 0.692) (43 -0.404) 
    0.041433   (75 -0.442) (88 0.268) (121 0.263) 
    0.040798   (48 -0.396) (51 -0.484) (75 0.401) 
    0.032282   (48 0.349) (49 0.294) (51 0.398) (75 0.571) 
    0.031706   (23 0.338) (26 0.701) (29 -0.289) 
    0.029444   (23 0.65) (26 -0.488) 
    0.027571   (23 -0.43) (29 -0.312) (42 0.341) (43 0.347) (88 -0.304) 
    0.026226   (26 0.305) (29 0.581) (31 -0.497) 
    0.021519   (42 -0.383) (43 -0.379) (88 -0.441) 
     0.02071   (120 -0.337) (126 -0.294) (131 0.687) (134 0.362) 
    0.020594   (128 -0.578) (160 -0.809) 
    0.019161   (128 -0.577) (160 0.312) (161 0.755) 
    0.017237   (128 -0.577) (160 0.498) (161 -0.647) 
    0.015421   (15 0.942) (16 -0.279) 
    0.014796   (139 -0.996) 
