 1 59470.4
 2 725.613
 3 24.8362
 4 178444
 5 559.23
 6 383.047
 7 620092
 8 46.3659
 9 21079.7
 10 2336.66
 11 4.94958
 12 1892.13
 13 269215
 14 3577.38
 15 0.845028
 16 395568
 17 3862.06
 18 7.72129
 19 126051
 20 2380.56
 21 398.453
 22 157744
 23 3463.99
 24 193.475
 25 252.974
 26 322.669
 27 15.9224
 28 2561.85
 29 281.392
 30 281.477
 31 511.205
 32 67.8745
 33 1162.89
 34 212.209
 35 175.328
 36 425.099
 37 1517.93
 38 3081.42
 39 6.54278
 40 973.552
 41 4372.26
 42 1.92398
 43 705.864
 44 1565.25
 45 23.5325
 46 4620.21
 47 1324.37
 48 1145.14
 49 1934.46
 50 212.94
 51 419.252
 52 214.28
 53 2998.62
 54 321.78
 55 249.455
 56 284.181
 57 1118.06
 58 99.6402
 59 191.559
 60 160.066
 61 21.6721
 62 1.71301
 63 580.769
 64 287.921
 65 1.89301
 66 510.108
 67 3837.45
 68 140.539
 69 128596
 70 186297
 71 2319.58
 72 330.01
 73 16386.2
 74 26.3218
 75 18547.6
 76 8446.7
 77 8.10986
 78 2052.13
 79 8151.45
 80 126.074
 81 2775.07
 82 1577.92
 83 367.262
 84 2.48857
 85 138.708
 86 2.31319
 87 5916.91
 88 1.74052
 89 1.66031
 90 1.96249
 91 9.00032
 92 418.39
 93 1079.81
 94 615.391
 95 1090.1
 96 1517.22
 97 324.896
 98 229.606
 99 124.962
 100 595.327
 101 1345.29
 102 103.912
 103 153.963
 104 128.196
 105 122.549
 106 158.715
 107 161.069
 108 161.925
 109 115.494
 110 90.432
 111 167.928
 112 201.529
 113 182.227
 114 164.856
 115 163.893
 116 127.85
 117 163.271
 118 181.584
 119 136.866
 120 80.8665
 121 118.721
 122 46.9011
 123 61.1364
 124 35.2967
 125 29.003
 126 52.1806
 127 26.5135
 128 86.0864
 129 68.0544
 130 57.9415
 131 20.3482
 132 20.7896
 133 22.0597
 134 35.9569
 135 8.77894
 136 44.6635
 137 10.0016
 138 9.33331
 139 9.53234
 140 11.0795
 141 11.9461
 142 8.90976
 143 9.50777
 144 15.135
 145 15.2801
 146 12.8208
 147 10.4168
 148 29.9041
 149 16.0413
 150 12.1814
 151 14.2346
 152 23.3408
 153 20.006
 154 13.546
 155 20.1195
 156 24.0892
 157 47.0378
 158 0.364164
 159 0.0708718
 160 0.539387
 161 28.9733
 162 27.2885
 163 1049.15
 164 1229.29
 165 7.17621
