 1 31.6228
 2 23.2595
 3 1.75374
 4 31.6228
 5 16.577
 6 11.7247
 7 31.6192
 8 1.0007
 9 31.4566
 10 29.3265
 11 0.992881
 12 28.0206
 13 31.6228
 14 31.5833
 15 0.904324
 16 31.6228
 17 31.5515
 18 0.986725
 19 31.6228
 20 27.2079
 21 5.48959
 22 31.6228
 23 29.9833
 24 2.66432
 25 14.9331
 26 15.3188
 27 1.69443
 28 31.3368
 29 11.1576
 30 11.2158
 31 21.4767
 32 2.61454
 33 28.2742
 34 14.1896
 35 7.51083
 36 16.5055
 37 31.4277
 38 31.5722
 39 1.36435
 40 24.1929
 41 30.9961
 42 1.28894
 43 21.6136
 44 28.6648
 45 1.76125
 46 31.5634
 47 17.197
 48 16.2025
 49 30.2183
 50 14.0976
 51 15.2393
 52 8.48654
 53 30.621
 54 16.4967
 55 10.0673
 56 10.9708
 57 29.378
 58 9.38046
 59 10.2653
 60 8.65788
 61 4.36693
 62 1.30288
 63 22.7843
 64 15.6801
 65 0.978991
 66 21.4887
 67 30.5548
 68 2.529
 69 31.6222
 70 31.6228
 71 27.8601
 72 5.30278
 73 31.6128
 74 1.34976
 75 31.5746
 76 31.4217
 77 1.41318
 78 30.3225
 79 31.6049
 80 2.65893
 81 30.3765
 82 31.3803
 83 18.0039
 84 1.35535
 85 10.1654
 86 1.36561
 87 31.4008
 88 1.1177
 89 1.06011
 90 1.27792
 91 2.43841
 92 17.8068
 93 26.9203
 94 19.3637
 95 26.2625
 96 29.5775
 97 16.5149
 98 13.4009
 99 9.26352
 100 21.8816
 101 29.9154
 102 8.99856
 103 11.7288
 104 10.5637
 105 10.3782
 106 12.168
 107 12.1691
 108 12.1666
 109 9.96873
 110 8.12934
 111 12.2382
 112 13.8102
 113 13.0449
 114 12.2795
 115 12.0749
 116 10.2312
 117 11.9744
 118 12.8251
 119 11.0062
 120 8.33844
 121 10.5306
 122 6.64232
 123 7.63631
 124 5.45821
 125 5.13525
 126 6.91172
 127 4.53636
 128 8.62747
 129 7.42727
 130 7.01254
 131 4.16288
 132 4.44835
 133 4.55082
 134 5.83012
 135 2.7118
 136 6.59734
 137 2.93335
 138 2.88387
 139 2.90116
 140 3.1182
 141 3.10229
 142 2.69838
 143 2.83517
 144 3.70569
 145 3.7789
 146 3.41723
 147 2.93837
 148 5.18464
 149 3.79537
 150 3.30104
 151 3.56407
 152 4.6858
 153 4.29044
 154 3.52613
 155 4.38053
 156 4.816
 157 6.78823
 158 0.24164
 159 0.201547
 160 0.269705
 161 3.74604
 162 4.39829
 163 17.229
 164 25.2781
 165 0.560835
