 1 1000
 2 566.204
 3 19.5599
 4 1000
 5 440.112
 6 301.511
 7 999.835
 8 2.99725
 9 993.183
 10 870.886
 11 2.56592
 12 799.326
 13 1000
 14 997.961
 15 0.824953
 16 1000
 17 997.426
 18 2.63651
 19 1000
 20 854.432
 21 143.692
 22 1000
 23 945.993
 24 53.5973
 25 236.121
 26 262.026
 27 13.0508
 28 985.308
 29 229.182
 30 230.215
 31 479.623
 32 50.3896
 33 858.731
 34 206.081
 35 154.74
 36 373.647
 37 988.992
 38 998.23
 39 3.22761
 40 598.906
 41 965.678
 42 1.71435
 43 495.115
 44 855.416
 45 13.4697
 46 997.759
 47 517.94
 48 484.732
 49 928.245
 50 211.038
 51 322.174
 52 165.726
 53 949.805
 54 280.145
 55 183.616
 56 205.668
 57 897.044
 58 98.4124
 59 172.623
 60 144.512
 61 21.5953
 62 1.71245
 63 536.344
 64 286.825
 65 1.88246
 66 502.958
 67 964.637
 68 37.3983
 69 999.981
 70 1000
 71 874.457
 72 125.713
 73 999.552
 74 2.91737
 75 998.264
 76 988.278
 77 4.37162
 78 925.239
 79 999.207
 80 41.1804
 81 957.683
 82 988.46
 83 343.418
 84 2.42074
 85 107.695
 86 2.12884
 87 990.232
 88 1.74033
 89 1.6603
 90 1.96231
 91 8.4777
 92 382.832
 93 815.461
 94 501.268
 95 772.594
 96 914.243
 97 313.126
 98 223.431
 99 123.861
 100 525.465
 101 920.686
 102 100.323
 103 151.833
 104 127.212
 105 121.996
 106 158.23
 107 160.365
 108 161.085
 109 114.765
 110 88.8843
 111 166.983
 112 200.747
 113 181.688
 114 164.581
 115 163.581
 116 127.297
 117 162.85
 118 181.42
 119 136.59
 120 80.3024
 121 118.328
 122 46.5872
 123 60.6293
 124 35.1449
 125 28.5872
 126 51.8712
 127 25.4893
 128 83.5829
 129 66.7922
 130 57.0105
 131 20.1299
 132 20.6262
 133 21.83
 134 35.0281
 135 8.64223
 136 44.4511
 137 9.77301
 138 9.15095
 139 9.31949
 140 10.6925
 141 11.2978
 142 8.56504
 143 9.21879
 144 14.8186
 145 15.0886
 146 12.614
 147 10.0165
 148 29.0251
 149 15.6745
 150 11.9796
 151 13.9879
 152 22.968
 153 19.4341
 154 13.2418
 155 19.9203
 156 23.9807
 157 46.8965
 158 0.309917
 159 0.0688886
 160 0.396948
 161 22.9802
 162 24.0686
 163 377.848
 164 700.899
 165 6.67551
