 Smallest eigenvalues
  1.5657e-06   (9 -1) 
   2.528e-06   (46 0.758) (48 0.263) (45 -0.233) (50 -0.221) (43 0.212) (42 -0.209) (54 0.179) (154 -0.178) (13 0.135) (35 -0.135) (39 -0.126) (75 -0.108) (53 -0.0605) (44 0.0599) (76 0.0595) (52 -0.0523) (24 0.0496) (60 0.0483) (37 0.0438) (73 -0.0425) (40 0.0422) (55 0.0347) (17 -0.0324) (58 0.0305) (32 0.0285) (30 -0.028) (23 -0.0274) (26 0.0266) (47 -0.0265) (11 0.0193) (28 -0.0192) (57 0.0183) (49 -0.0165) (56 0.0163) (33 -0.0158) (68 0.0158) (70 0.0154) (69 -0.0143) (78 0.0134) (71 -0.0133) (41 -0.0124) (16 0.0121) (72 0.0119) (21 0.011) (83 -0.011) (12 -0.0106) 
  3.7145e-06   (154 -0.984) (46 -0.137) (48 -0.0476) (45 0.0421) (50 0.0399) (43 -0.0384) (42 0.0378) (54 -0.0323) (13 -0.0246) (35 0.0246) (39 0.0229) (75 0.0193) (53 0.0109) (44 -0.0108) (76 -0.0105) 
  5.3678e-06   (5 1) 
   5.604e-06   (148 -0.637) (43 -0.51) (42 -0.438) (45 0.208) (39 -0.155) (35 -0.154) (13 0.112) (44 0.0944) (40 0.0721) (75 -0.0703) (24 0.048) (48 0.0443) (46 -0.0417) (37 0.0384) (26 0.0343) (76 0.0317) (52 0.0298) (32 0.029) (51 -0.0274) (17 -0.0269) (23 -0.026) (73 -0.0248) (60 0.0241) (41 -0.0203) (149 -0.0193) (30 -0.0189) (56 0.0181) (16 0.0164) (11 0.0163) (54 0.0158) (33 -0.0157) (53 0.0149) (70 0.0138) (55 -0.0136) (47 0.0135) (31 -0.0112) 
  6.3394e-06   (148 -0.77) (43 0.421) (42 0.363) (45 -0.172) (39 0.129) (35 0.127) (13 -0.0926) (44 -0.078) (40 -0.0597) (75 0.0581) (24 -0.0397) (48 -0.0366) (46 0.0345) (37 -0.0318) (26 -0.0284) (76 -0.0262) (52 -0.0247) (32 -0.024) (149 -0.0234) (51 0.0227) (17 0.0223) (23 0.0215) (73 0.0205) (60 -0.0199) (41 0.0168) (30 0.0156) (56 -0.015) (16 -0.0136) (11 -0.0135) (54 -0.0131) (33 0.013) (53 -0.0123) (70 -0.0114) (55 0.0112) (47 -0.0112) 
  7.7727e-06   (1 0.985) (27 0.123) (26 0.0716) (24 0.0579) (35 0.0479) (13 0.0326) (32 -0.0224) (23 -0.0196) (39 0.0187) (30 0.0157) (17 -0.0112) 
  7.9333e-06   (157 0.999) (27 0.0318) (26 0.0187) (24 0.0157) (13 0.0121) (35 0.0119) 
  1.6815e-05   (27 -0.689) (26 -0.405) (24 -0.34) (13 -0.261) (35 -0.258) (1 0.17) (32 0.123) (23 0.118) (39 -0.0985) (30 -0.0962) (17 0.0761) (16 -0.0655) (20 -0.059) (75 0.0474) (157 0.0462) (42 -0.0426) (40 0.0389) (29 -0.0346) (11 -0.0327) (25 -0.0322) (37 0.032) (33 -0.032) (19 0.0285) (31 -0.0261) (28 0.0259) (76 -0.0248) (22 0.0227) (46 0.0218) (12 0.0205) (73 0.0186) (60 -0.0179) (48 -0.0164) (43 0.0156) (15 0.0138) (52 -0.013) (10 0.0118) (55 0.0114) (14 -0.0109) (70 -0.0109) (49 0.0108) 
  3.2926e-05   (19 0.652) (21 0.408) (43 0.384) (45 0.36) (42 -0.177) (46 -0.144) (44 -0.12) (35 -0.11) (39 -0.0974) (24 0.0961) (48 0.0821) (50 -0.0663) (49 0.0614) (75 -0.0561) (26 0.041) (20 -0.0403) (28 -0.0315) (52 0.0312) (40 -0.0311) (27 0.0294) (23 -0.0278) (74 -0.0235) (32 0.0234) (30 -0.0228) (79 0.0222) (31 -0.022) (60 0.0216) (37 0.0213) (22 0.0202) (76 0.0202) (72 0.0192) (54 0.017) (69 -0.0165) (63 -0.016) (51 0.0142) (29 -0.0134) (17 0.0126) (68 0.0124) (67 -0.0117) (71 -0.0117) (34 0.0109) (16 0.0107) (33 -0.0102) (15 -0.0101) 
  0.00010374   (156 0.999) (19 -0.0245) (43 0.0217) (45 0.0206) (21 -0.015) 
  0.00011153   (19 0.522) (43 -0.479) (45 -0.455) (21 0.32) (42 0.19) (46 0.183) (44 0.16) (13 -0.149) (39 0.132) (35 0.114) (48 -0.0892) (75 0.0874) (50 0.0652) (20 -0.0474) (156 0.0458) (17 0.0413) (54 -0.0319) (49 -0.0316) (60 -0.0301) (76 -0.03) (22 0.0297) (58 -0.0251) (73 0.025) (28 -0.0229) (11 -0.0218) (27 0.0214) (55 0.0208) (56 -0.0205) (52 -0.0203) (34 0.0198) (41 -0.0198) (37 -0.0193) (31 0.0193) (32 -0.0188) (72 -0.0176) (26 -0.0172) (16 -0.0172) (74 0.0171) (40 -0.0163) (69 0.0156) (29 -0.0153) (68 -0.0149) (57 0.0147) (25 -0.0136) (23 0.0128) (63 0.0126) (67 0.0122) (38 -0.0117) (71 0.0109) (82 -0.0107) (12 0.0103) 
  0.00012833   (3 -1) 
  0.00016607   (24 -0.603) (23 -0.601) (13 0.349) (17 -0.21) (21 0.199) (26 -0.121) (28 0.0994) (30 0.0896) (35 0.089) (22 -0.0797) (39 0.0615) (20 -0.0523) (11 0.0467) (42 0.0433) (27 0.0401) (37 -0.0397) (32 -0.0373) (15 -0.0372) (45 0.0365) (40 -0.0301) (12 -0.029) (33 0.0246) (43 -0.0209) (75 -0.019) (29 -0.0174) (19 -0.0158) (51 -0.0142) (57 0.0124) (44 -0.0123) (25 0.0108) (38 0.0107) (49 0.0101) 
  0.00019067   (159 -1) 
  0.00021618   (2 -1) 
  0.00024318   (20 -0.558) (21 -0.457) (23 0.365) (13 0.325) (19 0.315) (17 -0.304) (24 -0.137) (22 0.0702) (35 0.0697) (16 0.0588) (26 -0.0547) (11 0.0432) (158 -0.0421) (39 0.0409) (15 -0.0386) (28 0.0329) (30 0.0293) (32 -0.029) (12 -0.0264) (33 0.0251) (29 -0.0233) (40 -0.0229) (37 -0.0205) (42 0.0198) (75 -0.0178) (27 0.0176) (45 0.0122) (48 0.0108) 
  0.00025545   (158 -0.999) (20 0.0235) (21 0.0192) (23 -0.0154) (13 -0.0137) (19 -0.0133) (17 0.0128) 
  0.00029086   (8 -1) 
  0.00029608   (26 -0.674) (24 0.448) (150 -0.378) (25 -0.311) (13 0.184) (23 -0.141) (35 0.133) (17 -0.0802) (31 -0.0663) (39 0.0596) (32 -0.0532) (16 0.0499) (20 0.049) (22 -0.0438) (54 0.032) (40 -0.0312) (29 -0.0295) (51 0.0244) (50 -0.0218) (11 0.0212) (33 0.0212) (75 -0.0208) (46 -0.0188) (34 -0.0184) (53 -0.0163) (15 -0.0159) (43 -0.0148) (45 0.0136) (30 0.0133) (12 -0.012) (37 -0.0116) (28 0.011) (55 0.011) (77 -0.0106) (73 -0.0103) (14 0.0103) (41 0.0101) 
  0.00029917   (150 -0.926) (26 0.276) (24 -0.183) (25 0.127) (13 -0.075) (23 0.0577) (35 -0.0542) (17 0.0328) (31 0.0271) (39 -0.0243) (32 0.0217) (16 -0.0204) (20 -0.02) (22 0.0179) (54 -0.013) (40 0.0127) (29 0.012) 
  0.00031635   (6 -1) 
  0.00032326   (20 0.656) (23 0.447) (22 0.303) (13 0.28) (152 -0.229) (24 -0.224) (17 -0.216) (21 0.103) (35 0.095) (16 0.0852) (26 -0.0852) (39 0.0568) (19 0.0474) (32 -0.044) (15 -0.0438) (25 0.036) (11 0.0325) (40 -0.029) (33 0.0239) (29 -0.0221) (75 -0.0215) (12 -0.0193) (14 0.017) (73 -0.0168) (30 -0.0164) (34 -0.0131) (54 0.0123) (41 0.0116) (46 -0.0114) (74 0.0109) 
  0.00035802   (152 -0.973) (20 -0.155) (23 -0.105) (22 -0.0713) (13 -0.0659) (24 0.0527) (17 0.051) (21 -0.0243) (35 -0.0224) (16 -0.0201) (26 0.0201) (39 -0.0134) (19 -0.0112) (32 0.0104) (15 0.0103) 
  0.00038603   (73 -0.691) (57 -0.447) (75 0.251) (58 -0.24) (60 -0.184) (64 -0.155) (74 -0.131) (42 -0.123) (51 0.122) (69 -0.118) (45 -0.107) (55 -0.101) (70 0.101) (76 -0.0945) (46 -0.059) (30 -0.0582) (50 0.0569) (43 0.0562) (53 -0.0545) (72 0.052) (44 0.0449) (37 0.0405) (56 0.0363) (54 0.0359) (47 0.0343) (35 0.0337) (16 -0.029) (21 0.0271) (20 -0.0262) (13 0.0246) (48 0.024) (79 0.024) (52 -0.0239) (33 0.0234) (99 -0.0222) (68 -0.0209) (38 -0.0207) (122 0.0207) (63 0.0201) (104 0.0196) (100 0.0191) (115 -0.0188) (71 -0.0182) (83 -0.0178) (124 0.0178) (89 -0.0175) (41 0.0169) (88 0.0168) (28 -0.0165) (92 0.0159) (108 -0.0156) (19 -0.0154) (49 -0.0153) (59 0.015) (91 -0.0145) (40 0.014) (118 0.0138) (24 -0.0134) (90 -0.0114) (126 0.0113) (78 -0.0104) 
  0.00040399   (73 0.607) (57 -0.451) (58 -0.293) (64 -0.241) (153 0.206) (60 -0.183) (69 -0.177) (45 -0.162) (42 -0.154) (68 -0.139) (51 0.134) (75 -0.109) (74 0.0866) (55 -0.0863) (43 0.0835) (13 0.0792) (30 -0.0746) (37 0.0705) (46 -0.0641) (56 0.059) (44 0.059) (48 -0.0545) (72 -0.051) (50 0.0491) (53 -0.0448) (49 0.0439) (76 0.0368) (47 0.0335) (63 0.0312) (21 0.0311) (28 -0.0305) (16 -0.0288) (79 -0.0267) (41 0.0258) (38 -0.0251) (122 -0.0248) (19 -0.0226) (118 0.0224) (83 -0.0214) (115 -0.0199) (59 0.0187) (35 -0.0184) (17 -0.018) (40 0.0171) (127 0.0153) (121 -0.0152) (126 -0.015) (99 -0.0146) (92 0.0138) (20 -0.0138) (91 -0.0132) (125 -0.0128) (135 0.0124) (33 0.0118) (89 -0.0118) (11 0.0115) (120 0.0113) (78 0.0111) (114 0.011) (112 0.0108) (70 0.0107) (104 0.0104) 
  0.00045369   (153 0.979) (73 -0.122) (57 0.0989) (58 0.0636) (64 0.0518) (60 0.04) (69 0.038) (45 0.0353) (42 0.0339) (51 -0.0296) (68 0.0292) (75 0.0209) (55 0.0192) (43 -0.0183) (13 -0.0171) (74 -0.0171) (30 0.0165) (37 -0.0154) (46 0.0142) (44 -0.013) (56 -0.0128) (48 0.0113) (50 -0.011) (72 0.0102) 
  0.00046463   (25 0.925) (26 -0.269) (24 0.181) (53 0.0954) (51 0.0855) (23 -0.0683) (13 0.0644) (55 0.0401) (45 -0.0377) (57 0.0321) (28 -0.0312) (54 -0.0273) (48 -0.0254) (39 0.025) (20 -0.0249) (56 -0.0237) (52 -0.0226) (17 -0.0214) (16 0.0196) (75 -0.0183) (27 -0.0183) (50 0.0181) (49 0.0177) (42 -0.0166) (43 0.0154) (21 0.0149) (46 -0.014) (30 -0.0131) (32 -0.0122) (60 0.0116) 
   0.0004783   (147 0.708) (53 0.395) (51 0.39) (55 0.178) (45 -0.152) (42 -0.126) (54 -0.125) (57 0.121) (56 -0.121) (52 -0.121) (25 -0.108) (50 0.0934) (43 0.078) (48 -0.0666) (13 0.0586) (49 0.0578) (46 -0.0551) (60 0.0482) (30 -0.0481) (44 0.0456) (26 0.0436) (37 0.0417) (73 -0.0371) (58 0.0361) (35 -0.0361) (39 -0.0297) (75 -0.0293) (40 0.0244) (16 -0.0147) (41 0.0137) (21 0.0125) (38 -0.0123) (24 -0.0123) (19 -0.0121) (70 0.0119) (76 0.0115) (17 -0.0114) (28 -0.0109) 
  0.00052182   (147 0.706) (53 -0.396) (51 -0.392) (55 -0.179) (45 0.153) (42 0.126) (54 0.126) (57 -0.122) (56 0.121) (52 0.121) (25 0.104) (50 -0.0938) (43 -0.0784) (48 0.067) (13 -0.0591) (49 -0.0581) (46 0.0553) (60 -0.0484) (30 0.0483) (44 -0.0458) (26 -0.0425) (37 -0.0419) (73 0.0373) (58 -0.0363) (35 0.0362) (39 0.0298) (75 0.0294) (40 -0.0245) (16 0.0147) (41 -0.0138) (21 -0.0126) (38 0.0124) (19 0.0122) (70 -0.0119) (17 0.0116) (76 -0.0116) (24 0.0115) (28 0.0111) 
  0.00054638   (53 -0.623) (54 -0.526) (52 -0.279) (39 -0.262) (51 0.177) (35 0.165) (57 0.152) (37 -0.144) (42 -0.123) (40 0.103) (55 0.102) (45 -0.0979) (50 0.0964) (56 0.0879) (38 0.0862) (43 0.0599) (75 -0.0491) (60 0.0449) (49 0.0411) (46 -0.0343) (44 0.0319) (69 -0.0281) (70 0.0229) (73 -0.0205) (58 0.0194) (33 0.0187) (76 0.0178) (151 -0.0155) (47 -0.0135) (25 0.0124) (32 -0.0122) (20 -0.0107) (21 0.0106) 
  0.00057793   (151 -0.973) (39 0.135) (35 -0.108) (37 0.1) (38 -0.0548) (53 -0.0505) (40 -0.0453) (54 -0.0392) (30 -0.0276) (13 0.0258) (52 -0.0197) (51 0.0155) (57 0.0135) (42 0.0126) (48 0.0125) (24 0.0114) (49 -0.0109) (75 -0.0105) (26 0.0101) (32 0.0101) 
  0.00062084   (39 -0.556) (35 0.445) (37 -0.416) (53 0.257) (151 -0.229) (38 0.227) (54 0.202) (40 0.185) (30 0.116) (13 -0.109) (52 0.103) (51 -0.0779) (57 -0.0674) (48 -0.0533) (75 0.0477) (24 -0.0476) (42 -0.045) (49 0.0436) (26 -0.0425) (32 -0.0421) (73 0.0414) (50 -0.0383) (56 -0.0381) (22 0.0308) (60 -0.0301) (55 -0.0268) (43 0.0246) (45 -0.023) (36 -0.023) (17 0.0214) (19 0.021) (23 0.0203) (76 -0.0183) (25 0.0166) (27 -0.0159) (58 -0.0148) (11 -0.0144) (70 -0.0143) (46 0.0137) (68 -0.0133) (21 -0.0132) (31 0.0127) (28 0.0123) (41 -0.0111) (64 -0.0105) 
  0.00067419   (69 0.834) (70 -0.404) (57 -0.216) (68 0.207) (51 0.1) (49 -0.0782) (48 0.0712) (58 -0.0636) (42 -0.0594) (71 0.0528) (60 -0.0488) (53 -0.0388) (50 0.0344) (45 -0.0335) (83 -0.0335) (75 -0.0334) (30 -0.0331) (55 -0.0313) (46 -0.0286) (149 0.0274) (35 0.0249) (52 -0.0236) (73 0.0219) (43 0.02) (37 0.0185) (20 -0.0184) (21 0.0178) (125 -0.0171) (33 0.0168) (16 -0.0164) (89 -0.0161) (100 0.0159) (115 -0.0158) (44 0.0156) (104 0.0155) (127 0.015) (124 0.0147) (13 0.0144) (97 -0.014) (122 0.0134) (78 0.0128) (88 0.0125) (41 0.0121) (40 0.012) (91 -0.012) (39 -0.0117) (92 0.0113) (118 0.011) (79 -0.011) (67 -0.011) (99 -0.0108) (90 0.0108) (107 -0.0105) 
  0.00070928   (149 0.842) (49 0.341) (48 -0.28) (51 -0.191) (45 -0.13) (42 -0.103) (43 0.0729) (44 0.0524) (13 0.0484) (73 -0.048) (54 0.048) (35 -0.0428) (53 -0.0426) (37 0.041) (57 0.0374) (69 0.0343) (58 0.0328) (30 -0.0314) (75 -0.0309) (46 -0.03) (68 0.026) (148 -0.0255) (55 -0.025) (56 -0.023) (47 0.0209) (64 0.0206) (52 0.0206) (60 0.0154) (28 -0.0123) (76 0.0122) (38 -0.0122) (24 0.0117) (22 -0.0108) (19 -0.0106) 
   0.0007346   (149 0.539) (49 -0.529) (48 0.434) (51 0.293) (45 0.205) (42 0.165) (43 -0.115) (69 -0.0962) (44 -0.0828) (13 -0.0764) (54 -0.0749) (73 0.0742) (53 0.0688) (35 0.0653) (37 -0.0652) (68 -0.0514) (30 0.0509) (75 0.05) (46 0.0485) (58 -0.0479) (57 -0.0468) (55 0.0409) (56 0.036) (47 -0.0329) (64 -0.0327) (52 -0.0308) (70 0.0236) (60 -0.0215) (28 0.0196) (38 0.0195) (76 -0.0192) (24 -0.018) (19 0.017) (22 0.0167) (148 -0.0163) (50 -0.0162) (17 0.0155) (21 -0.0137) (40 -0.0133) (41 -0.0133) (16 0.0121) (72 -0.0117) (121 0.0116) (26 -0.0106) (11 -0.0103) (25 0.0103) 
   0.0007889   (38 -0.68) (39 -0.409) (37 0.34) (35 0.235) (21 0.232) (23 0.159) (42 0.155) (22 -0.134) (19 -0.129) (20 -0.124) (33 0.0799) (41 -0.0779) (16 -0.0745) (40 -0.0734) (45 0.0701) (13 0.0641) (30 -0.058) (43 -0.0456) (51 -0.0309) (57 0.0299) (44 -0.029) (46 0.0284) (17 -0.0282) (36 -0.0239) (32 -0.0223) (24 -0.0202) (26 -0.0193) (55 0.0191) (50 -0.0174) (34 -0.0135) (47 -0.0117) (53 0.0116) (75 0.0105) 
  0.00083169   (21 0.545) (23 0.422) (22 -0.386) (19 -0.303) (38 0.266) (20 -0.243) (30 0.188) (37 -0.178) (13 0.166) (39 0.145) (16 -0.105) (28 0.0851) (35 -0.0829) (17 -0.0822) (33 -0.0528) (143 0.0384) (24 0.0278) (11 0.023) (27 -0.0201) (26 -0.017) (40 0.0168) (12 -0.0136) (41 0.0124) (45 0.0111) (32 0.0104) (36 0.0102) 
  0.00086692   (143 0.999) (142 0.0301) (21 -0.0219) (23 -0.0168) (22 0.0153) (19 0.0122) 
  0.00090882   (49 -0.46) (51 -0.373) (45 -0.354) (46 -0.335) (50 -0.326) (42 -0.312) (16 -0.271) (43 0.15) (57 0.132) (55 0.107) (17 0.1) (44 0.0985) (13 0.0949) (35 0.0899) (41 0.087) (54 -0.0735) (48 0.0724) (30 -0.0679) (37 0.0609) (56 -0.0602) (53 0.0503) (75 0.0459) (39 0.0445) (33 0.0388) (47 0.0366) (24 -0.0312) (38 -0.0309) (58 0.0264) (52 0.0251) (60 0.0212) (76 -0.0197) (68 -0.0175) (32 -0.0161) (83 -0.0157) (26 -0.0148) (28 -0.0144) (69 -0.0144) (19 0.0134) (11 0.0114) (114 0.0103) (118 0.0102) (23 0.0101) 
   0.0010643   (16 -0.802) (17 0.358) (13 0.28) (21 -0.147) (42 0.13) (45 0.128) (49 0.126) (19 0.118) (30 0.103) (46 0.101) (20 0.101) (51 0.0912) (50 0.0856) (43 -0.0593) (28 0.0487) (37 -0.0482) (44 -0.0395) (11 0.037) (41 -0.0333) (57 -0.0274) (55 -0.0252) (22 0.0235) (38 0.0228) (12 -0.0225) (33 -0.022) (54 0.0192) (35 -0.0172) (15 -0.017) (14 -0.0168) (48 -0.016) (26 -0.0159) (56 0.0148) (23 0.0144) (47 -0.014) (75 -0.0138) (24 0.0135) (53 -0.0118) (39 -0.0109) 
    0.001284   (146 -1) 
    0.001468   (55 -0.66) (56 -0.435) (30 -0.405) (57 0.26) (51 0.17) (54 0.159) (53 -0.125) (33 -0.116) (32 -0.107) (37 -0.0751) (28 -0.067) (48 0.0639) (50 0.0628) (49 -0.0502) (46 -0.049) (16 -0.048) (75 0.0467) (52 -0.0459) (20 -0.0457) (13 0.0453) (21 0.0444) (47 0.0377) (45 -0.0369) (35 0.0361) (73 0.0328) (19 -0.0321) (58 0.0311) (68 -0.0276) (60 0.0207) (72 0.0199) (42 -0.0197) (44 0.0195) (38 0.0188) (64 -0.0184) (76 -0.0175) (69 -0.0172) (27 0.0163) (24 -0.0156) (70 -0.0132) (29 -0.0127) (139 0.0122) (43 0.0107) 
   0.0015267   (30 -0.74) (55 0.328) (33 -0.287) (56 0.201) (32 -0.198) (37 -0.197) (42 0.169) (51 -0.123) (28 -0.114) (139 0.111) (13 0.102) (57 -0.101) (45 0.0898) (54 -0.0802) (38 0.0748) (53 0.064) (43 -0.0533) (21 0.0513) (50 -0.0493) (41 -0.0465) (16 -0.0451) (19 -0.0444) (20 -0.0419) (39 -0.0409) (46 0.0397) (44 -0.0366) (35 -0.0336) (52 0.029) (27 0.028) (17 -0.027) (48 -0.026) (22 -0.0251) (75 -0.0244) (47 -0.024) (73 -0.0229) (34 0.0217) (26 0.021) (29 -0.0175) (40 -0.0151) (11 0.0144) (49 0.0134) (25 -0.0129) (68 0.0124) (64 0.011) (58 -0.0101) (31 -0.0101) 
   0.0015662   (139 0.994) (30 0.0882) (33 0.0336) (55 -0.0285) (32 0.0236) (37 0.0229) (42 -0.0184) (56 -0.0172) (28 0.0136) (13 -0.012) (51 0.0115) 
    0.001789   (15 0.882) (32 0.407) (13 0.123) (14 0.123) (28 -0.0862) (35 0.081) (30 -0.0751) (37 -0.0363) (134 -0.0362) (39 0.0287) (42 0.0244) (17 -0.0205) (33 0.0203) (72 -0.0145) (40 -0.0145) (44 -0.0127) (26 0.0119) (43 -0.0111) (19 0.0109) (45 0.0107) (25 -0.0103) 
   0.0018038   (134 -0.695) (32 0.589) (15 -0.339) (30 -0.123) (35 0.118) (28 -0.108) (37 -0.0535) (14 -0.0449) (13 0.0427) (33 0.0352) (39 0.0341) (42 0.0319) (24 0.0316) (26 0.0263) (17 -0.0218) (23 -0.0179) (19 -0.0171) (44 -0.0158) (40 -0.0157) (43 -0.0154) (21 0.0128) (52 -0.0123) (31 -0.012) (51 -0.0114) (45 0.0112) 
   0.0019209   (134 -0.718) (32 -0.59) (15 0.284) (30 0.123) (35 -0.118) (28 0.109) (37 0.0535) (13 -0.0476) (14 0.0372) (33 -0.0351) (39 -0.0344) (42 -0.032) (24 -0.0307) (26 -0.026) (17 0.0221) (23 0.0176) (19 0.016) (40 0.0159) (44 0.0159) (43 0.0154) (21 -0.0126) (52 0.012) (31 0.012) (51 0.0114) (45 -0.0113) 
   0.0019499   (28 -0.891) (52 -0.276) (30 0.195) (32 -0.127) (51 -0.0988) (29 0.0979) (47 -0.0891) (24 -0.0852) (68 0.0756) (26 -0.0628) (70 0.0601) (48 0.0589) (54 0.0576) (35 -0.0521) (50 0.0514) (53 0.0388) (31 0.0351) (44 -0.0346) (16 -0.0341) (19 -0.0299) (20 -0.0294) (25 -0.0289) (46 -0.0275) (45 0.0271) (72 0.0258) (37 -0.0208) (60 -0.0203) (73 0.0202) (43 -0.0195) (36 0.0176) (58 -0.0173) (75 0.0167) (41 0.016) (49 0.0157) (74 0.0152) (42 0.015) (14 0.0148) (21 0.0135) (15 -0.0132) (17 -0.0129) (57 -0.0125) (66 0.0124) (38 -0.0123) (33 -0.0121) (27 0.0117) (71 -0.0116) (82 -0.0113) (132 -0.0112) (56 -0.0108) (67 0.0106) 
   0.0021479   (68 0.673) (70 0.502) (52 0.251) (132 -0.188) (72 0.17) (73 0.133) (75 0.132) (66 0.124) (74 0.122) (51 0.12) (78 -0.101) (71 -0.0982) (48 -0.0911) (49 -0.087) (58 0.0765) (47 0.0689) (63 -0.0637) (76 -0.0624) (69 0.0568) (53 -0.0563) (64 0.0521) (60 -0.0503) (79 -0.0418) (57 -0.0414) (42 -0.0414) (82 -0.0411) (130 0.0408) (56 0.0379) (46 0.0328) (83 -0.0328) (87 0.029) (84 0.0289) (80 -0.0261) (55 -0.0259) (43 0.0255) (107 -0.0243) (108 0.0241) (54 -0.0229) (30 -0.0204) (41 0.0193) (44 0.0186) (118 -0.0162) (96 -0.0162) (45 -0.0157) (92 0.0154) (35 0.0153) (59 0.0135) (61 0.0127) (37 0.0125) (77 0.0123) (129 0.0115) (106 0.0114) (16 -0.0112) (62 -0.0108) (86 0.0103) 
   0.0023227   (52 0.59) (132 -0.534) (28 -0.271) (68 -0.24) (47 0.214) (70 -0.205) (51 0.199) (54 -0.135) (48 -0.111) (53 -0.0856) (72 -0.085) (58 0.0832) (73 -0.0744) (44 0.0726) (50 -0.072) (130 0.0718) (60 0.0634) (30 0.0523) (46 0.05) (66 -0.0496) (49 -0.0483) (74 -0.048) (75 -0.0432) (56 0.0402) (57 0.0384) (41 -0.0312) (24 -0.0308) (83 0.0292) (43 0.0286) (82 0.0264) (71 0.0261) (35 -0.0259) (29 0.0254) (69 -0.0253) (63 0.0227) (26 -0.02) (61 -0.0189) (78 0.0186) (64 -0.0185) (34 -0.0185) (13 0.0185) (79 0.0173) (32 -0.0166) (19 -0.0165) (16 -0.0164) (45 -0.0163) (67 -0.0154) (92 0.014) (20 -0.0138) (37 -0.0135) (118 -0.0129) (25 -0.0123) (131 -0.0118) (115 0.0115) (17 -0.0111) (112 -0.0107) (129 0.0107) (114 -0.0102) (39 -0.0102) 
   0.0024186   (132 -0.816) (52 -0.442) (28 0.192) (51 -0.158) (47 -0.155) (48 0.0936) (54 0.0932) (130 0.0839) (58 -0.0722) (53 0.069) (49 0.0523) (44 -0.0515) (50 0.0453) (46 -0.0403) (56 -0.0351) (30 -0.0322) (60 -0.0293) (43 -0.0246) (24 0.0235) (29 -0.0193) (129 0.0176) (73 0.0175) (70 0.0161) (72 0.0156) (41 0.0155) (57 -0.0151) (26 0.0145) (131 -0.0142) (45 0.0141) (16 0.014) (35 0.0139) (13 -0.0133) (34 0.0124) (135 0.012) (92 -0.0119) (83 -0.0118) (19 0.0117) (20 0.0115) (32 0.0111) (78 0.011) 
   0.0025633   (22 0.811) (20 -0.309) (21 0.273) (19 -0.231) (56 -0.225) (24 0.1) (55 0.0808) (14 -0.0723) (16 -0.0713) (54 -0.0693) (57 -0.069) (30 0.0649) (23 -0.0591) (51 -0.053) (45 0.0454) (29 0.0451) (42 0.0418) (25 -0.0386) (35 -0.0369) (46 0.035) (50 -0.0344) (33 -0.034) (28 0.0327) (11 0.0315) (44 -0.025) (18 0.0234) (75 -0.0215) (38 0.0211) (43 -0.0196) (13 0.0175) (52 0.0172) (41 0.0166) (27 -0.0163) (70 0.0161) (49 0.0153) (60 -0.0142) (125 -0.0138) (68 0.0126) (121 0.0123) (32 0.0117) (120 -0.0113) (47 -0.0111) (15 0.0111) (83 0.011) (48 -0.0108) (26 0.0105) (53 -0.0103) (40 -0.01) 
   0.0026206   (60 0.86) (56 0.346) (58 -0.166) (55 -0.141) (54 0.131) (75 0.124) (22 0.103) (45 -0.0813) (50 0.0746) (46 -0.0741) (57 -0.0656) (20 -0.0524) (51 0.0518) (76 -0.0509) (52 -0.0468) (21 0.0463) (64 -0.0437) (133 -0.0403) (19 -0.0333) (73 0.0312) (44 0.0277) (68 0.0276) (72 -0.0275) (108 -0.0254) (59 -0.0235) (79 0.0226) (125 -0.0226) (83 0.0224) (16 -0.0223) (43 0.021) (49 -0.0195) (121 -0.0173) (53 0.0171) (74 -0.0169) (70 0.0168) (14 -0.0167) (107 0.0163) (63 -0.0156) (30 -0.0153) (61 0.0153) (109 0.0152) (65 0.0136) (99 -0.0131) (78 -0.0116) (47 0.0111) (40 0.0104) (37 0.0101) 
   0.0027353   (133 -0.722) (56 0.477) (60 -0.281) (57 0.247) (55 -0.139) (22 0.132) (54 0.132) (51 0.0973) (47 -0.0742) (42 -0.07) (20 -0.0668) (41 0.0586) (58 0.0584) (21 0.0578) (50 0.0512) (45 -0.0476) (19 -0.0437) (53 0.0378) (68 -0.0371) (70 -0.0362) (48 -0.031) (35 0.0292) (16 -0.0289) (46 -0.0268) (83 -0.0235) (30 -0.0229) (43 0.0228) (49 -0.0221) (75 0.0211) (64 0.0207) (44 -0.0205) (37 0.0192) (39 0.0178) (52 -0.0164) (125 0.0141) (69 0.0121) (72 0.0114) (29 0.0113) (118 0.0112) (123 0.0108) (59 0.0107) 
   0.0028639   (133 -0.69) (56 -0.52) (57 -0.254) (60 0.243) (55 0.154) (54 -0.146) (22 -0.144) (51 -0.105) (47 0.0765) (42 0.0734) (20 0.073) (21 -0.0632) (41 -0.0605) (50 -0.0581) (45 0.0549) (58 -0.051) (19 0.0476) (125 -0.0407) (53 -0.0404) (68 0.0372) (70 0.037) (46 0.0327) (48 0.0319) (16 0.0316) (35 -0.0305) (75 -0.0286) (43 -0.0252) (30 0.0249) (49 0.0243) (83 0.0241) (37 -0.0206) (52 0.0201) (44 0.0195) (64 -0.0191) (39 -0.018) (123 -0.0178) (118 -0.0132) (127 0.0129) (69 -0.0127) (107 0.0126) (76 0.0124) (135 -0.0121) (29 -0.0117) (108 -0.0107) (72 -0.0105) 
   0.0034604   (37 0.679) (38 0.567) (64 -0.294) (35 0.173) (39 -0.155) (83 0.131) (42 0.131) (41 -0.0935) (30 -0.0747) (58 0.0743) (57 0.0687) (45 0.043) (28 -0.0405) (51 -0.0378) (86 -0.0355) (14 0.0287) (36 -0.0275) (40 0.0273) (68 0.0272) (43 -0.0264) (55 0.024) (63 0.0239) (33 0.0224) (48 0.0215) (47 0.0208) (96 -0.0201) (69 0.0198) (73 -0.0187) (20 -0.0184) (16 -0.0172) (90 0.017) (24 -0.0157) (21 0.0153) (75 -0.015) (84 0.0148) (131 0.0143) (108 0.014) (29 0.0138) (88 -0.0121) (22 -0.0114) (107 -0.0109) 
   0.0038352   (83 0.857) (64 0.347) (131 0.253) (86 -0.151) (90 0.0773) (84 0.0771) (58 -0.0769) (57 -0.0754) (85 0.0565) (107 -0.0473) (108 0.0463) (91 -0.0449) (130 0.0422) (60 -0.0408) (42 -0.0359) (75 -0.0352) (55 -0.0345) (96 -0.0342) (89 -0.0309) (51 0.0305) (112 0.0301) (45 -0.0298) (63 -0.0288) (115 -0.0285) (103 -0.0283) (72 -0.0257) (106 0.0253) (114 0.025) (87 -0.0221) (97 -0.0209) (118 0.0204) (88 -0.0201) (93 0.02) (41 0.0196) (79 0.0189) (70 0.0189) (124 0.0189) (109 0.0188) (102 0.0187) (104 0.0175) (46 -0.0175) (76 0.0171) (30 -0.0168) (101 -0.0154) (38 -0.0154) (78 -0.0153) (52 -0.0153) (56 0.0145) (116 0.0142) (49 -0.0141) (110 0.0137) (43 0.0135) (100 0.0127) (126 0.0125) (113 -0.0125) (92 0.0114) (127 0.011) (62 -0.0104) (61 0.0101) 
   0.0040002   (131 0.605) (64 0.577) (83 -0.401) (37 0.189) (38 0.15) (58 -0.111) (130 0.092) (47 0.0874) (57 -0.0867) (86 0.0783) (68 -0.07) (41 -0.0531) (69 -0.0526) (39 -0.0517) (90 -0.0502) (75 0.0477) (44 0.0462) (63 -0.0459) (84 -0.0441) (73 0.0385) (35 0.0381) (48 0.0333) (108 -0.0329) (96 0.0322) (85 -0.0305) (42 0.0289) (107 0.0262) (88 0.0253) (30 -0.0245) (55 -0.0227) (51 0.0215) (91 0.0192) (103 0.0189) (46 -0.0177) (62 -0.0166) (109 -0.0165) (61 0.0162) (49 0.0152) (13 0.0152) (60 -0.015) (28 -0.015) (106 -0.014) (94 0.0133) (40 0.0133) (76 -0.0126) (87 0.0123) (67 -0.0123) (70 -0.0121) (45 -0.0118) (127 0.0116) (66 -0.0113) (102 -0.0111) (59 0.0106) (93 -0.0106) (20 -0.0103) (99 -0.0102) 
   0.0040888   (131 0.74) (64 -0.584) (37 -0.168) (38 -0.129) (58 0.116) (130 0.111) (57 0.0959) (47 -0.0687) (68 0.0575) (63 0.0469) (39 0.0459) (69 0.0451) (44 -0.0386) (35 -0.0382) (41 0.0378) (73 -0.0329) (55 0.0304) (48 -0.0296) (83 0.0288) (30 0.0278) (51 -0.0276) (60 0.0266) (75 -0.0258) (46 0.0206) (45 0.0195) (108 0.0176) (62 0.017) (96 -0.0167) (61 -0.0165) (90 0.0156) (13 -0.0143) (28 0.0141) (88 -0.014) (42 -0.0131) (40 -0.0129) (86 -0.0128) (67 0.0126) (94 -0.0125) (20 0.0118) (59 -0.0114) (107 -0.0111) (52 0.0106) (21 -0.0102) 
   0.0042143   (105 0.541) (96 0.344) (103 0.293) (124 0.264) (109 0.242) (104 -0.224) (99 -0.209) (107 -0.207) (123 -0.195) (110 -0.186) (101 0.183) (113 0.141) (120 -0.137) (121 -0.131) (125 0.119) (102 -0.0978) (98 -0.0874) (100 -0.0862) (115 -0.0721) (94 0.0646) (89 0.0555) (112 -0.055) (47 0.0499) (119 0.041) (93 -0.038) (111 0.0369) (118 0.0359) (92 0.0353) (116 -0.032) (108 0.0318) (106 -0.031) (83 0.0309) (81 0.0301) (72 -0.0283) (126 -0.0267) (145 0.0255) (48 0.0255) (117 0.0215) (85 -0.0194) (114 -0.0193) (90 -0.0169) (80 -0.0169) (44 0.016) (64 -0.0153) (52 -0.0146) (88 -0.0141) (97 -0.0133) (68 0.0125) (79 0.0124) (70 0.0122) (60 -0.0122) (46 -0.0114) (49 0.0113) (135 0.011) (42 0.0102) 
   0.0042956   (145 -0.999) (124 0.0323) (123 -0.0207) (125 0.0131) (135 0.0109) (113 0.0106) 
   0.0043954   (47 0.753) (48 0.357) (44 0.271) (49 0.203) (52 -0.165) (41 -0.142) (46 -0.122) (72 -0.115) (42 0.105) (56 0.0995) (64 -0.0867) (60 -0.0857) (14 -0.0795) (37 -0.0786) (57 0.0735) (68 0.0624) (54 0.0622) (124 -0.0622) (83 0.0598) (51 -0.0596) (70 0.0567) (58 0.0551) (81 0.0536) (123 0.0502) (38 -0.0491) (96 0.0461) (107 0.044) (125 -0.0424) (35 -0.0424) (121 0.041) (53 0.0406) (105 -0.0397) (22 0.0343) (55 0.0333) (120 0.0323) (80 -0.0314) (109 -0.0298) (69 0.0265) (108 -0.0259) (30 0.0251) (113 0.0233) (86 0.0231) (29 -0.0219) (79 0.0218) (11 0.0209) (106 -0.0196) (73 0.0196) (90 -0.0196) (111 0.0192) (103 -0.0191) (43 0.0188) (45 -0.0178) (91 -0.0174) (99 0.0156) (119 -0.0151) (88 0.0149) (28 0.0148) (85 -0.0147) (66 0.0138) (101 -0.0136) (110 0.0129) (75 0.0123) (82 0.0122) 
   0.0044597   (72 -0.634) (44 0.436) (80 -0.37) (47 -0.262) (82 0.173) (79 0.16) (94 0.136) (70 0.129) (45 0.121) (86 0.12) (84 -0.0969) (43 0.0833) (98 -0.0827) (68 0.0672) (48 -0.066) (77 0.0613) (90 0.0611) (49 -0.0599) (76 -0.056) (111 0.0559) (41 -0.0549) (78 0.0548) (93 0.053) (113 -0.0465) (96 -0.0446) (69 0.0398) (107 0.0393) (108 0.0389) (73 -0.033) (75 -0.0328) (85 -0.0321) (105 -0.0308) (42 0.0296) (60 -0.0292) (55 -0.0263) (104 0.0254) (81 0.025) (121 -0.0229) (97 0.0228) (74 0.0217) (92 -0.0212) (123 -0.0212) (101 -0.0204) (87 0.0204) (100 0.0203) (89 0.0177) (155 0.0176) (58 0.0173) (124 0.0168) (103 0.016) (125 0.0147) (66 0.0127) (106 -0.0122) (54 0.0117) (110 0.0117) (51 0.0115) (119 0.0109) (71 -0.0101) (91 0.01) 
   0.0045226   (155 0.999) (44 -0.0346) (47 0.0121) 
   0.0048531   (44 0.752) (72 0.47) (47 -0.204) (45 0.192) (80 0.147) (79 -0.136) (41 -0.13) (43 0.118) (42 0.0943) (70 -0.0902) (86 -0.0822) (82 -0.066) (108 -0.0645) (90 0.0544) (111 -0.045) (84 0.0421) (85 0.0417) (68 -0.0409) (98 0.04) (49 -0.0391) (113 0.0386) (37 -0.037) (155 0.0351) (89 -0.0345) (48 -0.0318) (69 -0.0314) (39 0.0282) (96 0.0274) (107 -0.0246) (14 -0.0239) (58 -0.0237) (73 0.0228) (78 0.0223) (50 -0.0219) (105 0.0191) (104 -0.0178) (101 0.0166) (52 -0.0163) (38 -0.0162) (94 0.0159) (87 -0.0157) (123 0.0155) (121 0.0154) (110 -0.0154) (100 -0.0153) (124 -0.0153) (22 0.0152) (115 0.0152) (114 -0.0148) (75 0.0147) (56 0.0145) (13 -0.0139) (30 0.0138) (57 0.0136) (76 0.0135) (119 -0.0132) (32 0.0131) (112 -0.013) (64 -0.0125) (125 -0.0123) (15 0.0115) (29 -0.0114) (83 0.0108) (77 -0.0101) 
   0.0049105   (18 -0.979) (138 -0.188) (17 -0.047) (14 0.0397) (16 -0.0307) (22 0.0241) (7 -0.0215) (13 -0.016) 
   0.0050853   (138 -0.982) (18 0.187) 
   0.0053092   (7 1) (18 -0.021) 
   0.0053918   (4 -1) 
   0.0056078   (27 -0.655) (26 0.379) (136 -0.352) (24 0.276) (35 0.266) (13 0.244) (23 -0.143) (32 -0.137) (39 0.13) (29 -0.0958) (17 -0.0864) (28 -0.0606) (33 0.0599) (40 -0.0584) (16 0.0474) (30 0.039) (20 0.0358) (11 0.0341) (75 -0.032) (22 -0.0318) (31 0.0271) (12 -0.0234) (37 -0.0232) (76 0.0194) (45 0.019) (15 -0.0187) (19 0.0186) (43 -0.0164) (21 0.0154) (41 0.0127) (42 0.0115) (73 -0.0109) 
   0.0056635   (136 -0.936) (27 0.246) (26 -0.142) (24 -0.104) (35 -0.0999) (13 -0.0919) (23 0.0539) (32 0.0515) (39 -0.0486) (29 0.036) (17 0.0325) (28 0.0228) (33 -0.0225) (40 0.0219) (16 -0.0178) (30 -0.0146) (20 -0.0135) (11 -0.0128) (22 0.012) (75 0.0118) (31 -0.0102) 
   0.0059806   (10 0.675) (17 0.576) (16 0.338) (13 0.269) (24 -0.0879) (20 -0.0626) (23 0.0619) (18 -0.0433) (35 0.0424) (26 -0.0377) (11 0.0288) (15 -0.0288) (12 -0.0234) (14 0.0222) (39 0.0214) (22 0.0189) (21 0.0162) (75 -0.014) (32 -0.0129) 
   0.0062875   (144 0.999) (10 -0.0272) (17 0.0171) 
   0.0068692   (10 0.736) (17 -0.541) (16 -0.309) (13 -0.208) (24 0.0881) (20 0.0632) (23 -0.0597) (35 -0.0445) (18 0.0396) (26 0.0373) (144 0.0345) (11 -0.0275) (39 -0.0219) (15 0.0215) (22 -0.0205) (12 0.02) (21 -0.0177) (75 0.0161) (32 0.0136) (14 -0.0132) 
   0.0070661   (11 -0.906) (41 0.334) (12 -0.178) (13 0.119) (44 0.071) (14 -0.0644) (42 0.0619) (39 -0.0473) (47 0.0332) (48 0.0316) (49 0.0262) (35 -0.0249) (45 0.0221) (37 0.0203) (29 0.0176) (34 0.0176) (40 0.0166) (60 0.0122) (43 -0.012) (33 -0.0118) (108 0.0102) 
   0.0073284   (141 -0.999) (41 0.0458) (11 0.0202) 
   0.0077472   (41 -0.875) (11 -0.351) (42 -0.159) (44 -0.154) (39 0.118) (48 -0.0803) (12 -0.0694) (49 -0.0686) (37 -0.0594) (35 0.0538) (141 -0.0528) (47 -0.0497) (14 -0.0477) (45 -0.0466) (34 -0.0441) (40 -0.0419) (29 -0.0414) (43 0.037) (22 0.0344) (60 -0.0239) (52 -0.0236) (61 -0.0236) (50 0.0234) (19 -0.0217) (33 0.0216) (62 0.0187) (74 0.0179) (108 -0.0178) (30 0.0171) (56 0.0168) (67 0.0163) (83 0.0149) (82 0.0133) (38 -0.0126) (77 0.0116) (79 0.0115) (20 -0.0113) (107 0.0112) (24 -0.0108) (26 -0.0107) (32 -0.0102) 
   0.0080367   (12 0.917) (29 0.333) (11 -0.164) (13 0.112) (33 0.0376) (27 -0.0351) (14 -0.0345) (28 0.0333) (30 -0.0231) (34 -0.0231) (41 -0.0217) (66 -0.0159) (19 0.0146) (48 0.013) (37 -0.0118) (137 -0.0113) 
   0.0091031   (137 -0.98) (29 0.177) (12 -0.077) (33 0.0176) (27 -0.0165) (28 0.0161) (11 0.0146) (30 -0.0117) (34 -0.0111) 

 Largest eigenvalues
      26.993   (162 -0.279) (165 0.948) 
      26.907   (35 0.424) (39 0.346) (42 -0.352) (75 0.351) 
      24.002   (35 -0.296) (75 0.705) (76 -0.294) 
       15.71   (107 0.475) (108 -0.695) 
      4.1444   (96 0.293) (121 0.325) (123 0.395) (124 -0.511) (125 -0.332) 
      1.2914   (162 -0.96) (165 -0.277) 
      1.2234   (164 0.998) 
      1.1502   (163 0.995) 
      1.1428   (88 0.525) (89 -0.723) 
      1.1421   (100 0.549) (101 0.519) (106 0.416) 
      1.1288   (100 0.399) (104 0.314) (106 -0.677) 
     0.94991   (115 -0.481) (116 -0.639) 
     0.90522   (104 0.585) (105 0.492) (106 0.441) 
     0.89368   (99 -0.544) (100 -0.512) (103 -0.331) 
     0.87439   (104 -0.234) (112 0.674) (129 0.24) (135 0.213) 
     0.77162   (110 -0.505) (116 0.409) (118 0.338) 
     0.66968   (110 0.705) (112 -0.317) 
     0.66958   (96 0.776) (99 0.317) 
     0.66143   (114 -0.422) (115 -0.308) (126 0.566) (135 0.394) 
      0.6036   (113 0.509) (114 0.634) (126 0.294) 
     0.59278   (109 -0.588) (113 -0.394) (114 0.352) 
     0.57955   (109 0.674) (113 -0.41) 
     0.57463   (122 0.367) (123 0.307) (124 0.331) (129 -0.497) 
       0.571   (123 -0.353) (125 -0.687) (129 -0.411) 
     0.56387   (120 0.441) (121 -0.503) (122 -0.419) 
     0.55803   (118 0.419) (120 -0.633) (122 -0.315) 
     0.50916   (117 -0.436) (121 0.455) (123 -0.434) 
     0.46698   (117 0.631) (122 0.339) (126 0.33) (135 -0.329) 
     0.45663   (117 -0.51) (121 -0.299) (123 0.317) (126 0.349) (135 -0.375) 
     0.39461   (91 -0.92) (92 -0.319) 
     0.35268   (122 -0.329) (124 0.352) (127 0.487) (129 0.282) (135 -0.408) 
     0.31843   (93 0.901) (94 -0.209) (103 0.216) 
     0.30653   (93 -0.311) (103 0.682) (104 0.416) (105 -0.308) 
     0.27061   (102 -0.823) (103 -0.235) 
     0.24883   (98 -0.495) (124 -0.296) 
     0.24605   (79 -0.33) (86 0.651) (98 0.312) 
      0.2333   (79 0.524) (98 0.574) 
     0.23029   (79 -0.488) (86 -0.608) 
     0.18149   (98 -0.394) (111 0.577) 
     0.15278   (88 0.327) (89 0.409) (90 -0.71) (94 -0.328) 
     0.14506   (90 0.317) (94 -0.339) (97 -0.559) (107 -0.329) 
     0.13376   (85 0.308) (94 0.61) (107 -0.312) 
     0.12734   (85 -0.881) (97 0.231) 
       0.118   (88 -0.533) (89 -0.359) (94 -0.298) (97 0.333) 
     0.10692   (72 -0.388) (78 -0.289) (80 0.575) (82 -0.366) (84 0.31) 
     0.10312   (77 0.264) (78 0.317) (80 -0.275) (84 0.302) (87 -0.281) (97 0.301) 
     0.10151   (59 0.26) (62 -0.23) (67 0.342) (71 0.331) (76 0.248) (77 -0.218) (79 -0.197) (82 0.227) 
     0.09707   (59 -0.632) (62 0.349) 
    0.094891   (59 0.594) (67 -0.346) (71 -0.3) 
    0.089842   (59 -0.33) (62 -0.324) (67 0.306) (97 -0.303) 
    0.085366   (62 0.615) (71 0.34) 
    0.078466   (62 -0.517) (67 -0.397) (84 0.29) 
    0.074207   (61 0.262) (62 0.212) (63 0.206) (65 -0.681) (71 -0.255) (84 0.237) 
    0.073623   (61 -0.773) (71 -0.325) 
    0.071905   (61 0.493) (65 0.451) (67 0.314) 
    0.067463   (67 -0.219) (71 0.339) (118 -0.381) 
    0.061911   (74 -0.352) (76 0.304) (78 0.313) 
    0.060587   (63 0.591) (82 -0.299) (87 0.291) 
    0.057205   (63 -0.606) (74 0.356) (87 0.292) 
    0.055867   (63 0.333) (66 0.298) (68 0.292) (69 -0.287) (70 -0.385) (71 0.258) (76 -0.28) (78 -0.261) 
    0.054039   (66 -0.382) (74 -0.434) (82 0.336) (84 0.278) (101 -0.267) 
    0.051658   (66 0.488) (76 0.288) 
    0.048599   (66 -0.491) (67 0.316) (68 0.3) (74 0.323) 
    0.046454   (82 -0.353) (84 -0.352) (87 -0.343) (119 0.305) 
    0.044226   (34 0.922) 
    0.042543   (34 -0.354) (47 0.339) (48 -0.482) (49 -0.408) 
    0.042237   (77 0.416) (87 0.246) (92 0.307) (119 0.386) 
    0.039901   (53 0.237) (54 -0.406) (55 -0.285) (77 -0.394) (119 0.265) 
    0.033253   (50 -0.369) (54 0.395) (77 -0.403) 
     0.03205   (31 -0.828) (40 -0.419) 
    0.029446   (31 0.518) (40 -0.523) 
    0.028042   (36 0.492) (40 0.361) (58 -0.286) (92 -0.425) 
    0.027766   (36 -0.784) (40 0.357) 
    0.023648   (40 -0.279) (50 -0.432) (55 -0.252) (58 0.323) (77 0.247) (92 -0.315) 
    0.022328   (118 -0.228) (129 0.283) (130 -0.818) 
    0.021213   (128 -0.578) (160 -0.809) 
    0.020311   (128 -0.577) (160 0.314) (161 0.754) 
    0.019928   (128 -0.577) (160 0.496) (161 -0.648) 
    0.016936   (14 -0.974) 
    0.015993   (140 -0.999) 
