 1 1000
 2 537.289
 3 21.0618
 4 1000
 5 423.037
 6 300.968
 7 999.79
 8 3.19406
 9 991.313
 10 879.283
 11 2.44735
 12 795.954
 13 1000
 14 997.789
 15 0.825775
 16 1000
 17 996.994
 18 2.90724
 19 1000
 20 843.862
 21 153.608
 22 1000
 23 946.204
 24 53.1097
 25 237.927
 26 256.287
 27 15.0617
 28 985.303
 29 210.193
 30 241.831
 31 484.235
 32 50.3513
 33 848.088
 34 209.305
 35 145.297
 36 377.636
 37 989.565
 38 997.901
 39 3.48424
 40 600.722
 41 967.365
 42 1.73646
 43 496.01
 44 858.644
 45 15.3457
 46 997.791
 47 443.459
 48 558.704
 49 934.368
 50 202.668
 51 304.145
 52 170.893
 53 950.827
 54 278.702
 55 172.761
 56 216.4
 57 895.808
 58 93.6715
 59 157.211
 60 161.51
 61 21.7866
 62 1.73655
 63 502.293
 64 296.694
 65 1.76691
 66 497.226
 67 955.525
 68 46.5526
 69 999.971
 70 1000
 71 875.35
 72 124.155
 73 999.513
 74 2.9822
 75 998.091
 76 986.867
 77 3.9486
 78 912.286
 79 999.144
 80 31.0719
 81 967.308
 82 989.756
 83 303.387
 84 2.5796
 85 107.383
 86 2.27926
 87 989.955
 88 1.72443
 89 1.64853
 90 1.93166
 91 8.67217
 92 393.069
 93 819.853
 94 519.67
 95 818.521
 96 927.879
 97 313.997
 98 250.666
 99 125.471
 100 620.2
 101 925.004
 102 109.443
 103 152.063
 104 130.06
 105 126.567
 106 159.525
 107 162.566
 108 164.874
 109 119.035
 110 91.7857
 111 172.723
 112 202.739
 113 185.677
 114 168.695
 115 170.559
 116 133.976
 117 166.709
 118 186.527
 119 142.565
 120 82.0712
 121 119.991
 122 47.141
 123 61.3221
 124 35.7717
 125 28.7163
 126 51.8515
 127 25.6364
 128 85.3764
 129 66.6378
 130 58.4896
 131 20.1076
 132 20.6989
 133 22.0338
 134 35.216
 135 8.60079
 136 45.1247
 137 9.68908
 138 9.05202
 139 9.19226
 140 10.5425
 141 11.1133
 142 8.53973
 143 9.16769
 144 14.8205
 145 15.0755
 146 12.5404
 147 9.96457
 148 29.2504
 149 15.7585
 150 11.9292
 151 13.922
 152 23.1984
 153 19.8207
 154 13.2199
 155 19.8825
 156 24.0318
 157 46.8829
 158 0.247473
 159 0.0827238
 160 0.406866
 161 22.2715
 162 22.4921
 163 329.869
 164 830.432
 165 8.39732
