 1 54510.7
 2 810.241
 3 31.3549
 4 177797
 5 626.472
 6 445.604
 7 573085
 8 43.4157
 9 18027.7
 10 2439.89
 11 4.5789
 12 1839.99
 13 275754
 14 4075.38
 15 0.852191
 16 367255
 17 4005.26
 18 9.0593
 19 123381
 20 2414.95
 21 437.662
 22 160711
 23 3629.89
 24 200.801
 25 257.168
 26 337.473
 27 19.5822
 28 2678.14
 29 278.159
 30 318.84
 31 516.191
 32 69.2241
 33 1173.77
 34 215.952
 35 170.886
 36 446.095
 37 1522.09
 38 3043.29
 39 7.28811
 40 979.073
 41 4370.32
 42 2.0016
 43 695.667
 44 1526.68
 45 26.3228
 46 5916.36
 47 1175.47
 48 1338.68
 49 1904.46
 50 205.661
 51 384.614
 52 214.687
 53 2950.87
 54 317.721
 55 239.193
 56 304.28
 57 1056.03
 58 95.0454
 59 170.874
 60 175.248
 61 22.6121
 62 1.74214
 63 552.627
 64 298.193
 65 1.77494
 66 503.579
 67 3684.34
 68 170.672
 69 133144
 70 178430
 71 2614.58
 72 366.809
 73 16767.7
 74 25.7627
 75 17147.4
 76 8343.52
 77 7.15341
 78 2014.55
 79 8337.19
 80 95.7592
 81 2781.58
 82 1582.35
 83 351.034
 84 2.74669
 85 139.761
 86 2.5198
 87 5570.98
 88 1.72469
 89 1.64855
 90 1.93191
 91 9.46559
 92 451.71
 93 1245.71
 94 766.413
 95 1410.24
 96 1797.5
 97 328.818
 98 259.754
 99 126.594
 100 716.036
 101 1414.57
 102 113.704
 103 154.517
 104 131.164
 105 127.246
 106 160.073
 107 163.289
 108 165.806
 109 119.936
 110 93.5092
 111 174.072
 112 203.57
 113 186.274
 114 169.034
 115 170.976
 116 134.785
 117 167.193
 118 186.757
 119 142.924
 120 82.8875
 121 120.697
 122 47.494
 123 62.6332
 124 36.0763
 125 29.2842
 126 52.3441
 127 26.8053
 128 88.635
 129 67.9582
 130 59.4235
 131 20.4277
 132 20.9006
 133 22.3588
 134 36.1522
 135 8.83353
 136 45.6052
 137 10.2357
 138 9.32409
 139 9.41726
 140 11.4666
 141 11.8473
 142 8.91844
 143 9.83472
 144 15.6519
 145 15.3093
 146 12.8149
 147 10.8371
 148 32.4799
 149 16.9531
 150 12.1925
 151 14.2023
 152 23.6715
 153 21.2494
 154 13.6511
 155 20.3299
 156 24.2004
 157 47.0903
 158 0.293018
 159 0.0861874
 160 0.478213
 161 35.7221
 162 27.837
 163 2541.03
 164 5975.49
 165 24.9703
