 1 31.6228
 2 22.6241
 3 1.83807
 4 31.6228
 5 16.1595
 6 11.834
 7 31.6185
 8 1.00823
 9 31.4212
 10 29.4853
 11 0.987995
 12 27.9751
 13 31.6228
 14 31.5806
 15 0.904429
 16 31.6228
 17 31.5405
 18 0.997128
 19 31.6228
 20 26.8928
 21 5.79867
 22 31.6228
 23 29.9929
 24 2.64901
 25 15.0231
 26 15.0862
 27 1.81687
 28 31.3359
 29 10.3916
 30 11.796
 31 21.555
 32 2.61971
 33 28.0625
 34 14.2822
 35 7.13946
 36 16.7307
 37 31.4358
 38 31.5633
 39 1.37565
 40 24.2467
 41 31.0291
 42 1.29128
 43 21.6657
 44 28.7202
 45 1.8277
 46 31.5642
 47 14.9671
 48 18.4219
 49 30.3294
 50 13.7906
 51 14.7143
 52 8.84876
 53 30.6411
 54 16.4562
 55 9.59033
 56 11.4734
 57 29.3477
 58 9.12195
 59 9.59553
 60 9.52823
 61 4.38051
 62 1.3117
 63 22.0545
 64 15.9394
 65 0.973183
 66 21.3371
 67 30.2804
 68 2.82394
 69 31.622
 70 31.6228
 71 27.8941
 72 5.25567
 73 31.6122
 74 1.35265
 75 31.5707
 76 31.3987
 77 1.39674
 78 30.1128
 79 31.6034
 80 2.33219
 81 30.6719
 82 31.4048
 83 16.911
 84 1.3723
 85 10.1407
 86 1.38546
 87 31.3931
 88 1.10624
 89 1.05013
 90 1.25998
 91 2.44744
 92 18.0413
 93 27.0191
 94 20.055
 95 27.4024
 96 29.9184
 97 16.4894
 98 14.2234
 99 9.17803
 100 23.9703
 101 30.0382
 102 9.43299
 103 11.7036
 104 10.6675
 105 10.5884
 106 12.2174
 107 12.2552
 108 12.307
 109 10.1199
 110 8.2129
 111 12.4551
 112 13.892
 113 13.2063
 114 12.4357
 115 12.3198
 116 10.4839
 117 12.0987
 118 13.0034
 119 11.2372
 120 8.40211
 121 10.5949
 122 6.67289
 123 7.67365
 124 5.48586
 125 5.13024
 126 6.90552
 127 4.53034
 128 8.70868
 129 7.38661
 130 7.09492
 131 4.13986
 132 4.45019
 133 4.5658
 134 5.8413
 135 2.6923
 136 6.64544
 137 2.91002
 138 2.85811
 139 2.87322
 140 3.09631
 141 3.07176
 142 2.68628
 143 2.81838
 144 3.70125
 145 3.77247
 146 3.39873
 147 2.92119
 148 5.19804
 149 3.79991
 150 3.28461
 151 3.5446
 152 4.70682
 153 4.33465
 154 3.52065
 155 4.37582
 156 4.81843
 157 6.78505
 158 0.205968
 159 0.220866
 160 0.271961
 161 3.73456
 162 4.28218
 163 16.1267
 164 27.8126
 165 0.595078
