 Smallest eigenvalues
  1.6972e-06   (9 1) 
  2.7229e-06   (47 0.739) (50 -0.4) (42 -0.268) (53 0.209) (154 -0.189) (44 -0.15) (11 -0.134) (46 0.132) (77 -0.124) (52 -0.11) (54 0.0956) (48 -0.0876) (43 -0.0815) (49 -0.0693) (32 0.0598) (55 -0.0595) (60 0.055) (38 0.0491) (41 0.0483) (51 -0.0457) (56 0.0389) (73 -0.0355) (59 -0.032) (45 -0.0297) (27 -0.0277) (24 0.0273) (40 0.0252) (78 0.0227) (76 0.0225) (71 -0.0219) (29 -0.0197) (68 0.0176) (70 0.0159) (75 -0.0155) (72 0.0154) (39 0.0149) (17 -0.0148) (23 -0.0147) (15 0.0129) (21 -0.0129) (58 -0.0113) (12 -0.0113) (19 0.0109) (22 0.0106) (84 0.0104) 
  3.6264e-06   (154 -0.982) (47 -0.143) (50 0.0771) (42 0.0518) (53 -0.0402) (44 0.029) (11 0.026) (46 -0.0255) (77 0.0235) (52 0.0212) (54 -0.0184) (48 0.0169) (43 0.0157) (49 0.0134) (32 -0.0116) (55 0.0115) (60 -0.0105) 
  5.6045e-06   (5 -1) 
  5.6244e-06   (148 0.644) (42 -0.463) (44 0.378) (43 0.376) (45 -0.168) (11 -0.115) (47 -0.099) (77 -0.0728) (46 -0.0714) (41 0.0657) (32 0.0585) (48 -0.0514) (49 -0.0471) (38 0.0413) (51 0.0356) (40 0.0317) (24 0.0307) (60 0.0242) (55 -0.024) (56 0.0213) (76 0.0201) (73 -0.0196) (53 -0.019) (50 0.0187) (27 -0.0176) (26 0.0174) (52 -0.0166) (22 0.0154) (37 -0.0151) (54 0.0142) (23 -0.0139) (17 -0.0135) (70 0.0129) (71 -0.0123) (75 -0.012) (39 0.0104) (15 0.0101) 
  6.2224e-06   (148 0.765) (42 0.39) (44 -0.318) (43 -0.317) (45 0.142) (11 0.0972) (47 0.0834) (77 0.0612) (46 0.0602) (41 -0.0553) (32 -0.0493) (48 0.0433) (49 0.0397) (38 -0.0348) (51 -0.03) (40 -0.0267) (24 -0.0259) (60 -0.0204) (55 0.0202) (56 -0.018) (76 -0.0169) (73 0.0165) (53 0.016) (50 -0.0158) (27 0.0149) (26 -0.0146) (52 0.014) (22 -0.013) (37 0.0127) (54 -0.0119) (23 0.0117) (17 0.0114) (70 -0.0109) (71 0.0103) (75 0.0101) 
  7.5071e-06   (1 -0.986) (27 -0.145) (32 -0.0452) (29 0.0402) (31 -0.0248) (24 0.0222) (28 0.0199) (26 0.0184) (42 0.0162) 
   8.105e-06   (156 -0.999) (27 -0.0405) (32 -0.0128) (29 0.0114) (11 -0.0102) 
  1.8345e-05   (27 0.839) (32 0.264) (29 -0.237) (11 0.211) (1 -0.162) (31 0.148) (24 -0.137) (28 -0.113) (26 -0.108) (42 -0.0876) (77 0.0515) (20 -0.0505) (156 -0.0483) (22 -0.047) (23 0.046) (39 0.0444) (33 -0.0415) (21 0.034) (30 0.0329) (15 -0.0314) (38 0.0306) (47 0.0296) (19 -0.029) (41 0.0246) (12 0.0217) (49 0.0209) (76 -0.0208) (55 0.0175) (43 -0.0172) (60 -0.017) (35 -0.0169) (48 0.0165) (44 0.0158) (25 -0.0158) (73 0.0155) (37 -0.015) (10 -0.0144) (17 0.0141) (70 -0.0108) (13 0.0106) (56 -0.0103) 
  3.4177e-05   (20 -0.563) (19 -0.501) (43 -0.409) (42 -0.268) (46 -0.267) (45 0.16) (21 -0.136) (47 -0.128) (27 -0.0955) (22 -0.0869) (16 0.079) (17 -0.0658) (11 -0.0636) (23 0.0579) (77 -0.0533) (37 0.0493) (41 0.0459) (49 -0.0401) (48 0.0399) (38 0.0394) (33 -0.0347) (32 0.0315) (39 0.031) (50 -0.0298) (28 -0.0254) (74 -0.0248) (24 -0.0238) (44 0.0238) (52 -0.0235) (26 -0.0229) (31 0.0221) (72 0.0207) (79 0.0194) (60 0.0189) (55 -0.0173) (63 -0.0161) (68 0.0157) (76 0.0157) (75 -0.0155) (67 -0.0154) (36 -0.015) (53 -0.0146) (56 0.0127) (30 -0.0126) (14 0.0125) (18 0.0122) (78 0.0116) (71 -0.0108) (69 0.0107) (29 -0.0102) 
  6.8691e-05   (157 -0.999) (43 -0.024) (20 0.0201) (19 0.0173) (42 -0.0137) (46 -0.0134) 
  0.00010593   (43 0.55) (20 -0.443) (19 -0.382) (42 0.314) (46 0.307) (45 -0.214) (47 0.195) (11 0.0965) (21 -0.0923) (77 0.0844) (22 -0.0839) (41 -0.0826) (23 0.0673) (24 -0.064) (16 0.0524) (50 0.0469) (32 -0.0464) (26 -0.0444) (157 -0.0443) (44 -0.0441) (49 0.0427) (27 -0.0422) (55 0.0389) (17 -0.0373) (38 -0.0331) (60 -0.0303) (76 -0.0297) (40 -0.0278) (36 -0.0277) (56 -0.0275) (48 -0.0245) (75 0.0225) (33 0.0213) (74 0.0202) (72 -0.02) (57 -0.0191) (29 -0.0185) (73 0.0176) (68 -0.0166) (59 0.0162) (31 0.0156) (67 0.0152) (71 0.0148) (63 0.0125) (18 0.0121) (82 -0.0118) (52 0.0114) (70 -0.0114) (54 -0.0104) (30 -0.0103) 
  0.00010966   (3 -1) 
  0.00015044   (24 -0.732) (23 -0.399) (11 -0.293) (19 0.228) (20 -0.197) (22 0.177) (21 -0.172) (17 -0.119) (32 -0.116) (16 -0.0978) (29 0.0873) (27 0.069) (42 0.0563) (28 0.0561) (15 0.0433) (38 -0.0429) (44 0.0393) (18 -0.0311) (12 -0.0255) (77 -0.0198) (41 -0.0195) (37 0.0194) (33 -0.0191) (30 -0.0187) (46 -0.017) (40 -0.0168) (51 0.015) (26 -0.0143) (10 0.0143) (25 0.014) (13 -0.0128) (14 0.0124) (57 -0.0124) 
  0.00017909   (159 1) 
  0.00020939   (2 -1) 
  0.00023898   (21 0.793) (20 -0.334) (19 0.249) (11 -0.248) (23 0.245) (22 -0.198) (17 -0.132) (32 -0.0621) (158 0.0451) (24 -0.0438) (15 0.0413) (18 -0.0344) (42 0.0342) (28 0.0321) (16 -0.0311) (29 0.0299) (27 0.0265) (30 -0.0222) (12 -0.0214) (38 -0.0193) (77 -0.018) (33 -0.0155) (46 -0.0136) (10 0.0126) (41 -0.0123) (40 -0.012) (37 0.0116) (13 -0.0115) (14 0.0112) (31 0.0111) 
  0.00026422   (158 0.999) (21 -0.0358) (20 0.0151) (19 -0.0113) (11 0.0112) (23 -0.0111) 
  0.00028161   (8 1) 
  0.00030046   (26 -0.845) (150 -0.391) (11 -0.167) (24 0.155) (28 -0.13) (31 0.127) (32 -0.117) (29 0.0883) (23 -0.0723) (25 -0.0653) (22 0.0533) (20 0.0442) (17 -0.0427) (47 -0.0371) (42 0.033) (51 -0.031) (53 0.0284) (15 0.0261) (16 0.0253) (37 0.0247) (77 -0.0226) (35 0.0204) (12 -0.019) (21 -0.019) (52 -0.0178) (50 -0.0161) (34 -0.0124) (75 -0.0117) (40 -0.0106) (54 0.0104) (13 -0.0104) (10 0.0101) 
  0.00030676   (150 -0.92) (26 0.359) (11 0.0711) (24 -0.0658) (28 0.0554) (31 -0.0538) (32 0.0497) (29 -0.0375) (23 0.0307) (25 0.0278) (22 -0.0227) (20 -0.0188) (17 0.0182) (47 0.0157) (42 -0.014) (51 0.0131) (53 -0.012) (15 -0.0111) (16 -0.0108) (37 -0.0105) 
   0.0003204   (6 1) 
  0.00032402   (23 0.599) (22 -0.471) (24 -0.324) (21 -0.302) (20 0.28) (11 -0.233) (153 -0.228) (17 -0.115) (25 0.073) (31 0.0702) (32 -0.0562) (15 0.0489) (26 -0.044) (16 0.0332) (12 -0.0261) (77 -0.025) (42 0.0239) (47 -0.0191) (14 0.0169) (18 -0.0166) (73 -0.0165) (27 -0.0159) (13 -0.0138) (10 0.0129) (51 -0.0127) (28 -0.0127) (19 -0.0127) (37 0.0106) 
  0.00034054   (153 -0.974) (23 -0.141) (22 0.111) (24 0.0759) (21 0.0708) (20 -0.0656) (11 0.0548) (17 0.0271) (25 -0.0171) (31 -0.0165) (32 0.0132) (15 -0.0115) (26 0.0103) 
  0.00037034   (73 -0.668) (57 0.429) (60 -0.251) (77 0.217) (59 0.212) (70 0.2) (65 0.182) (44 -0.145) (74 -0.144) (51 -0.136) (55 -0.0989) (71 -0.0968) (42 -0.0877) (58 0.083) (76 -0.0641) (69 0.0627) (56 0.0589) (72 0.0584) (52 0.0553) (47 -0.0469) (16 -0.0464) (49 -0.0419) (75 0.0416) (38 0.0389) (46 0.0372) (19 0.0367) (61 0.0342) (32 0.0337) (20 -0.0314) (31 0.0311) (43 0.0306) (27 -0.0293) (54 -0.029) (37 -0.028) (79 0.0274) (66 -0.0268) (45 -0.0245) (122 0.0233) (89 -0.0228) (68 -0.0221) (100 0.0215) (41 0.0205) (29 -0.0195) (104 0.018) (84 0.0171) (109 0.017) (115 -0.0159) (40 0.0156) (124 0.0153) (63 0.0153) (99 -0.0149) (91 -0.0145) (88 0.0142) (21 -0.0132) (126 0.0132) (118 0.0131) (24 -0.012) (39 -0.0119) (116 0.0113) (90 -0.0113) (53 -0.011) (50 0.0108) 
  0.00041194   (73 0.635) (57 0.393) (65 0.256) (59 0.255) (60 -0.231) (152 -0.223) (44 -0.191) (69 0.148) (51 -0.133) (42 -0.126) (68 -0.11) (74 0.103) (70 0.0989) (58 0.0973) (48 0.0801) (77 -0.0727) (56 0.0702) (72 -0.0684) (38 0.0632) (32 0.0628) (11 -0.0615) (55 -0.061) (46 0.0573) (16 -0.0545) (50 0.0522) (54 -0.0472) (53 -0.0471) (19 0.0451) (27 -0.0411) (61 0.041) (41 0.0374) (66 -0.0365) (45 -0.0339) (43 0.0328) (37 -0.0317) (52 0.0314) (71 0.0297) (79 -0.029) (39 0.0286) (29 -0.0277) (31 0.0259) (21 -0.0234) (122 -0.0219) (84 0.0216) (20 -0.0216) (47 -0.0212) (119 -0.0207) (118 0.0205) (63 0.0195) (76 0.0195) (116 0.0179) (28 -0.0175) (75 -0.0172) (121 -0.0165) (91 -0.016) (40 0.0159) (115 -0.0159) (127 0.0156) (89 -0.0156) (125 -0.0151) (126 -0.0134) (99 -0.0129) (136 -0.0126) (130 0.0117) (67 0.0113) (104 0.0105) 
  0.00045609   (152 -0.975) (73 -0.139) (57 -0.0948) (59 -0.0606) (65 -0.0604) (60 0.0555) (44 0.046) (69 -0.0345) (51 0.0323) (42 0.0303) (68 0.0253) (70 -0.0245) (58 -0.0232) (74 -0.0221) (48 -0.0184) (56 -0.0168) (55 0.0152) (38 -0.0151) (72 0.0151) (32 -0.015) (77 0.0148) (11 0.0143) (46 -0.0137) (16 0.0133) (50 -0.0122) (54 0.0112) (53 0.011) (19 -0.011) 
  0.00047529   (25 0.977) (24 0.0761) (22 0.0725) (51 -0.0702) (55 0.0696) (54 0.061) (53 -0.0607) (11 -0.0479) (26 -0.047) (44 -0.0402) (52 0.0374) (56 -0.0347) (57 -0.0328) (27 0.0285) (23 -0.0281) (20 -0.0271) (48 0.0267) (28 -0.021) (39 0.0191) (50 0.0185) (77 -0.0177) (29 -0.0177) (19 0.016) (49 0.0147) (46 0.0143) (60 0.0136) (32 0.0112) (42 -0.0103) 
  0.00047765   (147 0.732) (51 -0.319) (55 0.299) (54 0.245) (53 -0.238) (52 0.178) (56 -0.162) (44 -0.159) (57 -0.12) (42 -0.115) (25 -0.111) (48 0.0817) (50 0.0621) (60 0.0555) (11 -0.0515) (32 0.0475) (46 0.0412) (73 -0.0383) (49 0.0378) (38 0.0373) (27 -0.0301) (77 -0.03) (41 0.0297) (16 -0.0291) (59 -0.029) (45 -0.0242) (43 0.0241) (19 0.0217) (37 -0.0209) (31 0.0151) (40 0.0148) (29 -0.0118) (39 0.0116) (70 0.0115) (65 -0.0105) (21 -0.0104) 
  0.00048396   (147 0.681) (51 0.344) (55 -0.321) (54 -0.263) (53 0.256) (52 -0.191) (56 0.174) (44 0.171) (57 0.129) (42 0.123) (25 0.114) (48 -0.0879) (50 -0.0668) (60 -0.0597) (11 0.0556) (32 -0.0511) (46 -0.0443) (73 0.0411) (49 -0.0407) (38 -0.0401) (77 0.0322) (27 0.0322) (41 -0.032) (59 0.0312) (16 0.0312) (45 0.026) (43 -0.026) (19 -0.0234) (37 0.0224) (31 -0.0162) (40 -0.0159) (29 0.0128) (39 -0.0126) (70 -0.0124) (65 0.0113) (21 0.0111) (58 0.0107) 
  0.00049499   (54 -0.733) (39 -0.33) (52 0.282) (53 0.253) (55 0.238) (51 -0.209) (57 -0.159) (42 -0.146) (40 0.127) (44 -0.117) (38 -0.112) (56 0.0607) (60 0.0533) (50 0.0505) (77 -0.0481) (41 0.0428) (48 0.0361) (70 0.0329) (32 -0.0315) (73 -0.0191) (45 -0.0187) (47 0.0176) (43 0.0173) (151 -0.0165) (37 0.0153) (20 -0.0149) (76 0.0146) (71 -0.0134) (49 0.0134) (75 -0.0129) (25 0.0126) (59 -0.0104) 
  0.00055854   (151 -0.973) (39 0.183) (38 0.0767) (40 -0.0621) (54 -0.0618) (32 0.0383) (42 0.0254) (11 -0.0222) (52 0.0219) (37 -0.0216) (53 0.0201) (51 -0.0198) (55 0.0151) (27 -0.0143) (57 -0.0143) (48 -0.0135) (77 -0.0111) (41 -0.0102) 
  0.00058615   (39 -0.75) (38 -0.316) (54 0.314) (40 0.253) (151 -0.23) (32 -0.16) (52 -0.113) (53 -0.103) (51 0.0989) (42 -0.097) (11 0.0933) (37 0.0902) (55 -0.0807) (57 0.0715) (27 0.0606) (48 0.0546) (77 0.0506) (73 0.0416) (41 0.0401) (24 -0.0382) (49 0.0356) (60 -0.0347) (23 0.0332) (56 -0.0324) (16 0.0316) (19 -0.0299) (47 0.0291) (31 -0.0264) (34 -0.0209) (25 0.0179) (44 -0.0161) (35 0.0155) (50 0.0151) (76 -0.015) (15 -0.0143) (70 -0.0129) (65 0.0128) (36 -0.0124) (21 0.0123) (68 -0.0123) (75 0.0123) (71 0.0107) 
   0.0006083   (70 -0.775) (69 -0.449) (71 0.258) (57 0.232) (51 -0.126) (68 0.102) (48 -0.0946) (60 -0.0829) (59 0.0647) (50 -0.0585) (49 -0.0583) (44 -0.0541) (52 0.0475) (47 -0.0449) (42 -0.038) (73 -0.0355) (54 -0.0342) (84 0.0313) (149 0.0294) (16 -0.0259) (58 0.0255) (75 -0.0222) (20 -0.0219) (39 -0.0209) (74 -0.0205) (19 0.0199) (125 -0.019) (27 -0.0188) (55 -0.0181) (89 -0.0179) (31 0.0177) (32 0.0176) (38 0.0171) (37 -0.0166) (100 0.0163) (43 0.0156) (77 -0.0151) (127 0.0149) (104 0.0143) (40 0.0142) (122 0.014) (115 -0.0138) (88 0.0138) (79 -0.0137) (41 0.0132) (72 0.0132) (56 0.0132) (97 -0.0131) (53 -0.0121) (91 -0.012) (78 0.012) (119 -0.0108) (107 -0.0102) (90 0.0101) 
  0.00063201   (149 0.851) (48 0.32) (50 0.244) (51 0.176) (49 0.146) (44 -0.126) (42 -0.0991) (47 0.0693) (55 -0.0686) (53 0.0642) (73 -0.051) (52 -0.043) (39 0.0401) (46 0.0382) (11 -0.0377) (69 -0.0374) (70 -0.0345) (38 0.0341) (45 -0.0331) (32 0.0327) (77 -0.0321) (59 -0.028) (27 -0.0227) (57 -0.022) (41 0.0214) (68 0.0212) (65 -0.0211) (16 -0.0203) (19 0.0179) (60 0.0165) (37 -0.0144) (56 -0.0142) 
  0.00063948   (149 0.524) (48 -0.515) (50 -0.393) (51 -0.278) (49 -0.234) (44 0.208) (42 0.163) (55 0.113) (47 -0.11) (53 -0.104) (70 0.0997) (69 0.0861) (73 0.0851) (52 0.0671) (39 -0.0638) (46 -0.0625) (11 0.0613) (38 -0.0565) (32 -0.0543) (45 0.0543) (77 0.0532) (59 0.0418) (68 -0.0402) (27 0.038) (41 -0.0356) (16 0.0347) (65 0.0339) (19 -0.0303) (37 0.0245) (56 0.0223) (57 0.022) (60 -0.022) (71 -0.0195) (72 -0.0168) (31 -0.0161) (76 -0.0159) (29 0.0151) (58 0.0144) (75 0.0136) (21 0.0135) (43 -0.0135) (28 0.0124) (24 -0.012) (23 0.0113) (22 0.0112) (79 0.011) 
  0.00072913   (38 0.735) (39 -0.454) (40 -0.233) (19 0.2) (20 -0.163) (37 -0.155) (21 -0.148) (22 -0.131) (16 -0.126) (44 0.117) (24 0.117) (42 0.111) (41 -0.0675) (51 0.0362) (31 0.0345) (57 -0.0314) (23 -0.0287) (32 0.0265) (43 -0.0265) (47 0.0241) (46 -0.0219) (55 0.0217) (35 -0.0204) (45 0.0151) (18 -0.0151) (52 -0.0127) (49 0.0121) (77 0.0114) (56 -0.0111) (11 -0.0109) (36 0.0104) 
  0.00080906   (19 0.425) (24 0.413) (21 -0.376) (22 -0.363) (20 -0.334) (38 -0.306) (16 -0.196) (27 0.188) (39 0.135) (31 -0.116) (32 -0.113) (23 -0.1) (29 0.0904) (11 -0.0884) (37 0.0871) (40 0.073) (26 0.0693) (28 0.0494) (143 0.0414) (18 -0.0324) (30 -0.0296) (25 -0.0238) (42 0.0192) (15 0.0144) (35 0.013) (44 0.0129) (48 -0.0127) 
  0.00082226   (143 0.999) (19 -0.0186) (24 -0.0176) (21 0.0163) (22 0.0156) (141 0.0155) (20 0.0146) 
  0.00086917   (44 -0.495) (47 -0.411) (51 0.408) (50 -0.382) (16 -0.307) (42 -0.184) (46 0.158) (48 -0.155) (57 -0.137) (55 0.129) (43 0.12) (52 -0.0919) (56 -0.0828) (41 0.0799) (38 0.0553) (45 -0.0516) (77 0.0493) (31 0.049) (53 0.0488) (17 0.0404) (27 -0.0352) (37 -0.0351) (19 -0.0332) (60 0.0299) (24 -0.0285) (29 -0.0237) (32 0.0211) (49 -0.0206) (59 -0.0204) (40 0.017) (26 -0.0163) (15 0.0158) (30 0.0156) (84 0.0146) (76 -0.0141) (69 0.0136) (11 -0.0129) (68 -0.0117) (20 -0.0117) (118 0.0109) (14 -0.0107) 
    0.001076   (16 -0.843) (19 -0.347) (44 0.175) (20 0.141) (11 -0.139) (47 0.115) (17 0.111) (50 0.0997) (51 -0.0972) (21 0.0932) (42 0.0897) (27 0.0801) (32 -0.0647) (31 -0.0575) (29 0.0534) (46 -0.0531) (18 0.0496) (38 -0.0442) (43 -0.0399) (15 0.0386) (41 -0.0358) (48 0.0352) (55 -0.0307) (37 0.0298) (28 0.0278) (57 0.0275) (24 0.027) (52 0.0235) (22 0.0232) (45 0.0214) (56 0.0194) (23 0.0186) (30 -0.0164) (26 0.0154) (77 -0.0144) (39 -0.0134) (14 -0.0115) 
   0.0012396   (146 -1) 
   0.0014754   (55 -0.681) (56 -0.418) (32 0.301) (57 -0.257) (51 -0.22) (34 0.161) (31 0.14) (27 -0.131) (52 0.115) (33 0.101) (16 -0.0821) (19 0.0754) (49 -0.0747) (29 -0.0745) (54 -0.0678) (39 -0.0666) (47 -0.0666) (38 -0.0655) (44 -0.0648) (20 -0.053) (37 0.052) (77 0.049) (48 -0.0428) (35 0.0415) (60 0.0349) (28 -0.034) (30 0.0322) (26 -0.0285) (73 0.0275) (36 -0.0238) (59 -0.0229) (24 -0.0215) (53 -0.0214) (46 0.0213) (43 0.0208) (69 0.0207) (21 -0.0204) (68 -0.0189) (72 0.0181) (76 -0.0163) (65 0.0148) (139 0.0141) (41 -0.0133) (50 -0.0126) (45 -0.012) (71 0.0113) (58 -0.011) (22 -0.0106) (75 0.0104) 
   0.0015037   (32 0.596) (34 0.34) (55 0.328) (31 0.236) (27 -0.225) (33 0.212) (38 -0.186) (56 0.185) (37 0.156) (51 0.15) (42 0.145) (44 0.143) (29 -0.124) (139 0.119) (39 -0.102) (19 0.0984) (35 0.0975) (57 0.0943) (16 -0.0914) (52 -0.0688) (41 -0.0599) (28 -0.0584) (30 0.0571) (11 -0.0556) (36 -0.055) (20 -0.0513) (26 -0.0419) (47 0.0349) (54 0.0342) (49 0.0341) (43 -0.0333) (46 -0.0313) (21 -0.0284) (77 -0.0249) (22 -0.0226) (45 0.0212) (73 -0.0208) (24 -0.0176) (53 0.0176) (23 -0.0172) (40 -0.0146) (60 -0.0116) (15 0.0101) 
   0.0015298   (139 0.993) (32 -0.0762) (34 -0.0433) (31 -0.0305) (55 -0.0296) (27 0.0291) (33 -0.0269) (38 0.0232) (37 -0.0194) (42 -0.0174) (136 -0.0165) (56 -0.0164) (29 0.0161) (44 -0.016) (51 -0.0146) (39 0.0132) (19 -0.0131) (16 0.0123) (35 -0.0123) 
    0.001636   (14 -0.91) (34 -0.357) (32 0.119) (15 -0.102) (11 -0.0793) (29 -0.0542) (28 -0.0421) (33 0.0406) (134 -0.0366) (27 -0.0353) (38 -0.0333) (42 0.0292) (36 -0.0244) (37 0.0216) (12 -0.016) (44 0.0141) (72 -0.0138) (39 -0.0134) (31 -0.0129) (17 -0.0126) (41 -0.0124) (45 0.011) 
   0.0018179   (134 -0.747) (34 -0.543) (14 0.285) (32 0.189) (29 -0.0745) (27 -0.0663) (33 0.0605) (28 -0.0561) (38 -0.0502) (42 0.0419) (15 0.0417) (11 -0.0393) (36 -0.037) (37 0.0283) (39 -0.0271) (19 0.0268) (16 -0.0235) (44 0.0169) (45 0.014) (35 -0.0133) (40 -0.0126) (18 -0.0125) (41 -0.0107) (21 -0.0101) (77 -0.01) 
   0.0019069   (134 -0.664) (34 0.63) (14 -0.27) (32 -0.219) (29 0.0867) (27 0.0765) (33 -0.0702) (28 0.0654) (38 0.0582) (42 -0.0486) (11 0.0485) (36 0.0429) (15 -0.0413) (37 -0.0329) (39 0.0312) (19 -0.0303) (16 0.0259) (44 -0.0197) (45 -0.0163) (35 0.0153) (40 0.0146) (18 0.0143) (41 0.0127) (77 0.0116) (21 0.0115) (51 -0.0114) (53 -0.0109) (52 -0.0108) 
   0.0019269   (29 -0.557) (31 -0.504) (28 -0.498) (52 0.21) (53 0.168) (30 -0.14) (34 0.131) (27 -0.122) (54 0.107) (32 -0.0983) (24 -0.0618) (19 0.0607) (26 -0.0596) (68 0.0577) (48 -0.0577) (69 -0.0558) (51 0.0533) (46 -0.0511) (16 -0.0479) (36 0.0413) (71 -0.0367) (49 0.0355) (70 0.0306) (20 -0.0247) (45 0.0247) (40 -0.0246) (44 0.0241) (72 0.024) (60 -0.0237) (33 -0.0232) (73 0.0218) (50 0.0203) (15 0.0195) (74 0.0189) (22 -0.0179) (11 0.0176) (42 0.0153) (41 0.015) (56 -0.014) (25 -0.0137) (38 -0.0127) (59 0.0116) (131 -0.0112) (57 0.0107) (66 -0.0106) (77 0.0105) (82 -0.0105) (65 -0.0102) (75 0.01) 
   0.0020191   (68 0.546) (69 -0.485) (71 -0.333) (70 0.266) (52 -0.173) (74 0.165) (72 0.162) (131 -0.162) (53 -0.148) (77 0.144) (132 -0.143) (73 0.141) (78 -0.122) (46 0.0994) (54 -0.0964) (51 -0.0891) (67 -0.0823) (65 -0.0743) (59 -0.0721) (63 -0.0623) (57 0.0618) (56 0.0497) (83 -0.0448) (58 -0.042) (75 0.0412) (60 -0.0394) (55 -0.0378) (66 -0.0371) (87 0.0337) (82 -0.0323) (42 -0.0314) (80 -0.0312) (109 -0.027) (43 -0.0243) (41 0.0221) (47 -0.0216) (107 -0.0208) (84 0.0185) (44 -0.0176) (45 -0.0175) (31 0.0171) (96 -0.0164) (79 -0.0164) (118 -0.0159) (32 0.0157) (16 -0.0151) (81 -0.0151) (91 -0.0135) (62 -0.0131) (40 0.013) (76 -0.0129) (34 -0.0113) (48 -0.0113) (38 0.011) (92 0.0102) 
   0.0023137   (52 -0.455) (132 -0.4) (53 -0.396) (131 -0.383) (54 -0.258) (69 0.187) (68 -0.175) (29 -0.154) (28 -0.143) (31 -0.14) (46 0.128) (48 0.114) (71 0.111) (49 -0.11) (51 -0.11) (70 -0.109) (60 0.0806) (73 -0.0798) (72 -0.0783) (59 -0.0676) (74 -0.0612) (45 -0.0595) (56 0.0519) (43 -0.0466) (30 -0.0442) (77 -0.035) (57 -0.0322) (27 -0.0301) (50 -0.0299) (84 -0.0296) (66 0.0293) (19 0.0279) (82 0.0259) (58 -0.0257) (78 0.0255) (61 -0.0238) (65 0.0233) (16 -0.0232) (36 0.0217) (41 -0.0217) (67 0.0214) (24 -0.0204) (63 0.0195) (75 -0.0186) (130 0.0172) (34 0.0167) (62 0.0164) (26 -0.0162) (42 -0.016) (91 -0.0132) (79 0.0132) (115 0.0127) (11 -0.0118) (118 -0.0117) (32 -0.0111) (33 -0.0103) 
    0.002413   (132 -0.598) (131 -0.537) (52 0.356) (53 0.31) (54 0.202) (46 -0.115) (29 0.114) (28 0.106) (31 0.101) (51 0.0991) (48 -0.074) (49 0.0739) (59 0.0655) (56 -0.0489) (45 0.0452) (60 -0.0442) (43 0.0385) (30 0.0301) (58 0.0289) (68 -0.027) (27 0.025) (19 -0.0229) (50 0.0224) (16 0.021) (42 0.0194) (73 0.0169) (24 0.0167) (84 0.0154) (36 -0.0154) (78 0.0146) (77 -0.014) (61 0.0136) (130 0.0134) (71 0.0132) (26 0.0126) (91 0.012) (34 -0.0107) (72 0.0101) 
   0.0025127   (22 0.665) (23 0.575) (56 -0.223) (19 0.214) (20 -0.209) (21 -0.178) (16 -0.0885) (55 0.0781) (57 0.0766) (15 -0.0691) (44 0.0654) (51 0.061) (24 0.0498) (25 -0.0449) (27 0.0415) (54 -0.041) (32 -0.0409) (31 -0.0365) (30 0.0351) (52 -0.0336) (47 0.0331) (37 0.0288) (29 0.0276) (42 0.0274) (39 0.0268) (11 -0.0254) (12 0.0252) (77 -0.0227) (60 -0.0193) (46 -0.0177) (38 -0.0172) (45 0.0159) (43 -0.0155) (41 0.0152) (70 0.0139) (53 0.0136) (59 -0.0136) (125 -0.0136) (18 0.0133) (49 0.0126) (48 0.0119) (119 0.0118) (50 -0.0111) (28 0.0106) (71 -0.0105) (84 -0.0102) (68 0.0101) 
   0.0026194   (60 0.823) (56 0.328) (59 0.313) (55 -0.135) (58 0.125) (77 0.123) (44 -0.0897) (22 0.088) (57 0.0851) (54 0.0798) (52 0.0726) (23 0.0678) (51 -0.0668) (47 -0.0592) (133 0.0453) (50 0.041) (20 -0.0367) (76 -0.0305) (46 0.0288) (19 0.028) (21 -0.0277) (79 0.0259) (72 -0.0254) (75 0.0252) (68 0.0251) (43 0.0248) (32 0.0247) (65 0.0238) (63 -0.0233) (125 -0.0231) (108 -0.0223) (109 0.022) (84 -0.021) (16 -0.0203) (27 0.0198) (69 -0.0187) (49 -0.0187) (45 -0.0175) (62 -0.0174) (15 -0.0163) (73 0.0144) (74 -0.0138) (120 0.0136) (64 -0.0131) (39 -0.0129) (121 -0.0121) (71 -0.0121) (61 -0.012) (24 0.0119) (107 0.0119) (99 -0.0111) (41 -0.0107) (38 0.0106) (11 -0.0103) (90 -0.0102) (78 -0.01) 
   0.0026731   (133 0.741) (56 0.467) (57 -0.269) (60 -0.235) (55 -0.132) (51 -0.105) (22 0.101) (23 0.0911) (59 -0.0905) (54 0.0892) (49 0.0819) (44 -0.0744) (19 0.0526) (20 -0.0525) (41 0.0498) (48 -0.0475) (52 0.0424) (53 -0.0403) (58 -0.0402) (16 -0.04) (21 -0.032) (42 -0.0308) (68 -0.0291) (47 -0.0282) (50 0.0279) (70 -0.0273) (77 0.0263) (43 0.0256) (71 0.0236) (84 0.021) (45 0.0196) (11 0.017) (27 -0.0169) (30 0.0167) (69 0.0156) (31 0.0154) (38 0.0133) (65 -0.012) (125 0.0111) (123 0.0106) (118 0.0101) 
   0.0028627   (133 0.669) (56 -0.54) (57 0.291) (60 0.204) (55 0.156) (51 0.121) (22 -0.118) (23 -0.105) (54 -0.104) (44 0.0888) (49 -0.0887) (59 0.0784) (20 0.0606) (19 -0.0601) (41 -0.054) (48 0.053) (52 -0.0521) (16 0.0456) (53 0.0443) (125 -0.0406) (21 0.0374) (77 -0.0367) (58 0.0358) (47 0.0356) (50 -0.0338) (42 0.0335) (68 0.0306) (43 -0.0301) (70 0.0298) (71 -0.0254) (84 -0.0227) (45 -0.0202) (123 -0.0199) (30 -0.0182) (11 -0.0179) (27 0.0171) (31 -0.0168) (69 -0.0161) (38 -0.0155) (119 0.0143) (118 -0.0127) (127 0.0125) (76 0.0118) (65 0.0117) (74 0.0113) (107 0.0111) (109 0.0109) 
    0.003475   (40 0.856) (65 0.288) (38 0.28) (39 0.135) (84 -0.132) (42 0.121) (41 -0.117) (59 -0.0818) (44 0.0707) (57 -0.0626) (27 -0.0488) (51 0.0376) (86 -0.0362) (29 -0.0359) (31 0.0345) (49 -0.0334) (60 0.033) (19 0.032) (37 -0.031) (16 -0.0308) (15 0.0296) (58 -0.0284) (68 0.0271) (69 -0.0253) (20 -0.0246) (28 -0.0244) (43 -0.0234) (30 0.0233) (83 0.0208) (96 -0.0203) (24 -0.0201) (61 -0.0193) (11 0.0192) (32 0.0191) (66 -0.0188) (129 0.0188) (26 -0.0187) (73 -0.0182) (53 0.0181) (90 0.0177) (33 0.0175) (54 0.0171) (22 -0.0167) (109 -0.0164) (77 -0.0154) (55 0.0154) (34 -0.015) (46 -0.0146) (91 -0.0109) 
   0.0039024   (84 -0.85) (65 -0.305) (129 0.288) (83 0.158) (86 -0.155) (90 0.0767) (59 0.0733) (60 -0.065) (57 0.0646) (85 0.0565) (109 -0.0563) (91 -0.0452) (77 -0.0436) (44 -0.0417) (107 -0.0414) (87 -0.0385) (96 -0.0352) (51 -0.0323) (55 -0.0283) (116 0.0268) (103 -0.0263) (58 0.0253) (42 -0.0247) (40 -0.0246) (115 -0.0231) (89 -0.023) (41 0.0226) (72 -0.0222) (112 0.022) (52 0.0212) (114 0.0211) (79 0.0211) (66 0.0206) (61 0.0201) (118 0.0194) (124 0.0192) (92 -0.0179) (97 -0.0178) (119 -0.0177) (56 0.0169) (104 0.0166) (93 -0.0165) (94 -0.0156) (102 0.0153) (47 -0.0152) (100 0.0144) (126 0.0144) (110 0.0136) (43 0.0135) (113 -0.0131) (71 -0.013) (76 0.0127) (48 -0.0125) (127 0.0124) (16 -0.0119) (101 -0.0111) (39 -0.0111) (68 -0.0104) 
   0.0039275   (129 0.646) (65 -0.547) (84 0.389) (40 0.222) (59 0.119) (49 -0.0869) (38 0.0785) (86 0.0775) (57 0.0724) (69 0.067) (83 -0.0631) (68 -0.0626) (60 -0.0576) (41 -0.0505) (90 -0.0499) (77 0.0477) (48 0.0444) (58 0.0407) (66 0.0387) (109 0.0381) (73 0.0352) (45 -0.0333) (39 0.0317) (61 0.0312) (96 0.0309) (85 -0.0297) (76 -0.0228) (91 0.0207) (87 0.0206) (107 0.0204) (51 -0.02) (103 0.0171) (75 0.0165) (46 0.0165) (42 0.0158) (130 -0.0155) (32 0.0145) (94 0.0144) (70 0.0139) (19 0.0134) (127 0.0132) (11 -0.0129) (63 -0.0129) (88 0.0129) (55 -0.0124) (29 -0.0121) (16 -0.0121) (37 -0.0119) (52 0.0116) (27 -0.0109) 
   0.0040805   (129 0.706) (65 0.618) (40 -0.217) (59 -0.137) (57 -0.0915) (38 -0.0805) (60 0.079) (49 0.076) (69 -0.0608) (68 0.0604) (58 -0.0469) (66 -0.0433) (41 0.0394) (61 -0.0364) (48 -0.0347) (73 -0.0341) (51 0.031) (45 0.0296) (39 -0.0281) (77 -0.0245) (55 0.023) (109 -0.0211) (44 0.0204) (52 -0.0195) (32 -0.018) (16 0.0171) (46 -0.0168) (70 -0.0163) (96 -0.0163) (19 -0.0161) (130 -0.0158) (90 0.0155) (47 0.0153) (76 0.0151) (63 0.0148) (37 0.0144) (29 0.014) (56 -0.0138) (27 0.0137) (20 0.013) (75 -0.0127) (31 -0.0112) (79 -0.0108) (93 0.0107) (88 -0.0106) (11 0.0105) 
   0.0041544   (105 0.557) (96 0.34) (103 0.288) (123 -0.237) (124 0.235) (108 -0.208) (99 -0.198) (101 0.192) (107 -0.183) (110 -0.182) (104 -0.17) (113 0.143) (119 0.142) (109 -0.133) (106 -0.132) (102 -0.113) (121 -0.111) (98 -0.101) (125 0.0862) (111 0.0773) (120 0.0688) (115 -0.0642) (94 0.0593) (49 -0.0571) (100 -0.0555) (118 0.0541) (89 0.0534) (114 -0.0524) (92 0.0344) (97 -0.0335) (117 -0.0305) (93 -0.0302) (112 -0.0292) (72 -0.0289) (84 -0.0282) (48 0.0247) (90 -0.0236) (81 -0.0236) (91 -0.0231) (82 0.0209) (85 -0.019) (126 -0.0188) (80 -0.0169) (122 -0.0167) (145 0.0161) (65 0.0154) (69 -0.0144) (83 0.0141) (52 0.0132) (79 0.0131) (53 0.0123) (116 -0.0123) (45 -0.0107) (60 -0.0104) 
   0.0041954   (145 -0.999) (124 0.0268) (123 -0.0238) (136 -0.0137) 
   0.0043367   (49 -0.796) (48 0.374) (45 -0.178) (52 0.144) (53 0.131) (72 -0.121) (41 -0.115) (54 0.114) (56 0.109) (46 0.0862) (65 0.0845) (40 -0.0769) (57 -0.0762) (15 -0.0753) (59 -0.073) (47 -0.0726) (60 -0.0676) (69 -0.0646) (124 -0.0593) (123 0.0592) (84 -0.0559) (43 -0.0543) (68 0.0468) (96 0.0452) (107 0.0441) (109 0.0441) (81 -0.0429) (105 -0.0424) (51 0.0414) (119 -0.0384) (71 -0.0367) (27 0.035) (125 -0.0348) (82 0.0344) (38 -0.0343) (42 0.034) (22 0.0331) (80 -0.0328) (58 -0.0324) (121 0.0314) (39 -0.0297) (11 -0.0288) (120 -0.026) (55 0.0253) (30 -0.0252) (86 0.024) (79 0.0237) (90 -0.0232) (111 0.023) (83 0.0227) (103 -0.0211) (50 -0.02) (23 0.0195) (108 0.0193) (73 0.0183) (101 -0.0175) (92 -0.0173) (12 0.0159) (113 0.0152) (115 0.0144) (77 0.0141) (24 0.0141) (85 -0.0139) (31 -0.0135) (99 0.0135) (70 0.0134) (26 0.0126) (29 0.0124) (88 0.0123) (66 -0.012) (14 0.0112) (110 0.0112) (122 0.0111) (74 0.0108) (16 0.0103) 
   0.0044456   (72 -0.62) (45 -0.463) (80 -0.36) (82 0.204) (49 0.193) (43 -0.156) (93 -0.149) (46 -0.129) (79 0.126) (86 0.119) (83 0.114) (48 -0.108) (71 -0.0983) (69 -0.0939) (98 -0.0818) (78 0.0744) (81 0.0653) (41 -0.0599) (76 0.0587) (113 -0.0555) (107 0.0515) (90 0.0503) (75 -0.0494) (87 0.0393) (96 -0.039) (73 -0.0383) (68 0.0382) (111 0.0365) (44 -0.0334) (105 -0.0333) (97 0.0322) (84 0.0319) (109 -0.0304) (85 -0.0282) (70 0.0278) (55 -0.0266) (89 0.0257) (100 0.0252) (123 -0.0243) (60 -0.0223) (104 0.0209) (120 0.0202) (155 0.02) (101 -0.0195) (59 -0.0191) (74 0.0173) (112 -0.0165) (103 0.0158) (94 0.0156) (124 0.0148) (91 0.0146) (51 -0.0144) (114 0.0138) (119 0.0133) (88 0.0131) (115 -0.0125) (125 0.0124) (42 0.0118) (58 -0.0115) (121 -0.0106) (110 0.0105) 
   0.0045488   (155 0.999) (45 0.0327) (43 0.0109) 
   0.0047263   (45 -0.745) (72 0.48) (43 -0.246) (46 -0.158) (80 0.152) (79 -0.139) (41 -0.129) (49 0.0865) (86 -0.0845) (82 -0.0744) (69 0.0715) (71 0.0673) (90 0.0594) (109 0.0571) (48 -0.0506) (42 0.0473) (83 -0.0468) (113 0.0462) (98 0.0415) (81 -0.0412) (85 0.0405) (107 -0.0399) (40 -0.0383) (111 -0.0308) (155 0.0308) (73 0.0286) (96 0.0275) (44 -0.0266) (15 -0.026) (89 -0.0252) (50 -0.0248) (59 0.0248) (38 -0.0247) (87 -0.0244) (68 -0.0232) (105 0.0222) (84 -0.0211) (57 -0.021) (100 -0.0206) (75 0.0199) (70 -0.0191) (120 -0.0187) (123 0.0182) (115 0.0181) (65 0.0177) (114 -0.0162) (104 -0.0162) (76 -0.016) (93 -0.0156) (34 -0.0153) (110 -0.0152) (124 -0.0148) (47 -0.0145) (101 0.014) (30 -0.0136) (52 0.0132) (58 0.0124) (116 -0.012) (56 0.0112) (55 0.0108) (23 0.0106) (12 0.0104) (125 -0.0102) 
   0.0047985   (18 -0.971) (137 0.211) (19 -0.0657) (15 0.0395) (22 0.0384) (16 -0.0266) (11 0.026) (20 0.0234) (7 -0.0217) (24 0.0214) (17 -0.0199) (27 0.0169) (34 0.0137) 
   0.0050522   (137 0.978) (18 0.21) (19 0.0142) 
   0.0052938   (7 1) (18 -0.021) 
   0.0053406   (4 -1) 
   0.0054346   (31 0.574) (29 -0.46) (32 -0.371) (135 0.35) (11 -0.244) (26 0.209) (30 0.171) (24 0.153) (28 -0.111) (22 0.0827) (23 -0.0812) (17 -0.0565) (42 0.0538) (77 -0.0377) (37 0.0344) (38 -0.0325) (19 -0.0308) (15 0.0271) (21 -0.0268) (40 -0.0259) (20 0.0253) (25 -0.0253) (34 -0.0252) (16 0.0224) (12 -0.0213) (36 -0.0195) (41 -0.0173) (10 0.0123) (47 -0.0121) (33 0.0111) (136 0.011) (50 0.0109) 
   0.0055857   (135 0.936) (31 -0.214) (29 0.172) (32 0.138) (11 0.0912) (26 -0.078) (30 -0.0638) (24 -0.057) (28 0.0413) (22 -0.0309) (136 0.0307) (23 0.0303) (17 0.0211) (42 -0.02) (77 0.0138) (37 -0.0128) (38 0.0121) (19 0.0115) (15 -0.0101) (21 0.01) 
   0.0058443   (10 -0.697) (17 0.671) (11 -0.194) (16 0.104) (20 -0.0586) (24 -0.0572) (15 0.0552) (23 0.0334) (22 -0.0273) (18 -0.0233) (12 -0.0232) (27 0.0174) (32 -0.0153) (42 0.0144) (26 -0.0126) (77 -0.0119) (19 0.011) (21 0.0105) 
   0.0060846   (144 0.999) (10 0.0272) (17 0.0218) 
   0.0067068   (10 -0.714) (17 -0.67) (11 0.121) (16 -0.103) (20 0.0624) (24 0.0587) (15 -0.0453) (144 0.0353) (23 -0.0352) (22 0.0247) (27 -0.0223) (18 0.0221) (42 -0.0175) (77 0.0158) (32 0.0157) (33 -0.0108) (26 0.0108) (12 0.0106) (47 0.0104) (19 -0.0104) (21 -0.01) 
   0.0069139   (12 -0.898) (41 0.329) (13 0.246) (42 0.0888) (45 -0.0616) (11 0.052) (15 -0.048) (49 -0.0471) (46 -0.0342) (48 0.023) (38 0.0211) (40 0.0204) (30 0.0194) (32 0.0131) (14 0.0126) (44 0.0122) (61 0.0116) (60 0.0115) (109 -0.0108) (36 -0.0105) 
    0.006985   (142 0.999) (41 0.0417) (12 0.0181) (42 0.0116) 
   0.0074462   (41 -0.866) (12 -0.334) (42 -0.242) (45 0.136) (46 0.109) (13 0.0992) (49 0.096) (11 0.0653) (40 -0.0616) (38 -0.0568) (142 0.0488) (48 -0.048) (15 -0.0418) (30 -0.04) (32 -0.0337) (61 -0.0284) (36 0.0277) (23 0.0267) (47 -0.0243) (60 -0.0233) (74 0.0217) (44 -0.0215) (52 0.0201) (19 0.0192) (22 0.0191) (109 0.019) (56 0.0153) (66 -0.0145) (82 0.0141) (35 0.0141) (84 -0.014) (31 0.0135) (79 0.0134) (67 0.0125) (33 -0.0111) (80 0.011) (17 0.0106) (24 -0.0103) (87 0.0103) (75 0.0102) 
   0.0078765   (13 -0.907) (30 0.322) (12 -0.245) (31 -0.0772) (11 0.0475) (33 -0.0311) (36 0.0278) (41 -0.0233) (15 -0.0216) (28 -0.0216) (37 -0.0174) (67 0.0166) (29 0.0141) (49 -0.0128) (32 0.0127) (138 0.0121) (38 -0.0107) (46 -0.0104) 
    0.008866   (138 0.985) (30 0.149) (13 0.0659) (31 -0.0374) (12 0.0175) (33 -0.0127) (36 0.0111) (28 -0.0108) 

 Largest eigenvalues
      32.708   (162 0.265) (164 0.952) 
      27.386   (11 0.552) (77 0.314) 
      22.561   (11 -0.376) (77 0.758) 
      15.368   (107 0.38) (109 0.776) 
      4.3617   (96 0.294) (123 0.47) (124 -0.481) 
      1.3748   (162 0.964) (164 -0.262) 
      1.2232   (163 -0.998) 
      1.1447   (165 -0.996) 
      1.1447   (88 0.355) (89 -0.731) (91 0.444) 
      1.1391   (100 0.46) (101 0.654) (106 0.472) 
      1.1322   (100 0.336) (106 -0.753) 
     0.93639   (112 -0.315) (115 -0.703) (116 -0.396) 
     0.89474   (104 0.707) (105 0.468) (106 0.34) 
     0.88463   (99 -0.636) (100 -0.419) (103 -0.312) 
     0.87233   (104 -0.256) (112 0.654) (130 -0.222) (136 -0.218) 
     0.76342   (110 -0.496) (112 -0.346) (116 0.393) (136 -0.288) 
     0.67307   (110 0.711) (112 -0.3) 
     0.66854   (96 0.78) (99 0.316) 
     0.66213   (114 -0.465) (126 0.535) (136 -0.392) 
     0.60195   (111 0.338) (113 0.477) (114 0.596) 
     0.58429   (108 0.586) (113 -0.342) (114 0.443) 
     0.57867   (108 -0.665) (113 -0.418) 
     0.57133   (122 0.435) (124 0.392) (130 0.405) 
     0.56723   (123 -0.33) (125 -0.682) (130 0.337) 
     0.56404   (119 -0.471) (120 0.393) (121 -0.406) (122 -0.32) (123 0.292) (125 0.33) 
     0.54999   (118 0.56) (119 0.438) (120 -0.319) 
      0.5021   (117 0.427) (119 -0.32) (120 -0.323) (121 0.291) (123 -0.434) (127 -0.351) 
     0.47177   (117 -0.648) (122 0.326) (126 0.327) (136 0.321) 
     0.45388   (117 0.458) (126 0.372) (136 0.368) 
     0.39729   (91 -0.525) (92 -0.815) 
     0.39535   (124 0.373) (127 0.455) (136 0.402) 
     0.31921   (93 -0.211) (94 -0.903) (103 0.219) 
     0.30534   (94 0.324) (103 0.697) (104 0.376) (105 -0.343) 
     0.26569   (102 -0.829) (103 -0.225) 
     0.25926   (98 -0.488) (116 0.291) 
     0.24836   (79 -0.358) (86 0.641) (98 0.3) 
     0.24103   (79 0.55) (98 0.573) 
     0.23029   (79 -0.531) (86 -0.595) 
     0.19141   (98 -0.395) (111 0.453) (113 -0.385) 
     0.15752   (90 -0.79) (93 0.343) 
     0.14603   (90 0.346) (93 0.313) (97 -0.564) (107 -0.39) 
     0.13628   (85 0.302) (93 -0.615) (107 -0.355) 
     0.12835   (85 -0.878) (97 0.236) 
     0.12123   (88 -0.589) (89 -0.359) (93 0.33) (97 0.322) 
     0.10921   (72 -0.386) (79 0.289) (80 0.516) (82 -0.382) (83 -0.346) 
      0.1066   (78 0.342) (80 -0.316) (83 -0.284) (97 0.285) 
     0.10355   (58 -0.242) (61 0.251) (66 -0.353) (69 -0.208) (71 0.245) (76 -0.247) (82 0.209) 
     0.10081   (58 0.617) (61 -0.381) 
    0.095115   (58 -0.531) (66 0.353) 
     0.09211   (58 0.295) (61 0.297) (66 -0.313) (97 -0.298) (107 0.257) 
    0.087276   (58 -0.257) (61 -0.594) (62 -0.237) (71 0.229) (97 -0.229) 
    0.078934   (61 0.434) (64 -0.358) (66 0.445) 
    0.074433   (63 0.261) (64 0.716) (83 -0.224) 
    0.073477   (61 -0.292) (62 0.666) 
     0.07277   (62 -0.548) (64 -0.376) (66 -0.303) 
    0.067129   (66 0.243) (71 0.224) (118 -0.379) 
     0.06241   (63 -0.251) (68 0.264) (74 -0.362) (75 0.238) (78 0.347) (82 -0.252) (87 0.233) (118 -0.244) 
    0.061564   (63 0.59) (87 0.294) 
    0.057908   (63 -0.576) (74 0.359) (87 0.287) 
    0.055684   (63 0.301) (67 -0.246) (68 0.398) (69 0.275) (71 0.381) (75 -0.265) (78 -0.293) 
    0.053611   (67 0.398) (71 -0.282) (74 -0.423) (82 0.323) (83 -0.253) 
    0.051142   (67 -0.537) (75 0.291) (78 0.311) 
    0.048248   (67 0.549) (68 0.354) (74 0.315) 
    0.046363   (74 -0.272) (75 -0.311) (82 -0.336) (83 0.323) (87 -0.3) 
    0.043851   (35 -0.567) (36 -0.715) 
    0.042415   (36 0.31) (43 -0.323) (46 0.692) 
    0.041877   (75 0.369) (76 0.324) (121 0.318) 
    0.040051   (51 0.3) (52 0.343) (53 -0.418) (75 -0.316) (76 -0.328) 
    0.032787   (51 -0.335) (53 0.38) (75 -0.357) (76 -0.358) 
     0.03184   (28 -0.663) (29 0.43) (37 0.371) 
    0.029446   (28 0.42) (29 -0.29) (33 -0.517) (37 0.364) 
    0.027678   (33 0.424) (35 -0.344) (36 0.261) (50 0.262) (91 0.314) 
     0.02738   (35 0.56) (36 -0.462) (37 -0.495) 
    0.022375   (37 0.254) (48 0.345) (50 -0.431) (52 0.258) (91 0.265) 
    0.021639   (130 -0.569) (131 0.463) (132 -0.442) 
    0.021006   (128 -0.578) (160 -0.809) 
    0.020145   (128 -0.577) (160 0.313) (161 0.754) 
    0.019415   (128 -0.577) (160 0.497) (161 -0.648) 
     0.01609   (15 -0.97) 
    0.015743   (140 0.998) 
