 1 31.6228
 2 24.8188
 3 1.51618
 4 31.6228
 5 18.8184
 6 10.6368
 7 31.62
 8 0.990419
 9 31.4926
 10 29.0963
 11 1.01546
 12 28.1972
 13 31.6228
 14 31.5887
 15 0.903828
 16 31.6228
 17 31.5764
 18 0.957916
 19 31.6228
 20 28.2874
 21 4.40476
 22 31.6228
 23 30.2
 24 2.44758
 25 14.6902
 26 15.959
 27 1.41462
 28 31.3692
 29 13.7335
 30 9.24563
 31 21.2282
 32 2.82038
 33 28.4567
 34 14.0044
 35 8.97867
 36 15.2666
 37 31.4545
 38 31.5914
 39 1.33689
 40 23.8828
 41 30.9091
 42 1.28408
 43 21.4398
 44 28.536
 45 1.60481
 46 31.5708
 47 22.2709
 48 11.093
 49 29.9794
 50 14.7441
 51 16.5493
 52 7.36527
 53 30.5652
 54 16.5507
 55 11.3278
 56 9.4587
 57 29.4126
 58 10.0127
 59 11.8992
 60 6.59497
 61 4.33242
 62 1.28767
 63 24.1665
 64 15.1038
 65 1.00345
 66 21.6448
 67 30.9821
 68 2.06193
 69 31.6224
 70 31.6228
 71 28.399
 72 4.75332
 73 31.6143
 74 1.34899
 75 31.5788
 76 31.4658
 77 1.46702
 78 30.6262
 79 31.6093
 80 3.90458
 81 29.2188
 82 31.279
 83 20.3158
 84 1.32393
 85 10.2516
 86 1.33254
 87 31.4171
 88 1.15854
 89 1.09525
 90 1.33487
 91 2.40878
 92 16.7554
 93 25.8786
 94 17.3335
 95 22.3671
 96 27.2813
 97 16.0943
 98 11.8417
 99 9.30622
 100 18.0861
 101 29.7292
 102 8.06199
 103 11.6726
 104 10.2802
 105 9.81826
 106 11.9957
 107 11.9233
 108 11.7964
 109 9.61695
 110 7.94457
 111 11.7175
 112 13.5401
 113 12.5553
 114 11.8475
 115 11.4878
 116 9.67743
 117 11.6508
 118 12.3485
 119 10.4717
 120 8.19207
 121 10.3534
 122 6.54358
 123 7.52343
 124 5.38424
 125 5.12852
 126 6.89355
 127 4.52156
 128 8.42731
 129 7.44269
 130 6.80315
 131 4.19464
 132 4.42741
 133 4.50281
 134 5.77418
 135 2.74145
 136 6.47323
 137 2.96797
 138 2.92569
 139 2.94491
 140 3.15055
 141 3.14209
 142 2.71166
 143 2.85801
 144 3.70597
 145 3.77339
 146 3.43943
 147 2.96083
 148 5.11968
 149 3.77272
 150 3.31447
 151 3.58329
 152 4.61562
 153 4.17852
 154 3.52995
 155 4.38513
 156 4.80102
 157 6.77323
 158 0.329773
 159 0.182093
 160 0.269297
 161 3.72592
 162 3.68231
 163 11.3449
 164 25.7356
 165 0.607088
