 1 1000
 2 634.184
 3 14.6204
 4 1000
 5 523.025
 6 280.645
 7 999.866
 8 2.72948
 9 994.577
 10 857.179
 11 3.11492
 12 808.506
 13 1000
 14 998.205
 15 0.821373
 16 1000
 17 998.263
 18 1.911
 19 1000
 20 890.157
 21 108.898
 22 1000
 23 953.198
 24 46.7965
 25 230.301
 26 279.922
 27 8.52695
 28 986.809
 29 294.583
 30 189.27
 31 465.218
 32 57.0107
 33 871.028
 34 200.07
 35 191.163
 36 345.6
 37 990.558
 38 998.903
 39 2.62533
 40 582.18
 41 961.055
 42 1.67335
 43 489.997
 44 848.141
 45 9.17093
 46 997.963
 47 687.737
 48 314.991
 49 914.873
 50 230.739
 51 365.135
 52 144.184
 53 946.775
 54 282.978
 55 209.542
 56 170.898
 57 898.247
 58 112.382
 59 210.68
 60 104.266
 61 21.158
 62 1.6766
 63 599.964
 64 265.121
 65 2.35662
 66 506.62
 67 978.794
 68 23.1187
 69 999.988
 70 1000
 71 892.41
 72 107.984
 73 999.615
 74 2.90505
 75 998.446
 76 990.826
 77 5.78568
 78 944.448
 79 999.411
 80 80.5298
 81 919.621
 82 983.041
 83 431.863
 84 2.08804
 85 109.238
 86 1.9005
 87 990.9
 88 1.7995
 89 1.70336
 90 2.06668
 91 7.77541
 92 340.499
 93 763.101
 94 406.016
 95 590.809
 96 802.18
 97 293.866
 98 173.811
 99 117.846
 100 374.808
 101 915.971
 102 81.615
 103 148.781
 104 119.731
 105 110.053
 106 153.855
 107 154.218
 108 151.487
 109 105.53
 110 82.5828
 111 153.457
 112 193.983
 113 169.658
 114 153.441
 115 147.347
 116 112.965
 117 153.315
 118 168.221
 119 123.342
 120 76.6031
 121 114.029
 122 44.9957
 123 58.6802
 124 33.7493
 125 28.174
 126 51.4339
 127 24.9333
 128 79.3175
 129 66.0447
 130 53.4126
 131 20.0601
 132 20.318
 133 21.2852
 134 34.2822
 135 8.6871
 136 42.7127
 137 9.79083
 138 9.26053
 139 9.47686
 140 10.7424
 141 11.4796
 142 8.55983
 143 9.25453
 144 14.7052
 145 14.9451
 146 12.638
 147 9.97233
 148 28.2982
 149 15.3364
 150 11.8957
 151 13.9774
 152 22.2284
 153 18.2346
 154 13.168
 155 19.9077
 156 23.7703
 157 46.6249
 158 0.452962
 159 0.054612
 160 0.432511
 161 22.6238
 162 17.0021
 163 153.836
 164 686.397
 165 8.7656
