 1 39460.1
 2 664.427
 3 15.2781
 4 179566
 5 541.833
 6 290.722
 7 846041
 8 58.9435
 9 30774.9
 10 2256.17
 11 6.22802
 12 1907.45
 13 262182
 14 3243.61
 15 0.832121
 16 455035
 17 3999.12
 18 5.08433
 19 132673
 20 2586.07
 21 314.297
 22 153385
 23 3497.4
 24 168.913
 25 245.783
 26 315.192
 27 9.52684
 28 2317.03
 29 329.564
 30 210.93
 31 493.935
 32 73.838
 33 1130.95
 34 206.094
 35 200.333
 36 362.913
 37 1520.78
 38 3193.8
 39 4.74738
 40 984.145
 41 4517.58
 42 1.77856
 43 742.956
 44 1658.96
 45 16.4455
 46 3075.78
 47 1768.55
 48 777.652
 49 2029.94
 50 234.82
 51 511.135
 52 200.219
 53 3107.7
 54 330.842
 55 293.877
 56 242.29
 57 1297.53
 58 114.19
 59 250.59
 60 122.727
 61 21.1781
 62 1.67689
 63 648.828
 64 265.787
 65 2.3684
 66 511.56
 67 4098.14
 68 89.4654
 69 124324
 70 205788
 71 2301.86
 72 275.103
 73 15821.5
 74 29.0803
 75 21155.6
 76 8598.12
 77 11.4598
 78 2146.04
 79 7702.19
 80 239.024
 81 2642.9
 82 1574.69
 83 452.151
 84 2.11612
 85 143.338
 86 2.01629
 87 6733.47
 88 1.79958
 89 1.70337
 90 2.06677
 91 8.07338
 92 341.244
 93 768.287
 94 408.429
 95 668.055
 96 958.045
 97 301.04
 98 176.56
 99 118.536
 100 406.62
 101 1165.27
 102 83.9903
 103 150.352
 104 120.536
 105 110.406
 106 154.31
 107 154.952
 108 152.237
 109 106.037
 110 83.8004
 111 154.125
 112 194.665
 113 170.108
 114 153.614
 115 147.544
 116 113.248
 117 153.676
 118 168.32
 119 123.513
 120 76.9316
 121 114.297
 122 45.2603
 123 58.8837
 124 33.8864
 125 28.4608
 126 51.6464
 127 25.7657
 128 81.4137
 129 67.1587
 130 54.2919
 131 20.2068
 132 20.4543
 133 21.4452
 134 35.1454
 135 8.7557
 136 42.8582
 137 9.90846
 138 9.35012
 139 9.6077
 140 10.9278
 141 12.0608
 142 8.7811
 143 9.4045
 144 14.909
 145 15.0709
 146 12.7796
 147 10.2527
 148 28.9273
 149 15.6013
 150 12.0442
 151 14.1405
 152 22.5133
 153 18.6506
 154 13.4577
 155 20.0702
 156 23.8233
 157 46.7139
 158 0.511965
 159 0.0556677
 160 0.484487
 161 26.5503
 162 18.1074
 163 177.358
 164 706.742
 165 9.52961
