 Smallest eigenvalues
  1.1438e-06   (9 -1) 
  2.1976e-06   (46 -0.617) (45 -0.464) (40 -0.317) (43 -0.315) (42 0.305) (41 0.15) (154 -0.145) (48 0.113) (56 -0.0901) (50 0.0883) (79 -0.0806) (44 -0.0642) (53 -0.0623) (14 -0.0592) (57 0.0496) (39 -0.0495) (35 0.0442) (25 0.0375) (30 -0.0371) (16 -0.0318) (54 -0.0292) (37 0.029) (23 -0.0267) (77 -0.0232) (15 -0.0213) (33 0.021) (18 0.0201) (52 0.0194) (80 -0.0182) (28 -0.0178) (81 -0.0176) (24 -0.0172) (59 0.0167) (38 0.0165) (78 0.0158) (34 -0.0157) (73 -0.0146) (83 -0.0146) (32 0.0143) (51 -0.0137) (55 -0.013) (20 0.0124) (49 0.0112) (36 0.0108) (92 0.01) 
  3.8141e-06   (154 -0.989) (46 0.0904) (45 0.0681) (40 0.0466) (43 0.0462) (42 -0.0448) (41 -0.022) (48 -0.0165) (56 0.0131) (50 -0.0129) (79 0.0114) 
  4.8594e-06   (5 -1) 
   5.569e-06   (40 -0.635) (149 0.59) (42 -0.293) (43 0.276) (41 -0.24) (39 -0.0832) (79 -0.0557) (14 -0.0441) (44 -0.0433) (48 0.0429) (35 0.0397) (25 0.0373) (30 -0.0311) (51 -0.031) (52 0.0276) (47 -0.0257) (16 -0.0246) (37 0.0232) (38 0.0229) (45 0.0217) (23 -0.0206) (15 -0.0194) (33 0.0183) (34 -0.0181) (57 0.0175) (32 0.0172) (46 0.0166) (55 0.0157) (80 -0.0142) (18 0.0129) (77 -0.0129) (76 0.0129) (81 -0.0119) (50 0.0109) (36 -0.0107) (24 -0.0106) (59 0.0101) 
  6.5196e-06   (149 0.807) (40 0.464) (42 0.214) (43 -0.202) (41 0.176) (39 0.0609) (79 0.0405) (14 0.0323) (44 0.0317) (48 -0.0314) (35 -0.029) (25 -0.0273) (30 0.0228) (51 0.0227) (52 -0.0201) (47 0.0188) (16 0.018) (37 -0.017) (38 -0.0167) (45 -0.0159) (23 0.0151) (15 0.0142) (33 -0.0134) (34 0.0132) (57 -0.0128) (32 -0.0126) (46 -0.0122) (55 -0.0115) (80 0.0103) 
  7.5373e-06   (1 -0.984) (26 0.118) (25 0.118) (27 0.0317) (30 0.0313) (24 -0.0208) (14 -0.0207) (23 -0.0177) (40 0.0151) (28 0.0145) (18 0.0136) (16 -0.0132) (15 -0.0126) 
  8.0404e-06   (158 0.999) (25 0.0278) (26 0.0277) 
  2.5342e-05   (25 -0.644) (26 -0.641) (1 -0.18) (30 -0.174) (27 -0.167) (14 0.119) (24 0.118) (23 0.101) (16 0.0787) (28 -0.0773) (40 -0.0768) (15 0.0764) (18 -0.0762) (158 0.0432) (41 0.0414) (35 0.0411) (79 0.0387) (19 0.0356) (21 0.0345) (20 -0.0345) (29 0.0342) (32 0.0302) (34 -0.0252) (17 -0.0208) (48 -0.0171) (46 -0.0167) (51 0.014) (33 0.014) (42 0.0109) (59 -0.0109) 
  3.0738e-05   (21 0.684) (45 0.452) (42 0.388) (40 -0.205) (18 -0.19) (19 0.142) (41 0.125) (20 -0.106) (25 0.0851) (54 -0.0759) (44 0.0746) (23 -0.0683) (16 0.0653) (14 0.0582) (24 -0.0577) (15 0.0454) (26 0.0408) (79 -0.0384) (35 0.037) (30 -0.033) (28 -0.0313) (36 -0.0285) (74 -0.0271) (50 0.0266) (17 -0.0236) (47 0.0234) (39 -0.0231) (77 -0.0223) (22 0.0208) (78 0.019) (55 0.0182) (48 0.0181) (34 -0.0171) (53 -0.0163) (71 -0.0162) (76 0.0151) (52 0.0148) (29 0.0138) (27 0.0134) (37 0.0129) (69 -0.0128) (70 -0.0127) (38 0.0127) (62 0.0126) (49 0.0124) (72 -0.0123) (33 0.0119) (57 0.0113) (66 0.0113) 
  0.00010168   (157 -0.999) (21 -0.0314) (45 0.0278) (42 0.0228) (40 -0.0104) 
  0.00011806   (21 0.589) (45 -0.538) (42 -0.44) (40 0.201) (18 -0.179) (19 0.127) (20 -0.105) (44 -0.1) (14 0.0977) (41 -0.0911) (16 0.0805) (39 0.0642) (15 0.0619) (79 0.0604) (54 0.0587) (157 -0.0523) (48 -0.0432) (23 -0.0365) (24 -0.0352) (50 -0.0338) (43 0.0333) (26 0.0283) (32 -0.0281) (17 -0.0267) (25 0.025) (36 0.0241) (22 0.0236) (53 0.0233) (28 -0.0229) (74 0.0225) (62 -0.0222) (34 0.0203) (77 0.0193) (27 0.0175) (76 -0.0173) (57 -0.0172) (38 -0.0159) (52 -0.0152) (47 -0.0146) (29 0.0143) (37 -0.0137) (55 -0.0133) (56 0.0125) (71 0.0124) (49 -0.0114) (69 0.0114) (80 0.0112) (81 0.0105) (59 -0.0105) 
  0.00014648   (3 1) 
  0.00018571   (23 -0.807) (24 0.327) (25 -0.24) (14 -0.228) (16 -0.227) (18 0.121) (28 0.113) (30 0.103) (21 0.102) (20 0.0991) (15 -0.0803) (17 0.0753) (40 0.0534) (43 0.0411) (26 0.0276) (37 -0.0238) (39 0.0217) (33 -0.0212) (35 -0.0191) (46 -0.017) (79 -0.0163) (50 0.0141) (27 -0.013) (31 -0.0127) (19 -0.0123) (57 0.012) (32 -0.0114) (45 0.0101) 
  0.00022112   (160 -1) 
   0.0002408   (2 -1) 
  0.00024189   (16 -0.636) (18 -0.602) (14 -0.273) (23 0.228) (17 0.213) (15 -0.181) (20 -0.121) (25 -0.0631) (30 0.042) (21 -0.0413) (40 0.0336) (159 -0.0325) (28 0.0302) (24 0.0258) (19 0.0249) (35 -0.0159) (79 -0.0144) (43 0.0132) (33 -0.0125) (22 0.0124) (29 0.0124) (11 0.0102) 
  0.00027156   (159 -0.999) (16 0.0207) (18 0.0196) 
  0.00027683   (7 1) 
  0.00028293   (24 -0.875) (150 -0.329) (25 -0.223) (23 -0.215) (14 -0.0816) (16 -0.0769) (30 0.0505) (15 -0.0503) (18 0.0477) (22 -0.0439) (56 -0.0321) (40 0.0299) (20 0.0293) (26 -0.0282) (17 0.0247) (53 -0.0212) (35 -0.0207) (36 -0.0199) (19 -0.0173) (42 -0.0171) (79 -0.017) (27 -0.0167) (28 0.0129) (29 0.0127) (32 -0.0114) (49 0.0108) (21 -0.0106) 
  0.00028941   (150 -0.944) (24 0.305) (25 0.0778) (23 0.0748) (14 0.0284) (16 0.0268) (30 -0.0176) (15 0.0175) (18 -0.0166) (22 0.0153) (56 0.0111) (40 -0.0104) (20 -0.0102) 
  0.00030098   (6 1) 
  0.00031825   (18 0.57) (20 -0.567) (19 0.407) (16 -0.236) (152 -0.214) (23 0.162) (14 -0.147) (22 0.131) (15 -0.0919) (17 0.0754) (21 0.0566) (25 -0.0385) (40 0.0235) (27 -0.0211) (79 -0.0189) (26 -0.0184) (30 0.0173) (24 0.0138) (29 0.0138) (31 0.0137) (48 0.0137) (53 -0.0118) 
   0.0003477   (152 -0.977) (18 -0.125) (20 0.124) (19 -0.0891) (16 0.0516) (23 -0.0354) (14 0.0322) (22 -0.0288) (15 0.0201) (17 -0.0165) (21 -0.0124) 
  0.00037947   (73 -0.781) (57 -0.505) (53 -0.141) (58 -0.127) (43 -0.123) (46 0.117) (79 0.102) (50 -0.0802) (52 -0.0761) (55 -0.0729) (40 -0.0725) (41 0.0691) (59 -0.0599) (56 0.0427) (14 -0.0425) (37 0.0423) (30 -0.0406) (74 -0.0363) (68 0.0361) (48 0.0358) (69 -0.0341) (32 0.0319) (45 -0.0292) (54 -0.0291) (99 -0.028) (70 0.0273) (81 0.0273) (62 -0.0265) (60 0.0257) (71 -0.0243) (49 -0.0242) (80 0.0241) (88 0.0231) (33 0.0221) (44 -0.0219) (92 0.0213) (20 0.0203) (104 0.0199) (123 0.0198) (16 -0.0168) (111 -0.0164) (72 0.0163) (122 -0.0161) (83 -0.016) (63 0.0158) (39 -0.0154) (101 -0.0154) (109 -0.0148) (28 -0.0144) (124 0.0134) (18 0.0133) (75 0.0131) (19 -0.0129) (21 0.0129) (77 0.0129) (95 -0.0125) (31 0.0123) (91 -0.0123) (42 -0.0122) (114 -0.0108) (116 0.0105) (23 -0.0105) (113 -0.0104) 
  0.00040652   (57 -0.616) (73 0.585) (58 -0.212) (43 -0.178) (46 0.163) (153 0.159) (67 0.152) (53 -0.149) (68 0.129) (40 -0.107) (50 -0.0932) (52 -0.0879) (62 -0.0743) (41 0.0676) (14 -0.0672) (69 -0.0628) (45 -0.0574) (30 -0.057) (48 -0.0539) (56 0.0526) (59 -0.0519) (55 -0.0483) (37 0.0448) (63 0.0428) (35 0.0423) (39 -0.0374) (54 -0.033) (32 0.0321) (33 0.032) (79 -0.0319) (66 -0.0308) (16 -0.0304) (18 0.029) (122 0.0274) (28 -0.0246) (44 -0.0241) (34 -0.0239) (74 0.0232) (60 0.0218) (64 -0.021) (20 0.0202) (31 0.0189) (23 -0.0188) (126 0.018) (83 -0.0167) (111 -0.0165) (92 0.0157) (25 0.0155) (71 0.0153) (127 0.0153) (72 -0.0141) (118 0.0135) (109 -0.0131) (81 -0.0129) (101 -0.0127) (121 0.0126) (51 0.0117) (132 -0.0115) (21 0.0115) (38 0.0112) (49 -0.0111) (19 -0.011) (129 0.0104) (120 0.0102) 
  0.00042554   (153 0.987) (57 0.102) (73 -0.0901) (58 0.0347) (43 0.0299) (46 -0.0273) (53 0.025) (67 -0.0242) (68 -0.0207) (40 0.0179) (50 0.0156) (52 0.0147) (62 0.012) (41 -0.0115) (14 0.0113) (69 0.0102) 
  0.00043075   (27 -0.922) (28 -0.295) (25 0.131) (26 0.109) (51 0.104) (50 -0.0676) (30 0.0495) (52 0.0433) (53 0.0377) (14 -0.0365) (46 0.0348) (23 -0.0343) (43 -0.0323) (19 -0.0309) (57 0.0307) (48 -0.0304) (16 -0.0259) (32 -0.0235) (29 -0.0227) (20 0.0224) (15 -0.0213) (35 0.0207) (45 -0.0159) (31 0.0154) (79 -0.0147) (22 0.0128) (33 -0.0114) 
  0.00046893   (148 0.625) (51 0.522) (50 -0.358) (53 0.187) (52 0.183) (43 -0.18) (46 0.164) (57 0.128) (27 0.117) (40 -0.115) (48 -0.0973) (49 -0.0732) (45 -0.0617) (41 0.061) (30 -0.0512) (14 -0.0443) (39 -0.0351) (37 0.0301) (35 0.0273) (32 0.0251) (28 0.0249) (79 -0.0249) (47 -0.0246) (56 -0.0243) (73 -0.0231) (59 0.0228) (33 0.0212) (16 -0.0187) (54 0.0186) (42 0.0183) (34 -0.0153) (18 0.0147) (44 -0.0144) (20 0.0123) (31 0.0119) (23 -0.0111) 
  0.00048347   (148 0.78) (51 -0.418) (50 0.287) (53 -0.15) (52 -0.147) (43 0.144) (46 -0.131) (57 -0.103) (40 0.0919) (27 -0.0908) (48 0.078) (49 0.0587) (45 0.0495) (41 -0.0489) (30 0.0409) (14 0.0356) (39 0.0282) (37 -0.0241) (35 -0.0219) (32 -0.0201) (79 0.0198) (47 0.0197) (56 0.0194) (28 -0.0189) (73 0.0185) (59 -0.0183) (33 -0.0169) (16 0.0151) (54 -0.0149) (42 -0.0146) (34 0.0123) (18 -0.0118) (44 0.0116) 
  0.00050948   (52 -0.876) (35 -0.281) (57 0.156) (55 0.155) (53 0.15) (34 0.141) (40 -0.114) (49 -0.104) (43 -0.0852) (50 -0.0844) (41 0.0824) (46 0.0719) (51 0.0687) (54 0.0544) (79 -0.0304) (68 0.0234) (37 0.0211) (39 -0.0206) (44 -0.0205) (45 -0.0179) (67 0.0158) (69 -0.015) (151 0.0132) (27 -0.0132) 
  0.00062725   (151 0.97) (35 0.202) (34 -0.102) (52 -0.0641) (40 0.0273) (30 -0.0258) (48 0.0184) (32 0.0171) (57 0.0155) (14 -0.0144) (33 0.0118) (55 0.01) 
  0.00068936   (35 -0.793) (34 0.401) (52 0.304) (151 0.243) (40 -0.103) (30 0.102) (48 -0.0741) (57 -0.0701) (32 -0.0687) (14 0.0581) (55 -0.0483) (33 -0.047) (53 -0.0443) (25 -0.0377) (79 0.0352) (50 0.0351) (41 0.0315) (20 -0.0265) (31 -0.0264) (39 -0.0263) (16 0.0245) (49 0.0237) (73 0.0235) (43 -0.0219) (22 0.0217) (27 -0.0196) (42 0.019) (18 -0.019) (54 -0.0185) (23 0.0158) (45 -0.0153) (26 -0.015) (24 0.0135) (15 0.0133) (51 -0.0131) (19 0.0117) (38 0.0113) 
   0.0007824   (68 -0.701) (69 0.463) (67 -0.455) (57 -0.155) (70 -0.107) (73 0.0961) (66 0.0857) (43 -0.0606) (46 0.0572) (62 0.057) (55 -0.0506) (52 -0.0502) (40 -0.0435) (41 0.0416) (53 -0.0377) (50 -0.0338) (58 0.0324) (63 -0.0323) (83 -0.0298) (48 0.0273) (37 0.0252) (14 -0.0252) (30 -0.0249) (147 0.0225) (32 0.0222) (49 -0.021) (59 0.0203) (99 -0.0201) (88 0.0179) (64 0.017) (71 0.0162) (54 -0.016) (97 -0.016) (92 0.0159) (104 0.0157) (127 0.0155) (124 0.015) (20 0.0141) (33 0.0138) (125 0.013) (44 -0.0123) (116 0.0112) (111 -0.0111) (65 0.0108) (19 -0.0106) (90 0.0104) (101 -0.0102) (122 -0.0101) (60 -0.0101) 
  0.00078386   (147 0.802) (48 -0.462) (50 0.181) (51 -0.158) (46 0.154) (43 -0.11) (41 0.0909) (49 -0.0903) (57 0.0884) (40 -0.0875) (45 -0.0642) (35 0.0462) (73 -0.0383) (44 -0.0373) (14 -0.0327) (30 -0.0283) (79 -0.028) (34 -0.0249) (52 0.0238) (53 0.0227) (55 -0.0225) (42 0.0174) (58 0.017) (32 0.0157) (37 0.0149) (33 0.0149) (16 -0.0143) (18 0.0143) (39 -0.0131) (68 0.0117) (69 -0.0115) (25 0.0114) 
  0.00080955   (48 0.62) (147 0.596) (50 -0.242) (51 0.213) (46 -0.21) (43 0.151) (41 -0.124) (49 0.122) (40 0.12) (57 -0.113) (45 0.0867) (35 -0.0619) (44 0.0506) (73 0.0482) (14 0.0451) (30 0.0391) (79 0.0376) (34 0.0334) (55 0.0324) (52 -0.0299) (53 -0.029) (58 -0.0242) (42 -0.023) (67 0.0226) (32 -0.0221) (37 -0.0212) (33 -0.0206) (16 0.0197) (18 -0.0195) (39 0.018) (25 -0.0157) (28 0.0133) (20 -0.0128) (22 0.0123) (62 -0.0115) (24 0.011) (68 0.0109) (47 -0.0108) (31 -0.0107) (121 -0.0104) (81 0.0103) (122 -0.0102) (27 -0.0102) 
  0.00085686   (37 0.898) (20 0.193) (18 0.153) (21 0.145) (23 0.132) (14 -0.117) (22 -0.117) (40 0.0969) (19 -0.0939) (43 0.0911) (16 -0.085) (41 -0.0826) (32 0.0699) (46 -0.0622) (36 0.0616) (39 0.0484) (35 -0.0478) (33 0.0471) (25 -0.0309) (38 -0.0265) (17 0.0262) (57 0.0258) (53 0.0236) (48 -0.0215) (42 0.0207) (24 0.0195) (50 0.0195) (45 0.0151) (15 -0.0138) (52 0.0135) (30 -0.0134) (34 0.0109) (44 0.0108) (27 -0.01) 
   0.0010156   (20 0.443) (37 -0.373) (18 0.369) (23 0.366) (21 0.337) (22 -0.331) (14 -0.216) (19 -0.205) (16 -0.186) (30 0.128) (25 -0.0978) (32 -0.0667) (28 0.0646) (17 0.0572) (33 -0.0448) (15 -0.0409) (24 0.0376) (31 -0.035) (143 -0.0301) (36 -0.0298) (29 -0.0262) (26 -0.0208) (48 0.013) (34 0.0124) (13 -0.0121) 
   0.0010322   (143 -0.998) (144 -0.0629) (20 -0.0138) (18 -0.0115) (23 -0.0113) (21 -0.0105) (22 0.0103) 
   0.0011623   (46 0.428) (50 0.418) (48 0.415) (49 0.409) (14 -0.27) (43 -0.259) (41 0.222) (53 0.172) (57 0.124) (15 0.12) (45 -0.0988) (40 -0.0925) (16 0.0856) (42 -0.0815) (52 0.0701) (37 0.0537) (79 0.0392) (32 0.0374) (55 0.0367) (30 -0.0346) (39 -0.033) (47 -0.0321) (17 -0.0253) (18 -0.0253) (33 0.0253) (56 -0.0236) (67 0.0225) (54 0.0195) (68 0.0151) (77 0.0141) (76 -0.0126) (83 -0.0117) (31 0.0117) (111 -0.0116) (36 0.0113) (38 0.0108) (62 -0.0101) 
   0.0013666   (14 -0.741) (15 0.407) (16 0.361) (46 -0.146) (18 -0.135) (48 -0.12) (49 -0.119) (50 -0.113) (43 0.107) (20 -0.105) (17 -0.105) (41 -0.0845) (30 0.074) (19 0.0701) (23 0.0612) (40 0.0578) (21 -0.0473) (53 -0.0443) (25 -0.0402) (45 0.0375) (28 0.0368) (32 -0.0338) (37 -0.0335) (57 -0.0282) (42 0.0246) (31 -0.0213) (13 -0.0213) (33 -0.0196) (39 0.0191) (35 -0.0183) (52 -0.0176) (29 -0.0133) (79 -0.0129) (27 -0.0119) (11 0.0117) (34 0.0116) (47 0.0105) 
   0.0014274   (145 1) 
   0.0014515   (55 -0.628) (56 0.396) (30 -0.366) (53 -0.318) (57 0.294) (31 0.239) (54 -0.102) (48 0.083) (52 -0.0827) (14 -0.0751) (32 -0.0719) (50 -0.0715) (29 0.0559) (35 -0.0558) (28 -0.0521) (46 0.0497) (25 0.045) (20 0.0411) (33 -0.0381) (67 0.0364) (16 -0.0355) (79 0.0346) (34 0.0297) (43 -0.0281) (23 -0.0264) (18 0.0263) (71 -0.0245) (19 -0.0241) (58 -0.024) (73 0.0236) (62 -0.0184) (49 -0.0178) (68 0.0175) (21 0.0166) (47 0.016) (42 -0.0156) (40 0.0141) (26 0.013) (80 0.0119) (41 0.0117) (81 0.0112) (70 -0.0111) (17 0.0108) (59 0.0104) (109 -0.0103) (63 0.0103) 
   0.0015032   (30 -0.667) (31 0.449) (55 0.322) (56 -0.203) (32 -0.185) (53 0.181) (57 -0.128) (14 -0.105) (40 0.0957) (29 0.0954) (33 -0.0919) (43 0.091) (139 0.0896) (35 -0.0873) (28 -0.0859) (41 -0.0848) (25 0.082) (37 -0.0766) (46 -0.0759) (50 0.064) (16 -0.0574) (54 0.0547) (34 0.0511) (52 0.0505) (20 0.0495) (23 -0.046) (18 0.0453) (48 -0.0415) (19 -0.0311) (27 0.024) (39 0.0238) (49 0.0213) (26 0.0206) (45 0.0198) (36 -0.0188) (24 -0.0187) (42 0.0184) (79 -0.0182) (17 0.0174) (73 -0.0162) (15 -0.0158) (67 -0.0156) (21 0.0141) (44 0.013) (58 0.013) (71 0.0106) (22 -0.01) 
   0.0015963   (139 0.996) (30 0.0631) (31 -0.0424) (55 -0.0239) (32 0.0172) (56 0.015) (53 -0.0136) (14 0.0102) 
   0.0016817   (19 -0.692) (31 -0.485) (20 -0.416) (30 -0.249) (28 -0.144) (21 0.0927) (18 0.0716) (14 -0.0646) (27 0.0481) (23 -0.0392) (32 -0.0339) (135 0.0305) (40 0.03) (15 -0.0277) (25 0.0272) (29 0.0222) (16 -0.0197) (33 -0.0196) (13 0.0188) (35 -0.0183) (37 -0.0173) (43 0.0153) (71 0.0153) (41 -0.0143) (39 0.0123) (34 0.0113) (44 0.0109) 
   0.0017027   (31 -0.564) (135 0.559) (19 0.405) (30 -0.307) (20 0.272) (28 -0.136) (25 0.0654) (21 -0.0534) (16 -0.044) (14 -0.0389) (40 0.0361) (32 -0.0303) (35 -0.0276) (33 -0.0275) (23 -0.0262) (29 0.0257) (27 0.0234) (24 -0.0199) (34 0.018) (43 0.0156) (37 -0.0151) (41 -0.0142) (13 -0.0134) (50 0.0129) (44 0.0109) (26 0.0108) 
   0.0019069   (135 0.829) (31 0.398) (19 -0.248) (30 0.216) (20 -0.168) (28 0.097) (25 -0.0452) (21 0.0326) (16 0.0305) (14 0.0287) (40 -0.0254) (32 0.0216) (35 0.0193) (33 0.0192) (23 0.0191) (29 -0.0181) (27 -0.0176) (24 0.0135) (34 -0.0125) (43 -0.011) (37 0.0108) (41 0.01) 
   0.0020759   (28 -0.832) (27 0.276) (49 -0.238) (30 0.214) (50 0.202) (51 0.138) (31 0.131) (54 0.0847) (67 -0.0833) (25 -0.0747) (48 0.0672) (44 0.0492) (47 -0.0463) (70 0.0434) (29 -0.0413) (69 -0.0382) (45 0.037) (14 -0.0365) (55 -0.0358) (20 0.0356) (33 -0.0325) (42 -0.0321) (23 -0.0305) (71 -0.0296) (16 -0.0293) (24 0.0288) (68 0.0283) (66 0.0269) (26 0.0265) (53 -0.0222) (57 -0.0221) (46 -0.0186) (39 -0.0177) (18 0.0169) (13 0.016) (40 0.0157) (59 -0.0145) (43 0.0125) (36 0.0124) (74 0.0123) (73 0.0121) (56 -0.0118) (19 0.011) (82 -0.011) (21 -0.0109) 
   0.0022195   (67 -0.64) (69 -0.344) (70 0.321) (50 -0.255) (66 0.249) (49 0.245) (68 0.196) (71 -0.184) (51 -0.18) (133 0.137) (62 0.106) (74 0.0857) (78 -0.0767) (73 0.0692) (59 -0.0603) (79 0.0577) (82 -0.0461) (28 -0.0417) (76 0.0401) (132 0.039) (43 -0.0355) (48 -0.0336) (77 0.0327) (46 0.0312) (81 0.0259) (65 0.0253) (45 -0.0238) (42 0.022) (87 0.0214) (40 -0.0212) (58 0.0207) (115 -0.0194) (83 -0.0187) (129 0.0182) (44 -0.0182) (75 -0.0176) (57 0.017) (54 -0.0169) (72 0.016) (55 0.0149) (47 0.0146) (84 0.014) (114 0.0139) (14 -0.0138) (128 0.0136) (53 -0.0131) (39 -0.0129) (92 0.0127) (96 -0.0127) (27 0.0122) (86 -0.0117) (112 0.0115) (118 -0.0114) (63 -0.0114) (80 -0.0113) (61 -0.0108) (85 0.0105) 
   0.0023216   (133 0.477) (49 0.417) (50 -0.395) (28 -0.299) (51 -0.287) (67 0.277) (54 -0.153) (70 -0.153) (69 0.143) (132 0.119) (66 -0.107) (44 -0.103) (27 0.101) (47 0.0997) (48 -0.0994) (71 0.0984) (68 -0.0889) (55 0.0846) (57 0.0725) (30 0.0656) (42 0.0567) (53 0.0539) (73 -0.0479) (59 0.0428) (45 -0.0386) (74 -0.037) (31 0.0329) (25 -0.0305) (46 0.0299) (41 -0.0275) (79 -0.0271) (14 -0.0254) (82 0.0254) (129 0.0252) (83 0.0213) (20 0.0198) (56 0.0197) (63 -0.0197) (78 0.0183) (16 -0.018) (72 -0.0174) (33 -0.0171) (77 -0.0168) (43 -0.0162) (34 -0.0161) (40 -0.0161) (60 -0.0159) (23 -0.0158) (39 0.0154) (65 -0.0147) (99 0.0147) (111 0.0142) (64 0.0135) (24 0.0128) (116 -0.0122) (29 -0.0115) (58 -0.0112) 
   0.0025201   (133 0.834) (49 -0.278) (50 0.267) (132 0.204) (51 0.193) (28 0.185) (54 0.0895) (27 -0.0623) (48 0.062) (44 0.0617) (47 -0.059) (67 -0.051) (55 -0.0505) (57 -0.0439) (30 -0.0382) (42 -0.0359) (70 0.0337) (53 -0.0283) (45 0.0259) (71 -0.0256) (69 -0.0244) (129 0.0235) (46 -0.0223) (31 -0.0202) (66 0.0195) (25 0.0189) (68 0.0179) (14 0.0172) (73 0.0158) (43 0.0153) (41 0.0153) (59 -0.0141) (62 -0.014) (63 0.013) (20 -0.0129) (40 0.0127) (16 0.0119) (128 0.0114) (23 0.0102) 
   0.0027383   (22 0.884) (20 0.266) (53 0.215) (55 -0.153) (19 -0.137) (23 0.0965) (21 0.0925) (18 0.0851) (14 -0.0697) (57 -0.0528) (46 -0.0507) (13 -0.0489) (54 -0.0485) (43 0.0466) (16 -0.0434) (30 0.0416) (29 -0.0352) (32 -0.0334) (17 0.0328) (25 -0.0325) (24 -0.0323) (56 -0.0311) (50 0.0309) (28 0.0274) (48 -0.0269) (37 -0.0263) (26 -0.0242) (11 0.0216) (40 0.0193) (49 0.0188) (41 -0.0172) (79 -0.0166) (35 0.0142) (31 -0.0139) (27 0.0138) (44 0.0127) (52 -0.0127) (120 -0.0118) (125 0.0113) (122 -0.0111) (121 -0.0108) (69 -0.0105) (68 0.0102) 
   0.0028119   (59 0.785) (53 -0.367) (60 -0.337) (55 0.255) (22 0.124) (54 0.0964) (46 0.0859) (43 -0.0823) (58 0.0782) (79 0.0652) (56 0.0538) (49 -0.0496) (20 0.0463) (68 0.0348) (69 -0.0332) (134 -0.0292) (50 -0.0281) (47 -0.0271) (19 -0.0247) (41 -0.0246) (61 -0.024) (52 0.0228) (48 0.0223) (21 0.0217) (70 0.0197) (108 -0.0182) (83 0.0182) (45 -0.0172) (67 -0.0169) (125 0.0166) (71 0.0164) (121 0.0164) (115 0.0161) (14 -0.0158) (126 0.0151) (23 0.0149) (57 0.0145) (39 -0.0144) (30 -0.0138) (66 0.013) (18 0.0117) (13 -0.0111) (25 -0.0107) (37 0.0106) (114 -0.0102) (63 0.0101) (127 0.0101) 
   0.0028826   (134 -0.665) (53 -0.433) (55 0.345) (59 -0.343) (57 0.176) (22 0.167) (60 0.147) (54 0.103) (50 -0.0616) (20 0.0605) (46 0.06) (47 -0.0583) (41 0.0549) (56 0.0545) (43 -0.0539) (44 0.0539) (52 0.0472) (39 -0.0348) (69 0.0319) (19 -0.0316) (42 -0.0296) (68 -0.0289) (14 -0.0276) (49 -0.0272) (67 0.0251) (79 0.0245) (58 -0.0244) (21 0.0241) (70 -0.0218) (132 -0.0198) (62 -0.0191) (125 -0.0183) (83 -0.018) (18 0.0178) (23 0.0165) (48 0.0164) (30 -0.0141) (122 0.0137) (66 -0.013) (37 0.0117) (51 0.0117) (16 -0.0115) (124 -0.0114) (45 -0.0112) (40 -0.0112) (61 0.0111) (77 0.0101) 
    0.002921   (134 -0.746) (53 0.4) (55 -0.317) (59 0.274) (57 -0.157) (22 -0.154) (60 -0.117) (54 -0.0952) (46 -0.0572) (50 0.0559) (20 -0.0557) (47 0.0529) (43 0.0516) (56 -0.0507) (44 -0.0478) (41 -0.0476) (52 -0.0428) (125 0.0319) (39 0.0314) (19 0.0291) (69 -0.0272) (42 0.0265) (49 0.0263) (14 0.0252) (68 0.0245) (79 -0.0236) (21 -0.0223) (67 -0.0217) (126 0.021) (70 0.0187) (132 -0.0187) (58 0.0185) (62 0.0166) (18 -0.0163) (83 0.0159) (48 -0.0156) (23 -0.0153) (127 0.0144) (124 0.0144) (122 -0.0132) (30 0.0132) (66 0.0111) (37 -0.0109) (45 0.0107) (16 0.0105) (51 -0.0103) 
   0.0033706   (33 0.912) (58 -0.309) (83 0.13) (37 -0.0927) (57 0.079) (32 0.0697) (41 -0.0687) (35 -0.0682) (40 0.0653) (30 -0.063) (28 -0.0424) (43 0.0377) (34 0.0347) (86 0.0328) (44 -0.0307) (39 0.0299) (13 0.0296) (14 -0.0281) (46 -0.0266) (59 0.0229) (52 0.022) (53 0.0214) (67 -0.0212) (31 0.021) (47 0.0194) (50 0.0191) (56 -0.0186) (96 -0.0174) (20 0.0171) (79 -0.0171) (16 -0.0169) (60 -0.0169) (55 0.0156) (42 0.0155) (49 -0.0141) (68 -0.014) (89 -0.014) (81 -0.0138) (45 0.0138) (51 -0.0135) (36 -0.0126) (73 -0.0122) (85 0.0116) (23 -0.0109) (25 0.0107) (38 -0.0103) 
   0.0041616   (83 0.835) (58 0.434) (131 0.185) (86 0.139) (79 -0.112) (57 -0.0994) (85 0.0636) (59 -0.0611) (89 -0.0558) (90 0.0451) (53 -0.0429) (115 -0.0424) (91 -0.0386) (43 -0.0364) (60 0.0359) (46 0.0319) (111 -0.0311) (33 0.0311) (84 0.0308) (114 0.0304) (80 -0.0268) (118 0.0261) (97 -0.026) (96 -0.0241) (71 0.0238) (56 0.0237) (103 -0.0235) (101 -0.0208) (48 0.0203) (52 -0.0197) (82 0.0197) (92 0.0193) (77 -0.0191) (55 -0.0184) (99 -0.0177) (70 0.0168) (76 0.0164) (40 -0.0161) (104 0.0156) (30 -0.0149) (69 -0.0146) (106 0.0142) (51 0.0142) (68 0.0137) (108 -0.0136) (124 0.0134) (87 -0.013) (126 -0.0129) (39 -0.0127) (116 0.0126) (120 0.0126) (81 -0.0121) (14 -0.012) (112 0.0117) (50 -0.0117) (37 0.0113) (93 0.0108) 
   0.0042501   (58 0.63) (131 0.515) (83 -0.441) (33 0.281) (57 -0.112) (86 -0.0806) (44 -0.0757) (79 0.0686) (67 0.0644) (47 0.0628) (59 -0.0547) (89 0.0419) (41 -0.0398) (60 0.0387) (85 -0.0375) (68 0.0348) (96 0.0291) (90 -0.0281) (73 0.0262) (42 0.0257) (81 0.0254) (53 -0.0247) (30 -0.0246) (114 -0.0241) (46 0.0233) (56 0.023) (32 0.023) (84 -0.0226) (39 0.0216) (37 -0.0216) (115 0.0198) (35 -0.0194) (55 -0.0187) (52 -0.0185) (91 0.0182) (14 -0.0179) (103 0.0176) (95 -0.0172) (28 -0.0171) (69 -0.0162) (43 -0.016) (66 -0.0159) (132 0.0156) (112 -0.0141) (88 0.0141) (108 0.014) (80 0.0135) (109 -0.013) (51 0.012) (50 -0.0115) (93 -0.0112) (20 0.011) (77 0.0105) (127 0.0104) (48 0.0103) (16 -0.0101) 
   0.0042575   (131 0.836) (58 -0.482) (33 -0.189) (57 0.0906) (83 0.0836) (59 0.0473) (44 0.0472) (67 -0.0397) (47 -0.0385) (60 -0.0317) (53 0.025) (68 -0.0241) (41 0.0237) (46 -0.0216) (86 0.0195) (56 -0.0194) (30 0.0193) (132 0.0184) (43 0.0181) (32 -0.017) (73 -0.0164) (79 -0.0161) (52 0.0158) (42 -0.0157) (55 0.0156) (14 0.0141) (89 -0.014) (96 -0.0138) (35 0.0137) (114 0.0132) (69 0.0132) (81 -0.0127) (28 0.0119) (37 0.0114) (48 -0.0112) (115 -0.011) (95 0.0108) (51 -0.0105) (39 -0.0104) 
   0.0042947   (105 0.514) (96 0.348) (103 0.348) (124 0.312) (100 0.261) (108 -0.241) (109 0.209) (104 -0.203) (101 0.169) (125 -0.157) (121 0.131) (120 -0.122) (106 0.105) (107 -0.0953) (95 -0.0923) (115 -0.0881) (112 -0.0859) (102 -0.0803) (116 0.0778) (99 -0.0751) (123 -0.0727) (98 -0.0658) (111 0.0632) (110 -0.0602) (93 -0.0553) (113 -0.0499) (88 -0.0469) (146 -0.0434) (47 0.0403) (119 -0.0359) (81 0.0325) (44 -0.0319) (83 0.0285) (71 0.0269) (92 0.0268) (89 0.0265) (117 -0.0236) (85 -0.0194) (41 -0.0185) (97 0.0181) (118 0.0178) (58 -0.0158) (122 0.0146) (132 -0.0134) (91 0.0129) (49 -0.0121) (67 -0.0121) (70 0.0118) (42 0.0109) (79 -0.0104) (46 0.01) 
   0.0045442   (146 0.998) (124 0.0424) (125 -0.0216) (105 0.017) (120 -0.0109) (121 0.0102) 
   0.0045653   (47 0.658) (44 -0.576) (41 -0.219) (42 0.162) (49 -0.156) (46 0.142) (48 0.117) (71 0.0982) (58 -0.0948) (39 0.0887) (50 0.0876) (33 -0.0867) (13 -0.0803) (124 -0.0699) (53 -0.057) (81 0.0569) (55 0.0565) (67 -0.0552) (59 -0.0537) (51 0.0512) (70 0.0499) (125 0.0491) (83 0.048) (57 0.0453) (96 0.0436) (121 -0.0406) (54 0.0361) (52 0.0344) (109 -0.0313) (43 -0.0308) (22 0.0308) (112 -0.0304) (105 -0.0298) (120 0.0273) (108 0.0248) (123 0.0242) (106 -0.0237) (56 -0.0235) (66 0.0211) (115 0.0206) (103 -0.0204) (86 -0.0204) (89 0.0184) (91 -0.0176) (69 -0.0173) (99 0.0169) (11 0.0167) (60 0.0164) (30 0.0163) (77 -0.0156) (111 0.0156) (85 -0.0154) (110 -0.0153) (29 0.0137) (79 -0.0136) (114 -0.0136) (100 -0.0134) (32 -0.0127) (28 0.0126) (95 -0.0121) (68 0.0111) (12 0.011) (73 0.0107) (116 -0.0106) 
   0.0046096   (71 0.653) (47 -0.402) (44 -0.295) (80 -0.259) (77 -0.207) (81 0.206) (70 0.171) (78 0.146) (95 -0.13) (82 0.116) (86 -0.112) (75 -0.105) (98 -0.0816) (67 -0.0747) (79 0.0733) (90 0.0719) (72 -0.0694) (84 -0.059) (45 0.0565) (96 -0.0537) (110 -0.0454) (39 0.0453) (112 0.0429) (93 0.0425) (85 -0.042) (74 0.0383) (106 -0.0367) (92 -0.0344) (107 0.0339) (41 0.0319) (42 0.0318) (109 -0.0316) (104 0.0309) (68 0.0306) (114 0.0302) (59 -0.0292) (66 0.0278) (105 -0.0275) (69 -0.0251) (121 0.0251) (124 0.0219) (55 -0.0215) (101 -0.0193) (76 -0.0187) (43 0.0184) (125 -0.0181) (53 -0.0181) (62 0.0168) (116 0.0168) (89 -0.0153) (100 -0.0133) (103 0.0132) (46 -0.0132) (156 0.0128) (123 -0.0128) (99 -0.0115) (58 -0.011) (113 0.0107) (111 0.0104) (49 0.0103) (19 0.0103) 
   0.0048655   (156 0.999) (44 0.035) (47 0.0303) (71 0.0116) 
   0.0050899   (44 -0.649) (47 -0.518) (71 -0.441) (77 0.115) (70 -0.113) (39 0.111) (80 0.0923) (42 0.0839) (45 0.0794) (86 0.073) (81 -0.065) (89 -0.0606) (78 -0.0598) (76 -0.0544) (43 0.0529) (156 0.0475) (67 0.0435) (85 0.0431) (79 -0.0421) (82 -0.0412) (107 -0.0388) (112 -0.0372) (106 0.0369) (72 0.0368) (98 0.0364) (90 0.0345) (114 -0.0328) (40 0.0318) (110 0.0305) (115 0.0295) (33 -0.0294) (84 0.0279) (51 0.0242) (109 0.0237) (96 0.0233) (13 -0.0215) (49 0.0214) (50 0.0211) (75 0.0208) (68 -0.0199) (104 -0.0187) (101 0.0178) (121 -0.0174) (124 -0.0167) (66 -0.0163) (105 0.0159) (95 -0.0159) (88 0.0156) (125 0.0149) (99 0.0143) (62 -0.0141) (31 -0.0136) (38 -0.0133) (102 0.0132) (74 -0.0122) (118 -0.0121) (22 0.0114) (55 0.0112) (116 -0.0106) 
   0.0051727   (17 -0.932) (16 -0.324) (138 -0.145) (15 0.0486) (13 0.0317) (8 0.0199) (22 0.019) 
    0.005345   (138 -0.989) (17 0.137) (16 0.0476) 
   0.0054032   (8 -1) (17 -0.0184) 
   0.0056226   (4 -1) 
    0.005839   (26 -0.701) (25 0.579) (136 -0.326) (23 -0.135) (30 0.127) (14 -0.101) (16 -0.0689) (24 -0.0587) (40 0.0508) (15 -0.0473) (20 0.0302) (18 0.0285) (79 -0.0277) (27 0.0259) (29 0.023) (39 0.023) (17 0.0207) (42 -0.0205) (28 -0.0204) (31 0.0203) (43 0.0192) (35 -0.019) (22 -0.0179) (19 -0.0178) (32 -0.0151) (21 0.0148) (41 0.0128) (51 -0.011) 
   0.0061917   (136 -0.946) (26 0.241) (25 -0.2) (23 0.0466) (30 -0.0436) (14 0.0347) (16 0.0237) (24 0.0202) (40 -0.0175) (15 0.0163) (20 -0.0104) 
   0.0064527   (15 -0.667) (10 0.636) (16 0.297) (14 -0.184) (17 -0.138) (18 -0.0573) (25 -0.0464) (23 0.0392) (19 0.0278) (24 0.0236) (21 0.0234) (40 0.0162) (79 -0.0108) (22 0.0106) 
   0.0068631   (142 0.999) (10 -0.028) (15 -0.0172) 
   0.0077723   (10 0.771) (15 0.548) (16 -0.249) (14 0.145) (17 0.114) (18 0.0496) (25 0.0418) (142 0.0343) (23 -0.0338) (21 -0.0225) (24 -0.0222) (19 -0.021) (40 -0.0159) (79 0.012) (22 -0.0114) (26 0.0102) 
   0.0081895   (11 -0.925) (39 -0.341) (44 -0.0806) (13 -0.0621) (41 0.0606) (40 0.0559) (43 0.0558) (12 0.051) (38 0.0318) (34 0.0259) (14 -0.0244) (47 0.0241) (35 0.0182) (46 -0.0146) (29 -0.0141) (37 0.0131) (54 -0.0122) (42 -0.0115) 
   0.0084721   (140 0.998) (39 -0.0557) (11 0.0252) (44 -0.0108) 
   0.0088341   (39 0.865) (11 -0.366) (44 0.169) (40 -0.152) (41 -0.137) (43 -0.13) (38 -0.0808) (140 0.0648) (34 -0.0636) (54 0.0422) (47 -0.0422) (35 -0.0407) (13 -0.0367) (46 0.0343) (42 0.0341) (37 -0.0311) (29 0.0293) (22 0.0243) (12 0.0237) (33 -0.0223) (61 0.0193) (64 0.0178) (30 0.017) (59 -0.015) (21 -0.0148) (74 0.0118) (115 0.0116) (77 -0.0107) (32 0.0107) (65 0.0105) (53 -0.0105) (82 0.0104) 
   0.0094621   (12 -0.934) (29 -0.338) (13 -0.0652) (30 -0.0487) (11 -0.0468) (32 0.0352) (39 0.016) (26 -0.0158) (66 -0.0155) (14 -0.014) (35 -0.013) (34 -0.0129) (15 -0.0119) (33 -0.0114) 
   0.0097197   (137 -0.96) (29 -0.254) (12 0.105) (30 -0.0363) (32 0.0232) 

 Largest eigenvalues
      32.702   (163 0.297) (164 -0.942) 
      26.303   (41 0.766) (43 0.389) 
       15.68   (79 0.855) (80 0.212) 
       13.04   (114 -0.539) (115 0.621) 
      3.4536   (96 0.289) (121 -0.34) (124 -0.584) (125 0.417) 
      1.2245   (163 0.953) (164 0.295) 
      1.1674   (165 -0.998) 
      1.1481   (162 0.992) 
      1.1308   (88 0.924) (99 0.251) 
      1.1156   (99 -0.696) (101 0.368) (104 -0.287) (105 -0.382) 
      1.0712   (99 -0.431) (104 0.403) (106 -0.449) 
     0.99121   (113 -0.324) (116 0.634) (118 -0.408) 
     0.96341   (104 0.373) (106 0.525) (107 0.575) 
     0.90977   (100 0.743) (103 -0.403) 
     0.86384   (109 -0.358) (111 -0.382) (112 -0.371) (113 0.328) 
     0.80614   (109 0.363) (110 -0.32) (113 -0.374) (118 0.408) 
     0.67886   (109 -0.51) (110 0.453) 
     0.66925   (96 0.758) (100 -0.357) 
     0.65789   (114 -0.347) (126 -0.557) (132 -0.387) 
     0.60935   (112 -0.507) (113 -0.517) (114 0.413) 
     0.60727   (108 0.582) (111 -0.372) (112 0.288) (114 0.344) 
     0.58498   (108 -0.687) (111 -0.368) 
     0.58342   (123 0.429) (125 -0.363) (128 -0.533) 
     0.57994   (125 0.508) (126 0.526) (128 -0.445) 
     0.57378   (120 0.43) (121 0.435) (122 0.506) 
     0.55407   (119 -0.31) (120 -0.687) (122 0.318) 
     0.52842   (119 0.42) (121 -0.49) (123 -0.371) (127 -0.399) 
     0.49339   (119 -0.664) (122 -0.287) (132 0.33) 
     0.41762   (119 0.487) (121 0.315) (123 0.401) (125 0.32) (132 0.374) 
      0.4042   (91 -0.969) 
     0.33138   (121 -0.33) (122 0.335) (127 0.542) (132 0.407) 
      0.3112   (92 0.365) (93 0.856) 
     0.29094   (93 -0.325) (103 0.602) (104 0.479) (105 -0.298) 
     0.28732   (102 -0.855) 
     0.27453   (98 -0.509) (122 -0.305) 
     0.23029   (86 -0.649) (98 0.326) 
      0.2297   (76 0.438) (77 -0.391) (98 0.565) 
     0.20544   (76 -0.447) (77 0.338) (86 0.612) 
     0.16742   (98 -0.381) (109 -0.252) (110 -0.436) 
     0.14671   (89 0.814) (90 -0.382) (95 0.299) 
     0.14471   (95 0.422) (97 -0.519) (106 0.29) (107 -0.328) 
     0.13084   (85 0.309) (95 -0.607) (107 -0.301) 
     0.12531   (85 -0.864) (90 -0.218) (97 0.215) 
     0.11365   (85 0.318) (87 0.353) (89 -0.374) (90 -0.525) (97 0.355) 
     0.10582   (71 0.392) (76 0.347) (80 0.506) (81 -0.31) (82 -0.312) 
     0.10345   (75 -0.334) (84 0.325) (87 -0.3) (97 0.329) 
    0.095558   (60 -0.247) (65 -0.209) (68 0.216) (69 0.325) (72 0.344) (74 -0.206) (75 0.273) (77 0.205) (80 -0.268) (82 0.212) (90 0.247) 
    0.091673   (59 0.264) (60 0.611) (65 0.254) (69 -0.224) (82 0.24) 
    0.091621   (60 -0.551) (69 -0.311) (72 -0.305) 
    0.087531   (65 -0.328) (69 0.289) (75 -0.267) (97 -0.308) 
    0.084476   (64 0.474) (65 0.439) (72 0.386) 
    0.081317   (64 -0.615) (69 -0.32) 
    0.077919   (61 -0.394) (64 0.385) (65 -0.513) 
    0.074865   (61 0.808) (72 -0.313) 
    0.072461   (61 -0.404) (65 0.481) (69 0.304) 
    0.069739   (65 -0.223) (72 0.38) (75 -0.221) (82 0.257) (115 -0.26) (116 -0.295) (118 -0.284) 
    0.067241   (72 -0.299) (74 -0.32) (75 0.317) (84 -0.281) 
    0.062699   (62 -0.307) (63 -0.475) (70 0.382) (74 0.296) (82 -0.318) 
    0.058319   (62 0.328) (63 0.562) (74 0.335) 
    0.057532   (63 -0.359) (70 -0.556) (75 -0.295) 
    0.054972   (66 -0.369) (70 0.269) (74 -0.45) (82 0.281) (84 0.309) (101 -0.306) 
    0.052687   (66 0.521) (74 0.29) (75 0.319) (82 0.287) (101 -0.301) 
    0.049739   (66 -0.554) (67 -0.337) (70 -0.345) (74 0.331) 
    0.047413   (84 -0.359) (87 -0.395) (117 0.345) 
    0.045814   (34 0.834) (35 0.42) 
    0.043625   (34 -0.287) (54 0.791) 
    0.042576   (54 -0.396) (78 -0.391) (117 0.356) 
    0.040015   (56 0.478) (78 0.426) 
    0.034599   (53 -0.294) (56 -0.588) (78 0.388) 
    0.032974   (36 -0.801) (42 0.219) (43 0.208) (45 -0.234) 
    0.029544   (36 0.565) (42 0.309) (62 -0.311) 
    0.029446   (38 -0.401) (42 -0.27) (43 -0.315) (92 -0.435) 
    0.028376   (38 0.835) (92 -0.26) 
    0.027299   (38 -0.325) (62 0.515) (63 -0.337) 
    0.023269   (129 -0.911) 
     0.02241   (130 -0.578) (155 0.809) 
     0.02096   (130 -0.577) (155 -0.314) (161 0.754) 
    0.020416   (130 -0.577) (155 -0.496) (161 -0.648) 
    0.019192   (13 -0.984) 
    0.016694   (141 -0.999) 
