 1 31.6228
 2 21.393
 3 1.93786
 4 31.6228
 5 16.0947
 6 10.8583
 7 31.6196
 8 1.03479
 9 31.4115
 10 29.8261
 11 0.982959
 12 27.7392
 13 31.6228
 14 31.5857
 15 0.904104
 16 31.6228
 17 31.5372
 18 1.00331
 19 31.6228
 20 26.6782
 21 6.00641
 22 31.6228
 23 30.2701
 24 2.35777
 25 15.2721
 26 14.8981
 27 1.9762
 28 31.3595
 29 9.78555
 30 12.1226
 31 21.7574
 32 2.93043
 33 27.3504
 34 14.4668
 35 6.9762
 36 16.3414
 37 31.4202
 38 31.5527
 39 1.38749
 40 24.4812
 41 31.1094
 42 1.29521
 43 21.7682
 44 28.8528
 45 1.91017
 46 31.5863
 47 10.2523
 48 23.0727
 49 30.6001
 50 13.0828
 51 13.7471
 52 9.28759
 53 30.6999
 54 16.32
 55 8.99626
 56 12.1127
 57 29.146
 58 8.65304
 59 8.38145
 60 11.2194
 61 4.41256
 62 1.33965
 63 20.6812
 64 16.5792
 65 0.968221
 66 21.002
 67 29.2851
 68 3.8833
 69 31.6146
 70 31.6228
 71 28.7563
 72 4.36638
 73 31.6145
 74 1.36189
 75 31.5648
 76 31.3422
 77 1.37015
 78 29.5208
 79 31.6016
 80 1.87157
 81 31.0955
 82 31.4173
 83 14.2276
 84 1.41865
 85 10.126
 86 1.45093
 87 31.3654
 88 1.09475
 89 1.04051
 90 1.24205
 91 2.46106
 92 17.8908
 93 26.9647
 94 26.3491
 95 30.1307
 96 30.6087
 97 15.9172
 98 16.4704
 99 8.83405
 100 29.3711
 101 30.7826
 102 10.3258
 103 11.5744
 104 10.8794
 105 10.9807
 106 12.2851
 107 12.4018
 108 12.5465
 109 10.4094
 110 8.43773
 111 12.8301
 112 13.9192
 113 13.383
 114 12.6554
 115 12.8228
 116 11.0615
 117 12.3049
 118 13.2773
 119 11.6784
 120 8.528
 121 10.7155
 122 6.71115
 123 7.74266
 124 5.53122
 125 5.09102
 126 6.88639
 127 4.47072
 128 8.83495
 129 7.19917
 130 7.2445
 131 4.05627
 132 4.43631
 133 4.57747
 134 5.84069
 135 2.61601
 136 6.74844
 137 2.83035
 138 2.77618
 139 2.78307
 140 3.02993
 141 2.96451
 142 2.63609
 143 2.75079
 144 3.67715
 145 3.72789
 146 3.32889
 147 2.8566
 148 5.16846
 149 3.79938
 150 3.21105
 151 3.45501
 152 4.72376
 153 4.42496
 154 3.49086
 155 4.36136
 156 4.81251
 157 6.74653
 158 0.129413
 159 0.140789
 160 0.271493
 161 3.7422
 162 4.40073
 163 17.3359
 164 25.4974
 165 0.546837
