 1 1000
 2 484.852
 3 22.3665
 4 1000
 5 406.356
 6 263.832
 7 999.85
 8 3.90811
 9 991.412
 10 898.412
 11 2.31559
 12 782.198
 13 1000
 14 998.075
 15 0.82336
 16 1000
 17 996.924
 18 3.06998
 19 1000
 20 836.644
 21 160.272
 22 1000
 23 955.258
 24 43.9727
 25 245.143
 26 253.211
 27 17.8315
 28 986.578
 29 194.421
 30 246.729
 31 496.422
 32 59.4151
 33 818.424
 34 215.805
 35 138.834
 36 361.123
 37 988.619
 38 997.47
 39 3.74534
 40 613.754
 41 971.697
 42 1.77581
 43 498.649
 44 865.443
 45 17.7066
 46 998.644
 47 287.066
 48 714.195
 49 949.028
 50 185.852
 51 268.522
 52 171.396
 53 953.964
 54 273.352
 55 159.486
 56 230.68
 57 885.223
 58 87.1763
 59 128.938
 60 194.573
 61 22.3689
 62 1.82623
 63 442.124
 64 321.236
 65 1.66045
 66 485.166
 67 922.348
 68 79.7632
 69 999.716
 70 1000
 71 904.153
 72 95.5339
 73 999.628
 74 3.19764
 75 997.914
 76 983.635
 77 3.28089
 78 877.333
 79 999.1
 80 17.1284
 81 981.625
 82 990.19
 83 217.717
 84 2.94888
 85 107.977
 86 2.82837
 87 988.895
 88 1.70937
 89 1.63761
 90 1.9031
 91 9.2165
 92 435.967
 93 813.067
 94 782.053
 95 938.779
 96 958.344
 97 302.177
 98 329.669
 99 125.957
 100 902.899
 101 964.526
 102 128.795
 103 151.274
 104 136.316
 105 135.481
 106 161.636
 107 166.729
 108 171.992
 109 128.542
 110 99.2013
 111 182.89
 112 203.092
 113 190.041
 114 174.801
 115 185.3
 116 149.658
 117 173.839
 118 194.909
 119 154.81
 120 86.3653
 121 123.519
 122 48.187
 123 62.8612
 124 37.4058
 125 28.9871
 126 51.8481
 127 25.7161
 128 88.6836
 129 64.9937
 130 61.4491
 131 19.9515
 132 20.8155
 133 22.3755
 134 35.3912
 135 8.42915
 136 46.6518
 137 9.48175
 138 8.84443
 139 8.86815
 140 10.2524
 141 10.4793
 142 8.42242
 143 8.96935
 144 14.812
 145 14.9305
 146 12.3031
 147 9.85274
 148 28.8368
 149 15.9405
 150 11.7097
 151 13.5084
 152 23.4604
 153 20.7532
 154 13.1463
 155 19.8101
 156 24.0844
 157 46.4688
 158 0.130627
 159 0.0360723
 160 0.386838
 161 21.774
 162 24.4901
 163 382.834
 164 714.166
 165 6.51649
