 1 46285.9
 2 614.502
 3 28.1302
 4 175168
 5 505.565
 6 328.171
 7 460664
 8 38.9086
 9 12362.2
 10 2511.11
 11 3.93409
 12 1623.08
 13 306211
 14 4227.74
 15 0.844267
 16 309179
 17 3677.01
 18 8.97961
 19 120319
 20 2046.4
 21 390.511
 22 164750
 23 3232.71
 24 146.351
 25 265.809
 26 324.05
 27 22.6817
 28 2901.56
 29 247.045
 30 311.747
 31 516.047
 32 72.6377
 33 1005.68
 34 222.667
 35 158.366
 36 414.303
 37 1530.81
 38 2950.15
 39 7.94051
 40 981.235
 41 4316.95
 42 2.13051
 43 674.843
 44 1461.85
 45 29.2786
 46 14921.1
 47 936.605
 48 1958.08
 49 1837.55
 50 189.766
 51 317.95
 52 202.686
 53 2905.31
 54 307.395
 55 213.254
 56 316.059
 57 913.637
 58 88.0604
 59 132.652
 60 201.706
 61 22.5391
 62 1.82778
 63 465.054
 64 326.307
 65 1.66886
 66 492.721
 67 3008.2
 68 273.065
 69 162343
 70 169615
 71 2208.68
 72 230.357
 73 17681.2
 74 24.3566
 75 13737.2
 76 8358.69
 77 5.5153
 78 1848.62
 79 8838.68
 80 52.6668
 81 2683.56
 82 1563.59
 83 234.6
 84 3.07048
 85 137.335
 86 3.19831
 87 4703.47
 88 1.70962
 89 1.63763
 90 1.90342
 91 10.247
 92 497.419
 93 1701.62
 94 1645.19
 95 2693.77
 96 2460.48
 97 319.647
 98 345.986
 99 127.834
 100 1119.35
 101 1551.63
 102 133.048
 103 154.579
 104 137.67
 105 136.428
 106 162.31
 107 167.433
 108 172.889
 109 129.684
 110 101.155
 111 184.02
 112 204.078
 113 190.796
 114 175.329
 115 185.839
 116 150.628
 117 174.439
 118 195.457
 119 156.108
 120 88.6707
 121 124.155
 122 49.2457
 123 68.4358
 124 38.4813
 125 29.8604
 126 52.4018
 127 27.3645
 128 91.2962
 129 66.165
 130 62.293
 131 20.3152
 132 21.1141
 133 22.7594
 134 36.4156
 135 8.72048
 136 47.0595
 137 9.84223
 138 9.18759
 139 9.21557
 140 10.8025
 141 11.1876
 142 8.90387
 143 9.41123
 144 15.2454
 145 15.266
 146 12.6633
 147 10.3442
 148 29.6107
 149 16.4497
 150 12.0319
 151 13.8695
 152 23.9523
 153 21.5659
 154 13.5572
 155 20.1346
 156 24.3462
 157 46.7608
 158 0.163778
 159 0.0376563
 160 0.493535
 161 25.7177
 162 26.5056
 163 1099.38
 164 1442.24
 165 7.18468
