 Smallest eigenvalues
  2.1233e-06   (9 -1) 
  3.2344e-06   (51 0.615) (48 -0.557) (49 -0.207) (154 -0.205) (52 -0.193) (44 -0.167) (55 -0.161) (50 0.13) (14 0.125) (47 -0.116) (78 0.104) (37 -0.0982) (54 0.0893) (53 0.0876) (77 -0.0803) (38 0.0742) (42 0.0728) (46 0.0675) (27 0.0658) (40 0.0613) (56 0.0584) (43 0.0535) (68 0.0413) (70 -0.0396) (60 -0.0339) (67 -0.0301) (39 -0.0299) (41 0.0297) (61 0.0297) (76 0.0269) (35 -0.0263) (36 0.0254) (63 -0.024) (33 0.0237) (17 0.0225) (69 -0.0221) (65 0.022) (32 -0.0204) (23 0.0202) (71 -0.0178) (30 -0.0168) (26 0.0167) (75 0.016) (19 -0.0148) (45 0.0144) (25 0.0139) (80 0.0139) (64 0.0138) (84 0.0138) (28 0.0135) (88 0.0133) (57 -0.0129) (16 -0.0121) (74 -0.0109) (11 -0.0107) 
  3.2657e-06   (154 -0.979) (51 -0.129) (48 0.117) (49 0.0435) (52 0.0404) (44 0.0352) (55 0.0336) (50 -0.0273) (14 -0.0263) (47 0.0243) (78 -0.0214) (37 0.0207) (54 -0.0187) (53 -0.0183) (77 0.0166) (38 -0.0156) (42 -0.0153) (46 -0.0142) (27 -0.0139) (40 -0.0129) (56 -0.0122) (43 -0.0112) 
  5.7088e-06   (4 -1) 
  5.8957e-06   (149 0.627) (47 0.57) (44 -0.341) (46 0.228) (45 -0.188) (37 -0.123) (14 0.104) (48 0.0942) (38 0.0798) (27 0.0675) (43 0.063) (42 0.0589) (77 -0.0576) (40 0.0571) (39 -0.0528) (78 0.052) (51 -0.0497) (49 -0.0439) (53 -0.0314) (35 -0.0275) (52 -0.0262) (56 0.0261) (28 0.0249) (70 -0.0235) (36 0.0212) (60 -0.0201) (17 0.0188) (33 0.0178) (19 -0.0167) (16 -0.0166) (25 0.0153) (41 -0.0152) (23 0.0147) (54 0.0142) (32 -0.0128) (73 -0.0114) (68 0.0111) (31 0.0102) 
  6.0698e-06   (149 0.779) (47 -0.459) (44 0.274) (46 -0.184) (45 0.152) (37 0.0993) (14 -0.084) (48 -0.0758) (38 -0.0643) (27 -0.0544) (43 -0.0507) (42 -0.0474) (77 0.0463) (40 -0.0459) (39 0.0425) (78 -0.0417) (51 0.04) (49 0.0354) (53 0.0252) (35 0.0222) (52 0.0211) (56 -0.021) (28 -0.0201) (70 0.0189) (36 -0.0171) (60 0.0162) (17 -0.0151) (33 -0.0143) (19 0.0135) (16 0.0134) (25 -0.0123) (41 0.0123) (23 -0.0118) (54 -0.0115) (32 0.0103) 
  6.1573e-06   (1 -0.989) (31 0.087) (32 -0.0696) (37 0.0534) (27 0.0514) (28 0.0389) (35 0.0286) (14 0.0174) (38 -0.0172) (29 0.0142) 
  8.3112e-06   (155 -0.998) (31 0.0314) (32 -0.0249) (27 0.0196) (37 0.0185) (28 0.014) (14 0.0121) (35 0.0101) 
  2.1605e-05   (31 -0.568) (32 0.451) (27 -0.355) (37 -0.336) (28 -0.254) (14 -0.218) (35 -0.184) (1 -0.147) (38 0.103) (29 -0.0907) (19 0.0717) (33 0.0651) (23 -0.0643) (25 -0.0612) (16 0.0607) (30 -0.0568) (155 -0.0551) (43 0.0473) (36 0.0444) (77 0.0409) (34 -0.0408) (44 -0.0392) (22 -0.038) (17 -0.037) (39 -0.0366) (78 -0.0363) (15 0.0269) (40 0.0251) (11 0.0229) (49 0.0195) (21 -0.019) (48 -0.0183) (51 0.0181) (70 0.0168) (42 0.0163) (20 -0.016) (56 -0.0159) (60 0.0156) (53 0.0145) (26 -0.0137) (54 -0.0121) (75 0.0117) (57 -0.0115) (73 0.0111) (41 0.0111) (80 -0.0104) 
  3.7071e-05   (18 0.617) (46 -0.389) (22 -0.315) (45 0.299) (23 0.262) (19 0.23) (21 0.205) (44 -0.182) (20 0.169) (42 0.119) (47 0.0659) (37 -0.0585) (48 0.0554) (27 0.0473) (38 0.0472) (78 0.0434) (43 0.043) (17 0.0421) (30 -0.0417) (36 0.0408) (29 0.0386) (15 -0.0373) (16 -0.0359) (26 0.0305) (40 0.0303) (77 -0.0297) (14 0.0269) (34 -0.0264) (31 0.0241) (53 -0.0236) (35 -0.0235) (51 -0.0234) (71 -0.0208) (32 -0.0199) (68 0.0197) (25 -0.0181) (61 0.0169) (74 -0.0165) (70 -0.0158) (50 0.0156) (73 0.0148) (79 0.014) (66 0.0136) (62 0.0133) (56 0.0123) (60 -0.0112) 
  6.1973e-05   (158 -0.999) (46 -0.0243) (18 -0.0188) (45 0.0182) (44 -0.0105) 
  0.00010354   (46 0.574) (45 -0.431) (18 0.428) (44 0.248) (22 -0.215) (19 0.186) (23 0.149) (37 0.134) (48 -0.114) (21 0.113) (14 -0.111) (42 -0.106) (20 0.092) (38 -0.0825) (40 -0.0757) (47 -0.0749) (43 -0.0731) (27 -0.0688) (39 0.0665) (77 0.0652) (78 -0.0588) (41 -0.0526) (158 -0.0428) (51 0.0368) (49 0.0356) (25 -0.0352) (28 -0.0349) (56 -0.033) (68 -0.0302) (34 -0.0294) (30 -0.0292) (70 0.0269) (35 0.0264) (53 0.0244) (54 -0.0218) (26 0.0217) (71 0.0209) (67 0.0198) (74 0.0172) (60 0.0159) (15 -0.0157) (61 -0.0155) (80 -0.0149) (69 0.0123) (81 0.0123) (65 -0.0118) (36 -0.0117) (66 -0.0115) (50 -0.0115) (11 0.011) (62 -0.011) (57 -0.0108) (17 0.0103) 
  0.00010762   (3 -1) 
  0.00012987   (19 0.609) (14 0.453) (17 0.345) (23 -0.329) (27 -0.255) (21 0.211) (18 -0.164) (20 0.128) (25 -0.0825) (22 0.0702) (33 -0.0681) (24 0.0634) (37 0.0614) (38 -0.056) (44 0.0487) (30 0.0444) (28 -0.04) (26 -0.0334) (36 -0.0312) (47 0.0277) (31 0.0274) (32 0.0265) (35 0.0256) (11 -0.0255) (40 -0.0249) (46 -0.0216) (12 -0.0216) (15 0.0188) (42 -0.017) (77 -0.0153) (34 0.0135) (29 0.0122) (13 0.0122) (78 0.0119) (39 0.0118) (57 -0.0105) (52 -0.0101) 
  0.00020751   (159 1) 
  0.00021998   (2 1) 
  0.00024497   (22 -0.574) (19 -0.496) (14 0.32) (23 -0.297) (27 -0.285) (17 0.232) (21 -0.196) (20 -0.12) (18 0.107) (25 -0.102) (16 -0.07) (37 0.0657) (24 -0.0512) (157 0.0469) (38 -0.036) (35 0.03) (32 0.0292) (33 -0.0273) (44 0.0264) (36 -0.0256) (29 0.0241) (31 0.0227) (26 0.0211) (15 -0.0196) (11 -0.0192) (30 0.0183) (40 -0.0177) (28 -0.0159) (39 0.0156) (77 -0.0153) (12 -0.0153) (46 -0.0123) (43 -0.0117) (47 0.0107) 
  0.00028917   (157 0.999) (22 0.0269) (19 0.0233) (14 -0.015) (23 0.0139) (27 0.0134) (17 -0.0109) 
  0.00029896   (8 -1) 
  0.00030922   (28 -0.765) (150 -0.4) (27 0.338) (29 0.167) (14 0.16) (37 0.156) (26 0.137) (32 0.0956) (35 0.0684) (22 0.0661) (48 0.0557) (17 0.055) (19 -0.0533) (38 -0.0502) (16 -0.0458) (31 -0.0397) (25 0.0381) (18 0.0367) (39 0.0326) (51 0.0323) (15 -0.0272) (42 -0.0249) (21 -0.0233) (33 0.0227) (49 0.0224) (20 -0.0216) (43 -0.0206) (75 0.02) (36 -0.019) (78 0.018) (34 0.0151) (23 0.015) (40 -0.0149) (11 -0.013) (77 -0.0126) (68 0.0114) 
  0.00031037   (150 -0.917) (28 0.334) (27 -0.147) (29 -0.073) (14 -0.0697) (37 -0.0681) (26 -0.0597) (32 -0.0417) (35 -0.0298) (22 -0.0289) (48 -0.0242) (17 -0.024) (19 0.0233) (38 0.0219) (16 0.02) (31 0.0173) (25 -0.0166) (18 -0.016) (39 -0.0142) (51 -0.014) (15 0.0119) (42 0.0109) (21 0.0102) 
  0.00031493   (6 -1) 
  0.00032222   (23 0.499) (22 0.449) (27 -0.424) (24 0.283) (19 -0.277) (14 0.258) (153 -0.207) (17 0.155) (25 -0.128) (18 0.127) (26 -0.119) (37 0.0967) (16 -0.08) (15 -0.0522) (35 0.0517) (39 0.0483) (32 0.0376) (33 0.0361) (38 -0.0305) (28 -0.0263) (43 -0.0257) (29 0.0256) (48 0.0213) (77 -0.0176) (78 0.0174) (73 -0.0172) (36 -0.0152) (30 -0.0148) (11 -0.0139) (56 0.012) (52 0.0112) (47 0.0111) (40 -0.0108) (34 -0.0103) (75 0.0101) 
  0.00033438   (153 -0.978) (23 -0.106) (22 -0.0951) (27 0.0898) (24 -0.06) (19 0.0587) (14 -0.0548) (17 -0.0329) (25 0.0271) (18 -0.027) (26 0.0252) (37 -0.0205) (16 0.017) (15 0.0111) (35 -0.011) (39 -0.0102) 
  0.00033911   (57 0.495) (73 -0.459) (70 -0.434) (74 -0.317) (60 0.214) (67 0.212) (52 0.166) (44 -0.139) (77 0.138) (69 0.118) (68 -0.117) (78 -0.098) (56 0.0877) (47 -0.0778) (61 -0.0711) (33 0.0662) (65 0.0578) (63 0.0545) (46 0.0454) (76 -0.0425) (66 0.041) (72 -0.0403) (37 0.0383) (64 -0.0379) (42 0.0375) (54 0.0373) (50 0.0371) (75 0.0368) (40 0.0357) (16 0.0326) (79 0.032) (43 -0.0311) (19 0.0283) (51 0.0272) (34 -0.0267) (38 0.0257) (22 -0.0238) (14 0.0226) (15 0.0221) (59 -0.0216) (30 -0.02) (123 -0.019) (88 0.0189) (18 -0.0182) (62 -0.0178) (126 0.0176) (39 0.0176) (121 0.017) (124 0.0169) (21 -0.0164) (27 -0.015) (109 0.0148) (84 0.014) (120 0.0139) (36 -0.0137) (48 0.0133) (23 0.0132) (35 0.0132) (152 -0.013) (104 0.0129) (20 -0.0126) (91 0.0124) (89 -0.0118) (100 0.0113) (80 -0.0113) (106 -0.0107) (55 0.0105) (101 0.0105) (129 -0.0104) 
  0.00035701   (73 0.59) (57 0.406) (74 0.33) (67 0.276) (152 -0.244) (68 -0.188) (44 -0.186) (52 0.137) (60 0.127) (47 -0.125) (69 0.115) (70 0.115) (71 0.106) (49 0.103) (56 0.086) (14 0.0855) (33 0.0844) (46 0.0702) (55 0.0683) (63 0.0673) (61 -0.0549) (38 0.0545) (65 0.0533) (39 0.0513) (40 0.0458) (66 0.0456) (64 -0.0446) (42 0.0396) (43 -0.0351) (48 -0.0339) (120 0.0338) (16 0.0324) (53 -0.0303) (34 -0.0302) (30 -0.03) (23 0.0275) (75 -0.0267) (79 -0.0266) (77 -0.0231) (72 -0.0229) (18 -0.0228) (121 -0.0228) (59 -0.0223) (84 0.0222) (15 0.0211) (32 -0.0206) (19 0.0185) (21 -0.018) (129 -0.0172) (124 0.017) (119 -0.0166) (24 -0.0166) (62 -0.0165) (78 0.0146) (88 0.0146) (125 -0.0132) (145 0.0125) (122 0.0125) (20 -0.0123) (17 0.0122) (131 -0.012) (89 -0.0117) (51 0.0109) (80 0.0105) (37 -0.0105) 
  0.00037743   (152 -0.969) (73 -0.142) (57 -0.109) (74 -0.0789) (67 -0.0723) (44 0.0495) (68 0.0488) (52 -0.0371) (60 -0.035) (47 0.0329) (69 -0.0305) (71 -0.0266) (49 -0.0261) (70 -0.0233) (56 -0.023) (33 -0.0226) (14 -0.0221) (46 -0.0185) (63 -0.0177) (55 -0.0174) (61 0.0148) (38 -0.0143) (65 -0.0142) (39 -0.0133) (40 -0.0122) (145 0.012) (66 -0.012) (64 0.0117) (42 -0.0107) 
  0.00045183   (25 0.94) (24 0.234) (27 -0.151) (54 -0.0888) (22 -0.0751) (26 -0.0629) (52 0.0613) (56 -0.0507) (53 -0.0482) (14 0.0471) (57 -0.0339) (49 0.0328) (47 -0.0309) (16 -0.0302) (44 -0.0291) (55 -0.0268) (28 -0.0242) (33 0.0224) (39 0.0205) (17 0.0194) (31 -0.0157) (30 -0.0154) (46 0.0149) (15 -0.0144) (23 -0.0122) (78 0.0122) (77 -0.0121) (60 -0.012) (48 -0.0119) 
  0.00048444   (147 0.749) (54 -0.387) (52 0.292) (56 -0.233) (53 -0.183) (44 -0.147) (57 -0.131) (55 -0.12) (49 0.11) (47 -0.109) (25 -0.0927) (14 0.0597) (46 0.0581) (48 -0.0497) (33 0.0489) (60 -0.0475) (51 0.0434) (38 0.0397) (73 -0.037) (24 -0.0368) (27 0.036) (42 0.0342) (40 0.0334) (70 -0.0281) (37 -0.0275) (77 -0.0243) (78 0.0232) (50 -0.0222) (34 -0.0185) (43 -0.0167) (67 -0.0164) (16 0.0164) (68 0.0143) (28 0.0142) (61 0.0135) (23 0.0129) (30 -0.0127) (39 0.0126) (120 0.0126) (32 -0.0125) (18 -0.012) (74 -0.0115) (15 0.0111) 
  0.00050106   (147 0.663) (54 0.437) (52 -0.33) (56 0.264) (53 0.207) (44 0.166) (57 0.148) (55 0.135) (49 -0.124) (47 0.124) (25 0.0996) (14 -0.0677) (46 -0.0657) (48 0.0562) (33 -0.0554) (60 0.0537) (51 -0.0491) (38 -0.0448) (73 0.0418) (24 0.0403) (27 -0.0398) (42 -0.0387) (40 -0.0377) (70 0.0317) (37 0.031) (77 0.0275) (78 -0.0262) (50 0.0251) (34 0.0209) (43 0.0189) (67 0.0185) (16 -0.0183) (68 -0.0161) (28 -0.0159) (61 -0.0153) (23 -0.0145) (30 0.0144) (39 -0.0144) (32 0.0141) (120 -0.014) (18 0.0135) (74 0.013) (15 -0.0125) (71 0.0109) 
  0.00050359   (53 0.681) (55 0.443) (39 -0.372) (52 0.268) (57 -0.16) (44 -0.153) (40 0.116) (54 -0.115) (37 0.105) (47 -0.0775) (49 0.0744) (42 0.0704) (60 -0.0619) (38 -0.06) (56 0.0563) (46 0.0519) (41 -0.0505) (48 -0.0468) (70 -0.0412) (78 0.0373) (77 -0.0365) (50 -0.023) (36 -0.0217) (151 -0.0191) (27 -0.0179) (73 -0.0172) (35 0.0159) (61 0.0157) (19 0.0122) (72 0.0116) (69 0.0114) (22 -0.0111) (51 0.01) 
  0.00051151   (151 -0.967) (39 0.203) (37 -0.0712) (53 0.0668) (38 0.051) (55 0.0475) (40 -0.0473) (52 0.0324) (33 0.027) (14 0.0264) (41 0.0231) (27 0.0212) (44 0.0184) (42 -0.0179) (57 -0.0176) (49 -0.014) (34 -0.0112) (77 -0.0105) (73 -0.0103) (43 -0.0102) (78 0.0102) (56 0.0101) (35 -0.01) 
  0.00056015   (39 -0.75) (53 -0.307) (37 0.265) (151 -0.253) (55 -0.215) (38 -0.191) (40 0.172) (52 -0.145) (33 -0.103) (14 -0.101) (41 -0.0846) (27 -0.0798) (57 0.0792) (42 0.0633) (44 -0.0589) (49 0.0484) (77 0.043) (56 -0.043) (34 0.0429) (78 -0.0419) (73 0.0411) (54 0.0398) (43 0.0387) (35 0.0371) (60 0.0364) (24 0.0351) (48 -0.0325) (70 0.0314) (28 -0.0313) (36 -0.0274) (32 0.0268) (31 -0.0258) (51 -0.0236) (68 -0.0177) (47 -0.0168) (18 0.0165) (67 0.0157) (23 -0.0154) (72 -0.0151) (50 -0.015) (45 0.0124) 
  0.00056718   (70 0.798) (57 0.282) (73 -0.27) (72 0.196) (71 -0.19) (69 -0.164) (52 0.157) (49 -0.136) (74 -0.122) (60 0.0935) (51 0.073) (48 0.0636) (76 -0.0614) (50 0.0608) (75 0.0537) (44 -0.0506) (68 0.0481) (65 0.0465) (54 -0.0371) (33 0.036) (78 0.0333) (148 0.033) (55 0.0318) (61 -0.0298) (84 0.0283) (37 0.0264) (56 0.0246) (40 0.0243) (124 0.0233) (42 0.0218) (43 -0.0195) (16 0.0192) (19 0.0186) (22 -0.0185) (47 -0.0175) (88 0.0174) (67 -0.0158) (34 -0.0151) (129 -0.0145) (126 0.0143) (46 0.0141) (79 -0.0131) (38 0.0116) (36 -0.0114) (53 0.0113) (90 0.0112) (21 -0.0106) (14 0.0103) (15 0.0103) (39 -0.0103) 
  0.00061385   (148 0.852) (49 0.363) (51 -0.149) (52 -0.146) (48 -0.144) (44 -0.122) (50 -0.122) (54 0.12) (47 -0.0903) (73 -0.0712) (46 0.0509) (14 0.0472) (39 0.0415) (70 0.0365) (33 0.0334) (38 0.0329) (67 -0.0321) (37 -0.0317) (71 -0.0316) (68 0.0299) (78 0.0272) (77 -0.0272) (74 -0.0254) (72 0.0236) (69 -0.0213) (55 -0.0209) (27 0.0201) (42 0.0183) (53 0.0179) (45 0.0175) (40 0.0165) (24 -0.0145) (57 -0.0144) (23 0.0123) (32 -0.0116) (34 -0.0114) (30 -0.0105) 
  0.00065825   (49 -0.583) (148 0.523) (51 0.239) (48 0.23) (52 0.228) (44 0.202) (50 0.194) (54 -0.193) (47 0.148) (73 0.133) (70 -0.11) (46 -0.0839) (14 -0.0776) (39 -0.0669) (71 0.0636) (33 -0.0569) (38 -0.0545) (67 0.0534) (68 -0.0519) (72 -0.051) (37 0.0499) (74 0.0491) (78 -0.0466) (69 0.0452) (77 0.0442) (27 -0.0322) (55 0.032) (42 -0.0314) (53 -0.03) (40 -0.0285) (45 -0.0282) (24 0.0238) (23 -0.0206) (34 0.0196) (32 0.0191) (30 0.0177) (16 -0.0157) (79 0.0154) (18 0.0146) (63 0.0142) (76 0.013) (75 -0.0129) (56 -0.0129) (21 0.0118) (120 -0.0112) 
   0.0007209   (38 0.806) (37 0.321) (24 -0.202) (23 0.18) (39 -0.162) (44 0.15) (40 -0.127) (33 0.12) (21 -0.102) (19 0.101) (36 -0.0908) (18 -0.087) (16 0.0815) (22 -0.0812) (43 0.078) (42 -0.0736) (20 -0.0689) (14 0.0688) (27 -0.0654) (47 0.0545) (34 -0.054) (35 0.0511) (15 0.0495) (52 -0.0439) (25 0.0415) (57 -0.0345) (46 -0.0327) (41 -0.0203) (26 -0.0189) (30 -0.0185) (56 -0.0167) (31 -0.0158) (17 0.0125) 
  0.00080021   (24 -0.577) (23 0.491) (38 -0.305) (33 -0.235) (21 -0.234) (18 -0.181) (19 0.175) (14 0.172) (20 -0.155) (22 -0.139) (25 0.13) (37 -0.114) (16 0.11) (30 0.0976) (34 0.0872) (27 -0.0838) (15 0.0689) (26 -0.0553) (32 0.0514) (142 -0.0441) (17 0.0423) (36 0.0343) (35 -0.0334) (44 0.0266) (28 -0.0254) (49 -0.0149) (40 0.0135) (11 -0.0131) (31 0.013) (39 0.013) (29 -0.0128) (47 0.0119) (12 -0.0117) 
  0.00092112   (142 -0.997) (145 -0.0575) (24 0.0267) (23 -0.0228) (141 -0.0167) (140 0.0136) (146 0.0125) (21 0.011) 
  0.00098136   (44 -0.422) (52 -0.409) (47 -0.406) (49 -0.346) (48 0.341) (16 0.24) (46 0.164) (51 -0.161) (57 -0.144) (43 -0.131) (50 0.124) (14 0.105) (56 -0.105) (17 -0.105) (15 0.097) (33 0.092) (37 0.085) (39 0.0697) (40 0.0664) (42 0.0603) (53 0.0589) (27 -0.0418) (77 0.0411) (34 -0.0381) (54 -0.0347) (60 -0.0343) (78 -0.0331) (36 -0.027) (35 0.0267) (45 -0.0256) (38 0.0245) (30 -0.0242) (41 0.0241) (31 -0.0165) (22 -0.0163) (19 0.0151) (65 -0.0146) (74 -0.014) (84 0.0131) (18 0.0129) (55 -0.0127) (68 -0.0122) (23 -0.0107) (120 0.0106) 
   0.0010172   (16 0.708) (17 -0.407) (14 0.296) (15 0.264) (18 0.161) (44 0.16) (47 0.128) (19 -0.122) (33 -0.119) (23 -0.105) (21 0.0946) (52 0.0906) (48 -0.0828) (49 0.0788) (24 0.0741) (20 0.0719) (22 0.0677) (46 -0.0574) (30 0.0494) (43 0.046) (34 0.0439) (39 -0.0396) (51 0.0373) (40 -0.0332) (50 -0.033) (42 -0.0328) (38 -0.0324) (57 0.0266) (32 0.0231) (56 0.0224) (27 -0.0213) (37 -0.0211) (12 -0.0196) (28 -0.0186) (11 -0.0169) (31 0.0156) (35 -0.0144) (13 0.0125) (53 -0.0112) (77 -0.0112) (41 -0.0102) 
   0.0010912   (146 0.957) (145 0.29) 
   0.0011616   (54 0.683) (52 0.401) (33 0.339) (56 -0.3) (57 -0.226) (36 0.149) (34 -0.138) (53 -0.112) (35 0.0898) (38 -0.0779) (50 0.0761) (30 -0.0685) (39 -0.0564) (16 0.0527) (49 -0.049) (51 0.0485) (48 0.0474) (14 0.0469) (60 -0.0442) (47 -0.0412) (44 -0.0408) (19 0.0398) (32 -0.0377) (22 -0.0375) (77 0.0368) (15 0.0362) (18 -0.0345) (78 -0.0329) (21 -0.0315) (24 -0.0275) (23 0.0252) (46 0.0235) (20 -0.0222) (68 -0.0218) (67 0.0211) (137 0.018) (72 -0.0172) (73 0.0146) (69 0.0131) (70 0.011) (61 0.0108) (43 -0.0104) (79 0.0103) (40 -0.01) 
   0.0013592   (33 0.626) (36 0.374) (54 -0.296) (34 -0.254) (52 -0.23) (44 0.209) (38 -0.193) (39 -0.163) (35 0.159) (37 -0.138) (137 0.128) (56 0.119) (30 -0.113) (14 0.107) (40 -0.0804) (32 -0.075) (42 -0.0735) (57 0.0719) (47 0.0718) (43 0.0643) (53 0.0536) (46 -0.0493) (16 0.0486) (24 -0.0467) (18 -0.0421) (51 -0.04) (23 0.0384) (21 -0.0362) (27 0.0313) (50 -0.0303) (19 0.0301) (15 0.0298) (22 -0.0276) (41 -0.0262) (28 0.0253) (20 -0.0243) (77 -0.0187) (78 0.0178) (17 0.0156) (60 0.0148) (73 -0.0146) (29 0.0133) (70 -0.012) 
   0.0015085   (137 0.991) (33 -0.0873) (36 -0.0511) (34 0.0355) (38 0.0263) (54 0.026) (44 -0.0259) (145 -0.0232) (52 0.0223) (35 -0.0222) (39 0.022) (37 0.0179) (30 0.0159) (14 -0.0148) (40 0.0105) (32 0.0104) (56 -0.0102) 
   0.0015262   (11 -0.956) (35 -0.257) (33 0.0626) (37 0.06) (30 -0.0539) (36 -0.0469) (32 -0.0373) (14 -0.0372) (38 -0.0357) (133 0.0295) (44 0.0165) (15 0.0134) (31 -0.0127) (40 -0.0114) (46 -0.0103) 
    0.001624   (133 0.845) (35 -0.449) (11 0.174) (33 0.112) (37 0.0969) (30 -0.0874) (36 -0.0825) (14 0.0681) (32 -0.0638) (38 -0.0574) (27 0.0389) (44 0.0279) (40 -0.0201) (31 -0.0153) (23 0.0139) (17 0.0139) (28 0.0139) (55 -0.0137) (21 -0.0135) (46 -0.0134) (42 -0.0119) (39 -0.0101) 
   0.0018977   (35 0.726) (133 0.534) (11 -0.222) (33 -0.18) (37 -0.157) (30 0.141) (36 0.133) (14 -0.106) (32 0.103) (38 0.0928) (27 -0.0622) (44 -0.0451) (40 0.0324) (31 0.0249) (17 -0.0224) (23 -0.0224) (28 -0.0222) (55 0.0221) (46 0.0218) (21 0.0216) (42 0.0192) (39 0.016) (45 0.0159) (47 -0.0135) (53 -0.0123) (51 0.0117) (43 0.0111) (48 -0.0106) (25 -0.0101) (77 0.01) 
   0.0020059   (30 -0.725) (32 -0.466) (31 -0.237) (55 -0.195) (34 0.188) (33 -0.184) (35 0.16) (53 0.137) (28 -0.0865) (37 -0.084) (50 -0.0703) (27 -0.0636) (71 -0.0501) (72 0.0499) (29 -0.0495) (51 -0.0442) (74 0.0413) (52 0.0391) (49 -0.0381) (16 0.0367) (21 -0.0293) (18 -0.0279) (42 -0.026) (60 0.0254) (68 0.0253) (56 -0.0233) (41 0.0221) (47 0.0216) (130 -0.0209) (25 -0.0208) (78 -0.0203) (48 0.0199) (40 -0.0194) (57 0.0192) (70 -0.0192) (46 -0.018) (19 0.0168) (44 0.0149) (69 0.0135) (65 -0.0135) (24 -0.0128) (20 -0.0126) (22 -0.0109) (39 -0.0101) (84 0.0101) 
    0.002129   (72 0.483) (71 -0.43) (74 0.384) (68 0.354) (130 -0.27) (78 -0.249) (70 -0.227) (67 -0.163) (55 0.143) (53 -0.112) (60 0.0883) (77 0.0803) (57 0.0693) (56 0.0622) (69 0.0608) (83 -0.0598) (51 0.0577) (80 -0.0546) (41 0.0508) (62 0.0458) (66 0.0414) (40 0.039) (30 0.036) (64 0.0349) (61 0.0347) (33 0.0326) (76 -0.0323) (47 -0.0318) (63 -0.0315) (107 -0.0311) (44 -0.0287) (86 -0.0284) (85 -0.0262) (48 0.0228) (52 0.0218) (46 0.0213) (59 0.0206) (109 -0.0189) (96 0.0183) (37 0.0179) (129 0.0176) (89 -0.0172) (120 -0.0166) (84 0.0163) (32 0.0158) (79 0.0158) (87 -0.015) (35 -0.013) (34 -0.0125) (134 -0.0123) (16 0.0117) (100 0.0117) (54 0.0117) (93 -0.0116) (58 -0.0109) (124 -0.0106) 
   0.0022184   (130 -0.572) (55 0.549) (53 -0.369) (50 0.203) (30 -0.168) (71 0.168) (72 -0.164) (74 -0.144) (32 -0.103) (56 0.0878) (52 -0.0826) (49 0.0799) (60 -0.0751) (57 -0.0732) (51 0.0684) (69 -0.0611) (70 0.0601) (78 0.0555) (68 -0.0544) (34 0.0539) (31 -0.0533) (43 0.0526) (65 0.0517) (48 -0.0483) (41 0.0399) (46 0.0376) (54 -0.0343) (84 -0.0333) (129 0.0314) (73 -0.031) (47 -0.0265) (33 -0.025) (28 -0.0243) (81 -0.0241) (77 -0.0213) (88 0.0192) (80 0.0174) (27 -0.0168) (45 0.0159) (124 -0.0155) (120 -0.0153) (18 -0.015) (14 0.0147) (67 0.0143) (134 0.0133) (35 0.0128) (37 -0.0125) (16 0.0125) (90 -0.0117) (15 0.0117) (107 0.0109) (66 -0.0107) (21 -0.0101) (87 0.01) 
   0.0023535   (130 -0.771) (55 -0.451) (53 0.309) (50 -0.15) (30 0.132) (56 -0.0863) (68 -0.0843) (32 0.0833) (51 -0.07) (49 -0.0561) (52 0.0523) (41 -0.0482) (72 -0.0482) (67 0.0467) (78 0.0457) (134 0.0444) (31 0.0434) (43 -0.0419) (34 -0.0406) (65 -0.0361) (70 0.0353) (46 -0.0349) (131 0.0335) (129 0.0328) (47 0.0304) (57 0.0292) (74 -0.028) (71 0.0273) (48 0.0271) (73 0.0243) (60 0.0238) (69 0.0235) (54 0.021) (83 0.0202) (28 0.0192) (84 0.0189) (40 -0.0164) (63 0.0161) (27 0.0158) (44 0.0153) (81 0.0149) (16 -0.0145) (64 -0.0144) (85 0.0141) (88 -0.014) (79 -0.0126) (18 0.0123) (77 -0.0123) (33 0.0119) (62 -0.0119) (14 -0.0118) (86 0.0113) (59 -0.0104) 
   0.0026113   (24 0.658) (22 -0.348) (23 0.267) (20 -0.243) (21 -0.243) (18 -0.226) (56 -0.219) (19 0.213) (27 0.157) (25 -0.15) (15 0.126) (33 -0.0923) (52 -0.0813) (57 0.0664) (16 0.0625) (37 -0.0606) (44 0.0573) (30 0.0562) (55 0.0518) (53 0.0369) (34 0.0356) (47 0.0349) (60 0.0332) (36 0.0325) (35 -0.0287) (77 -0.0232) (46 -0.0232) (26 0.0231) (13 0.023) (42 -0.0229) (31 -0.0209) (12 -0.0198) (48 -0.0186) (78 0.0168) (70 -0.0152) (29 -0.0149) (74 0.0139) (14 0.0138) (120 -0.0135) (68 0.0131) (39 -0.013) (65 0.0126) (124 0.0108) (54 -0.0108) 
    0.002657   (60 -0.865) (56 0.309) (57 0.194) (61 0.184) (55 -0.126) (52 0.118) (77 0.0841) (78 -0.0743) (47 -0.0699) (24 0.0688) (132 0.056) (22 -0.0511) (59 -0.0485) (72 0.0437) (51 -0.0411) (46 0.039) (48 0.0388) (19 0.038) (53 -0.0349) (54 0.0342) (21 -0.0335) (23 0.0333) (20 -0.033) (79 0.0321) (18 -0.0303) (15 0.0277) (62 0.024) (84 -0.0236) (44 -0.0234) (108 -0.021) (16 0.0202) (107 0.0197) (109 0.019) (124 0.0186) (25 -0.0174) (80 -0.0168) (73 -0.016) (74 -0.014) (33 0.0139) (76 -0.0138) (69 0.0134) (123 0.0131) (119 -0.013) (67 0.0123) (42 0.0123) (64 0.0118) (118 0.0117) (90 -0.0116) (131 -0.0115) (68 0.0112) (125 -0.0107) (82 0.01) (38 0.01) 
   0.0027503   (132 0.756) (56 0.452) (57 -0.277) (60 0.203) (50 -0.125) (52 0.123) (131 -0.114) (53 -0.0908) (55 -0.0902) (24 0.0891) (22 -0.0658) (44 -0.0595) (43 -0.0565) (47 -0.0477) (19 0.0475) (61 -0.0436) (21 -0.0435) (23 0.0434) (51 0.0407) (20 -0.0402) (18 -0.0394) (48 0.0379) (77 0.0333) (70 0.0322) (68 -0.0319) (16 0.029) (65 -0.0282) (15 0.0251) (25 -0.0243) (72 -0.0234) (78 -0.0224) (74 -0.0217) (40 0.0205) (33 0.0204) (67 0.0196) (84 0.0191) (37 0.018) (120 0.0177) (59 0.0156) (45 -0.0153) (49 -0.0145) (27 0.0132) (64 -0.0102) (41 0.0101) 
   0.0028831   (132 0.635) (56 -0.564) (57 0.311) (60 -0.163) (52 -0.157) (50 0.147) (55 0.119) (24 -0.112) (53 0.111) (131 -0.0938) (22 0.0829) (44 0.0728) (43 0.0675) (47 0.0632) (19 -0.0599) (21 0.0547) (23 -0.0546) (20 0.0508) (18 0.0496) (48 -0.0486) (77 -0.0467) (51 -0.0443) (70 -0.0377) (68 0.0371) (16 -0.0363) (61 0.0352) (78 0.0328) (65 0.0328) (15 -0.0325) (124 0.0308) (25 0.0305) (120 -0.03) (74 0.0271) (33 -0.0256) (40 -0.0252) (67 -0.0244) (72 0.0242) (123 0.0221) (84 -0.0215) (37 -0.0212) (45 0.019) (122 0.0169) (27 -0.0163) (49 0.0163) (107 0.015) (125 -0.0143) (59 -0.0142) (129 -0.014) (63 -0.0121) (34 0.012) (46 -0.0115) (64 0.011) (41 -0.011) 
   0.0035862   (40 0.799) (41 -0.351) (65 0.262) (39 0.21) (44 0.18) (84 -0.137) (43 0.127) (67 0.124) (57 -0.0811) (37 0.0654) (42 -0.064) (33 0.0579) (38 0.0492) (63 -0.0478) (87 0.04) (47 0.0382) (66 0.0373) (64 0.0368) (52 -0.0352) (127 -0.0317) (72 0.0292) (51 -0.0275) (30 -0.0269) (55 -0.0265) (16 0.0239) (50 0.0238) (32 -0.0224) (69 0.0216) (73 -0.0204) (96 0.0204) (34 -0.0188) (71 -0.0181) (31 -0.0171) (46 -0.017) (90 0.0169) (78 0.0154) (107 -0.0153) (15 -0.0144) (19 0.0134) (24 -0.0131) (27 -0.013) (53 0.0127) (91 -0.0124) (109 -0.0122) (22 -0.0121) (45 0.012) (49 -0.0112) (77 -0.011) (82 0.0105) (21 -0.0103) 
   0.0037379   (84 -0.858) (127 -0.355) (65 -0.206) (87 0.17) (67 -0.108) (90 0.0741) (57 0.071) (107 -0.0626) (77 -0.0591) (85 0.0539) (40 -0.0474) (78 0.0468) (86 -0.0446) (44 -0.0435) (109 -0.042) (96 0.041) (92 0.04) (60 0.0388) (52 0.0379) (63 0.0372) (43 -0.0326) (129 0.0313) (120 0.0299) (66 -0.0292) (91 -0.0288) (64 -0.0287) (123 -0.0286) (47 -0.0267) (103 -0.0259) (41 0.0257) (88 0.0257) (50 -0.0239) (69 -0.0226) (126 0.0212) (93 -0.0204) (56 0.0202) (94 -0.0195) (39 -0.0185) (83 0.0169) (79 0.016) (48 0.0154) (71 0.0148) (89 -0.014) (102 0.014) (49 -0.0138) (51 0.0136) (122 0.0126) (54 0.0125) (112 0.0124) (33 0.0119) (55 -0.0112) (101 -0.0107) (61 -0.0105) (105 -0.0104) (114 0.0103) 
   0.0039177   (127 -0.699) (65 -0.442) (84 0.388) (67 -0.221) (40 0.184) (50 0.0955) (87 -0.084) (57 0.0832) (41 -0.083) (72 -0.0797) (129 0.0782) (63 0.0754) (66 -0.0652) (64 -0.0589) (39 0.0534) (43 0.0491) (90 -0.047) (78 -0.0466) (69 -0.0409) (73 0.0391) (77 0.036) (107 0.0316) (96 -0.0297) (85 -0.0287) (109 0.0273) (52 0.0263) (91 0.0238) (71 0.0237) (74 -0.0236) (86 0.0214) (76 0.0206) (49 0.0205) (33 0.0199) (51 -0.0194) (92 -0.0189) (44 0.0179) (60 0.0169) (37 0.0166) (48 -0.0162) (56 0.0159) (38 0.0156) (103 0.0155) (46 0.0153) (45 0.0143) (94 0.013) (75 -0.0122) (82 -0.0122) (14 0.0121) (30 -0.0115) 
   0.0040685   (65 0.612) (127 -0.609) (67 0.309) (40 -0.225) (57 -0.133) (63 -0.106) (41 0.0985) (50 -0.0951) (66 0.0897) (72 0.0874) (64 0.0823) (129 0.0779) (84 0.0638) (39 -0.0613) (69 0.0589) (52 -0.0507) (73 -0.0458) (43 -0.043) (60 -0.0421) (71 -0.0349) (33 -0.0331) (56 -0.0298) (76 -0.0255) (78 0.0245) (38 -0.0243) (37 -0.0234) (46 -0.0218) (74 0.0209) (79 -0.0179) (14 -0.0165) (75 0.0162) (51 0.0152) (109 -0.0152) (30 0.0151) (61 0.0143) (49 -0.0143) (47 0.0137) (93 0.0131) (96 0.013) (83 -0.0127) (45 -0.0119) (90 0.0117) (16 -0.0117) (22 0.0114) (120 -0.0111) (15 -0.0111) (91 -0.0111) (34 0.011) (82 0.0109) (80 0.0109) (19 -0.0106) (70 0.0101) 
   0.0041184   (105 0.594) (96 -0.316) (103 0.28) (123 -0.256) (101 0.206) (110 -0.198) (108 -0.191) (120 -0.172) (106 -0.169) (107 -0.165) (98 -0.165) (112 -0.155) (119 -0.139) (117 -0.131) (99 -0.127) (122 0.118) (97 -0.115) (102 -0.112) (114 -0.0899) (121 -0.0844) (111 -0.0735) (50 0.0679) (91 -0.0629) (109 -0.0612) (115 -0.0525) (94 0.0502) (118 0.048) (100 -0.0463) (90 -0.0453) (116 -0.033) (84 -0.03) (72 0.0291) (82 -0.0282) (124 -0.0268) (51 -0.0254) (113 -0.0239) (55 -0.0237) (104 0.0222) (92 -0.0209) (93 -0.0193) (71 0.0189) (65 0.0164) (60 0.0151) (81 -0.0146) (56 0.0142) (80 -0.0139) (125 -0.0138) (89 0.0133) (85 -0.0126) (86 0.012) (141 -0.0116) (79 0.0115) (83 0.0104) (53 0.0103) 
   0.0042488   (141 -0.995) (145 -0.0803) (142 0.0219) (123 -0.0214) (140 0.0206) (146 0.0189) (96 0.0139) (105 -0.013) 
   0.0043745   (50 0.819) (51 -0.275) (55 -0.238) (56 0.148) (49 0.145) (72 0.133) (53 0.109) (48 -0.106) (60 0.0989) (65 0.0951) (57 -0.0919) (40 -0.0893) (43 0.0872) (71 0.0834) (52 0.0823) (123 0.0717) (45 0.0635) (15 0.0629) (84 -0.0617) (107 0.0588) (46 0.0533) (105 -0.0512) (82 -0.0504) (120 0.044) (96 -0.0413) (119 0.0404) (74 0.0358) (117 0.035) (68 0.0341) (122 -0.0322) (80 -0.0309) (63 -0.0304) (47 0.0293) (54 -0.0288) (90 -0.0287) (81 -0.0267) (87 -0.0262) (109 0.0261) (121 0.0251) (24 0.024) (108 0.0229) (118 -0.0224) (103 -0.0222) (79 0.0218) (64 0.0211) (101 -0.0209) (16 -0.0207) (32 0.0201) (92 0.0199) (38 -0.0189) (124 0.0189) (112 -0.0187) (115 0.0182) (41 0.0174) (61 -0.017) (110 0.0168) (59 0.0167) (83 0.0166) (42 0.0158) (111 -0.0157) (66 0.015) (104 -0.0149) (97 -0.0128) (14 -0.0126) (33 -0.0122) (69 -0.0121) (98 0.012) (13 0.0118) (12 -0.0111) (20 -0.0104) (106 0.0104) (31 0.0102) 
   0.0044264   (71 0.471) (45 0.445) (72 0.349) (46 0.323) (81 -0.319) (80 -0.268) (50 -0.173) (83 0.169) (93 -0.155) (87 -0.129) (69 -0.0804) (78 0.0791) (76 -0.0776) (43 0.075) (79 0.0696) (98 -0.0657) (48 0.0603) (49 -0.0559) (100 0.0552) (109 -0.0547) (67 -0.0526) (97 0.0524) (113 0.0489) (44 0.0489) (51 0.0454) (105 -0.0402) (77 0.04) (68 0.0393) (107 0.0355) (89 0.035) (85 -0.0338) (47 0.0323) (60 0.0297) (75 0.0295) (73 -0.0276) (90 0.0273) (156 0.0262) (123 -0.0235) (70 -0.0229) (114 0.0214) (54 0.0212) (74 0.0196) (96 0.0192) (42 0.0187) (101 -0.0185) (57 0.0174) (82 -0.0171) (122 0.0169) (118 0.0166) (115 -0.0165) (119 -0.0163) (117 -0.0155) (99 0.0154) (63 -0.013) (88 -0.0129) (91 -0.0129) (103 0.0123) (112 0.0123) (52 0.0119) (65 0.0115) (41 -0.0114) (104 0.0114) (40 -0.0111) (20 -0.0108) (35 -0.0107) (21 0.0102) (39 0.0101) 
   0.0045697   (156 0.999) (45 -0.0265) (46 -0.0194) 
    0.004656   (45 0.622) (46 0.457) (71 -0.407) (72 -0.297) (81 0.145) (80 0.145) (43 0.134) (79 -0.131) (87 0.0961) (44 0.0891) (109 0.0762) (83 -0.0742) (47 0.0705) (69 0.0699) (40 -0.0622) (67 0.0613) (90 0.0588) (113 -0.0375) (100 -0.0367) (68 -0.0364) (98 0.035) (76 0.0347) (48 0.0346) (85 0.0343) (105 0.0298) (38 -0.0293) (78 -0.0279) (96 -0.0275) (49 -0.0263) (37 0.0248) (75 -0.024) (15 0.0234) (156 0.0231) (57 -0.023) (86 -0.0228) (123 0.0222) (73 0.0214) (42 0.0195) (114 -0.0193) (122 -0.0192) (39 0.0189) (118 -0.0189) (63 0.0185) (14 -0.0178) (93 -0.0162) (115 0.0153) (97 -0.0145) (117 0.0142) (110 -0.0139) (54 -0.0136) (35 -0.0134) (112 -0.013) (70 0.0129) (107 -0.0128) (60 -0.0125) (56 0.0122) (24 0.012) (55 -0.0116) (101 0.0115) (82 -0.0112) (84 -0.011) (20 -0.0104) (36 -0.0104) (102 0.0102) (64 -0.0102) 
   0.0047486   (20 0.735) (21 -0.611) (136 -0.278) (24 0.0481) (19 0.0407) (15 -0.0326) (16 0.0292) (17 0.0207) (22 0.0204) (23 -0.0169) (35 0.0138) (45 0.0138) (7 -0.0135) (27 0.0124) (30 0.0124) (36 0.0115) (33 -0.0109) (46 0.0107) (14 -0.0101) 
   0.0049136   (136 -0.96) (20 -0.213) (21 0.177) (24 -0.0139) (19 -0.0118) (7 -0.0113) 
   0.0051271   (7 1) (136 -0.0146) 
   0.0053343   (5 -1) 
   0.0054081   (31 -0.431) (27 0.389) (32 0.388) (28 0.358) (135 -0.306) (37 0.294) (14 0.237) (29 -0.206) (30 -0.176) (35 0.159) (38 -0.116) (39 0.0688) (17 0.0674) (36 -0.0674) (25 0.0523) (19 -0.0511) (16 -0.045) (34 -0.0375) (33 -0.0363) (23 0.036) (44 0.0316) (40 -0.0279) (18 0.027) (77 -0.0266) (78 0.025) (41 0.0245) (43 -0.0242) (47 0.0241) (22 0.0233) (15 -0.0229) (20 0.0221) (21 0.0219) (11 -0.0197) (26 0.0155) (12 -0.0119) (42 -0.0118) (46 -0.01) 
   0.0054127   (135 -0.952) (31 0.139) (27 -0.125) (32 -0.125) (28 -0.115) (37 -0.0945) (14 -0.0763) (29 0.0663) (30 0.0567) (35 -0.0509) (38 0.0372) (39 -0.0221) (17 -0.0217) (36 0.0216) (25 -0.0168) (19 0.0164) (16 0.0145) (34 0.012) (33 0.0117) (23 -0.0116) (44 -0.0101) 
   0.0056482   (10 0.766) (17 -0.493) (16 -0.307) (14 0.206) (15 -0.0981) (27 -0.0971) (19 0.0867) (22 -0.039) (21 -0.0388) (37 0.0343) (25 -0.0306) (23 -0.0229) (28 -0.0176) (38 -0.0126) (18 -0.0117) (35 0.011) 
   0.0057349   (144 0.999) (10 -0.0267) (17 -0.0212) (16 -0.0131) 
    0.006052   (10 0.642) (17 0.593) (16 0.366) (14 -0.223) (27 0.12) (15 0.11) (19 -0.108) (22 0.0494) (21 0.0485) (37 -0.0437) (144 0.0382) (25 0.0371) (23 0.0289) (28 0.0205) (11 0.0187) (38 0.0149) (31 0.0145) (12 0.0145) (20 0.0142) (35 -0.0141) (18 0.014) (26 0.0132) (77 0.0123) (30 0.0107) (78 -0.0104) 
   0.0063916   (13 -0.88) (12 0.328) (43 -0.275) (42 -0.0917) (41 0.0912) (40 0.0761) (45 0.065) (47 0.0516) (14 0.0477) (50 0.0442) (15 0.0432) (39 -0.0383) (38 0.0307) (37 -0.0303) (44 0.0253) (48 -0.0241) (46 0.0189) (30 0.0156) (36 0.0153) (31 -0.0133) (49 0.0132) (60 -0.0107) (32 -0.0104) 
   0.0067938   (143 -0.999) (43 -0.0322) (13 0.0152) (42 -0.0101) 
   0.0069404   (43 0.788) (13 -0.316) (42 0.246) (41 -0.219) (40 -0.212) (45 -0.159) (47 -0.129) (39 0.115) (12 0.114) (37 0.103) (38 -0.0942) (50 -0.0904) (44 -0.0796) (48 0.0542) (46 -0.0425) (143 -0.0416) (15 0.0409) (36 -0.0403) (74 0.0313) (14 -0.0299) (30 -0.0295) (27 -0.0292) (31 0.029) (49 -0.0286) (32 0.0278) (18 -0.0271) (24 0.0255) (35 0.0242) (59 -0.0231) (60 0.0218) (80 0.0199) (64 0.0175) (79 0.0173) (109 0.0163) (56 0.016) (52 0.0156) (107 0.0154) (67 0.0149) (20 -0.0147) (55 -0.0145) (84 -0.014) (81 -0.014) (17 -0.0135) (61 -0.0133) (21 -0.0132) (34 0.013) (63 -0.0127) (73 -0.0118) (66 -0.0117) (29 0.0115) (62 0.0112) (22 -0.0106) (28 -0.0105) (78 0.0104) (68 0.0101) 
   0.0076602   (12 0.887) (13 0.333) (31 -0.18) (32 -0.177) (30 0.172) (14 0.0452) (29 -0.0418) (36 -0.0343) (33 0.0257) (41 -0.0231) (42 0.022) (40 -0.0184) (66 -0.0177) (35 0.0175) (15 0.0162) (138 0.0142) (68 0.0121) (37 0.0121) (18 0.0115) (38 -0.0111) (27 0.01) 
   0.0083396   (138 0.992) (32 -0.0639) (31 -0.063) (30 0.0605) (12 -0.049) (13 -0.0179) (29 -0.0149) (41 -0.0102) 

 Largest eigenvalues
      80.189   (162 -0.234) (163 0.96) 
      53.923   (37 0.451) (47 0.321) 
      28.763   (77 0.557) (78 -0.51) 
      15.533   (107 0.631) (109 0.627) 
      4.5888   (120 0.352) (123 0.555) 
      1.4689   (162 -0.972) (163 -0.231) 
      1.2239   (164 0.999) 
      1.1473   (165 0.997) 
      1.1417   (91 0.902) (101 -0.252) 
       1.135   (101 0.776) (106 0.496) 
      1.1272   (101 0.354) (106 -0.794) 
     0.91876   (111 0.354) (115 -0.767) 
     0.91691   (103 -0.299) (104 0.841) 
      0.8607   (98 -0.401) (99 -0.552) (100 -0.451) 
     0.84804   (111 -0.587) (112 0.303) (124 0.287) 
     0.75822   (110 -0.481) (111 0.326) (115 0.37) (124 0.295) 
     0.67126   (110 0.715) (111 0.303) 
     0.67073   (96 -0.736) (97 -0.275) (98 0.215) (99 0.249) (110 0.225) 
     0.66349   (114 -0.492) (125 0.312) (126 0.43) (145 0.37) 
     0.59999   (111 -0.323) (112 -0.56) (114 0.453) 
     0.59124   (108 0.587) (112 0.332) (114 0.511) 
      0.5761   (108 -0.676) (110 -0.289) (112 0.399) 
      0.5732   (114 -0.358) (121 0.357) (123 -0.424) (129 -0.295) (134 0.372) 
     0.56759   (121 -0.329) (122 0.365) (123 0.324) (124 0.546) (134 0.317) 
     0.56096   (118 0.349) (119 -0.392) (120 0.545) 
     0.54566   (117 -0.703) (118 -0.411) 
     0.52838   (116 0.435) (117 0.328) (119 0.32) (122 0.399) (125 0.323) (134 0.318) 
     0.50074   (116 -0.655) (118 0.257) (121 0.25) (125 0.25) (126 0.275) (129 0.22) (134 0.282) (145 -0.277) 
     0.49339   (116 0.534) (117 -0.323) (126 0.394) (145 -0.327) 
     0.41559   (92 0.972) 
     0.41189   (118 -0.343) (121 -0.354) (129 -0.364) (145 -0.37) 
      0.3497   (94 -0.926) (103 0.214) 
     0.33577   (94 0.331) (103 0.674) (104 0.342) (105 -0.409) 
     0.30274   (102 -0.812) 
     0.29867   (98 -0.412) (100 0.27) (113 -0.331) (119 0.246) (129 -0.276) 
     0.24821   (79 -0.348) (87 -0.661) 
     0.23547   (79 0.501) (98 0.497) 
     0.23029   (79 -0.51) (87 0.599) 
     0.22953   (98 -0.345) (107 0.299) (109 -0.313) (113 0.549) 
     0.17992   (90 -0.807) (93 0.414) 
      0.1606   (90 0.372) (97 -0.52) (109 0.338) 
     0.15108   (86 -0.288) (93 -0.618) 
     0.13749   (85 -0.557) (86 0.695) 
      0.1306   (89 -0.733) (93 0.342) 
     0.12475   (79 0.4) (81 0.505) (83 -0.423) 
      0.1186   (77 0.24) (78 0.246) (80 -0.3) (89 0.261) (93 0.246) 
      0.1125   (59 0.365) (63 -0.321) (69 0.363) 
     0.10737   (58 0.448) (59 -0.617) 
     0.10217   (58 -0.555) (63 0.371) 
    0.094476   (58 0.486) (59 0.294) (63 -0.3) 
    0.090123   (58 -0.448) (59 -0.529) 
    0.080032   (63 0.598) (83 -0.29) 
    0.078479   (63 -0.283) (64 -0.726) (67 0.238) (83 -0.209) 
    0.073923   (61 -0.414) (62 0.442) (64 0.457) 
    0.072829   (61 0.626) (62 -0.333) 
    0.066224   (61 -0.327) (67 -0.288) (119 0.307) 
    0.063228   (61 0.288) (68 0.269) (74 -0.286) (78 0.282) (81 0.253) 
    0.061023   (61 -0.341) (62 -0.553) 
    0.058896   (61 0.246) (62 0.515) (68 -0.279) (74 0.259) (85 -0.212) 
    0.055664   (66 0.304) (68 0.445) (69 0.305) (76 -0.312) 
    0.053353   (66 -0.45) (74 -0.301) (80 0.276) (81 -0.324) 
      0.0497   (66 0.544) (76 0.332) 
    0.047703   (66 -0.515) (68 0.326) 
    0.046248   (74 -0.245) (76 -0.356) (80 -0.275) (81 0.314) (83 0.27) (88 0.262) 
    0.044123   (33 -0.328) (34 -0.791) (41 0.376) 
     0.04211   (34 0.432) (41 0.653) (43 0.316) 
    0.041365   (75 -0.434) (85 -0.263) (88 0.262) (99 0.249) 
    0.040866   (48 -0.434) (49 -0.363) (51 -0.452) (75 0.391) 
    0.032217   (48 0.375) (49 0.297) (51 0.358) (75 0.575) 
    0.031675   (26 -0.695) (29 0.413) 
    0.029444   (18 -0.371) (20 0.354) (21 0.395) (26 0.519) 
    0.027574   (21 -0.28) (29 0.387) (42 0.478) (88 -0.285) 
    0.026137   (26 -0.346) (29 -0.697) 
    0.021452   (42 -0.52) (75 -0.324) (88 -0.453) 
    0.020709   (120 -0.31) (126 -0.303) (131 0.675) (134 0.359) 
    0.020569   (128 -0.578) (160 -0.809) 
    0.019073   (128 -0.577) (160 0.312) (161 0.755) 
    0.016989   (128 -0.577) (160 0.498) (161 -0.647) 
    0.015414   (15 0.915) (16 -0.357) 
     0.01472   (139 -0.996) 
