 1 31.6228
 2 23.0852
 3 1.16289
 4 31.6228
 5 23.214
 6 3.191
 7 31.6219
 8 1.43373
 9 31.0679
 10 30.0343
 11 1.05944
 12 26.9142
 13 31.6228
 14 31.6112
 15 0.902435
 16 31.6228
 17 31.6027
 18 0.918923
 19 31.6228
 20 30.8424
 21 1.72433
 22 31.6228
 23 31.4719
 24 1.07153
 25 15.13
 26 15.4585
 27 1.64487
 28 31.4943
 29 14.2998
 30 8.19387
 31 22.5165
 32 4.72409
 33 24.5154
 34 14.5654
 35 9.22116
 36 13.1245
 37 31.4375
 38 31.5729
 39 1.36737
 40 24.1264
 41 31.1509
 42 1.29479
 43 21.4153
 44 29.0216
 45 1.82628
 46 31.573
 47 21.5754
 48 11.7959
 49 30.9308
 50 12.9048
 51 13.1364
 52 10.4568
 53 30.9762
 54 16.361
 55 7.04953
 56 13.3689
 57 30.4095
 58 8.33567
 59 8.29506
 60 10.3305
 61 4.86111
 62 1.32556
 63 13.9451
 64 18.6302
 65 0.974563
 66 19.109
 67 29.8797
 68 3.2565
 69 31.6179
 70 31.6228
 71 31.4123
 72 1.5195
 73 31.6175
 74 1.59484
 75 31.3801
 76 31.4342
 77 1.45379
 78 27.9181
 79 31.6065
 80 2.34904
 81 30.639
 82 31.4754
 83 17.9289
 84 1.3631
 85 10.8874
 86 1.40404
 87 30.8605
 88 1.09475
 89 1.04117
 90 1.22256
 91 2.45345
 92 18.8082
 93 27.3198
 94 23.1324
 95 28.8116
 96 30.1868
 97 17.8204
 98 15.8429
 99 9.53794
 100 28.8274
 101 30.7625
 102 9.96072
 103 11.9171
 104 11.4302
 105 11.3397
 106 12.5134
 107 12.6139
 108 12.7365
 109 10.5985
 110 8.403
 111 13.223
 112 14.0292
 113 13.4046
 114 12.6426
 115 12.9536
 116 10.9496
 117 12.6245
 118 13.5407
 119 11.8536
 120 8.87079
 121 10.8245
 122 6.81945
 123 7.64894
 124 5.69351
 125 5.21313
 126 6.80851
 127 4.59717
 128 9.29048
 129 7.33534
 130 7.36539
 131 4.06283
 132 4.44637
 133 4.67504
 134 5.9275
 135 2.7014
 136 6.83615
 137 2.96598
 138 2.85486
 139 2.83999
 140 3.12122
 141 3.08288
 142 2.66307
 143 2.80891
 144 3.71935
 145 3.72528
 146 3.35532
 147 2.94094
 148 4.9103
 149 3.93164
 150 3.30002
 151 3.48225
 152 4.714
 153 4.565
 154 3.65191
 155 4.34685
 156 4.7713
 157 6.75059
 158 0.160846
 159 0.239077
 160 0.271268
 161 1.41364
 162 4.59794
 163 11.7618
 164 15.4634
 165 0.882738
