 1 59779.3
 2 578.965
 3 6.01436
 4 244482
 5 616.566
 6 59.5211
 7 645435
 8 80.4806
 9 5343.72
 10 2732.06
 11 6.81622
 12 1376.12
 13 823281
 14 8236.08
 15 0.816114
 16 642954
 17 5019.03
 18 1.88677
 19 149718
 20 2721.28
 21 66.2115
 22 259479
 23 3927.58
 24 16.8142
 25 257.376
 26 312.406
 27 14.4027
 28 3421.15
 29 346.521
 30 184.249
 31 530.446
 32 114.127
 33 729.952
 34 224.315
 35 193.186
 36 287.932
 37 1536.27
 38 3084.18
 39 6.66165
 40 941.162
 41 4856.83
 42 2.06322
 43 646.214
 44 1483.21
 45 25.3935
 46 9070.63
 47 1841.7
 48 819.023
 49 1994.14
 50 180.332
 51 294.96
 52 231.656
 53 2963.08
 54 296.873
 55 138.26
 56 307.102
 57 1261.53
 58 80.1737
 59 129.644
 60 180.06
 61 29.3827
 62 1.79061
 63 204.09
 64 407.438
 65 1.80622
 66 416.967
 67 3411.93
 68 216.638
 69 101876
 70 327305
 71 3131.89
 72 19.3171
 73 21927.8
 74 84.7788
 75 10209.9
 76 10682.5
 77 7.46284
 78 1272.92
 79 11306.6
 80 81.3045
 81 2274.78
 82 2194.46
 83 371.399
 84 2.64665
 85 169.599
 86 2.92359
 87 2035.97
 88 1.70527
 89 1.63566
 90 1.87079
 91 9.6932
 92 527.893
 93 1634.96
 94 1204.83
 95 2042.01
 96 2238.16
 97 394.593
 98 328.218
 99 144.328
 100 1055.72
 101 1609.85
 102 125.837
 103 163.126
 104 150.85
 105 144.932
 106 168.645
 107 173.593
 108 177.904
 109 133.493
 110 99.7731
 111 193.448
 112 207.183
 113 191.23
 114 174.515
 115 188.905
 116 148.199
 117 182.18
 118 202.378
 119 159.435
 120 94.477
 121 127.929
 122 50.2605
 123 63.0579
 124 39.3913
 125 30.8465
 126 50.9008
 127 28.8509
 128 99.8333
 129 68.6406
 130 64.2999
 131 20.0927
 132 21.0019
 133 23.4761
 134 37.0822
 135 9.08438
 136 48.0352
 137 10.3175
 138 9.41587
 139 9.26745
 140 10.9015
 141 11.7862
 142 8.91792
 143 9.44888
 144 15.1224
 145 15.0218
 146 12.6522
 147 10.2795
 148 25.3519
 149 17.0028
 150 12.4399
 151 13.8299
 152 23.6164
 153 22.501
 154 14.6102
 155 19.925
 156 24.0238
 157 46.9375
 158 0.207399
 159 0.100101
 160 0.178005
 161 3.87932
 162 26.8135
 163 192.793
 164 261.085
 165 6.45273
