 1 1000
 2 544.918
 3 5.7093
 4 1000
 5 590.203
 6 57.0102
 7 999.957
 8 15.4891
 9 980.134
 10 910.946
 11 4.03533
 12 738.461
 13 1000
 14 999.405
 15 0.814586
 16 1000
 17 999.114
 18 1.04222
 19 1000
 20 973.299
 21 24.3185
 22 1000
 23 994.675
 24 4.92605
 25 240.478
 26 267.183
 27 12.35
 28 993.376
 29 302.521
 30 161.898
 31 528.456
 32 110.335
 33 704.21
 34 217.408
 35 183.135
 36 271.745
 37 989.51
 38 998.237
 39 3.24018
 40 594.867
 41 974.099
 42 1.76439
 43 482.855
 44 873.25
 45 15.3378
 46 998.18
 47 664.201
 48 338.077
 49 964.676
 50 177.651
 51 260.035
 52 200.862
 53 968.185
 54 272.292
 55 113.567
 56 247.423
 57 944.602
 58 78.446
 59 118.947
 60 163.512
 61 29.3492
 62 1.79034
 63 203.19
 64 402.641
 65 1.80136
 66 414.715
 67 942.179
 68 59.963
 69 999.83
 70 1000
 71 992.368
 72 7.35984
 73 999.755
 74 9.39899
 75 991.795
 76 989.174
 77 5.08385
 78 787.136
 79 999.285
 80 31.6164
 81 966.124
 82 992.938
 83 343.201
 84 2.52016
 85 133.878
 86 2.59829
 87 967.958
 88 1.70518
 89 1.63565
 90 1.87065
 91 8.9091
 92 444.965
 93 828.48
 94 640.349
 95 878.899
 96 939.159
 97 373.104
 98 313.642
 99 142.533
 100 875.717
 101 963.098
 102 122.039
 103 159.922
 104 148.949
 105 143.982
 106 167.84
 107 172.72
 108 177.016
 109 132.531
 110 97.9005
 111 192.531
 112 206.129
 113 190.452
 114 174.087
 115 188.372
 116 147.393
 117 181.74
 118 201.964
 119 158.79
 120 93.0562
 121 127.275
 122 49.5973
 123 60.8281
 124 38.7691
 125 30.2406
 126 50.5293
 127 27.4179
 128 98.0845
 129 67.6138
 130 63.2161
 131 19.7962
 132 20.7522
 133 23.1499
 134 36.3404
 135 8.82153
 136 47.7134
 137 10.0896
 138 9.15809
 139 9.01665
 140 10.5874
 141 11.1773
 142 8.57927
 143 9.14126
 144 14.8502
 145 14.7419
 146 12.3355
 147 9.94806
 148 25.0073
 149 16.6017
 150 12.1458
 151 13.5171
 152 23.1992
 153 21.8547
 154 14.2721
 155 19.6658
 156 23.7839
 157 46.6623
 158 0.171735
 159 0.0968476
 160 0.165563
 161 3.71072
 162 25.4565
 163 165.582
 164 255.941
 165 6.02808
