 Smallest eigenvalues
  1.2147e-06   (9 1) 
  1.5407e-06   (47 0.665) (49 -0.428) (48 -0.426) (43 0.22) (41 -0.189) (39 0.149) (51 0.107) (154 -0.0931) (56 -0.0869) (42 -0.0823) (50 0.0807) (53 -0.0696) (82 0.0682) (55 0.064) (58 -0.0592) (31 0.0562) (44 -0.0538) (60 0.0449) (69 0.0403) (15 -0.04) (14 -0.0386) (52 0.0382) (81 -0.0345) (22 -0.0299) (54 0.0289) (28 -0.0287) (32 -0.0279) (17 -0.0265) (20 0.0262) (78 0.0252) (77 0.0246) (36 0.0246) (84 0.0245) (37 -0.024) (35 0.0209) (25 0.0196) (61 0.0186) (76 -0.0182) (38 0.0182) (29 -0.0179) (67 -0.0162) (79 -0.0162) (72 0.0158) (24 -0.0155) (88 0.0154) (40 0.0152) (23 0.0141) (26 -0.0123) (66 -0.0114) (21 0.0111) (16 -0.0107) 
  1.5553e-06   (154 -0.996) (47 -0.0622) (49 0.04) (48 0.0398) (43 -0.0207) (41 0.0178) (39 -0.014) 
  3.0553e-06   (6 1) 
  3.8539e-06   (46 -0.69) (43 0.495) (150 -0.294) (41 -0.227) (47 -0.215) (48 0.202) (39 0.142) (56 -0.0623) (49 -0.0607) (31 0.0539) (82 0.0539) (42 -0.0389) (15 -0.0341) (55 0.0338) (14 -0.0333) (58 -0.0304) (50 -0.0301) (32 -0.0299) (69 0.0297) (28 -0.0282) (53 -0.0279) (44 -0.0264) (81 -0.0257) (20 0.0248) (54 0.024) (22 -0.0236) (35 0.0234) (60 0.0231) (37 -0.0225) (17 -0.0223) (36 0.0216) (84 0.0184) (45 0.0175) (78 0.0174) (79 -0.0166) (24 -0.0154) (26 -0.0153) (38 0.0133) (51 -0.0125) (66 -0.0118) (16 -0.0116) (23 0.0111) (21 0.0107) 
  4.0903e-06   (150 -0.956) (46 0.212) (43 -0.152) (41 0.07) (47 0.0663) (48 -0.062) (39 -0.0438) (56 0.0191) (49 0.0187) (31 -0.0166) (82 -0.0163) (42 0.012) (15 0.0105) (55 -0.0104) (14 0.0103) 
  6.6792e-06   (2 0.997) (35 0.0548) (36 -0.0307) (31 0.0295) (32 -0.0178) (34 -0.0107) (28 -0.0105) 
  9.8126e-06   (153 -0.993) (35 0.0886) (36 -0.0493) (31 0.0478) (32 -0.0294) (28 -0.0158) (34 -0.015) (39 -0.0125) 
  1.6728e-05   (35 -0.728) (36 0.405) (31 -0.392) (32 0.241) (28 0.13) (34 0.123) (153 -0.121) (39 0.103) (2 0.074) (43 0.0664) (20 -0.0567) (30 -0.0567) (26 0.0546) (17 0.0522) (15 0.0464) (22 0.0395) (24 0.0392) (14 0.039) (82 -0.0375) (41 -0.0328) (48 -0.027) (23 -0.0207) (81 0.0193) (42 -0.019) (27 -0.0186) (25 -0.0182) (45 0.016) (16 0.0154) (69 -0.0142) (47 0.0132) (49 0.0131) (21 -0.0119) (54 -0.0107) (46 -0.0106) (51 0.0105) (53 0.0104) (44 -0.0102) (56 0.0101) (60 -0.0101) 
  3.5336e-05   (20 -0.653) (22 -0.435) (45 0.361) (21 0.318) (46 0.228) (43 0.137) (41 -0.124) (47 -0.108) (26 -0.0932) (39 0.0773) (17 0.077) (42 -0.0714) (44 -0.0656) (23 -0.0544) (34 -0.0525) (32 -0.045) (29 -0.0428) (48 0.0394) (56 -0.0362) (19 0.0318) (72 0.0309) (55 0.0306) (24 -0.0299) (15 0.0288) (31 0.0258) (35 0.0255) (78 0.0253) (51 -0.02) (73 0.0186) (67 -0.0185) (50 -0.0183) (82 0.0176) (36 0.0166) (62 0.0155) (61 0.0147) (52 -0.0146) (49 -0.0146) (81 -0.0145) (53 -0.0137) (28 0.0132) (65 -0.0124) (40 -0.0123) (27 0.0114) (69 0.0107) (71 -0.0105) 
  8.4219e-05   (155 -0.998) (45 0.0396) (20 0.0264) (46 0.0261) (22 0.0153) (43 0.0149) (47 -0.0126) (41 -0.0118) (21 -0.0116) (39 0.0104) 
  8.9512e-05   (45 -0.612) (46 -0.404) (20 -0.4) (22 -0.231) (43 -0.231) (47 0.195) (41 0.183) (21 0.175) (39 -0.16) (44 0.112) (42 0.0964) (48 -0.0859) (40 -0.0684) (155 -0.0649) (17 0.0643) (82 -0.0491) (23 -0.0457) (55 -0.0433) (15 0.0417) (49 0.0385) (72 -0.0365) (54 -0.0348) (53 0.0325) (56 0.0321) (81 0.0294) (14 0.0277) (78 -0.0275) (34 -0.0272) (58 0.0258) (31 -0.0243) (60 -0.0234) (51 0.0223) (52 0.0217) (32 0.0211) (67 0.0211) (69 -0.0203) (28 0.0185) (73 -0.0174) (19 0.0164) (29 -0.0164) (62 -0.0162) (84 -0.015) (65 0.0148) (37 0.0148) (61 -0.0141) (80 0.0123) (26 -0.012) (64 0.0116) (88 -0.0115) (76 -0.0113) (74 -0.0108) (18 0.0106) (75 -0.0104) (71 0.0103) 
  0.00010137   (1 -1) 
   0.0001161   (14 -0.944) (15 0.282) (16 0.0893) (17 0.0714) (22 0.0582) (20 -0.0477) (13 0.044) (31 -0.0334) (12 -0.031) (24 0.0303) (41 0.0278) (18 -0.0262) (23 -0.025) (21 -0.0223) (39 -0.0211) (25 -0.0192) (11 0.0191) (32 0.0186) (43 -0.0183) (36 -0.0176) (28 0.0169) (45 0.0114) (56 -0.0112) (29 0.0105) 
  0.00018481   (159 1) 
  0.00020436   (3 1) 
  0.00025129   (16 -0.825) (15 -0.458) (17 0.212) (14 -0.176) (20 -0.0877) (22 0.0825) (18 -0.0635) (24 0.0538) (31 -0.0467) (23 -0.0454) (21 -0.0438) (25 -0.0361) (43 -0.025) (39 -0.0232) (32 0.0218) (41 0.0199) (28 0.018) (36 -0.0168) (27 -0.0153) (29 0.0148) (158 0.0145) (13 0.0142) (12 -0.0138) 
  0.00025755   (158 1) (16 0.012) 
  0.00027757   (7 1) 
  0.00028538   (25 0.872) (27 0.301) (26 -0.236) (152 -0.153) (28 0.115) (23 0.106) (31 -0.102) (22 -0.0805) (20 0.0666) (17 -0.0653) (24 -0.0577) (47 -0.0551) (15 -0.0512) (14 -0.0502) (16 -0.0378) (33 0.0372) (48 -0.0317) (39 -0.0296) (41 0.0245) (45 -0.0191) (49 -0.0175) (21 0.0162) (82 0.0156) (56 -0.0136) (75 0.0129) (43 -0.0128) (42 0.0123) (35 -0.012) (50 0.0116) (30 0.0115) (32 -0.0103) 
   0.0002887   (152 -0.988) (25 -0.135) (27 -0.0466) (26 0.0365) (28 -0.0178) (23 -0.0164) (31 0.0158) (22 0.0125) (20 -0.0103) (17 0.0101) 
  0.00029634   (5 1) 
   0.0003243   (18 0.777) (17 -0.565) (20 -0.141) (22 0.125) (15 -0.106) (16 -0.0924) (14 -0.0851) (156 -0.0635) (25 -0.0508) (23 -0.0442) (31 -0.039) (43 -0.0213) (26 -0.0199) (19 -0.0193) (47 -0.0185) (28 0.0152) (56 -0.015) (82 0.0149) (36 0.0144) (33 0.0143) (32 0.0123) (40 -0.0114) (39 -0.0111) (73 -0.0109) 
  0.00032689   (156 -0.998) (18 -0.0495) (17 0.036) 
  0.00035348   (74 0.528) (60 -0.38) (73 -0.351) (75 0.312) (58 0.292) (70 0.265) (66 -0.183) (55 0.173) (56 0.13) (54 0.13) (45 -0.116) (41 -0.116) (53 -0.105) (50 0.0935) (72 0.0841) (52 -0.0773) (82 -0.0769) (46 0.0675) (51 -0.065) (57 -0.0462) (59 -0.0458) (43 0.0445) (49 0.0417) (36 0.0397) (71 0.0392) (67 0.0389) (28 -0.0351) (38 0.0344) (81 0.0311) (69 -0.0309) (37 -0.0309) (31 0.0308) (15 -0.0293) (39 0.029) (22 -0.0286) (42 -0.0273) (122 0.0246) (14 -0.0237) (20 0.0229) (79 0.0212) (121 -0.0198) (64 0.0197) (88 0.0195) (101 -0.0164) (47 -0.0157) (62 -0.0154) (91 -0.0151) (104 -0.0146) (125 -0.0145) (151 0.0145) (97 -0.0143) (76 0.0142) (89 -0.014) (21 0.0136) (98 0.013) (108 -0.0127) (63 0.0112) (77 0.0112) (107 -0.0107) (106 -0.0105) (120 0.0101) 
  0.00039345   (74 -0.488) (60 -0.355) (73 0.355) (58 0.343) (75 -0.274) (66 -0.245) (151 0.196) (70 0.158) (41 -0.147) (56 0.144) (45 -0.142) (49 0.141) (54 0.124) (55 0.106) (39 0.0955) (52 -0.0909) (43 0.0902) (46 0.0879) (53 -0.0692) (72 -0.0583) (67 0.0565) (36 0.0564) (31 0.0562) (48 -0.0543) (57 -0.0528) (15 -0.0487) (28 -0.0473) (14 -0.044) (40 -0.0438) (22 -0.0404) (51 -0.0399) (37 -0.0389) (20 0.0383) (119 -0.0359) (59 -0.0348) (69 -0.0347) (38 0.034) (78 -0.0277) (84 0.0244) (71 -0.0218) (42 -0.0212) (17 -0.0212) (124 0.0211) (44 -0.0208) (126 -0.0196) (120 0.0185) (29 -0.0184) (64 0.0179) (32 -0.0177) (62 -0.0154) (88 0.0153) (50 0.013) (136 -0.0127) (130 0.0127) (89 -0.0125) (63 0.0122) (97 -0.0118) (26 -0.0117) (121 0.0113) (117 -0.011) (104 -0.0109) (35 0.0107) (21 0.0106) (65 -0.0106) (79 0.0104) (18 0.0101) 
  0.00039908   (151 0.98) (74 0.0896) (60 0.0766) (58 -0.0731) (73 -0.0656) (66 0.0516) (75 0.0501) (70 -0.0351) (41 0.0318) (56 -0.0309) (45 0.0307) (49 -0.0291) (54 -0.027) (55 -0.0239) (39 -0.0198) (52 0.0195) (43 -0.0189) (46 -0.0189) (53 0.0156) (36 -0.0121) (31 -0.0119) (67 -0.0118) (57 0.0113) (48 0.011) (72 0.0104) (15 0.0104) (28 0.0102) 
  0.00046198   (21 0.903) (22 0.361) (20 0.189) (52 0.0574) (49 0.0499) (18 -0.0494) (24 0.0485) (51 -0.0478) (23 0.0343) (53 0.0321) (16 -0.0223) (54 -0.0212) (45 -0.0184) (19 0.0173) (56 -0.0173) (48 -0.0172) (17 -0.0156) (14 -0.0143) (39 0.0142) (46 0.0135) (15 -0.0122) (58 -0.0115) (50 0.011) (43 0.0108) (40 -0.0107) 
  0.00047398   (148 -0.59) (52 0.406) (51 -0.369) (49 0.348) (53 0.238) (54 -0.164) (41 -0.146) (50 0.138) (45 -0.13) (48 -0.128) (43 0.118) (56 -0.0889) (46 0.0875) (39 0.0846) (21 -0.0745) (58 -0.0664) (60 0.0651) (22 -0.0604) (31 0.0501) (36 0.0423) (47 0.0406) (28 -0.0378) (15 -0.0367) (40 -0.0352) (14 -0.032) (44 -0.0297) (37 -0.025) (74 0.0244) (73 -0.0239) (38 0.0217) (42 -0.0212) (82 0.0211) (69 0.0186) (32 -0.0178) (75 0.0154) (55 0.0138) (35 0.0135) (119 -0.0133) (17 -0.013) (20 0.0119) (29 -0.0113) (59 0.0111) (81 -0.011) (84 0.0109) 
  0.00047483   (148 -0.807) (52 -0.297) (51 0.27) (49 -0.255) (53 -0.174) (54 0.12) (41 0.107) (50 -0.101) (45 0.095) (48 0.0937) (43 -0.0861) (56 0.065) (46 -0.064) (39 -0.0619) (21 0.0508) (58 0.0485) (60 -0.0476) (22 0.0427) (31 -0.0366) (36 -0.031) (47 -0.0297) (28 0.0277) (15 0.0269) (40 0.0258) (14 0.0235) (44 0.0218) (37 0.0182) (74 -0.0178) (73 0.0174) (38 -0.0158) (42 0.0155) (82 -0.0153) (69 -0.0136) (32 0.013) (75 -0.0112) (55 -0.0101) 
  0.00051841   (52 -0.568) (53 0.438) (50 0.318) (40 0.299) (39 -0.287) (41 -0.245) (49 0.213) (51 0.18) (43 0.133) (56 -0.11) (55 -0.109) (45 -0.0859) (54 -0.0768) (48 -0.0668) (60 0.0539) (58 -0.0539) (46 0.0471) (42 -0.0418) (44 -0.0316) (38 0.0245) (47 0.0223) (69 0.0216) (149 -0.0206) (70 0.0177) (82 0.0162) (37 -0.0158) (59 0.0126) (21 0.0124) (73 -0.0113) (81 -0.0108) 
  0.00052799   (149 -0.932) (39 0.222) (40 -0.21) (52 -0.112) (41 0.0819) (53 0.0769) (50 0.0751) (43 -0.0373) (56 -0.026) (31 0.0259) (55 -0.0189) (36 0.0184) (28 -0.0182) (51 0.0161) (82 0.0137) (15 -0.0126) (60 0.0123) (20 0.0118) (58 -0.0117) (22 -0.0116) (73 -0.0107) (42 0.0106) (54 -0.0103) (47 -0.0102) (32 -0.01) 
  0.00054838   (39 -0.557) (40 0.527) (149 -0.361) (52 0.321) (53 -0.224) (50 -0.212) (41 -0.197) (43 0.0888) (56 0.0734) (31 -0.0667) (55 0.0549) (51 -0.0519) (36 -0.0477) (28 0.0475) (82 -0.0367) (60 -0.0348) (58 0.0332) (15 0.033) (54 0.0308) (20 -0.0307) (22 0.0306) (73 0.0283) (49 -0.0255) (32 0.0255) (14 0.0253) (45 0.0253) (47 0.0252) (42 -0.0251) (69 -0.025) (74 -0.0243) (44 -0.0226) (81 0.0184) (35 -0.0166) (26 0.0161) (75 -0.0159) (48 -0.0122) (23 -0.0118) (37 0.0112) (68 0.0106) (18 0.0102) 
   0.0005582   (70 -0.907) (58 0.161) (60 -0.15) (72 -0.137) (56 0.13) (50 0.129) (55 0.119) (51 -0.106) (75 0.086) (74 0.0735) (41 -0.0718) (54 0.0709) (45 -0.0587) (52 -0.0542) (49 -0.0475) (69 -0.0375) (73 0.0369) (147 -0.0353) (66 0.03) (46 0.0294) (82 -0.0294) (67 -0.0287) (76 0.0257) (57 -0.024) (59 -0.0233) (77 0.023) (28 -0.0229) (36 0.0226) (84 0.0223) (38 0.022) (68 0.0216) (47 -0.0207) (31 0.0201) (37 -0.0198) (22 -0.0192) (48 0.0187) (15 -0.0179) (43 0.0172) (124 0.0171) (88 0.0167) (78 -0.015) (90 0.0143) (123 -0.0143) (42 -0.0142) (20 0.0139) (14 -0.0136) (122 0.0134) (126 -0.0133) (121 -0.0129) (21 0.0128) (96 -0.0111) (101 -0.0102) 
  0.00056331   (147 -0.774) (49 0.348) (51 0.311) (50 -0.302) (53 -0.161) (48 -0.105) (39 0.0793) (43 0.0775) (45 -0.0746) (41 -0.0694) (70 -0.0693) (58 -0.0632) (46 0.0536) (40 -0.0475) (74 0.0464) (73 -0.0422) (54 -0.0387) (47 0.0364) (31 0.0309) (60 0.0299) (82 0.0289) (44 -0.0283) (75 0.0279) (66 0.0263) (52 -0.0255) (15 -0.0244) (28 -0.0231) (36 0.022) (20 0.0203) (22 -0.0193) (14 -0.0181) (56 -0.0172) (37 -0.015) (55 -0.0143) (42 -0.0141) (69 0.0134) (81 -0.0128) (119 -0.0127) (32 -0.0122) (67 -0.0116) (17 -0.0109) (146 0.0105) (57 0.01) 
  0.00058481   (147 -0.632) (49 -0.424) (51 -0.375) (50 0.363) (53 0.198) (70 0.136) (48 0.128) (39 -0.0973) (43 -0.0959) (45 0.0949) (41 0.0894) (58 0.0681) (46 -0.0674) (74 -0.0609) (40 0.0576) (73 0.0497) (47 -0.0433) (54 0.0432) (31 -0.0391) (75 -0.0389) (44 0.0347) (52 0.0345) (82 -0.034) (66 -0.0339) (15 0.031) (28 0.0297) (36 -0.0284) (60 -0.028) (20 -0.0258) (22 0.0248) (14 0.0231) (37 0.0196) (42 0.0182) (67 0.0158) (81 0.0154) (119 0.0151) (32 0.0151) (69 -0.0143) (56 0.0135) (17 0.0133) (38 -0.0129) (35 -0.0112) (57 -0.0109) (55 0.0106) (26 0.0105) (29 0.0104) 
  0.00074425   (38 0.87) (37 -0.26) (22 -0.24) (41 0.165) (20 0.163) (24 0.145) (45 0.0867) (36 0.0799) (15 -0.0762) (39 -0.0736) (21 0.0605) (14 -0.0487) (46 -0.0452) (17 -0.0428) (25 -0.0318) (43 -0.0308) (28 -0.0248) (31 0.0241) (53 0.0221) (50 -0.0219) (23 -0.0217) (42 0.0206) (54 -0.0198) (40 0.0172) (52 0.0164) (55 -0.0163) (35 -0.0162) (18 0.0162) (49 -0.0143) (60 0.0138) (51 0.0135) (58 -0.0126) (34 0.0103) 
  0.00078478   (22 -0.614) (24 0.462) (20 0.408) (38 -0.313) (28 0.155) (15 -0.137) (21 0.132) (31 -0.127) (17 -0.118) (37 0.116) (36 -0.11) (25 -0.0911) (14 -0.078) (26 0.0701) (18 0.0505) (29 0.0458) (144 0.038) (32 0.0317) (23 -0.0208) (39 -0.0207) (19 0.0169) (35 -0.0149) (43 -0.0146) (30 0.0132) (13 0.0132) (40 0.013) (49 -0.0122) (27 -0.0122) 
   0.0010258   (144 0.999) (22 0.0251) (142 0.0193) (24 -0.0186) (143 -0.0179) (20 -0.0167) (136 -0.0131) 
    0.001055   (45 -0.471) (49 -0.411) (48 0.371) (46 0.358) (41 -0.264) (15 -0.228) (50 -0.216) (53 0.172) (47 -0.156) (54 -0.153) (51 0.147) (16 0.132) (52 0.102) (43 0.0875) (55 -0.0851) (14 -0.0719) (39 0.0709) (60 0.0645) (36 0.0565) (38 0.0529) (58 -0.0404) (37 -0.04) (28 -0.0388) (82 -0.0367) (31 0.0344) (69 -0.0282) (40 -0.0232) (17 0.0214) (81 0.0197) (56 -0.0195) (78 -0.0161) (70 0.016) (42 -0.0134) (79 0.0133) (59 0.0123) (13 0.012) (66 0.0103) 
   0.0012005   (15 -0.754) (16 0.525) (22 0.146) (20 -0.14) (45 0.14) (14 -0.135) (17 0.115) (41 0.102) (46 -0.1) (49 0.0905) (48 -0.0858) (28 0.0644) (31 -0.0596) (36 -0.0559) (50 0.0493) (39 -0.044) (47 0.0373) (43 -0.0365) (53 -0.0363) (54 0.0312) (51 -0.0305) (38 -0.029) (21 -0.0277) (18 -0.0249) (37 0.0231) (52 -0.0209) (13 0.0207) (29 0.0196) (24 0.0193) (26 0.0172) (55 0.0168) (40 0.0167) (32 0.0153) (60 -0.0114) (12 -0.0102) 
   0.0012719   (145 -1) (136 -0.0183) 
    0.001408   (53 -0.612) (54 -0.429) (36 0.349) (55 -0.274) (50 0.248) (51 -0.226) (52 -0.213) (31 0.158) (28 -0.103) (60 0.0819) (45 -0.0754) (58 -0.0631) (22 -0.0542) (39 -0.0523) (15 -0.051) (37 0.0499) (35 0.0483) (32 -0.0478) (46 0.0463) (20 0.0452) (56 -0.0396) (14 -0.0351) (47 -0.0345) (29 -0.033) (38 -0.0328) (82 -0.0319) (48 0.0314) (69 -0.0308) (40 0.0293) (71 -0.0291) (41 -0.0219) (137 -0.0199) (73 0.0183) (26 -0.0176) (21 0.0163) (59 0.0149) (66 -0.0141) (81 0.0132) (57 0.0126) (79 0.0111) (121 -0.0109) (42 -0.0109) (68 0.0108) (120 0.0104) 
   0.0014892   (36 0.725) (31 0.316) (53 0.279) (41 0.177) (28 -0.172) (54 0.165) (37 0.163) (38 -0.142) (39 -0.139) (50 -0.131) (45 0.117) (35 0.117) (137 -0.115) (51 0.114) (32 -0.111) (55 0.103) (52 0.103) (22 -0.0755) (15 -0.0688) (20 0.0678) (43 -0.061) (40 0.0609) (46 -0.0605) (29 -0.0577) (14 -0.0488) (49 -0.0325) (26 -0.0294) (42 0.0281) (60 -0.0266) (17 -0.0238) (25 0.0199) (58 0.0164) (136 -0.0159) (82 0.0147) (47 0.0145) (21 0.0136) (56 0.0133) (73 -0.0115) (71 0.011) (23 0.0108) (33 -0.0102) 
    0.001538   (137 -0.984) (136 -0.132) (36 -0.0925) (31 -0.0405) (28 0.0224) (37 -0.0201) (41 -0.02) (53 -0.0198) (38 0.0173) (39 0.0172) (35 -0.0148) (32 0.014) (45 -0.0119) (54 -0.0105) (22 0.0101) 
   0.0016508   (13 0.948) (35 -0.198) (31 0.155) (32 -0.113) (36 -0.0918) (29 -0.0624) (33 0.0574) (14 0.0376) (34 -0.0368) (28 -0.0368) (133 0.0356) (30 -0.0306) (12 0.0197) (41 0.0197) (39 -0.0195) (37 0.0145) (71 0.0135) (18 0.0113) (43 -0.011) (38 -0.0108) (22 -0.0103) 
   0.0018098   (133 0.579) (35 -0.481) (31 0.393) (32 -0.279) (13 -0.271) (36 -0.219) (33 0.137) (29 -0.128) (28 -0.101) (34 -0.09) (30 -0.0864) (39 -0.0498) (14 -0.0467) (15 -0.0438) (20 0.0385) (41 0.0361) (22 -0.0357) (37 0.0357) (17 -0.0293) (43 -0.0273) (24 -0.022) (38 -0.0201) (44 0.0199) (23 0.0185) (25 0.0175) (19 0.0169) (26 -0.0164) (42 0.0151) (51 0.0127) (40 0.0126) (45 0.0126) (48 0.0121) (16 -0.0105) (27 0.0103) (21 0.0103) (52 0.01) 
   0.0019857   (133 0.814) (35 0.351) (31 -0.287) (32 0.203) (36 0.16) (13 0.151) (33 -0.1) (29 0.0941) (28 0.0732) (34 0.0656) (30 0.0628) (39 0.0363) (14 0.0316) (15 0.031) (20 -0.0275) (41 -0.0265) (37 -0.026) (22 0.0259) (17 0.0213) (43 0.0198) (24 0.0161) (38 0.0148) (44 -0.0144) (23 -0.0133) (25 -0.0127) (19 -0.0121) (26 0.0119) (42 -0.0108) 
   0.0021415   (30 -0.677) (29 -0.639) (31 -0.181) (50 0.145) (51 0.14) (35 0.139) (52 0.0971) (28 -0.0946) (34 0.0651) (32 0.0576) (48 0.0548) (33 -0.0452) (20 0.0315) (36 -0.0288) (72 0.0286) (37 0.0248) (73 -0.0242) (45 0.023) (53 -0.0219) (129 -0.0214) (42 0.0199) (60 -0.0194) (74 -0.0191) (41 0.0187) (49 0.0164) (54 -0.0161) (75 -0.0158) (15 -0.0146) (56 -0.0127) (40 0.0118) (23 -0.0114) (22 -0.0112) (55 0.0111) (39 0.0105) (27 0.0104) (76 -0.0103) 
   0.0023815   (72 0.543) (73 -0.532) (74 -0.308) (75 -0.253) (129 -0.25) (77 -0.217) (67 -0.18) (68 -0.165) (82 -0.113) (70 -0.113) (66 0.0936) (71 0.0803) (56 0.0748) (69 0.0721) (60 -0.0718) (54 0.0641) (51 -0.0569) (78 -0.0514) (83 -0.0471) (40 0.0428) (61 0.0417) (81 0.0405) (62 0.0385) (45 -0.038) (106 0.0364) (39 0.0353) (79 -0.0349) (85 -0.0301) (86 0.0298) (65 -0.0296) (52 -0.0286) (55 -0.0278) (29 0.0262) (30 0.0248) (64 0.0243) (80 0.0234) (63 -0.0217) (41 -0.0212) (53 -0.0205) (31 0.0192) (58 -0.0172) (48 -0.0165) (49 -0.0163) (47 -0.0153) (89 -0.0142) (76 0.0142) (108 0.014) (93 -0.0132) (46 0.0127) (121 0.0113) (100 -0.011) (59 -0.0108) (36 0.0105) (104 0.0101) 
   0.0024584   (129 -0.626) (50 -0.439) (51 -0.438) (52 -0.31) (72 -0.131) (48 -0.124) (30 -0.121) (29 -0.118) (73 0.0969) (60 0.0904) (74 0.0862) (53 0.0801) (54 0.0679) (75 0.0669) (56 0.0494) (42 -0.0488) (40 0.0419) (58 -0.0418) (55 -0.0404) (39 0.0378) (68 0.0378) (49 -0.0368) (45 -0.0352) (77 0.0308) (70 0.0306) (64 -0.0259) (131 0.0256) (34 0.0248) (47 0.0212) (28 -0.0203) (84 -0.0195) (61 -0.0194) (80 -0.019) (31 -0.0185) (82 0.0182) (78 0.0182) (41 0.0176) (43 0.0172) (20 0.0154) (88 0.0143) (119 0.0139) (90 -0.013) (35 0.0121) (76 0.0107) (66 -0.0106) (15 -0.0102) (44 -0.0102) (101 0.0101) 
   0.0025263   (129 -0.736) (51 0.387) (50 0.367) (52 0.27) (30 0.114) (48 0.11) (29 0.109) (73 0.0984) (54 -0.0792) (72 -0.074) (56 -0.0672) (53 -0.0603) (131 0.0583) (67 0.0536) (60 -0.0516) (40 -0.0507) (77 0.047) (39 -0.0446) (55 0.0435) (42 0.0431) (45 0.0424) (58 0.0412) (49 0.0364) (74 0.0316) (75 0.0292) (71 -0.0247) (68 0.0243) (34 -0.0233) (66 -0.023) (82 0.022) (130 -0.0215) (28 0.0207) (69 -0.0201) (83 0.0195) (85 0.0177) (43 -0.0151) (31 0.0143) (20 -0.0141) (84 0.0139) (62 -0.0137) (76 -0.0137) (64 0.0135) (70 0.0125) (47 -0.0125) (88 -0.0122) (15 0.0114) (35 -0.0113) (119 -0.0108) (101 -0.0102) 
   0.0026367   (23 -0.802) (24 -0.483) (20 0.193) (54 -0.147) (22 -0.127) (28 0.0874) (56 0.0766) (55 0.0737) (21 0.0648) (60 -0.062) (58 -0.0539) (15 -0.0429) (45 0.0418) (26 0.0417) (53 0.0405) (50 -0.0331) (41 0.0328) (31 -0.0319) (25 0.0314) (29 0.0296) (36 -0.0264) (38 -0.0233) (37 0.0225) (46 -0.022) (42 0.0219) (14 -0.0206) (59 -0.0199) (12 -0.0172) (51 0.0168) (82 0.0153) (69 0.0146) (33 -0.0145) (119 0.014) (49 -0.0127) (17 -0.0108) (47 0.0105) 
   0.0029563   (60 0.68) (58 0.642) (59 0.175) (69 0.143) (54 0.118) (55 0.101) (57 -0.0904) (23 -0.0864) (53 -0.0683) (56 -0.0526) (45 -0.0483) (24 -0.0473) (68 -0.0428) (50 0.0409) (49 0.0397) (132 -0.039) (73 -0.0349) (72 0.0328) (106 -0.0318) (67 -0.0314) (84 -0.0298) (82 -0.0288) (42 -0.0282) (81 0.027) (20 0.0266) (124 0.0264) (62 0.0251) (123 -0.0237) (46 0.0229) (22 -0.0202) (36 0.0174) (108 -0.0173) (64 -0.0171) (78 0.0169) (51 0.0165) (70 0.0149) (110 -0.0145) (65 -0.0141) (63 -0.0134) (104 -0.0128) (41 -0.0127) (90 -0.0122) (66 -0.0122) (47 -0.0111) (101 -0.0106) (35 -0.0103) (21 0.0103) 
   0.0031836   (132 -0.828) (54 0.385) (55 -0.289) (56 -0.187) (23 -0.0845) (58 -0.0755) (69 -0.0722) (53 -0.0719) (50 0.0586) (45 -0.0503) (41 -0.0496) (24 -0.0479) (52 0.0438) (46 0.0356) (82 -0.0325) (49 0.0304) (51 -0.0289) (60 -0.0282) (22 -0.0255) (20 0.024) (68 0.0218) (42 0.0208) (47 -0.0171) (72 -0.016) (67 0.0146) (81 0.0143) (66 0.0141) (36 0.0139) (130 0.0138) (119 -0.0137) (73 0.0135) (15 -0.0134) (70 -0.0131) (74 0.0129) (39 0.0126) (79 0.0123) (78 -0.0121) (75 0.0121) (38 0.0104) (84 0.0102) 
   0.0034941   (54 -0.578) (132 -0.558) (55 0.42) (56 0.281) (23 0.132) (53 0.111) (69 0.0974) (50 -0.0897) (45 0.0781) (24 0.0746) (41 0.0741) (58 0.065) (52 -0.0642) (46 -0.0544) (82 0.0503) (49 -0.0479) (51 0.0415) (22 0.0392) (20 -0.0375) (123 -0.0367) (124 0.0315) (119 0.0309) (68 -0.0295) (42 -0.0284) (47 0.0262) (81 -0.023) (36 -0.0219) (72 0.0216) (15 0.0204) (66 -0.02) (74 -0.0197) (67 -0.0194) (70 0.0185) (79 -0.0183) (75 -0.0182) (39 -0.0182) (73 -0.0178) (78 0.0171) (38 -0.0156) (106 -0.0152) (21 -0.0145) (31 -0.0145) (84 -0.0141) (59 -0.0132) (120 -0.0126) (14 0.0115) (122 -0.0111) (121 -0.0106) (77 -0.0103) 
   0.0036524   (37 -0.902) (38 -0.315) (66 -0.217) (84 -0.0811) (36 0.0678) (41 0.0676) (58 -0.0615) (39 -0.0528) (60 0.0475) (31 0.041) (43 -0.0401) (45 0.0391) (71 0.034) (128 -0.0279) (70 -0.0273) (86 -0.0272) (55 -0.0231) (28 -0.0222) (22 -0.0203) (29 -0.0202) (68 -0.0199) (64 -0.0199) (52 0.0192) (46 -0.019) (73 -0.0181) (51 0.0165) (30 -0.0157) (67 -0.0156) (82 0.0152) (40 0.0151) (49 -0.015) (15 -0.0144) (87 0.0139) (32 -0.0135) (20 0.0131) (42 0.0128) (57 0.0113) (14 -0.0111) (106 0.0107) (35 -0.0106) (21 0.0101) 
   0.0036718   (84 -0.849) (128 -0.322) (82 0.217) (86 -0.213) (87 0.13) (66 0.129) (106 0.0821) (90 0.073) (81 -0.0612) (60 -0.0585) (92 -0.055) (37 0.0507) (83 -0.0472) (41 -0.0364) (88 0.0359) (93 -0.0355) (78 0.0336) (91 0.0331) (108 0.033) (69 0.0321) (50 0.0303) (38 0.0297) (58 0.029) (79 -0.0283) (85 -0.0281) (120 0.0261) (45 -0.0257) (54 0.0255) (119 -0.0247) (117 -0.0235) (103 -0.0225) (56 0.0223) (125 -0.0201) (111 -0.0187) (53 -0.0184) (94 -0.0173) (104 0.0171) (46 0.017) (109 -0.0166) (114 0.0162) (71 -0.0162) (96 -0.0157) (126 -0.0147) (110 -0.0147) (115 -0.014) (121 -0.0129) (77 -0.0123) (55 -0.0122) (89 -0.0119) (64 0.0118) (42 0.0116) (116 0.0109) 
   0.0038487   (128 -0.705) (66 0.559) (84 0.294) (37 -0.154) (58 0.11) (60 -0.101) (71 -0.0947) (82 -0.0806) (70 0.0795) (86 0.0774) (55 0.0613) (68 0.0581) (73 0.0527) (64 0.0483) (38 -0.0471) (87 -0.0459) (67 0.0414) (56 -0.0374) (90 -0.034) (106 -0.0325) (52 -0.0295) (51 -0.0249) (83 0.0232) (91 -0.0221) (57 -0.0218) (92 0.0214) (76 -0.0208) (81 0.0204) (108 -0.0187) (126 -0.0173) (65 0.0164) (42 -0.0164) (36 0.0159) (43 0.0153) (53 -0.0136) (31 0.0135) (72 -0.0132) (110 0.0128) (45 -0.0125) (61 0.0124) (104 -0.0115) 
   0.0039362   (66 -0.681) (128 -0.631) (37 0.186) (60 0.141) (58 -0.135) (71 0.112) (84 0.111) (70 -0.0895) (68 -0.0653) (55 -0.0604) (64 -0.059) (73 -0.055) (38 0.0512) (67 -0.0482) (52 0.0296) (56 0.0295) (51 0.0284) (57 0.0263) (45 0.0259) (53 0.0245) (36 -0.0244) (82 -0.0238) (76 0.023) (86 0.0228) (78 -0.0205) (31 -0.0198) (43 -0.0197) (65 -0.0195) (41 0.0187) (50 -0.0185) (87 -0.0151) (61 -0.0142) (46 -0.0139) (28 0.0138) (22 0.0134) (15 0.0133) (77 0.0129) (93 0.0125) (72 0.0119) (20 -0.0118) (69 -0.0117) (42 0.0113) (88 -0.0109) (29 0.0108) (14 0.0105) 
   0.0040098   (105 0.738) (113 0.336) (103 0.246) (107 0.22) (69 -0.202) (101 -0.167) (109 0.165) (115 0.142) (91 0.115) (97 -0.111) (108 0.106) (99 0.0942) (104 0.0918) (120 0.09) (71 0.0883) (90 -0.0806) (116 -0.0769) (118 0.0723) (98 -0.0696) (100 -0.0641) (102 -0.0511) (114 -0.0445) (146 -0.0433) (56 -0.0387) (68 0.0382) (55 0.0375) (112 -0.0369) (82 0.0352) (94 0.0333) (81 -0.0276) (110 -0.0258) (92 0.0252) (73 -0.0242) (89 0.02) (88 -0.02) (58 0.019) (122 0.0173) (54 -0.0167) (79 -0.0153) (60 0.0147) (74 -0.0135) (75 -0.0131) (78 0.013) (143 0.0126) (125 -0.0109) (86 -0.0104) 
   0.0041207   (143 0.989) (146 0.139) (136 -0.0222) (142 -0.0205) (144 0.0178) (69 0.011) (113 0.0104) 
   0.0043538   (69 -0.774) (71 0.355) (56 -0.275) (55 0.251) (105 -0.191) (68 0.142) (73 -0.0933) (82 0.0786) (107 -0.0724) (103 -0.0647) (60 0.0636) (74 -0.0635) (54 -0.0609) (113 -0.0582) (75 -0.0577) (81 -0.0544) (108 -0.0522) (52 -0.0511) (106 -0.0495) (101 0.0477) (58 0.0464) (79 -0.0383) (59 0.0361) (115 -0.0359) (42 -0.0356) (67 0.0328) (84 -0.0317) (109 -0.0299) (92 -0.0297) (78 0.0293) (61 0.0277) (146 0.0272) (41 0.0267) (120 -0.0265) (77 -0.0261) (50 -0.0259) (72 0.0256) (90 -0.0251) (118 -0.0223) (66 0.0208) (97 0.0205) (53 -0.0203) (99 -0.0202) (57 -0.0181) (51 -0.0179) (116 0.0177) (114 0.0174) (102 -0.0144) (94 -0.0143) (86 0.0137) (100 0.0131) (98 0.0113) 
   0.0043738   (44 -0.652) (71 0.412) (80 -0.293) (79 -0.272) (42 -0.188) (83 0.174) (69 0.153) (93 -0.142) (72 -0.138) (86 0.119) (78 0.108) (76 0.0862) (99 0.0832) (56 0.0793) (55 -0.0763) (82 -0.0725) (43 -0.0705) (77 0.07) (41 0.0666) (45 -0.0625) (87 -0.0618) (112 0.0605) (108 0.0603) (66 0.0585) (96 0.0473) (74 -0.0443) (81 -0.0436) (68 -0.0432) (84 -0.0414) (46 -0.0409) (50 0.0386) (60 -0.0311) (70 0.0297) (73 -0.0291) (104 -0.0279) (85 -0.0272) (52 0.0266) (106 -0.0265) (98 -0.0248) (105 -0.0224) (48 0.0216) (39 -0.0212) (89 0.0212) (102 0.0206) (30 0.0198) (47 -0.0193) (157 -0.0193) (101 0.0176) (40 -0.0175) (29 -0.0174) (113 0.016) (91 -0.016) (54 0.0159) (64 0.0143) (51 0.0138) (53 -0.0124) (19 -0.0121) (97 -0.0109) (103 0.0106) (13 -0.0103) 
   0.0044248   (157 -0.999) (44 0.0338) (42 0.0102) 
   0.0046169   (44 -0.643) (71 -0.51) (79 0.198) (42 -0.197) (78 -0.196) (80 0.189) (72 0.169) (69 -0.169) (83 -0.104) (56 -0.104) (41 0.104) (86 -0.101) (108 -0.0889) (43 -0.0878) (66 -0.0854) (87 0.0825) (82 0.0692) (45 -0.0651) (112 -0.061) (99 -0.0606) (68 0.0558) (76 -0.0549) (90 0.0538) (46 -0.0523) (55 0.0479) (74 0.0399) (70 -0.0357) (91 0.0332) (157 -0.0322) (39 -0.0307) (84 0.0267) (104 0.0242) (85 0.0224) (64 -0.0223) (77 -0.0208) (48 0.0203) (105 0.0191) (53 0.0185) (73 0.0171) (67 -0.0166) (117 0.0161) (113 -0.016) (40 -0.0152) (36 -0.015) (93 -0.014) (101 -0.0138) (98 0.0137) (119 0.0137) (33 0.0132) (50 -0.0132) (121 0.013) (49 -0.013) (109 0.0126) (37 0.0112) (47 -0.0107) (81 0.0106) (75 -0.0105) 
   0.0047346   (19 0.966) (134 0.24) (18 0.0548) (17 0.0467) (22 0.0349) (21 -0.0318) (23 -0.0201) (20 0.0157) (8 -0.0136) (30 0.0134) (44 -0.012) (28 0.0114) (35 0.0113) (26 0.0104) 
   0.0049198   (134 0.971) (19 -0.239) (18 -0.0136) (17 -0.0116) 
    0.004975   (8 1) (19 0.0114) (134 0.011) 
   0.0051222   (4 -1) 
   0.0052693   (24 -0.706) (23 0.536) (22 -0.275) (25 -0.167) (20 0.161) (31 -0.112) (15 -0.107) (17 -0.107) (14 -0.0921) (21 0.0858) (28 0.0769) (140 -0.0745) (26 0.0707) (32 0.0553) (16 -0.0473) (43 -0.0415) (27 -0.0408) (41 0.0348) (39 -0.0342) (19 0.0318) (18 -0.0316) (35 -0.0249) (82 0.0188) (29 0.0167) (36 -0.0165) (56 -0.016) (37 0.014) (69 0.0125) (55 0.0117) (13 0.0116) (34 -0.0115) (47 -0.0108) (48 0.0104) 
    0.005322   (140 -0.997) (24 0.0528) (23 -0.0401) (22 0.0206) (25 0.0125) (20 -0.0121) 
   0.0055901   (10 0.859) (17 -0.383) (18 -0.313) (20 -0.0877) (15 -0.0363) (23 -0.0353) (19 0.0352) (24 0.0334) (22 0.0333) (16 -0.0286) (14 -0.0227) (21 -0.0224) (26 0.0149) (31 -0.0145) (25 -0.0142) 
   0.0057085   (138 0.996) (17 -0.0547) (10 -0.0468) (18 -0.0449) (20 -0.0124) 
   0.0057471   (17 0.64) (18 0.525) (10 0.509) (20 0.145) (138 0.0868) (15 0.0627) (23 0.0614) (19 -0.0578) (22 -0.0544) (24 -0.0544) (16 0.0473) (14 0.0392) (21 0.0353) (26 -0.0289) (25 0.0268) (31 0.0249) (28 -0.0176) (35 0.0147) (32 -0.0144) (82 -0.0139) (43 0.0123) (39 0.0121) (36 -0.0112) (45 0.011) (30 0.0106) 
   0.0060785   (12 0.964) (42 0.175) (11 -0.14) (44 -0.066) (41 -0.0576) (43 -0.0526) (39 0.0492) (40 0.0458) (14 -0.0426) (55 0.0223) (13 -0.0178) (46 -0.0166) (15 -0.015) (45 0.0142) (56 -0.0115) (59 0.0112) (33 -0.0106) 
    0.006582   (141 -0.998) (42 0.0517) (41 -0.0175) (44 -0.017) (43 -0.0151) (12 -0.0151) (39 0.0126) (40 0.0114) 
   0.0072818   (42 -0.804) (41 0.272) (44 0.265) (43 0.236) (12 0.215) (39 -0.195) (40 -0.177) (46 0.0695) (45 -0.0671) (141 -0.0643) (55 -0.0615) (33 0.0486) (59 -0.0359) (56 0.0346) (52 0.0345) (50 0.0337) (54 0.0295) (11 -0.0282) (51 0.0254) (31 -0.0248) (32 0.0238) (73 -0.0235) (64 0.0234) (78 0.0232) (23 -0.0229) (106 -0.0229) (79 0.0218) (75 -0.0216) (72 -0.0192) (60 -0.0192) (36 -0.019) (71 -0.0174) (38 -0.0172) (65 0.0172) (84 -0.0161) (108 -0.0145) (80 -0.0144) (67 -0.0134) (47 -0.0133) (29 -0.013) (20 0.0128) (22 0.0128) (61 -0.0126) (37 0.012) (48 0.0114) (85 -0.0113) (74 -0.0112) (58 -0.011) (77 0.0107) (49 0.0101) 
   0.0080542   (11 -0.962) (33 -0.184) (12 -0.14) (34 0.118) (32 -0.0574) (31 0.0245) (28 0.0234) (14 -0.0202) (40 -0.0191) (39 -0.019) (35 -0.0188) (65 0.0176) (36 -0.0152) (42 -0.0135) (135 -0.0109) 
   0.0089349   (135 -0.985) (33 -0.131) (34 0.0801) (11 0.05) (32 -0.0415) (28 0.0206) (31 0.017) (40 -0.0157) (39 -0.0149) (35 -0.0128) (136 -0.0116) (36 -0.0109) 

 Largest eigenvalues
      52.998   (162 -0.942) (163 0.26) 
      19.373   (55 0.49) (56 -0.608) (69 0.306) (82 -0.351) 
      15.924   (81 0.349) (82 -0.702) 
      5.5847   (106 -0.753) (108 -0.449) 
      4.4039   (146 0.98) 
      1.5741   (162 -0.271) (163 -0.962) 
      1.2279   (164 0.997) 
       1.201   (165 0.996) 
      1.1315   (90 0.483) (91 -0.745) 
      1.1131   (100 -0.411) (101 -0.586) (107 0.532) 
      1.1096   (100 -0.351) (101 -0.358) (107 -0.745) 
      1.0648   (111 0.355) (115 -0.798) 
      1.0246   (103 -0.779) (104 -0.321) 
     0.98138   (100 0.706) (101 -0.504) 
     0.90799   (101 0.237) (111 -0.673) (122 0.233) (130 -0.223) (136 -0.223) 
     0.83331   (109 0.365) (111 0.469) (115 0.328) 
     0.76223   (109 -0.743) (110 0.314) 
     0.67628   (97 -0.832) (98 -0.329) 
     0.64175   (114 -0.556) (125 -0.485) (136 -0.38) 
     0.63987   (113 0.53) (114 0.602) (125 -0.3) 
     0.59948   (109 0.373) (110 0.553) (113 -0.452) (114 0.392) 
     0.57216   (110 -0.705) (113 -0.403) 
     0.57079   (121 -0.294) (122 0.511) (123 0.299) (130 0.351) (131 0.322) 
     0.56773   (122 -0.298) (123 -0.511) (124 0.532) (130 0.316) (131 0.287) 
     0.55445   (118 -0.335) (119 -0.682) (121 0.345) (123 0.342) 
      0.5474   (117 -0.577) (118 0.656) 
     0.54457   (116 0.324) (120 0.574) (124 -0.288) (126 0.319) (131 0.289) 
     0.53553   (116 -0.61) (123 -0.289) (136 0.299) 
     0.49954   (116 0.64) (120 -0.371) (125 -0.337) (136 0.345) 
     0.48389   (92 -0.958) 
     0.47156   (120 0.494) (124 0.305) (126 -0.382) (136 0.404) 
      0.4349   (94 -0.941) 
     0.32682   (102 0.55) (103 0.414) (104 -0.574) 
     0.31687   (102 -0.735) (104 -0.481) 
     0.29984   (99 0.43) (104 0.298) (112 -0.338) (117 -0.294) (126 -0.289) 
     0.27249   (78 -0.321) (86 0.605) 
     0.24859   (78 0.477) (99 -0.538) 
     0.23434   (71 0.322) (78 -0.499) (86 -0.519) 
     0.23029   (99 0.393) (108 0.35) (112 0.584) 
     0.20517   (90 -0.665) (91 -0.348) (93 0.514) 
     0.16013   (90 0.352) (96 -0.537) (108 -0.409) 
     0.14571   (87 0.311) (93 -0.59) (108 -0.309) 
     0.13536   (85 -0.338) (87 -0.782) 
     0.12313   (88 -0.296) (89 -0.741) (93 0.314) (96 0.31) 
     0.11431   (78 0.402) (80 0.455) (83 -0.432) 
     0.11089   (76 0.307) (77 0.339) (79 -0.309) 
     0.10611   (59 0.336) (64 0.403) (68 -0.279) (76 -0.318) 
     0.10084   (57 0.522) (59 -0.522) 
    0.097788   (57 -0.594) (64 -0.409) 
    0.091278   (57 0.427) (59 0.364) (64 0.259) (76 0.285) (96 -0.302) (108 0.259) 
    0.086029   (57 -0.343) (59 -0.591) (64 0.289) 
    0.076458   (63 -0.319) (64 -0.513) (68 -0.29) (83 -0.297) 
    0.076125   (63 0.728) (67 -0.298) 
    0.074023   (61 -0.425) (62 0.344) (63 -0.499) (68 0.347) 
      0.0717   (61 0.685) (62 -0.315) 
    0.063481   (61 -0.33) (118 -0.265) (119 0.272) 
    0.061542   (61 0.275) (67 -0.356) (72 0.223) (73 0.229) (77 0.352) (80 0.261) 
    0.058952   (61 -0.309) (62 -0.584) 
    0.057226   (62 0.565) (72 -0.297) 
      0.0551   (62 -0.274) (67 -0.459) (68 -0.349) (76 0.306) (77 -0.293) 
    0.053389   (65 0.438) (72 0.362) (79 0.266) (80 -0.324) (98 0.285) 
    0.047221   (65 -0.6) (77 0.309) (98 0.295) 
    0.046545   (65 0.525) (67 -0.295) 
    0.046337   (76 0.287) (79 -0.276) (80 0.328) (83 0.279) 
    0.044162   (33 -0.52) (34 -0.723) (40 0.3) 
    0.041841   (34 0.411) (39 0.47) (40 0.613) 
    0.040321   (75 -0.418) (85 -0.311) (88 0.253) (98 -0.278) (121 -0.268) 
    0.039274   (47 0.434) (48 0.499) (75 0.374) 
    0.038455   (47 -0.401) (48 -0.442) (75 0.45) 
    0.030998   (25 -0.363) (27 0.717) (32 -0.317) 
    0.029445   (26 -0.627) (27 -0.527) (28 0.307) 
    0.027169   (26 0.427) (28 -0.338) (41 -0.264) (43 -0.314) (88 -0.335) 
     0.02516   (27 0.293) (31 0.473) (32 0.644) 
    0.020943   (41 0.313) (42 0.257) (43 0.419) (75 -0.284) (85 0.283) (88 -0.373) 
    0.020693   (130 -0.625) (131 0.527) 
    0.020412   (127 0.578) (160 -0.807) 
     0.01874   (127 0.577) (160 0.301) (161 0.759) 
    0.017149   (127 0.577) (160 0.507) (161 -0.64) 
     0.01535   (29 -0.676) (30 0.69) 
    0.014892   (139 0.998) 
