 1 31.6228
 2 23.9412
 3 0.978359
 4 31.6228
 5 25.9606
 6 1.57303
 7 31.6228
 8 2.02552
 9 30.5554
 10 30.2438
 11 1.79923
 12 21.4438
 13 31.6228
 14 31.6185
 15 0.902188
 16 31.6228
 17 31.6148
 18 0.906131
 19 31.6228
 20 31.4599
 21 1.0944
 22 31.6228
 23 31.5923
 24 0.940695
 25 14.6757
 26 15.9618
 27 1.36577
 28 31.5365
 29 18.2398
 30 5.01854
 31 21.5137
 32 9.4238
 33 17.0232
 34 14.1782
 35 14.3913
 36 7.5456
 37 31.4888
 38 31.6016
 39 1.32351
 40 24.5949
 41 31.2297
 42 1.28891
 43 21.3837
 44 29.3405
 45 1.55585
 46 31.5819
 47 28.6539
 48 4.56929
 49 30.447
 50 12.9941
 51 16.0863
 52 7.96418
 53 30.8643
 54 17.0178
 55 7.18644
 56 14.3561
 57 25.2347
 58 8.61966
 59 10.7616
 60 8.12761
 61 4.46627
 62 1.33202
 63 21.0622
 64 13.6078
 65 0.988074
 66 23.2195
 67 28.0144
 68 5.19568
 69 31.6225
 70 31.6228
 71 31.5745
 72 1.33882
 73 31.6192
 74 3.67867
 75 29.4623
 76 30.9764
 77 1.528
 78 28.1933
 79 31.5895
 80 3.1416
 81 29.921
 82 31.4285
 83 22.5343
 84 1.32387
 85 11.1255
 86 1.41879
 87 31.3714
 88 1.15533
 89 1.09163
 90 1.29494
 91 2.37365
 92 20.7047
 93 27.0402
 94 18.4319
 95 27.9631
 96 29.655
 97 15.7605
 98 15.2646
 99 9.3225
 100 28.8304
 101 30.704
 102 9.23345
 103 12.7347
 104 11.8321
 105 11.1522
 106 12.8754
 107 12.7914
 108 12.905
 109 10.6705
 110 8.41191
 111 13.4233
 112 14.1482
 113 13.6135
 114 12.9591
 115 12.7026
 116 10.5655
 117 12.9276
 118 13.4846
 119 12.2314
 120 10.0498
 121 10.4569
 122 6.87028
 123 6.47988
 124 5.90665
 125 5.40235
 126 6.43274
 127 4.48821
 128 8.74435
 129 6.8249
 130 6.61409
 131 4.31686
 132 4.36325
 133 4.37971
 134 5.31979
 135 2.75615
 136 6.35592
 137 3.12042
 138 2.90664
 139 2.79135
 140 3.26681
 141 3.06841
 142 2.72803
 143 2.73613
 144 4.07162
 145 3.89439
 146 3.26181
 147 3.06226
 148 3.97429
 149 3.89825
 150 3.23781
 151 3.49026
 152 4.34569
 153 4.95638
 154 3.61253
 155 4.26603
 156 4.46041
 157 5.77796
 158 0.243421
 159 0.283442
 160 1.37247
 161 3.56284
 162 6.45809
 163 7.11995
 164 10.9207
 165 0.631499
