 1 1000
 2 579.59
 3 1.98818
 4 1000
 5 691.496
 6 16.6793
 7 1000
 8 33.5985
 9 963.95
 10 928.228
 11 19.4549
 12 490.066
 13 1000
 14 999.78
 15 0.813959
 16 1000
 17 999.617
 18 0.842001
 19 1000
 20 994.364
 21 5.56603
 22 1000
 23 998.864
 24 1.50323
 25 226.736
 26 278.672
 27 7.67502
 28 995.47
 29 405.458
 30 92.552
 31 471.458
 32 222.479
 33 424.716
 34 208.1
 35 294.624
 36 142.992
 37 992.228
 38 999.223
 39 2.29514
 40 615.662
 41 978.277
 42 1.70641
 43 479.983
 44 885.705
 45 7.89048
 46 998.437
 47 901.06
 48 101.328
 49 940.032
 50 183.987
 51 338.132
 52 149.491
 53 962.443
 54 295.688
 55 123.341
 56 282.755
 57 666.747
 58 84.8918
 59 175.112
 60 128.203
 61 22.1646
 62 1.79431
 63 455.196
 64 213.704
 65 1.90313
 66 567.228
 67 880.113
 68 122.257
 69 999.989
 70 1000
 71 998.123
 72 2.71779
 73 999.84
 74 73.5283
 75 928.214
 76 964.254
 77 6.90475
 78 808.363
 79 998.561
 80 56.0258
 81 942.141
 82 990.016
 83 536.397
 84 2.13945
 85 129.729
 86 2.6341
 87 989.231
 88 1.78782
 89 1.69349
 90 1.99391
 91 8.17417
 92 497.155
 93 816.705
 94 459.468
 95 846.611
 96 918.551
 97 294.193
 98 279.687
 99 137.659
 100 871.591
 101 960.331
 102 108.954
 103 179.489
 104 158.681
 105 141.55
 106 177.634
 107 176.78
 108 180.556
 109 132.879
 110 96.947
 111 197.68
 112 209.464
 113 196.17
 114 181.864
 115 181.061
 116 138.148
 117 188.785
 118 199.525
 119 167.295
 120 116.323
 121 118.922
 122 50.6056
 123 43.5801
 124 38.7999
 125 31.7465
 126 44.0392
 127 25.3315
 128 84.5263
 129 55.5145
 130 50.0217
 131 21.3102
 132 19.8845
 133 20.0948
 134 29.3063
 135 8.95283
 136 41.3194
 137 10.8466
 138 9.32897
 139 8.63131
 140 11.5083
 141 11.0515
 142 8.83561
 143 8.75029
 144 17.6609
 145 15.9654
 146 11.5097
 147 10.3275
 148 17.0209
 149 16.2015
 150 11.4665
 151 13.3409
 152 19.7965
 153 25.8141
 154 14.08
 155 19.1913
 156 20.9784
 157 34.4121
 158 0.284126
 159 0.126485
 160 2.73173
 161 18.6737
 162 54.2765
 163 64.3613
 164 132.873
 165 2.16232
