 1 67352.6
 2 605.074
 3 2.03939
 4 415789
 5 711.941
 6 17.1476
 7 1.49611e+06
 8 54.6185
 9 1585.84
 10 2797.47
 11 29.5789
 12 749.442
 13 1.52036e+06
 14 11582.3
 15 0.814122
 16 882741
 17 5729.04
 18 0.947051
 19 206427
 20 3069.3
 21 15.3024
 22 405310
 23 4307.78
 24 3.67794
 25 243.569
 26 317.38
 27 8.68719
 28 3590.52
 29 448.527
 30 101.85
 31 475.631
 32 227.232
 33 434.371
 34 219.235
 35 307.509
 36 149.824
 37 1524.75
 38 3164.01
 39 3.70899
 40 946.953
 41 5093.02
 42 1.83399
 43 638.522
 44 1493.08
 45 12.3587
 46 5241.66
 47 2893.56
 48 291.264
 49 1865.8
 50 186.373
 51 411.84
 52 182.378
 53 3405.81
 54 334.496
 55 153.15
 56 357.699
 57 670.964
 58 86.4657
 59 178.016
 60 130.553
 61 22.1891
 62 1.79451
 63 466.026
 64 214.419
 65 1.91463
 66 578.662
 67 3337.13
 68 447.322
 69 110843
 70 501222
 71 3205.15
 72 4.94823
 73 20579.8
 74 356.017
 75 4420.22
 76 5351.37
 77 12.9749
 78 1515.44
 79 8106.33
 80 154.202
 81 2292.33
 82 2469.6
 83 623.923
 84 2.27414
 85 151.102
 86 2.79018
 87 3240.28
 88 1.78793
 89 1.69351
 90 1.99407
 91 8.78668
 92 589.624
 93 1275.02
 94 656.041
 95 1460.38
 96 1727.03
 97 319.356
 98 283.473
 99 138.533
 100 1035.4
 101 1638.45
 102 113.385
 103 182.021
 104 160.636
 105 142.227
 106 178.551
 107 177.778
 108 181.45
 109 133.926
 110 98.3991
 111 198.417
 112 210.333
 113 196.789
 114 182.204
 115 181.554
 116 138.75
 117 189.074
 118 199.809
 119 167.494
 120 117.185
 121 119.539
 122 51.0745
 123 43.8817
 124 39.0938
 125 32.2707
 126 44.5488
 127 26.3108
 128 85.2991
 129 56.0218
 130 50.7991
 131 21.4972
 132 20.0612
 133 20.2749
 134 29.8605
 135 9.11605
 136 41.6455
 137 11.0441
 138 9.48124
 139 8.81601
 140 11.7202
 141 11.4714
 142 9.06108
 143 8.97091
 144 17.9152
 145 16.1966
 146 11.7287
 147 10.5806
 148 17.2993
 149 16.4935
 150 11.6673
 151 13.5949
 152 20.0975
 153 26.4887
 154 14.4162
 155 19.4361
 156 21.1521
 157 34.6593
 158 0.349149
 159 0.130214
 160 2.79376
 161 19.9198
 162 63.0423
 163 67.4791
 164 135.559
 165 2.17794
