 Smallest eigenvalues
  6.5774e-07   (9 1) 
   6.684e-07   (46 0.752) (45 -0.431) (47 0.348) (38 0.177) (39 0.147) (40 0.13) (49 0.116) (52 0.0673) (41 -0.0653) (59 -0.0651) (33 -0.0643) (53 -0.0597) (44 0.0578) (157 0.0438) (77 -0.0413) (37 0.0408) (42 -0.0362) (15 -0.0326) (76 0.0305) (54 0.0296) (18 0.0285) (31 -0.0275) (57 -0.0271) (21 0.027) (26 0.0267) (43 -0.0265) (73 -0.0249) (20 0.0246) (28 0.0226) (11 -0.022) (95 0.0172) (30 -0.0149) (16 0.0144) (27 0.0139) (29 -0.0129) (74 0.0129) (14 -0.0125) (48 -0.0116) (75 -0.0112) (17 0.0105) (68 0.0104) 
  1.1328e-06   (157 0.999) (46 -0.033) (45 0.0189) (47 -0.0152) 
  1.9951e-06   (5 -1) 
  2.4051e-06   (43 -0.812) (45 0.282) (39 0.26) (42 -0.22) (38 0.183) (40 0.182) (154 -0.149) (41 -0.131) (46 -0.0915) (47 0.0913) (44 0.0683) (33 -0.064) (37 0.0428) (59 -0.0357) (76 0.0329) (26 0.0314) (15 -0.0291) (49 0.0289) (18 0.0276) (21 0.0233) (51 0.0212) (31 -0.0202) (20 0.0201) (11 -0.019) (50 0.0171) (53 -0.0166) (28 0.016) (32 0.0158) (77 -0.0155) (73 -0.0154) (95 0.0136) (55 -0.0135) (57 -0.0131) (16 0.0111) (27 0.0108) (14 -0.0104) 
  2.4672e-06   (154 -0.989) (43 0.122) (45 -0.0424) (39 -0.0392) (42 0.0331) (38 -0.0276) (40 -0.0274) (41 0.0198) (46 0.0138) (47 -0.0137) (44 -0.0103) 
  4.8443e-06   (2 1) 
  8.9995e-06   (152 0.984) (34 0.167) (33 -0.0544) (31 -0.0258) (36 0.0148) (35 -0.0139) (26 0.0115) (38 -0.0113) 
  1.4847e-05   (34 -0.907) (33 0.296) (152 0.181) (31 0.14) (36 -0.0808) (35 0.0757) (26 -0.0626) (38 0.0616) (39 0.0526) (29 0.0498) (50 -0.0408) (37 0.0379) (30 -0.0321) (18 -0.032) (21 -0.0285) (20 -0.0267) (32 0.0257) (15 0.0222) (76 -0.02) (27 -0.0193) (28 -0.0179) (43 -0.0176) (45 -0.0172) (47 -0.0161) (52 0.0155) (40 0.0151) (48 -0.015) (16 -0.013) (11 0.0126) (22 0.0116) (59 0.0112) (73 0.0111) (23 0.011) (53 -0.0109) (41 -0.0107) (46 0.0103) (95 -0.0102) 
  4.3502e-05   (24 0.682) (23 -0.561) (49 -0.303) (25 0.202) (19 0.127) (21 0.119) (51 -0.116) (52 0.0742) (32 -0.0698) (26 -0.0636) (50 -0.0563) (22 0.0561) (20 0.0484) (18 -0.0447) (47 -0.0386) (56 -0.0377) (30 -0.0377) (46 0.0345) (39 0.0337) (54 -0.0333) (71 0.0315) (40 0.0309) (28 0.0291) (77 -0.0281) (36 0.0277) (29 -0.027) (59 -0.0252) (55 -0.0251) (13 -0.0228) (38 -0.0216) (35 -0.0202) (27 0.0189) (31 -0.0163) (76 0.0162) (48 0.0143) (53 0.0143) (66 -0.0135) (41 -0.0129) (14 0.0122) (67 -0.0122) (63 -0.012) (61 0.012) (80 0.0117) (45 -0.0117) (78 -0.0109) (70 0.0104) 
  8.4842e-05   (151 -0.982) (49 -0.147) (51 -0.0642) (24 -0.0504) (52 0.0423) (23 0.0402) (50 -0.0306) (54 -0.0211) (56 -0.0209) (55 -0.0178) (47 -0.0168) (46 0.0154) (25 -0.0152) (39 0.0149) (38 0.014) (59 -0.0134) 
  0.00011421   (49 0.761) (51 0.333) (24 0.255) (52 -0.22) (23 -0.203) (151 -0.19) (50 0.159) (54 0.109) (56 0.108) (55 0.0925) (47 0.087) (46 -0.0798) (39 -0.0773) (25 0.0771) (38 -0.0722) (59 0.0699) (71 -0.0489) (19 0.0473) (53 -0.0457) (26 -0.0437) (77 0.04) (32 -0.0336) (18 -0.032) (21 0.0283) (76 -0.0282) (41 0.0262) (33 0.0261) (40 -0.0257) (42 0.0249) (57 0.0247) (37 -0.0231) (81 0.0231) (75 0.0223) (70 -0.0214) (67 0.0211) (95 -0.0207) (22 0.0193) (79 0.0181) (36 -0.0181) (73 0.0167) (61 -0.0165) (78 0.0163) (45 0.0162) (68 -0.0162) (63 0.0157) (44 0.015) (66 0.013) (65 -0.0125) (35 0.0124) (15 0.0122) (30 -0.0121) (69 -0.0109) (64 -0.0107) (74 0.0105) 
  0.00016219   (1 -1) 
  0.00016369   (11 -0.984) (15 0.142) (14 0.0474) (17 -0.0383) (18 -0.0361) (21 -0.033) (20 -0.0306) (33 0.0241) (39 -0.0234) (13 -0.0234) (16 -0.0209) (23 0.0166) (38 -0.0152) (24 0.0146) (26 -0.0141) (28 -0.0134) (37 -0.0101) 
  0.00016974   (161 1) 
  0.00018665   (3 -1) 
  0.00023306   (15 -0.788) (16 -0.547) (14 -0.186) (17 -0.104) (11 -0.0981) (13 0.0831) (18 -0.0755) (21 -0.06) (20 -0.054) (33 0.0328) (24 0.0319) (23 0.0304) (39 -0.0244) (28 -0.0229) (26 -0.0188) (38 -0.0166) (32 -0.0159) (25 -0.0159) (27 -0.0124) (45 0.0114) (37 -0.0103) 
  0.00027118   (160 -1) 
  0.00027843   (7 1) 
  0.00028339   (25 0.919) (24 -0.298) (21 0.135) (20 0.107) (29 0.0855) (155 0.0683) (26 -0.068) (36 0.0656) (18 0.0603) (15 -0.0459) (33 0.0384) (35 -0.0375) (28 -0.0366) (22 -0.0328) (31 0.0323) (27 -0.0321) (11 -0.027) (50 -0.0241) (38 -0.02) (17 0.0169) (30 0.0152) (52 0.0132) (14 -0.0132) (45 0.0102) 
   0.0002894   (155 0.998) (25 -0.0629) (24 0.0204) 
   0.0003074   (6 -1) 
  0.00031597   (17 0.983) (15 -0.112) (21 -0.0821) (20 -0.072) (11 -0.0479) (18 -0.0377) (28 -0.0264) (158 -0.0256) (36 0.0183) (23 -0.0177) (13 0.0174) (31 0.0139) (38 -0.0137) (16 0.0137) (19 0.0133) (45 0.0122) (29 0.0118) (32 -0.0112) (14 -0.0106) (35 -0.0101) 
  0.00031966   (158 -1) (17 -0.0252) 
  0.00032454   (73 -0.727) (59 0.458) (57 0.277) (74 -0.244) (76 -0.233) (39 0.102) (54 -0.0842) (47 -0.0691) (40 0.0658) (72 -0.0564) (45 -0.0558) (51 -0.0543) (38 0.0512) (53 0.0506) (77 0.0504) (33 -0.0484) (69 -0.0413) (37 0.0402) (96 0.0401) (50 -0.0386) (42 -0.036) (43 0.0358) (18 0.0348) (75 0.0344) (49 0.0343) (26 0.0311) (56 -0.0298) (87 -0.0285) (68 0.0253) (15 -0.0236) (58 0.0235) (92 0.0212) (48 0.0201) (41 -0.02) (122 0.0193) (20 0.0181) (66 0.0168) (120 -0.0166) (102 -0.0162) (11 -0.0161) (78 -0.0158) (113 0.0158) (88 0.0156) (124 -0.0153) (21 0.015) (89 0.015) (16 0.0149) (46 -0.0148) (44 0.0144) (14 -0.0134) (61 -0.0132) (64 -0.0131) (99 0.0131) (112 -0.0124) (28 0.0123) (52 -0.0123) (153 0.0107) (60 -0.0107) (127 -0.0106) (79 0.0102) 
  0.00039248   (59 0.578) (73 0.504) (57 0.34) (70 -0.21) (68 0.175) (39 0.162) (74 0.161) (153 0.149) (47 -0.146) (76 0.145) (69 -0.124) (45 -0.107) (71 0.104) (38 0.0937) (52 -0.0908) (40 0.0796) (33 -0.0761) (51 -0.0709) (54 -0.062) (37 0.0501) (41 -0.0436) (26 0.0434) (66 0.0433) (50 -0.0403) (18 0.04) (15 -0.0384) (21 0.031) (20 0.0303) (58 0.0289) (122 -0.0283) (11 -0.0273) (77 -0.027) (53 0.0264) (83 -0.0264) (43 0.0263) (16 0.0233) (75 -0.0222) (44 0.0222) (28 0.0211) (31 -0.0207) (113 0.0203) (64 -0.0187) (61 -0.0185) (120 -0.0175) (127 -0.0175) (14 -0.0172) (62 0.0159) (78 0.0159) (17 0.0158) (60 -0.0155) (87 -0.0155) (117 0.0154) (48 0.0152) (80 -0.0146) (72 0.0144) (42 0.0136) (63 -0.0129) (98 -0.0128) (49 0.0127) (126 0.0126) (134 0.0125) (88 0.0124) (112 -0.0123) (32 0.0115) (131 -0.0107) (67 0.0107) 
  0.00042348   (153 0.989) (59 -0.092) (73 -0.0679) (57 -0.0544) (70 0.0312) (68 -0.0263) (39 -0.026) (47 0.0229) (74 -0.0216) (76 -0.0193) (69 0.0189) (45 0.0169) (71 -0.0154) (38 -0.0149) (52 0.0139) (40 -0.013) (33 0.0123) (51 0.0114) (54 0.0104) 
  0.00043256   (19 0.756) (18 0.57) (20 -0.283) (21 -0.0975) (47 -0.0567) (23 0.0426) (51 0.0403) (50 0.0341) (24 -0.0334) (52 0.032) (26 -0.0233) (17 -0.0191) (45 -0.0191) (22 0.0185) (15 -0.018) (14 -0.0171) (54 0.0154) (48 -0.0124) (59 -0.0115) (42 0.0112) 
  0.00048858   (47 -0.558) (150 -0.429) (51 0.373) (52 0.342) (50 0.311) (45 -0.177) (39 0.176) (54 0.126) (48 -0.113) (38 0.0998) (59 -0.0915) (40 0.0891) (33 -0.0728) (19 -0.0688) (41 -0.0617) (57 -0.0603) (20 0.0488) (55 0.0439) (37 0.0403) (26 0.0394) (21 0.0355) (15 -0.0323) (49 -0.0273) (73 -0.0271) (56 -0.0255) (44 0.0234) (43 0.0218) (11 -0.0216) (31 -0.0195) (18 -0.0184) (28 0.0182) (16 0.0182) (76 0.0176) (46 0.0147) (14 -0.0121) (53 0.0112) (32 0.0106) 
  0.00049568   (150 -0.903) (47 0.265) (51 -0.177) (52 -0.163) (50 -0.148) (45 0.0844) (39 -0.0837) (54 -0.0597) (48 0.0537) (38 -0.0475) (59 0.0434) (40 -0.0424) (33 0.0346) (19 0.0309) (41 0.0294) (57 0.0286) (20 -0.0225) (55 -0.0208) (37 -0.0192) (26 -0.0187) (21 -0.0167) (15 0.0154) (49 0.013) (73 0.0128) (56 0.0121) (44 -0.0111) (43 -0.0104) (11 0.0103) 
  0.00053771   (53 0.531) (54 0.481) (42 -0.454) (51 -0.353) (47 -0.207) (49 0.144) (52 -0.139) (50 -0.127) (45 -0.116) (56 0.105) (59 -0.103) (41 0.0691) (57 -0.0684) (43 0.0605) (39 0.0419) (44 0.0346) (40 -0.0313) (48 -0.0282) (37 0.0271) (38 0.0248) (70 -0.0213) (33 -0.0199) (148 -0.0197) (18 0.0183) (26 0.0178) (15 -0.0112) (69 -0.011) (68 0.0106) 
  0.00055784   (148 -0.813) (42 0.478) (53 0.192) (54 0.13) (41 -0.114) (40 0.0989) (39 0.0951) (51 -0.089) (45 0.0612) (38 0.0475) (49 0.0455) (50 -0.0419) (59 -0.0376) (56 0.0367) (33 -0.034) (44 -0.0229) (26 0.0204) (43 -0.0203) (57 -0.0201) (73 -0.0199) (47 0.0177) (46 -0.0149) (21 0.0139) (15 -0.0126) (20 0.0124) 
  0.00056346   (42 -0.651) (148 -0.583) (53 -0.286) (54 -0.197) (41 0.157) (40 -0.137) (51 0.136) (39 -0.134) (45 -0.0814) (49 -0.0684) (38 -0.0671) (50 0.0628) (59 0.0558) (56 -0.0547) (33 0.0481) (44 0.0308) (57 0.0302) (26 -0.0291) (73 0.0281) (43 0.0262) (46 0.021) (21 -0.0197) (15 0.018) (20 -0.0177) (47 -0.0176) (18 -0.0142) (70 -0.0123) (16 -0.0123) (37 -0.0122) (28 -0.0116) (95 -0.0115) (11 0.0106) (76 -0.0105) (31 0.0105) 
  0.00061892   (70 0.75) (71 -0.442) (72 0.303) (69 0.203) (73 0.151) (59 0.134) (68 -0.0992) (39 0.0886) (52 -0.0772) (47 -0.0751) (57 0.0694) (51 -0.0634) (38 0.0487) (54 -0.0454) (45 -0.0424) (67 0.0403) (83 -0.0398) (33 -0.0395) (40 0.0386) (76 -0.0385) (50 -0.0345) (37 0.0323) (56 -0.0315) (147 0.0307) (43 0.0278) (26 0.0268) (18 0.0264) (42 -0.025) (53 -0.0249) (49 0.0244) (55 0.0221) (15 -0.0203) (120 -0.0198) (66 -0.0194) (20 0.0176) (41 -0.0165) (127 -0.0157) (102 -0.0153) (21 0.0153) (87 -0.0142) (46 -0.014) (124 -0.0139) (113 0.0135) (88 0.0135) (44 0.0125) (11 -0.0124) (89 -0.0122) (16 0.0121) (95 -0.0117) (31 -0.0117) (80 -0.0116) (94 -0.0113) (91 -0.0111) (90 0.011) (28 0.0107) (77 -0.0105) (122 0.0104) (126 0.0104) (112 -0.0102) 
   0.0006271   (147 0.567) (52 -0.488) (53 -0.433) (47 -0.285) (51 -0.212) (57 -0.152) (59 -0.138) (55 0.127) (39 0.119) (45 -0.109) (40 0.0767) (73 -0.0693) (38 0.0668) (70 -0.0667) (42 0.0652) (41 -0.0509) (71 0.0491) (72 -0.0486) (33 -0.046) (50 -0.0282) (26 0.0275) (37 0.0273) (44 0.025) (15 -0.0231) (21 0.0226) (69 -0.0213) (20 0.0204) (18 0.0183) (122 -0.0181) (54 0.0172) (16 0.0152) (74 -0.0139) (95 0.0134) (28 0.0131) (11 -0.0131) (31 -0.0111) 
  0.00066039   (147 0.823) (52 0.339) (53 0.299) (47 0.2) (51 0.149) (57 0.102) (59 0.0897) (55 -0.0887) (39 -0.086) (45 0.0772) (40 -0.0545) (38 -0.0481) (42 -0.0439) (73 0.0421) (41 0.0358) (33 0.0334) (72 0.0222) (50 0.0208) (37 -0.0202) (26 -0.0201) (70 0.0178) (44 -0.0178) (71 -0.0173) (15 0.0168) (21 -0.0162) (20 -0.0148) (18 -0.0138) (122 0.0127) (16 -0.011) (54 -0.01) 
    0.000786   (37 0.903) (39 -0.197) (21 0.185) (18 0.166) (20 0.154) (38 -0.12) (23 0.112) (24 0.0843) (33 -0.0711) (40 -0.0623) (15 -0.0565) (19 -0.0397) (16 0.039) (36 -0.0353) (45 0.0337) (25 -0.0323) (43 -0.0316) (11 -0.0285) (42 0.0279) (14 -0.0279) (17 0.0268) (47 0.0233) (34 -0.0207) (41 0.0196) (59 -0.0186) (57 -0.0168) (54 0.0167) (22 0.0165) (31 -0.0154) (26 -0.0149) (51 0.0144) (46 0.0103) 
   0.0010609   (21 0.51) (20 0.4) (18 0.379) (23 0.378) (37 -0.329) (24 0.247) (26 -0.225) (33 0.142) (25 -0.102) (15 -0.0975) (19 -0.094) (17 0.0706) (16 0.0701) (28 -0.0674) (22 0.0563) (14 -0.045) (11 -0.0415) (31 0.0387) (145 0.0237) (36 0.0203) (32 -0.0192) (30 0.015) (13 0.0134) (34 0.0127) (27 -0.0107) (47 0.0105) 
   0.0011029   (145 0.997) (144 0.069) (21 -0.0131) (20 -0.0103) 
    0.001236   (46 -0.587) (47 0.445) (45 -0.442) (39 0.263) (16 0.208) (38 0.15) (43 0.149) (15 -0.141) (54 0.11) (49 -0.0965) (41 -0.0847) (59 -0.0832) (50 0.0776) (51 0.0722) (42 -0.0721) (33 -0.0634) (37 0.0633) (14 -0.0573) (48 0.0516) (53 -0.0491) (55 0.0457) (57 -0.045) (40 0.0433) (11 -0.0418) (52 0.0361) (26 0.0326) (76 -0.0291) (56 -0.0259) (70 -0.0249) (31 -0.0239) (83 -0.0233) (95 -0.0146) (13 0.0143) (32 0.0141) (17 -0.014) (80 -0.0138) (34 -0.0137) (28 0.0133) (36 -0.0133) (21 0.0124) 
   0.0013238   (16 0.796) (15 -0.44) (14 -0.179) (18 -0.156) (46 0.138) (45 0.116) (20 -0.107) (39 -0.102) (21 -0.0964) (17 -0.0943) (47 -0.0922) (33 0.0726) (13 0.0713) (26 -0.0703) (11 -0.0659) (38 -0.0593) (19 0.0444) (43 -0.0412) (37 -0.0339) (41 0.0327) (28 -0.0296) (40 -0.0289) (31 0.0207) (49 0.0205) (54 -0.0203) (24 0.0172) (42 0.0168) (23 0.0156) (50 -0.0155) (51 -0.0146) (59 0.0135) (48 -0.0131) (32 -0.0111) (55 -0.0103) 
   0.0014226   (146 -1) 
   0.0014585   (55 0.552) (54 -0.544) (33 -0.353) (56 0.328) (53 0.246) (34 -0.146) (59 -0.116) (57 -0.114) (49 0.0781) (52 0.0764) (26 0.0718) (51 -0.0669) (50 -0.0643) (31 -0.0635) (36 0.057) (18 0.0515) (37 -0.0451) (42 -0.0444) (48 0.042) (15 -0.0399) (32 0.0396) (47 -0.0394) (20 0.0368) (21 0.0355) (28 0.0348) (69 -0.0309) (45 -0.0261) (46 -0.0251) (43 0.0249) (16 0.0247) (35 -0.0243) (76 -0.0238) (70 -0.0228) (11 -0.022) (73 0.0201) (14 -0.0186) (71 0.0154) (139 0.0147) (68 0.0142) (38 -0.0138) (67 -0.0138) (29 -0.0114) (77 0.0114) (19 -0.0111) (96 0.0108) 
   0.0015979   (33 -0.735) (34 -0.325) (54 0.248) (55 -0.23) (39 -0.211) (37 -0.178) (36 0.15) (56 -0.141) (31 -0.128) (38 -0.128) (53 -0.116) (26 0.112) (32 0.0832) (40 -0.0792) (139 0.0778) (18 0.0618) (28 0.0609) (35 -0.0596) (21 0.0589) (47 0.0573) (20 0.0548) (15 -0.0521) (45 0.0511) (41 0.0509) (49 -0.0419) (51 0.0405) (50 0.0357) (59 0.0335) (43 -0.0316) (52 -0.0315) (57 0.0312) (16 0.0306) (11 -0.0278) (14 -0.0239) (29 -0.0214) (48 -0.0176) (42 0.0134) (24 -0.0131) (46 0.013) (19 -0.0128) (30 -0.012) (69 0.0115) (73 -0.0101) 
   0.0016572   (139 0.997) (33 0.0627) (34 0.0275) (39 0.0163) (37 0.0145) (36 -0.0125) (54 -0.0112) (31 0.011) (38 0.01) 
   0.0018032   (14 -0.787) (28 0.434) (13 -0.357) (15 0.156) (27 0.095) (30 0.092) (26 0.0906) (33 0.0786) (16 -0.0374) (31 0.0303) (17 0.0302) (135 0.0294) (39 -0.0262) (20 0.0247) (18 0.0225) (38 -0.0189) (37 -0.0179) (44 -0.0178) (24 -0.0168) (23 -0.0153) (32 -0.0142) (11 -0.014) (19 -0.0139) (29 -0.0107) (40 -0.0105) (21 0.01) 
   0.0020357   (28 0.751) (14 0.394) (135 0.313) (13 0.195) (30 0.176) (26 0.174) (27 0.164) (15 -0.137) (33 0.125) (20 0.0653) (18 0.0584) (21 0.0486) (31 0.0444) (16 0.0431) (39 -0.0402) (24 -0.0348) (38 -0.0289) (37 -0.026) (40 -0.0252) (29 -0.0225) (11 -0.0216) (32 -0.0194) (23 -0.0178) (17 0.0147) (45 0.0123) 
   0.0021243   (135 0.949) (28 -0.262) (14 -0.106) (30 -0.0611) (26 -0.0605) (27 -0.0572) (13 -0.0532) (33 -0.0438) (15 0.0404) (20 -0.0224) (18 -0.02) (21 -0.0164) (31 -0.0156) (39 0.014) (16 -0.0131) (24 0.012) (38 0.0101) 
   0.0022724   (30 -0.902) (28 0.188) (29 0.18) (51 -0.171) (52 0.15) (48 -0.109) (53 -0.101) (31 -0.0901) (49 0.0759) (72 -0.0696) (50 0.061) (45 0.0479) (33 0.0454) (34 0.038) (40 -0.0367) (54 0.0353) (55 0.0324) (70 0.032) (46 -0.0309) (56 0.0301) (39 -0.029) (35 0.0251) (27 0.0247) (24 -0.0242) (74 0.0242) (59 0.0217) (22 -0.0214) (44 -0.0208) (38 0.0187) (132 0.0183) (32 0.0178) (77 0.0176) (47 0.0174) (20 0.0174) (71 0.0166) (37 -0.0159) (15 -0.0157) (26 0.0156) (83 -0.0153) (23 0.0151) (18 0.0141) (131 -0.0128) (66 -0.0127) (43 0.0126) (61 0.0125) (81 0.011) 
   0.0023291   (72 -0.743) (70 0.332) (77 0.302) (132 0.215) (71 0.153) (51 0.144) (131 -0.141) (66 -0.124) (52 -0.116) (69 0.108) (53 0.106) (74 0.0956) (83 -0.0872) (67 0.0791) (38 0.0775) (55 -0.0751) (50 -0.072) (76 0.0695) (54 -0.0603) (48 0.0558) (57 -0.053) (49 -0.0517) (59 0.05) (79 0.0495) (96 -0.0459) (73 0.0448) (82 0.0446) (95 -0.0411) (89 -0.0402) (78 0.0383) (63 -0.0378) (81 0.0375) (84 0.0342) (62 -0.0307) (45 -0.0293) (91 -0.022) (128 0.0216) (75 -0.0184) (61 0.0183) (30 0.0178) (58 0.0169) (88 0.0155) (80 0.0153) (31 -0.0147) (98 -0.0143) (92 -0.0141) (117 -0.0138) (85 0.0137) (42 -0.0133) (68 0.0126) (101 -0.0123) (94 0.0122) (33 -0.012) (47 -0.0118) (21 0.011) (60 -0.0107) (119 -0.0105) (37 0.0101) 
   0.0023727   (132 0.421) (51 0.419) (52 -0.368) (48 0.291) (72 0.268) (53 0.265) (131 -0.25) (30 -0.245) (49 -0.173) (50 -0.148) (70 -0.13) (55 -0.111) (54 -0.0977) (56 -0.0895) (77 -0.0851) (59 -0.0838) (40 0.0794) (45 -0.0674) (28 0.0662) (71 -0.0651) (74 -0.0619) (44 0.0587) (29 0.0522) (47 -0.0515) (83 0.0508) (39 -0.048) (46 0.0459) (38 0.0256) (81 -0.0253) (66 0.0249) (76 -0.0232) (73 -0.0226) (69 -0.0213) (61 -0.0198) (128 0.0197) (41 -0.0194) (63 0.019) (89 0.0181) (79 -0.018) (95 0.0176) (68 0.0176) (96 0.0169) (18 0.0158) (43 -0.0155) (32 0.0152) (87 -0.014) (24 -0.0139) (78 -0.0136) (60 0.0132) (19 -0.0131) (75 0.013) (57 -0.0124) (65 0.0112) (33 0.0112) (13 0.0109) (102 0.0107) (67 -0.0106) (116 0.0104) (120 0.0103) 
   0.0024136   (132 0.728) (131 -0.403) (51 -0.287) (52 0.248) (53 -0.186) (48 -0.185) (30 0.163) (49 0.116) (50 0.108) (55 0.0877) (54 0.0753) (72 0.0746) (56 0.0486) (45 0.0476) (28 -0.0461) (40 -0.0453) (77 -0.0434) (38 -0.0401) (29 -0.0346) (47 0.0335) (59 0.0329) (44 -0.0326) (46 -0.0289) (70 -0.0278) (39 0.0274) (128 0.0252) (66 0.0243) (57 0.0238) (69 -0.0212) (67 -0.0184) (134 0.0155) (68 -0.0141) (84 -0.0125) (41 0.0122) (32 -0.0117) (82 -0.0109) (87 0.0107) (31 0.0104) 
   0.0025164   (18 0.577) (19 -0.505) (21 -0.477) (22 -0.225) (56 -0.142) (23 -0.137) (13 0.131) (55 0.126) (24 0.108) (26 -0.0995) (57 -0.094) (40 -0.0627) (59 0.0613) (25 0.0565) (14 -0.055) (20 -0.0519) (54 0.0514) (31 -0.0455) (33 0.0383) (16 0.032) (32 0.03) (12 -0.0271) (47 0.0224) (83 0.0222) (37 -0.0222) (27 0.02) (17 -0.0194) (72 -0.0173) (42 0.0168) (43 -0.0165) (49 -0.0158) (45 0.0154) (122 0.0146) (30 0.0146) (96 0.014) (68 0.0139) (46 0.0131) (95 0.0129) (126 0.0122) (39 -0.012) (38 0.0117) (44 -0.0114) (11 -0.0107) (41 0.0101) 
   0.0026212   (57 0.814) (59 -0.527) (40 0.0763) (72 -0.0758) (18 0.0753) (96 0.0614) (19 -0.0603) (83 0.0563) (21 -0.0518) (68 0.0485) (49 0.0477) (51 -0.0434) (47 -0.0396) (54 -0.0391) (67 0.0367) (70 0.0332) (133 0.0322) (53 -0.0308) (126 0.0304) (58 -0.0295) (69 0.0293) (77 0.0288) (13 0.027) (89 0.0264) (22 -0.025) (79 0.0235) (43 0.0233) (63 -0.0231) (78 -0.0225) (73 0.0209) (71 0.0207) (46 -0.0197) (91 0.0184) (95 0.0175) (98 0.0173) (52 -0.0171) (106 0.0171) (44 0.0171) (38 -0.017) (87 -0.0158) (48 0.0158) (97 -0.0157) (66 -0.0152) (61 0.0147) (80 0.0145) (94 -0.0142) (34 -0.0141) (76 -0.0136) (92 0.0129) (64 0.0128) (14 -0.0117) (24 0.0117) (23 -0.0114) (127 -0.0104) (122 -0.0102) 
   0.0027397   (133 0.834) (56 0.372) (55 -0.336) (54 -0.102) (48 -0.0747) (18 0.0682) (134 -0.0648) (40 -0.0644) (39 0.058) (19 -0.0547) (38 0.0479) (21 -0.0432) (72 0.0378) (57 -0.0377) (83 -0.0335) (47 -0.0306) (53 -0.0269) (68 -0.0237) (22 -0.0234) (44 -0.0223) (45 -0.021) (31 -0.0201) (23 -0.0195) (43 0.0192) (46 -0.0188) (76 -0.0176) (24 0.0168) (95 -0.0158) (41 -0.0156) (67 -0.0152) (52 -0.0147) (50 -0.0147) (70 -0.0145) (96 -0.0135) (33 -0.0132) (59 -0.0129) (32 0.0126) (73 -0.012) (89 -0.0103) 
    0.002809   (56 -0.567) (133 0.545) (55 0.512) (54 0.158) (48 0.112) (18 -0.108) (40 0.0922) (39 -0.0881) (19 0.0868) (38 -0.0714) (21 0.0688) (72 -0.054) (59 0.0517) (83 0.051) (47 0.0491) (126 0.0469) (134 -0.0463) (53 0.0429) (22 0.037) (68 0.0337) (44 0.0327) (45 0.0325) (43 -0.0308) (23 0.0302) (46 0.0299) (31 0.0298) (76 0.0277) (95 0.0272) (96 0.0268) (24 -0.0262) (41 0.0237) (52 0.0234) (50 0.0225) (122 0.0216) (67 0.0212) (33 0.0206) (70 0.0203) (32 -0.0186) (73 0.0175) (89 0.017) (49 -0.0169) (98 0.0158) (15 0.0151) (80 0.0144) (91 0.0143) (37 -0.0142) (16 -0.0134) (124 -0.013) (71 0.0128) (69 0.0119) (74 0.0113) (79 0.0106) (14 0.0102) 
    0.003416   (41 0.837) (68 0.322) (39 0.217) (40 0.187) (69 -0.152) (83 0.126) (45 0.113) (38 0.108) (42 0.0946) (70 0.0736) (57 -0.0721) (44 0.0654) (59 -0.0523) (67 0.0481) (85 -0.0449) (47 0.0447) (43 0.0405) (89 -0.0398) (55 -0.039) (37 0.0375) (48 0.0352) (130 0.0351) (95 -0.031) (53 -0.0287) (71 -0.0277) (96 -0.0272) (33 -0.0256) (52 0.0236) (73 -0.0173) (56 0.017) (51 0.0139) (22 -0.0138) (20 0.0124) (92 -0.0121) (26 0.0119) (30 -0.0118) (91 -0.0115) (31 -0.0113) (15 -0.0111) (28 0.011) (66 0.011) (50 0.011) (99 0.0108) (124 -0.0108) (18 0.0106) (21 0.0104) 
   0.0036392   (83 0.818) (130 0.327) (68 -0.27) (85 -0.171) (69 0.159) (89 -0.156) (95 -0.133) (96 -0.116) (91 -0.0813) (59 0.0663) (80 0.0575) (72 -0.0479) (92 -0.0447) (70 -0.0386) (90 0.035) (88 0.0343) (97 0.0323) (98 -0.0313) (113 0.03) (39 0.0296) (112 -0.0295) (106 0.029) (76 0.0288) (81 -0.0288) (73 0.0275) (101 -0.0241) (67 -0.0239) (41 -0.0237) (56 0.0222) (38 0.022) (86 0.021) (45 -0.0204) (40 -0.0201) (71 0.0201) (102 -0.0196) (110 -0.0191) (103 0.0191) (124 -0.0183) (105 0.018) (79 0.017) (54 -0.0167) (114 -0.0154) (94 0.0145) (117 0.014) (51 -0.0136) (57 0.0135) (120 -0.0135) (42 -0.0125) (33 -0.0123) (116 -0.0119) (111 0.0117) (82 -0.0117) (107 0.0113) (66 -0.0109) (37 0.0108) (77 0.0106) (123 0.0101) (74 0.0101) 
   0.0037433   (130 0.559) (68 -0.548) (83 -0.383) (41 0.272) (69 0.231) (70 -0.145) (40 0.118) (89 0.107) (67 -0.1) (85 0.0978) (48 0.0913) (96 0.0798) (95 0.0727) (39 0.0676) (71 0.0603) (44 0.0566) (57 0.0532) (59 0.0398) (91 0.0341) (73 0.0323) (92 0.0319) (106 -0.0302) (42 0.0271) (38 0.0262) (74 0.0257) (66 -0.0197) (45 0.0191) (18 0.0189) (37 0.0168) (87 -0.0167) (101 0.0162) (79 -0.0146) (33 -0.0141) (52 0.0141) (47 -0.0138) (94 -0.0137) (110 0.0135) (97 -0.0135) (127 -0.0125) (51 -0.0124) (131 0.0118) (55 0.011) (13 0.0109) (75 -0.0102) (86 -0.0102) 
   0.0038829   (130 0.761) (68 0.503) (69 -0.231) (41 -0.228) (70 0.119) (40 -0.086) (67 0.0814) (83 -0.0793) (39 -0.0733) (48 -0.0653) (59 -0.0562) (71 -0.0514) (44 -0.0423) (57 -0.0415) (73 -0.0349) (38 -0.0344) (80 -0.0237) (74 -0.0227) (72 0.0196) (37 -0.019) (42 -0.0188) (66 0.0187) (33 0.0172) (131 0.0167) (18 -0.0153) (76 -0.0146) (52 -0.0145) (51 0.0144) (89 -0.0123) (96 -0.0121) (47 0.0118) (106 0.0116) (77 -0.0105) (45 -0.0102) 
   0.0039055   (99 -0.404) (112 0.319) (98 -0.297) (108 0.286) (100 0.284) (106 0.276) (107 -0.262) (102 -0.234) (124 -0.215) (101 -0.199) (103 -0.187) (125 0.167) (95 0.133) (123 0.127) (113 0.119) (115 -0.114) (110 0.105) (111 -0.0944) (149 0.0937) (121 0.076) (92 -0.0715) (89 0.0598) (104 0.0573) (76 -0.0524) (97 0.0499) (48 0.0498) (142 0.049) (109 0.0424) (126 -0.042) (105 0.0404) (96 0.0329) (118 -0.0313) (116 -0.0291) (90 -0.0287) (80 0.026) (67 0.0226) (68 0.022) (81 -0.0211) (91 0.021) (78 0.0208) (87 0.0205) (119 -0.0204) (83 0.0201) (52 0.0195) (69 0.0193) (73 0.0187) (141 -0.0186) (120 -0.0182) (82 -0.0177) (117 0.0171) (88 0.017) (122 -0.0158) (51 -0.0158) (77 0.0136) (114 0.0123) (74 -0.0118) (44 0.0104) 
   0.0040417   (142 0.886) (149 -0.4) (141 -0.23) (124 -0.0173) (99 0.0129) (125 0.0127) (98 0.0105) (100 -0.0103) 
   0.0040841   (48 0.809) (52 0.26) (51 -0.213) (44 0.189) (53 -0.144) (49 0.144) (55 -0.128) (68 0.115) (40 0.107) (47 -0.101) (67 0.1) (76 -0.0998) (41 -0.0979) (56 0.0956) (50 0.0954) (57 -0.0823) (39 -0.0782) (69 0.0643) (38 -0.0596) (125 -0.052) (124 0.0513) (73 0.0474) (83 0.0426) (106 -0.0423) (72 -0.0418) (108 -0.0414) (80 0.038) (22 0.0331) (123 -0.0331) (121 -0.0318) (89 0.0301) (77 0.0297) (78 0.028) (112 -0.0274) (54 0.0266) (45 -0.0261) (74 -0.026) (81 -0.0254) (19 -0.025) (46 -0.0237) (100 -0.0232) (65 -0.0225) (75 0.0222) (102 0.0219) (13 0.0219) (126 0.0216) (18 0.0208) (42 -0.0204) (95 0.0177) (31 0.0176) (66 0.017) (20 -0.017) (111 0.0169) (21 -0.0169) (149 -0.0167) (85 0.0166) (82 -0.0151) (122 0.0149) (103 0.0148) (105 -0.0139) (60 -0.0134) (71 -0.0131) (43 0.0118) 
   0.0041563   (69 0.41) (81 -0.36) (67 0.332) (44 0.31) (82 -0.294) (79 0.249) (91 -0.213) (48 -0.211) (74 -0.206) (77 -0.156) (68 0.153) (70 -0.153) (78 0.147) (75 0.132) (71 -0.11) (111 0.0966) (72 -0.0962) (40 0.0875) (101 -0.0819) (85 0.0769) (92 -0.0691) (107 0.0659) (73 0.0652) (105 -0.0607) (65 -0.0606) (66 0.0546) (84 0.0523) (43 0.0507) (83 -0.0488) (98 0.0488) (87 0.0474) (99 0.038) (57 -0.0332) (156 -0.0323) (47 0.031) (54 -0.0304) (45 0.0301) (89 0.03) (76 -0.0288) (49 -0.0278) (38 -0.0268) (96 0.0267) (64 -0.0246) (125 0.0235) (60 -0.0233) (86 0.0232) (121 0.0221) (50 -0.0217) (41 -0.0204) (46 -0.0191) (39 -0.0191) (52 -0.0183) (116 -0.0179) (123 0.0168) (59 0.0163) (112 0.0158) (53 0.0151) (113 -0.0149) (56 0.0146) (100 -0.0142) (108 -0.0126) (80 0.0119) (88 0.0109) (124 -0.0106) (149 0.0103) 
   0.0042941   (156 -0.999) (44 -0.0337) (48 0.013) (149 0.0105) (40 -0.0103) 
   0.0045655   (44 0.819) (40 0.257) (48 -0.204) (69 -0.197) (67 -0.159) (81 0.136) (39 -0.13) (38 -0.112) (79 -0.102) (43 0.0977) (41 -0.0967) (82 0.0966) (70 0.0897) (74 0.0871) (77 0.0669) (111 -0.0588) (85 -0.0549) (68 -0.0549) (71 0.053) (75 -0.0508) (45 0.0498) (56 0.0497) (47 0.0482) (46 -0.0479) (83 0.0462) (107 -0.0461) (105 0.0412) (101 0.0384) (49 -0.0378) (80 -0.0365) (95 0.0356) (96 0.0336) (65 0.0322) (66 -0.0304) (31 0.029) (156 -0.0286) (91 0.0269) (57 -0.0251) (19 -0.0235) (55 -0.0227) (21 -0.0221) (14 -0.0205) (13 0.0201) (18 0.0196) (125 -0.0189) (73 -0.0183) (33 0.0172) (32 -0.017) (92 0.0169) (99 -0.0169) (84 -0.0166) (94 -0.0159) (59 0.0152) (121 -0.0148) (72 0.0145) (90 0.014) (64 0.0135) (37 -0.0134) (103 -0.0132) (20 -0.013) (78 -0.0125) (123 -0.0125) (124 0.0122) (15 0.0122) (89 -0.0118) (60 0.0112) (87 -0.0111) (22 0.0107) (116 0.0104) (106 -0.01) 
   0.0047726   (20 0.73) (21 -0.508) (136 -0.346) (19 0.262) (22 0.0979) (18 -0.0776) (8 -0.0481) (23 0.0245) (26 -0.0228) (28 -0.0189) (13 -0.0174) 
   0.0049078   (136 -0.938) (20 -0.27) (21 0.188) (19 -0.0967) (22 -0.0362) (18 0.0287) (8 0.0149) 
   0.0049777   (8 0.999) (20 0.0399) (21 -0.0259) (19 0.015) 
   0.0053017   (4 -1) 
   0.0053667   (23 -0.669) (24 -0.525) (25 -0.275) (21 0.27) (20 0.218) (18 0.162) (26 -0.143) (15 -0.0879) (27 -0.0823) (33 0.0676) (28 -0.0591) (11 -0.0465) (39 -0.0397) (22 -0.0356) (143 0.0317) (14 -0.0314) (16 0.0285) (32 -0.028) (38 -0.0224) (31 0.0214) (37 -0.0195) (45 0.0182) (17 0.0154) (76 0.013) (40 -0.012) 
   0.0057272   (143 0.999) (144 -0.03) (23 0.0213) (24 0.0167) 
   0.0058447   (10 -0.94) (27 0.318) (28 -0.0923) (26 0.0694) (33 0.0166) (29 0.0163) (23 -0.0157) (21 0.0149) (31 0.0137) (24 -0.0122) 
   0.0059731   (137 -0.964) (27 0.233) (10 0.0946) (28 -0.0674) (26 0.0504) (29 0.0128) (23 -0.0125) (21 0.0119) (33 0.0108) (24 -0.0106) 
   0.0062066   (27 -0.844) (10 -0.328) (137 -0.267) (28 0.245) (26 -0.183) (29 -0.0464) (23 0.0453) (21 -0.0431) (33 -0.0393) (24 0.0383) (18 -0.035) (31 -0.0316) (20 -0.0274) (15 0.0229) (39 0.0187) (30 0.0151) (11 0.015) (38 0.0148) (34 0.0143) (32 0.0135) 
   0.0063881   (13 -0.829) (14 0.332) (40 -0.278) (15 -0.204) (44 0.163) (38 0.137) (18 0.0808) (19 -0.0692) (48 0.0597) (12 0.0589) (39 0.0543) (16 0.0465) (21 -0.0446) (56 -0.042) (45 0.0402) (42 0.0386) (57 0.0369) (55 0.036) (83 -0.0254) (96 -0.0233) (20 -0.0217) (46 0.0211) (59 -0.0202) (89 -0.0188) (31 -0.0187) (72 0.0178) (95 -0.0153) (80 -0.014) (22 0.0139) (60 -0.0139) (65 0.0127) (73 -0.0126) (26 -0.0111) (41 0.0111) (68 -0.0105) (70 -0.0104) (47 -0.0102) (30 0.01) 
    0.006696   (140 0.997) (40 -0.0554) (13 0.03) (44 0.0256) (38 0.0249) (39 0.0139) (14 -0.0128) 
   0.0079765   (40 0.729) (44 -0.339) (38 -0.327) (13 -0.321) (39 -0.181) (14 0.139) (48 -0.105) (42 -0.0931) (45 -0.0916) (140 0.078) (56 0.076) (15 -0.074) (18 0.0733) (19 -0.0722) (31 0.0711) (55 -0.0637) (21 -0.0632) (57 -0.0596) (46 -0.0475) (83 0.0387) (59 0.0375) (32 -0.0364) (41 -0.0364) (96 0.0341) (72 -0.0311) (60 0.0287) (65 -0.0275) (20 -0.027) (78 -0.0246) (37 -0.0227) (95 0.0222) (16 0.021) (89 0.0202) (71 -0.02) (73 0.0196) (75 0.0151) (68 0.0146) (98 0.0142) (47 0.014) (81 -0.0137) (33 0.0137) (12 0.0134) (50 -0.013) (84 0.0127) (30 -0.0121) (80 0.0121) (79 -0.0119) (62 -0.0112) (70 0.011) (52 0.0103) 
   0.0083353   (12 0.951) (32 0.204) (31 -0.203) (33 0.06) (13 0.0541) (38 -0.0407) (30 0.0281) (40 0.0272) (63 0.0232) (138 0.02) (14 -0.0198) (26 -0.0159) (27 0.0146) (36 -0.0128) (23 -0.0111) (35 0.0111) (22 0.0106) 
   0.0090236   (138 0.973) (31 -0.149) (32 0.142) (12 -0.0877) (33 0.0412) (38 -0.029) (30 0.0178) (26 -0.0152) (40 0.012) (18 -0.0102) 

 Largest eigenvalues
      23.311   (163 0.976) 
      13.901   (76 0.755) (95 -0.341) 
      8.0784   (76 -0.4) (95 -0.661) (96 0.438) 
      3.3109   (95 0.446) (96 0.654) 
      1.2286   (124 0.468) (125 -0.542) 
      1.2198   (142 -0.367) (149 -0.901) 
      1.2142   (164 0.996) 
      1.1801   (165 0.995) 
      1.1462   (92 0.805) (102 0.369) 
      1.1139   (92 0.342) (102 -0.421) (109 -0.766) 
      1.1051   (102 -0.607) (109 0.491) (114 0.319) (116 0.344) 
     0.98618   (102 -0.361) (114 -0.348) (116 -0.6) (117 -0.304) 
     0.96854   (99 0.613) (100 0.677) 
     0.94699   (100 0.288) (103 -0.292) (104 0.335) (105 0.517) (107 0.495) 
     0.93429   (113 0.543) (114 0.478) 
      0.7392   (114 -0.476) (117 0.499) (120 -0.314) 
     0.67903   (108 0.417) (110 0.635) (112 -0.386) 
     0.66452   (107 -0.329) (108 -0.485) (112 -0.506) 
     0.65878   (115 0.559) (123 0.413) (125 -0.441) 
     0.60354   (115 -0.731) (123 0.305) 
     0.58669   (108 0.58) (110 -0.476) (112 -0.38) 
     0.58528   (106 0.744) (108 -0.332) 
     0.58428   (122 0.393) (126 -0.367) (127 -0.331) (128 -0.583) 
     0.54914   (126 0.813) (128 -0.397) 
     0.54017   (120 -0.322) (122 -0.72) (126 -0.374) 
      0.5397   (117 0.358) (118 -0.552) (120 0.59) 
     0.53216   (121 -0.536) (123 0.52) (127 0.474) 
     0.43376   (118 -0.373) (120 -0.365) (121 0.477) (127 0.296) (134 -0.315) 
     0.42648   (117 0.347) (118 0.628) (125 -0.289) (134 -0.336) 
     0.39517   (90 0.945) 
     0.39348   (121 -0.374) (124 -0.38) (127 -0.455) (134 -0.447) 
     0.32776   (96 0.214) (97 0.915) 
     0.32126   (104 -0.662) (107 0.444) 
     0.25999   (103 0.813) (104 0.207) (105 0.209) 
     0.25429   (101 -0.512) (113 0.307) (124 0.335) 
     0.23569   (80 -0.267) (85 0.671) (101 0.267) (103 -0.214) (124 0.236) 
     0.23029   (80 0.408) (85 -0.297) (101 0.585) 
     0.22079   (78 0.357) (80 -0.548) (85 -0.51) 
     0.16813   (101 -0.318) (111 0.646) 
     0.14468   (89 0.573) (91 0.443) (95 -0.295) (96 -0.315) 
     0.13517   (89 -0.45) (94 -0.51) (105 0.341) 
     0.12704   (88 -0.304) (91 -0.607) 
     0.12075   (87 0.417) (88 0.661) (89 0.31) (94 0.37) 
     0.11236   (86 -0.62) (89 -0.306) (91 0.367) (94 0.356) 
     0.10998   (67 0.322) (69 0.343) (81 0.291) (82 0.54) 
      0.1011   (65 0.199) (67 -0.346) (74 -0.22) (77 -0.224) (78 0.233) (79 0.246) (81 -0.233) (84 -0.222) (86 0.31) (94 0.261) (111 -0.198) 
    0.097107   (60 -0.378) (64 -0.233) (65 -0.385) (74 0.262) (86 0.256) 
    0.094559   (58 -0.562) (60 0.455) 
    0.092102   (58 0.634) (65 0.361) 
    0.089695   (58 -0.381) (60 -0.351) (74 -0.257) (94 -0.295) (105 -0.269) (119 -0.223) 
    0.086901   (60 0.55) (65 -0.296) 
     0.08215   (60 -0.374) (64 0.469) (65 0.379) 
    0.078663   (64 -0.691) (65 0.301) 
    0.073547   (61 -0.44) (62 -0.305) (64 0.309) (65 -0.404) (67 -0.334) 
    0.068105   (61 0.696) (62 0.213) (65 -0.229) 
    0.066031   (61 -0.321) (116 0.279) (117 -0.304) 
    0.063637   (66 -0.302) (71 0.301) (77 -0.36) 
    0.058166   (62 0.528) (66 0.34) 
    0.056002   (62 -0.54) (71 -0.346) (84 0.292) 
    0.055126   (62 0.338) (66 -0.605) (74 -0.299) 
    0.053067   (63 0.328) (66 0.287) (71 0.386) (81 -0.304) (98 -0.281) 
    0.052661   (63 -0.578) (74 0.287) 
    0.049893   (63 0.591) (66 -0.308) (71 -0.306) 
     0.04613   (74 -0.267) (81 0.302) (82 -0.273) (84 -0.392) (119 0.299) 
    0.041165   (31 -0.634) (32 -0.627) (38 0.3) 
    0.040659   (32 0.373) (38 0.673) (39 -0.491) 
      0.0394   (75 0.417) (84 0.272) (119 0.434) 
    0.038599   (50 0.627) (75 -0.333) 
    0.034448   (50 -0.516) (75 -0.533) 
    0.033579   (29 0.767) (36 0.457) 
    0.030518   (29 -0.558) (35 -0.508) (36 0.4) 
    0.029923   (35 0.54) (87 0.395) 
    0.029446   (35 -0.593) (36 -0.627) 
    0.026745   (36 0.368) (43 -0.277) (45 -0.412) (54 -0.252) (56 -0.247) (75 0.255) (87 0.245) 
     0.02592   (131 0.776) (132 0.434) 
    0.024347   (129 -0.578) (159 0.806) 
    0.021765   (129 -0.577) (159 -0.293) (162 -0.762) 
    0.020541   (129 -0.577) (159 -0.514) (162 0.635) 
    0.019845   (22 0.956) 
    0.017774   (141 -0.96) (142 -0.268) 
