 1 31.6228
 2 22.2745
 3 1.86367
 4 31.6228
 5 16.0811
 6 11.6019
 7 31.6192
 8 1.01279
 9 31.433
 10 29.5563
 11 0.986076
 12 27.9057
 13 31.6228
 14 31.582
 15 0.904391
 16 31.6228
 17 31.5398
 18 0.999524
 19 31.6228
 20 26.8493
 21 5.84231
 22 31.6228
 23 30.0642
 24 2.57681
 25 15.0801
 26 15.0044
 27 1.87063
 28 31.3412
 29 10.1407
 30 11.9652
 31 21.6131
 32 2.67144
 33 27.9151
 34 14.3377
 35 7.03413
 36 16.7099
 37 31.428
 38 31.5597
 39 1.38036
 40 24.3101
 41 31.0514
 42 1.29246
 43 21.6893
 44 28.7507
 45 1.85789
 46 31.5681
 47 13.7509
 48 19.6285
 49 30.3961
 50 13.5851
 51 14.4133
 52 9.03354
 53 30.6607
 54 16.3592
 55 9.33644
 56 11.6807
 57 29.3136
 58 8.96034
 59 9.21811
 60 9.97258
 61 4.39032
 62 1.31767
 63 21.3736
 64 16.1112
 65 0.970784
 66 21.1583
 67 30.0705
 68 3.04768
 69 31.6217
 70 31.6228
 71 28.1136
 72 5.03597
 73 31.6134
 74 1.35505
 75 31.5701
 76 31.3457
 77 1.38887
 78 29.6757
 79 31.6038
 80 2.19505
 81 30.7981
 82 31.4099
 83 16.2937
 84 1.38213
 85 10.1433
 86 1.39898
 87 31.391
 88 1.10219
 89 1.04667
 90 1.25351
 91 2.44423
 92 18.1636
 93 27.0212
 94 20.8286
 95 28.0636
 96 30.0759
 97 16.4204
 98 14.7531
 99 9.10341
 100 25.3887
 101 30.1712
 102 9.60666
 103 11.5878
 104 10.6537
 105 10.6509
 106 12.1918
 107 12.2693
 108 12.3492
 109 10.2
 110 8.23891
 111 12.6382
 112 14.0283
 113 13.3518
 114 12.5042
 115 12.4054
 116 10.638
 117 12.1692
 118 13.1485
 119 11.4181
 120 8.45853
 121 10.6514
 122 6.68737
 123 7.69188
 124 5.50118
 125 5.12344
 126 6.89668
 127 4.52117
 128 8.78337
 129 7.34857
 130 7.13671
 131 4.12341
 132 4.44666
 133 4.57009
 134 5.84334
 135 2.67686
 136 6.66927
 137 2.89314
 138 2.84029
 139 2.85192
 140 3.08222
 141 3.04568
 142 2.67541
 143 2.80395
 144 3.6971
 145 3.76352
 146 3.38419
 147 2.90849
 148 5.18242
 149 3.80142
 150 3.26924
 151 3.52473
 152 4.71015
 153 4.36075
 154 3.51706
 155 4.37279
 156 4.81667
 157 6.77871
 158 0.185154
 159 0.452848
 160 0.27129
 161 3.71342
 162 3.39493
 163 15.8508
 164 27.35
 165 0.574478
