 1 1000
 2 521.517
 3 21.364
 4 1000
 5 416.027
 6 291.069
 7 999.826
 8 3.31632
 9 992.047
 10 883.055
 11 2.39764
 12 791.57
 13 1000
 14 997.864
 15 0.825486
 16 1000
 17 996.994
 18 2.97022
 19 1000
 20 842.421
 21 155.012
 22 1000
 23 948.578
 24 50.8422
 25 239.526
 26 254.584
 27 15.9714
 28 985.594
 29 203.878
 30 244.944
 31 487.641
 32 51.8462
 33 841.732
 34 211.248
 35 142.182
 36 375.46
 37 989.064
 38 997.766
 39 3.59091
 40 604.046
 41 968.551
 42 1.74806
 43 496.44
 44 860.263
 45 16.2033
 46 997.95
 47 402.972
 48 599.009
 49 938.005
 50 197.244
 51 293.557
 52 173.004
 53 951.837
 54 274.696
 55 166.505
 56 220.301
 57 894.197
 58 90.8688
 59 148.072
 60 169.902
 61 21.9351
 62 1.75367
 63 469.38
 64 303.373
 65 1.71647
 66 489.419
 67 948.549
 68 53.546
 69 999.96
 70 1000
 71 882.782
 72 117.077
 73 999.574
 74 3.03779
 75 998.095
 76 983.468
 77 3.7231
 78 885.239
 79 999.173
 80 26.8737
 81 971.482
 82 989.984
 83 282.542
 84 2.66607
 85 107.626
 86 2.38755
 87 989.972
 88 1.71896
 89 1.64452
 90 1.921
 91 8.79749
 92 402.051
 93 819.568
 94 545.92
 95 845.894
 96 934.121
 97 313.132
 98 268.693
 99 126.024
 100 688.882
 101 930.857
 102 112.942
 103 149.588
 104 129.869
 105 127.758
 106 158.808
 107 162.802
 108 165.999
 109 121.353
 110 93.2922
 111 177.716
 112 206.454
 113 189.501
 114 170.638
 115 173.278
 116 138.042
 117 168.994
 118 190.831
 119 147.441
 120 83.6462
 121 121.499
 122 47.4475
 123 61.7021
 124 36.1825
 125 28.7885
 126 51.7777
 127 25.7169
 128 87.0045
 129 66.3961
 130 59.2935
 131 20.0854
 132 20.7083
 133 22.116
 134 35.2694
 135 8.56222
 136 45.4712
 137 9.62644
 138 8.99178
 139 9.07799
 140 10.4588
 141 10.9515
 142 8.50597
 143 9.11431
 144 14.7991
 145 15.0367
 146 12.483
 147 9.92537
 148 28.902
 149 15.7931
 150 11.8728
 151 13.8087
 152 23.2331
 153 20.0598
 154 13.2141
 155 19.8664
 156 24.0355
 157 46.8158
 158 0.210642
 159 0.31449
 160 0.373211
 161 21.2829
 162 14.071
 163 324.153
 164 808.713
 165 7.69114
