 1 55331
 2 649.917
 3 26.4244
 4 178135
 5 511.712
 6 357.96
 7 538843
 8 42.0825
 9 16610.8
 10 2438.75
 11 4.26658
 12 1725.97
 13 282896
 14 3750.52
 15 0.848113
 16 353781
 17 3668.24
 18 8.59564
 19 122957
 20 2183.36
 21 400.08
 22 162027
 23 3286.38
 24 173.574
 25 259.246
 26 318.484
 27 19.8435
 28 2727.66
 29 254.651
 30 304.369
 31 517.479
 32 66.63
 33 1086.57
 34 217.847
 35 158.932
 36 421.725
 37 1523.91
 38 2996.07
 39 7.54046
 40 975.225
 41 4303.06
 42 2.0395
 43 688.49
 44 1498.15
 45 27.3951
 46 7080.5
 47 1093.43
 48 1442.12
 49 1879.69
 50 199.524
 51 363.874
 52 213.63
 53 2894.12
 54 307.911
 55 226.392
 56 305.128
 57 1009.74
 58 92.0305
 59 157.679
 60 181.727
 61 22.1819
 62 1.75519
 63 491.66
 64 305.193
 65 1.72357
 66 495.512
 67 3567.41
 68 192.113
 69 136961
 70 175187
 71 2197.25
 72 288.289
 73 16976.3
 74 25.3169
 75 16079.6
 76 8235.52
 77 6.65685
 78 1956.84
 79 8454.97
 80 82.5233
 81 2754.24
 82 1577.78
 83 305.723
 84 2.76976
 85 137.937
 86 2.64364
 87 5225.45
 88 1.71915
 89 1.64453
 90 1.92123
 91 9.58484
 92 469.102
 93 1351.38
 94 886.597
 95 1650.19
 96 1957.94
 97 328.183
 98 279.69
 99 127.213
 100 804.037
 101 1457.76
 102 116.879
 103 152.146
 104 131
 105 128.517
 106 159.397
 107 163.528
 108 166.888
 109 122.241
 110 95.0695
 111 178.799
 112 207.351
 113 190.151
 114 171.026
 115 173.721
 116 138.783
 117 169.513
 118 191.105
 119 147.875
 120 84.5851
 121 122.074
 122 47.8456
 123 62.9812
 124 36.5296
 125 29.385
 126 52.143
 127 26.9651
 128 89.4576
 129 67.5507
 130 60.2251
 131 20.3847
 132 20.9414
 133 22.4374
 134 36.2347
 135 8.79096
 136 45.8337
 137 9.92519
 138 9.24261
 139 9.31815
 140 10.9545
 141 11.6659
 142 8.89386
 143 9.5131
 144 15.2194
 145 15.296
 146 12.7806
 147 10.4144
 148 30.067
 149 16.3827
 150 12.1399
 151 14.0989
 152 23.6825
 153 20.8987
 154 13.5719
 155 20.1711
 156 24.2286
 157 47.042
 158 0.252724
 159 0.326417
 160 0.421527
 161 25.8833
 162 14.8229
 163 1118.85
 164 2412.58
 165 12.3614
