 Smallest eigenvalues
  1.8075e-06   (9 1) 
  2.8266e-06   (48 -0.642) (49 0.474) (42 -0.255) (47 0.242) (52 -0.205) (154 -0.194) (51 0.183) (53 0.168) (46 0.133) (78 0.114) (44 -0.101) (14 0.0979) (54 0.0843) (13 -0.0806) (55 -0.0763) (33 -0.0708) (61 -0.0503) (77 -0.0464) (56 0.0457) (24 0.0439) (38 0.0425) (40 0.0325) (25 -0.0323) (45 -0.0323) (36 0.0312) (59 -0.0284) (17 -0.026) (50 -0.0235) (73 -0.0235) (60 -0.0227) (71 -0.0218) (68 0.0203) (29 0.0201) (37 -0.0177) (62 -0.0154) (57 0.0135) (27 -0.0133) (84 0.013) (72 0.0126) (21 -0.0126) (28 0.0125) (79 -0.0125) (35 -0.0118) (70 0.0116) (26 0.0115) (39 0.0111) (34 0.0107) (81 -0.0106) (88 0.0104) 
  3.5349e-06   (154 -0.981) (48 0.127) (49 -0.0936) (42 0.0505) (47 -0.0478) (52 0.0404) (51 -0.036) (53 -0.0331) (46 -0.0263) (78 -0.022) (44 0.02) (14 -0.0194) (54 -0.0166) (13 0.016) (55 0.015) (33 0.014) 
  5.6137e-06   (4 1) 
  5.7082e-06   (148 0.641) (44 0.521) (42 -0.412) (46 -0.214) (45 -0.171) (43 -0.137) (48 0.119) (14 0.0819) (33 -0.0751) (13 -0.0676) (78 0.0616) (24 0.0464) (77 -0.0401) (47 0.0389) (40 0.0387) (36 0.0387) (51 -0.038) (38 0.0375) (25 -0.0306) (26 0.0289) (37 -0.0282) (53 -0.0233) (17 -0.0227) (56 0.0224) (55 -0.0215) (52 -0.018) (61 -0.017) (16 0.0155) (34 0.0149) (50 0.0148) (71 -0.0139) (73 -0.0129) (60 -0.0107) 
  6.1718e-06   (148 0.767) (44 -0.435) (42 0.344) (46 0.179) (45 0.143) (43 0.115) (48 -0.0992) (14 -0.0685) (33 0.0627) (13 0.0565) (78 -0.0514) (24 -0.0388) (77 0.0335) (47 -0.0325) (40 -0.0324) (36 -0.0324) (51 0.0317) (38 -0.0313) (25 0.0256) (26 -0.0241) (37 0.0236) (53 0.0194) (17 0.019) (56 -0.0187) (55 0.0179) (52 0.015) (61 0.0142) (16 -0.013) (34 -0.0125) (50 -0.0124) (71 0.0116) (73 0.0107) 
  7.2978e-06   (1 -0.987) (28 0.124) (33 0.0512) (26 0.0394) (24 0.0358) (30 -0.0324) (29 -0.0294) (25 -0.0263) (27 -0.0251) (31 -0.0222) (14 0.0174) (36 -0.0159) (42 0.0135) (34 -0.0119) (13 -0.0118) 
  8.1329e-06   (156 0.999) (28 0.0367) (33 0.0149) (26 0.0118) (24 0.0115) 
  1.8073e-05   (28 -0.739) (33 -0.302) (26 -0.239) (24 -0.231) (30 0.194) (29 0.178) (14 -0.164) (25 0.161) (1 -0.161) (27 0.147) (13 0.141) (31 0.137) (36 0.0887) (42 -0.0746) (34 0.0737) (37 -0.0575) (16 -0.0497) (156 0.0495) (17 0.0448) (32 0.0448) (78 -0.0433) (21 0.0431) (20 -0.0413) (48 -0.0327) (35 -0.0324) (77 0.0285) (39 0.0269) (22 -0.0197) (38 0.0195) (55 0.0154) (15 -0.0151) (19 -0.015) (43 0.0142) (79 0.0137) (50 -0.0117) (46 -0.0117) (56 -0.0116) (40 0.0115) (53 0.0113) (61 0.0112) (73 0.0108) (12 -0.0104) 
  3.4957e-05   (19 -0.642) (20 -0.448) (46 -0.347) (44 -0.307) (42 -0.27) (45 0.166) (43 0.13) (47 -0.0941) (22 -0.0916) (28 0.0746) (48 0.0712) (16 0.0671) (17 -0.0645) (31 0.0601) (78 0.0512) (14 0.0373) (37 0.0343) (29 0.0318) (39 0.0279) (33 -0.0277) (50 0.0263) (74 -0.025) (38 0.0245) (21 -0.024) (13 -0.0231) (53 -0.0226) (77 -0.0197) (72 0.0191) (68 0.0166) (23 0.0161) (63 0.0159) (61 -0.0156) (67 -0.0155) (52 -0.0149) (40 0.014) (35 -0.0139) (56 0.0128) (55 -0.0125) (79 0.0121) (34 0.0112) (32 -0.0102) 
  0.00010675   (158 -0.999) (19 0.0211) (46 -0.0188) (44 -0.0174) (20 0.0154) (42 -0.0145) 
  0.00010855   (19 -0.471) (46 0.435) (44 0.403) (20 -0.343) (42 0.336) (45 -0.229) (43 -0.224) (47 0.136) (48 -0.127) (22 -0.0807) (14 -0.0748) (33 0.0724) (78 -0.072) (24 -0.072) (13 0.0671) (77 0.0478) (36 -0.0467) (26 -0.0456) (158 -0.0437) (25 0.0405) (28 0.0375) (32 -0.0343) (55 0.0327) (40 -0.0327) (38 -0.0323) (61 0.0302) (37 0.0301) (56 -0.0291) (50 -0.0258) (41 -0.0255) (49 -0.0248) (16 0.0246) (34 -0.0246) (17 -0.0227) (29 0.0218) (74 0.0212) (72 -0.0182) (68 -0.0171) (53 0.0154) (67 0.0149) (35 -0.0145) (81 0.0133) (71 0.013) (76 -0.0129) (39 0.0126) (66 -0.0125) (63 -0.0123) (57 0.0122) (70 -0.0107) (62 0.0102) (59 0.01) 
  0.00012267   (3 -1) 
  0.00013281   (22 0.616) (24 -0.418) (14 0.305) (20 -0.274) (25 0.252) (13 -0.235) (17 -0.218) (21 -0.177) (23 -0.154) (19 0.136) (33 0.106) (29 -0.0878) (26 -0.0591) (42 0.0555) (32 0.0473) (38 -0.0422) (36 -0.0392) (46 -0.0322) (30 0.0276) (40 -0.0207) (43 0.0207) (11 0.0203) (37 0.0201) (12 0.0176) (27 0.0162) (16 -0.0161) (78 0.0158) (44 0.015) (57 0.0133) (51 -0.0125) (18 -0.0124) (15 0.0123) (77 -0.0107) 
  0.00018893   (159 1) 
   0.0002166   (2 -1) 
  0.00024316   (21 0.84) (22 -0.253) (14 0.248) (17 -0.226) (24 -0.202) (13 -0.191) (25 0.128) (33 0.0738) (23 0.0614) (19 0.0511) (16 0.0496) (157 0.0458) (26 -0.0411) (29 -0.036) (42 0.0319) (30 0.0292) (36 -0.0251) (38 -0.0183) (11 0.0168) (15 0.0159) (40 -0.014) (37 0.0139) (78 0.0138) (46 -0.0137) (12 0.0135) (48 0.0117) (77 -0.0107) (28 0.0104) 
  0.00027086   (157 0.999) (21 -0.0385) (22 0.0116) (14 -0.0114) (17 0.0104) 
  0.00028727   (8 1) 
  0.00030403   (26 -0.696) (150 -0.393) (27 0.385) (25 -0.248) (24 0.238) (33 0.151) (14 0.133) (13 -0.108) (31 0.0765) (17 -0.0666) (32 -0.0664) (36 -0.0554) (30 0.0537) (28 0.0522) (16 0.0499) (20 0.0471) (37 0.0457) (51 0.0422) (22 0.0417) (35 0.0373) (47 -0.0315) (21 -0.0305) (42 0.0283) (48 0.0281) (34 -0.0252) (78 0.0208) (15 0.0172) (19 -0.0167) (53 0.0165) (52 -0.0155) (75 -0.0127) (40 -0.0113) (44 0.0111) (23 0.0108) (38 -0.01) 
   0.0003103   (150 -0.92) (26 0.298) (27 -0.165) (25 0.106) (24 -0.102) (33 -0.0644) (14 -0.0569) (13 0.0463) (31 -0.0327) (17 0.0285) (32 0.0284) (36 0.0237) (30 -0.0229) (28 -0.0223) (16 -0.0213) (20 -0.0201) (37 -0.0195) (51 -0.018) (22 -0.0178) (35 -0.0159) (47 0.0134) (21 0.013) (42 -0.0121) (48 -0.012) (34 0.0108) 
   0.0003244   (6 -1) 
  0.00032961   (22 -0.572) (21 -0.437) (20 0.321) (24 -0.309) (25 0.269) (153 -0.223) (14 0.213) (17 -0.175) (13 -0.16) (23 -0.152) (33 0.0888) (16 0.0832) (19 -0.0813) (32 -0.06) (26 -0.0484) (31 0.0333) (15 0.033) (27 0.0289) (30 0.0276) (36 -0.0271) (37 0.0221) (78 0.0217) (48 0.0206) (39 0.0198) (28 0.0187) (42 0.0185) (35 0.018) (73 -0.0145) (51 0.0144) (34 -0.014) (12 0.0116) (77 -0.0113) (56 0.01) 
  0.00035499   (153 -0.975) (22 0.131) (21 0.1) (20 -0.0735) (24 0.0708) (25 -0.0616) (14 -0.0488) (17 0.0402) (13 0.0366) (23 0.0348) (33 -0.0203) (16 -0.0191) (19 0.0186) (32 0.0137) (26 0.0111) 
  0.00036484   (73 -0.664) (57 -0.451) (61 0.235) (70 0.224) (65 0.187) (71 -0.157) (78 -0.142) (59 0.136) (74 -0.133) (62 0.128) (52 0.12) (42 -0.104) (51 0.0989) (60 0.0969) (46 0.0954) (77 0.0952) (43 -0.0842) (66 -0.0812) (55 -0.0775) (56 0.0705) (32 -0.0607) (44 -0.0571) (79 0.0426) (69 -0.0424) (72 0.0416) (38 0.0402) (20 -0.0394) (16 -0.0382) (54 -0.0341) (50 0.0315) (48 0.0297) (19 0.029) (41 0.0257) (89 -0.0241) (47 -0.0235) (122 0.0233) (58 0.0225) (40 0.0222) (29 0.0216) (84 0.0214) (68 -0.0214) (100 0.0211) (37 -0.0185) (28 0.0175) (31 0.0174) (104 0.0166) (115 0.0166) (63 -0.0159) (114 0.0151) (88 0.015) (14 0.0146) (45 -0.0145) (13 -0.0143) (126 0.0142) (25 0.0129) (124 0.0111) (152 -0.0108) (120 0.0106) 
  0.00041957   (73 0.649) (57 -0.402) (65 0.244) (152 -0.231) (61 0.222) (59 0.185) (70 0.162) (42 -0.142) (46 0.134) (62 0.127) (66 -0.108) (43 -0.103) (52 0.102) (68 -0.101) (74 0.0971) (51 0.094) (71 0.0844) (49 -0.0796) (44 -0.0778) (56 0.0756) (32 -0.0649) (47 -0.0634) (14 0.0605) (60 0.0558) (69 0.0542) (38 0.0539) (54 -0.0527) (13 -0.0516) (53 -0.05) (72 -0.0469) (39 0.0447) (33 -0.0392) (16 -0.0384) (19 0.035) (55 -0.0346) (29 0.0339) (48 -0.0337) (41 0.0331) (20 -0.0307) (120 0.0303) (79 -0.0287) (78 0.0267) (45 -0.0267) (40 0.0255) (37 -0.0248) (28 0.0246) (58 0.0235) (84 0.0211) (122 -0.0196) (63 -0.0184) (77 -0.0183) (115 0.0183) (89 -0.0179) (121 -0.0174) (31 0.0174) (125 -0.0159) (127 0.0158) (50 0.0158) (21 -0.0144) (114 0.0137) (36 0.0137) (136 0.0126) (126 -0.0123) (100 0.0121) (118 0.0118) (67 0.0116) (17 -0.0113) (130 0.0112) (104 0.0101) 
  0.00044832   (152 -0.973) (73 -0.146) (57 0.101) (65 -0.0597) (61 -0.0553) (59 -0.0454) (70 -0.0406) (42 0.0354) (46 -0.0332) (62 -0.0316) (66 0.0265) (52 -0.0259) (43 0.0259) (68 0.0242) (51 -0.0237) (74 -0.0216) (44 0.0194) (49 0.019) (56 -0.0189) (71 -0.0183) (32 0.0164) (47 0.0155) (14 -0.0147) (60 -0.0143) (38 -0.0135) (54 0.013) (13 0.0126) (69 -0.0124) (53 0.012) (39 -0.0107) (72 0.0107) 
  0.00047572   (25 0.772) (24 0.606) (54 0.0689) (55 0.0671) (52 0.0635) (53 -0.0494) (23 -0.0478) (22 0.0454) (26 -0.045) (51 0.0431) (56 -0.0404) (13 -0.0364) (57 0.0346) (20 -0.0338) (14 0.0329) (46 0.0315) (49 -0.0283) (21 0.0236) (29 0.0234) (39 0.0207) (16 0.0207) (27 0.0193) (43 -0.0193) (47 -0.0187) (44 -0.016) (48 -0.0152) (42 -0.0152) (78 0.0145) (32 -0.0137) (17 -0.0136) 
  0.00048461   (147 0.739) (52 0.291) (55 0.288) (54 0.282) (51 0.201) (53 -0.186) (56 -0.185) (57 0.127) (42 -0.121) (46 0.108) (25 -0.0936) (49 -0.0863) (43 -0.0847) (44 -0.0669) (24 -0.0565) (47 -0.0561) (48 -0.0555) (14 0.0449) (61 -0.0425) (73 -0.0368) (33 -0.0364) (13 -0.0362) (32 -0.0362) (38 0.033) (78 0.0255) (60 -0.0247) (62 -0.0219) (45 -0.0216) (40 0.0207) (16 -0.0192) (41 0.0192) (37 -0.0189) (39 0.0179) (19 0.0171) (77 -0.0165) (28 0.0163) (36 0.0151) (71 -0.0148) (29 0.0136) (59 -0.0132) (50 -0.0131) (26 0.0127) (23 0.0127) (65 -0.0105) (20 -0.0102) 
  0.00049399   (147 0.673) (52 -0.32) (55 -0.316) (54 -0.31) (51 -0.221) (53 0.205) (56 0.203) (57 -0.14) (42 0.133) (46 -0.119) (25 0.0988) (49 0.0949) (43 0.0932) (44 0.0735) (47 0.0618) (48 0.0611) (24 0.059) (14 -0.0495) (61 0.0468) (73 0.0404) (33 0.04) (13 0.0399) (32 0.0398) (38 -0.0363) (78 -0.0279) (60 0.0271) (62 0.0241) (45 0.0237) (40 -0.0228) (41 -0.0212) (16 0.021) (37 0.0207) (39 -0.0197) (19 -0.0188) (77 0.0181) (28 -0.0179) (36 -0.0167) (71 0.0162) (29 -0.015) (59 0.0145) (50 0.0144) (26 -0.0138) (23 -0.0137) (65 0.0115) (20 0.0113) (69 0.0103) (31 -0.0102) 
  0.00051381   (54 -0.661) (53 0.367) (39 -0.362) (55 0.319) (52 0.289) (57 0.168) (42 -0.146) (51 0.126) (40 0.118) (43 -0.078) (46 0.0668) (44 -0.0539) (49 -0.0537) (56 0.0469) (33 0.0414) (78 0.04) (48 -0.039) (61 -0.0334) (38 -0.0323) (60 -0.0292) (36 -0.0264) (70 0.0262) (77 -0.0253) (47 -0.023) (45 -0.0206) (71 -0.0197) (151 -0.0172) (25 0.0165) (20 -0.0165) (37 0.0161) (62 -0.0148) (73 -0.0147) (41 0.0118) (69 -0.0115) 
  0.00052826   (151 -0.972) (39 0.2) (54 -0.0594) (40 -0.0534) (33 -0.0372) (38 0.0318) (53 0.03) (52 0.0259) (55 0.0234) (42 0.0232) (37 -0.0224) (14 0.0189) (36 0.0181) (32 -0.0171) (57 0.016) (13 -0.015) (51 0.014) (48 0.0124) (25 -0.0117) (49 0.011) (78 0.01) 
  0.00058643   (39 -0.806) (54 0.295) (151 -0.234) (40 0.213) (53 -0.152) (33 0.151) (38 -0.13) (52 -0.129) (55 -0.121) (37 0.0919) (42 -0.0855) (57 -0.0787) (14 -0.078) (36 -0.0734) (32 0.0711) (51 -0.0675) (13 0.0623) (48 -0.049) (25 0.0475) (78 -0.0448) (49 -0.0421) (24 -0.0384) (73 0.0382) (28 -0.0382) (56 -0.0294) (77 0.0281) (23 -0.0275) (31 -0.0273) (26 -0.0265) (34 -0.0244) (61 0.024) (19 -0.0239) (35 0.0238) (47 -0.0218) (71 0.0185) (60 0.0171) (16 0.015) (50 -0.0141) (44 -0.0139) (27 0.0126) (69 0.0125) (17 0.0122) (65 0.0122) (22 -0.0121) (62 0.0115) (20 0.0115) (29 -0.0113) (68 -0.0109) (43 -0.0107) (79 0.0103) 
  0.00059897   (70 -0.882) (71 0.281) (57 -0.255) (49 0.112) (52 0.106) (51 0.103) (48 0.0799) (68 0.069) (61 0.0669) (73 -0.0664) (42 -0.0424) (59 0.0404) (43 -0.0366) (60 0.0349) (62 0.0339) (32 -0.0327) (54 -0.0315) (46 0.0311) (149 0.0304) (50 0.0304) (84 0.0295) (20 -0.0269) (74 -0.0238) (75 -0.0233) (47 0.0227) (16 -0.0214) (38 0.0213) (44 -0.0202) (125 -0.0197) (56 0.0188) (89 -0.0172) (40 0.0171) (88 0.0167) (39 -0.0159) (100 0.0155) (120 0.0155) (19 0.0152) (127 0.0147) (65 0.0136) (76 0.0136) (104 0.013) (41 0.0125) (97 -0.0125) (79 -0.0122) (37 -0.0122) (122 0.0118) (114 0.0115) (28 0.0111) (123 -0.011) (126 0.0102) 
  0.00061483   (149 0.853) (49 -0.364) (48 -0.197) (51 -0.146) (47 -0.114) (52 -0.109) (42 -0.103) (46 0.0833) (55 -0.0797) (43 -0.0595) (70 -0.058) (44 -0.0565) (53 0.0538) (73 -0.0517) (50 -0.051) (39 0.0462) (14 0.0336) (45 -0.0308) (78 0.0282) (13 -0.027) (33 -0.0258) (32 -0.0251) (38 0.0232) (59 -0.022) (57 0.0203) (65 -0.0196) (68 0.0183) (61 -0.0178) (77 -0.017) (54 -0.0148) (28 0.0146) (37 -0.0142) (19 0.014) (41 0.0139) (16 -0.0122) (29 0.0122) (69 -0.0116) (25 -0.0116) (23 0.0114) (62 -0.0114) (79 -0.011) (66 0.0101) 
  0.00062428   (49 0.589) (149 0.521) (48 0.317) (51 0.234) (47 0.185) (52 0.173) (42 0.172) (70 0.147) (46 -0.139) (55 0.131) (43 0.1) (44 0.094) (73 0.0889) (53 -0.0877) (50 0.0817) (39 -0.0747) (14 -0.0554) (45 0.0508) (78 -0.0469) (13 0.0447) (32 0.0434) (33 0.0425) (38 -0.0394) (68 -0.0341) (59 0.0337) (65 0.0315) (77 0.0276) (54 0.0263) (61 0.0252) (28 -0.0247) (37 0.0241) (19 -0.0239) (41 -0.0236) (16 0.0214) (29 -0.0206) (69 0.019) (79 0.0188) (23 -0.0185) (25 0.0184) (57 -0.0176) (66 -0.0171) (62 0.0166) (36 -0.0151) (71 -0.0148) (56 0.0144) (31 -0.0139) (40 -0.0123) (120 -0.0113) (72 -0.0107) (21 0.0106) (24 -0.0105) 
  0.00068912   (38 0.856) (39 -0.221) (20 -0.212) (23 0.187) (40 -0.162) (19 0.159) (42 0.128) (22 -0.114) (16 -0.0991) (43 0.0824) (37 -0.0818) (32 -0.0816) (21 -0.0693) (46 -0.0689) (41 -0.0654) (44 0.0478) (14 0.0421) (36 -0.0403) (13 -0.0379) (57 0.0324) (52 -0.0304) (51 -0.0275) (31 0.0265) (33 0.0259) (55 0.0177) (25 0.0176) (48 -0.0144) (47 0.0134) (56 -0.0132) (29 0.0122) (15 -0.0107) (78 -0.0101) 
   0.0008046   (23 0.546) (20 -0.451) (19 0.34) (38 -0.337) (22 -0.306) (32 0.21) (21 -0.204) (16 -0.142) (14 0.118) (29 -0.106) (28 -0.101) (13 -0.0984) (24 0.0825) (31 -0.062) (37 0.0553) (143 0.0426) (40 0.0409) (39 0.0399) (33 0.0338) (17 -0.0325) (25 -0.0264) (42 0.0203) (26 0.0187) (30 0.0185) (18 -0.0176) (15 -0.0123) (11 0.0123) (27 0.0122) (48 0.0115) (49 0.0109) 
  0.00084281   (143 0.999) (23 -0.0242) (20 0.0203) (19 -0.0153) (22 0.0136) (141 0.0114) (38 0.0101) 
  0.00089871   (46 0.394) (48 0.368) (49 0.348) (51 -0.322) (52 -0.282) (16 -0.278) (47 -0.27) (43 -0.266) (42 -0.233) (44 -0.192) (57 0.14) (55 0.103) (56 -0.0913) (17 0.0889) (41 0.0879) (32 -0.0845) (50 0.0674) (14 0.0672) (53 0.0567) (13 -0.0557) (38 0.0524) (78 -0.0432) (45 -0.0379) (77 0.0293) (24 -0.0284) (40 0.027) (25 0.027) (39 0.0264) (31 0.0257) (29 0.0253) (36 -0.0226) (61 -0.0212) (19 -0.02) (37 -0.0195) (54 0.0191) (28 0.0175) (33 0.0169) (60 -0.0148) (26 -0.0145) (84 0.0125) (70 0.0122) (21 0.0118) (15 -0.0109) (20 -0.0104) 
   0.0011268   (16 -0.796) (17 0.304) (19 -0.248) (14 0.212) (20 0.182) (13 -0.166) (46 -0.132) (32 0.108) (42 0.106) (43 0.0966) (48 -0.0951) (49 -0.087) (47 0.0802) (51 0.0754) (44 0.0682) (52 0.0663) (29 -0.0594) (21 0.0412) (38 -0.04) (28 -0.0383) (41 -0.0356) (23 -0.0309) (31 -0.0303) (57 -0.0275) (39 -0.027) (33 0.0247) (55 -0.0246) (15 -0.0236) (37 0.0222) (56 0.0207) (11 0.0201) (18 0.0197) (50 -0.0196) (22 0.018) (24 0.016) (45 0.016) (40 -0.0148) (78 0.0122) (30 0.0107) 
   0.0012618   (146 -1) (136 0.0115) 
   0.0014094   (55 -0.684) (56 -0.383) (32 -0.312) (57 0.243) (52 0.242) (36 0.167) (51 0.166) (33 -0.149) (54 -0.136) (29 0.0808) (28 0.0778) (39 -0.0762) (31 0.0738) (37 0.0718) (48 0.0702) (20 -0.0649) (16 -0.0648) (34 -0.0597) (19 0.0584) (50 0.0569) (38 -0.0523) (46 0.0513) (35 -0.0511) (49 0.0431) (78 -0.0423) (43 -0.0351) (14 0.0288) (61 -0.0259) (53 -0.0252) (13 -0.0247) (77 0.0246) (44 -0.0223) (60 -0.0218) (72 0.02) (73 0.0188) (71 0.0182) (24 -0.0172) (139 0.0151) (68 -0.0151) (79 0.0141) (30 -0.0134) (70 0.0122) (23 0.0119) (25 0.0118) (26 -0.0118) (62 -0.0117) (65 0.0115) (69 0.0109) (15 -0.0106) 
   0.0015015   (32 -0.553) (36 0.382) (33 -0.337) (55 0.32) (37 0.181) (38 -0.17) (42 0.167) (56 0.164) (39 -0.151) (52 -0.148) (29 0.135) (28 0.134) (31 0.123) (139 0.123) (34 -0.12) (51 -0.113) (35 -0.111) (43 0.0996) (46 -0.0898) (57 -0.0848) (19 0.0742) (14 0.07) (54 0.0654) (20 -0.064) (16 -0.0638) (13 -0.0601) (41 -0.0565) (44 0.0559) (40 -0.0355) (30 -0.0274) (23 0.0271) (50 -0.0245) (78 0.0216) (48 -0.0215) (47 0.0194) (53 0.0189) (73 -0.0171) (27 -0.0155) (45 0.0136) (77 -0.0129) (71 -0.0104) 
   0.0015357   (139 0.992) (32 0.0735) (36 -0.0498) (33 0.0441) (55 -0.0291) (136 0.0281) (37 -0.0235) (38 0.0217) (42 -0.0203) (39 0.0198) (29 -0.018) (28 -0.0179) (31 -0.0165) (34 0.0158) (35 0.0146) (56 -0.0146) (52 0.0144) (43 -0.0116) (51 0.0113) (19 -0.0102) (46 0.0101) 
   0.0015667   (13 -0.748) (14 -0.55) (36 -0.29) (33 -0.189) (29 0.0674) (35 0.0628) (15 -0.036) (134 -0.0359) (37 0.0321) (38 -0.029) (32 -0.0287) (42 0.0268) (30 -0.0222) (28 0.0219) (34 0.017) (39 -0.0142) (12 0.0139) (72 -0.0137) (11 0.0115) (45 0.0114) (17 -0.0107) (40 -0.0103) 
   0.0017973   (134 -0.773) (36 -0.453) (33 -0.304) (14 0.208) (13 0.164) (35 0.0967) (29 0.0953) (32 -0.0519) (37 0.0446) (38 -0.0431) (42 0.0406) (28 0.038) (30 -0.0314) (39 -0.0302) (34 0.0289) (24 0.0223) (40 -0.0167) (19 0.0166) (25 -0.0162) (17 -0.0147) (45 0.0138) (15 0.013) (53 0.0127) (26 0.0117) (44 0.0109) (18 -0.0103) (46 -0.01) 
    0.001858   (134 -0.633) (36 0.57) (33 0.382) (14 -0.222) (13 -0.158) (35 -0.122) (29 -0.12) (32 0.0651) (37 -0.0563) (38 0.0543) (42 -0.051) (28 -0.0477) (30 0.0396) (39 0.0377) (34 -0.0363) (24 -0.0269) (40 0.0209) (19 -0.0204) (25 0.0202) (17 0.0186) (45 -0.0175) (53 -0.0157) (26 -0.0144) (15 -0.0139) (44 -0.0138) (18 0.0129) (46 0.0126) (51 0.0123) (48 -0.0117) (54 -0.011) (78 -0.0102) 
   0.0019937   (29 0.794) (30 -0.306) (32 0.283) (53 0.219) (28 0.159) (31 -0.147) (36 0.14) (54 0.125) (52 0.105) (24 -0.0719) (51 -0.0714) (33 0.0702) (50 -0.0689) (27 0.065) (26 -0.062) (71 -0.0561) (69 -0.0532) (19 0.0497) (68 0.0442) (16 -0.0422) (46 -0.0381) (48 0.0353) (25 0.0332) (20 -0.0289) (34 0.0283) (40 -0.026) (72 0.0243) (73 0.0239) (37 -0.0238) (74 0.0199) (62 0.0184) (42 0.0184) (61 0.018) (55 -0.0165) (45 0.0164) (78 -0.0161) (47 0.0158) (56 -0.0157) (57 -0.0141) (15 0.0139) (131 0.0133) (70 -0.0133) (65 -0.013) (49 0.0116) (35 0.0111) (44 0.0107) (81 0.0106) (38 -0.0103) (41 0.0101) 
   0.0020312   (71 -0.523) (69 -0.467) (68 0.436) (78 -0.193) (131 0.191) (74 0.191) (53 -0.19) (72 0.169) (73 0.156) (130 0.126) (70 -0.117) (54 -0.111) (67 -0.105) (51 0.0927) (65 -0.0918) (59 -0.0806) (46 0.0764) (57 -0.0742) (63 0.0627) (52 -0.0535) (56 0.0529) (83 -0.0455) (43 0.0448) (75 0.0426) (42 -0.0424) (80 -0.0423) (87 0.0359) (81 0.0339) (60 0.0285) (77 -0.0269) (66 0.0249) (115 -0.0235) (32 -0.0229) (41 0.021) (55 -0.0204) (64 0.02) (79 0.0193) (132 -0.0182) (29 -0.0179) (58 -0.0178) (48 0.0177) (50 0.0172) (40 0.0148) (96 -0.0145) (118 -0.0135) (91 0.0133) (31 0.0133) (33 -0.0118) (16 -0.0117) (45 -0.0115) (36 -0.0107) (89 -0.0106) (100 0.0105) (38 0.0105) 
   0.0022913   (53 -0.526) (131 0.467) (54 -0.311) (130 0.299) (52 -0.22) (29 0.214) (50 0.185) (69 0.183) (71 0.178) (51 0.143) (68 -0.125) (132 -0.0888) (73 -0.0875) (72 -0.0799) (30 -0.0783) (32 0.0715) (46 0.0713) (61 -0.0712) (43 0.0712) (74 -0.0673) (62 -0.06) (48 -0.0582) (56 0.0581) (78 0.0483) (55 0.0449) (57 0.0445) (28 0.0439) (70 0.0396) (59 -0.0388) (45 -0.0387) (31 -0.0322) (65 0.0304) (42 -0.0292) (67 0.0289) (81 -0.0275) (49 -0.0274) (84 -0.0251) (47 -0.0249) (24 -0.0247) (19 0.0237) (36 0.0228) (60 -0.0214) (27 0.0211) (35 0.0209) (63 -0.0203) (16 -0.0192) (75 -0.0183) (26 -0.0175) (120 -0.0146) (14 0.0143) (66 0.0141) (90 -0.0134) (80 0.0122) (114 -0.0114) (100 -0.0111) (20 -0.0108) (91 0.0106) (88 0.0104) 
   0.0023677   (131 0.667) (53 0.422) (130 0.406) (54 0.249) (52 0.168) (29 -0.162) (132 -0.15) (50 -0.134) (51 -0.126) (46 -0.072) (43 -0.0633) (30 0.0604) (56 -0.056) (61 0.0525) (59 0.0506) (32 -0.0493) (62 0.0407) (68 -0.0385) (48 0.0351) (28 -0.0343) (42 0.0328) (45 0.0303) (71 0.0259) (55 -0.0253) (31 0.0218) (78 0.021) (24 0.0198) (19 -0.0192) (47 0.0186) (16 0.0179) (49 0.0175) (66 -0.017) (73 0.0164) (27 -0.0162) (35 -0.0157) (36 -0.0157) (84 0.0149) (26 0.0132) (83 0.0129) (14 -0.0115) (20 0.0109) (91 -0.0107) (67 0.0102) (90 0.0102) 
   0.0025237   (23 -0.751) (20 -0.38) (22 -0.263) (19 0.257) (56 -0.225) (25 -0.158) (24 0.146) (16 -0.0967) (32 0.0951) (57 -0.0772) (55 0.0649) (52 -0.0639) (28 -0.0637) (15 -0.0608) (46 -0.0446) (29 -0.0441) (51 -0.0401) (42 0.0394) (54 -0.0372) (43 0.0367) (31 -0.03) (48 -0.0285) (38 -0.0252) (44 0.0249) (21 0.0242) (78 0.0207) (37 0.0201) (26 0.0193) (17 0.0191) (11 0.0189) (33 -0.0172) (59 -0.0168) (36 0.0166) (60 0.0159) (77 -0.0149) (53 0.0142) (120 -0.014) (125 -0.0132) (71 -0.0127) (30 -0.0107) 
   0.0026409   (60 -0.577) (61 -0.494) (59 0.443) (56 0.326) (62 -0.191) (55 -0.113) (52 0.101) (57 -0.0892) (78 -0.0886) (23 -0.086) (54 0.0748) (46 0.0722) (20 -0.0608) (77 0.054) (48 0.0512) (133 0.0481) (43 -0.0432) (19 0.0343) (44 -0.0341) (79 0.0335) (51 0.0313) (22 -0.0309) (49 -0.0279) (63 0.0265) (58 0.0263) (16 -0.0237) (125 -0.0232) (33 -0.022) (108 -0.0176) (25 -0.0175) (119 0.0161) (115 0.016) (24 0.0158) (47 -0.0149) (28 -0.0148) (71 -0.014) (38 0.0138) (15 -0.0132) (84 -0.0131) (74 -0.0131) (72 -0.0129) (69 -0.0119) (40 0.0116) (68 0.0116) (73 -0.0114) (36 0.0112) (45 -0.0106) 
   0.0026682   (133 0.75) (56 0.466) (57 0.267) (60 0.156) (61 0.144) (59 -0.119) (23 -0.116) (55 -0.11) (52 0.0979) (50 -0.0902) (54 0.0816) (20 -0.0805) (51 0.0723) (62 0.0598) (19 0.0528) (43 -0.0513) (46 0.0506) (53 -0.0465) (22 -0.0431) (48 0.0396) (41 0.0367) (16 -0.0363) (42 -0.0335) (44 -0.0291) (78 -0.0291) (71 0.0285) (77 0.0219) (25 -0.0203) (68 -0.0192) (32 -0.0188) (69 0.0161) (70 -0.016) (84 0.0146) (24 0.0141) (58 -0.0128) (47 -0.0126) (120 0.0117) (49 -0.0109) (38 0.0105) (45 0.0105) (15 -0.0102) 
    0.002868   (133 0.659) (56 -0.554) (57 -0.296) (23 0.138) (60 -0.134) (55 0.134) (61 -0.127) (52 -0.119) (59 0.102) (50 0.102) (54 -0.0983) (20 0.0961) (51 -0.0844) (46 -0.0631) (19 -0.0625) (43 0.0616) (62 -0.0538) (53 0.0519) (22 0.0512) (48 -0.049) (16 0.043) (41 -0.0415) (125 -0.0399) (78 0.039) (42 0.0383) (44 0.0358) (71 -0.0315) (77 -0.0286) (25 0.0244) (32 0.0216) (68 0.0211) (120 -0.0198) (123 -0.0184) (70 0.0178) (69 -0.0175) (24 -0.0172) (84 -0.0163) (124 -0.016) (47 0.0155) (49 0.0146) (38 -0.0131) (127 0.0126) (15 0.0126) (58 0.0126) (74 0.011) (45 -0.011) 
   0.0035192   (40 0.879) (65 0.273) (39 0.189) (38 0.149) (84 -0.137) (42 0.135) (41 -0.0871) (66 -0.0774) (32 -0.071) (59 -0.0702) (57 0.0638) (43 0.0633) (61 -0.0629) (46 -0.0448) (62 -0.0439) (29 0.0393) (86 0.0327) (50 0.0322) (51 -0.0316) (36 -0.0266) (68 0.0252) (69 -0.0245) (20 -0.0245) (16 -0.0239) (47 0.0235) (15 0.0233) (70 -0.0232) (52 -0.0221) (44 0.0218) (129 0.0216) (19 0.0212) (87 -0.0207) (28 0.0207) (53 0.02) (54 0.0196) (30 -0.0194) (96 -0.0189) (34 -0.0167) (78 0.0158) (31 0.0154) (25 0.0153) (91 0.015) (24 -0.0149) (73 -0.0145) (26 -0.0106) (71 -0.0104) (85 0.0101) 
    0.003838   (84 -0.865) (129 0.306) (65 -0.272) (86 0.141) (87 -0.0891) (66 0.0788) (61 0.0752) (57 -0.0689) (85 0.0597) (78 0.0592) (59 0.0566) (91 0.0528) (62 0.0483) (77 -0.0433) (120 0.0404) (83 0.0384) (90 0.0382) (52 0.0335) (40 -0.0333) (117 -0.0322) (92 -0.0317) (96 -0.0298) (43 -0.0298) (46 0.0279) (42 -0.0275) (55 -0.0241) (51 0.0219) (103 -0.0212) (89 -0.0207) (88 0.0198) (111 -0.0192) (124 0.0183) (100 0.0181) (56 0.0181) (115 -0.0172) (41 0.0169) (116 0.0168) (113 -0.0167) (97 -0.0166) (107 -0.0163) (94 -0.0161) (126 0.0158) (44 -0.0155) (48 0.0152) (104 0.0147) (119 -0.0146) (68 -0.0145) (72 -0.0138) (127 0.0137) (70 0.0134) (108 -0.0133) (93 -0.0131) (39 -0.013) (69 0.0123) (105 -0.0123) (60 0.0122) (114 0.0117) (32 -0.0112) (50 -0.0103) 
   0.0040131   (129 0.663) (65 -0.507) (84 0.395) (40 0.224) (66 0.147) (61 0.103) (59 0.1) (50 0.0929) (57 -0.0712) (62 0.0708) (86 -0.0691) (69 0.0578) (70 0.0559) (68 -0.0538) (78 -0.0506) (39 0.0495) (87 0.0456) (38 0.0442) (91 -0.0323) (41 -0.0312) (85 -0.0312) (71 0.0297) (90 -0.0274) (96 0.0266) (77 0.0265) (73 0.0254) (32 -0.0224) (52 0.0216) (45 -0.0212) (115 0.0186) (127 0.0155) (29 0.0146) (92 0.0142) (76 -0.0139) (103 0.0138) (79 0.0135) (74 -0.0134) (63 0.0133) (72 0.0132) (94 0.0126) (43 0.0122) (108 0.0121) (42 0.0121) (51 0.0116) (20 -0.0115) (48 -0.0113) (19 0.0111) (82 -0.0106) (14 0.0101) 
   0.0040872   (129 0.682) (65 0.606) (40 -0.231) (66 -0.176) (61 -0.132) (59 -0.12) (57 0.0987) (62 -0.0893) (50 -0.0853) (69 -0.0605) (70 -0.0593) (68 0.0577) (38 -0.0506) (39 -0.0482) (52 -0.0357) (32 0.0295) (41 0.025) (71 -0.0248) (73 -0.0244) (78 0.021) (51 -0.0205) (45 0.0204) (55 0.0182) (56 -0.0177) (46 -0.0174) (115 -0.0171) (29 -0.017) (20 0.0166) (63 -0.016) (96 -0.0146) (16 0.0139) (19 -0.0131) (76 0.013) (79 -0.0126) (93 0.0122) (14 -0.0117) (82 0.0111) (84 0.0108) (74 0.0107) (47 0.0102) (44 0.0102) (90 0.01) 
   0.0041254   (105 0.568) (96 0.337) (103 0.304) (123 -0.26) (108 -0.215) (124 0.208) (109 0.204) (101 0.197) (99 -0.194) (106 -0.171) (119 0.14) (107 -0.128) (102 -0.124) (104 -0.12) (112 -0.118) (98 -0.108) (111 0.108) (115 -0.101) (117 -0.0846) (121 -0.0731) (118 0.0704) (113 0.069) (50 0.068) (94 0.0528) (125 0.0524) (97 -0.0509) (122 -0.0477) (110 -0.047) (89 0.0438) (114 0.0422) (90 -0.0409) (120 -0.0365) (93 -0.0323) (82 -0.0298) (91 0.0297) (92 0.0285) (72 -0.0283) (84 -0.0275) (85 -0.0184) (53 0.0176) (100 -0.0176) (80 -0.0162) (65 0.0134) (126 -0.0132) (54 0.013) (71 -0.0125) (116 0.0121) (79 0.011) (83 0.0104) (52 0.0102) 
    0.004135   (145 -0.999) (123 -0.0255) (124 0.0223) (136 0.0173) 
   0.0043184   (50 0.899) (53 0.187) (54 0.148) (72 -0.119) (52 0.109) (56 0.107) (45 -0.1) (51 -0.0769) (40 -0.0761) (48 -0.0735) (59 -0.0726) (65 0.0717) (49 -0.0669) (15 -0.0646) (123 0.0639) (71 -0.0569) (124 -0.0564) (41 -0.0552) (57 0.0542) (43 0.053) (82 -0.0526) (84 -0.0488) (105 -0.0434) (119 -0.0433) (60 0.0427) (96 0.0418) (69 -0.0409) (115 0.035) (110 -0.0337) (80 -0.0315) (68 0.0296) (107 0.0284) (125 -0.0265) (108 0.026) (103 -0.025) (117 0.0242) (70 -0.0242) (109 -0.024) (66 -0.0239) (86 -0.0224) (23 -0.0219) (101 -0.0214) (47 -0.021) (39 -0.0203) (121 0.0201) (92 -0.0192) (90 -0.0188) (122 0.0186) (79 0.0184) (73 0.0176) (38 -0.0173) (32 0.0164) (111 0.0161) (30 0.0161) (83 0.0154) (81 -0.015) (99 0.0138) (116 -0.0135) (85 -0.0132) (44 -0.0118) (87 0.0117) (11 0.0116) (74 0.0116) (118 -0.0108) (29 -0.0106) (61 0.0106) 
   0.0044048   (72 -0.606) (45 -0.493) (80 -0.354) (81 -0.239) (50 -0.172) (44 -0.167) (93 -0.151) (71 -0.142) (83 0.132) (79 0.101) (86 -0.0989) (98 -0.0813) (43 0.0803) (87 0.0793) (46 -0.0776) (76 0.0637) (107 0.0629) (78 0.0625) (112 0.0594) (41 -0.0516) (48 0.051) (77 0.0434) (90 0.0419) (97 0.0361) (105 -0.0357) (96 -0.0353) (75 -0.0341) (89 0.0324) (69 -0.0319) (82 -0.0302) (70 -0.0275) (49 0.0269) (100 0.0268) (123 -0.0258) (55 -0.0257) (85 -0.025) (119 0.0228) (59 -0.0224) (155 0.0215) (74 0.0211) (101 -0.0187) (115 -0.0183) (104 0.0181) (68 0.0169) (57 -0.0168) (103 0.0155) (99 0.0151) (65 -0.0149) (113 -0.0141) (124 0.0132) (117 -0.0126) (51 0.0126) (111 0.0126) (116 0.012) (60 0.0116) (52 0.0113) (88 0.0111) (114 0.0109) (125 0.0102) (47 -0.0102) 
   0.0045869   (155 0.999) (45 0.0325) (44 0.0103) 
   0.0046502   (45 -0.748) (72 0.484) (44 -0.227) (80 0.161) (43 0.147) (79 -0.138) (46 -0.117) (71 0.106) (81 0.0991) (41 -0.0869) (86 0.0749) (107 -0.0627) (90 0.062) (83 -0.0559) (87 -0.0509) (112 -0.0449) (98 0.0435) (40 -0.0396) (85 0.0377) (48 0.0352) (42 0.0287) (155 0.0286) (78 -0.0285) (59 0.0285) (69 0.0261) (105 0.0255) (117 0.0252) (65 0.025) (70 0.0247) (96 0.0246) (100 -0.0241) (36 -0.024) (50 -0.0239) (115 0.0235) (49 0.0231) (57 0.0222) (91 0.0213) (15 -0.0204) (47 -0.0203) (38 -0.0202) (89 -0.0201) (14 -0.0188) (123 0.0182) (76 -0.0176) (93 -0.0173) (120 -0.0172) (116 -0.0163) (75 0.0159) (102 0.0152) (104 -0.015) (113 0.0148) (124 -0.0144) (119 -0.0136) (114 -0.0116) (101 0.0116) (62 0.0115) (33 0.0105) (55 0.0102) 
   0.0048249   (18 -0.971) (137 0.227) (15 0.0361) (16 -0.0282) (17 -0.0277) (19 -0.0231) (7 -0.0217) (14 -0.0174) (23 -0.0152) (20 0.0151) (36 0.0142) (24 0.0123) (25 -0.0105) (29 -0.0104) 
   0.0050545   (137 0.974) (18 0.226) 
   0.0052351   (7 1) (18 -0.021) 
   0.0053387   (5 -1) 
   0.0054193   (33 0.425) (28 -0.406) (135 0.339) (29 0.329) (26 0.284) (32 -0.282) (24 0.23) (25 -0.194) (14 0.188) (30 0.175) (13 -0.153) (36 -0.152) (27 -0.147) (31 0.102) (17 -0.0812) (37 0.0773) (34 -0.0688) (22 0.0611) (16 0.0503) (42 0.0457) (38 -0.0392) (19 -0.0384) (78 0.0314) (35 0.0313) (21 -0.0305) (40 -0.0286) (20 0.0245) (39 0.0201) (77 -0.0175) (15 0.0156) (48 0.0153) (12 0.0145) (11 0.0122) (46 -0.0111) 
     0.00553   (135 0.941) (33 -0.153) (28 0.147) (29 -0.119) (26 -0.102) (32 0.102) (24 -0.0832) (25 0.0699) (14 -0.0678) (30 -0.0632) (13 0.0554) (36 0.0549) (27 0.053) (31 -0.0369) (17 0.0293) (37 -0.0279) (34 0.0248) (22 -0.0221) (16 -0.0182) (42 -0.0165) (38 0.0141) (19 0.0139) (35 -0.0113) (78 -0.0111) (21 0.011) (40 0.0103) 
   0.0057996   (10 0.719) (17 0.585) (16 0.273) (14 0.172) (13 -0.135) (24 -0.0785) (20 -0.0577) (25 0.0467) (15 0.0372) (18 -0.031) (26 -0.0248) (21 0.0246) (33 0.022) (22 -0.0217) (19 0.0204) (12 0.0139) (78 0.0114) (32 -0.0108) (42 0.0107) 
   0.0060167   (144 0.999) (10 -0.0271) (17 0.0205) 
    0.006527   (10 0.694) (17 -0.613) (16 -0.282) (14 -0.158) (13 0.128) (24 0.0844) (20 0.0646) (25 -0.0513) (144 0.0361) (15 -0.0316) (18 0.0316) (21 -0.0269) (26 0.0249) (33 -0.0236) (22 0.023) (19 -0.0215) (11 -0.014) (42 -0.0136) (78 -0.013) (32 0.012) (12 -0.0114) (28 0.0106) (34 0.01) 
   0.0067087   (11 -0.715) (12 0.601) (41 0.337) (46 -0.0558) (42 0.0546) (45 -0.0442) (15 -0.034) (50 0.0304) (43 -0.0251) (40 0.0224) (33 -0.0207) (38 0.0192) (48 -0.0171) (30 -0.0159) (14 0.0158) (60 -0.0137) (13 -0.0116) (36 0.0116) (28 -0.0116) (35 -0.0112) (39 -0.0105) 
    0.007234   (142 0.999) (41 0.0405) (11 0.0142) (12 -0.0119) 
   0.0073098   (41 -0.877) (11 -0.27) (12 0.227) (42 -0.165) (46 0.148) (45 0.102) (43 0.094) (33 0.071) (40 -0.0659) (50 -0.0588) (38 -0.0523) (142 0.0469) (36 -0.042) (48 0.0393) (35 0.0371) (14 -0.0356) (39 0.0343) (13 0.0337) (60 0.0315) (28 0.0291) (19 0.0279) (15 -0.027) (30 0.0269) (24 -0.0248) (32 -0.0237) (74 0.023) (25 0.0219) (52 0.0208) (17 0.0205) (47 -0.0205) (66 -0.0183) (16 -0.0181) (23 -0.0173) (26 -0.0171) (44 0.0158) (81 -0.0151) (80 0.0137) (56 0.0135) (22 -0.0124) (79 0.0118) (75 0.0116) (34 -0.0108) (53 0.0106) (67 0.0106) (87 0.0106) (62 -0.0106) (29 0.0105) (54 0.0101) 
   0.0078024   (12 -0.721) (11 -0.602) (30 -0.293) (28 -0.101) (31 0.0706) (29 -0.0689) (13 -0.061) (14 0.0525) (32 -0.042) (33 0.0239) (35 0.0227) (37 -0.0222) (15 -0.0181) (41 -0.017) (67 0.0164) (34 0.0152) (43 -0.0129) (138 0.0127) (19 -0.0108) (27 0.0102) (68 0.0102) 
    0.008699   (138 0.987) (30 -0.128) (12 0.049) (28 -0.0429) (11 0.042) (29 -0.0296) (31 0.029) (32 -0.0164) 

 Largest eigenvalues
      40.136   (163 0.259) (164 0.953) 
       27.59   (13 0.23) (14 -0.281) (24 -0.207) (32 -0.309) (33 0.357) (36 -0.248) (42 -0.208) (46 -0.214) (78 -0.276) 
      15.339   (77 0.421) (78 -0.669) 
      5.6931   (115 0.662) (117 0.311) (120 -0.502) 
        4.44   (96 0.294) (119 -0.365) (123 0.523) (124 -0.45) 
      1.4072   (163 0.966) (164 -0.256) 
      1.2233   (162 0.992) 
      1.1457   (165 -0.996) 
      1.1435   (88 0.313) (89 -0.575) (91 -0.627) 
       1.137   (100 0.39) (101 0.701) (106 0.484) 
      1.1336   (101 0.311) (106 -0.767) 
     0.93167   (110 0.288) (114 0.754) 
     0.89993   (104 0.77) (105 0.41) 
     0.87624   (99 -0.715) (103 -0.317) 
     0.86779   (110 -0.511) (111 -0.459) 
     0.76231   (109 0.505) (111 0.297) (115 0.342) (136 0.29) 
     0.67344   (109 -0.707) (110 0.314) 
     0.66899   (96 0.781) (99 0.308) 
     0.66265   (113 0.481) (126 0.512) (136 0.391) 
     0.60113   (110 -0.364) (111 0.29) (112 -0.409) (113 -0.56) 
      0.5789   (108 0.597) (111 -0.287) (113 -0.475) 
     0.57799   (108 -0.674) (111 -0.333) (112 0.314) 
     0.56995   (113 0.307) (122 0.475) (124 0.394) (132 -0.361) 
     0.56876   (122 -0.355) (125 -0.647) (132 -0.298) 
     0.56011   (115 0.36) (119 0.33) (120 0.479) (121 -0.329) (123 0.33) (125 0.322) 
     0.54502   (117 -0.419) (118 0.669) 
     0.49901   (116 0.36) (119 -0.48) (123 -0.409) (127 -0.336) (132 -0.285) 
      0.4792   (116 -0.618) (126 0.317) (136 -0.316) 
     0.44516   (116 0.555) (119 0.31) (126 0.38) (136 -0.364) 
     0.43251   (91 0.219) (92 -0.936) 
     0.39906   (124 0.369) (127 0.434) (136 -0.399) 
      0.3214   (94 -0.923) (103 0.217) 
     0.30478   (94 0.327) (103 0.689) (104 0.354) (105 -0.368) 
     0.27704   (102 -0.853) 
     0.25867   (98 -0.488) (112 -0.25) (115 0.207) (117 -0.252) (121 0.222) (124 -0.223) (126 -0.2) (127 0.249) 
     0.25629   (79 -0.349) (86 -0.553) (87 0.35) (98 0.289) 
     0.23745   (79 0.526) (98 0.57) 
     0.23029   (79 -0.517) (86 0.511) (87 -0.312) 
     0.19961   (98 -0.392) (107 0.416) (112 0.495) 
     0.16149   (90 -0.742) (91 -0.344) (93 0.369) 
     0.14773   (90 0.307) (93 0.306) (97 -0.556) (107 -0.439) 
     0.13828   (85 0.291) (93 -0.627) (107 -0.38) 
     0.12973   (85 -0.862) (97 0.236) 
     0.12374   (88 -0.531) (89 -0.47) (93 0.332) (97 0.318) 
     0.11324   (72 -0.385) (80 0.457) (81 0.433) (83 -0.368) 
     0.10886   (76 0.303) (77 0.287) (80 -0.33) (83 -0.276) (88 0.271) (97 0.28) 
     0.10767   (66 -0.348) (69 -0.325) (76 -0.312) 
     0.10276   (58 0.631) (60 0.312) 
    0.097009   (58 -0.573) (66 0.351) (69 0.294) 
    0.094665   (58 0.343) (66 -0.292) (76 0.29) (97 -0.294) (107 0.285) 
    0.090724   (60 0.479) (61 -0.373) (69 -0.304) 
    0.087988   (60 -0.32) (64 -0.343) (66 0.454) (83 -0.296) 
    0.079144   (63 -0.427) (64 0.645) 
    0.074921   (62 -0.613) (63 0.297) (69 0.318) 
    0.073682   (62 0.552) (64 -0.302) (66 -0.308) 
    0.072163   (62 -0.224) (66 0.235) (69 -0.284) (76 0.229) (80 0.206) (117 -0.224) (118 -0.327) (120 -0.217) 
     0.06669   (63 0.265) (68 0.298) (74 -0.384) (77 0.266) (78 0.262) (81 0.27) 
    0.061449   (63 -0.535) (64 -0.338) 
    0.059183   (63 0.481) (64 0.376) (74 0.37) 
    0.055646   (67 -0.323) (68 0.379) (71 0.419) (77 -0.263) 
    0.053452   (67 0.438) (74 -0.42) (81 -0.353) 
    0.050778   (67 -0.541) (77 0.292) 
    0.048146   (67 0.526) (68 0.378) (71 0.288) (74 0.312) 
    0.046604   (74 -0.268) (75 -0.261) (81 0.367) (83 0.318) (87 -0.238) (121 0.261) 
     0.04392   (35 -0.872) (43 0.309) 
    0.042495   (35 0.391) (43 0.7) (46 0.349) 
    0.041862   (75 0.446) (100 -0.276) (121 0.367) 
    0.040274   (51 -0.489) (52 0.34) (75 -0.397) 
    0.032719   (47 -0.386) (51 0.474) (75 -0.47) 
    0.031916   (26 0.417) (27 0.686) (31 0.36) 
    0.029445   (27 -0.511) (31 0.578) 
    0.027637   (31 -0.475) (34 0.304) (47 0.39) (88 -0.286) 
    0.027037   (34 -0.778) (37 -0.368) 
    0.022074   (34 0.251) (47 -0.542) (48 -0.231) (49 0.218) (75 0.258) (88 -0.273) (91 -0.217) 
    0.021129   (130 -0.622) (131 0.286) (132 -0.47) 
    0.021034   (128 -0.578) (160 -0.809) 
    0.019965   (128 -0.577) (160 0.312) (161 -0.755) 
    0.019019   (128 -0.577) (160 0.498) (161 0.647) 
    0.015708   (15 -0.985) 
    0.015574   (140 0.998) 
