 1 31.6228
 2 23.197
 3 1.15346
 4 31.6228
 5 23.3543
 6 3.14783
 7 31.6219
 8 1.43375
 9 31.0687
 10 30.0162
 11 1.06361
 12 26.9238
 13 31.6228
 14 31.6112
 15 0.902437
 16 31.6228
 17 31.6031
 18 0.918489
 19 31.6228
 20 30.8747
 21 1.69138
 22 31.6228
 23 31.4744
 24 1.06888
 25 15.1062
 26 15.4865
 27 1.62583
 28 31.4953
 29 14.4553
 30 8.08718
 31 22.5054
 32 4.74355
 33 24.5937
 34 14.5486
 35 9.31072
 36 13.0722
 37 31.438
 38 31.5743
 39 1.36561
 40 24.1047
 41 31.1463
 42 1.29425
 43 21.4014
 44 29.0141
 45 1.81579
 46 31.5724
 47 22.0946
 48 11.2732
 49 30.9138
 50 12.9683
 51 13.2312
 52 10.4221
 53 30.9744
 54 16.3753
 55 7.09121
 56 13.3245
 57 30.4251
 58 8.36937
 59 8.42253
 60 10.1653
 61 4.85591
 62 1.32332
 63 14.0121
 64 18.5597
 65 0.976153
 66 19.1601
 67 29.9705
 68 3.15934
 69 31.6189
 70 31.6228
 71 31.4157
 72 1.51566
 73 31.6174
 74 1.60403
 75 31.3724
 76 31.4353
 77 1.46109
 78 27.9727
 79 31.6067
 80 2.43638
 81 30.5555
 82 31.4692
 83 18.3578
 84 1.35823
 85 10.8864
 86 1.39858
 87 30.8654
 88 1.09692
 89 1.04306
 90 1.22589
 91 2.44511
 92 18.8362
 93 27.3573
 94 22.4072
 95 28.4808
 96 30.1077
 97 17.8616
 98 15.6051
 99 9.56489
 100 28.3424
 101 30.683
 102 9.804
 103 11.8496
 104 11.3361
 105 11.2494
 106 12.4664
 107 12.5708
 108 12.6858
 109 10.568
 110 8.35141
 111 13.2556
 112 14.1146
 113 13.4468
 114 12.6157
 115 12.8606
 116 10.8907
 117 12.6186
 118 13.5662
 119 11.8598
 120 8.87707
 121 10.8327
 122 6.81702
 123 7.64348
 124 5.68976
 125 5.21992
 126 6.81963
 127 4.6038
 128 9.31598
 129 7.35334
 130 7.35053
 131 4.07272
 132 4.44684
 133 4.67282
 134 5.92545
 135 2.70877
 136 6.82421
 137 2.97434
 138 2.86377
 139 2.84877
 140 3.12933
 141 3.09382
 142 2.66862
 143 2.81472
 144 3.7229
 145 3.7294
 146 3.36256
 147 2.94798
 148 4.90669
 149 3.93176
 150 3.30665
 151 3.49016
 152 4.71017
 153 4.55883
 154 3.65639
 155 4.3488
 156 4.77159
 157 6.75493
 158 0.168764
 159 0.440474
 160 0.271465
 161 1.41404
 162 4.69871
 163 11.7669
 164 15.4856
 165 0.889481
