 1 59810.8
 2 584.15
 3 5.82268
 4 244908
 5 622.616
 6 58.5634
 7 663941
 8 83.4685
 9 5544.4
 10 2734.36
 11 7.04443
 12 1386.15
 13 821181
 14 8116.14
 15 0.816106
 16 656980
 17 5021.71
 18 1.84796
 19 152834
 20 2747.58
 21 63.9333
 22 261540
 23 3933.86
 24 16.549
 25 256.646
 26 312.354
 27 13.9878
 28 3405.06
 29 350.505
 30 181.436
 31 529.782
 32 115.004
 33 734.28
 34 223.736
 35 195.427
 36 286.832
 37 1535.42
 38 3094.01
 39 6.55365
 40 940.679
 41 4870.67
 42 2.0461
 43 647.924
 44 1490.5
 45 24.9944
 46 8391.41
 47 1883.21
 48 779.782
 49 1998.15
 50 181.546
 51 300.066
 52 232.878
 53 2971.24
 54 297.858
 55 139.377
 56 305.873
 57 1284.17
 58 80.5281
 59 133.122
 60 177.392
 61 29.3456
 62 1.78292
 63 206.152
 64 404.151
 65 1.83415
 66 418.917
 67 3485.8
 68 207.265
 69 100963
 70 333103
 71 3133.11
 72 18.9928
 73 21853.2
 74 88.415
 75 10319.4
 76 10704.6
 77 7.76125
 78 1278.8
 79 11264.8
 80 87.8232
 81 2267.11
 82 2206.1
 83 389.626
 84 2.59904
 85 170.024
 86 2.86244
 87 2059.8
 88 1.70811
 89 1.63777
 90 1.876
 91 9.62626
 92 524.14
 93 1588.62
 94 1107.03
 95 1899.53
 96 2161.28
 97 394.892
 98 318.456
 99 144.132
 100 1014.31
 101 1600.49
 102 122.136
 103 160.821
 104 148.193
 105 142.672
 106 167.302
 107 172.306
 108 176.367
 109 132.332
 110 98.6201
 111 194.438
 112 209.674
 113 192.486
 114 173.874
 115 186.364
 116 146.563
 117 181.882
 118 203.135
 119 159.546
 120 94.3965
 121 128.078
 122 50.1321
 123 62.5232
 124 39.1729
 125 30.8402
 126 51.023
 127 28.8345
 128 100.294
 129 68.8797
 130 64.0313
 131 20.1196
 132 20.9771
 133 23.4246
 134 37.0346
 135 9.095
 136 47.8519
 137 10.3366
 138 9.43398
 139 9.28899
 140 10.9354
 141 11.8519
 142 8.92892
 143 9.45626
 144 15.1224
 145 15.0291
 146 12.6706
 147 10.2867
 148 25.2973
 149 16.9774
 150 12.4537
 151 13.8571
 152 23.5647
 153 22.4292
 154 14.6232
 155 19.9333
 156 24.0124
 157 46.9827
 158 0.221304
 159 0.309011
 160 0.178675
 161 3.89662
 162 28.1216
 163 193.428
 164 261.796
 165 6.47268
