 1 1000
 2 549.944
 3 5.53012
 4 1000
 5 596.14
 6 56.1071
 7 999.957
 8 15.4899
 9 980.163
 10 909.955
 11 4.13697
 12 739.14
 13 1000
 14 999.402
 15 0.814591
 16 1000
 17 999.131
 18 1.03411
 19 1000
 20 974.388
 21 23.3111
 22 1000
 23 994.762
 24 4.85239
 25 239.859
 26 267.791
 27 12.027
 28 993.423
 29 306.694
 30 159.769
 31 527.789
 32 111.22
 33 708.662
 34 216.827
 35 185.378
 36 270.917
 37 989.527
 38 998.292
 39 3.20201
 40 593.758
 41 973.863
 42 1.75874
 43 482.452
 44 872.839
 45 15.0414
 46 998.156
 47 681.588
 48 320.765
 49 963.73
 50 179.02
 51 263.374
 52 201.139
 53 968.1
 54 272.833
 55 114.459
 56 246.476
 57 945.29
 58 78.8104
 59 121.556
 60 160.417
 61 29.3104
 62 1.78264
 63 205.183
 64 399.79
 65 1.82918
 66 416.629
 67 945.207
 68 56.9297
 69 999.863
 70 1000
 71 992.482
 72 7.25443
 73 999.753
 74 9.65873
 75 991.544
 76 989.249
 77 5.26473
 78 790.395
 79 999.287
 80 34.2974
 81 963.23
 82 992.62
 83 359.365
 84 2.47603
 85 133.743
 86 2.54606
 87 968.162
 88 1.70802
 89 1.63776
 90 1.87587
 91 8.86705
 92 440.276
 93 830.624
 94 610.398
 95 864.332
 96 935.768
 97 373.51
 98 304.868
 99 142.443
 100 848.222
 101 958.328
 102 118.431
 103 157.796
 104 146.371
 105 141.744
 106 166.501
 107 171.422
 108 175.481
 109 131.401
 110 96.7721
 111 193.521
 112 208.62
 113 191.701
 114 173.462
 115 185.838
 116 145.781
 117 181.452
 118 202.751
 119 158.98
 120 93.0973
 121 127.436
 122 49.536
 123 60.7088
 124 38.63
 125 30.2564
 126 50.6632
 127 27.4506
 128 98.55
 129 67.837
 130 62.9353
 131 19.8321
 132 20.737
 133 23.1089
 134 36.2996
 135 8.84255
 136 47.5394
 137 10.1177
 138 9.18665
 139 9.04891
 140 10.6308
 141 11.2488
 142 8.59906
 143 9.15923
 144 14.8607
 145 14.7584
 146 12.3631
 147 9.96371
 148 24.9593
 149 16.5853
 150 12.1659
 151 13.5512
 152 23.155
 153 21.7898
 154 14.2936
 155 19.6819
 156 23.7814
 157 46.7157
 158 0.184009
 159 0.299149
 160 0.166024
 161 3.72423
 162 26.6426
 163 165.804
 164 256.633
 165 6.03978
