 Smallest eigenvalues
  1.2178e-06   (9 -1) 
  1.4976e-06   (47 0.723) (49 -0.422) (48 -0.325) (41 -0.187) (43 0.169) (42 -0.152) (39 -0.138) (51 0.0998) (154 -0.091) (50 0.0877) (40 -0.0846) (56 -0.0814) (44 -0.0695) (57 -0.068) (82 0.0677) (53 -0.0653) (55 0.0596) (31 0.0591) (60 0.0407) (15 0.0392) (14 0.0391) (52 0.0391) (81 -0.036) (68 -0.0293) (54 0.0284) (28 -0.028) (69 0.0277) (22 0.0273) (17 0.0269) (46 0.0262) (36 0.0259) (78 0.0256) (20 -0.0256) (77 0.0248) (84 0.0244) (37 -0.0216) (38 0.0212) (34 -0.0211) (29 0.0208) (25 -0.0196) (45 -0.0183) (24 -0.0177) (61 0.0175) (67 -0.0168) (21 -0.0164) (79 -0.0158) (27 0.0155) (76 0.0151) (72 0.015) (88 0.0148) (23 -0.0132) (59 0.013) (66 -0.0123) (74 0.0121) (16 0.0116) (33 -0.0108) 
  1.5221e-06   (154 -0.996) (47 -0.0661) (49 0.0385) (48 0.0297) (41 0.0172) (43 -0.0155) (42 0.014) (39 0.0127) 
  3.0021e-06   (6 1) 
  3.8235e-06   (46 -0.648) (43 0.511) (150 -0.291) (41 -0.246) (47 -0.233) (48 0.171) (39 -0.142) (42 -0.14) (44 -0.104) (45 -0.0727) (40 -0.0662) (56 -0.0593) (31 0.0581) (49 -0.0573) (82 0.0535) (57 -0.0378) (14 0.0337) (15 0.0334) (55 0.0312) (50 -0.0299) (53 -0.0287) (81 -0.0267) (54 0.024) (20 -0.024) (28 -0.0236) (34 -0.0236) (36 0.0228) (17 0.0227) (69 0.0227) (60 0.0213) (22 0.0212) (37 -0.0206) (68 -0.0197) (84 0.0182) (78 0.0175) (24 -0.0172) (79 -0.0163) (38 0.0162) (26 -0.0153) (21 -0.0152) (27 0.0142) (16 0.0123) (66 -0.0122) (29 0.0121) (30 -0.0107) (23 -0.0101) 
  4.0832e-06   (150 -0.957) (46 0.197) (43 -0.155) (41 0.0746) (47 0.0707) (48 -0.0519) (39 0.0433) (42 0.0426) (44 0.0315) (45 0.0221) (40 0.0201) (56 0.0179) (31 -0.0177) (49 0.0174) (82 -0.016) (57 0.0114) (14 -0.0103) (15 -0.0102) 
  6.5431e-06   (2 0.997) (34 -0.0566) (31 0.0339) (36 -0.0289) 
  9.9014e-06   (153 -0.993) (34 -0.0906) (31 0.0545) (36 -0.046) (28 -0.0132) (39 0.0114) (30 -0.0112) (33 -0.0109) (35 -0.0109) 
  1.6719e-05   (34 0.744) (31 -0.447) (36 0.378) (153 -0.121) (28 0.108) (39 -0.0941) (30 0.092) (33 0.0899) (35 0.0892) (2 0.0748) (32 0.0694) (27 -0.0617) (43 0.0584) (20 0.0564) (17 -0.0538) (26 0.0475) (15 -0.0461) (24 0.0436) (40 -0.0412) (14 -0.04) (82 -0.0372) (22 -0.0363) (42 -0.035) (41 -0.0313) (29 -0.0268) (48 -0.0243) (25 0.0232) (21 0.0207) (81 0.0201) (23 0.0189) (44 -0.0175) (16 -0.0169) (47 0.0168) (49 0.0128) (68 0.0127) (75 0.0117) (53 0.011) (56 0.0109) (54 -0.0103) 
  3.5299e-05   (20 0.668) (22 0.4) (45 0.362) (21 -0.335) (46 0.219) (43 0.122) (47 -0.114) (41 -0.112) (42 -0.109) (44 -0.0906) (39 -0.0793) (17 -0.0787) (27 0.0564) (23 0.0552) (35 -0.0466) (30 0.0459) (31 0.0446) (26 -0.0424) (56 -0.0367) (34 -0.0332) (40 -0.0315) (48 0.0306) (55 0.0299) (24 -0.029) (15 -0.0285) (32 -0.0268) (72 0.0263) (78 0.0255) (19 -0.0236) (36 0.0231) (73 0.0215) (50 -0.0199) (67 -0.0178) (51 -0.0178) (62 0.0177) (82 0.0175) (49 -0.0162) (29 -0.0158) (53 -0.0156) (81 -0.015) (71 -0.0144) (28 -0.0143) (52 -0.0138) (25 -0.0136) (65 -0.0126) (33 0.0126) (61 0.0113) (57 -0.011) 
  8.4511e-05   (155 -0.998) (45 0.04) (20 -0.0275) (46 0.0253) (22 -0.0144) (47 -0.0135) (43 0.0133) (21 0.0122) (41 -0.0107) (42 -0.0105) 
  8.9331e-05   (45 -0.609) (20 0.41) (46 -0.385) (22 0.214) (47 0.205) (43 -0.203) (21 -0.182) (41 0.162) (42 0.159) (44 0.152) (40 0.143) (39 0.129) (48 -0.07) (17 -0.0661) (155 -0.0659) (82 -0.0489) (23 0.0457) (55 -0.0424) (15 -0.0414) (49 0.0407) (54 -0.0362) (53 0.036) (56 0.0313) (72 -0.0313) (81 0.0308) (14 -0.0282) (57 0.0278) (31 -0.0274) (78 -0.0273) (35 -0.0265) (30 0.0241) (60 -0.0226) (51 0.0214) (52 0.0213) (73 -0.0206) (67 0.0205) (62 -0.0184) (84 -0.0151) (68 0.0147) (65 0.0147) (71 0.0145) (74 -0.0139) (37 0.0135) (69 -0.0134) (76 0.0132) (32 0.0131) (64 0.0129) (19 -0.0117) (38 -0.0115) (80 0.0109) (88 -0.0108) (61 -0.0108) (16 -0.0101) 
  0.00010913   (1 1) 
  0.00011769   (14 0.938) (15 -0.288) (16 -0.0964) (13 -0.0852) (17 -0.0735) (22 -0.0541) (20 0.0469) (31 -0.0366) (24 0.0342) (21 0.0329) (41 0.0285) (12 -0.0281) (18 0.0277) (23 0.023) (39 0.0223) (25 0.0199) (11 0.0185) (36 -0.0181) (28 0.0176) (29 -0.0129) (45 0.0119) (42 0.0117) (43 -0.0116) (56 -0.0109) (38 -0.01) 
   0.0001847   (159 1) 
  0.00020406   (3 1) 
  0.00025067   (16 0.83) (15 0.446) (17 -0.215) (14 0.18) (20 0.0852) (22 -0.0738) (18 0.0645) (24 0.0595) (21 0.0588) (31 -0.0493) (23 0.0414) (25 0.0362) (13 -0.0234) (39 0.0231) (28 0.0219) (41 0.0214) (43 -0.0199) (36 -0.0169) (158 0.0142) (29 -0.0139) (12 -0.013) (26 0.0129) (35 -0.0108) 
  0.00025721   (158 1) (16 -0.0118) 
  0.00027277   (7 1) 
  0.00028464   (25 -0.914) (26 -0.261) (152 -0.15) (23 -0.109) (31 -0.082) (24 -0.08) (29 -0.078) (22 0.0761) (28 0.0756) (20 -0.0696) (17 0.0669) (30 0.0631) (14 0.0515) (15 0.0504) (47 -0.0491) (33 0.0454) (16 0.039) (32 -0.0359) (48 -0.0352) (21 -0.0298) (39 0.0285) (41 0.0227) (49 -0.0204) (45 -0.0194) (42 0.0187) (27 -0.0174) (82 0.0154) (56 -0.014) (75 0.0131) (46 0.0117) (50 0.0111) (40 0.0109) 
   0.0002896   (152 -0.989) (25 0.138) (26 0.0395) (23 0.0165) (31 0.0124) (24 0.0121) (29 0.0118) (22 -0.0115) (28 -0.0114) (20 0.0105) (17 -0.0101) 
  0.00029592   (5 1) 
  0.00032345   (18 -0.782) (17 0.557) (20 0.148) (22 -0.122) (15 0.103) (16 0.0941) (14 0.0874) (156 -0.063) (23 0.0472) (25 0.0449) (31 -0.0398) (19 0.0259) (43 -0.0189) (47 -0.0184) (29 -0.0178) (26 -0.0172) (21 0.0156) (33 0.0154) (40 0.0151) (82 0.0148) (56 -0.0146) (36 0.0144) (28 0.0115) (73 -0.0109) 
  0.00032621   (156 -0.998) (18 0.0493) (17 -0.0352) 
  0.00035316   (74 0.617) (60 -0.364) (57 0.338) (73 -0.333) (70 0.248) (66 -0.176) (55 0.149) (75 0.131) (54 0.124) (41 -0.117) (53 -0.113) (45 -0.11) (72 0.0978) (50 0.083) (52 -0.0796) (82 -0.0768) (59 -0.0725) (46 0.0722) (51 -0.067) (56 0.0653) (42 -0.0571) (67 0.0406) (49 0.0396) (36 0.0385) (38 0.0374) (81 0.033) (58 0.0325) (71 0.0318) (39 -0.0304) (15 0.0288) (37 -0.0272) (28 -0.0266) (31 0.0264) (69 -0.0263) (22 0.0259) (68 0.0257) (122 0.0254) (14 0.0238) (20 -0.0221) (29 0.0221) (79 0.0208) (88 0.0194) (21 -0.0185) (121 -0.0181) (47 -0.0175) (101 -0.0167) (89 -0.0164) (62 -0.0161) (76 -0.016) (104 0.0152) (97 -0.0142) (151 0.0141) (91 -0.0141) (125 -0.014) (98 -0.0137) (64 0.013) (27 0.013) (106 -0.0116) (30 -0.0116) (40 -0.0114) (108 -0.0111) (117 -0.0109) (107 -0.0108) 
  0.00040881   (74 -0.556) (57 0.389) (60 -0.342) (73 0.329) (66 -0.242) (151 0.193) (70 0.167) (41 -0.153) (45 -0.139) (49 0.137) (54 0.12) (39 -0.106) (75 -0.105) (46 0.0998) (52 -0.091) (55 0.0854) (56 0.0802) (53 -0.0774) (72 -0.0726) (42 -0.0641) (59 -0.0627) (67 0.0598) (48 -0.0562) (36 0.0555) (31 0.053) (15 0.0477) (68 0.0443) (14 0.044) (28 -0.0393) (43 0.0391) (38 0.0381) (58 0.0379) (22 0.0376) (20 -0.0374) (51 -0.0365) (119 -0.0364) (37 -0.035) (29 0.0319) (78 -0.0283) (84 0.0247) (17 0.0212) (124 -0.0209) (126 -0.0194) (21 -0.0179) (62 -0.0178) (71 -0.0175) (27 0.0171) (88 0.0146) (89 -0.0142) (117 -0.0141) (44 -0.0136) (120 0.0133) (135 -0.0128) (130 0.0127) (69 -0.0126) (121 0.0125) (97 -0.0114) (104 0.0107) (33 -0.0107) (26 -0.0107) (47 0.0107) (125 0.0106) (64 0.0104) (98 -0.0103) (79 0.0103) (18 -0.0103) (30 -0.01) 
  0.00041393   (151 0.981) (74 0.1) (57 -0.0818) (60 0.0727) (73 -0.0598) (66 0.0499) (70 -0.0362) (41 0.0324) (45 0.0295) (49 -0.0278) (54 -0.0256) (39 0.0216) (46 -0.021) (52 0.0193) (55 -0.0191) (75 0.0188) (53 0.0171) (56 -0.0168) (42 0.0137) (59 0.0134) (72 0.0129) (67 -0.0123) (36 -0.0117) (48 0.0113) (31 -0.011) (15 -0.01) 
   0.0004675   (21 -0.857) (22 -0.477) (20 -0.133) (52 0.0557) (24 0.0508) (51 -0.0501) (49 0.0499) (18 0.0468) (23 -0.0405) (53 0.0319) (16 0.0222) (54 -0.0202) (45 -0.0184) (48 -0.0177) (39 -0.017) (17 0.0168) (46 0.0157) (14 0.0147) (56 -0.0146) (57 -0.0144) (15 0.0125) (19 -0.0117) 
  0.00047136   (148 -0.585) (52 0.393) (51 -0.392) (49 0.35) (53 0.236) (54 -0.156) (41 -0.155) (48 -0.134) (45 -0.133) (50 0.123) (46 0.105) (39 -0.094) (57 -0.0828) (56 -0.0731) (22 0.0692) (43 0.0688) (42 -0.0676) (21 0.0654) (60 0.0633) (31 0.049) (47 0.0469) (36 0.0422) (15 0.036) (14 0.0323) (28 -0.0311) (74 0.0281) (44 -0.0276) (38 0.0246) (55 0.024) (37 -0.0224) (29 0.0222) (73 -0.0216) (82 0.021) (68 -0.0185) (20 -0.0164) (59 0.0154) (27 0.0143) (119 -0.0136) (17 0.0132) (34 -0.0128) (30 -0.0124) (81 -0.0114) (84 0.0109) (24 -0.0109) 
  0.00047398   (148 -0.811) (52 -0.284) (51 0.283) (49 -0.252) (53 -0.17) (54 0.113) (41 0.111) (48 0.0968) (45 0.0956) (50 -0.0884) (46 -0.076) (39 0.0679) (57 0.0597) (56 0.0526) (43 -0.0496) (42 0.0488) (22 -0.048) (60 -0.0456) (21 -0.0437) (31 -0.0353) (47 -0.0338) (36 -0.0305) (15 -0.0261) (14 -0.0234) (28 0.0224) (74 -0.0202) (44 0.0199) (38 -0.0178) (55 -0.0173) (37 0.0162) (29 -0.016) (73 0.0155) (82 -0.015) (68 0.0133) (20 0.0124) (59 -0.0111) (27 -0.0103) 
  0.00051572   (52 -0.591) (53 0.433) (39 0.369) (50 0.314) (41 -0.235) (49 0.205) (40 -0.193) (51 0.141) (55 -0.105) (42 -0.101) (56 -0.0927) (45 -0.0884) (43 0.081) (54 -0.0785) (57 -0.0738) (48 -0.0718) (46 0.0587) (60 0.0537) (44 -0.0322) (38 0.0256) (47 0.0241) (149 -0.0203) (68 -0.0202) (70 0.0185) (82 0.0161) (59 0.0156) (21 -0.0137) (37 -0.0137) (81 -0.0111) (69 0.0111) (73 -0.0101) 
  0.00053966   (149 -0.932) (39 -0.283) (40 0.124) (52 -0.115) (53 0.0743) (41 0.0741) (50 0.0716) (43 -0.0291) (42 0.0276) (31 0.0258) (56 -0.0226) (36 0.0186) (55 -0.0184) (57 -0.0159) (82 0.0136) (44 0.0125) (28 -0.0125) (15 0.0124) (60 0.0121) (20 -0.0119) (47 -0.0115) (22 0.0113) (54 -0.011) (74 0.0108) 
  0.00054938   (39 0.709) (149 -0.361) (52 0.33) (40 -0.309) (53 -0.216) (50 -0.203) (41 -0.178) (43 0.0707) (31 -0.0664) (42 -0.0654) (56 0.0636) (55 0.0533) (36 -0.0482) (57 0.045) (82 -0.0362) (60 -0.0342) (54 0.0327) (15 -0.0325) (28 0.0325) (20 0.0308) (44 -0.0306) (22 -0.0297) (74 -0.0285) (47 0.0283) (51 -0.0277) (14 -0.0257) (73 0.0257) (30 0.0252) (68 0.024) (29 -0.0227) (27 -0.0214) (49 -0.0212) (81 0.019) (45 0.0179) (34 0.0164) (26 0.0135) (69 -0.0126) (23 0.0124) (37 0.0107) (33 0.0101) (17 -0.01) 
  0.00055659   (70 -0.911) (57 0.189) (72 -0.146) (60 -0.143) (50 0.113) (51 -0.109) (55 0.107) (56 0.0905) (74 0.0808) (41 -0.0717) (54 0.0694) (52 -0.0588) (45 -0.0545) (75 0.0504) (49 -0.0448) (67 -0.0391) (73 0.0369) (147 -0.0348) (59 -0.0335) (66 0.0331) (42 -0.0308) (46 0.0304) (82 -0.0293) (76 -0.0252) (69 -0.0242) (38 0.0239) (84 0.0228) (47 -0.0226) (36 0.0219) (58 0.0205) (77 0.0205) (53 -0.0196) (124 -0.0184) (15 0.0177) (37 -0.0176) (31 0.0175) (22 0.0171) (88 0.017) (71 0.0162) (21 -0.016) (78 -0.0155) (29 0.0154) (122 0.0148) (28 -0.0147) (48 0.0143) (90 0.0141) (14 0.0136) (40 -0.0135) (126 -0.0133) (20 -0.0133) (121 -0.0118) (96 -0.0114) (123 -0.0113) (101 -0.01) 
  0.00056237   (147 -0.771) (49 0.348) (51 0.345) (50 -0.276) (53 -0.149) (48 -0.108) (39 -0.0922) (45 -0.0784) (41 -0.0752) (57 -0.0707) (46 0.0669) (70 -0.0653) (74 0.0522) (43 0.0497) (47 0.0419) (54 -0.041) (42 -0.0397) (73 -0.0382) (31 0.0308) (60 0.0289) (82 0.0288) (44 -0.0287) (66 0.0256) (15 0.0241) (36 0.0223) (20 -0.0203) (28 -0.0196) (22 0.0187) (14 0.0184) (68 -0.0173) (146 0.0166) (37 -0.0137) (29 0.0134) (81 -0.0133) (119 -0.0127) (67 -0.0121) (52 -0.0118) (55 -0.0115) (38 0.0112) (17 0.0111) (75 0.0109) (40 0.0105) 
   0.0005813   (147 -0.635) (49 -0.42) (51 -0.412) (50 0.329) (53 0.182) (48 0.131) (70 0.129) (39 0.112) (45 0.0985) (41 0.0957) (46 -0.0831) (57 0.0751) (74 -0.0678) (43 -0.0602) (42 0.0501) (47 -0.0495) (54 0.0458) (73 0.0445) (31 -0.0385) (44 0.0346) (82 -0.0336) (66 -0.033) (15 -0.0303) (36 -0.0284) (60 -0.027) (20 0.0255) (28 0.0247) (22 -0.0238) (14 -0.0232) (68 0.0205) (52 0.0178) (37 0.0178) (29 -0.0172) (67 0.0169) (75 -0.016) (81 0.0159) (38 -0.0151) (119 0.0148) (146 0.0138) (17 -0.0135) (27 -0.0121) (40 -0.0119) (34 0.0109) 
  0.00073271   (38 0.889) (22 0.231) (37 -0.186) (20 -0.161) (41 0.16) (24 0.143) (21 -0.101) (45 0.0797) (39 0.0757) (15 0.0748) (36 0.0727) (42 0.0532) (14 0.0488) (46 -0.0472) (17 0.0432) (25 0.0318) (53 0.0236) (40 0.0221) (29 0.0202) (50 -0.0198) (32 0.0196) (34 0.0192) (54 -0.019) (18 -0.0169) (52 0.0168) (57 -0.0154) (51 0.014) (55 -0.0139) (35 0.0139) (60 0.0136) (30 -0.0135) (49 -0.0132) (31 0.0132) (28 -0.0129) (33 -0.012) (13 -0.012) (47 0.0106) 
   0.0007854   (22 0.592) (24 0.453) (20 -0.405) (38 -0.324) (21 -0.234) (15 0.135) (17 0.119) (28 0.119) (31 -0.117) (36 -0.106) (25 0.0916) (37 0.0892) (29 -0.0889) (27 -0.0817) (14 0.0786) (18 -0.0523) (26 0.0484) (30 0.0411) (144 0.0374) (39 0.0238) (32 -0.0215) (33 0.0208) (23 -0.0204) (35 -0.018) (13 -0.0176) (19 -0.0131) (34 0.0125) (49 -0.0119) (43 -0.0101) 
   0.0010286   (144 0.995) (143 -0.087) (142 0.0313) (22 -0.0239) (24 -0.018) (20 0.0164) (135 -0.0105) 
   0.0010798   (45 -0.441) (49 -0.397) (48 0.389) (46 0.376) (41 -0.275) (15 0.229) (50 -0.198) (53 0.185) (47 -0.177) (51 0.152) (54 -0.149) (16 -0.129) (52 0.107) (42 -0.0809) (39 -0.0753) (14 0.0724) (55 -0.071) (60 0.0655) (38 0.0567) (36 0.0537) (57 -0.0522) (82 -0.0362) (44 0.0355) (37 -0.0341) (31 0.0279) (29 0.0274) (43 -0.0268) (28 -0.026) (68 0.0252) (17 -0.0213) (40 -0.0206) (81 0.0205) (69 -0.017) (59 0.0167) (78 -0.0167) (13 -0.0162) (70 0.0158) (30 -0.0134) (27 0.0134) (79 0.0134) (32 0.0118) (33 -0.0112) (66 0.0104) (35 0.0104) (84 0.0102) 
   0.0012152   (15 0.761) (16 -0.515) (14 0.138) (20 0.137) (22 -0.135) (45 0.132) (17 -0.114) (46 -0.106) (41 0.105) (48 -0.0906) (49 0.0879) (31 -0.0547) (36 -0.0545) (21 0.0543) (28 0.0493) (39 0.0474) (50 0.0458) (47 0.0426) (29 -0.0414) (53 -0.0392) (42 0.0353) (51 -0.0321) (38 -0.0312) (54 0.0307) (13 -0.0291) (27 -0.0272) (18 0.0258) (52 -0.0222) (24 0.0217) (37 0.0199) (30 0.0166) (55 0.0141) (26 0.0131) (60 -0.0117) (33 0.011) 
   0.0012789   (145 -1) (135 -0.0153) 
   0.0014387   (53 -0.611) (54 -0.456) (36 0.35) (55 -0.264) (51 -0.223) (50 0.212) (52 -0.205) (31 0.149) (28 -0.0892) (57 -0.085) (60 0.0834) (45 -0.0683) (29 0.06) (39 0.0591) (22 0.0505) (15 0.05) (37 0.0476) (46 0.0459) (20 -0.0443) (34 -0.0425) (47 -0.0385) (30 -0.0372) (14 0.0352) (33 -0.0346) (38 -0.0343) (35 0.0342) (32 0.0325) (27 0.0318) (82 -0.0317) (71 -0.0311) (68 0.0287) (21 -0.0258) (48 0.0245) (41 -0.0219) (59 0.0204) (43 -0.0204) (137 -0.02) (73 0.0172) (69 -0.0165) (42 -0.0162) (26 -0.015) (66 -0.0144) (81 0.014) (79 0.0112) (44 0.0106) (121 -0.0103) (120 0.01) 
   0.0014947   (36 0.729) (31 0.305) (53 0.282) (54 0.178) (41 0.174) (28 -0.153) (39 0.15) (37 0.15) (38 -0.149) (137 -0.115) (50 -0.114) (51 0.114) (45 0.11) (34 -0.105) (55 0.102) (52 0.1) (29 0.1) (22 0.0713) (42 0.0693) (33 -0.0691) (15 0.0675) (20 -0.067) (35 0.0663) (46 -0.0646) (30 -0.0643) (32 0.0533) (27 0.049) (14 0.049) (49 -0.0293) (60 -0.0275) (21 -0.0272) (26 -0.0263) (17 0.0242) (57 0.0238) (25 -0.0207) (47 0.0164) (82 0.0147) (43 -0.0138) (24 -0.0122) (71 0.0117) (13 -0.0111) (73 -0.0108) (23 -0.0105) 
   0.0015449   (137 -0.992) (36 -0.092) (135 -0.0557) (31 -0.0385) (53 -0.02) (28 0.0197) (41 -0.0195) (39 -0.0185) (37 -0.0183) (38 0.0179) (34 0.0131) (29 -0.0129) (54 -0.0115) (45 -0.0111) 
   0.0016535   (13 -0.942) (31 0.199) (34 0.182) (33 0.0982) (36 -0.0846) (14 -0.0794) (28 -0.0617) (29 0.0521) (32 -0.0503) (35 -0.0398) (30 0.0365) (133 0.0356) (41 0.0203) (39 0.0202) (71 0.0144) (12 0.0136) (37 0.0135) (38 -0.0122) (18 -0.0121) (22 0.0108) (24 -0.0104) 
   0.0018126   (133 0.564) (31 0.49) (34 0.433) (13 0.279) (33 0.229) (36 -0.197) (29 0.142) (28 -0.132) (32 -0.118) (35 -0.0943) (30 0.068) (14 0.0613) (39 0.0509) (15 0.0448) (20 -0.039) (41 0.0346) (22 0.0341) (37 0.033) (17 0.0302) (42 0.0259) (24 -0.0257) (38 -0.0225) (27 0.0216) (26 -0.0206) (44 0.0202) (25 -0.0186) (21 -0.0179) (23 -0.0175) (19 -0.0165) (43 -0.0153) (45 0.0139) (51 0.0115) (16 0.0115) (48 0.0112) (50 0.0102) 
   0.0020028   (133 0.825) (31 -0.344) (34 -0.304) (33 -0.161) (13 -0.15) (36 0.138) (29 -0.0992) (28 0.0932) (32 0.0829) (35 0.0662) (30 -0.048) (14 -0.0385) (39 -0.0356) (15 -0.0304) (20 0.0268) (41 -0.0245) (22 -0.0238) (37 -0.0231) (17 -0.0211) (42 -0.018) (24 0.018) (38 0.0159) (27 -0.015) (26 0.0144) (44 -0.0141) (25 0.013) (21 0.0122) (23 0.0121) (19 0.0114) (43 0.0107) 
   0.0021379   (30 0.693) (29 0.578) (28 -0.232) (31 -0.204) (50 0.163) (34 -0.131) (51 0.129) (52 0.0943) (33 -0.0722) (48 0.0543) (35 0.0511) (36 -0.0329) (72 0.0328) (20 -0.0317) (37 0.0243) (45 0.0237) (42 0.0236) (74 -0.0208) (129 -0.0206) (73 -0.0206) (60 -0.0191) (49 0.0183) (54 -0.0173) (53 -0.016) (41 0.0153) (26 -0.0148) (56 -0.0145) (15 0.0144) (47 -0.014) (76 0.0118) (40 -0.0116) (23 0.0115) (22 0.0115) 
   0.0023713   (72 0.617) (73 -0.466) (74 -0.332) (129 -0.245) (68 -0.216) (77 -0.205) (67 -0.179) (75 -0.143) (82 -0.11) (70 -0.108) (66 0.0885) (69 -0.0861) (60 -0.075) (56 0.0726) (54 0.064) (51 -0.0597) (40 -0.055) (78 -0.0546) (62 0.0491) (83 -0.0444) (71 0.0443) (81 0.043) (65 -0.042) (106 0.0382) (45 -0.0368) (79 -0.034) (61 0.0337) (55 -0.033) (86 0.0322) (52 -0.0316) (30 -0.0288) (80 0.0275) (85 -0.0263) (53 -0.023) (31 0.0206) (48 -0.0198) (76 0.0197) (39 -0.0184) (49 -0.0184) (64 0.0178) (29 -0.0167) (41 -0.0162) (59 -0.0148) (89 -0.0143) (63 0.014) (46 0.0139) (47 -0.0138) (93 -0.0133) (42 -0.0129) (104 -0.0114) (121 0.011) (84 0.0106) (36 0.0105) 
   0.0024487   (129 -0.624) (50 -0.485) (51 -0.398) (52 -0.298) (72 -0.146) (30 0.128) (48 -0.124) (29 0.107) (74 0.094) (60 0.0864) (73 0.0835) (54 0.0718) (53 0.0592) (56 0.0582) (40 -0.0516) (42 -0.0501) (28 -0.0464) (57 -0.0427) (68 0.0413) (49 -0.0409) (45 -0.039) (75 0.0359) (131 0.0335) (55 -0.0313) (47 0.0312) (41 0.0301) (70 0.029) (77 0.0272) (69 0.0265) (35 0.0239) (64 -0.0225) (31 -0.021) (39 -0.0203) (61 -0.0197) (84 -0.0195) (80 -0.0192) (82 0.0183) (78 0.0183) (76 -0.0173) (20 -0.0157) (119 0.0142) (34 -0.0133) (88 0.0133) (90 -0.013) (130 -0.0128) (59 0.0125) (66 -0.011) (67 0.0102) (15 0.0101) 
   0.0025154   (129 -0.738) (50 0.407) (51 0.351) (52 0.259) (30 -0.118) (48 0.11) (29 -0.101) (73 0.0836) (72 -0.0816) (54 -0.0813) (56 -0.0728) (131 0.0676) (40 0.0623) (67 0.0508) (60 -0.0473) (42 0.0459) (45 0.0447) (77 0.0444) (28 0.0434) (53 -0.0417) (49 0.0402) (55 0.0372) (57 0.0368) (68 0.0367) (74 0.0307) (130 -0.0281) (39 0.0234) (35 -0.022) (47 -0.0212) (41 -0.0203) (66 -0.0201) (82 0.0199) (71 -0.0198) (83 0.0183) (75 0.0169) (31 0.0164) (85 0.0164) (20 0.0141) (62 -0.0134) (84 0.013) (64 0.0128) (34 0.0118) (46 -0.0117) (70 0.0114) (88 -0.0112) (15 -0.0111) (119 -0.0109) (101 -0.0102) (65 0.0101) 
   0.0026346   (23 0.841) (24 -0.413) (20 -0.19) (54 -0.139) (22 0.109) (21 -0.0931) (55 0.0854) (56 0.0826) (28 0.0724) (60 -0.0662) (27 -0.0556) (57 -0.0426) (53 0.0425) (15 0.0419) (45 0.0386) (29 -0.0373) (50 -0.0307) (41 0.0302) (42 0.0299) (25 -0.0289) (26 0.0261) (36 -0.0256) (38 -0.0249) (46 -0.0225) (59 -0.0225) (32 -0.0216) (30 0.0213) (31 -0.0213) (14 0.0205) (37 0.0204) (51 0.0179) (12 -0.0177) (82 0.0151) (119 0.0137) (68 -0.0129) (49 -0.012) (47 0.0118) (34 0.0112) (17 0.0105) (74 -0.0101) 
   0.0029477   (60 0.704) (57 0.601) (59 0.208) (68 -0.13) (56 -0.121) (54 0.113) (23 0.0909) (69 0.0893) (55 0.0796) (53 -0.0708) (58 0.0532) (45 -0.0455) (50 0.041) (24 -0.0401) (49 0.039) (132 -0.038) (72 0.0356) (106 -0.0341) (42 -0.0324) (67 -0.0323) (84 -0.0314) (73 -0.0302) (82 -0.0292) (81 0.0281) (124 -0.028) (20 -0.0263) (62 0.0237) (46 0.0236) (123 -0.0224) (61 -0.0197) (22 0.0177) (78 0.0176) (70 0.0172) (66 -0.0171) (36 0.0169) (64 -0.0159) (65 -0.0158) (21 -0.0145) (110 -0.0143) (51 0.0143) (90 -0.0134) (43 -0.0131) (47 -0.0131) (108 -0.0125) (104 0.0121) (102 -0.0119) (101 -0.0117) (99 -0.0105) 
   0.0031599   (132 -0.827) (54 0.366) (55 -0.315) (56 -0.177) (57 -0.0968) (23 0.0886) (53 -0.0749) (68 0.0646) (50 0.0555) (41 -0.0539) (45 -0.0453) (69 -0.0444) (52 0.0416) (24 -0.041) (46 0.0362) (82 -0.0321) (51 -0.031) (49 0.0288) (60 -0.0261) (20 -0.0235) (22 0.0232) (47 -0.0189) (72 -0.0179) (66 0.0161) (58 -0.0157) (67 0.0152) (74 0.015) (81 0.0149) (70 -0.0144) (43 -0.0142) (21 -0.0141) (119 -0.0136) (36 0.0134) (15 0.0132) (39 -0.0129) (78 -0.0126) (130 0.0124) (79 0.0124) (73 0.0122) (42 0.0117) (84 0.0109) (38 0.0108) 
    0.003461   (132 -0.56) (54 -0.547) (55 0.457) (56 0.27) (23 -0.137) (53 0.115) (57 0.0997) (68 -0.0867) (50 -0.0846) (41 0.0798) (45 0.07) (24 0.0633) (52 -0.0606) (69 0.0595) (46 -0.0549) (82 0.0494) (49 -0.0453) (51 0.0445) (20 0.0366) (123 -0.0358) (22 -0.0354) (124 -0.0343) (119 0.0305) (47 0.0287) (72 0.0241) (81 -0.0238) (74 -0.0228) (66 -0.0226) (21 0.0218) (43 0.0218) (36 -0.021) (67 -0.0203) (70 0.0201) (15 -0.02) (58 0.0193) (39 0.0187) (79 -0.0183) (78 0.0176) (38 -0.0162) (106 -0.0161) (73 -0.0161) (84 -0.0151) (44 -0.0145) (42 -0.0145) (31 -0.0143) (121 -0.0124) (40 0.0123) (59 -0.0121) (14 -0.0115) (60 -0.0109) (75 -0.0108) (117 0.0103) 
   0.0036417   (37 -0.926) (38 -0.237) (66 -0.217) (84 -0.0802) (36 0.07) (41 0.0653) (57 -0.0638) (39 0.0527) (60 0.0417) (31 0.0401) (45 0.0384) (71 0.033) (42 0.0306) (86 -0.0277) (70 -0.0272) (29 0.0271) (128 -0.0266) (28 -0.0237) (46 -0.0223) (43 -0.022) (55 -0.0203) (64 -0.0197) (52 0.0192) (22 0.0188) (69 -0.0177) (51 0.0159) (73 -0.0157) (82 0.0148) (49 -0.0146) (15 0.0143) (21 -0.0137) (20 -0.0128) (68 -0.0127) (34 0.0124) (56 0.0118) (106 0.0117) (87 0.0117) (14 0.0114) (33 -0.0108) (35 0.0106) (53 0.0106) (67 -0.0104) 
    0.003651   (84 -0.85) (128 -0.316) (86 -0.22) (82 0.212) (66 0.137) (87 0.112) (106 0.0879) (90 0.0777) (81 -0.0642) (60 -0.0578) (92 -0.0531) (37 0.0501) (83 -0.0471) (85 -0.0447) (41 -0.0392) (91 0.0381) (93 -0.0355) (57 0.0354) (78 0.0344) (88 0.034) (50 0.0295) (69 0.0285) (79 -0.0284) (103 -0.0269) (117 -0.0264) (119 -0.026) (38 0.0247) (45 -0.0241) (54 0.024) (102 0.022) (120 0.0218) (108 0.0216) (125 -0.0195) (111 -0.0191) (53 -0.019) (68 -0.0185) (46 0.0183) (89 -0.0181) (94 -0.0171) (56 0.016) (96 -0.0159) (114 0.0158) (71 -0.0158) (115 -0.0156) (104 -0.0156) (55 -0.0151) (109 -0.0147) (110 -0.0146) (126 -0.0137) (116 0.0133) (77 -0.0129) (64 0.0122) (121 -0.0112) (113 -0.0109) (59 -0.0108) (80 0.0105) (105 0.0102) 
   0.0038669   (128 -0.698) (66 0.568) (84 0.293) (37 -0.159) (57 0.112) (71 -0.0939) (60 -0.0894) (86 0.08) (70 0.0799) (82 -0.0789) (55 0.0567) (56 -0.0536) (64 0.0487) (68 0.0481) (73 0.0469) (87 -0.0392) (69 0.0384) (90 -0.0362) (106 -0.0356) (38 -0.0341) (52 -0.0296) (67 0.0289) (72 -0.0245) (51 -0.0242) (91 -0.0235) (83 0.023) (81 0.0214) (92 0.0201) (42 -0.0198) (76 0.0189) (65 0.0189) (36 0.0166) (53 -0.016) (126 -0.0156) (108 -0.0143) (45 -0.0138) (31 0.0132) (110 0.013) (85 0.0128) (28 -0.0123) (61 0.0116) (104 0.0114) (103 0.0101) 
    0.003919   (66 -0.678) (128 -0.641) (37 0.187) (57 -0.137) (60 0.125) (71 0.109) (84 0.105) (70 -0.0882) (64 -0.0582) (69 -0.0555) (55 -0.0527) (56 0.0493) (73 -0.0474) (68 -0.0421) (38 0.0346) (67 -0.0318) (52 0.0298) (51 0.0282) (53 0.0267) (45 0.0258) (36 -0.0243) (72 0.0236) (65 -0.0219) (82 -0.0217) (86 0.0216) (76 -0.0209) (78 -0.0205) (41 0.0188) (31 -0.0186) (42 0.0182) (46 -0.0162) (28 0.015) (50 -0.0147) (61 -0.0133) (15 -0.0129) (87 -0.0126) (77 0.0124) (93 0.0121) (22 -0.012) (20 0.0113) (29 -0.0109) (88 -0.0107) (14 -0.0104) (43 -0.0101) 
   0.0039897   (105 0.736) (113 0.34) (107 0.224) (103 0.212) (109 0.166) (101 -0.163) (104 -0.156) (68 0.151) (115 0.142) (69 -0.139) (97 -0.121) (91 0.113) (108 0.106) (120 0.095) (71 0.0824) (99 -0.0805) (90 -0.0736) (98 0.0729) (116 -0.0726) (118 0.0711) (100 -0.0654) (102 -0.063) (146 -0.0436) (56 -0.0417) (55 0.0375) (92 0.035) (82 0.0346) (94 0.0334) (110 -0.0288) (81 -0.0282) (89 0.0273) (112 -0.025) (88 -0.0226) (73 -0.021) (72 0.0182) (60 0.0174) (54 -0.0165) (79 -0.0154) (74 -0.0151) (57 0.015) (122 0.0147) (67 0.0134) (78 0.0133) (125 -0.0108) (143 0.0106) (86 -0.0102) 
   0.0041428   (143 0.985) (146 0.143) (144 0.0865) (135 -0.0182) (142 -0.0174) (113 0.0111) 
   0.0043258   (68 0.578) (69 -0.541) (71 0.333) (56 -0.289) (55 0.247) (105 -0.191) (73 -0.0802) (72 0.0765) (82 0.0765) (107 -0.0735) (60 0.0733) (74 -0.0716) (103 -0.0609) (54 -0.0597) (113 -0.0595) (81 -0.0555) (106 -0.0513) (52 -0.0502) (67 0.0483) (108 -0.0454) (101 0.0453) (79 -0.0385) (59 0.0381) (115 -0.0355) (84 -0.0335) (41 0.0327) (75 -0.0324) (42 -0.0315) (109 -0.0315) (78 0.0308) (92 -0.0288) (50 -0.0284) (146 0.0272) (66 0.027) (120 -0.0263) (90 -0.0261) (77 -0.0256) (61 0.0254) (104 0.024) (53 -0.0233) (118 -0.0224) (97 0.0215) (57 0.02) (70 -0.0182) (99 0.0168) (116 0.0163) (51 -0.0145) (94 -0.0145) (58 -0.0137) (100 0.0133) (86 0.0133) (98 -0.0118) (65 0.0116) (102 -0.0109) (114 0.0108) 
   0.0043965   (44 -0.628) (71 0.432) (79 -0.289) (80 -0.282) (43 -0.175) (42 -0.173) (83 0.169) (93 -0.142) (86 0.124) (68 -0.121) (78 0.112) (72 -0.0914) (41 0.0908) (69 0.0872) (76 -0.084) (45 -0.0825) (56 0.081) (55 -0.077) (99 -0.0765) (82 -0.0743) (108 0.0641) (77 0.0636) (112 0.0617) (66 0.0565) (87 -0.0521) (81 -0.0491) (96 0.0445) (98 0.0407) (84 -0.0403) (50 0.0397) (74 -0.0377) (40 0.0343) (60 -0.034) (73 -0.0309) (46 -0.0306) (70 0.0303) (104 0.0279) (52 0.0255) (105 -0.0229) (28 -0.0225) (89 0.0222) (48 0.0209) (47 -0.0206) (103 0.0192) (157 -0.0189) (101 0.0178) (75 0.0168) (85 -0.0165) (64 0.0163) (39 0.0161) (91 -0.015) (102 0.0144) (54 0.0143) (97 -0.0141) (29 -0.014) (106 -0.0138) (113 0.0131) (53 -0.0111) (19 0.011) (13 0.0107) (33 0.0104) (51 0.0103) 
   0.0044919   (157 -0.999) (44 0.0331) 
   0.0046054   (44 -0.623) (71 -0.527) (79 0.206) (78 -0.197) (43 -0.187) (80 0.18) (42 -0.174) (68 0.137) (41 0.132) (72 0.114) (86 -0.108) (56 -0.104) (83 -0.101) (69 -0.0902) (108 -0.0883) (45 -0.086) (66 -0.0822) (87 0.0731) (82 0.0693) (112 -0.062) (99 0.0555) (90 0.0549) (76 0.0505) (55 0.0435) (46 -0.0433) (40 0.0398) (70 -0.0365) (157 -0.0333) (74 0.0312) (91 0.031) (39 0.0268) (64 -0.0261) (84 0.025) (98 -0.0248) (106 -0.024) (104 -0.0218) (48 0.0211) (53 0.0189) (75 -0.0182) (105 0.0181) (73 0.0175) (117 0.0172) (33 0.0163) (67 -0.0162) (77 -0.0151) (85 0.015) (101 -0.0149) (36 -0.0141) (81 0.0139) (119 0.0132) (50 -0.0129) (93 -0.0128) (113 -0.0125) (49 -0.0123) (121 0.0121) (47 -0.0114) (97 0.0105) (109 0.0102) (37 0.01) 
   0.0047715   (19 -0.967) (134 0.234) (18 -0.0681) (17 -0.0541) (22 -0.0253) (21 0.0247) (23 0.0179) (29 -0.0158) (20 -0.0148) (8 0.0146) (44 -0.011) (27 -0.0108) (34 -0.0103) 
    0.004926   (134 0.972) (19 0.233) (18 0.0164) (17 0.013) 
   0.0049589   (8 -1) (19 -0.0126) 
    0.005116   (4 -1) 
   0.0052637   (24 -0.753) (23 -0.47) (22 0.248) (25 0.189) (20 -0.153) (21 -0.128) (31 -0.122) (17 0.109) (15 0.104) (14 0.093) (140 -0.0738) (26 0.0595) (28 0.0544) (27 -0.0499) (16 0.0498) (29 -0.0474) (41 0.0365) (39 0.0358) (43 -0.0351) (18 0.0293) (19 -0.0287) (34 0.0262) (30 0.0234) (82 0.0187) (36 -0.0176) (13 -0.0165) (35 -0.0163) (56 -0.0157) (42 0.0138) (33 0.0136) (37 0.0132) (47 -0.0124) (44 0.012) (68 -0.0111) (55 0.0107) (40 0.0103) (32 0.0101) 
   0.0053526   (140 -0.997) (24 0.0557) (23 0.0348) (22 -0.0184) (25 -0.014) (20 0.0113) 
   0.0056191   (10 0.857) (17 0.388) (18 0.312) (20 0.0872) (19 -0.043) (24 0.038) (15 0.0364) (23 0.0334) (21 0.0315) (16 0.0304) (22 -0.0293) (14 0.0239) (31 -0.0167) (25 0.0158) (27 -0.0119) 
   0.0057328   (138 0.996) (17 0.0558) (10 -0.0478) (18 0.045) (20 0.0124) 
   0.0058151   (17 -0.641) (18 -0.518) (10 0.513) (20 -0.143) (138 0.0883) (19 0.07) (15 -0.0621) (24 -0.0618) (23 -0.0578) (21 -0.0497) (16 -0.0496) (22 0.0475) (14 -0.0401) (25 -0.0294) (31 0.0282) (27 0.0242) (34 -0.015) (26 -0.0145) (82 -0.0138) (30 -0.0136) (39 -0.0129) (43 0.0125) (13 0.0117) (28 -0.011) (36 -0.0103) 
   0.0061172   (12 0.962) (42 0.166) (11 -0.155) (41 -0.0755) (40 -0.0724) (44 -0.0639) (43 -0.0416) (14 0.0401) (39 -0.0327) (55 0.0227) (46 -0.0173) (15 0.0145) (56 -0.0128) (59 0.0118) (45 0.0117) (33 -0.0108) 
   0.0066187   (141 -0.998) (42 0.0505) (41 -0.0236) (40 -0.0192) (44 -0.0168) (12 -0.0154) (43 -0.0118) 
   0.0072704   (42 -0.767) (41 0.358) (40 0.291) (44 0.256) (12 0.215) (43 0.18) (39 0.134) (46 0.0724) (141 -0.0659) (55 -0.063) (45 -0.0572) (33 0.0493) (56 0.0377) (59 -0.0376) (50 0.0369) (52 0.0333) (11 -0.0316) (31 -0.03) (54 0.029) (23 0.0249) (73 -0.0246) (106 -0.0246) (64 0.0239) (78 0.0229) (51 0.0221) (79 0.0203) (38 -0.0192) (60 -0.019) (36 -0.0184) (32 0.018) (75 -0.0179) (74 -0.0173) (84 -0.017) (28 -0.0169) (72 -0.0151) (80 -0.015) (47 -0.0146) (61 -0.0139) (71 -0.0136) (20 -0.0136) (67 -0.0135) (65 0.0129) (22 -0.0123) (48 0.0112) (108 -0.0109) (63 0.0103) (85 -0.0101) (34 -0.0101) (37 0.01) 
   0.0080973   (11 -0.959) (33 -0.187) (12 -0.155) (35 0.088) (32 -0.0728) (34 0.0518) (31 0.0375) (40 0.0238) (36 -0.0228) (14 0.0194) (65 0.0176) (29 -0.0162) (28 0.0133) (42 -0.0126) (39 0.011) (136 -0.0108) (30 0.0101) 
   0.0089966   (136 -0.982) (33 -0.138) (135 0.0644) (35 0.0617) (32 -0.0545) (11 0.0515) (34 0.0377) (31 0.028) (40 0.0199) (36 -0.0167) (28 0.0128) (29 -0.012) (30 0.0104) 

 Largest eigenvalues
      48.311   (162 -0.943) (164 0.255) 
      15.907   (55 0.459) (56 -0.611) (82 -0.35) 
      6.0061   (81 0.362) (82 -0.697) 
      5.4049   (106 -0.785) (108 -0.328) 
      4.3602   (146 0.98) 
      1.5542   (162 -0.267) (164 -0.963) 
      1.2279   (163 -0.992) 
      1.2015   (165 0.996) 
      1.1304   (90 0.445) (91 -0.768) 
      1.1141   (100 -0.437) (101 -0.559) (107 0.533) 
      1.1079   (100 -0.368) (101 -0.34) (107 -0.742) (115 0.287) 
      1.0681   (111 0.353) (115 -0.797) 
      1.0246   (102 0.302) (103 -0.654) (104 0.505) 
     0.98569   (100 0.686) (101 -0.53) 
     0.91164   (101 0.239) (111 -0.677) (122 0.227) (130 -0.223) (135 -0.223) 
     0.83627   (109 0.364) (111 0.462) (115 0.31) 
     0.76223   (109 -0.742) (110 0.325) 
      0.6776   (97 -0.854) (99 0.311) 
     0.64163   (114 -0.559) (125 -0.495) (135 -0.382) 
     0.64043   (113 0.457) (114 0.671) (125 -0.305) 
     0.59983   (109 0.381) (110 0.547) (113 -0.503) (114 0.327) 
     0.57272   (110 -0.702) (113 -0.43) 
      0.5725   (122 0.492) (123 0.35) (130 0.354) (131 0.325) 
     0.56976   (123 -0.492) (124 -0.562) (125 0.292) (130 0.318) (131 0.288) 
     0.55316   (118 -0.323) (119 -0.677) (121 0.366) (123 0.329) 
     0.54797   (117 -0.505) (118 0.708) 
     0.54644   (116 0.315) (120 0.599) (126 0.326) (131 0.286) 
      0.5344   (116 -0.588) (135 0.304) 
     0.50053   (116 0.64) (120 -0.383) (125 -0.331) (135 0.349) 
     0.46716   (92 -0.964) 
     0.46504   (120 0.492) (124 -0.298) (126 -0.392) (135 0.408) 
     0.43868   (94 -0.941) 
     0.32878   (94 0.286) (102 0.38) (103 0.595) (104 0.549) 
     0.31693   (102 -0.782) (104 0.351) (106 0.314) 
     0.29089   (99 -0.373) (112 -0.335) (117 -0.305) 
     0.26657   (78 -0.319) (86 0.607) 
     0.24984   (78 0.478) (98 -0.36) (99 0.474) 
     0.23529   (71 0.335) (78 -0.502) (86 -0.521) 
     0.23029   (99 -0.355) (108 0.377) (112 0.593) 
     0.20117   (90 -0.686) (91 -0.326) (93 0.5) 
     0.15817   (90 0.362) (96 -0.537) (108 -0.435) 
     0.14432   (87 0.315) (93 -0.601) (108 -0.338) 
     0.13387   (85 -0.395) (87 -0.784) 
     0.12154   (88 -0.363) (89 -0.708) (93 0.308) (96 0.315) 
     0.11309   (78 0.399) (80 0.444) (83 -0.426) 
     0.10991   (76 -0.322) (77 0.324) (79 -0.318) (96 0.279) 
     0.10505   (58 -0.244) (59 0.324) (64 0.404) (76 0.322) 
     0.10045   (58 0.602) (59 -0.465) 
    0.096639   (58 -0.587) (64 -0.424) 
     0.09114   (58 0.367) (59 0.404) (64 0.262) (76 -0.295) (96 -0.305) (108 0.28) 
    0.085732   (59 -0.601) (64 0.298) 
     0.07638   (59 0.286) (63 0.291) (64 -0.537) (83 -0.3) 
    0.076125   (63 -0.743) (67 -0.314) 
    0.073773   (61 -0.509) (62 0.307) (63 0.472) 
    0.071724   (61 0.724) (63 0.228) (77 -0.205) 
     0.06354   (61 -0.317) (67 0.256) (118 -0.256) (119 0.29) 
    0.061609   (61 0.225) (62 0.238) (67 -0.348) (73 0.281) (77 0.365) (80 0.263) 
    0.058598   (62 -0.624) (69 0.24) (76 0.22) (79 -0.256) (80 0.227) (85 -0.246) 
     0.05719   (62 0.584) (67 0.281) (72 -0.279) (73 -0.226) (77 -0.256) (79 -0.205) (85 -0.244) 
    0.053764   (62 -0.275) (65 -0.253) (67 -0.404) (69 -0.353) (76 -0.288) (77 -0.318) 
    0.053425   (65 0.458) (72 0.354) (80 -0.332) (98 -0.267) 
    0.047129   (65 -0.604) (77 0.324) 
    0.046637   (65 0.523) (67 -0.283) (69 -0.244) (72 -0.281) (73 -0.237) (76 0.239) (85 0.224) (98 -0.207) 
    0.046295   (72 0.205) (73 0.206) (76 -0.271) (77 -0.259) (79 -0.26) (80 0.339) (83 0.287) (85 0.231) (88 0.23) 
    0.044123   (33 -0.404) (35 -0.798) (40 -0.335) 
    0.041907   (35 0.415) (40 -0.713) (41 0.346) 
    0.040296   (75 -0.473) (85 -0.288) (121 -0.28) 
    0.039557   (47 0.362) (48 0.526) (75 0.433) 
    0.038544   (47 -0.335) (48 -0.467) (75 0.504) 
    0.031215   (26 -0.786) (32 -0.325) 
    0.029445   (27 0.706) (30 0.312) 
    0.027196   (27 -0.289) (30 -0.293) (43 -0.309) (88 -0.339) 
    0.025256   (27 -0.238) (31 0.204) (32 0.772) (88 -0.241) 
    0.021022   (32 -0.246) (43 0.431) (75 -0.316) (85 0.253) (88 -0.352) 
    0.020711   (119 0.287) (130 -0.622) (131 0.53) 
    0.020416   (127 0.578) (160 -0.807) 
    0.018884   (127 0.577) (160 0.301) (161 0.759) 
    0.017498   (127 0.577) (160 0.507) (161 -0.64) 
     0.01541   (28 -0.78) (29 -0.557) 
    0.014918   (139 0.998) 
