 1 61708.4
 2 600.55
 3 5.23333
 4 247886
 5 642.525
 6 55.3053
 7 740252
 8 94.7159
 9 6295.19
 10 2729.9
 11 7.92198
 12 1415.61
 13 826016
 14 7771.37
 15 0.816045
 16 710442
 17 5042.89
 18 1.72849
 19 163374
 20 2827.63
 21 56.8912
 22 269228
 23 3955.66
 24 15.6078
 25 253.536
 26 311.175
 27 12.6413
 28 3348.8
 29 363.463
 30 171.779
 31 527.076
 32 117.97
 33 748.201
 34 221.559
 35 202.972
 36 282.586
 37 1531.67
 38 3126
 39 6.19127
 40 936.931
 41 4916.49
 42 1.99157
 43 652.383
 44 1513.61
 45 23.6069
 46 6564.42
 47 2029.96
 48 658.857
 49 2029.05
 50 185.858
 51 321.098
 52 232.561
 53 3004.76
 54 302.662
 55 143.367
 56 301.099
 57 1363.05
 58 82.2342
 59 145.56
 60 168.198
 61 29.2533
 62 1.75952
 63 214.233
 64 389.904
 65 1.95469
 66 424.21
 67 3694.64
 68 176.123
 69 97483.6
 70 348904
 71 3137.84
 72 17.9804
 73 21561.3
 74 102.226
 75 10665.4
 76 10868.3
 77 8.84005
 78 1304.11
 79 11056.1
 80 111.221
 81 2254.22
 82 2276.66
 83 455.059
 84 2.46675
 85 171.09
 86 2.67433
 87 2138.63
 88 1.71465
 89 1.64258
 90 1.88682
 91 9.327
 92 504.6
 93 1430.88
 94 865.034
 95 1507.71
 96 1914.43
 97 395.423
 98 286.545
 99 144.03
 100 859.36
 101 1549.37
 102 116.879
 103 164.222
 104 148.397
 105 140.922
 106 168.512
 107 172.162
 108 175.089
 109 129.147
 110 96.1658
 111 188.971
 112 206.241
 113 188.675
 114 171.678
 115 182.432
 116 140.219
 117 179.247
 118 198.072
 119 153.227
 120 92.5928
 121 126.084
 122 49.5573
 123 60.9799
 124 38.4607
 125 30.8172
 126 50.9687
 127 28.6139
 128 98.9034
 129 69.3879
 130 62.9697
 131 20.1836
 132 20.9015
 133 23.2552
 134 36.9001
 135 9.12405
 136 47.4492
 137 10.4058
 138 9.49323
 139 9.35581
 140 11.0324
 141 12.0519
 142 8.95908
 143 9.47903
 144 15.13
 145 15.0507
 146 12.729
 147 10.3127
 148 25.1473
 149 16.9192
 150 12.5128
 151 13.9688
 152 23.4452
 153 22.1873
 154 14.643
 155 19.9429
 156 23.9459
 157 46.9368
 158 0.276088
 159 0.0729085
 160 0.18063
 161 3.94766
 162 35.6986
 163 194.303
 164 263.474
 165 6.54106
