 1 1000
 2 566.079
 3 4.98036
 4 1000
 5 615.792
 6 53.0378
 7 999.957
 8 15.5044
 9 980.355
 10 906.475
 11 4.53407
 12 740.58
 13 1000
 14 999.4
 15 0.814596
 16 1000
 17 999.181
 18 1.00869
 19 1000
 20 977.634
 21 20.31
 22 1000
 23 995.071
 24 4.59312
 25 237.386
 26 269.298
 27 10.9819
 28 993.588
 29 320.629
 30 152.441
 31 525.098
 32 114.231
 33 723.138
 34 214.745
 35 193.013
 36 267.693
 37 989.899
 38 998.458
 39 3.07617
 40 589.577
 41 973.096
 42 1.74105
 43 480.738
 44 871.671
 45 14.0572
 46 998.109
 47 736.647
 48 265.916
 49 960.945
 50 183.801
 51 277.121
 52 197.867
 53 967.764
 54 275.503
 55 117.835
 56 243.13
 57 947.324
 58 80.5594
 59 130.734
 60 149.984
 61 29.2049
 62 1.75916
 63 212.839
 64 386.632
 65 1.94835
 66 421.483
 67 955.33
 68 46.8016
 69 999.92
 70 1000
 71 992.845
 72 6.92427
 73 999.749
 74 10.6498
 75 990.588
 76 989.892
 77 5.94097
 78 808.549
 79 999.248
 80 43.7689
 81 953.159
 82 991.669
 83 416.525
 84 2.35331
 85 133.111
 86 2.38722
 87 968.885
 88 1.71457
 89 1.64257
 90 1.8867
 91 8.66832
 92 425.426
 93 833.458
 94 545.422
 95 820.925
 96 925.62
 97 375.068
 98 276.164
 99 142.592
 100 734.084
 101 942.295
 102 113.119
 103 161.385
 104 146.626
 105 140.073
 106 167.724
 107 171.243
 108 174.216
 109 128.308
 110 94.431
 111 188.098
 112 205.28
 113 187.962
 114 171.328
 115 181.952
 116 139.547
 117 178.86
 118 197.769
 119 152.835
 120 91.6092
 121 125.534
 122 49.0885
 123 60.0355
 124 38.1018
 125 30.2929
 126 50.6483
 127 27.3956
 128 97.2236
 129 68.328
 130 61.8634
 131 19.9314
 132 20.6968
 133 22.9801
 134 36.1962
 135 8.91047
 136 47.1761
 137 10.2215
 138 9.28437
 139 9.15545
 140 10.7659
 141 11.478
 142 8.66439
 143 9.22197
 144 14.9078
 145 14.8152
 146 12.4569
 147 10.0217
 148 24.8394
 149 16.5631
 150 12.2507
 151 13.6914
 152 23.0664
 153 21.5792
 154 14.3448
 155 19.7236
 156 23.7516
 157 46.7021
 158 0.232627
 159 0.0707306
 160 0.167292
 161 3.76204
 162 33.3851
 163 165.421
 164 258.378
 165 6.0796
