 1 31.6228
 2 23.5523
 3 1.12477
 4 31.6228
 5 23.8151
 6 3.00433
 7 31.6219
 8 1.4342
 9 31.0726
 10 29.9516
 11 1.0799
 12 26.9389
 13 31.6228
 14 31.6111
 15 0.902439
 16 31.6228
 17 31.6043
 18 0.917107
 19 31.6228
 20 30.971
 21 1.59285
 22 31.6228
 23 31.4834
 24 1.05952
 25 15.0179
 26 15.5674
 27 1.56485
 28 31.4988
 29 14.9744
 30 7.72619
 31 22.4599
 32 4.81079
 33 24.846
 34 14.488
 35 9.61697
 36 12.8821
 37 31.4449
 38 31.5786
 39 1.35978
 40 24.0238
 41 31.1313
 42 1.29251
 43 21.347
 44 28.9919
 45 1.78077
 46 31.5715
 47 23.7382
 48 9.61311
 49 30.8641
 50 13.1821
 51 13.6661
 52 10.1435
 53 30.9671
 54 16.4438
 55 7.24677
 56 13.1642
 57 30.4714
 58 8.50076
 59 8.86611
 60 9.60416
 61 4.83834
 62 1.31616
 63 14.2614
 64 18.249
 65 0.983105
 66 19.3045
 67 30.2745
 68 2.83474
 69 31.6205
 70 31.6228
 71 31.4262
 72 1.50359
 73 31.6173
 74 1.63893
 75 31.3433
 76 31.4451
 77 1.487
 78 28.2736
 79 31.6061
 80 2.74248
 81 30.2607
 82 31.4524
 83 19.8077
 84 1.34472
 85 10.8752
 86 1.38159
 87 30.8825
 88 1.10206
 89 1.04745
 90 1.23288
 91 2.44451
 92 18.7679
 93 27.402
 94 20.7051
 95 27.4546
 96 29.8584
 97 17.9889
 98 14.8099
 99 9.69553
 100 26.2203
 101 30.3889
 102 9.54268
 103 12.0172
 104 11.3532
 105 11.1581
 106 12.5072
 107 12.5559
 108 12.6395
 109 10.4737
 110 8.29879
 111 13.061
 112 13.9895
 113 13.3022
 114 12.5404
 115 12.7377
 116 10.6533
 117 12.5456
 118 13.4031
 119 11.6395
 120 8.84223
 121 10.7652
 122 6.79843
 123 7.61105
 124 5.67924
 125 5.2444
 126 6.82897
 127 4.62121
 128 9.26577
 129 7.41382
 130 7.29666
 131 4.10543
 132 4.45045
 133 4.66757
 134 5.92188
 135 2.7344
 136 6.80092
 137 3.00478
 138 2.89417
 139 2.87803
 140 3.15566
 141 3.13015
 142 2.68829
 143 2.83559
 144 3.73694
 145 3.74428
 146 3.38761
 147 2.97305
 148 4.89951
 149 3.9373
 150 3.33203
 151 3.52105
 152 4.70466
 153 4.54007
 154 3.66916
 155 4.35489
 156 4.77136
 157 6.75586
 158 0.199562
 159 0.203706
 160 0.272096
 161 1.41376
 162 5.2203
 163 11.7504
 164 15.5505
 165 0.911603
