 Smallest eigenvalues
  1.2106e-06   (9 1) 
  1.3427e-06   (47 0.806) (49 -0.388) (41 0.264) (40 -0.173) (39 0.128) (46 0.091) (50 0.0901) (154 0.0843) (57 0.0806) (51 0.0777) (56 -0.0708) (82 0.0668) (44 -0.0575) (52 0.0563) (30 -0.0508) (43 0.0478) (53 -0.0443) (55 0.0436) (13 -0.0419) (42 -0.0415) (15 0.0365) (48 0.0365) (81 -0.0363) (59 -0.0353) (31 0.0341) (67 0.0304) (68 -0.0298) (17 -0.0285) (21 0.0278) (78 0.0269) (38 0.0268) (20 0.0254) (84 0.0239) (24 -0.0236) (26 -0.0225) (29 -0.0214) (34 0.0213) (54 0.02) (77 0.0196) (33 -0.0185) (25 0.017) (27 0.0167) (61 0.0163) (37 -0.0163) (66 -0.0156) (79 -0.0147) (76 -0.0146) (80 0.0142) (16 0.0137) (74 0.0125) (89 -0.0118) (88 0.0113) (69 -0.011) (22 0.0105) (23 0.0104) (72 0.0101) 
  1.4076e-06   (154 0.996) (47 -0.0683) (49 0.0328) (41 -0.0224) (40 0.0147) (39 -0.0109) 
  2.8661e-06   (6 1) 
  3.7143e-06   (43 0.508) (45 -0.413) (46 -0.364) (41 0.34) (44 -0.3) (150 -0.279) (47 -0.235) (40 -0.203) (39 0.139) (48 0.119) (82 0.0528) (56 -0.0514) (30 -0.0514) (57 0.0496) (13 -0.0361) (31 0.0351) (15 0.0311) (50 -0.0286) (53 -0.0282) (26 -0.0276) (68 -0.0257) (81 -0.0257) (17 -0.0242) (21 0.0236) (20 0.0235) (55 0.023) (54 0.0224) (38 0.0219) (24 -0.0217) (34 0.0193) (59 -0.0185) (84 0.0178) (78 0.0177) (37 -0.0159) (49 -0.0153) (67 0.015) (33 -0.015) (79 -0.0145) (80 0.0144) (16 0.0142) (66 -0.0133) (52 0.0101) 
  4.0341e-06   (150 -0.96) (43 -0.148) (45 0.12) (46 0.106) (41 -0.0988) (44 0.087) (47 0.0681) (40 0.0591) (39 -0.0405) (48 -0.0345) (82 -0.015) (30 0.015) (56 0.0149) (57 -0.0143) (13 0.0105) (31 -0.0102) 
  6.1209e-06   (2 0.997) (31 0.06) (30 -0.0317) (33 0.0251) (34 -0.0189) (32 -0.0114) 
  1.0255e-05   (153 -0.993) (31 0.0928) (30 -0.0492) (33 0.0392) (34 -0.0287) (32 -0.0179) (26 -0.0135) (39 -0.0102) 
  1.6205e-05   (31 -0.762) (30 0.404) (33 -0.322) (34 0.235) (32 0.147) (153 -0.121) (26 0.111) (39 0.0838) (2 0.0771) (17 0.0591) (20 -0.0577) (24 0.0564) (40 -0.054) (41 0.0536) (27 -0.0489) (36 -0.0471) (13 0.0459) (15 -0.0449) (21 -0.0372) (82 -0.0365) (43 0.0354) (28 0.0297) (42 -0.0292) (25 -0.026) (44 -0.0238) (47 0.0216) (81 0.0212) (16 -0.0211) (48 -0.0197) (23 -0.0148) (22 -0.0127) (46 0.0122) (53 0.012) (56 0.0119) (68 0.0114) (75 -0.011) (29 -0.0109) 
  3.5224e-05   (20 -0.652) (21 0.504) (45 0.396) (22 0.176) (41 0.149) (44 -0.138) (47 -0.133) (46 0.114) (40 -0.0925) (43 0.0847) (17 0.0837) (39 0.0748) (23 -0.07) (42 -0.068) (36 -0.0606) (56 -0.0378) (30 -0.035) (24 -0.0332) (28 -0.0319) (25 0.0307) (31 0.0304) (33 0.0295) (35 -0.029) (55 0.0283) (15 -0.0272) (78 0.0267) (73 0.026) (26 -0.0252) (29 -0.0249) (50 -0.0248) (72 0.0239) (48 0.0209) (53 -0.0208) (34 0.0207) (67 0.0203) (57 0.02) (49 -0.0184) (82 0.0176) (62 0.0154) (81 -0.0149) (61 0.0119) (69 -0.0117) (65 0.0114) (84 0.0112) (19 0.0106) (54 0.0101) 
  8.5831e-05   (155 0.998) (45 0.0456) (20 0.0289) (21 -0.0198) (47 -0.0164) (40 -0.0147) (44 -0.0147) (41 0.0145) (46 0.0132) (42 -0.0108) 
  8.8224e-05   (45 -0.656) (20 -0.408) (21 0.279) (47 0.236) (44 0.212) (40 0.212) (41 -0.209) (46 -0.19) (42 0.155) (43 -0.127) (39 -0.101) (22 0.0983) (17 0.0717) (155 0.0697) (23 -0.0538) (48 -0.0513) (82 -0.049) (53 0.0456) (49 0.041) (15 -0.0397) (54 -0.0388) (55 -0.0387) (57 -0.0346) (81 0.0341) (13 0.0317) (56 0.0315) (78 -0.0278) (72 -0.0275) (67 -0.0274) (73 -0.0273) (30 0.0232) (35 -0.0224) (32 -0.0199) (26 0.0196) (59 0.0176) (52 0.0168) (38 -0.0159) (62 -0.0158) (84 -0.0158) (29 -0.0151) (65 -0.0146) (25 0.0144) (74 -0.0141) (36 0.0137) (16 -0.0134) (31 -0.0132) (69 0.0126) (61 -0.0119) (51 0.0119) (37 0.0112) (60 -0.01) 
  0.00012222   (1 1) 
  0.00013799   (13 -0.93) (15 -0.305) (16 -0.119) (17 0.0836) (14 -0.0753) (21 -0.0581) (20 -0.0487) (24 0.0444) (30 0.035) (41 -0.0279) (18 -0.0261) (39 -0.0226) (22 -0.0223) (40 0.0222) (11 0.0197) (25 -0.0188) (23 -0.0173) (12 -0.0161) (33 0.0159) (29 0.0152) (26 0.0148) (31 -0.0142) (34 -0.0138) (38 -0.0116) 
  0.00018427   (159 1) 
   0.0002027   (3 1) 
  0.00024925   (16 0.842) (15 0.411) (17 0.226) (13 -0.2) (21 -0.0856) (20 -0.0838) (24 0.0727) (18 -0.0516) (30 0.0457) (25 -0.0321) (23 -0.0309) (40 0.0227) (39 -0.0226) (41 -0.0216) (22 -0.021) (31 -0.0183) (29 0.0176) (33 0.0163) (34 -0.0162) (26 0.0149) (158 0.0133) 
  0.00025639   (158 1) (16 -0.0112) 
  0.00026024   (7 1) 
  0.00028262   (25 0.936) (24 -0.157) (152 -0.139) (27 -0.131) (23 0.114) (30 0.0853) (20 0.0786) (17 -0.0739) (21 0.067) (28 -0.0667) (13 -0.0577) (15 0.0476) (36 -0.0435) (16 0.0422) (22 0.0418) (31 -0.0392) (49 -0.0385) (33 0.0372) (47 -0.0355) (29 0.0322) (41 -0.0274) (39 -0.0271) (48 -0.0234) (46 0.0217) (40 0.0212) (45 -0.0158) (82 0.0151) (26 0.0146) (56 -0.0146) (35 0.0137) (32 -0.0115) (19 0.0108) (75 -0.0102) 
  0.00029049   (152 -0.99) (25 -0.132) (24 0.0221) (27 0.0184) (23 -0.0161) (30 -0.012) (20 -0.0111) (17 0.0104) 
  0.00029742   (5 1) 
  0.00031981   (18 0.73) (17 -0.599) (20 -0.166) (19 -0.158) (16 0.0976) (15 0.0961) (13 -0.0945) (21 -0.0831) (22 -0.0794) (156 -0.0609) (23 -0.054) (30 0.0427) (25 -0.0367) (24 0.0243) (47 -0.0169) (40 0.016) (36 -0.0153) (82 0.0144) (29 0.014) (41 -0.0135) (32 -0.0135) (56 -0.0132) (27 -0.0131) (14 -0.0117) (31 -0.0115) (43 -0.0111) (49 -0.0111) (42 0.0105) 
  0.00032415   (156 -0.998) (18 -0.0445) (17 0.0366) (20 0.0101) 
  0.00034774   (74 0.704) (57 -0.382) (59 0.35) (73 -0.221) (70 0.194) (66 -0.154) (53 -0.138) (41 0.118) (54 0.0961) (52 -0.0842) (55 0.0815) (72 0.0781) (82 -0.0764) (56 -0.076) (46 0.068) (43 -0.0643) (67 -0.0592) (40 -0.0587) (71 -0.0549) (42 0.054) (51 -0.0497) (45 -0.049) (44 0.0489) (50 0.0451) (38 0.041) (68 0.0384) (48 -0.0376) (33 -0.0357) (81 0.034) (39 0.0301) (21 0.0288) (26 -0.0287) (15 0.0268) (75 -0.0262) (122 0.0259) (13 -0.0252) (34 0.0251) (89 -0.025) (60 -0.0247) (47 -0.0243) (97 0.0233) (30 -0.0231) (20 0.0225) (37 -0.0201) (99 -0.019) (79 0.0179) (101 0.0162) (88 0.0161) (80 -0.0158) (65 0.0155) (115 -0.0146) (121 -0.014) (90 -0.0131) (116 0.013) (151 0.0128) (125 -0.0125) (29 -0.0123) (62 -0.0117) (104 0.0117) (100 -0.0116) (27 0.0114) (107 -0.0113) (49 0.0107) (23 -0.0105) (69 0.01) 
  0.00042361   (74 -0.602) (57 -0.438) (59 0.346) (66 -0.23) (73 0.209) (70 0.19) (151 0.184) (41 0.15) (46 0.121) (48 -0.105) (39 0.105) (53 -0.103) (54 0.0978) (49 0.0902) (52 -0.0881) (40 -0.0856) (67 -0.085) (42 0.0675) (45 -0.0669) (56 -0.0591) (43 -0.059) (72 -0.0503) (33 -0.0478) (13 -0.0458) (30 -0.0446) (38 0.0439) (15 0.0437) (44 0.0413) (26 -0.0383) (34 0.038) (20 0.0366) (21 0.0344) (68 0.0312) (119 -0.0303) (78 -0.0296) (65 0.0292) (55 0.0276) (37 -0.0267) (84 0.0261) (60 -0.0257) (29 -0.0233) (31 0.0229) (17 -0.0224) (71 0.0199) (126 -0.0194) (89 -0.0191) (124 -0.0185) (116 0.0176) (22 0.0175) (97 0.0139) (27 0.0138) (118 0.0137) (125 0.0136) (62 -0.0134) (122 -0.0134) (115 -0.0133) (75 0.0129) (134 -0.0129) (120 0.0115) (129 0.0108) (61 -0.0108) 
  0.00045091   (151 0.983) (74 0.103) (57 0.0872) (59 -0.0693) (66 0.0448) (70 -0.0378) (73 -0.0361) (41 -0.0301) (46 -0.0238) (53 0.0212) (48 0.0203) (39 -0.0202) (54 -0.0197) (52 0.0178) (49 -0.0171) (40 0.0171) (67 0.0166) (42 -0.0136) (45 0.0134) (56 0.0121) (43 0.0121) 
  0.00045253   (22 -0.877) (21 0.445) (20 0.0905) (23 0.069) (24 0.0653) (51 -0.0631) (52 0.0412) (49 0.0407) (18 -0.0393) (48 -0.0355) (53 0.0289) (46 0.0228) (16 0.0218) (13 -0.0188) (57 0.0188) (17 -0.0181) (39 0.0171) (19 0.0163) (54 -0.0158) (26 0.0145) (15 0.0132) 
  0.00046251   (148 -0.567) (51 -0.505) (52 0.283) (49 0.279) (48 -0.273) (53 0.212) (41 0.163) (46 0.157) (54 -0.125) (57 0.106) (39 0.0959) (22 0.0921) (40 -0.091) (50 0.084) (45 -0.0681) (42 0.0644) (59 -0.0622) (55 0.0559) (47 0.0442) (30 -0.0432) (43 -0.0377) (33 -0.0364) (13 -0.034) (15 0.0336) (56 -0.0327) (26 -0.0315) (74 0.03) (34 0.0297) (38 0.0296) (31 0.0245) (82 0.021) (44 0.021) (20 0.0202) (68 -0.017) (37 -0.0168) (21 -0.0167) (24 -0.016) (67 0.0152) (17 -0.0144) (29 -0.014) (73 -0.0129) (27 0.0125) (81 -0.011) (84 0.0105) (119 -0.0101) 
  0.00049515   (148 -0.824) (51 0.348) (52 -0.195) (49 -0.192) (48 0.188) (53 -0.146) (41 -0.112) (46 -0.108) (54 0.086) (57 -0.0728) (39 -0.0661) (40 0.0627) (22 -0.0601) (50 -0.0578) (45 0.0469) (42 -0.0443) (59 0.0428) (55 -0.0384) (47 -0.0304) (30 0.0298) (43 0.026) (33 0.0251) (13 0.0235) (15 -0.0232) (56 0.0225) (26 0.0217) (74 -0.0206) (34 -0.0205) (38 -0.0204) (31 -0.0169) (44 -0.0145) (82 -0.0144) (20 -0.0142) (68 0.0117) (37 0.0115) (24 0.0108) (67 -0.0105) 
  0.00053301   (52 -0.676) (39 -0.382) (53 0.379) (50 0.275) (41 0.212) (40 -0.205) (48 -0.153) (49 0.123) (57 0.105) (51 0.095) (55 -0.0841) (46 0.0813) (54 -0.0678) (59 -0.0565) (42 0.055) (45 -0.0433) (56 -0.0427) (38 0.0263) (70 0.0202) (149 -0.0194) (47 0.0192) (68 -0.0164) (82 0.016) (21 0.0155) (43 -0.0155) (81 -0.0112) (67 0.0111) (37 -0.0104) (84 0.0104) 
  0.00054523   (149 -0.932) (39 0.303) (52 -0.128) (40 0.0962) (53 0.0596) (41 -0.0584) (50 0.0545) (30 -0.0233) (57 0.0223) (26 -0.0158) (33 -0.0151) (55 -0.015) (44 0.0146) (43 -0.0143) (34 0.0137) (82 0.0133) (47 -0.0132) (56 -0.0127) (59 -0.0124) (31 0.0121) (74 0.0121) (20 0.012) (15 0.0118) (13 -0.0106) (54 -0.0104) 
  0.00055778   (39 -0.759) (52 0.365) (149 -0.363) (40 -0.236) (53 -0.173) (50 -0.155) (41 0.138) (57 -0.0629) (30 0.0596) (55 0.0431) (26 0.041) (33 0.0392) (44 -0.0376) (43 0.0376) (34 -0.0352) (82 -0.0352) (56 0.0349) (59 0.0348) (47 0.033) (74 -0.0317) (20 -0.031) (31 -0.0308) (15 -0.0308) (54 0.0303) (13 0.0276) (22 -0.0196) (68 0.0196) (21 -0.0192) (81 0.0185) (67 -0.0177) (73 0.0157) (46 0.0147) (23 -0.0132) (48 0.013) (27 -0.0127) (17 0.012) 
  0.00056996   (70 -0.911) (57 -0.211) (72 -0.182) (59 0.139) (71 0.101) (51 -0.0921) (52 -0.0748) (55 0.0693) (41 0.067) (67 0.0651) (73 0.0602) (50 0.0574) (54 0.056) (53 -0.052) (49 -0.0447) (40 -0.0418) (74 0.0418) (66 0.0412) (43 -0.0377) (42 0.0341) (146 -0.0333) (44 0.0281) (82 -0.0278) (38 0.0263) (84 0.0252) (47 -0.0249) (45 -0.0235) (21 0.0223) (46 0.0219) (75 -0.0219) (33 -0.0217) (124 -0.0204) (26 -0.0197) (77 0.018) (122 0.0171) (15 0.0167) (89 -0.0165) (30 -0.0162) (78 -0.0153) (13 -0.015) (88 0.0147) (34 0.0142) (126 -0.0135) (20 0.0135) (37 -0.0132) (90 0.0125) (96 0.0124) (115 -0.0121) (102 0.0112) (97 0.0103) 
  0.00058355   (146 -0.763) (51 0.419) (49 0.306) (48 -0.22) (50 -0.164) (46 0.114) (39 0.0943) (53 -0.0941) (41 0.0899) (57 0.0836) (52 0.0738) (74 0.0536) (70 -0.0508) (54 -0.0453) (45 -0.0443) (47 0.0407) (40 -0.0388) (59 -0.0313) (82 0.0287) (42 0.0286) (30 -0.0269) (73 -0.0236) (15 0.0228) (66 0.0227) (67 0.0215) (20 0.0205) (56 0.0203) (26 -0.0202) (13 -0.0197) (33 -0.0188) (34 0.0165) (43 -0.0165) (31 0.0158) (38 0.0142) (81 -0.013) (21 0.013) (68 -0.0126) (17 -0.0122) (22 0.0119) (119 -0.0118) (37 -0.0107) 
  0.00061299   (146 -0.646) (51 -0.49) (49 -0.359) (48 0.26) (50 0.19) (46 -0.136) (53 0.114) (39 -0.112) (41 -0.11) (70 0.107) (57 -0.0874) (52 -0.083) (74 -0.0655) (45 0.0536) (54 0.0505) (40 0.0482) (47 -0.0467) (42 -0.0357) (30 0.0327) (82 -0.0327) (59 0.0295) (66 -0.029) (67 -0.0288) (15 -0.0278) (20 -0.025) (26 0.025) (73 0.0249) (13 0.0242) (56 -0.0241) (33 0.0234) (43 0.0216) (34 -0.0203) (31 -0.0189) (38 -0.0183) (21 -0.0166) (81 0.0152) (68 0.015) (17 0.0145) (22 -0.0143) (37 0.0134) (119 0.0132) (29 0.0119) 
  0.00069306   (38 0.905) (21 0.216) (20 0.17) (22 0.134) (24 0.132) (41 -0.123) (40 0.103) (37 -0.0809) (39 -0.0737) (15 0.0692) (42 -0.068) (33 -0.0606) (43 0.0551) (13 -0.0516) (17 -0.0473) (44 -0.0399) (34 0.0399) (46 -0.0381) (45 0.0313) (25 -0.029) (53 0.0275) (36 0.0201) (23 0.0191) (57 0.0181) (52 0.0174) (18 0.0153) (47 0.0149) (54 -0.0146) (59 -0.0142) (50 -0.0115) (48 0.0106) (51 0.0102) 
  0.00079038   (21 0.533) (20 0.429) (24 0.409) (22 0.362) (38 -0.337) (26 0.152) (17 -0.129) (15 0.125) (23 0.105) (30 0.104) (33 0.0964) (13 -0.0842) (25 -0.082) (34 -0.0695) (29 0.0561) (37 0.0489) (27 -0.0482) (18 0.047) (31 -0.0413) (142 0.0359) (39 -0.0226) (28 0.0125) (41 -0.0115) 
   0.0010187   (142 0.996) (143 0.0868) (21 -0.0206) (20 -0.0166) (24 -0.0156) (22 -0.0139) 
    0.001146   (48 0.571) (46 0.396) (15 0.231) (43 -0.23) (41 0.221) (47 -0.221) (53 0.215) (44 0.214) (45 -0.198) (42 0.175) (40 -0.145) (49 -0.134) (54 -0.127) (16 -0.122) (51 0.122) (50 -0.121) (52 0.116) (13 -0.0774) (59 -0.0743) (39 0.0704) (57 0.0615) (38 0.0609) (33 -0.049) (56 0.0454) (82 -0.0346) (34 0.0331) (26 -0.029) (68 0.0259) (67 -0.0231) (30 -0.0227) (37 -0.0223) (55 -0.0218) (17 0.0212) (81 0.0203) (78 -0.0189) (70 0.0161) (29 -0.0132) (79 0.0124) (84 0.0118) (66 0.0111) (21 0.011) (118 0.0102) 
   0.0012737   (15 0.779) (16 -0.489) (13 -0.155) (48 -0.133) (20 -0.131) (17 0.114) (46 -0.112) (21 -0.112) (41 -0.0883) (43 0.0691) (22 -0.0663) (44 -0.0613) (45 0.0599) (42 -0.058) (40 0.0574) (26 0.0563) (47 0.0548) (33 0.0499) (30 0.048) (53 -0.0459) (39 -0.0455) (34 -0.036) (38 -0.0336) (50 0.0296) (49 0.0284) (24 0.0278) (29 0.027) (54 0.0268) (51 -0.0267) (52 -0.0248) (18 -0.0208) (27 -0.0197) (14 0.0179) (31 -0.0178) (59 0.0138) (37 0.0134) (57 -0.011) (56 -0.0101) 
   0.0013068   (145 -1) 
   0.0014846   (53 -0.621) (54 -0.513) (33 -0.257) (34 0.251) (55 -0.221) (52 -0.188) (51 -0.166) (30 -0.122) (57 0.116) (50 0.104) (59 -0.0933) (36 -0.0888) (56 0.0851) (31 0.0843) (26 -0.0749) (39 -0.0586) (21 0.0478) (43 -0.0469) (37 0.0468) (15 0.0464) (20 0.0448) (47 -0.0443) (44 0.0392) (27 0.0375) (13 -0.037) (49 -0.0365) (29 -0.0356) (71 0.0345) (38 -0.0321) (46 0.031) (82 -0.0309) (45 -0.0291) (41 0.0264) (32 -0.0253) (68 0.0252) (67 -0.0236) (22 0.0231) (42 0.0208) (137 -0.0187) (81 0.0147) (70 0.0143) (73 0.0141) (66 -0.0138) (35 -0.0137) (28 -0.0121) (121 -0.0114) (79 0.0108) (24 -0.0105) (17 -0.0104) (74 -0.01) 
    0.001528   (34 0.52) (33 -0.514) (53 0.295) (30 -0.245) (36 -0.21) (54 0.21) (31 0.184) (41 -0.148) (38 -0.146) (39 -0.143) (37 0.132) (26 -0.118) (137 -0.111) (40 0.097) (52 0.0959) (55 0.0925) (51 0.0873) (42 -0.07) (20 0.0676) (15 0.0626) (27 0.0625) (29 -0.061) (21 0.06) (50 -0.0594) (43 0.0587) (46 -0.0573) (13 -0.0519) (32 -0.0504) (45 0.0472) (44 -0.0458) (22 0.0377) (57 -0.036) (59 0.0316) (56 -0.0287) (35 -0.0278) (48 0.0267) (17 -0.0264) (28 -0.0231) (47 0.0225) (24 -0.0211) (25 0.0188) (82 0.0146) (71 -0.0138) (74 0.011) 
   0.0015783   (137 -0.993) (34 -0.0631) (33 0.0625) (30 0.0298) (36 0.0252) (31 -0.0223) (53 -0.0211) (134 -0.0177) (39 0.017) (38 0.0168) (41 0.0159) (37 -0.0156) (26 0.0148) (54 -0.0139) (40 -0.0107) 
   0.0017157   (14 0.929) (30 -0.256) (31 -0.198) (29 -0.11) (13 -0.0779) (33 0.0656) (34 -0.0478) (133 0.0352) (28 -0.0314) (26 -0.03) (27 0.0227) (15 -0.0212) (39 -0.0204) (40 0.0184) (41 -0.0178) (24 -0.015) (32 0.0148) (18 0.0147) (71 -0.0144) (38 -0.0141) (37 0.0112) (17 -0.0102) (22 0.0101) 
   0.0017977   (30 -0.581) (133 0.513) (31 -0.427) (14 -0.324) (29 -0.236) (33 0.135) (34 -0.101) (26 -0.0804) (15 0.0511) (39 -0.0466) (20 0.0434) (41 -0.0414) (28 -0.0401) (27 0.0381) (21 0.037) (24 -0.0368) (32 0.0365) (17 -0.0347) (37 0.0265) (40 0.0251) (38 -0.0236) (25 0.0181) (13 -0.0162) (19 0.0161) (22 0.0157) (23 0.0148) (16 0.0142) (46 -0.0132) (50 0.0127) (44 0.0125) (35 -0.012) (48 0.0101) 
   0.0020677   (133 0.858) (30 0.358) (31 0.263) (14 0.156) (29 0.146) (33 -0.0834) (34 0.0624) (26 0.0493) (15 -0.0297) (39 0.0286) (20 -0.0261) (41 0.0254) (28 0.0252) (27 -0.0237) (24 0.0226) (32 -0.0224) (21 -0.0223) (17 0.0212) (37 -0.0163) (40 -0.0157) (38 0.0147) (13 0.0129) (25 -0.0111) 
    0.002152   (29 -0.902) (30 0.294) (50 0.213) (31 0.145) (52 0.084) (51 0.0716) (28 -0.0492) (26 -0.0473) (27 -0.0433) (48 0.0379) (34 -0.0372) (72 0.0358) (49 0.0337) (20 0.0324) (46 -0.0277) (41 -0.027) (37 0.0239) (47 -0.0234) (54 -0.0218) (45 0.0215) (73 -0.0204) (35 0.02) (59 0.0182) (56 -0.0179) (130 0.0179) (74 -0.0161) (15 0.0141) (71 -0.0138) (23 -0.012) (67 0.0119) (38 -0.0114) (33 0.0114) (32 0.0111) 
   0.0023384   (72 0.667) (73 -0.4) (67 0.29) (71 -0.267) (130 0.223) (74 -0.222) (77 -0.172) (70 -0.143) (69 0.116) (82 -0.0991) (59 0.087) (78 -0.0706) (56 0.0669) (66 0.0664) (54 0.0633) (50 -0.0572) (40 -0.0553) (55 -0.0531) (81 0.0519) (51 -0.0508) (64 0.0436) (62 0.0405) (52 -0.0394) (83 -0.0387) (75 0.0368) (76 0.0367) (101 -0.0361) (49 -0.036) (86 0.035) (61 0.0346) (44 0.031) (53 -0.0303) (42 -0.0288) (45 -0.0276) (105 -0.0275) (79 -0.0258) (131 0.0254) (43 -0.0247) (84 0.0239) (29 0.0237) (63 0.0227) (65 -0.0219) (30 -0.0204) (129 -0.02) (48 -0.0183) (102 0.0176) (46 0.0169) (87 0.0156) (80 0.0148) (93 -0.0146) (89 -0.0145) (41 0.0131) (90 0.0128) (60 -0.0123) (58 -0.0116) (97 -0.0114) (118 -0.0109) (38 0.0107) (47 -0.0106) 
   0.0024244   (50 -0.61) (130 0.601) (52 -0.258) (51 -0.216) (29 -0.183) (72 -0.165) (131 0.111) (48 -0.0927) (42 -0.0893) (54 0.0878) (59 -0.0828) (73 0.0799) (49 -0.0789) (56 0.0722) (74 0.0721) (45 -0.0484) (71 0.0481) (46 0.0459) (47 0.0458) (30 0.0433) (129 -0.0429) (67 -0.0394) (57 0.0383) (70 0.036) (69 -0.0328) (41 0.0241) (35 0.0213) (77 0.021) (84 -0.0207) (78 0.0205) (43 -0.0184) (82 0.0183) (65 0.0181) (31 0.0172) (61 -0.0172) (40 -0.017) (20 0.0165) (26 -0.0165) (81 -0.0152) (80 -0.0139) (28 -0.0137) (102 -0.0131) (44 0.0128) (91 0.0122) (64 -0.0121) (75 -0.0113) (90 -0.0112) (119 0.0111) (115 0.011) (85 -0.0104) (27 -0.0101) 
   0.0024882   (130 0.737) (50 0.505) (52 0.218) (51 0.188) (131 0.165) (29 0.162) (54 -0.0895) (42 0.0807) (48 0.0796) (56 -0.078) (49 0.0739) (72 -0.0653) (129 -0.0563) (67 -0.0547) (73 0.0543) (45 0.047) (46 -0.0416) (71 0.0406) (59 0.0403) (30 -0.0359) (77 0.0335) (47 -0.0333) (40 0.0306) (57 -0.0282) (41 -0.0229) (43 0.0222) (55 0.0209) (44 -0.0197) (35 -0.0172) (31 -0.0164) (76 -0.0163) (26 0.0161) (83 0.0148) (20 -0.0142) (82 0.0137) (70 0.0137) (66 -0.0129) (91 -0.0115) (28 0.0112) (62 -0.0104) (15 -0.0103) (85 0.0103) 
   0.0026387   (23 -0.904) (24 -0.24) (20 0.201) (21 0.128) (55 0.114) (54 -0.113) (26 0.0975) (56 0.0914) (59 0.0796) (53 0.0468) (41 -0.0443) (27 -0.0384) (15 0.0382) (25 0.0332) (32 0.0323) (43 0.0276) (38 -0.0259) (33 0.0249) (29 0.0235) (28 0.0219) (50 -0.0216) (57 0.0205) (13 -0.0202) (12 -0.0186) (44 -0.0185) (45 0.0179) (34 -0.0176) (46 -0.0176) (51 0.0174) (37 0.0172) (30 0.0166) (47 0.0146) (82 0.0143) (119 0.0138) (11 0.0135) (68 -0.0123) (18 -0.0116) (42 -0.0112) (67 0.0103) 
   0.0029267   (59 -0.762) (57 -0.513) (56 -0.248) (68 -0.154) (67 0.13) (23 -0.1) (54 0.0854) (53 -0.079) (66 -0.0426) (84 -0.0405) (41 0.0391) (43 -0.0379) (50 0.0377) (60 0.0362) (132 0.0349) (72 0.0349) (101 0.0332) (55 0.0331) (82 -0.0316) (124 -0.0316) (20 0.0289) (49 0.0289) (71 -0.0285) (81 0.0278) (45 -0.0254) (24 -0.0221) (73 -0.0218) (105 0.0217) (78 0.0207) (62 0.0207) (21 0.0206) (90 -0.0203) (46 0.0196) (99 -0.0193) (40 0.0192) (65 0.0192) (70 0.0192) (58 0.0188) (48 -0.0184) (44 0.0177) (47 -0.0174) (97 0.0163) (102 -0.0162) (80 -0.0157) (123 -0.0156) (64 0.0147) (110 -0.0141) (77 -0.0133) (33 -0.0128) (51 0.0119) (31 -0.0111) (63 0.0109) (34 0.0109) (100 -0.0103) (125 0.0103) 
   0.0030925   (132 0.821) (55 -0.382) (54 0.308) (56 -0.149) (57 0.136) (23 -0.0957) (53 -0.0785) (68 0.0716) (67 -0.0598) (42 0.0445) (40 -0.044) (50 0.0435) (52 0.0371) (51 -0.0349) (44 0.0319) (43 -0.0312) (82 -0.0305) (46 0.0288) (66 0.0255) (20 0.0249) (24 -0.024) (21 0.0236) (47 -0.0228) (72 -0.0198) (48 -0.0174) (70 -0.0155) (84 0.0147) (81 0.0146) (41 0.0146) (39 0.0145) (78 -0.0144) (45 -0.0144) (74 0.0134) (49 0.0133) (33 -0.013) (59 0.0129) (73 0.0125) (15 0.0124) (71 0.0124) (79 0.0117) (38 0.0115) (119 -0.011) 
   0.0033721   (132 0.568) (55 0.547) (54 -0.449) (56 0.23) (57 -0.162) (23 0.145) (53 0.118) (68 -0.0941) (67 0.0785) (50 -0.0651) (42 -0.064) (40 0.0617) (52 -0.0527) (51 0.0494) (43 0.0475) (44 -0.047) (82 0.0459) (46 -0.0427) (124 -0.0417) (20 -0.0379) (24 0.036) (21 -0.0354) (66 -0.0342) (47 0.034) (59 0.0299) (123 -0.0276) (72 0.0267) (48 0.0263) (41 -0.0238) (119 0.0237) (81 -0.0226) (45 0.0225) (70 0.0212) (49 -0.021) (39 -0.0207) (84 -0.0203) (78 0.0199) (74 -0.0198) (33 0.0195) (15 -0.0184) (79 -0.017) (38 -0.0169) (73 -0.0168) (71 -0.0163) (102 -0.015) (30 0.0138) (105 0.0129) (34 -0.0126) (13 0.012) (118 -0.0113) (121 -0.011) (65 0.0104) (77 -0.0104) (22 -0.0103) (100 -0.0103) (115 0.0101) (116 -0.0101) (32 -0.01) 
    0.003571   (37 -0.949) (66 -0.215) (38 -0.125) (84 -0.0772) (33 -0.0674) (57 0.0608) (41 -0.0597) (34 0.0597) (39 -0.0436) (65 0.0381) (40 0.0357) (30 -0.0343) (29 -0.0311) (70 -0.03) (59 -0.0298) (46 -0.0284) (56 0.028) (71 -0.0271) (86 -0.0236) (21 0.0228) (128 -0.0225) (52 0.02) (45 0.0195) (68 0.0188) (26 -0.0163) (42 -0.0161) (85 -0.0154) (53 0.0151) (55 -0.0149) (20 0.0137) (15 0.0137) (69 0.0135) (82 0.0131) (13 -0.0123) (48 0.0114) (51 0.0107) (90 0.0105) (105 -0.01) 
   0.0037175   (84 -0.853) (128 -0.293) (86 -0.199) (82 0.199) (66 0.161) (85 -0.117) (90 0.106) (101 -0.0713) (105 -0.0672) (59 0.061) (102 0.0602) (87 0.0583) (81 -0.0577) (83 -0.0512) (91 0.0474) (37 0.0431) (68 -0.0415) (92 -0.0412) (93 -0.0411) (57 -0.0411) (80 0.0405) (78 0.039) (89 -0.0349) (100 0.0343) (40 -0.0313) (79 -0.0285) (65 -0.0276) (116 0.027) (42 0.0267) (55 -0.0248) (50 0.0242) (115 -0.0238) (97 -0.0228) (111 0.0222) (113 0.022) (53 -0.0216) (103 0.0192) (54 0.019) (119 -0.0189) (125 -0.0182) (46 0.018) (38 0.018) (77 -0.0174) (67 0.0173) (41 0.0171) (94 -0.0168) (118 0.0158) (99 0.0157) (117 -0.015) (96 0.0145) (88 0.0144) (110 -0.014) (121 -0.0139) (44 0.0132) (109 -0.0126) (126 -0.0115) (43 -0.011) (72 0.0107) (51 -0.0105) (74 -0.0102) 
   0.0038653   (128 -0.677) (66 0.59) (84 0.289) (37 -0.168) (57 -0.105) (65 -0.103) (70 0.0914) (56 -0.0842) (71 0.083) (82 -0.0738) (86 0.0725) (59 0.0653) (90 -0.0501) (55 0.049) (85 0.0399) (69 -0.0396) (68 -0.039) (101 0.033) (52 -0.0315) (67 -0.0314) (73 0.0307) (105 0.0269) (53 -0.0252) (41 0.0236) (83 0.0235) (91 -0.023) (102 -0.0214) (87 -0.019) (81 0.018) (97 0.0179) (80 -0.0167) (51 -0.0166) (76 -0.0164) (74 -0.0161) (33 -0.0153) (38 -0.0152) (92 0.0147) (34 0.0145) (60 -0.0144) (100 -0.0141) (46 0.0139) (54 -0.0138) (110 0.0136) (126 -0.0124) (30 -0.0113) (45 -0.0111) (99 -0.0108) (20 0.0104) 
   0.0039545   (128 -0.674) (66 -0.654) (37 0.182) (57 0.121) (65 0.114) (70 -0.0938) (59 -0.0921) (84 0.0853) (71 -0.0849) (56 0.082) (68 0.0573) (69 0.0429) (55 -0.037) (53 0.0345) (52 0.0318) (41 -0.0293) (73 -0.0269) (67 0.0232) (33 0.0212) (46 -0.0212) (51 0.021) (74 0.0205) (78 -0.0187) (34 -0.0184) (60 0.0168) (76 0.0153) (30 0.0151) (82 -0.0149) (77 0.0149) (45 0.0145) (86 0.0137) (21 -0.0132) (29 0.0115) (15 -0.0114) (38 0.0114) (20 -0.0113) (85 0.0111) (93 0.0107) (13 0.0105) 
   0.0040473   (106 -0.729) (104 -0.275) (113 -0.25) (107 0.237) (114 -0.236) (68 0.173) (109 0.164) (97 0.15) (115 0.137) (102 0.107) (108 -0.102) (67 -0.101) (91 0.097) (118 0.0827) (105 -0.0807) (120 0.0784) (98 -0.0779) (101 0.0771) (71 -0.0719) (100 -0.0697) (121 -0.0659) (92 0.0642) (89 0.0639) (117 -0.0612) (103 -0.0519) (56 -0.0482) (147 -0.0448) (55 0.0397) (90 -0.038) (110 -0.0342) (94 0.0334) (82 0.0322) (81 -0.027) (59 -0.0264) (88 -0.0256) (69 0.0238) (70 -0.0223) (99 -0.0193) (111 -0.0191) (73 -0.0179) (66 0.0177) (54 -0.0169) (116 -0.0163) (112 0.0156) (123 0.0154) (78 0.0147) (79 -0.0145) (74 -0.0115) (80 0.0111) (124 -0.0107) (125 -0.0106) 
   0.0041414   (144 0.988) (147 0.155) (134 -0.0117) (114 -0.0104) 
   0.0043531   (68 0.679) (67 -0.393) (56 -0.32) (71 -0.297) (55 0.244) (106 0.182) (59 -0.107) (69 0.0968) (70 -0.091) (107 -0.0767) (73 -0.0689) (82 0.0687) (105 0.0669) (54 -0.0623) (74 -0.0582) (102 -0.0575) (104 0.0573) (66 0.0569) (81 -0.051) (113 0.0508) (52 -0.0463) (84 -0.0436) (40 0.0422) (57 0.0406) (72 0.0393) (78 0.0357) (79 -0.0354) (53 -0.0346) (50 -0.0342) (103 0.034) (108 0.0336) (115 -0.0333) (109 -0.0328) (42 -0.0325) (114 0.0321) (90 -0.0292) (147 0.0271) (118 -0.0259) (61 0.0257) (77 -0.0253) (92 -0.0238) (80 0.0238) (120 -0.0228) (91 0.0163) (97 -0.0158) (117 0.0155) (41 0.0149) (94 -0.0148) (76 0.0142) (64 -0.0141) (23 -0.012) (121 0.0116) (65 -0.0111) (89 0.011) (32 -0.0106) (39 -0.0103) (86 0.0102) (122 0.0101) 
   0.0044393   (44 -0.509) (71 -0.417) (43 -0.386) (79 -0.308) (80 -0.222) (72 -0.215) (83 0.149) (78 0.147) (93 -0.144) (86 0.127) (81 -0.126) (42 -0.118) (68 -0.109) (45 -0.109) (40 0.109) (56 0.0861) (41 0.0856) (76 0.0849) (55 -0.0828) (82 -0.0806) (98 -0.0706) (112 0.0682) (77 0.0654) (108 -0.0643) (67 0.0534) (59 0.0425) (50 0.0423) (69 0.0417) (96 -0.0402) (66 0.0397) (99 -0.0385) (85 0.0361) (84 -0.0345) (103 -0.0324) (75 -0.0323) (97 0.0305) (73 -0.0285) (48 0.0242) (47 -0.0241) (106 0.0226) (87 -0.0223) (52 0.0211) (101 -0.0208) (28 -0.0206) (46 0.0204) (65 -0.0203) (74 -0.0203) (89 0.0202) (157 -0.0175) (91 -0.0158) (27 0.0146) (39 -0.0144) (104 0.0135) (57 -0.0131) (54 0.0129) (14 -0.0121) (70 0.0103) 
   0.0044867   (157 -0.999) (44 0.029) (43 0.0222) (71 -0.0103) 
   0.0045657   (44 -0.524) (71 0.484) (43 -0.402) (72 0.257) (78 -0.207) (79 0.201) (42 -0.148) (40 0.147) (80 0.14) (45 -0.125) (86 -0.118) (68 0.113) (56 -0.0945) (83 -0.0868) (108 0.0821) (41 0.0699) (82 0.0693) (112 -0.0681) (81 0.0615) (66 -0.0601) (69 -0.0587) (90 0.0563) (105 0.0451) (67 -0.045) (76 -0.0437) (87 0.0436) (98 0.0419) (101 0.0398) (157 -0.0374) (55 0.033) (65 0.0321) (48 0.0294) (57 0.0265) (39 -0.0263) (85 -0.026) (75 0.0242) (99 0.0202) (106 -0.0198) (53 0.0186) (116 -0.0161) (91 0.0161) (100 -0.0154) (84 0.0151) (74 0.0143) (47 -0.0139) (32 -0.0139) (31 -0.0137) (73 0.0131) (33 0.0131) (104 -0.0131) (70 -0.013) (46 0.0127) (23 -0.0115) (97 -0.0113) (38 -0.0112) (102 -0.0107) (28 -0.0104) 
    0.004789   (19 0.932) (18 0.276) (135 -0.211) (17 0.0944) (21 -0.0234) (23 -0.015) (8 -0.0144) (26 0.0136) (20 0.0116) 
   0.0048347   (135 -0.977) (19 -0.201) (18 -0.0598) (17 -0.0204) 
   0.0050452   (8 1) (19 0.0124) 
   0.0050969   (4 -1) 
   0.0052772   (24 -0.832) (23 0.297) (25 -0.253) (21 0.218) (20 0.142) (30 0.124) (17 -0.115) (13 -0.0994) (22 0.098) (26 0.0955) (15 0.0947) (140 -0.0716) (16 0.0559) (31 -0.0523) (39 -0.0363) (41 -0.0361) (19 0.0349) (40 0.0342) (29 0.033) (18 -0.0276) (34 -0.0201) (43 -0.019) (82 0.0187) (33 0.0163) (56 -0.015) (46 -0.0146) (44 0.0143) (47 -0.0143) (35 -0.0127) (57 0.0126) (27 -0.012) (37 0.0112) (38 -0.0109) 
   0.0053654   (140 -0.997) (24 0.0597) (23 -0.0213) (25 0.0182) (21 -0.0157) (20 -0.0102) 
   0.0056737   (10 0.849) (17 -0.372) (18 -0.322) (19 0.133) (20 -0.0933) (24 0.0511) (21 -0.0448) (15 0.0357) (16 0.0348) (23 -0.0293) (13 -0.0283) (30 0.0174) (25 -0.0159) (26 0.015) (31 -0.0129) 
   0.0058025   (138 0.996) (17 -0.0549) (10 -0.0519) (18 -0.0478) (19 0.0196) (20 -0.0137) 
   0.0060856   (17 0.594) (10 0.526) (18 0.517) (19 -0.212) (20 0.148) (138 0.0937) (24 -0.0817) (21 0.0692) (15 -0.0585) (16 -0.0546) (23 0.05) (13 0.0461) (30 -0.0287) (25 0.0286) (26 -0.0272) (31 0.0216) (82 -0.0136) (39 0.0132) (43 0.0127) (41 0.0116) 
   0.0063195   (12 0.902) (11 -0.371) (40 -0.146) (41 -0.117) (42 0.0682) (44 -0.0618) (43 -0.0337) (13 -0.0299) (55 0.0253) (39 0.0239) (56 -0.0164) (15 0.0132) (46 -0.0128) (23 -0.0123) (59 -0.0123) (14 -0.0113) (32 0.0109) (50 -0.0103) 
   0.0068239   (139 -0.997) (40 -0.0462) (41 -0.0379) (42 0.0248) (44 -0.0178) (12 -0.0154) 
    0.007365   (40 0.649) (41 0.533) (42 -0.349) (44 0.251) (12 0.201) (43 0.126) (39 -0.104) (11 -0.0791) (55 -0.0714) (139 -0.0711) (32 -0.0558) (46 0.0525) (56 0.0461) (50 0.0456) (59 0.0364) (23 -0.0326) (54 0.0298) (52 0.0295) (60 0.0293) (73 -0.0269) (30 0.0265) (33 0.0243) (38 -0.0242) (65 -0.0237) (47 -0.0228) (78 0.0225) (84 -0.0222) (101 0.0214) (31 -0.0177) (74 -0.0174) (20 0.0173) (28 -0.0173) (79 0.0168) (105 0.0158) (102 -0.0155) (67 0.0154) (75 0.0148) (61 -0.0142) (35 0.0136) (21 -0.0134) (66 -0.0121) (80 -0.012) (53 0.0117) (27 0.0116) (100 -0.0113) (97 0.0113) (71 0.0107) (81 -0.0103) (87 0.0101) 
   0.0083466   (11 -0.899) (12 -0.369) (32 0.219) (35 0.0429) (31 0.0369) (33 -0.0332) (36 0.0226) (40 0.0218) (30 -0.0211) (34 -0.0201) (13 -0.0182) (64 -0.0181) (26 0.0155) (41 0.0128) (136 0.0104) 
   0.0093123   (136 0.979) (32 0.183) (11 0.0535) (35 0.0326) (31 0.0315) (33 -0.027) (12 0.0224) (30 -0.0178) (40 0.0177) (26 0.0177) (36 0.0174) (34 -0.0171) (42 0.0112) 

 Largest eigenvalues
      34.967   (162 -0.947) (163 0.243) 
      26.363   (55 0.367) (56 -0.606) (57 0.348) (82 -0.343) 
      15.862   (81 0.36) (82 -0.688) 
      4.8763   (101 0.538) (102 -0.386) (105 0.469) 
      4.2539   (147 0.978) 
      1.5133   (162 -0.254) (163 -0.967) 
      1.2279   (164 -0.998) 
      1.2032   (165 -0.996) 
      1.1254   (89 -0.413) (91 -0.77) 
      1.1176   (100 -0.495) (102 0.453) (107 0.536) 
      1.1017   (100 -0.398) (102 0.302) (107 -0.731) (115 0.311) 
      1.0785   (111 -0.336) (115 -0.767) 
      1.0246   (102 0.242) (104 0.842) (106 -0.209) 
      0.9994   (100 0.577) (101 0.519) (102 0.4) 
      0.9238   (102 -0.246) (111 0.694) (129 -0.243) (134 -0.22) 
     0.84641   (109 0.361) (111 -0.426) (116 0.341) 
     0.76213   (109 -0.741) (110 0.338) 
     0.68243   (97 0.734) (99 0.562) 
     0.64372   (113 -0.367) (114 0.393) (123 -0.297) (125 -0.527) (134 -0.383) 
      0.6413   (114 -0.815) (125 -0.319) 
     0.60098   (109 0.39) (110 0.542) (113 0.577) 
     0.57825   (110 -0.698) (113 0.397) 
     0.57572   (122 0.441) (123 0.443) (129 0.447) 
      0.5746   (123 -0.382) (124 -0.632) (125 0.36) (129 0.4) 
     0.55257   (119 -0.683) (121 0.367) (122 -0.303) (124 0.336) 
     0.54979   (118 0.67) (119 0.436) 
     0.54892   (117 0.311) (120 0.307) (121 -0.598) (123 -0.299) (126 0.354) 
     0.53025   (117 -0.592) (122 0.354) (126 0.289) (134 0.314) 
     0.50441   (116 0.469) (117 0.419) (121 0.349) (125 -0.307) (134 0.358) 
     0.45354   (91 0.262) (92 -0.916) 
     0.45158   (120 0.406) (126 -0.426) (134 0.416) 
     0.40535   (94 -0.939) (103 -0.205) 
     0.33699   (94 0.285) (103 -0.833) (105 -0.278) 
     0.31705   (101 0.307) (102 -0.349) (103 0.447) (105 -0.641) 
     0.26836   (98 -0.423) (112 -0.319) (116 0.275) (126 -0.271) 
     0.25459   (78 -0.319) (85 0.388) (86 0.527) 
     0.24993   (78 0.489) (98 0.522) 
     0.23909   (71 -0.303) (78 -0.502) (85 -0.335) (86 -0.463) 
     0.23029   (98 -0.355) (108 -0.375) (112 0.627) 
     0.18763   (90 -0.752) (93 0.459) 
     0.15158   (90 0.405) (96 0.542) (108 0.462) 
     0.14038   (87 0.299) (93 -0.614) (108 0.369) 
     0.12984   (85 -0.507) (87 -0.716) 
     0.11618   (88 -0.585) (89 -0.509) (93 0.308) (96 -0.322) 
     0.10914   (78 0.331) (79 0.373) (80 0.387) (83 -0.403) 
      0.1066   (76 0.325) (77 0.35) (79 -0.32) (88 0.283) (96 -0.289) 
     0.10186   (58 -0.233) (60 -0.306) (65 -0.389) (69 0.311) (76 -0.309) 
    0.098489   (58 0.602) (60 0.458) 
    0.092883   (58 -0.604) (65 0.397) 
    0.089336   (58 0.364) (60 -0.393) (65 -0.272) (76 0.282) (96 0.307) (108 -0.304) 
    0.084531   (60 0.639) (69 0.29) 
     0.07629   (60 -0.339) (63 0.322) (65 0.489) (83 -0.303) 
    0.075958   (63 -0.751) (69 -0.287) 
    0.071981   (61 -0.533) (62 0.327) (63 0.429) (69 -0.377) 
    0.071668   (61 0.676) (62 -0.236) (63 0.254) (65 -0.206) (69 -0.223) 
    0.063666   (61 -0.29) (69 0.307) (118 -0.343) 
    0.061818   (67 0.286) (73 0.311) (77 0.346) 
    0.057337   (61 -0.261) (62 -0.588) (67 -0.257) (73 -0.225) (79 -0.235) (80 0.225) 
    0.057085   (62 0.589) (67 -0.21) (73 -0.273) (77 -0.252) 
    0.053569   (62 -0.302) (67 0.433) (68 0.303) (69 0.26) (76 0.263) (77 -0.285) 
    0.049457   (64 -0.429) (72 0.272) (73 0.324) (80 -0.303) 
    0.047338   (64 0.589) (77 0.296) 
    0.046764   (64 -0.53) (67 0.3) (73 -0.296) 
     0.04451   (73 0.249) (80 0.311) (83 0.302) (120 -0.258) 
    0.043289   (35 -0.87) (42 -0.313) 
    0.041997   (35 0.391) (40 -0.344) (42 -0.711) 
    0.040079   (75 0.469) (120 -0.336) 
    0.039465   (48 0.369) (49 0.429) (75 -0.422) 
     0.03841   (46 0.386) (49 -0.388) (75 -0.456) 
    0.031345   (27 -0.674) (28 -0.383) (36 -0.431) 
    0.029446   (27 0.448) (33 0.428) (36 -0.369) 
    0.027269   (33 -0.433) (34 -0.384) (46 -0.274) (88 -0.289) (89 0.264) 
    0.025595   (34 0.492) (36 0.646) 
    0.021236   (36 -0.299) (43 0.252) (46 0.412) (75 0.279) (88 -0.253) 
    0.020899   (129 -0.428) (131 0.718) 
    0.020419   (127 0.578) (160 -0.807) 
    0.019442   (127 0.577) (160 0.301) (161 -0.759) 
    0.018392   (127 0.577) (160 0.507) (161 0.64) 
    0.015671   (27 0.491) (28 -0.837) 
    0.015162   (141 -0.998) 
