 1 49921.5
 2 646.169
 3 16.638
 4 42153.4
 5 517.439
 6 302.781
 7 756280
 8 54.4984
 9 27775.2
 10 2266.66
 11 5.74393
 12 1885.54
 13 497632
 14 3221.39
 15 0.834651
 16 808345
 17 3895.25
 18 5.64579
 19 244042
 20 2489.57
 21 334.859
 22 291766
 23 3413.71
 24 176.75
 25 247.279
 26 312.387
 27 10.6554
 28 2356.82
 29 312.513
 30 224.594
 31 498.527
 32 70.3481
 33 1129.16
 34 207.037
 35 189.701
 36 373.186
 37 1519.73
 38 3158.54
 39 5.12403
 40 980.663
 41 4460.12
 42 1.80521
 43 734.807
 44 1633.14
 45 17.9608
 46 3293.9
 47 1652.75
 48 852.269
 49 2006.14
 50 229.072
 51 488.982
 52 204.81
 53 3068.86
 54 326.949
 55 282.962
 56 251.03
 57 1254.17
 58 110.355
 59 236.03
 60 130.874
 61 21.2488
 62 1.68265
 63 623.372
 64 270.564
 65 2.22567
 66 509.581
 67 4048.18
 68 98.8585
 69 124924
 70 359608
 71 2212.31
 72 286.844
 73 15884.6
 74 27.6725
 75 20680.3
 76 8529.3
 77 10.5311
 78 2126.56
 79 7792.65
 80 207.414
 81 2687.53
 82 1569.37
 83 427.899
 84 2.18202
 85 141.974
 86 2.06738
 87 6549.92
 88 1.78324
 89 1.69162
 90 2.03987
 91 8.22523
 92 357.108
 93 827.98
 94 443.317
 95 735.668
 96 1064.25
 97 307.561
 98 186.244
 99 120.14
 100 438.709
 101 1207.14
 102 87.7412
 103 150.868
 104 121.949
 105 112.952
 106 155.138
 107 156.198
 108 154.2
 109 107.893
 110 85.1476
 111 157.229
 112 196.891
 113 173.306
 114 156.09
 115 150.817
 116 116.24
 117 155.779
 118 171.547
 119 126.441
 120 77.7381
 121 115.317
 122 45.611
 123 59.3574
 124 34.1717
 125 28.5485
 126 51.7331
 127 25.9322
 128 82.3541
 129 67.4666
 130 55.0928
 131 20.2412
 132 20.5263
 133 21.5769
 134 35.3544
 135 8.75629
 136 43.2311
 137 9.89678
 138 9.3259
 139 9.56636
 140 10.9025
 141 12.0429
 142 8.79513
 143 9.40807
 144 14.9236
 145 15.1136
 146 12.7938
 147 10.2542
 148 29.0595
 149 15.6672
 150 12.0701
 151 14.1498
 152 22.6909
 153 18.8775
 154 13.4622
 155 20.0746
 156 23.8861
 157 46.8257
 158 0.471374
 159 0.0854229
 160 0.45861
 161 26.0344
 162 17.4023
 163 171.139
 164 690.793
 165 9.10291
