 1 1000
 2 617.417
 3 15.9345
 4 1000
 5 500.059
 6 292.624
 7 999.869
 8 2.77321
 9 994.625
 10 858.918
 11 2.92908
 12 807.115
 13 1000
 14 998.118
 15 0.822332
 16 1000
 17 998.081
 18 2.08521
 19 1000
 20 879.875
 21 119.05
 22 1000
 23 950.048
 24 49.9482
 25 231.23
 26 275.826
 27 9.47279
 28 986.283
 29 277.154
 30 200.02
 31 468.101
 32 54.3264
 33 869.788
 34 201.015
 35 180.783
 36 354.837
 37 990.381
 38 998.769
 39 2.75273
 40 585.109
 41 961.91
 42 1.68091
 43 491.123
 44 849.521
 45 10.0716
 46 997.885
 47 650.696
 48 352.06
 49 917.568
 50 225.956
 51 355.21
 52 149.924
 53 947.363
 54 281.652
 55 203.052
 56 178.027
 57 898.265
 58 108.804
 59 201.645
 60 112.774
 61 21.2295
 62 1.6824
 63 579.325
 64 269.869
 65 2.21602
 66 504.995
 67 976.29
 68 25.6513
 69 999.987
 70 1000
 71 884.42
 72 115.974
 73 999.626
 74 2.86279
 75 998.493
 76 989.961
 77 5.38788
 78 938.842
 79 999.381
 80 69.2586
 81 930.662
 82 983.647
 83 409.774
 84 2.15111
 85 108.786
 86 1.93954
 87 990.844
 88 1.78316
 89 1.69161
 90 2.03978
 91 7.88632
 92 350.47
 93 781.38
 94 430.973
 95 622.479
 96 827.672
 97 299.905
 98 183.036
 99 119.422
 100 400.71
 101 917.107
 102 85.1395
 103 149.206
 104 121.116
 105 112.566
 106 154.685
 107 155.471
 108 153.431
 109 107.36
 110 83.8712
 111 156.539
 112 196.182
 113 172.834
 114 155.899
 115 150.597
 116 115.929
 117 155.407
 118 171.437
 119 126.256
 120 77.3714
 121 115.038
 122 45.3482
 123 59.1279
 124 34.0359
 125 28.2436
 126 51.5163
 127 25.065
 128 80.2343
 129 66.3476
 130 54.198
 131 20.0825
 132 20.3847
 133 21.4035
 134 34.4824
 135 8.67768
 136 43.073
 137 9.77316
 138 9.23015
 139 9.43252
 140 10.7067
 141 11.4459
 142 8.56392
 143 9.24924
 144 14.715
 145 14.9781
 146 12.638
 147 9.96837
 148 28.4357
 149 15.3917
 150 11.9103
 151 13.9783
 152 22.3889
 153 18.4396
 154 13.1722
 155 19.9076
 156 23.823
 157 46.7271
 158 0.414065
 159 0.0836178
 160 0.414592
 161 22.3127
 162 16.3933
 163 150.041
 164 672.789
 165 8.45811
