 1 31.6228
 2 24.4593
 3 1.57733
 4 31.6228
 5 18.1574
 6 11.1091
 7 31.6201
 8 0.9921
 9 31.493
 10 29.1279
 11 1.00783
 12 28.178
 13 31.6228
 14 31.5873
 15 0.903969
 16 31.6228
 17 31.571
 18 0.964996
 19 31.6228
 20 27.9756
 21 4.7217
 22 31.6228
 23 30.1038
 24 2.54803
 25 14.7375
 26 15.8166
 27 1.47311
 28 31.3584
 29 13.0613
 30 9.75836
 31 21.2777
 32 2.73532
 33 28.461
 34 14.0383
 35 8.55808
 36 15.6586
 37 31.4514
 38 31.5875
 39 1.34285
 40 23.9436
 41 30.9258
 42 1.28505
 43 21.4805
 44 28.5609
 45 1.63819
 46 31.5684
 47 21.165
 48 12.2125
 49 30.0268
 50 14.5987
 51 16.2435
 52 7.64101
 53 30.5759
 54 16.5228
 55 11.0312
 56 9.78512
 57 29.4086
 58 9.86513
 59 11.5243
 60 7.03364
 61 4.33977
 62 1.29049
 63 23.75
 64 15.229
 65 0.996276
 66 21.5951
 67 30.9064
 68 2.14563
 69 31.6224
 70 31.6228
 71 28.1595
 72 5.00131
 73 31.6145
 74 1.3472
 75 31.5801
 76 31.4517
 77 1.45223
 78 30.5394
 79 31.6086
 80 3.55071
 81 29.5528
 82 31.2913
 83 19.7751
 84 1.32993
 85 10.2291
 86 1.33856
 87 31.4154
 88 1.14746
 89 1.08582
 90 1.32071
 91 2.41284
 92 17.0096
 93 26.2275
 94 17.846
 95 23.095
 96 27.834
 97 16.2426
 98 12.1381
 99 9.31521
 100 18.7931
 101 29.7717
 102 8.24647
 103 11.6776
 104 10.3323
 105 9.93889
 106 12.0296
 107 11.9752
 108 11.8736
 109 9.68935
 110 7.98076
 111 11.8364
 112 13.6251
 113 12.6841
 114 11.9432
 115 11.6063
 116 9.7953
 117 11.723
 118 12.4659
 119 10.5909
 120 8.22297
 121 10.396
 122 6.56658
 123 7.5503
 124 5.39939
 125 5.12923
 126 6.89641
 127 4.5268
 128 8.47147
 129 7.4483
 130 6.84915
 131 4.18925
 132 4.4325
 133 4.5135
 134 5.78989
 135 2.73555
 136 6.49956
 137 2.96057
 138 2.91709
 139 2.93597
 140 3.14329
 141 3.13433
 142 2.70956
 143 2.854
 144 3.70563
 145 3.77544
 146 3.43592
 147 2.95612
 148 5.13541
 149 3.77737
 150 3.31242
 151 3.57978
 152 4.6314
 153 4.20047
 154 3.52865
 155 4.38433
 156 4.80508
 157 6.77975
 158 0.308925
 159 0.227409
 160 0.268848
 161 3.72054
 162 3.61635
 163 11.1819
 164 25.463
 165 0.597952
