 Smallest eigenvalues
  1.2371e-06   (8 1) 
  1.2794e-06   (46 -0.725) (43 -0.364) (45 -0.32) (40 -0.307) (42 -0.169) (154 -0.154) (47 -0.138) (48 0.121) (50 0.101) (54 0.0916) (55 0.0701) (80 0.059) (14 -0.0584) (44 -0.0577) (81 -0.0563) (39 -0.0514) (57 0.0506) (56 -0.0498) (41 0.0441) (36 -0.0409) (30 -0.0386) (25 0.0377) (17 -0.034) (53 0.0284) (37 -0.0273) (33 -0.0242) (23 0.0242) (24 -0.0189) (49 0.0189) (77 -0.0184) (19 -0.0183) (78 0.0176) (15 -0.0176) (28 -0.0176) (83 -0.0164) (59 0.0157) (73 -0.0135) (32 0.0128) (61 -0.0105) (34 0.0104) (75 0.0103) (92 0.0102) (16 0.01) 
  2.0095e-06   (154 -0.988) (46 0.113) (43 0.0566) (45 0.0498) (40 0.0478) (42 0.0263) (47 0.0215) (48 -0.0188) (50 -0.0157) (54 -0.0142) (55 -0.0108) 
  2.7808e-06   (9 -1) 
  3.4274e-06   (40 -0.62) (149 0.607) (43 0.381) (42 0.259) (39 -0.0845) (41 -0.0738) (14 -0.0429) (80 0.0405) (44 -0.0404) (48 0.0402) (81 -0.039) (25 0.0378) (36 -0.0376) (46 0.0354) (45 0.0337) (51 -0.0323) (30 -0.0319) (17 -0.0268) (52 0.0261) (33 -0.0206) (37 -0.0204) (23 0.0184) (57 0.0177) (47 -0.0173) (32 0.0166) (15 -0.0163) (55 -0.0159) (77 -0.0129) (50 0.0127) (19 -0.0115) (24 -0.0114) (53 0.0112) 
  4.0977e-06   (149 0.795) (40 0.474) (43 -0.291) (42 -0.198) (39 0.0646) (41 0.0564) (14 0.0328) (44 0.0309) (80 -0.0308) (48 -0.0307) (81 0.0297) (25 -0.0289) (36 0.0288) (46 -0.0271) (45 -0.0258) (51 0.0247) (30 0.0244) (17 0.0205) (52 -0.0199) (33 0.0157) (37 0.0156) (23 -0.0141) (57 -0.0135) (47 0.0132) (32 -0.0127) (15 0.0124) (55 0.0122) 
  8.0016e-06   (2 0.984) (25 0.123) (27 0.0912) (26 -0.0768) (30 0.0321) (24 -0.0217) (14 -0.0196) (40 0.0146) (23 0.0144) (17 -0.0136) (19 -0.0126) (15 -0.0106) 
  2.0031e-05   (158 0.999) (25 0.0293) (27 0.0214) (26 -0.0183) 
  2.3723e-05   (25 -0.67) (27 -0.49) (26 0.418) (2 0.18) (30 -0.179) (24 0.123) (14 0.113) (23 -0.0832) (17 0.0816) (40 -0.0734) (19 0.0696) (15 0.0649) (36 -0.0446) (158 0.0437) (20 -0.0424) (42 -0.039) (28 -0.036) (29 0.0337) (32 0.0323) (80 -0.0289) (81 0.0268) (16 -0.0252) (31 0.0225) (46 -0.0188) (21 -0.0172) (18 -0.0169) (48 -0.0165) (33 -0.0153) (51 0.0143) 
  3.1105e-05   (21 -0.645) (45 0.473) (43 -0.281) (20 -0.266) (19 0.235) (40 -0.211) (41 0.19) (42 -0.141) (46 0.0856) (53 0.0837) (25 0.0799) (17 0.0785) (14 0.0577) (24 -0.0536) (18 -0.0512) (23 0.0453) (15 0.041) (36 -0.0372) (30 -0.0341) (50 0.0325) (28 -0.0319) (80 0.0294) (27 0.0283) (74 -0.0279) (34 -0.0253) (39 -0.0251) (26 -0.0233) (47 0.0228) (78 0.022) (44 -0.0216) (81 -0.0207) (77 -0.0201) (22 -0.0197) (48 0.0186) (16 -0.0176) (71 -0.0167) (69 -0.0138) (52 0.0132) (29 0.013) (54 0.0128) (33 -0.0125) (56 -0.0121) (70 -0.0117) (66 0.0116) (72 -0.0113) (51 0.0106) (57 0.0104) (79 -0.0103) (37 -0.0102) (64 0.0101) (83 -0.01) 
  0.00010255   (157 -0.999) (21 0.0278) (45 0.0278) (43 -0.0176) (20 0.0122) (19 -0.0109) (40 -0.0106) 
  0.00011655   (45 -0.561) (21 -0.545) (43 0.355) (20 -0.239) (19 0.214) (40 0.213) (41 -0.192) (42 0.115) (46 -0.108) (14 0.0955) (17 0.0925) (39 0.0668) (53 -0.0657) (15 0.0544) (157 -0.0502) (80 -0.0453) (48 -0.0436) (18 -0.0432) (81 0.039) (50 -0.0387) (24 -0.0304) (32 -0.0282) (28 -0.0248) (27 0.0241) (34 0.0234) (54 -0.0234) (74 0.0233) (16 -0.0229) (62 -0.0227) (22 -0.0221) (77 0.0199) (23 0.0189) (25 0.0189) (26 -0.0163) (35 -0.0159) (44 0.0158) (57 -0.0156) (29 0.0143) (47 -0.0133) (71 0.013) (56 0.0126) (37 0.0118) (52 -0.0115) (76 -0.0115) (69 0.0114) (83 0.011) (82 -0.0102) (66 -0.0101) 
  0.00015056   (3 1) 
  0.00018782   (23 0.821) (24 0.283) (17 -0.256) (14 -0.234) (25 -0.22) (21 -0.137) (28 0.111) (19 -0.111) (30 0.106) (16 0.0648) (15 -0.0637) (40 0.0542) (20 0.0534) (26 -0.0379) (43 0.034) (37 0.0246) (45 0.0241) (33 0.0236) (39 0.0234) (36 0.0196) (27 0.0174) (50 0.0153) (41 0.0149) (46 -0.0139) (13 -0.0131) (18 -0.0125) (57 0.0125) (80 0.0124) (42 0.0115) (81 -0.0115) 
  0.00022342   (160 -1) 
  0.00024428   (1 -1) 
  0.00024545   (17 -0.638) (19 0.629) (14 -0.261) (23 -0.234) (16 0.16) (15 -0.135) (21 0.106) (20 -0.0687) (25 -0.0639) (18 -0.0488) (30 0.0425) (159 -0.035) (24 0.0347) (40 0.0332) (28 0.03) (29 0.0153) (36 0.0145) (33 0.0132) (13 -0.0123) (43 0.0123) (80 0.011) (39 0.0104) (81 -0.0102) 
  0.00026031   (159 -0.999) (17 0.0224) (19 -0.022) 
  0.00027697   (6 1) 
   0.0002861   (24 -0.882) (150 -0.344) (25 -0.214) (23 0.175) (17 -0.0814) (14 -0.078) (30 0.0511) (15 -0.0408) (19 -0.0403) (22 0.0385) (27 -0.032) (40 0.0293) (54 0.0291) (34 -0.0279) (20 0.0251) (55 0.0245) (16 0.0211) (43 0.0175) (29 0.0167) (36 0.0165) (28 0.0154) (56 -0.0137) (80 0.0125) (49 0.0124) (81 -0.012) (51 0.0113) (46 0.0109) (32 -0.0104) 
  0.00029079   (150 -0.939) (24 0.323) (25 0.0782) (23 -0.064) (17 0.0298) (14 0.0286) (30 -0.0187) (15 0.015) (19 0.0148) (22 -0.0141) (27 0.0117) (40 -0.0107) (54 -0.0106) (34 0.0102) 
  0.00030536   (5 1) 
  0.00032232   (20 -0.736) (19 -0.51) (17 -0.25) (152 -0.221) (23 -0.162) (14 -0.142) (22 -0.136) (15 -0.0703) (16 0.0656) (18 -0.0637) (21 0.053) (25 -0.0341) (27 -0.0283) (40 0.0225) (24 0.0179) (30 0.0158) (31 -0.0154) (29 0.0154) (80 0.0144) (81 -0.0134) (54 0.0131) (48 0.0129) (43 0.0106) 
  0.00035631   (152 -0.975) (20 0.167) (19 0.116) (17 0.0567) (23 0.0367) (14 0.0323) (22 0.0307) (15 0.016) (16 -0.0149) (18 0.0145) (21 -0.012) 
  0.00038938   (73 -0.776) (57 -0.512) (54 0.127) (59 -0.12) (46 0.0982) (50 -0.09) (45 -0.0877) (42 -0.0853) (40 -0.0753) (52 -0.0737) (81 0.073) (62 -0.0727) (60 -0.0713) (43 -0.0702) (80 -0.0696) (56 0.0674) (69 -0.0601) (41 -0.0543) (14 -0.044) (30 -0.0436) (74 -0.0417) (37 -0.0416) (70 0.0347) (48 0.0338) (47 0.033) (49 -0.0327) (32 0.0297) (61 0.0281) (99 -0.0278) (33 -0.0253) (71 -0.0241) (53 0.0236) (88 0.0229) (55 -0.0227) (92 0.0213) (104 0.0199) (20 0.0197) (17 -0.0193) (21 -0.0181) (123 0.0179) (39 -0.0171) (122 -0.0168) (111 -0.0161) (68 -0.016) (83 -0.0151) (124 0.015) (101 -0.0139) (114 -0.0136) (109 -0.0133) (19 -0.0132) (28 -0.0131) (91 -0.0124) (51 0.0117) (94 -0.0113) (113 -0.0111) (25 0.0111) (75 0.0106) (79 0.0105) (23 0.0102) 
  0.00041606   (57 -0.606) (73 0.591) (153 0.17) (67 0.151) (60 -0.142) (59 -0.142) (62 -0.138) (45 -0.135) (69 -0.133) (46 0.132) (43 -0.121) (54 0.119) (40 -0.111) (50 -0.103) (42 -0.0903) (68 -0.0855) (52 -0.0815) (14 -0.0692) (41 -0.062) (30 -0.0612) (48 -0.0589) (56 0.0522) (61 0.0496) (55 -0.0478) (36 -0.0464) (37 -0.0434) (39 -0.0394) (33 -0.0366) (47 0.0344) (17 -0.0341) (53 0.0326) (32 0.0295) (19 -0.0284) (122 0.0274) (74 0.0266) (28 -0.0255) (66 -0.0233) (81 -0.0221) (51 0.0208) (23 0.018) (117 0.0178) (25 0.0176) (83 -0.0174) (126 0.0173) (20 0.0172) (21 -0.0172) (111 -0.0168) (92 0.0161) (49 -0.0155) (71 0.0154) (127 0.0152) (80 0.0149) (77 0.0132) (121 0.013) (101 -0.0125) (109 -0.0122) (31 -0.012) (133 0.012) (120 0.0106) (113 -0.0105) (130 0.0104) (91 -0.0102) 
  0.00041965   (153 0.985) (57 0.108) (73 -0.0971) (67 -0.0259) (59 0.025) (60 0.0248) (45 0.024) (62 0.024) (46 -0.0236) (69 0.0229) (43 0.0215) (54 -0.0215) (40 0.0199) (50 0.0185) (42 0.0163) (68 0.0147) (52 0.0146) (14 0.0124) (41 0.0112) (30 0.011) 
  0.00043838   (27 -0.78) (26 -0.558) (25 0.201) (51 0.101) (28 -0.0856) (50 -0.0675) (52 0.0516) (54 -0.0406) (14 -0.0343) (23 0.0327) (57 0.0324) (20 0.0317) (48 -0.0311) (45 -0.0304) (46 0.0288) (17 -0.0279) (30 0.0265) (43 -0.0256) (36 -0.0241) (32 -0.0192) (15 -0.0191) (18 0.017) (21 -0.0165) (31 -0.0152) (29 -0.0149) (22 -0.0145) (81 -0.0109) (53 -0.0106) (80 0.01) 
   0.0004708   (148 0.647) (51 0.492) (50 -0.344) (52 0.218) (54 -0.19) (45 -0.132) (57 0.131) (46 0.128) (43 -0.126) (40 -0.114) (27 0.1) (48 -0.0967) (42 -0.0794) (49 -0.0757) (26 0.0682) (55 0.0604) (41 -0.053) (30 -0.0503) (53 -0.0484) (14 -0.0446) (39 -0.0358) (37 -0.0285) (36 -0.0281) (59 0.0243) (73 -0.0239) (33 -0.0237) (32 0.0224) (17 -0.0204) (80 0.0178) (81 -0.0165) (47 0.015) (19 -0.0145) (23 0.0104) 
  0.00049364   (148 0.762) (51 -0.418) (50 0.292) (52 -0.185) (54 0.161) (45 0.112) (57 -0.112) (46 -0.109) (43 0.107) (40 0.0973) (48 0.0823) (27 -0.082) (42 0.0675) (49 0.0644) (26 -0.0559) (55 -0.0513) (41 0.0451) (30 0.0426) (53 0.0411) (14 0.038) (39 0.0305) (37 0.0242) (36 0.024) (59 -0.0206) (73 0.0203) (33 0.0202) (32 -0.019) (17 0.0175) (80 -0.0151) (81 0.0139) (47 -0.0128) (19 0.0124) 
  0.00052615   (52 -0.854) (36 0.325) (54 -0.219) (57 0.158) (49 -0.117) (40 -0.114) (56 -0.108) (50 -0.101) (51 0.0941) (42 -0.0926) (55 -0.0897) (46 0.0608) (45 -0.0594) (43 -0.0512) (41 -0.0375) (53 -0.0332) (69 -0.0255) (39 -0.0229) (80 0.0227) (47 0.0209) (37 -0.02) (81 -0.0193) (67 0.0138) (151 0.0137) (27 -0.0117) (68 -0.0115) (21 -0.0106) (33 0.0104) (83 -0.0102) 
  0.00062993   (151 0.971) (36 -0.221) (52 -0.0632) (30 -0.0276) (40 0.0246) (48 0.0179) (33 -0.0177) (32 0.0168) (57 0.0154) (14 -0.0143) (54 -0.0141) 
  0.00071317   (36 0.884) (52 0.308) (151 0.237) (30 0.112) (40 -0.0943) (48 -0.0734) (57 -0.072) (33 0.0718) (54 0.0701) (32 -0.0687) (14 0.0592) (50 0.0426) (25 -0.0392) (55 0.0333) (56 0.0325) (49 0.0317) (42 -0.0311) (20 -0.0283) (39 -0.0274) (27 -0.0265) (17 0.0264) (80 -0.0261) (81 0.0251) (73 0.0239) (43 -0.0235) (51 -0.0231) (22 -0.022) (35 -0.0214) (19 0.0197) (45 -0.0159) (24 0.0149) (31 0.0147) (23 -0.0144) (59 -0.011) (53 0.0105) (15 0.0105) 
  0.00073989   (69 0.788) (67 -0.413) (68 0.341) (57 -0.176) (70 -0.131) (73 0.0911) (66 0.058) (52 -0.0519) (50 -0.0487) (62 0.0482) (46 0.0479) (48 0.0469) (42 -0.0458) (40 -0.0422) (54 0.0418) (56 0.0371) (45 -0.0354) (43 -0.0304) (41 -0.0298) (83 -0.0296) (30 -0.026) (14 -0.0255) (37 -0.0246) (59 0.0238) (147 0.0236) (49 -0.023) (32 0.0206) (99 -0.0201) (88 0.0179) (55 0.0161) (104 0.0159) (92 0.0157) (124 0.0156) (97 -0.0155) (127 0.0154) (33 -0.0153) (71 0.0151) (20 0.0146) (125 0.0142) (61 -0.0135) (21 -0.0133) (60 0.0129) (47 0.0114) (77 0.011) (117 0.0108) (90 0.0108) (111 -0.0105) (39 -0.0104) (122 -0.0104) (53 0.0103) (17 -0.0102) 
   0.0007557   (147 0.814) (48 -0.46) (50 0.176) (51 -0.148) (45 -0.114) (46 0.106) (42 -0.104) (40 -0.0873) (57 0.0808) (43 -0.0741) (49 -0.063) (47 0.0514) (36 -0.0497) (73 -0.0371) (14 -0.0325) (30 -0.0298) (41 -0.0268) (55 0.0241) (81 -0.0204) (80 0.0191) (33 -0.0175) (56 0.0172) (17 -0.0152) (32 0.0148) (37 -0.014) (39 -0.014) (19 -0.014) (62 0.014) (44 -0.0136) (53 -0.0133) (60 0.0126) (52 0.0118) (25 0.0116) (67 -0.0112) (28 -0.011) 
   0.0007847   (48 0.643) (147 0.58) (50 -0.244) (51 0.208) (45 0.161) (46 -0.151) (42 0.148) (40 0.124) (57 -0.106) (43 0.105) (49 0.0894) (47 -0.0727) (36 0.0694) (73 0.0486) (14 0.0469) (30 0.0431) (41 0.039) (55 -0.0345) (67 0.0327) (81 0.0284) (69 -0.0271) (80 -0.0267) (56 -0.0258) (33 0.0252) (17 0.0218) (32 -0.0217) (62 -0.0217) (37 0.0209) (39 0.0202) (19 0.0199) (44 0.019) (60 -0.0183) (53 0.0182) (68 -0.0181) (25 -0.0167) (28 0.0157) (52 -0.0142) (22 -0.0126) (24 0.0122) (20 -0.0119) (27 -0.0112) (59 -0.011) (121 -0.0107) (122 -0.0102) 
  0.00084951   (37 -0.899) (21 -0.181) (20 0.166) (19 -0.155) (23 -0.131) (22 0.121) (14 -0.121) (40 0.0969) (17 -0.0968) (42 0.0922) (32 0.07) (33 -0.0681) (41 0.0589) (46 -0.0541) (36 0.0535) (45 0.0534) (39 0.0504) (43 0.0452) (25 -0.0299) (38 -0.0292) (57 0.027) (16 0.0262) (34 0.0231) (24 0.0227) (54 -0.0227) (18 0.0225) (50 0.0222) (48 -0.0194) (30 -0.019) (47 -0.0142) (35 0.0137) (52 0.0136) (49 0.0109) 
  0.00094729   (21 -0.42) (19 -0.377) (20 0.376) (37 0.37) (23 -0.369) (22 0.346) (14 -0.222) (17 -0.212) (30 0.138) (25 -0.104) (28 0.0655) (32 -0.0643) (16 0.0576) (33 0.0558) (24 0.0492) (18 0.0446) (143 -0.0318) (15 -0.0298) (31 0.021) (29 -0.02) (13 -0.0152) (34 -0.0134) (48 0.0131) (36 0.0112) 
   0.0010393   (143 -0.99) (144 -0.135) (21 0.014) (20 -0.0125) (19 0.0125) (23 0.0122) (22 -0.0114) 
   0.0011784   (48 0.426) (50 0.409) (46 0.403) (49 0.379) (14 -0.272) (45 -0.268) (42 -0.263) (54 -0.162) (57 0.126) (41 -0.122) (43 -0.111) (15 0.11) (40 -0.102) (17 0.0915) (44 0.0724) (52 0.0688) (47 0.0612) (37 -0.0532) (30 -0.0385) (39 -0.0357) (32 0.0354) (56 -0.0339) (55 0.0314) (80 -0.0314) (33 -0.03) (53 -0.0295) (16 -0.0259) (81 0.0255) (51 -0.0245) (19 0.0233) (67 0.0205) (77 0.0142) (69 -0.0131) (111 -0.0117) (59 0.0113) (83 -0.0108) (68 -0.0108) 
    0.001336   (14 -0.743) (17 0.394) (15 0.372) (46 -0.134) (19 0.131) (48 -0.121) (16 -0.113) (49 -0.109) (50 -0.108) (42 0.1) (20 -0.0996) (45 0.0991) (30 0.079) (21 0.0773) (40 0.0615) (23 -0.0598) (43 0.0519) (41 0.0498) (25 -0.0426) (54 0.0413) (28 0.0393) (18 -0.0366) (37 0.0336) (32 -0.0318) (57 -0.0279) (13 -0.0272) (33 0.0232) (47 -0.0215) (44 -0.0214) (36 0.0209) (39 0.0208) (52 -0.0171) (31 0.013) (11 -0.0118) 
   0.0013898   (146 -1) (145 -0.0194) 
   0.0014554   (56 0.743) (30 -0.387) (54 0.347) (57 0.269) (31 -0.196) (52 -0.0934) (50 -0.0869) (48 0.0838) (14 -0.0774) (32 -0.0748) (36 0.0644) (28 -0.0531) (25 0.0499) (46 0.0475) (53 0.0407) (33 0.0406) (20 0.0403) (17 -0.0396) (29 0.0373) (67 0.0337) (81 0.0291) (49 -0.0291) (47 0.0275) (21 -0.0271) (19 -0.0265) (45 -0.0251) (23 0.0248) (71 -0.0246) (80 -0.0242) (62 -0.0228) (73 0.0223) (60 -0.0216) (55 0.0186) (42 -0.018) (41 -0.0178) (69 -0.0141) (68 -0.014) (40 0.0124) (37 0.0113) (16 0.0109) (70 -0.0107) 
   0.0015194   (30 -0.71) (56 -0.376) (31 -0.373) (54 -0.192) (32 -0.19) (57 -0.113) (14 -0.108) (36 0.103) (33 0.102) (40 0.101) (42 0.0985) (139 0.0947) (28 -0.0901) (25 0.0897) (37 0.0808) (50 0.074) (46 -0.0655) (17 -0.0635) (45 0.0634) (29 0.0619) (52 0.0552) (41 0.0512) (20 0.0486) (43 0.0458) (19 -0.0447) (23 0.0432) (48 -0.0394) (49 0.0287) (21 -0.0275) (39 0.0271) (27 0.0264) (47 -0.0247) (24 -0.0243) (53 -0.0239) (16 0.0175) (34 -0.0171) (73 -0.0159) (81 -0.0153) (67 -0.0143) (51 -0.013) (35 -0.013) (80 0.0122) (60 0.0121) (15 -0.0115) (22 0.0108) (71 0.0104) 
   0.0015745   (139 0.995) (30 0.0711) (31 0.0373) (56 0.0291) (32 0.0187) (54 0.0151) (14 0.0111) (36 -0.0104) (33 -0.01) 
   0.0016907   (18 0.834) (31 0.48) (30 -0.184) (28 -0.129) (20 -0.0853) (14 -0.0721) (15 -0.0343) (32 -0.0331) (135 0.0322) (40 0.0294) (23 0.029) (17 -0.0278) (25 0.0245) (19 0.0244) (21 -0.0216) (33 0.0216) (13 0.0215) (36 0.0209) (37 0.0174) (27 0.0167) (42 0.0161) (71 0.0154) (26 0.0126) (39 0.0123) (45 0.0109) (43 0.0108) 
   0.0017244   (31 0.596) (135 0.591) (18 -0.445) (30 -0.246) (28 -0.128) (25 0.0626) (20 0.0617) (19 -0.044) (40 0.0369) (17 -0.0344) (36 0.0331) (14 -0.0329) (32 -0.0321) (33 0.0307) (23 0.0262) (16 0.0237) (24 -0.0203) (42 0.017) (37 0.0162) (13 -0.0148) (43 0.0142) (50 0.0133) (29 0.0107) (44 0.0102) 
   0.0019146   (135 0.806) (31 -0.457) (18 0.293) (30 0.188) (28 0.0994) (25 -0.0469) (20 -0.0419) (19 0.0313) (40 -0.0282) (14 0.0271) (17 0.0264) (36 -0.0251) (32 0.0248) (33 -0.0234) (23 -0.0204) (16 -0.0175) (24 0.0151) (42 -0.013) (37 -0.0126) (43 -0.0108) 
   0.0020907   (28 -0.88) (49 -0.228) (30 0.195) (50 0.19) (31 -0.137) (51 0.124) (53 -0.124) (67 -0.0833) (27 0.0831) (25 -0.08) (47 -0.0593) (48 0.0554) (70 0.048) (69 -0.0427) (44 0.0422) (29 -0.0403) (45 0.039) (14 -0.0373) (54 0.0332) (33 0.0315) (23 0.0313) (17 -0.0295) (71 -0.0283) (24 0.0267) (20 0.0252) (43 0.023) (57 -0.0221) (66 0.0218) (19 -0.0198) (18 -0.0194) (39 -0.0167) (34 0.0156) (40 0.0154) (13 0.0154) (41 -0.014) (42 0.0136) (55 0.0135) (74 0.0131) (60 0.0128) (73 0.0126) (56 0.0116) (82 -0.0114) (59 -0.0109) (16 0.0108) 
   0.0022387   (67 -0.651) (70 0.365) (69 -0.363) (50 -0.246) (49 0.235) (66 0.213) (71 -0.178) (51 -0.164) (132 -0.152) (68 0.101) (74 0.0947) (78 -0.0851) (62 0.0787) (73 0.0719) (53 0.0599) (63 0.0475) (82 -0.0474) (59 -0.043) (76 0.0423) (81 0.042) (80 -0.0377) (43 -0.0372) (45 -0.0344) (28 -0.0344) (60 0.0343) (79 0.0319) (58 -0.031) (61 -0.0292) (47 0.0258) (48 -0.0232) (40 -0.0229) (87 0.0227) (115 -0.0213) (130 0.0205) (65 0.0189) (75 -0.018) (84 0.0167) (56 -0.0165) (83 -0.0164) (46 0.015) (44 -0.0144) (14 -0.014) (128 0.014) (39 -0.0138) (92 0.0135) (52 -0.0133) (96 -0.0127) (118 -0.0119) (54 0.0119) (86 -0.0115) (64 0.0115) (114 0.0114) (85 0.0104) (112 0.0103) (57 0.0102) 
   0.0023538   (132 -0.502) (49 0.41) (50 -0.382) (28 -0.306) (67 0.272) (51 -0.268) (53 0.231) (70 -0.168) (69 0.149) (47 0.127) (44 -0.0963) (71 0.0933) (66 -0.0881) (48 -0.0817) (54 -0.0755) (57 0.074) (30 0.0573) (73 -0.0497) (45 -0.0441) (43 -0.0417) (74 -0.0396) (56 -0.0373) (60 -0.0371) (68 -0.0341) (133 0.0318) (31 -0.0318) (59 0.0317) (25 -0.0316) (55 -0.0312) (27 0.031) (130 0.0293) (82 0.0263) (14 -0.0256) (63 -0.0246) (62 0.0245) (78 0.0212) (83 0.0207) (41 0.0206) (80 0.0201) (17 -0.0197) (40 -0.0173) (46 -0.0164) (33 0.0161) (35 0.016) (23 0.0159) (81 -0.0156) (99 0.0145) (42 0.0144) (39 0.0144) (72 -0.0144) (20 0.0143) (111 0.0143) (65 -0.012) (24 0.0114) (19 -0.0113) (117 -0.0113) (29 -0.0111) (18 -0.0106) (116 -0.01) 
   0.0025293   (132 -0.848) (49 -0.284) (50 0.269) (28 0.196) (51 0.187) (53 -0.147) (47 -0.0794) (44 0.0591) (133 0.057) (48 0.052) (57 -0.0452) (67 -0.0426) (54 0.0421) (30 -0.034) (70 0.033) (45 0.0321) (43 0.0313) (62 -0.0286) (130 0.028) (56 0.0249) (71 -0.0231) (69 -0.0226) (25 0.0201) (31 0.0199) (27 -0.0197) (55 0.0192) (14 0.0181) (73 0.0164) (60 0.0155) (40 0.0143) (66 0.0135) (17 0.0134) (128 0.0129) (41 -0.012) (59 -0.0108) (23 -0.0107) 
   0.0026408   (22 -0.878) (20 0.276) (55 0.179) (54 -0.17) (21 -0.155) (23 -0.109) (56 0.102) (19 -0.1) (14 -0.0739) (17 -0.0649) (57 -0.0527) (13 -0.0497) (46 -0.047) (30 0.0467) (25 -0.0403) (50 0.0361) (45 0.0348) (32 -0.0328) (29 -0.0327) (26 0.0273) (37 0.0271) (18 0.0269) (42 0.0255) (28 0.0252) (43 0.025) (48 -0.0245) (41 0.0244) (24 -0.0238) (49 0.0221) (40 0.0217) (11 -0.021) (36 -0.0141) (80 0.014) (69 -0.0137) (125 0.0127) (120 -0.0116) (121 -0.0111) (122 -0.0108) (52 -0.0106) (81 -0.0101) 
   0.0027224   (59 0.794) (60 -0.334) (55 -0.297) (54 0.286) (56 -0.167) (22 -0.121) (46 0.085) (58 0.078) (45 -0.0593) (43 -0.0591) (49 -0.0535) (80 -0.0504) (20 0.0466) (69 -0.0438) (61 -0.038) (50 -0.0352) (53 -0.0336) (81 0.0329) (41 -0.032) (21 -0.0318) (134 -0.0312) (62 0.0246) (70 0.021) (125 0.0194) (67 -0.0187) (52 0.0183) (83 0.0182) (108 -0.0181) (14 -0.0174) (115 0.0172) (48 0.0168) (121 0.0167) (42 0.0157) (23 -0.0157) (63 0.0156) (39 -0.0152) (71 0.0151) (30 -0.0147) (19 -0.014) (126 0.0119) (66 0.0116) (13 -0.0112) (25 -0.0111) (44 0.011) (37 -0.0105) 
   0.0028635   (134 -0.677) (55 -0.377) (54 0.338) (59 -0.322) (56 -0.237) (57 0.182) (22 -0.162) (60 0.149) (50 -0.0699) (46 0.0684) (20 0.0611) (44 0.0606) (42 -0.0559) (47 -0.053) (133 0.0437) (52 0.0429) (69 0.039) (21 -0.0376) (45 -0.0369) (39 -0.0339) (58 -0.0316) (49 -0.0299) (41 -0.0297) (14 -0.0289) (62 -0.0276) (67 0.0252) (70 -0.0228) (81 0.0213) (19 -0.0206) (61 0.0198) (80 -0.0195) (125 -0.0185) (43 -0.0184) (23 -0.0183) (53 -0.0182) (83 -0.0165) (17 -0.0154) (30 -0.0145) (51 0.0136) (122 0.0127) (40 -0.0127) (37 -0.0115) (66 -0.0109) (48 0.0108) (77 0.0103) (117 0.0102) 
   0.0028749   (134 -0.732) (55 0.361) (54 -0.325) (59 0.262) (56 0.226) (57 -0.167) (22 0.155) (60 -0.123) (46 -0.0671) (50 0.0661) (20 -0.0585) (44 -0.0562) (42 0.0507) (47 0.0489) (133 0.0437) (52 -0.0403) (45 0.0369) (125 0.0363) (21 0.0362) (69 -0.0343) (39 0.0319) (49 0.0302) (41 0.029) (14 0.0275) (58 0.0257) (62 0.0244) (67 -0.0225) (81 -0.0207) (70 0.0202) (43 0.0199) (19 0.0197) (80 0.0196) (53 0.0183) (23 0.0176) (61 -0.0166) (83 0.015) (126 0.0149) (17 0.0147) (127 0.0141) (30 0.0141) (124 0.0133) (122 -0.013) (51 -0.0125) (117 -0.0121) (40 0.0117) (37 0.0111) (48 -0.0108) 
   0.0034141   (33 -0.908) (60 -0.28) (83 0.13) (59 -0.115) (37 0.115) (36 0.1) (57 0.0811) (42 0.0712) (40 0.0688) (30 -0.0637) (62 -0.0474) (32 0.0471) (28 -0.0405) (44 -0.0384) (34 -0.0341) (86 0.0334) (39 0.033) (14 -0.0285) (13 0.0284) (45 0.0269) (46 -0.0253) (61 0.0249) (41 0.023) (67 -0.0229) (81 -0.0225) (50 0.0218) (56 -0.0218) (52 0.0206) (47 0.018) (96 -0.0176) (17 -0.0166) (54 -0.0158) (51 -0.0154) (69 0.0146) (20 0.0138) (43 0.0137) (49 -0.0133) (73 -0.0124) (21 -0.0122) (89 -0.0122) (25 0.0118) (85 0.0116) (31 -0.0111) (55 0.0104) (115 -0.0103) (23 0.0102) (80 0.0102) 
   0.0041915   (83 0.837) (60 0.395) (131 0.2) (86 0.141) (59 0.13) (80 0.106) (57 -0.101) (81 -0.0879) (62 0.0698) (85 0.0641) (90 0.0494) (89 -0.0473) (115 -0.0454) (91 -0.0398) (54 0.0362) (61 -0.0342) (84 0.0337) (117 0.0312) (111 -0.031) (46 0.0286) (43 -0.0251) (97 -0.025) (56 0.0248) (96 -0.0243) (45 -0.0242) (82 0.0234) (33 -0.0231) (103 -0.0231) (71 0.0228) (101 -0.0199) (77 -0.0194) (48 0.0193) (69 -0.0186) (92 0.0183) (55 -0.0182) (99 -0.0182) (52 -0.0182) (40 -0.0175) (104 0.0167) (114 0.0167) (70 0.0158) (87 -0.0157) (51 0.0156) (120 0.0152) (41 -0.015) (30 -0.0149) (124 0.0143) (50 -0.0142) (39 -0.0139) (108 -0.0135) (93 0.0132) (113 -0.0124) (14 -0.0122) (126 -0.0121) (76 0.0117) (37 -0.0115) (106 0.0106) (112 0.0103) (42 -0.0102) 
   0.0042171   (60 0.571) (131 0.538) (83 -0.43) (33 -0.274) (59 0.225) (57 -0.113) (62 0.0998) (86 -0.0798) (47 0.0764) (44 -0.0669) (67 0.0667) (81 0.0643) (80 -0.0538) (61 -0.0508) (85 -0.0369) (89 0.0351) (69 -0.035) (90 -0.0315) (42 0.0292) (96 0.0287) (37 0.0278) (36 0.0276) (73 0.0259) (68 -0.0251) (30 -0.0248) (43 -0.0247) (56 0.0246) (84 -0.024) (115 0.0227) (39 0.0208) (114 -0.019) (54 0.0185) (91 0.0183) (14 -0.0179) (45 -0.0178) (103 0.017) (52 -0.0164) (94 -0.0162) (28 -0.016) (32 0.0155) (88 0.0146) (79 0.0142) (108 0.0137) (63 -0.0136) (66 -0.0133) (51 0.0131) (55 -0.0126) (50 -0.0126) (112 -0.0123) (93 -0.0116) (48 0.0113) (109 -0.0112) (17 -0.011) (127 0.0106) (34 -0.0105) (58 -0.0104) 
    0.004238   (131 0.819) (60 -0.469) (33 0.196) (59 -0.178) (57 0.0985) (62 -0.0821) (83 0.0748) (47 -0.0512) (67 -0.0446) (44 0.0429) (61 0.0415) (69 0.0273) (43 0.0224) (56 -0.0222) (54 -0.0212) (30 0.0209) (36 -0.0205) (81 -0.0196) (86 0.0185) (45 0.0176) (73 -0.0173) (42 -0.017) (68 0.017) (37 -0.0164) (14 0.0153) (52 0.0152) (96 -0.0142) (115 -0.0133) (55 0.0128) (32 -0.0127) (48 -0.0125) (51 -0.0124) (89 -0.012) (28 0.0118) (50 0.0116) (130 0.0114) (114 0.0113) (94 0.0111) (63 0.0108) (39 -0.0102) (88 -0.0101) 
   0.0042616   (105 0.517) (96 0.347) (103 0.342) (124 0.307) (100 0.254) (108 -0.241) (104 -0.219) (109 0.211) (101 0.169) (125 -0.148) (121 0.13) (107 -0.125) (120 -0.119) (123 -0.0989) (115 -0.0975) (112 -0.091) (102 -0.0869) (94 -0.0838) (99 -0.0763) (111 0.076) (98 -0.0694) (116 0.0593) (93 -0.0511) (106 0.0504) (47 0.0467) (88 -0.0466) (117 0.0416) (119 -0.0405) (145 -0.0399) (113 -0.0397) (110 -0.0376) (92 0.0319) (89 0.0285) (44 -0.0282) (83 0.0282) (71 0.0271) (80 0.0262) (114 -0.0244) (85 -0.0195) (81 0.0194) (126 0.0181) (42 0.015) (59 -0.014) (49 -0.0135) (122 0.0135) (133 0.013) (91 0.0127) (67 -0.012) (70 0.0116) (97 0.0114) (79 0.0111) (118 -0.0108) (60 -0.0103) (43 -0.0102) 
   0.0043155   (145 0.998) (124 0.041) (125 -0.0196) (146 -0.0193) (105 0.0152) (123 -0.0106) (120 -0.0104) 
   0.0045237   (47 0.75) (44 -0.498) (49 -0.175) (42 0.155) (48 0.127) (43 -0.102) (71 0.101) (59 -0.0918) (50 0.0913) (33 0.0857) (39 0.0809) (13 -0.0779) (45 -0.0728) (124 -0.069) (56 -0.0636) (60 -0.057) (54 0.0563) (67 -0.0558) (70 0.0504) (51 0.0483) (125 0.0482) (83 0.0477) (57 0.0472) (96 0.0436) (80 0.0424) (121 -0.0405) (53 -0.0402) (81 0.0368) (55 -0.0354) (52 0.0342) (105 -0.0315) (123 0.0296) (22 -0.0295) (109 -0.0294) (112 -0.0293) (41 0.0291) (46 -0.0275) (115 0.027) (120 0.0268) (108 0.025) (103 -0.021) (86 -0.021) (110 -0.0197) (79 0.0184) (106 -0.0184) (66 0.0179) (91 -0.0178) (89 0.0176) (99 0.0171) (69 -0.0171) (107 0.0166) (30 0.016) (11 -0.0157) (85 -0.0154) (77 -0.0149) (29 0.0137) (100 -0.0133) (28 0.0132) (111 0.0132) (73 0.0112) (94 -0.0111) (114 -0.0106) 
   0.0045437   (71 0.65) (44 -0.354) (47 -0.354) (79 0.343) (78 0.173) (70 0.157) (77 -0.152) (94 -0.133) (82 0.125) (86 -0.114) (46 0.0984) (75 -0.0958) (98 -0.0821) (72 -0.0754) (67 -0.0714) (90 0.071) (81 0.0689) (84 -0.0654) (96 -0.0523) (76 -0.0506) (80 0.0504) (110 -0.0497) (39 0.0471) (42 -0.046) (107 0.0457) (112 0.0425) (85 -0.0399) (93 0.0364) (74 0.0342) (92 -0.0328) (104 0.0303) (69 -0.0302) (59 -0.0285) (105 -0.0278) (109 -0.0263) (114 0.0258) (121 0.0247) (106 -0.0244) (56 0.0227) (66 0.0219) (124 0.021) (101 -0.0194) (54 0.0188) (125 -0.0174) (123 -0.0146) (116 0.0145) (115 -0.0143) (103 0.0139) (155 -0.0138) (100 -0.0137) (62 0.013) (18 -0.0116) (99 -0.0114) (49 0.0108) (40 0.0107) (58 -0.0101) 
   0.0047721   (155 -0.999) (44 0.0372) (47 0.0233) 
   0.0050471   (44 -0.717) (71 -0.448) (47 -0.404) (46 0.132) (79 -0.126) (39 0.111) (77 0.109) (70 -0.106) (78 -0.0811) (86 0.075) (89 -0.0568) (107 -0.05) (42 -0.0469) (82 -0.0448) (155 -0.0444) (67 0.0433) (85 0.0428) (72 0.0424) (90 0.0412) (98 0.0376) (112 -0.0362) (115 0.0352) (76 -0.0346) (40 0.0342) (110 0.0339) (45 -0.0314) (33 0.0299) (84 0.0299) (41 0.026) (81 -0.0241) (114 -0.0235) (96 0.0234) (106 0.0233) (51 0.0231) (13 -0.0209) (75 0.0208) (109 0.0202) (50 0.0194) (104 -0.0191) (49 0.0191) (101 0.0178) (121 -0.0171) (105 0.0165) (62 -0.0165) (124 -0.0163) (43 0.0161) (55 -0.0161) (94 -0.016) (125 0.0147) (99 0.0145) (69 0.0138) (88 0.0138) (102 0.0136) (66 -0.0134) (31 0.0132) (117 -0.0123) (22 -0.0109) (74 -0.0109) (123 0.01) 
   0.0051542   (16 0.958) (17 0.23) (138 -0.154) (15 0.0519) (13 0.0321) (7 -0.0204) (22 -0.0175) (18 0.0137) 
   0.0052676   (138 -0.988) (16 -0.149) (17 -0.0358) 
   0.0053564   (7 1) (16 0.0195) 
   0.0055757   (4 -1) 
   0.0058035   (26 0.66) (25 0.538) (136 -0.338) (27 -0.312) (30 0.134) (23 0.118) (14 -0.0976) (17 -0.0725) (24 -0.0631) (40 0.0506) (15 -0.0376) (29 0.034) (28 -0.0304) (31 -0.03) (43 0.0295) (21 -0.0265) (20 0.0263) (39 0.0249) (19 -0.0218) (80 0.0207) (16 0.0202) (81 -0.0196) (36 0.0188) (32 -0.0168) (22 0.0158) (42 -0.0113) (33 0.0106) (51 -0.0104) 
    0.006053   (136 -0.941) (26 -0.237) (25 -0.193) (27 0.112) (30 -0.0481) (23 -0.0424) (14 0.035) (17 0.026) (24 0.0226) (40 -0.0181) (15 0.0135) (29 -0.0122) (28 0.0109) (31 0.0108) (43 -0.0105) 
   0.0063563   (15 -0.686) (10 0.643) (17 0.274) (14 -0.179) (19 0.0444) (25 -0.0438) (18 -0.0333) (23 -0.0332) (16 -0.0279) (24 0.0232) (21 -0.0177) (40 0.0152) (20 -0.0137) 
   0.0067366   (142 0.999) (10 -0.0275) (15 -0.0176) 
   0.0076109   (10 0.766) (15 0.574) (17 -0.234) (14 0.144) (25 0.0401) (19 -0.0394) (142 0.0337) (23 0.0289) (18 0.026) (16 0.025) (24 -0.0222) (21 0.018) (40 -0.0151) (20 0.0108) (22 0.0102) 
   0.0080585   (11 0.925) (39 -0.342) (44 -0.0716) (43 0.0606) (42 -0.0599) (40 0.0595) (13 -0.0583) (12 0.0577) (35 -0.0268) (47 0.0259) (14 -0.0241) (46 -0.0203) (41 0.0152) (29 -0.0149) (53 0.0132) (37 -0.0121) (45 0.0104) 
    0.008298   (140 -0.998) (39 -0.0532) (11 -0.0241) 
   0.0085808   (39 0.869) (11 0.366) (40 -0.161) (44 0.15) (43 -0.144) (42 0.133) (35 0.0643) (140 -0.0617) (53 -0.0468) (47 -0.0446) (46 0.0442) (13 -0.0347) (41 -0.0336) (29 0.0299) (37 0.0285) (12 0.026) (33 0.0239) (22 -0.0237) (45 -0.0216) (61 0.0204) (64 0.017) (30 0.016) (59 -0.0159) (49 0.0132) (74 0.0127) (115 0.0126) (21 0.0123) (77 -0.0123) (32 0.0115) (54 0.0114) (82 0.0111) (20 0.0104) 
   0.0095628   (12 -0.934) (29 -0.341) (11 0.0544) (13 -0.0535) (32 0.035) (30 -0.0337) (35 0.0189) (26 0.0181) (39 0.0162) (66 -0.0159) (14 -0.0141) (15 -0.0113) (28 0.011) (33 0.0101) 
   0.0096909   (137 -0.966) (29 -0.236) (12 0.0985) (30 -0.0229) (32 0.0211) (35 0.0123) (26 0.0103) 

 Largest eigenvalues
      26.531   (163 0.288) (165 0.944) 
      21.293   (42 -0.722) (43 0.5) 
      15.699   (80 -0.65) (81 0.619) 
       14.79   (114 -0.404) (115 0.702) (117 -0.323) (120 -0.29) 
      3.6295   (96 0.29) (121 -0.338) (124 -0.577) (125 0.398) 
      1.2242   (163 0.944) (165 -0.289) 
      1.1628   (164 -0.998) 
      1.1472   (162 0.98) 
      1.1345   (88 0.919) (99 0.249) 
      1.1205   (99 -0.691) (101 0.382) (105 -0.369) 
      1.1193   (99 -0.424) (104 0.39) (105 0.367) (106 -0.544) 
        0.98   (113 -0.308) (116 0.665) (117 -0.347) 
     0.94965   (104 0.406) (105 0.332) (106 0.653) (107 0.361) 
     0.90211   (100 0.746) (103 -0.391) 
     0.86873   (109 -0.336) (111 -0.434) (112 -0.368) 
     0.79499   (109 0.423) (113 -0.366) (117 0.443) 
     0.67508   (109 -0.578) (110 0.378) 
     0.66574   (96 0.765) (100 -0.351) 
     0.66087   (113 0.306) (114 -0.372) (126 -0.585) (133 0.396) 
     0.60651   (112 -0.504) (113 -0.556) (114 0.364) (126 -0.304) 
     0.60606   (108 0.585) (111 -0.369) (112 0.296) (114 0.383) 
     0.58214   (108 -0.684) (111 -0.378) 
     0.58139   (123 0.419) (125 -0.336) (128 -0.529) 
     0.58042   (125 0.597) (126 0.427) (128 -0.439) 
     0.57064   (120 0.412) (121 0.45) (122 0.492) 
     0.55657   (119 -0.332) (120 -0.673) (122 0.312) 
     0.52392   (119 0.415) (121 -0.484) (123 -0.391) (127 -0.394) 
     0.48795   (119 -0.656) (122 -0.297) (126 -0.287) (133 -0.335) 
     0.42667   (119 0.467) (123 0.388) (133 -0.381) 
      0.3997   (91 -0.967) 
     0.32662   (121 -0.321) (122 0.343) (124 0.287) (127 0.532) (133 -0.416) 
     0.30994   (92 0.252) (93 0.896) 
     0.29909   (93 -0.328) (103 0.619) (104 0.47) (105 -0.292) 
     0.28582   (102 -0.857) 
     0.26793   (98 -0.507) (122 -0.288) 
     0.23197   (86 -0.65) (98 0.324) 
     0.23029   (76 0.345) (77 -0.447) (98 0.567) 
     0.21072   (76 -0.365) (77 0.408) (86 0.612) 
     0.16997   (98 -0.383) (107 0.289) (110 -0.481) 
     0.14774   (89 0.769) (90 -0.467) (94 0.31) 
     0.14488   (94 0.413) (97 -0.529) (107 -0.405) 
     0.13134   (85 0.309) (94 -0.613) (107 -0.365) 
     0.12586   (85 -0.869) (90 -0.218) (97 0.219) 
     0.11453   (85 0.307) (87 0.326) (89 -0.442) (90 -0.486) (97 0.351) 
       0.106   (71 0.393) (76 0.34) (79 -0.594) (82 -0.32) 
     0.10376   (75 -0.318) (76 -0.311) (84 0.322) (87 -0.298) (97 0.325) 
     0.09553   (58 -0.269) (68 -0.36) (72 0.347) (75 0.28) (79 0.267) (82 0.216) (90 0.243) 
    0.093477   (58 0.666) (65 0.244) (68 0.25) (82 0.234) (84 -0.205) 
     0.09257   (58 -0.594) (68 0.361) (72 -0.31) 
    0.088152   (58 0.278) (65 -0.315) (68 -0.33) (75 -0.267) (97 -0.308) (107 0.285) 
    0.086195   (64 0.444) (65 0.406) (72 0.384) 
    0.082012   (63 0.358) (64 -0.517) (68 0.388) 
    0.077905   (61 -0.348) (65 -0.548) 
    0.074669   (61 0.788) (72 -0.32) 
    0.072715   (61 -0.406) (65 0.486) (68 -0.323) 
     0.06998   (65 -0.218) (68 0.247) (72 0.378) (75 -0.226) (82 0.25) (110 -0.22) (116 -0.299) (117 -0.253) 
    0.067412   (72 -0.274) (74 -0.334) (75 0.317) (84 -0.271) 
    0.062525   (63 -0.474) (64 -0.333) (70 0.365) (74 0.29) (82 -0.315) 
    0.058191   (63 0.525) (64 0.392) (74 0.344) 
    0.057269   (63 -0.311) (66 0.292) (70 -0.545) (75 -0.302) 
    0.054799   (66 -0.382) (70 0.261) (74 -0.451) (82 0.291) (84 0.305) (101 -0.305) 
    0.052487   (66 0.529) (75 0.323) (82 0.288) (101 -0.303) 
    0.049499   (66 -0.557) (67 -0.327) (70 -0.342) (74 0.332) 
    0.047269   (84 -0.364) (87 -0.389) (118 0.344) 
    0.045479   (35 -0.928) (53 -0.263) 
    0.043337   (35 0.321) (53 -0.794) 
    0.042581   (53 0.368) (76 -0.232) (77 -0.299) (78 -0.32) (92 0.3) (101 0.237) (118 0.402) 
    0.039964   (54 -0.287) (55 -0.41) (62 0.288) (77 0.269) (78 0.368) (101 0.255) (118 0.295) 
    0.034321   (54 0.421) (55 0.463) (78 0.337) 
    0.032761   (34 -0.804) (41 0.39) 
    0.029446   (34 0.553) (41 0.514) (62 -0.349) 
     0.02922   (38 -0.415) (41 -0.476) (92 -0.453) 
    0.028188   (38 0.835) (41 -0.225) (92 -0.273) 
    0.026579   (38 -0.313) (41 0.32) (62 0.574) (92 -0.29) 
    0.023077   (130 -0.904) 
    0.022099   (129 -0.578) (156 -0.809) 
    0.020853   (129 -0.577) (156 0.315) (161 0.754) 
    0.020355   (129 -0.577) (156 0.496) (161 -0.649) 
    0.018687   (13 -0.985) 
    0.016529   (141 -0.999) 
