 1 74629.6
 2 628.907
 3 1.64633
 4 438624
 5 753.868
 6 13.6366
 7 1.12419e+06
 8 64.7335
 9 1585.61
 10 2684.77
 11 40.9348
 12 738.907
 13 1.49767e+06
 14 11283.3
 15 0.814017
 16 858946
 17 5479.41
 18 0.898234
 19 235407
 20 3225.24
 21 10.8395
 22 415172
 23 4371.8
 24 2.9643
 25 237.354
 26 318.175
 27 6.58964
 28 3503.52
 29 489.695
 30 82.7497
 31 464.152
 32 256.096
 33 421.251
 34 219.517
 35 338.58
 36 133.295
 37 1515.59
 38 3238.75
 39 3.20519
 40 941.879
 41 5245.59
 42 1.76142
 43 646.962
 44 1543.68
 45 10.1695
 46 3833.96
 47 3228.18
 48 190.884
 49 1954.17
 50 200.015
 51 471.262
 52 167.597
 53 3467.94
 54 336.585
 55 171.102
 56 335.763
 57 728.866
 58 93.7916
 59 208.484
 60 110.323
 61 22.3822
 62 1.74247
 63 478.227
 64 205.782
 65 2.04204
 66 598.306
 67 3535.28
 68 353.152
 69 109546
 70 537047
 71 3273.4
 72 3.95927
 73 19563.9
 74 492.694
 75 4317.95
 76 5274.09
 77 16.8775
 78 1550.88
 79 7644.94
 80 237.716
 81 2175.95
 82 2691.78
 83 814.161
 84 2.0512
 85 154.904
 86 2.44081
 87 3282.01
 88 1.84678
 89 1.73509
 90 2.07418
 91 8.20997
 92 524.397
 93 1024.75
 94 478.998
 95 1024.08
 96 1309.03
 97 322.095
 98 234.754
 99 135.06
 100 783.135
 101 1516.51
 102 98.2552
 103 181.301
 104 154.149
 105 132.547
 106 177.02
 107 174.232
 108 175.711
 109 127.266
 110 93.3192
 111 189.232
 112 206.593
 113 189.698
 114 175.115
 115 169.955
 116 127.277
 117 183.338
 118 191.234
 119 156.742
 120 112.408
 121 116.36
 122 49.8455
 123 43.3599
 124 37.8634
 125 32.0905
 126 44.3598
 127 25.7385
 128 84.0273
 129 55.8104
 130 49.4293
 131 21.373
 132 19.8232
 133 19.9187
 134 29.5184
 135 9.05138
 136 40.8965
 137 10.9809
 138 9.49238
 139 8.85264
 140 11.7545
 141 11.485
 142 8.99136
 143 8.92734
 144 17.7847
 145 15.9691
 146 11.6643
 147 10.4533
 148 16.995
 149 16.2527
 150 11.5427
 151 13.5658
 152 19.6915
 153 25.5111
 154 14.2939
 155 19.339
 156 20.9815
 157 34.331
 158 0.462816
 159 0.087208
 160 2.80273
 161 19.798
 162 61.0579
 163 63.4351
 164 132.948
 165 2.30002
