 1 31.6228
 2 24.5165
 3 0.957277
 4 31.6228
 5 26.8599
 6 1.42773
 7 31.6228
 8 2.21652
 9 30.385
 10 30.116
 11 2.12035
 12 21.0553
 13 31.6228
 14 31.6192
 15 0.90217
 16 31.6228
 17 31.6161
 18 0.905255
 19 31.6228
 20 31.5117
 21 1.03642
 22 31.6228
 23 31.5989
 24 0.932825
 25 14.5108
 26 16.2077
 27 1.25996
 28 31.5469
 29 19.65
 30 4.23865
 31 21.3042
 32 10.4218
 33 16.434
 34 14.171
 35 15.5462
 36 6.76496
 37 31.5188
 38 31.6067
 39 1.31429
 40 24.3739
 41 31.1961
 42 1.28559
 43 21.2586
 44 29.2821
 45 1.5009
 46 31.5864
 47 29.8616
 48 3.29718
 49 30.333
 50 13.5381
 51 17.0663
 52 7.03592
 53 30.8509
 54 17.0019
 55 7.81226
 56 13.5515
 57 26.2652
 58 9.04013
 59 11.8641
 60 6.92949
 61 4.48674
 62 1.31534
 63 21.3545
 64 13.346
 65 0.991328
 66 23.6565
 67 28.8468
 68 4.33215
 69 31.6225
 70 31.6228
 71 31.5871
 72 1.32357
 73 31.6193
 74 4.54265
 75 28.6371
 76 30.9831
 77 1.60327
 78 28.3482
 79 31.5918
 80 4.23343
 81 28.8771
 82 31.4105
 83 25.2355
 84 1.30709
 85 11.2429
 86 1.38341
 87 31.3671
 88 1.1947
 89 1.12475
 90 1.33782
 91 2.35862
 92 20.1082
 93 26.678
 94 17.3616
 95 26.4695
 96 28.8367
 97 16.1573
 98 13.8719
 99 9.38825
 100 25.2453
 101 30.2424
 102 8.54198
 103 12.7772
 104 11.6128
 105 10.6998
 106 12.8049
 107 12.6421
 108 12.6904
 109 10.4507
 110 8.26085
 111 13.0879
 112 13.9983
 113 13.3281
 114 12.6901
 115 12.2987
 116 10.1323
 117 12.7521
 118 13.1846
 119 11.8313
 120 9.87916
 121 10.3313
 122 6.80268
 123 6.45992
 124 5.83951
 125 5.41698
 126 6.43662
 127 4.47225
 128 8.69888
 129 6.8431
 130 6.53695
 131 4.33345
 132 4.35433
 133 4.35896
 134 5.30279
 135 2.77211
 136 6.31033
 137 3.13912
 138 2.93545
 139 2.82167
 140 3.28942
 141 3.08793
 142 2.73823
 143 2.75608
 144 4.07519
 145 3.88529
 146 3.27797
 147 3.0714
 148 3.95786
 149 3.88942
 150 3.2467
 151 3.50891
 152 4.31732
 153 4.88047
 154 3.61666
 155 4.26693
 156 4.45568
 157 5.76102
 158 0.305889
 159 0.23197
 160 1.37214
 161 3.55233
 162 6.38601
 163 6.9683
 164 10.8941
 165 0.686046
