 1 1000
 2 606.465
 3 1.61694
 4 1000
 5 735.675
 6 13.3278
 7 1000
 8 39.5431
 9 958.613
 10 921.824
 11 26.6767
 12 479.981
 13 1000
 14 999.819
 15 0.81392
 16 1000
 17 999.685
 18 0.833172
 19 1000
 20 996.108
 21 3.95904
 22 1000
 23 999.096
 24 1.32712
 25 222.295
 26 284.761
 27 5.95165
 28 995.966
 29 449.804
 30 76.3545
 31 460.098
 32 251.639
 33 413.523
 34 209.064
 35 326.575
 36 128.206
 37 994.014
 38 999.405
 39 2.12903
 40 604.091
 41 976.521
 42 1.67869
 43 475.955
 44 883.082
 45 6.46267
 46 998.564
 47 941.388
 48 60.8667
 49 933.517
 50 197.897
 51 370.064
 52 131.737
 53 961.755
 54 295.069
 55 136.063
 56 262.898
 57 724.105
 58 92.2435
 59 205.455
 60 108.625
 61 22.3587
 62 1.74234
 63 467.638
 64 205.188
 65 2.02743
 66 587.024
 67 907.852
 68 94.442
 69 999.991
 70 1000
 71 998.6
 72 2.38592
 73 999.846
 74 101.166
 75 900.775
 76 964.463
 77 8.86691
 78 818.18
 79 998.639
 80 90.7094
 81 907.286
 82 988.601
 83 666.392
 84 1.94735
 85 132.299
 86 2.32945
 87 989.034
 88 1.84662
 89 1.73507
 90 2.07397
 91 7.80719
 92 471.347
 93 799.172
 94 428.127
 95 784.187
 96 882.918
 97 309.367
 98 232.919
 99 134.41
 100 679.532
 101 935.43
 102 94.2734
 103 179.18
 104 152.506
 105 131.835
 106 176.012
 107 173.201
 108 174.893
 109 126.414
 110 92.0607
 111 188.557
 112 205.842
 113 189.143
 114 174.851
 115 169.563
 116 126.802
 117 183.046
 118 190.98
 119 156.613
 120 111.752
 121 115.798
 122 49.4123
 123 43.1451
 124 37.6505
 125 31.672
 126 43.9592
 127 24.9457
 128 83.3487
 129 55.337
 130 48.6717
 131 21.2479
 132 19.7067
 133 19.8052
 134 29.0536
 135 8.94977
 136 40.6585
 137 10.8486
 138 9.39528
 139 8.72485
 140 11.6042
 141 11.135
 142 8.83665
 143 8.78106
 144 17.6097
 145 15.8072
 146 11.5177
 147 10.2742
 148 16.7977
 149 16.0403
 150 11.4088
 151 13.3766
 152 19.4654
 153 24.9446
 154 14.0262
 155 19.154
 156 20.8771
 157 34.1515
 158 0.382595
 159 0.0853152
 160 2.74184
 161 18.6028
 162 52.9131
 163 60.5977
 164 130.682
 165 2.28066
