 Smallest eigenvalues
   6.677e-07   (9 1) 
  8.8953e-07   (45 -0.631) (46 0.618) (47 0.258) (38 0.204) (43 0.155) (42 0.13) (41 -0.121) (40 0.11) (37 0.0719) (50 0.0713) (49 -0.0696) (30 0.0588) (58 0.0521) (36 -0.0504) (44 -0.0436) (51 0.0431) (57 -0.038) (158 -0.0352) (14 0.0338) (18 0.0323) (52 0.0316) (54 -0.0312) (39 -0.0306) (75 -0.029) (77 -0.0281) (31 -0.0276) (26 0.0228) (56 0.0214) (74 0.0213) (20 -0.0211) (11 -0.02) (94 -0.0199) (73 -0.0188) (19 -0.0175) (27 -0.0173) (35 0.0171) (23 0.0145) (29 0.0145) (53 -0.0143) (33 -0.0137) (32 0.0135) (21 -0.011) (99 0.0109) 
  1.1642e-06   (158 -0.999) (45 0.0223) (46 -0.0218) 
   1.862e-06   (5 -1) 
  2.2799e-06   (41 -0.719) (42 -0.404) (38 0.327) (40 0.241) (43 -0.228) (45 0.219) (154 -0.128) (44 0.0988) (47 0.0713) (39 -0.0654) (30 0.0563) (37 0.0558) (36 -0.0504) (18 0.0307) (49 -0.0306) (14 0.0294) (75 -0.0293) (58 0.0283) (31 -0.0279) (26 0.0258) (51 0.0254) (34 0.022) (52 0.0215) (57 -0.0201) (20 -0.0184) (35 0.0173) (11 -0.0171) (94 -0.0157) (19 -0.0139) (54 -0.0138) (73 -0.0125) (23 0.012) (27 -0.012) (99 0.0106) 
  2.4086e-06   (154 -0.992) (41 0.0931) (42 0.0523) (38 -0.0424) (40 -0.0313) (43 0.0295) (45 -0.0283) (44 -0.0128) 
   4.248e-06   (2 1) 
  9.1071e-06   (152 0.981) (34 0.149) (32 0.0891) (33 -0.0717) (30 0.0464) (31 -0.0187) (38 -0.0127) (37 -0.011) 
    1.34e-05   (34 -0.743) (32 -0.445) (33 0.358) (30 -0.231) (152 0.197) (31 0.0934) (38 0.0636) (37 0.0547) (36 -0.0484) (26 -0.0454) (18 -0.036) (53 -0.0355) (29 0.025) (14 -0.0247) (20 0.0223) (28 -0.0217) (35 0.0211) (41 -0.0198) (45 -0.0197) (19 0.0192) (40 0.0177) (75 0.0166) (56 0.0142) (52 -0.0132) (58 -0.013) (27 0.0125) (22 -0.0121) (47 -0.0121) (48 -0.0119) (11 0.0117) (94 0.0117) (23 -0.0114) (21 0.0101) 
  4.5483e-05   (25 0.886) (51 -0.328) (26 -0.195) (20 -0.105) (24 -0.0987) (50 -0.0922) (49 0.0725) (19 -0.0661) (27 -0.062) (32 0.0588) (53 -0.0561) (23 0.0498) (47 -0.0407) (18 -0.0378) (45 -0.0376) (56 -0.0362) (29 0.0355) (39 -0.0302) (31 -0.0299) (58 0.0281) (13 -0.0273) (40 0.0262) (34 -0.0251) (71 0.025) (77 -0.0236) (37 -0.0228) (72 0.0189) (75 -0.0183) (43 -0.0183) (79 -0.0167) (21 0.0153) (52 -0.015) (68 0.0146) (57 -0.0139) (38 0.0134) (63 -0.0118) (54 -0.0117) (66 -0.0114) (22 -0.0111) (69 0.0109) (33 0.0101) 
  8.7378e-05   (151 -0.974) (51 -0.188) (25 -0.079) (50 -0.0473) (49 0.0397) (53 -0.035) (56 -0.0261) (38 0.0229) (26 0.021) (47 -0.018) (58 0.0159) (57 -0.0122) (52 -0.0114) (45 -0.0109) 
  0.00012106   (51 0.82) (25 0.336) (151 -0.224) (50 0.206) (49 -0.173) (53 0.152) (56 0.114) (38 -0.0994) (26 -0.0898) (47 0.0782) (58 -0.0694) (57 0.0534) (52 0.0497) (45 0.0474) (71 -0.0382) (24 -0.0332) (40 -0.0331) (75 0.0323) (77 0.0312) (18 -0.031) (43 -0.0281) (72 -0.0278) (20 -0.0273) (30 -0.0269) (94 0.0245) (69 -0.0244) (54 0.0227) (32 0.0226) (79 0.0221) (44 0.0217) (36 0.0206) (68 -0.0202) (81 0.0193) (34 -0.0193) (73 0.0165) (27 -0.0165) (63 0.0165) (19 -0.0161) (46 -0.0151) (23 0.0141) (14 -0.0139) (59 0.0131) (13 -0.0126) (99 -0.0115) (21 0.0113) (29 0.0113) (41 0.0102) (65 -0.0102) 
  0.00016388   (1 1) 
  0.00017214   (11 -0.987) (14 -0.128) (18 -0.0412) (17 -0.0351) (15 -0.0333) (13 -0.0286) (20 0.0259) (23 -0.0243) (38 -0.0239) (19 0.0218) (30 -0.0215) (21 0.0143) (26 -0.0125) (27 0.0123) (37 -0.0114) (36 0.0113) (40 -0.011) (31 0.0103) 
   0.0001865   (161 1) 
  0.00021348   (3 -1) 
  0.00022972   (15 0.823) (14 0.525) (17 -0.111) (18 -0.0892) (11 -0.0835) (13 0.0811) (20 0.0531) (23 -0.0497) (19 0.0439) (30 -0.0301) (16 0.0298) (38 -0.0245) (27 0.0231) (21 0.0214) (26 -0.0171) (31 0.0131) (37 -0.0118) (36 0.0114) (45 0.0112) 
   0.0002667   (160 1) 
  0.00027379   (7 1) 
  0.00028125   (24 0.794) (23 0.544) (20 -0.126) (21 -0.0977) (26 -0.0956) (22 0.0901) (18 0.087) (19 -0.0844) (157 0.0555) (14 0.0431) (30 -0.0411) (37 -0.0392) (33 0.0384) (27 0.0345) (34 0.0324) (11 -0.0259) (25 0.0259) (53 -0.0198) (15 0.0196) (32 -0.0187) (41 0.0161) (56 0.0149) (28 -0.0143) (17 0.0129) 
  0.00028526   (157 0.998) (24 -0.0441) (23 -0.0302) 
  0.00030288   (6 -1) 
  0.00030819   (17 0.979) (16 -0.113) (14 0.0968) (20 0.0602) (15 0.0542) (21 0.0534) (18 -0.048) (19 0.0452) (11 -0.0441) (27 0.0253) (159 0.022) (30 -0.0147) (37 -0.0135) (13 0.0123) (25 0.0122) (41 0.0116) (45 0.0101) 
  0.00031054   (159 1) (17 -0.0216) 
  0.00032794   (73 -0.773) (57 0.363) (58 -0.362) (75 0.225) (74 -0.127) (54 0.103) (56 -0.0981) (38 0.096) (40 0.0549) (52 -0.0548) (45 -0.0501) (70 0.05) (49 0.0496) (36 -0.0454) (37 0.0444) (47 -0.0426) (39 -0.041) (46 -0.0407) (76 -0.039) (18 0.0381) (96 0.0378) (43 0.0361) (30 0.0357) (89 -0.0324) (67 -0.0321) (53 -0.0297) (48 0.0292) (26 0.0281) (14 0.0268) (31 -0.0265) (41 0.0254) (77 0.0241) (78 -0.0223) (88 -0.0217) (112 -0.018) (122 0.0178) (99 0.0173) (68 0.0171) (102 -0.0162) (124 -0.016) (92 -0.0159) (59 0.0158) (50 0.0153) (35 0.0147) (11 -0.0145) (71 -0.014) (120 -0.0138) (87 -0.013) (66 0.0126) (80 0.012) (69 -0.012) (19 -0.0114) (115 0.0112) (127 -0.0108) (13 0.0104) (113 0.0104) (20 -0.01) 
  0.00036004   (73 0.509) (58 -0.504) (57 0.483) (70 -0.211) (38 0.16) (67 -0.153) (75 -0.141) (153 0.128) (49 0.123) (47 -0.107) (56 -0.107) (45 -0.104) (54 0.102) (40 0.0795) (74 0.0789) (46 -0.0698) (37 0.0615) (30 0.061) (36 -0.0579) (71 0.0565) (69 -0.0557) (66 0.0541) (68 0.0481) (52 -0.0478) (18 0.046) (42 0.0444) (14 0.0422) (55 -0.0414) (26 0.0387) (31 -0.0374) (39 -0.0369) (122 -0.0283) (48 0.027) (83 -0.0245) (11 -0.0243) (20 -0.0226) (59 0.0225) (89 -0.0205) (19 -0.0199) (76 0.0198) (112 -0.0191) (35 0.0189) (78 0.0186) (41 0.0179) (127 -0.0171) (115 0.0163) (53 -0.0162) (50 0.0156) (21 -0.0152) (80 -0.0143) (17 0.0141) (113 0.0138) (72 -0.0131) (64 0.0126) (27 -0.0126) (130 -0.0122) (133 -0.0118) (126 -0.0116) (99 0.0114) (121 -0.0112) (77 -0.0108) (29 0.0107) 
  0.00039205   (153 0.992) (58 0.0678) (57 -0.0653) (73 -0.0591) (70 0.0264) (38 -0.0219) (67 0.0198) (49 -0.0164) (75 0.0163) (56 0.0147) (47 0.0143) (54 -0.0141) (45 0.014) (40 -0.0109) 
  0.00042011   (21 0.903) (20 -0.296) (18 0.256) (19 -0.123) (47 -0.0613) (25 -0.0525) (49 -0.0488) (26 -0.0413) (22 -0.0377) (24 0.036) (14 0.0222) (45 -0.0208) (23 -0.0205) (48 -0.0182) (16 0.0167) (46 -0.0156) (17 -0.0134) (42 0.0118) (57 -0.0108) 
  0.00046605   (47 -0.632) (49 -0.51) (150 -0.379) (45 -0.213) (38 0.184) (48 -0.171) (46 -0.147) (40 0.108) (21 -0.0892) (54 -0.0718) (58 0.0714) (57 -0.0703) (37 0.0663) (55 0.0641) (30 0.0613) (42 0.0553) (36 -0.0506) (53 0.041) (26 0.038) (39 -0.038) (56 0.0373) (31 -0.0373) (14 0.0355) (50 -0.0333) (52 0.0323) (73 -0.0222) (11 -0.0198) (35 0.0171) (75 -0.0156) (41 0.0148) (18 0.0141) (27 -0.0119) (112 -0.0104) (23 0.0102) 
  0.00054208   (150 -0.926) (47 0.259) (49 0.208) (45 0.0874) (38 -0.0755) (48 0.07) (46 0.0603) (40 -0.0444) (21 0.0347) (54 0.0293) (58 -0.0291) (57 0.0287) (37 -0.0272) (55 -0.0262) (30 -0.0251) (42 -0.0227) (36 0.0207) (53 -0.0168) (39 0.0156) (26 -0.0155) (31 0.0153) (56 -0.0153) (14 -0.0146) (50 0.0136) (52 -0.0132) 
  0.00054918   (52 -0.76) (53 0.3) (42 -0.275) (43 0.262) (49 0.244) (50 0.194) (54 -0.159) (47 -0.136) (45 -0.114) (57 -0.0892) (58 0.0789) (56 0.0757) (46 -0.0592) (38 0.048) (41 0.031) (36 -0.03) (51 0.0291) (37 0.0262) (70 -0.0257) (18 0.0195) (40 -0.0186) (30 0.0185) (44 0.0178) (147 0.0173) (26 0.016) (14 0.0131) (67 -0.012) (25 0.0101) 
  0.00059592   (147 0.79) (42 0.405) (43 -0.343) (52 -0.212) (40 0.112) (45 0.0965) (38 0.093) (53 0.0721) (47 0.0507) (39 -0.0406) (50 0.0315) (37 0.0305) (58 0.0296) (30 0.0278) (57 -0.0275) (54 -0.0262) (56 0.0212) (26 0.0193) (31 -0.0184) (73 -0.0183) (48 0.0172) (46 0.0163) (44 -0.0145) (14 0.0145) (18 0.013) (36 -0.0121) (20 -0.0105) (70 0.01) 
  0.00060682   (147 0.613) (42 -0.515) (43 0.435) (52 0.295) (40 -0.144) (38 -0.121) (45 -0.121) (53 -0.101) (47 -0.0615) (39 0.0523) (50 -0.0461) (58 -0.0403) (37 -0.0402) (54 0.0382) (57 0.0379) (30 -0.0364) (56 -0.0294) (26 -0.0254) (31 0.0241) (73 0.0238) (48 -0.0225) (46 -0.0193) (14 -0.0191) (49 -0.0182) (44 0.0182) (18 -0.0174) (36 0.0165) (20 0.0138) (21 0.0126) (70 -0.0124) (94 0.0121) (19 0.0108) 
    0.000619   (70 0.801) (71 -0.354) (72 0.256) (69 0.203) (73 0.171) (49 0.158) (68 -0.119) (38 0.0907) (67 0.0754) (47 -0.0727) (58 -0.0694) (57 0.0582) (45 -0.0459) (46 -0.0438) (50 0.0433) (40 0.0433) (52 0.0396) (83 -0.0392) (37 0.0389) (36 -0.0375) (54 0.0372) (66 -0.0355) (30 0.033) (55 0.0314) (51 0.0313) (56 -0.0311) (18 0.0294) (89 -0.0273) (148 -0.0261) (26 0.0245) (14 0.0233) (75 0.0233) (41 0.0219) (39 -0.0217) (43 0.021) (31 -0.0191) (48 0.0189) (120 -0.0172) (127 -0.0158) (112 -0.0155) (102 -0.015) (99 0.0139) (124 -0.0134) (19 -0.0133) (53 -0.0128) (95 0.0128) (20 -0.0123) (35 0.0122) (91 -0.0113) (11 -0.0112) (115 0.0112) (76 -0.0109) (104 -0.0104) (94 0.0102) 
  0.00077367   (49 0.584) (148 -0.526) (52 0.336) (47 -0.267) (57 -0.171) (50 0.167) (70 -0.128) (51 0.126) (38 0.124) (45 -0.122) (58 0.105) (46 -0.103) (55 0.0911) (42 0.0885) (40 0.0823) (73 -0.0741) (56 0.0698) (71 0.0689) (72 -0.0528) (54 -0.0449) (37 0.0423) (43 -0.0383) (30 0.0378) (39 -0.037) (69 -0.0362) (36 -0.0339) (14 0.0263) (26 0.0258) (68 0.0245) (31 -0.0243) (18 0.0236) (53 0.0195) (122 -0.0195) (20 -0.0175) (21 -0.0145) (94 -0.0145) (19 -0.0138) (48 0.0138) (44 0.0124) (11 -0.0119) (83 0.0114) (35 0.0112) 
  0.00079847   (148 -0.85) (49 -0.366) (52 -0.209) (47 0.167) (50 -0.104) (57 0.103) (38 -0.08) (51 -0.079) (45 0.077) (46 0.0652) (58 -0.0624) (55 -0.0573) (42 -0.0549) (70 0.0546) (40 -0.0524) (56 -0.0421) (73 0.0405) (71 -0.0317) (37 -0.0275) (54 0.0265) (72 0.0248) (30 -0.0246) (39 0.0237) (43 0.0229) (36 0.0223) (14 -0.0171) (26 -0.0168) (69 0.0161) (31 0.0157) (18 -0.0157) (122 0.0118) (53 -0.0116) (68 -0.0114) (20 0.0113) 
  0.00094202   (36 -0.875) (18 0.21) (38 -0.207) (37 -0.2) (35 0.148) (20 -0.145) (23 -0.136) (21 -0.122) (19 -0.101) (14 0.0648) (40 -0.0583) (30 0.0414) (26 -0.0405) (39 0.0388) (22 -0.0315) (41 -0.0299) (45 0.0287) (43 -0.0279) (31 -0.0275) (11 -0.025) (17 0.0244) (46 0.0219) (57 -0.0192) (54 -0.0173) (24 0.0164) (13 0.0161) (58 0.0135) (47 0.0128) (49 -0.0125) (52 0.0117) 
   0.0010729   (18 0.492) (23 -0.422) (20 -0.397) (21 -0.342) (36 0.331) (19 -0.259) (26 -0.257) (14 0.114) (30 -0.106) (22 -0.102) (31 0.067) (24 0.0666) (17 0.0655) (35 -0.0632) (25 -0.0597) (27 0.0484) (11 -0.0371) (37 0.0335) (13 0.0247) (144 0.0205) (29 -0.0185) (15 -0.0117) (42 -0.0101) 
   0.0011934   (144 0.999) (145 0.0288) (18 -0.011) 
   0.0012279   (46 -0.661) (47 0.513) (45 -0.288) (38 0.233) (14 0.22) (15 -0.133) (49 -0.117) (41 0.108) (40 0.0994) (54 -0.0885) (37 0.087) (55 0.074) (58 0.0735) (43 0.0698) (36 -0.0695) (52 0.0694) (57 -0.0583) (30 0.053) (53 0.0506) (56 0.0383) (11 -0.0376) (13 0.0356) (51 -0.0331) (70 -0.0277) (75 0.0258) (26 0.0251) (31 -0.0234) (83 -0.023) (35 0.0227) (50 -0.0189) (44 -0.0181) (39 0.0177) (80 -0.0147) (94 0.0137) (20 -0.012) (25 0.0118) (89 -0.0113) (69 -0.0107) (17 -0.0106) 
   0.0013607   (14 0.748) (15 -0.545) (18 -0.17) (46 0.165) (13 0.143) (47 -0.115) (38 -0.0937) (45 0.0802) (17 -0.0711) (26 -0.0692) (19 0.0631) (11 -0.0613) (20 0.0601) (30 -0.0573) (21 0.0546) (40 -0.0451) (37 -0.0412) (36 0.0374) (31 0.0346) (41 -0.0309) (49 0.0233) (23 -0.0227) (27 0.0201) (43 -0.0196) (55 -0.0164) (16 -0.0163) (54 0.0162) (52 -0.0146) (24 0.0144) (35 -0.013) (58 -0.013) (29 -0.0105) (53 -0.0102) 
   0.0014124   (146 -1) (145 -0.013) 
   0.0014362   (54 0.839) (30 0.31) (31 -0.233) (56 0.195) (57 -0.152) (52 -0.126) (55 0.116) (58 0.0976) (53 -0.0906) (32 -0.0744) (33 0.0652) (34 -0.0646) (26 0.0626) (18 0.0592) (48 0.0452) (14 0.0445) (36 0.0355) (43 0.0326) (68 0.029) (70 -0.0285) (46 -0.028) (42 -0.0263) (20 -0.0253) (19 -0.0239) (73 0.0217) (69 -0.0215) (75 0.0211) (11 -0.0194) (67 -0.0187) (21 -0.018) (27 -0.0179) (41 0.0169) (37 -0.0163) (35 -0.0158) (38 -0.0141) (45 -0.0127) (140 0.0116) (49 -0.0115) (50 0.0114) (13 0.0112) (29 0.0105) (25 0.0104) (23 0.0103) (89 -0.01) 
    0.001566   (30 0.639) (31 -0.485) (54 -0.385) (38 -0.189) (32 -0.165) (36 0.156) (33 0.148) (34 -0.145) (37 -0.112) (26 0.0961) (40 -0.0868) (56 -0.0768) (18 0.0746) (140 0.0686) (52 0.068) (35 -0.0602) (14 0.0579) (57 0.0485) (53 0.0468) (20 -0.0438) (55 -0.0421) (45 0.0392) (19 -0.0364) (58 -0.0318) (21 -0.0316) (27 -0.0316) (46 0.0306) (39 0.0302) (47 0.0302) (41 -0.0267) (11 -0.0247) (48 -0.0234) (23 0.0188) (43 -0.017) (29 0.015) (13 0.0122) (68 -0.0115) (42 -0.0114) (73 -0.0106) 
   0.0016347   (140 0.998) (30 -0.0477) (31 0.0361) (54 0.0166) (38 0.0129) (32 0.0122) (36 -0.011) (33 -0.0109) (34 0.0107) 
   0.0017871   (16 0.767) (27 -0.591) (26 0.147) (17 0.105) (29 -0.0829) (30 -0.0689) (18 0.0644) (28 -0.0535) (14 0.0484) (23 0.0446) (31 0.0345) (38 -0.031) (19 -0.029) (21 -0.0266) (138 -0.0249) (36 0.021) (15 -0.0187) (44 -0.0174) (37 -0.0158) (13 -0.0134) (40 -0.0129) (11 -0.0126) (45 0.011) 
   0.0019665   (27 -0.694) (16 -0.614) (138 -0.241) (26 0.186) (29 -0.121) (30 -0.0719) (18 0.0647) (28 -0.0618) (19 -0.0599) (20 -0.059) (17 -0.0488) (31 0.0453) (23 0.0372) (14 0.0367) (38 -0.0362) (13 0.0242) (21 -0.0235) (11 -0.0229) (36 0.0226) (15 0.0211) (22 0.0192) (37 -0.0183) (40 -0.0174) (39 0.0133) (25 -0.0122) (24 -0.0115) (50 0.011) (45 0.0103) 
   0.0020772   (138 -0.97) (27 0.188) (16 0.133) (26 -0.05) (29 0.0321) (30 0.0196) (18 -0.0178) (28 0.0167) (19 0.0156) (20 0.0148) (31 -0.0121) (14 -0.0104) (23 -0.0104) 
   0.0022594   (29 0.926) (50 0.27) (48 -0.128) (27 -0.126) (51 -0.0835) (72 -0.0618) (45 0.0616) (31 0.055) (71 0.047) (49 -0.0421) (32 0.0415) (28 -0.0365) (25 -0.0361) (39 0.0353) (53 -0.0347) (70 0.032) (47 0.0307) (41 0.0263) (22 0.0243) (52 0.0225) (58 -0.0197) (56 0.019) (69 0.0184) (132 -0.0164) (26 0.0164) (18 0.0162) (14 0.0156) (42 -0.0152) (83 -0.0147) (66 -0.0145) (74 0.0132) (44 -0.0124) (60 -0.0122) (16 -0.0121) (81 0.0116) (38 -0.0116) (43 -0.0113) (19 -0.011) (77 0.0107) (35 -0.0107) 
   0.0022964   (72 -0.617) (71 0.467) (70 0.318) (50 -0.265) (132 -0.209) (77 0.208) (69 0.186) (66 -0.139) (68 -0.112) (48 0.093) (83 -0.0856) (51 0.085) (76 -0.0682) (55 -0.0649) (43 0.058) (58 -0.0578) (57 -0.057) (96 -0.0518) (81 0.0487) (38 0.0459) (52 -0.0423) (79 0.0419) (67 -0.0407) (49 0.0383) (41 -0.0375) (42 0.0363) (73 0.0333) (63 -0.033) (88 0.0322) (94 0.0309) (62 -0.0301) (75 -0.0292) (130 -0.0276) (82 -0.0275) (39 0.0269) (84 0.0254) (89 -0.0241) (65 -0.0237) (45 -0.0228) (56 -0.0222) (92 0.0215) (133 -0.021) (46 -0.0201) (47 -0.0195) (85 0.0188) (30 0.0187) (80 0.0181) (44 -0.0166) (128 -0.0162) (101 0.0145) (117 0.0144) (95 -0.0131) (59 -0.0131) (60 -0.013) (91 -0.0129) (54 0.0123) (78 0.0121) (20 -0.0114) (98 0.0112) (115 -0.0106) (53 0.0101) 
    0.002347   (50 -0.618) (132 -0.448) (48 0.318) (29 0.285) (72 0.241) (51 0.195) (71 -0.191) (70 -0.135) (49 0.0856) (53 0.0802) (41 -0.0743) (58 0.0731) (47 -0.072) (43 0.07) (45 -0.0698) (42 0.0674) (56 -0.0619) (133 -0.0584) (69 -0.0582) (77 -0.0569) (52 -0.055) (27 -0.0505) (83 0.0503) (39 -0.0402) (66 0.04) (130 -0.0388) (44 0.0359) (40 0.0344) (76 0.027) (46 -0.0259) (68 0.0257) (57 -0.0254) (81 -0.0249) (74 -0.0222) (73 -0.0213) (96 0.0204) (60 0.0203) (25 -0.0202) (88 -0.0198) (38 -0.0184) (18 0.0177) (63 0.0175) (79 -0.0172) (94 -0.0164) (55 -0.0149) (28 -0.0147) (65 0.0143) (37 -0.0141) (54 -0.0138) (62 0.0135) (115 -0.0123) (91 0.0113) (102 0.0112) (110 -0.0111) (128 -0.0106) (13 0.0104) 
   0.0024215   (132 -0.856) (50 0.384) (48 -0.187) (29 -0.17) (51 -0.121) (133 -0.116) (49 -0.0534) (130 -0.0524) (43 -0.0509) (41 0.0477) (42 -0.044) (53 -0.0437) (47 0.0419) (45 0.0411) (52 0.0388) (56 0.0374) (27 0.0313) (57 0.0272) (72 0.0258) (55 0.0238) (58 -0.0234) (77 -0.0208) (46 0.0184) (40 -0.0168) (69 -0.0154) (71 -0.0154) (44 -0.0143) (68 0.0141) (66 0.0137) (39 0.0136) (74 0.0125) (128 -0.0121) (67 0.0121) (25 0.0108) 
   0.0025362   (18 0.639) (20 0.614) (19 0.231) (22 0.21) (55 0.206) (13 0.141) (26 -0.123) (25 0.0973) (58 -0.0743) (57 -0.061) (31 0.0583) (21 0.0581) (39 0.052) (40 -0.0348) (12 -0.0283) (54 -0.0275) (17 -0.0252) (23 0.0234) (36 0.0219) (16 -0.0219) (83 0.0219) (53 0.0215) (56 -0.02) (43 -0.0196) (14 0.0185) (46 0.0179) (96 0.0156) (122 0.0154) (30 0.0152) (72 -0.015) (67 -0.0139) (15 -0.0139) (47 0.0124) (126 -0.0119) (29 -0.0118) (28 0.0114) (71 0.0111) (45 0.0103) (94 -0.0102) 
   0.0027328   (58 0.707) (57 0.657) (55 -0.1) (18 0.0857) (20 0.0705) (39 -0.0637) (96 0.0625) (72 -0.0616) (83 0.0553) (71 0.0525) (67 -0.0496) (54 0.0491) (50 0.0467) (69 0.0425) (56 -0.0406) (68 -0.0364) (49 0.0349) (59 -0.0303) (126 -0.0295) (78 -0.0293) (40 0.0293) (13 0.029) (134 -0.0267) (47 -0.026) (19 0.0259) (51 0.0256) (88 -0.0252) (22 0.0241) (46 -0.0233) (63 -0.0228) (70 0.0212) (43 0.0198) (53 -0.0198) (98 -0.0197) (73 0.0182) (80 0.0182) (77 0.0177) (87 -0.0169) (106 0.0167) (92 -0.0163) (95 0.0154) (97 -0.0143) (122 -0.0123) (91 0.0122) (44 0.0121) (31 -0.0119) (127 -0.0113) (41 0.0113) (52 0.0105) 
    0.002798   (134 -0.813) (55 -0.534) (57 -0.084) (18 0.0822) (56 0.0775) (39 0.069) (20 0.0655) (38 0.0641) (48 -0.0593) (53 -0.0471) (83 -0.0363) (72 0.0351) (54 0.0332) (41 0.0296) (71 -0.0279) (67 0.0275) (46 -0.0267) (30 0.0252) (58 -0.0248) (22 0.0241) (49 0.023) (37 0.021) (19 0.0206) (44 -0.0198) (25 0.0197) (69 -0.0195) (96 -0.0181) (47 -0.0181) (68 0.0162) (45 -0.0153) (52 0.0151) (75 0.015) (94 0.014) (51 0.0138) (133 -0.0138) (73 -0.013) (14 0.0122) (80 -0.0118) (36 -0.0111) (122 -0.0111) (70 -0.011) (98 0.0109) (43 -0.0107) 
   0.0030571   (55 0.749) (134 -0.581) (18 -0.119) (56 -0.106) (20 -0.0946) (39 -0.0921) (38 -0.0888) (57 0.0849) (48 0.0819) (53 0.0666) (83 0.051) (54 -0.0488) (126 -0.0468) (72 -0.0467) (41 -0.0417) (46 0.0385) (71 0.037) (67 -0.0364) (30 -0.0349) (22 -0.0346) (49 -0.0338) (96 0.032) (19 -0.0299) (37 -0.0295) (25 -0.0277) (44 0.0268) (47 0.0265) (69 0.0256) (52 -0.0215) (94 -0.0215) (75 -0.0215) (45 0.0215) (122 0.0211) (68 -0.0211) (51 -0.0206) (98 -0.0182) (73 0.0177) (14 -0.0172) (80 0.0162) (36 0.0158) (70 0.0145) (88 -0.0141) (124 -0.0137) (43 0.0137) (92 -0.0126) (13 -0.0124) (50 0.0112) (127 -0.0106) (91 0.0104) (89 0.0103) (26 0.0102) (95 0.0102) 
   0.0033833   (40 -0.664) (39 -0.505) (67 -0.363) (38 0.327) (83 0.124) (45 0.0845) (57 -0.0765) (66 0.0625) (44 0.0603) (68 0.0598) (37 0.0595) (36 -0.0514) (70 0.0473) (85 -0.0428) (88 0.0361) (47 0.0315) (96 -0.0309) (54 -0.0308) (49 -0.03) (55 -0.0288) (58 0.0275) (46 0.0273) (52 0.0266) (94 0.0256) (30 0.0253) (131 -0.025) (42 0.024) (48 0.0235) (41 0.0206) (56 0.0167) (35 0.0155) (22 0.0148) (92 0.0141) (29 0.0128) (18 0.0127) (73 -0.0126) (19 -0.0118) (14 0.0114) (31 -0.011) (84 0.0106) (87 0.0106) (71 -0.0105) (26 0.0104) (20 -0.01) 
   0.0036556   (83 0.817) (67 0.355) (131 -0.268) (85 -0.167) (88 0.141) (96 -0.135) (94 0.111) (68 -0.0862) (89 -0.066) (92 0.0657) (66 -0.0641) (80 0.0625) (58 -0.0587) (91 -0.0524) (87 0.0448) (72 -0.0448) (84 0.0431) (38 0.0397) (69 0.0372) (112 -0.0359) (110 0.0324) (97 0.0316) (100 -0.0315) (106 0.0284) (71 0.0265) (75 -0.0254) (55 -0.0252) (90 -0.0249) (57 0.0242) (73 0.024) (98 0.0228) (82 0.0227) (54 0.0225) (70 -0.022) (130 -0.0214) (102 -0.0202) (99 0.0201) (103 0.0197) (105 0.0192) (124 -0.0191) (113 0.0177) (115 0.0168) (95 -0.0167) (45 -0.0164) (30 0.0152) (107 0.0151) (36 -0.014) (37 0.014) (46 -0.0131) (52 -0.0125) (79 -0.0108) (77 0.01) 
   0.0037644   (67 0.628) (131 -0.503) (83 -0.393) (39 -0.229) (40 -0.212) (38 0.109) (66 -0.108) (70 -0.104) (88 -0.104) (85 0.0988) (96 0.0912) (48 0.0881) (68 -0.0751) (57 0.0614) (94 -0.061) (44 0.0545) (92 -0.039) (106 -0.0312) (87 -0.0301) (130 -0.03) (73 0.027) (36 -0.0233) (71 0.0228) (50 0.0219) (84 -0.0214) (18 0.0211) (89 0.0208) (37 0.0206) (42 0.0203) (58 -0.0182) (95 0.0166) (91 0.0162) (55 0.0161) (100 0.016) (74 0.0154) (49 -0.0141) (47 -0.0134) (110 -0.0133) (31 -0.0133) (65 0.0127) (105 -0.0126) (97 -0.0126) (43 0.0126) (127 -0.0124) (51 -0.0122) (13 0.0119) (56 -0.011) (101 -0.011) (102 0.0108) 
   0.0039851   (131 -0.819) (67 -0.49) (40 0.153) (39 0.153) (38 -0.0911) (66 0.0852) (68 0.0732) (70 0.0693) (48 -0.0558) (130 -0.0488) (57 -0.0433) (44 -0.035) (83 -0.0335) (58 0.0304) (73 -0.0241) (71 -0.0225) (36 0.0208) (37 -0.0194) (88 0.0182) (72 0.0176) (50 -0.0167) (80 -0.0157) (96 -0.0155) (18 -0.0147) (54 -0.0126) (106 0.0113) (42 -0.0105) (30 -0.0105) 
   0.0040743   (98 0.54) (106 0.276) (108 0.269) (100 -0.262) (107 -0.257) (113 0.222) (125 0.214) (112 0.212) (102 -0.209) (103 -0.198) (124 -0.195) (110 -0.169) (99 -0.163) (94 -0.125) (101 -0.116) (149 -0.0977) (116 0.0902) (105 0.0859) (115 0.0832) (123 0.0769) (121 0.0659) (96 0.0605) (92 0.0599) (88 -0.0579) (75 0.0537) (114 0.0529) (48 0.0484) (97 0.0454) (126 0.0415) (142 0.0383) (89 0.0332) (109 0.0322) (91 0.0319) (104 0.0292) (122 -0.0279) (80 0.0274) (50 0.0266) (68 -0.0263) (111 -0.0235) (78 0.0223) (118 -0.0223) (74 -0.022) (119 0.0208) (117 0.0202) (141 -0.0201) (83 0.0199) (86 0.0189) (67 -0.0188) (69 0.0182) (81 -0.0178) (87 0.0177) (90 0.0164) (73 0.0163) (82 0.0148) (120 -0.0142) (49 -0.0126) (133 -0.0107) (127 0.0107) (51 -0.0106) (44 0.0102) 
   0.0040849   (142 0.846) (149 0.44) (141 -0.3) (125 0.0201) (124 -0.0181) 
   0.0041722   (48 0.795) (50 0.372) (44 0.196) (49 -0.181) (51 -0.134) (55 -0.125) (40 0.113) (67 -0.106) (75 0.0999) (68 -0.0969) (38 -0.0962) (47 -0.0762) (57 -0.0736) (69 0.0652) (39 -0.0641) (43 0.0632) (125 -0.0628) (53 -0.0598) (52 0.0586) (46 -0.0517) (54 -0.0499) (74 -0.0458) (124 0.0435) (42 0.043) (106 -0.0422) (108 -0.0405) (83 0.0401) (73 0.0391) (80 0.0387) (22 -0.035) (72 -0.0345) (41 -0.0343) (45 -0.0307) (66 0.0287) (65 -0.0279) (121 -0.0279) (78 0.0254) (88 -0.0248) (19 0.0233) (13 0.0228) (37 -0.022) (123 -0.0212) (20 0.0212) (126 -0.0211) (18 0.0209) (56 0.0208) (58 -0.0205) (102 0.0199) (112 -0.0189) (122 0.0189) (100 0.0187) (110 0.0169) (81 -0.0169) (113 -0.0167) (149 0.0167) (30 -0.0166) (103 0.0161) (70 -0.0158) (94 -0.0151) (89 0.0149) (85 0.0148) (101 0.0148) (61 -0.0116) (111 0.0116) (105 -0.0112) (82 0.0109) (99 -0.0101) (120 -0.01) 
   0.0042293   (68 -0.473) (81 -0.348) (69 0.294) (44 0.282) (79 0.261) (74 -0.228) (80 0.217) (82 0.212) (48 -0.199) (91 -0.181) (70 -0.17) (76 0.159) (77 -0.152) (92 0.129) (71 -0.126) (72 -0.0864) (65 -0.0859) (67 -0.0824) (111 0.0735) (98 -0.0729) (85 0.0727) (39 -0.0714) (100 -0.0695) (66 0.0628) (107 0.0621) (43 0.0588) (86 0.0588) (105 -0.056) (110 0.0526) (83 -0.0524) (40 0.0462) (42 0.0448) (50 -0.0446) (112 0.0402) (49 0.0329) (89 0.0327) (57 -0.0314) (47 0.0314) (87 0.0295) (54 0.0291) (38 -0.0282) (156 -0.0269) (125 0.0268) (64 0.0261) (61 -0.025) (58 -0.0242) (96 0.0234) (101 0.0232) (121 0.0228) (113 -0.0218) (104 0.0216) (115 0.0205) (99 -0.02) (95 0.0165) (116 -0.0161) (55 -0.0147) (73 0.0144) (123 0.0128) (90 -0.0121) (75 0.0111) (97 0.0106) (52 -0.0104) (78 -0.0102) (149 -0.01) 
   0.0044821   (156 -0.999) (44 -0.0351) (48 0.0134) (149 -0.0106) 
   0.0046752   (44 0.805) (48 -0.227) (39 -0.211) (68 0.207) (40 0.167) (43 0.165) (38 -0.163) (42 0.146) (81 0.117) (69 -0.116) (80 -0.101) (70 0.0884) (74 0.0805) (71 0.0684) (79 -0.0656) (82 -0.0645) (76 -0.0565) (77 0.0555) (47 0.0524) (85 -0.0523) (83 0.0453) (55 -0.0451) (111 -0.044) (107 -0.0427) (65 0.0396) (78 0.0392) (96 0.0369) (110 -0.035) (30 -0.034) (50 -0.0339) (156 -0.0339) (100 0.0334) (37 -0.0298) (105 0.0297) (66 -0.0294) (94 -0.0287) (104 -0.0287) (20 0.0275) (13 0.0273) (41 -0.0273) (57 -0.0259) (92 -0.0251) (58 -0.022) (125 -0.0218) (18 0.0212) (46 -0.0207) (91 0.0202) (112 -0.0184) (98 0.017) (19 0.0169) (49 0.0166) (67 0.0161) (36 0.0161) (95 0.0156) (56 0.0154) (101 -0.0151) (121 -0.0145) (51 -0.0128) (22 -0.0128) (25 -0.0126) (103 -0.0124) (64 -0.0123) (16 0.0119) (72 0.0117) (31 -0.0115) (115 -0.0109) (116 0.0109) (61 0.0108) (87 -0.0106) (90 -0.0103) (52 -0.0102) 
   0.0047459   (19 -0.832) (20 0.439) (137 -0.304) (18 -0.0956) (22 -0.0825) (21 0.0507) (8 0.0477) (26 -0.0283) (25 -0.0211) (13 -0.02) (27 0.016) 
   0.0049651   (137 -0.953) (19 0.265) (20 -0.14) (18 0.0305) (22 0.0263) (21 -0.0162) (8 -0.0124) 
   0.0051918   (8 -0.999) (19 -0.0438) (20 0.0213) 
   0.0053965   (4 -1) 
   0.0056004   (23 0.674) (24 -0.586) (20 -0.203) (18 0.187) (26 -0.164) (25 -0.155) (19 -0.148) (21 -0.117) (22 0.103) (14 0.0875) (27 0.0831) (28 -0.0668) (30 -0.0599) (11 -0.0418) (38 -0.0367) (143 -0.0263) (31 0.0243) (36 0.0193) (45 0.0191) (15 0.0183) (34 -0.0157) (37 -0.0155) (13 0.0127) (17 0.0116) (75 -0.0115) (40 -0.0114) (33 0.0101) 
   0.0058268   (143 -1) (23 -0.0177) (24 0.0154) 
   0.0060698   (10 -0.936) (28 0.347) (26 0.0331) (30 -0.0226) (23 0.0183) (27 -0.0156) (20 -0.0124) (29 0.012) (38 -0.0108) 
     0.00638   (136 -0.949) (28 0.289) (10 0.114) (26 0.0275) (23 0.0174) (30 -0.0164) (27 -0.0133) (18 0.0129) (20 -0.0109) 
   0.0066151   (28 -0.877) (10 -0.332) (136 -0.315) (26 -0.0834) (23 -0.0527) (30 0.0497) (27 0.0404) (18 -0.0391) (20 0.0331) (24 0.0278) (29 -0.0265) (14 -0.024) (38 0.0202) (33 -0.019) (19 0.0185) (21 0.0137) (11 0.0136) (32 0.0122) (37 0.0109) 
   0.0068358   (13 -0.897) (39 0.271) (44 0.174) (14 0.169) (40 -0.131) (38 0.117) (18 0.0863) (12 0.0629) (20 0.0618) (48 0.0531) (55 0.0508) (19 0.0468) (57 0.0343) (58 0.0301) (46 0.0281) (16 -0.0259) (96 -0.0254) (83 -0.025) (42 0.0203) (43 -0.0197) (30 0.0184) (37 0.0183) (88 0.0172) (72 0.0164) (22 -0.0157) (47 -0.0146) (15 -0.0144) (80 -0.0144) (45 0.0143) (73 -0.0118) (94 0.0115) (56 -0.0115) (26 -0.0114) (61 -0.0111) (70 -0.0109) (65 0.0106) 
   0.0071894   (139 0.996) (39 0.0604) (13 0.0379) (44 0.0321) (40 -0.0295) (38 0.0276) 
   0.0080526   (39 -0.674) (13 -0.361) (44 -0.36) (40 0.329) (38 -0.307) (48 -0.0915) (139 0.0913) (55 -0.0886) (18 0.0784) (43 0.0782) (20 0.077) (46 -0.0642) (30 -0.0636) (14 0.0631) (57 -0.0535) (37 -0.0525) (58 -0.0522) (41 -0.0496) (19 0.0487) (31 -0.0436) (83 0.0373) (96 0.0366) (72 -0.0304) (45 -0.0279) (36 0.0262) (47 0.0242) (25 -0.0228) (16 -0.0228) (79 -0.0221) (65 -0.0217) (56 0.0212) (61 0.0205) (60 0.0198) (73 0.0184) (42 -0.0183) (53 -0.0175) (88 -0.0174) (94 -0.0157) (12 0.0157) (70 0.0156) (64 -0.0139) (67 -0.0132) (78 -0.013) (98 -0.0115) (62 -0.0111) (87 -0.0111) (77 0.0109) (92 -0.0105) (15 -0.0104) (81 -0.0102) (21 0.0101) 
   0.0087778   (12 0.95) (31 0.236) (30 0.167) (32 -0.0733) (13 0.0612) (39 -0.0309) (33 -0.0305) (63 0.023) (38 -0.0197) (135 0.0187) (40 0.018) (26 -0.015) (29 -0.0144) (28 0.0112) (41 0.0109) (22 -0.01) 
    0.009284   (135 0.955) (31 0.215) (30 0.156) (12 -0.107) (32 -0.0613) (33 -0.0262) (39 -0.0219) (26 -0.0171) (18 -0.0141) (41 0.0136) (40 0.0127) (13 -0.0125) (38 -0.0121) (20 -0.0116) (42 -0.0103) (29 -0.0101) 

 Largest eigenvalues
      20.435   (163 0.975) 
       14.94   (75 -0.765) (94 0.35) 
      6.1616   (75 0.379) (94 0.729) (96 0.356) 
      2.7849   (94 -0.342) (96 0.714) 
      1.2286   (98 0.323) (124 0.374) (125 -0.647) 
      1.2215   (142 -0.39) (149 0.883) 
      1.1868   (165 -0.997) 
      1.1615   (164 0.993) 
      1.1268   (91 -0.486) (92 -0.651) (102 0.374) 
      1.1139   (102 -0.415) (109 -0.767) 
      1.0556   (102 -0.607) (109 0.49) 
      1.0136   (102 -0.362) (114 -0.306) (115 0.338) (117 0.357) (118 0.449) 
     0.99992   (99 0.631) (101 -0.582) 
     0.92886   (105 0.59) (107 0.529) 
     0.89648   (110 0.315) (113 0.309) (114 0.639) 
      0.7691   (114 -0.428) (118 -0.517) 
      0.6831   (108 0.435) (110 -0.399) (111 0.462) (112 -0.398) 
     0.67508   (107 -0.31) (108 -0.496) (112 -0.471) 
      0.6597   (116 -0.569) (123 0.4) (125 -0.415) 
     0.60598   (115 0.318) (116 0.671) (123 0.289) 
      0.5938   (108 0.564) (110 0.482) (113 -0.401) 
     0.59078   (106 0.736) (108 -0.344) 
     0.58932   (122 0.37) (126 0.389) (127 -0.314) (128 0.603) 
        0.56   (126 -0.809) (128 0.402) 
     0.55206   (122 -0.758) (124 0.294) (126 0.364) 
     0.54189   (119 0.458) (120 0.718) 
     0.52975   (121 -0.466) (123 0.547) (127 0.509) 
     0.42626   (119 0.395) (120 -0.443) (121 0.479) 
     0.41138   (119 -0.708) (133 0.336) 
     0.40654   (89 -0.321) (90 -0.894) 
     0.40536   (121 -0.416) (127 -0.497) (133 0.457) 
     0.31881   (97 0.921) 
     0.28346   (104 -0.416) (105 -0.565) (107 0.444) 
     0.27553   (103 0.817) (105 0.269) 
     0.25283   (98 -0.277) (100 -0.454) (112 -0.289) (113 0.283) (124 0.361) 
     0.24397   (80 -0.265) (85 0.653) (100 0.269) (103 -0.218) (124 0.252) 
     0.23029   (80 0.419) (85 -0.303) (100 0.545) 
     0.20171   (78 0.296) (79 0.322) (80 -0.537) (85 -0.497) 
     0.15995   (100 -0.295) (111 0.503) (112 0.362) 
     0.14558   (87 -0.323) (88 -0.547) (91 0.384) (96 -0.34) 
     0.13371   (88 0.429) (95 0.498) (104 -0.412) 
     0.12326   (87 -0.372) (91 -0.511) (92 0.422) (104 -0.294) 
     0.11859   (87 0.685) (88 -0.43) (95 -0.35) 
     0.11137   (84 0.314) (86 -0.638) (91 0.322) (95 -0.382) 
     0.10934   (68 -0.425) (81 0.41) (82 -0.494) 
    0.099213   (65 0.222) (68 0.364) (74 -0.289) (76 0.232) (77 -0.222) (79 0.273) (84 -0.261) (95 -0.282) 
    0.094553   (59 -0.244) (61 -0.315) (64 0.244) (65 -0.406) (69 -0.266) (74 0.273) (81 -0.236) 
    0.091552   (59 0.611) (61 0.363) 
    0.091028   (59 -0.638) (65 0.365) 
    0.087695   (59 0.327) (61 -0.335) (74 -0.283) (95 0.296) (104 0.339) 
    0.086718   (61 0.564) (69 -0.319) 
    0.081943   (61 -0.502) (65 0.437) 
    0.076799   (61 0.242) (64 0.668) (69 0.265) (74 0.212) (82 -0.24) 
    0.072301   (60 0.609) (62 -0.3) (65 -0.316) (69 0.3) 
    0.067041   (60 -0.654) (64 -0.323) 
    0.066531   (60 0.265) (65 0.216) (69 -0.281) (74 -0.228) (79 -0.216) (111 0.217) (115 -0.375) (117 0.233) 
    0.063757   (66 -0.265) (77 -0.323) (81 0.284) 
    0.058818   (62 0.549) (66 0.401) 
    0.056389   (62 -0.584) (71 -0.301) 
     0.05542   (62 0.361) (66 -0.606) 
    0.053494   (63 0.325) (66 0.294) (71 0.346) (81 -0.302) 
     0.05291   (63 -0.586) (72 -0.245) (74 0.279) (77 -0.246) (81 -0.234) (101 0.255) 
    0.050187   (63 0.63) (66 -0.309) 
    0.045991   (81 0.279) (82 0.289) (84 -0.411) (101 0.243) (117 -0.279) 
    0.042276   (32 0.731) (33 0.437) 
    0.041129   (32 -0.308) (41 -0.391) (42 0.436) (43 0.54) 
    0.040577   (76 0.389) (77 0.267) (84 0.223) (89 -0.252) (117 -0.386) (118 0.254) 
    0.039268   (53 0.53) (56 -0.418) (76 -0.307) 
    0.034709   (53 -0.568) (76 -0.429) (77 -0.365) 
    0.033777   (33 0.61) (34 0.445) (37 -0.409) 
    0.030968   (33 -0.447) (34 -0.329) (37 -0.549) 
    0.030064   (35 -0.322) (37 0.457) (56 0.269) (89 0.46) 
    0.029447   (35 0.832) (89 0.244) 
    0.027255   (35 -0.379) (37 -0.303) (56 -0.577) 
     0.02653   (130 0.903) 
     0.02486   (129 -0.578) (155 0.805) 
    0.022936   (129 -0.577) (155 -0.287) (162 -0.764) 
    0.022022   (129 -0.577) (155 -0.519) (162 0.631) 
    0.020599   (22 -0.948) 
    0.018743   (141 -0.932) (142 -0.353) 
