 1 1000
 2 486.398
 3 22.3331
 4 1000
 5 406.964
 6 264.695
 7 999.849
 8 3.88891
 9 991.428
 10 898.007
 11 2.315
 12 782.892
 13 1000
 14 998.07
 15 0.823401
 16 1000
 17 996.935
 18 3.06065
 19 1000
 20 836.876
 21 160.054
 22 1000
 23 955.053
 24 44.1723
 25 245.129
 26 253.49
 27 17.7404
 28 986.555
 29 195.051
 30 246.494
 31 496.095
 32 59.2738
 33 819.195
 34 215.688
 35 139.106
 36 361.472
 37 988.537
 38 997.486
 39 3.73544
 40 613.698
 41 971.596
 42 1.77445
 43 498.725
 44 865.222
 45 17.6296
 46 998.625
 47 290.024
 48 711.255
 49 948.628
 50 186.199
 51 268.915
 52 172.102
 53 953.9
 54 273.484
 55 159.967
 56 230.192
 57 885.714
 58 87.291
 59 129.598
 60 193.789
 61 22.3588
 62 1.824
 63 443.269
 64 321.272
 65 1.66097
 66 486.117
 67 922.834
 68 79.2579
 69 999.743
 70 1000
 71 903.85
 72 95.8374
 73 999.625
 74 3.19143
 75 997.918
 76 983.594
 77 3.29665
 78 877.485
 79 999.112
 80 17.4684
 81 981.312
 82 990.035
 83 219.337
 84 2.9339
 85 108.015
 86 2.81454
 87 988.915
 88 1.71071
 89 1.63864
 90 1.90614
 91 9.21587
 92 434.896
 93 812.233
 94 770.552
 95 935.552
 96 956.839
 97 302.476
 98 327.773
 99 125.854
 100 900.834
 101 964.236
 102 126.883
 103 149.496
 104 134.713
 105 134.194
 106 160.446
 107 165.796
 108 171.012
 109 128.121
 110 98.7474
 111 184.113
 112 205.278
 113 191.506
 114 174.736
 115 184.077
 116 149.36
 117 173.737
 118 195.883
 119 155.756
 120 86.6093
 121 123.912
 122 48.1913
 123 62.8614
 124 37.37
 125 28.9796
 126 51.9366
 127 25.7361
 128 89.0913
 129 65.0902
 130 61.4124
 131 19.9559
 132 20.8072
 133 22.3609
 134 35.3751
 135 8.42895
 136 46.5664
 137 9.48038
 138 8.84483
 139 8.87173
 140 10.2575
 141 10.4891
 142 8.42181
 143 8.96885
 144 14.8051
 145 14.9268
 146 12.3031
 147 9.85011
 148 28.818
 149 15.9257
 150 11.7063
 151 13.5062
 152 23.432
 153 20.7222
 154 13.1465
 155 19.81
 156 24.0822
 157 46.5045
 158 0.132105
 159 0.185766
 160 0.38847
 161 21.7874
 162 24.4456
 163 383.431
 164 712.934
 165 6.5279
