 1 46597.5
 2 615.498
 3 28.0452
 4 175637
 5 505.636
 6 328.8
 7 461891
 8 39.0042
 9 12471.8
 10 2509.59
 11 3.9416
 12 1629.2
 13 305437
 14 4210.02
 15 0.8443
 16 310701
 17 3677.65
 18 8.9468
 19 119864
 20 2051.68
 21 390.873
 22 164615
 23 3236.3
 24 147.219
 25 265.748
 26 324.072
 27 22.5418
 28 2895.72
 29 247.571
 30 311.11
 31 515.98
 32 72.5638
 33 1007.97
 34 222.537
 35 158.598
 36 414.485
 37 1530.76
 38 2952.36
 39 7.91448
 40 981.519
 41 4317.39
 42 2.12612
 43 675.64
 44 1463.88
 45 29.1892
 46 14587.2
 47 940.612
 48 1941.72
 49 1835.66
 50 190.047
 51 318.684
 52 203.674
 53 2906.95
 54 307.706
 55 213.986
 56 315.482
 57 916.402
 58 88.1889
 59 133.453
 60 201.057
 61 22.5229
 62 1.82548
 63 466.306
 64 326.273
 65 1.66942
 66 493.628
 67 3033.38
 68 269.196
 69 162952
 70 170208
 71 2208.21
 72 231.125
 73 17656.9
 74 24.3879
 75 13817.1
 76 8350.14
 77 5.55264
 78 1850.46
 79 8839.68
 80 53.6617
 81 2683.28
 82 1559.44
 83 236.102
 84 3.05283
 85 137.443
 86 3.18125
 87 4722.05
 88 1.71096
 89 1.63866
 90 1.90646
 91 10.2412
 92 497.255
 93 1691.77
 94 1606.08
 95 2654.02
 96 2444.29
 97 319.881
 98 343.973
 99 127.695
 100 1114.04
 101 1552.02
 102 131.045
 103 152.709
 104 136.036
 105 135.134
 106 161.118
 107 166.501
 108 171.908
 109 129.253
 110 100.703
 111 185.248
 112 206.274
 113 192.273
 114 175.264
 115 184.619
 116 150.331
 117 174.334
 118 196.409
 119 156.996
 120 88.847
 121 124.559
 122 49.1975
 123 68.1684
 124 38.4085
 125 29.8421
 126 52.4887
 127 27.3754
 128 91.7103
 129 66.2715
 130 62.2644
 131 20.3181
 132 21.1042
 133 22.743
 134 36.4001
 135 8.71888
 136 46.9711
 137 9.83843
 138 9.1862
 139 9.21819
 140 10.804
 141 11.197
 142 8.90195
 143 9.40809
 144 15.2361
 145 15.2614
 146 12.662
 147 10.3389
 148 29.5898
 149 16.4307
 150 12.027
 151 13.8673
 152 23.9229
 153 21.5276
 154 13.5554
 155 20.1326
 156 24.343
 157 46.7952
 158 0.16543
 159 0.193912
 160 0.49691
 161 25.7293
 162 26.4619
 163 1089.53
 164 1417.91
 165 7.16499
