 1 31.6228
 2 21.429
 3 1.93493
 4 31.6228
 5 16.1012
 6 10.8797
 7 31.6195
 8 1.03408
 9 31.412
 10 29.819
 11 0.982898
 12 27.7512
 13 31.6228
 14 31.5856
 15 0.90411
 16 31.6228
 17 31.5375
 18 1.00295
 19 31.6228
 20 26.6852
 21 5.99963
 22 31.6228
 23 30.2638
 24 2.36415
 25 15.2699
 26 14.909
 27 1.9706
 28 31.3591
 29 9.81016
 30 12.1079
 31 21.752
 32 2.92535
 33 27.3679
 34 14.4636
 35 6.98472
 36 16.3478
 37 31.4189
 38 31.5531
 39 1.38705
 40 24.4796
 41 31.1075
 42 1.29508
 43 21.7685
 44 28.8488
 45 1.90751
 46 31.5858
 47 10.3419
 48 22.9848
 49 30.5926
 50 13.0977
 51 13.7494
 52 9.30638
 53 30.6987
 54 16.3234
 55 9.01771
 56 12.0899
 57 29.1547
 58 8.66289
 59 8.41019
 60 11.1788
 61 4.41196
 62 1.33901
 63 20.7086
 64 16.5775
 65 0.968175
 66 21.0224
 67 29.2996
 68 3.86678
 69 31.6154
 70 31.6228
 71 28.7472
 72 4.37584
 73 31.6145
 74 1.36162
 75 31.5649
 76 31.3416
 77 1.37084
 78 29.5236
 79 31.6019
 80 1.88302
 81 31.086
 82 31.4142
 83 14.2815
 84 1.41695
 85 10.1287
 86 1.44933
 87 31.366
 88 1.0957
 89 1.04137
 90 1.24389
 91 2.45549
 92 17.9226
 93 26.9483
 94 26.1064
 95 30.0651
 96 30.581
 97 15.9318
 98 16.419
 99 8.83529
 100 29.3365
 101 30.7796
 102 10.2473
 103 11.5097
 104 10.8181
 105 10.9312
 106 12.2429
 107 12.3716
 108 12.5141
 109 10.398
 110 8.40887
 111 12.873
 112 13.9963
 113 13.4354
 114 12.6499
 115 12.775
 116 11.0527
 117 12.3012
 118 13.309
 119 11.7122
 120 8.5384
 121 10.7315
 122 6.71091
 123 7.74249
 124 5.52844
 125 5.09109
 126 6.89205
 127 4.47209
 128 8.85556
 129 7.20382
 130 7.24195
 131 4.0578
 132 4.43587
 133 4.57624
 134 5.83969
 135 2.61688
 136 6.74232
 137 2.83105
 138 2.77735
 139 2.78455
 140 3.03108
 141 2.9662
 142 2.63665
 143 2.7515
 144 3.67679
 145 3.72788
 146 3.32966
 147 2.85717
 148 5.16691
 149 3.79801
 150 3.2114
 151 3.45535
 152 4.72096
 153 4.42173
 154 3.49136
 155 4.36151
 156 4.81254
 157 6.74936
 158 0.130432
 159 0.335851
 160 0.271516
 161 3.74224
 162 4.39623
 163 17.3553
 164 25.4785
 165 0.547494
