 Smallest eigenvalues
  2.1174e-06   (9 -1) 
  3.2185e-06   (51 0.607) (48 -0.562) (49 -0.225) (154 -0.205) (52 -0.189) (44 -0.164) (55 -0.159) (14 0.124) (47 -0.119) (50 0.119) (78 0.1) (37 -0.0988) (53 0.0899) (54 0.0879) (77 -0.0848) (42 -0.084) (38 0.0755) (46 0.0654) (27 -0.0653) (40 0.0588) (56 0.0587) (43 0.0495) (68 0.042) (70 -0.0383) (39 -0.0322) (60 -0.0317) (61 0.0309) (41 0.0299) (67 -0.0276) (76 0.0264) (35 -0.0263) (36 0.0258) (33 0.0243) (65 -0.0231) (17 0.023) (32 -0.0203) (63 -0.0202) (64 0.0202) (23 0.0193) (45 0.0191) (26 -0.0187) (66 0.017) (30 -0.0164) (71 -0.0162) (69 -0.0157) (75 0.0157) (19 0.014) (28 0.014) (25 -0.0139) (80 0.0139) (84 0.0137) (88 0.0131) (57 -0.0127) (72 -0.0123) (16 -0.0121) (74 -0.0114) (11 -0.0109) 
   3.274e-06   (154 -0.979) (51 -0.127) (48 0.118) (49 0.047) (52 0.0395) (44 0.0344) (55 0.0332) (14 -0.0262) (47 0.025) (50 -0.0248) (37 0.0208) (78 -0.0206) (53 -0.0188) (54 -0.0183) (42 0.0176) (77 0.0175) (38 -0.0159) (27 0.0137) (46 -0.0137) (40 -0.0123) (56 -0.0122) (43 -0.0104) 
  5.6936e-06   (4 1) 
  5.8752e-06   (149 0.627) (47 0.565) (44 -0.343) (46 0.242) (45 -0.176) (37 -0.124) (14 0.104) (48 0.094) (38 0.0813) (42 -0.068) (27 -0.0674) (43 0.0604) (77 -0.0602) (40 0.0579) (39 -0.0556) (78 0.0489) (51 -0.0489) (49 -0.0415) (53 -0.0312) (35 -0.0275) (52 -0.0262) (56 0.0262) (28 0.0251) (70 -0.0231) (36 0.0219) (60 -0.0197) (17 0.0193) (33 0.0182) (16 -0.0167) (19 0.0158) (25 -0.0155) (23 0.0148) (54 0.0147) (41 -0.0147) (68 0.0118) (32 -0.0118) (31 0.0105) (73 -0.0101) 
  6.0748e-06   (149 0.779) (47 -0.455) (44 0.276) (46 -0.195) (45 0.142) (37 0.1) (14 -0.0839) (48 -0.0757) (38 -0.0655) (42 0.0548) (27 0.0543) (43 -0.0487) (77 0.0484) (40 -0.0467) (39 0.0448) (51 0.0394) (78 -0.0394) (49 0.0334) (53 0.0251) (35 0.0222) (52 0.0211) (56 -0.0211) (28 -0.0202) (70 0.0186) (36 -0.0176) (60 0.0158) (17 -0.0155) (33 -0.0146) (16 0.0134) (19 -0.0127) (25 0.0125) (23 -0.0119) (54 -0.0119) (41 0.0118) 
  6.1343e-06   (1 -0.989) (31 0.0911) (32 -0.0623) (37 0.0529) (27 -0.0519) (28 0.0395) (35 0.0283) (29 0.0205) (14 0.0178) (38 -0.0175) (30 0.0124) (33 -0.0101) 
  8.3428e-06   (155 -0.998) (31 0.0326) (32 -0.0222) (27 -0.0197) (37 0.0182) (28 0.0142) (14 0.0121) 
   2.146e-05   (31 -0.593) (32 0.403) (27 0.357) (37 -0.331) (28 -0.257) (14 -0.218) (35 -0.181) (1 -0.147) (29 -0.131) (38 0.104) (30 -0.083) (33 0.0701) (19 -0.0694) (23 -0.0646) (25 0.0632) (16 0.0613) (155 -0.0549) (36 0.0472) (43 0.0465) (77 0.0428) (39 -0.039) (17 -0.0387) (44 -0.0385) (21 0.0373) (34 -0.0372) (78 -0.0341) (22 0.0297) (15 0.0257) (40 0.0244) (11 0.0233) (26 0.0232) (42 -0.0202) (48 -0.019) (49 0.0189) (51 0.018) (70 0.0164) (56 -0.0158) (60 0.0154) (53 0.0143) (54 -0.0125) (57 -0.0115) (75 0.0115) (41 0.0107) (80 -0.0101) (73 0.0101) 
  3.7003e-05   (18 0.642) (46 -0.406) (22 0.312) (23 0.294) (45 0.279) (19 -0.265) (44 -0.176) (42 -0.127) (47 0.0706) (21 -0.0698) (37 -0.0598) (48 0.056) (27 -0.0491) (38 0.0483) (78 0.0416) (36 0.0412) (17 0.0411) (30 -0.0403) (29 0.0396) (43 0.0378) (16 -0.0355) (15 -0.0355) (77 -0.0326) (40 0.029) (26 -0.0282) (34 -0.026) (14 0.0254) (31 0.0246) (53 -0.0238) (35 -0.0235) (51 -0.0224) (68 0.0191) (74 -0.019) (32 -0.0186) (71 -0.018) (25 0.0178) (50 0.0165) (62 0.0156) (61 0.0153) (70 -0.0144) (79 0.0141) (56 0.0124) (66 -0.0122) (73 0.0121) (60 -0.0105) (39 -0.0103) (72 -0.0103) (33 0.0101) 
  6.3327e-05   (158 -0.999) (46 -0.0251) (18 -0.0195) (45 0.0169) (44 -0.0101) 
  0.00010354   (46 0.596) (18 0.444) (45 -0.4) (44 0.238) (19 -0.208) (22 0.202) (23 0.168) (37 0.134) (42 0.122) (48 -0.115) (14 -0.112) (38 -0.0835) (47 -0.0815) (40 -0.0717) (39 0.0695) (77 0.0692) (43 -0.068) (27 0.0674) (78 -0.0548) (41 -0.0534) (158 -0.0427) (51 0.0356) (25 0.035) (28 -0.0348) (49 0.0333) (56 -0.033) (68 -0.0295) (34 -0.0292) (30 -0.029) (35 0.0263) (70 0.0255) (67 0.0243) (53 0.0243) (54 -0.0225) (71 0.0191) (74 0.0181) (26 -0.0181) (15 -0.0152) (21 -0.0152) (60 0.0151) (61 -0.0148) (80 -0.0144) (65 0.0135) (62 -0.0131) (50 -0.0129) (81 0.0126) (36 -0.0125) (11 0.0113) (57 -0.0109) (72 0.0107) 
  0.00010768   (3 1) 
  0.00013045   (19 -0.61) (14 0.452) (17 0.344) (23 -0.32) (21 -0.263) (27 0.257) (18 -0.161) (25 0.0822) (33 -0.0691) (24 -0.069) (37 0.0612) (38 -0.0566) (44 0.048) (22 0.0473) (30 0.045) (26 0.0421) (28 -0.0412) (36 -0.031) (32 0.0294) (47 0.0282) (11 -0.0259) (35 0.0255) (40 -0.0251) (31 0.024) (12 -0.0214) (46 -0.0213) (42 0.0187) (15 0.0181) (77 -0.016) (13 0.013) (29 0.0129) (39 0.0128) (20 -0.0123) (78 0.0111) (57 -0.0105) (34 0.0104) (52 -0.0102) 
  0.00020683   (159 1) 
  0.00021984   (2 -1) 
  0.00024488   (22 0.499) (19 0.495) (21 0.396) (14 0.32) (27 0.283) (23 -0.253) (17 0.236) (18 0.115) (25 0.104) (16 -0.0697) (37 0.0654) (157 0.0468) (24 0.0445) (38 -0.0364) (32 0.031) (35 0.0298) (33 -0.0276) (44 0.0263) (36 -0.0258) (29 0.0249) (11 -0.0196) (31 0.0187) (30 0.0182) (15 -0.018) (40 -0.018) (28 -0.0173) (39 0.0162) (77 -0.0158) (12 -0.0151) (46 -0.0122) (43 -0.012) (47 0.011) (13 0.0105) 
  0.00028986   (157 0.999) (22 -0.0234) (19 -0.0232) (21 -0.0185) (14 -0.015) (27 -0.0133) (23 0.0118) (17 -0.0111) 
  0.00029932   (8 1) 
  0.00030769   (28 -0.767) (150 -0.4) (27 -0.337) (14 0.16) (37 0.155) (26 -0.153) (29 0.143) (32 0.09) (22 -0.074) (35 0.0676) (17 0.0562) (48 0.0547) (19 0.0543) (31 -0.0513) (38 -0.0507) (16 -0.0463) (25 -0.0391) (18 0.0341) (39 0.0338) (51 0.0333) (42 0.0262) (15 -0.0261) (49 0.0225) (36 -0.0202) (33 0.0202) (75 0.02) (43 -0.0195) (78 0.0175) (34 0.0163) (40 -0.0147) (77 -0.0133) (11 -0.0132) (68 0.0112) 
  0.00031211   (150 -0.917) (28 0.334) (27 0.147) (14 -0.0697) (37 -0.0674) (26 0.0667) (29 -0.0623) (32 -0.0392) (22 0.0323) (35 -0.0295) (17 -0.0245) (48 -0.0238) (19 -0.0237) (31 0.0224) (38 0.0221) (16 0.0202) (25 0.017) (18 -0.0149) (39 -0.0147) (51 -0.0145) (42 -0.0114) (15 0.0114) 
  0.00031556   (6 -1) 
  0.00032247   (22 -0.476) (23 0.457) (27 0.414) (24 -0.286) (19 0.278) (14 0.259) (153 -0.208) (17 0.158) (21 -0.14) (18 0.13) (26 0.127) (25 0.116) (37 0.0962) (16 -0.0809) (35 0.0514) (15 -0.0504) (39 0.0489) (32 0.0361) (33 0.0357) (38 -0.0308) (28 -0.0285) (43 -0.0258) (29 0.0236) (48 0.0212) (77 -0.0183) (78 0.0167) (36 -0.0164) (73 -0.0162) (30 -0.0158) (20 0.0143) (11 -0.0142) (31 -0.0123) (56 0.0121) (40 -0.0113) (47 0.0113) (52 0.0112) (75 0.0102) 
  0.00033409   (153 -0.978) (22 0.101) (23 -0.0971) (27 -0.088) (24 0.0608) (19 -0.0592) (14 -0.055) (17 -0.0336) (21 0.0297) (18 -0.0276) (26 -0.0271) (25 -0.0246) (37 -0.0204) (16 0.0172) (35 -0.0109) (15 0.0107) (39 -0.0104) 
  0.00033972   (73 -0.507) (57 0.495) (70 -0.429) (74 -0.246) (60 0.207) (67 0.196) (52 0.166) (77 0.144) (44 -0.137) (68 -0.112) (69 0.11) (66 -0.105) (78 -0.0932) (56 0.0874) (61 -0.0824) (47 -0.0787) (33 0.0671) (64 -0.0537) (65 -0.049) (76 -0.0484) (63 0.0441) (46 0.0441) (42 -0.041) (54 0.0391) (37 0.0388) (50 0.037) (40 0.0348) (75 0.0337) (43 -0.0337) (16 0.0329) (79 0.0323) (21 0.0286) (19 -0.0279) (51 0.0271) (38 0.0255) (71 -0.0244) (62 -0.0241) (59 -0.0239) (34 -0.0234) (14 0.0228) (15 0.0212) (30 -0.0201) (123 -0.0192) (18 -0.0192) (88 0.0189) (39 0.0177) (126 0.0174) (121 0.0171) (124 0.0166) (36 -0.0151) (27 0.0149) (109 0.0149) (120 0.0143) (84 0.0141) (48 0.0137) (35 0.0131) (100 0.0131) (104 0.013) (152 -0.0129) (23 0.0128) (22 0.0127) (91 -0.0124) (89 -0.0122) (80 -0.0112) (55 0.0109) (106 -0.0107) (129 -0.0104) (101 0.0102) 
  0.00035984   (73 0.629) (57 0.407) (67 0.26) (152 -0.243) (74 0.241) (68 -0.186) (44 -0.185) (52 0.137) (66 -0.129) (47 -0.127) (60 0.122) (72 0.105) (49 0.102) (70 0.101) (69 0.0922) (56 0.086) (14 0.0856) (33 0.0856) (71 0.0754) (46 0.0681) (55 0.0678) (64 -0.0644) (61 -0.061) (63 0.0556) (38 0.0552) (39 0.0505) (40 0.0448) (42 -0.0445) (65 -0.0432) (43 -0.0379) (120 0.0342) (48 -0.0342) (16 0.0326) (53 -0.0312) (30 -0.0298) (79 -0.0268) (34 -0.026) (23 0.0255) (77 -0.0249) (59 -0.0247) (75 -0.0247) (18 -0.0239) (21 0.0238) (62 -0.0229) (121 -0.0225) (84 0.0221) (32 -0.0214) (15 0.0202) (19 -0.0181) (129 -0.017) (119 -0.0166) (24 0.0165) (124 0.0163) (88 0.0145) (78 0.0142) (125 -0.0137) (145 0.0127) (76 0.0123) (17 0.0123) (122 0.0123) (131 -0.0121) (89 -0.0121) (51 0.0111) (80 0.0108) (37 -0.0103) 
  0.00037751   (152 -0.97) (73 -0.151) (57 -0.109) (67 -0.0678) (74 -0.0573) (44 0.049) (68 0.048) (52 -0.037) (66 0.0337) (60 -0.0335) (47 0.0332) (72 -0.0263) (49 -0.0258) (69 -0.0245) (56 -0.0229) (33 -0.0228) (14 -0.0221) (70 -0.0198) (71 -0.0186) (46 -0.0179) (55 -0.0172) (64 0.0169) (61 0.0164) (63 -0.0145) (38 -0.0144) (39 -0.0131) (145 0.012) (42 0.0119) (40 -0.0119) (65 0.0115) (43 0.0101) 
   0.0004511   (25 -0.949) (24 -0.193) (27 0.153) (54 -0.0881) (22 0.0734) (26 0.0624) (52 0.0619) (56 -0.0503) (53 -0.0492) (14 0.0474) (57 -0.0339) (49 0.0326) (47 -0.0313) (16 -0.0302) (44 -0.029) (55 -0.0276) (28 -0.0248) (33 0.0226) (39 0.0205) (17 0.0199) (21 0.0176) (30 -0.0158) (31 -0.0146) (46 0.0145) (15 -0.0137) (77 -0.0129) (48 -0.012) (60 -0.0117) (78 0.0114) 
  0.00048697   (147 -0.748) (54 -0.384) (52 0.295) (56 -0.232) (53 -0.188) (44 -0.146) (57 -0.131) (55 -0.123) (47 -0.111) (49 0.108) (25 0.0943) (14 0.0597) (46 0.0564) (48 -0.05) (33 0.0498) (60 -0.0462) (51 0.0429) (38 0.0402) (42 -0.038) (73 -0.0379) (27 -0.0361) (40 0.0332) (24 0.0328) (37 -0.0274) (70 -0.0267) (77 -0.0257) (50 -0.0225) (78 0.0217) (43 -0.0189) (16 0.0165) (67 -0.0163) (34 -0.0162) (61 0.0161) (28 0.0144) (72 -0.0144) (68 0.0136) (120 0.0127) (18 -0.0125) (32 -0.0124) (30 -0.0123) (39 0.0119) (23 0.0111) (15 0.0107) 
  0.00050118   (147 -0.664) (54 0.433) (52 -0.332) (56 0.261) (53 0.212) (44 0.164) (57 0.148) (55 0.139) (47 0.125) (49 -0.122) (25 -0.101) (14 -0.0675) (46 -0.0637) (48 0.0564) (33 -0.0563) (60 0.0521) (51 -0.0483) (38 -0.0453) (42 0.0428) (73 0.0428) (27 0.0399) (40 -0.0374) (24 -0.0359) (37 0.0309) (70 0.0302) (77 0.029) (50 0.0254) (78 -0.0245) (43 0.0214) (16 -0.0184) (67 0.0184) (34 0.0182) (61 -0.0182) (72 0.0162) (28 -0.0161) (68 -0.0154) (120 -0.0142) (18 0.014) (30 0.014) (32 0.014) (39 -0.0135) (23 -0.0125) (15 -0.0119) (21 -0.0102) 
  0.00050318   (53 0.674) (55 0.452) (39 -0.369) (52 0.268) (57 -0.16) (44 -0.15) (54 -0.125) (40 0.12) (37 0.107) (47 -0.0786) (49 0.0731) (42 -0.0721) (38 -0.0633) (60 -0.0603) (56 0.0564) (46 0.05) (41 -0.0471) (48 -0.0469) (70 -0.0404) (77 -0.039) (78 0.0351) (50 -0.0229) (36 -0.0223) (61 0.019) (151 -0.019) (27 0.0179) (73 -0.016) (35 0.0158) (72 -0.0131) (69 0.013) (19 -0.0122) 
  0.00051114   (151 -0.967) (39 0.202) (37 -0.0724) (53 0.0658) (38 0.0531) (40 -0.0492) (55 0.0482) (52 0.0323) (33 0.0277) (14 0.0264) (41 0.0215) (27 -0.0211) (44 0.018) (57 -0.0175) (42 0.0173) (49 -0.014) (77 -0.0111) (73 -0.0103) (56 0.01) 
  0.00055995   (39 -0.746) (53 -0.303) (37 0.27) (151 -0.252) (55 -0.219) (38 -0.199) (40 0.18) (52 -0.144) (33 -0.106) (14 -0.101) (27 0.0794) (57 0.0791) (41 -0.0789) (42 -0.061) (44 -0.0575) (49 0.0483) (77 0.0455) (54 0.0437) (56 -0.0428) (73 0.0412) (78 -0.0393) (34 0.038) (35 0.0371) (43 0.0366) (24 -0.0355) (60 0.0354) (48 -0.0332) (28 -0.0315) (70 0.0298) (36 -0.0274) (31 -0.0266) (32 0.0247) (51 -0.0231) (72 0.0207) (47 -0.0172) (68 -0.0172) (18 0.0169) (67 0.0157) (23 -0.0152) (50 -0.015) (45 0.0132) (61 -0.0117) (29 -0.0114) 
   0.0005676   (70 0.816) (57 0.281) (73 -0.274) (72 -0.232) (52 0.157) (69 -0.154) (49 -0.135) (60 0.09) (74 -0.0766) (51 0.0717) (48 0.0646) (76 -0.0622) (50 0.0599) (68 0.0567) (75 0.0509) (44 -0.0501) (65 -0.045) (33 0.0364) (54 -0.0357) (71 -0.0346) (61 -0.0345) (148 0.0329) (78 0.0323) (55 0.0319) (84 0.0283) (37 0.0267) (56 0.0245) (40 0.0239) (124 0.0231) (42 -0.023) (43 -0.0209) (16 0.0194) (21 0.0187) (19 -0.0185) (47 -0.0177) (88 0.0174) (67 -0.0157) (129 -0.0145) (46 0.0141) (126 0.0141) (79 -0.0135) (34 -0.0132) (36 -0.0122) (22 0.0114) (38 0.0113) (90 0.0113) (14 0.0105) (53 0.0104) (97 -0.0101) (62 -0.0101) 
  0.00061403   (148 0.852) (49 0.363) (51 -0.148) (52 -0.147) (48 -0.147) (44 -0.121) (50 -0.12) (54 0.119) (47 -0.0919) (73 -0.0725) (46 0.0484) (14 0.0472) (39 0.0407) (70 0.0392) (72 -0.0378) (33 0.0339) (38 0.0336) (37 -0.032) (67 -0.0311) (68 0.03) (77 -0.0289) (78 0.0256) (42 -0.0216) (45 0.0213) (55 -0.0206) (53 0.0202) (27 -0.0201) (69 -0.0167) (40 0.0161) (74 -0.0149) (57 -0.0147) (24 0.0145) (66 0.0121) (71 -0.0121) (32 -0.0114) (23 0.0114) (30 -0.0102) 
   0.0006596   (49 -0.582) (148 0.523) (51 0.236) (48 0.235) (52 0.229) (44 0.201) (50 0.192) (54 -0.191) (47 0.151) (73 0.136) (70 -0.115) (46 -0.0798) (14 -0.0777) (72 0.0763) (39 -0.0656) (33 -0.0577) (38 -0.0555) (68 -0.0526) (67 0.0517) (37 0.0503) (77 0.0472) (78 -0.0438) (69 0.0369) (42 0.0368) (45 -0.0345) (53 -0.0336) (27 0.0322) (55 0.0315) (74 0.0291) (40 -0.0279) (24 -0.0238) (71 0.0219) (66 -0.0194) (23 -0.0191) (32 0.0189) (30 0.0172) (34 0.0168) (16 -0.0157) (79 0.0154) (18 0.0152) (64 -0.0133) (56 -0.0123) (75 -0.0123) (63 0.0122) (76 0.0117) (21 -0.0114) (120 -0.0113) (43 0.011) 
   0.0007228   (38 0.802) (37 0.329) (24 0.203) (23 0.173) (39 -0.165) (21 0.153) (44 0.148) (40 -0.124) (33 0.121) (19 -0.0999) (36 -0.0968) (18 -0.0923) (43 0.0821) (16 0.0821) (42 0.0759) (14 0.0694) (27 0.0653) (47 0.055) (35 0.0506) (34 -0.0474) (15 0.0472) (52 -0.0439) (57 -0.0345) (25 -0.0325) (46 -0.0317) (41 -0.0247) (26 0.0193) (30 -0.019) (56 -0.0167) (31 -0.0152) (17 0.0125) (28 -0.0102) 
   0.0008009   (24 0.583) (23 0.471) (21 0.337) (38 -0.305) (33 -0.237) (18 -0.193) (19 -0.173) (14 0.173) (37 -0.117) (16 0.111) (25 -0.104) (30 0.0966) (27 0.084) (34 0.0753) (15 0.0658) (32 0.0539) (26 0.0533) (142 -0.044) (17 0.043) (36 0.0384) (35 -0.033) (22 -0.0298) (44 0.0262) (28 -0.0258) (49 -0.0147) (39 0.0145) (40 0.0136) (11 -0.0133) (20 -0.0133) (29 -0.0129) (47 0.0121) (12 -0.0115) 
  0.00092029   (142 -0.996) (145 -0.0687) (24 -0.0269) (23 -0.0218) (141 -0.0202) (21 -0.0158) (140 0.0143) 
   0.0009796   (44 -0.42) (52 -0.411) (47 -0.407) (48 0.346) (49 -0.34) (16 0.241) (51 -0.159) (46 0.159) (57 -0.144) (43 -0.135) (50 0.127) (14 0.106) (17 -0.106) (56 -0.105) (33 0.0928) (15 0.0912) (37 0.0856) (39 0.0699) (42 -0.068) (40 0.0632) (53 0.0589) (77 0.0428) (27 0.0416) (54 -0.038) (34 -0.0333) (60 -0.0331) (78 -0.0312) (36 -0.0293) (41 0.0281) (35 0.0266) (30 -0.0246) (38 0.0241) (22 0.0155) (31 -0.0152) (19 -0.0152) (65 0.0144) (84 0.0131) (74 -0.013) (18 0.013) (68 -0.0126) (45 -0.0125) (55 -0.0122) (61 0.0117) (120 0.0107) 
   0.0010216   (16 0.712) (17 -0.41) (14 0.299) (15 0.247) (18 0.166) (44 0.159) (21 -0.136) (47 0.128) (33 -0.12) (19 0.118) (23 -0.0974) (52 0.0912) (48 -0.0843) (49 0.0777) (24 -0.0732) (46 -0.0556) (30 0.0494) (43 0.0484) (39 -0.0394) (34 0.0379) (51 0.0369) (42 0.0363) (50 -0.0338) (38 -0.0326) (40 -0.0317) (57 0.0268) (32 0.0251) (56 0.0225) (27 0.0214) (37 -0.0214) (12 -0.0194) (28 -0.0189) (11 -0.0173) (35 -0.0143) (13 0.013) (31 0.0126) (20 0.0123) (77 -0.0117) (41 -0.0117) (53 -0.0112) (25 -0.0102) (22 -0.0101) 
   0.0011085   (146 -0.979) (145 0.205) (140 0.0101) 
   0.0011619   (54 0.685) (52 0.397) (33 0.347) (56 -0.304) (57 -0.227) (36 0.146) (34 -0.122) (53 -0.103) (35 0.0922) (38 -0.0781) (50 0.0755) (30 -0.0685) (39 -0.0553) (16 0.0531) (21 0.0503) (49 -0.0488) (48 0.0483) (51 0.0481) (14 0.0474) (60 -0.0428) (47 -0.0411) (44 -0.0407) (32 -0.0398) (19 -0.0389) (77 0.0385) (18 -0.0362) (15 0.0347) (78 -0.031) (24 0.0273) (23 0.0241) (46 0.023) (68 -0.0221) (67 0.0203) (137 0.0179) (22 0.0178) (71 -0.0163) (61 0.0136) (73 0.0135) (72 0.012) (43 -0.0107) (70 0.0105) (79 0.0104) (28 0.0101) (69 0.0101) 
   0.0013613   (33 0.641) (36 0.369) (54 -0.298) (52 -0.229) (34 -0.225) (44 0.206) (38 -0.192) (35 0.164) (39 -0.161) (37 -0.132) (137 0.128) (56 0.122) (30 -0.112) (14 0.108) (42 0.0791) (32 -0.0777) (40 -0.0764) (47 0.0725) (57 0.0725) (43 0.0684) (21 0.0512) (53 0.0496) (16 0.0489) (46 -0.0476) (24 0.0465) (18 -0.0441) (51 -0.0396) (23 0.036) (27 -0.0315) (50 -0.03) (19 -0.0293) (41 -0.0286) (15 0.0284) (28 0.0258) (77 -0.0197) (78 0.0167) (17 0.0159) (29 0.0149) (73 -0.0146) (60 0.0144) (70 -0.0116) 
   0.0015069   (137 0.991) (33 -0.0891) (36 -0.0502) (34 0.0313) (54 0.0262) (38 0.0261) (44 -0.0255) (145 -0.0244) (35 -0.0228) (52 0.0221) (39 0.0217) (37 0.017) (30 0.0158) (14 -0.0149) (32 0.0108) (56 -0.0103) (42 -0.0101) 
   0.0015251   (11 -0.956) (35 -0.26) (33 0.0624) (37 0.0597) (30 -0.0539) (36 -0.0453) (32 -0.0393) (14 -0.038) (38 -0.0363) (133 0.0297) (44 0.0163) (15 0.0137) (71 0.0114) (40 -0.0114) 
   0.0016225   (133 0.843) (35 -0.452) (11 0.176) (33 0.111) (37 0.096) (30 -0.0869) (36 -0.0795) (14 0.0687) (32 -0.0664) (38 -0.0583) (27 -0.0391) (44 0.0276) (40 -0.0199) (28 0.0144) (17 0.0142) (55 -0.0137) (42 0.0136) (23 0.0129) (46 -0.0128) (20 0.0115) (45 -0.0107) 
   0.0018972   (35 0.726) (133 0.536) (11 -0.223) (33 -0.179) (37 -0.154) (30 0.14) (36 0.127) (32 0.107) (14 -0.106) (38 0.0937) (27 0.062) (44 -0.0443) (40 0.0319) (28 -0.0229) (17 -0.0228) (55 0.0219) (42 -0.0218) (46 0.0206) (23 -0.0205) (20 -0.0183) (45 0.0174) (39 0.0148) (47 -0.0138) (31 0.0129) (53 -0.0126) (51 0.0117) (22 0.011) (21 -0.011) (48 -0.0107) (77 0.0105) (18 0.0102) (43 0.0101) (25 0.01) 
   0.0020056   (30 -0.722) (32 -0.496) (33 -0.195) (55 -0.195) (34 0.177) (31 -0.173) (35 0.159) (53 0.14) (28 -0.0845) (37 -0.0835) (72 -0.0703) (50 -0.0699) (29 -0.0639) (27 0.063) (51 -0.046) (52 0.0396) (49 -0.0378) (74 0.0365) (16 0.0365) (21 0.0317) (18 -0.0296) (60 0.0255) (42 0.0253) (68 0.0251) (56 -0.0229) (41 0.022) (47 0.0219) (25 0.0215) (69 0.0213) (48 0.0209) (130 -0.0208) (40 -0.0203) (78 -0.0194) (57 0.0191) (46 -0.0176) (19 -0.0152) (73 0.0151) (44 0.0144) (70 -0.0142) (71 -0.0133) (65 0.0132) (24 0.0119) (39 -0.0107) (84 0.0101) (77 0.0101) 
   0.0021246   (72 -0.655) (74 0.351) (68 0.346) (130 -0.269) (78 -0.245) (67 -0.191) (70 -0.18) (55 0.143) (69 0.142) (53 -0.115) (77 0.0946) (60 0.0887) (71 -0.0844) (73 0.078) (57 0.0691) (56 0.062) (83 -0.059) (51 0.0582) (62 0.0569) (80 -0.0556) (41 0.0538) (64 0.0369) (40 0.0356) (30 0.0355) (33 0.033) (47 -0.0321) (107 -0.0309) (86 -0.0298) (44 -0.028) (63 -0.0262) (85 -0.0249) (48 0.0227) (46 0.0214) (52 0.0214) (61 0.0207) (59 0.0201) (109 -0.0189) (96 0.0185) (37 0.0178) (76 -0.0173) (89 -0.017) (32 0.0168) (129 0.0168) (120 -0.0167) (84 0.0164) (79 0.0154) (87 -0.015) (54 0.0134) (35 -0.013) (134 -0.0121) (58 -0.012) (16 0.0116) (93 -0.0114) (81 0.0112) (100 0.0108) (34 -0.0107) (124 -0.0105) (104 -0.01) 
   0.0022173   (130 -0.573) (55 0.543) (53 -0.376) (72 0.232) (50 0.201) (30 -0.169) (74 -0.128) (32 -0.11) (56 0.0862) (52 -0.0834) (69 -0.0833) (49 0.0791) (60 -0.0742) (57 -0.0727) (51 0.0726) (73 -0.0608) (78 0.0545) (43 0.0526) (34 0.0525) (68 -0.0519) (65 -0.0499) (48 -0.0499) (71 0.0463) (70 0.0442) (41 0.0404) (31 -0.039) (46 0.0365) (84 -0.0332) (54 -0.0302) (129 0.0297) (33 -0.0284) (47 -0.027) (77 -0.0253) (81 -0.0249) (28 -0.024) (67 0.0229) (88 0.0189) (45 0.0177) (80 0.0171) (27 0.0166) (18 -0.0157) (120 -0.0156) (124 -0.0154) (14 0.0148) (134 0.0136) (29 -0.0133) (35 0.013) (21 0.0129) (37 -0.0127) (16 0.0126) (90 -0.0118) (15 0.0113) (107 0.0109) (87 0.0101) (131 0.01) 
   0.0023526   (130 -0.771) (55 -0.447) (53 0.315) (50 -0.149) (30 0.132) (32 0.0893) (56 -0.0851) (68 -0.0827) (51 -0.0732) (72 0.0582) (49 -0.0556) (52 0.0532) (67 0.0498) (41 -0.0497) (78 0.0447) (134 0.0446) (43 -0.0418) (34 -0.0399) (65 0.0381) (131 0.0359) (46 -0.0341) (31 0.032) (47 0.0309) (129 0.0307) (70 0.0304) (57 0.029) (48 0.0283) (74 -0.0277) (60 0.0233) (83 0.02) (64 -0.0191) (28 0.0189) (84 0.0188) (73 0.0175) (54 0.0174) (27 -0.0157) (33 0.0147) (16 -0.0146) (44 0.0145) (81 0.0145) (77 -0.0141) (85 0.0138) (88 -0.0137) (63 0.0135) (40 -0.0131) (62 -0.0131) (18 0.0129) (79 -0.0123) (86 0.012) (14 -0.0119) (69 0.0117) (21 -0.0116) (45 -0.0107) 
   0.0026085   (24 -0.664) (21 0.452) (23 0.26) (18 -0.241) (56 -0.219) (19 -0.206) (22 0.164) (27 -0.155) (15 0.123) (25 0.121) (33 -0.0931) (20 -0.0816) (52 -0.0813) (57 0.0671) (16 0.065) (37 -0.0608) (44 0.0567) (30 0.0553) (55 0.0516) (53 0.0363) (47 0.0352) (36 0.034) (60 0.0323) (34 0.0308) (35 -0.0283) (26 -0.0265) (42 0.0245) (77 -0.0241) (13 0.0232) (46 -0.0225) (31 -0.0217) (12 -0.0195) (48 -0.019) (29 -0.0162) (78 0.0157) (70 -0.0149) (14 0.0141) (120 -0.0134) (39 -0.0133) (68 0.0129) (65 -0.0129) (54 -0.0129) (74 0.0123) (124 0.0109) 
   0.0026567   (60 -0.851) (56 0.31) (61 0.242) (57 0.189) (55 -0.125) (52 0.118) (77 0.088) (78 -0.0705) (47 -0.0703) (24 -0.0698) (21 0.0635) (132 0.0561) (59 -0.0479) (51 -0.0408) (48 0.0397) (46 0.0387) (19 -0.0372) (54 0.0372) (72 -0.0336) (53 -0.0334) (23 0.0326) (18 -0.0324) (62 0.0322) (79 0.0322) (15 0.0271) (71 0.0269) (22 0.0258) (84 -0.0235) (44 -0.0232) (108 -0.021) (16 0.0208) (107 0.0196) (109 0.019) (124 0.0184) (69 0.0168) (80 -0.0168) (73 -0.0161) (76 -0.0159) (33 0.0144) (25 0.0144) (123 0.013) (66 -0.0129) (119 -0.0128) (42 -0.0124) (74 -0.0123) (118 0.0119) (90 -0.0115) (20 -0.0112) (125 -0.0111) (65 -0.0107) (64 0.0104) (49 0.0103) (82 0.0101) 
    0.002745   (132 0.759) (56 0.452) (57 -0.277) (60 0.201) (50 -0.124) (52 0.123) (24 -0.0905) (55 -0.0902) (53 -0.09) (21 0.0809) (131 -0.0775) (44 -0.0593) (61 -0.0572) (43 -0.0572) (47 -0.0478) (19 -0.0465) (23 0.0426) (18 -0.0419) (48 0.0388) (51 0.0386) (77 0.0343) (22 0.0336) (68 -0.0312) (70 0.0309) (16 0.0294) (65 0.0293) (15 0.0243) (72 0.0234) (67 0.0211) (33 0.0208) (78 -0.0207) (25 0.0205) (74 -0.0196) (40 0.0196) (84 0.0191) (37 0.0182) (120 0.0177) (59 0.0155) (45 -0.0143) (49 -0.0143) (64 -0.0133) (27 -0.013) (20 -0.0123) (41 0.0116) (71 -0.0108) 
   0.0028816   (132 0.64) (56 -0.563) (57 0.311) (60 -0.162) (52 -0.157) (50 0.146) (55 0.118) (24 0.114) (53 0.11) (21 -0.102) (44 0.0723) (43 0.0682) (131 -0.0632) (47 0.0631) (19 0.0585) (23 -0.0535) (18 0.0526) (48 -0.0496) (77 -0.0481) (61 0.0462) (22 -0.0422) (51 -0.0417) (16 -0.0368) (70 -0.0363) (68 0.0362) (65 -0.0338) (15 -0.0314) (124 0.0309) (78 0.0305) (120 -0.0298) (33 -0.026) (67 -0.0256) (25 -0.0255) (72 -0.0249) (74 0.0244) (40 -0.0241) (37 -0.0215) (84 -0.0215) (123 0.0215) (45 0.0175) (122 0.0171) (27 0.016) (49 0.0159) (20 0.0156) (107 0.015) (125 -0.015) (64 0.0149) (59 -0.0141) (129 -0.0139) (54 -0.0128) (41 -0.0128) (46 -0.0115) (34 0.0107) (71 0.0105) 
   0.0035831   (40 0.821) (41 -0.293) (65 -0.256) (39 0.216) (44 0.177) (84 -0.137) (43 0.128) (67 0.116) (57 -0.0807) (66 -0.0765) (37 0.0668) (42 0.0659) (33 0.0587) (64 0.0531) (38 0.0503) (87 0.0401) (63 -0.039) (47 0.0387) (52 -0.0353) (72 -0.0341) (127 -0.0313) (30 -0.0271) (51 -0.027) (55 -0.0262) (69 0.025) (50 0.0244) (32 -0.0243) (16 0.0235) (96 0.0207) (73 -0.0183) (90 0.0166) (46 -0.0164) (34 -0.0161) (21 0.0153) (107 -0.0153) (15 -0.015) (78 0.0145) (31 -0.0142) (19 -0.0132) (24 0.0131) (27 0.0129) (53 0.0129) (91 0.0127) (109 -0.0121) (77 -0.012) (49 -0.0106) (82 0.0105) 
   0.0037367   (84 -0.858) (127 -0.353) (65 0.202) (87 0.171) (67 -0.102) (90 0.0738) (57 0.0712) (66 0.0636) (107 -0.0627) (77 -0.0609) (85 0.0538) (40 -0.0484) (44 -0.0431) (78 0.043) (64 -0.0418) (86 -0.0415) (109 -0.0415) (96 0.0406) (92 0.0397) (52 0.0381) (60 0.0375) (129 0.0372) (43 -0.0329) (120 0.0306) (63 0.0304) (91 0.0301) (123 -0.0283) (47 -0.0269) (103 -0.0259) (88 0.0252) (50 -0.0236) (69 -0.0228) (41 0.0218) (126 0.0209) (56 0.0203) (93 -0.0199) (94 -0.0194) (39 -0.0187) (83 0.0176) (79 0.0162) (48 0.0158) (89 -0.0157) (49 -0.0138) (102 0.0137) (61 -0.0133) (71 0.0131) (51 0.013) (54 0.013) (112 0.0126) (122 0.0125) (33 0.0122) (55 -0.0111) (101 -0.0107) (105 -0.0104) (114 0.0103) (70 -0.0103) 
   0.0039143   (127 -0.696) (65 0.432) (84 0.388) (67 -0.206) (40 0.19) (66 0.135) (50 0.0958) (129 0.09) (64 -0.0851) (87 -0.0844) (57 0.0831) (72 0.0788) (41 -0.07) (63 0.0617) (39 0.0548) (43 0.049) (69 -0.0482) (90 -0.0466) (78 -0.0438) (77 0.0392) (73 0.0333) (107 0.0317) (96 -0.0299) (85 -0.0287) (74 -0.0274) (109 0.0272) (71 -0.0264) (52 0.0263) (91 -0.0247) (49 0.0204) (33 0.0202) (86 0.0197) (76 0.0195) (92 -0.0187) (51 -0.0181) (44 0.0175) (37 0.017) (48 -0.0165) (38 0.016) (56 0.0157) (103 0.0156) (60 0.0154) (45 0.015) (46 0.0147) (94 0.013) (14 0.0123) (82 -0.0121) (75 -0.0119) (30 -0.0116) (21 0.0102) (68 -0.0101) 
    0.004068   (127 -0.61) (65 -0.596) (67 0.287) (40 -0.231) (66 -0.187) (57 -0.132) (64 0.118) (50 -0.095) (72 -0.09) (129 0.0887) (63 -0.0858) (41 0.0822) (69 0.0668) (39 -0.0627) (84 0.0622) (52 -0.0505) (43 -0.0426) (73 -0.0398) (60 -0.0393) (33 -0.0335) (56 -0.0294) (74 0.0255) (76 -0.0253) (38 -0.0245) (37 -0.0238) (78 0.0236) (71 0.0219) (46 -0.021) (79 -0.0181) (61 0.0175) (70 0.0168) (14 -0.0165) (75 0.0156) (109 -0.0152) (30 0.0152) (21 -0.015) (49 -0.0142) (51 0.0141) (47 0.014) (96 0.0135) (45 -0.0131) (93 0.0131) (83 -0.0128) (16 -0.0119) (90 0.0115) (91 0.0112) (120 -0.0111) (82 0.011) (59 0.0109) (80 0.0108) (15 -0.0107) (19 0.0104) (107 -0.0101) 
   0.0041032   (105 0.594) (96 -0.323) (103 0.281) (123 -0.256) (101 0.207) (110 -0.197) (108 -0.191) (106 -0.17) (98 -0.169) (120 -0.167) (107 -0.164) (112 -0.154) (119 -0.138) (117 -0.131) (99 -0.128) (122 0.124) (102 -0.11) (97 -0.0964) (114 -0.09) (121 -0.0837) (111 -0.0746) (50 0.0681) (109 -0.0619) (91 0.0618) (115 -0.0525) (118 0.0508) (94 0.0503) (90 -0.0457) (116 -0.0331) (71 0.0319) (100 -0.0312) (124 -0.0302) (84 -0.0299) (82 -0.0282) (51 -0.0244) (55 -0.0234) (113 -0.0213) (92 -0.0212) (93 -0.0198) (104 0.0169) (65 -0.0161) (60 0.0148) (81 -0.0144) (89 0.0143) (80 -0.0143) (125 -0.0142) (56 0.0141) (72 -0.0139) (85 -0.0131) (79 0.0115) (86 0.0115) (141 -0.0111) (53 0.0105) (83 0.0104) 
   0.0042588   (141 -0.994) (145 -0.094) (142 0.0271) (140 0.0219) (123 -0.0215) (96 0.0141) (146 -0.0135) (105 -0.0127) 
   0.0043711   (50 0.823) (51 -0.264) (55 -0.236) (56 0.147) (49 0.146) (71 0.144) (53 0.111) (48 -0.109) (60 0.0976) (65 -0.0938) (57 -0.091) (40 -0.0904) (43 0.087) (52 0.0811) (123 0.0715) (45 0.0661) (72 -0.0648) (15 0.0633) (84 -0.0615) (107 0.0588) (105 -0.0512) (46 0.0505) (82 -0.0505) (120 0.0428) (96 -0.042) (119 0.04) (117 0.0349) (68 0.0339) (122 -0.0336) (74 0.0324) (80 -0.0318) (64 0.0306) (47 0.0286) (90 -0.0284) (54 -0.0284) (81 -0.0265) (87 -0.0262) (109 0.0259) (63 -0.0253) (121 0.0249) (24 -0.0243) (61 -0.0236) (118 -0.0231) (108 0.0227) (103 -0.0222) (79 0.0219) (101 -0.021) (32 0.0209) (92 0.0199) (124 0.0198) (16 -0.0193) (38 -0.0191) (112 -0.0186) (42 -0.0185) (115 0.0182) (66 -0.0175) (59 0.0174) (83 0.0167) (110 0.0166) (111 -0.0158) (104 -0.0145) (14 -0.0125) (33 -0.0124) (98 0.0122) (13 0.0119) (12 -0.011) (106 0.0104) (21 0.0103) (41 0.0103) (97 -0.0103) (73 0.0101) 
   0.0044113   (71 0.585) (45 0.46) (81 -0.317) (46 0.299) (80 -0.277) (50 -0.173) (83 0.169) (93 -0.155) (87 -0.129) (76 -0.0777) (78 0.0763) (69 -0.0757) (43 0.0743) (79 0.0679) (98 -0.0671) (48 0.0614) (49 -0.0555) (109 -0.0548) (44 0.0505) (67 -0.0503) (97 0.0498) (100 0.0493) (113 0.048) (51 0.0427) (68 0.0422) (105 -0.0406) (107 0.0353) (89 0.0347) (85 -0.0327) (47 0.0314) (72 -0.0313) (77 0.0303) (70 -0.0302) (60 0.0293) (90 0.0288) (75 0.0288) (99 0.0261) (156 0.0261) (74 0.0237) (73 -0.0235) (123 -0.0234) (96 0.0228) (114 0.0223) (54 0.0214) (42 -0.0212) (66 0.0193) (101 -0.0192) (82 -0.0175) (57 0.0174) (122 0.0172) (118 0.017) (115 -0.0165) (119 -0.0159) (117 -0.0155) (20 -0.0146) (41 -0.0132) (91 0.0132) (112 0.0127) (103 0.0126) (65 -0.0125) (88 -0.0124) (64 0.0123) (63 -0.0121) (52 0.0121) (104 0.0116) (35 -0.0107) (40 -0.0105) (39 0.0104) 
   0.0045648   (156 0.999) (45 -0.0275) (46 -0.018) 
   0.0047048   (45 0.645) (71 -0.502) (46 0.424) (80 0.149) (81 0.144) (43 0.134) (79 -0.131) (87 0.0961) (44 0.0912) (109 0.0762) (83 -0.074) (47 0.0693) (69 0.0663) (40 -0.0624) (90 0.059) (67 0.0578) (68 -0.0378) (113 -0.0366) (98 0.0362) (48 0.0348) (85 0.0343) (100 -0.0339) (76 0.0337) (105 0.03) (38 -0.0296) (96 -0.0281) (78 -0.026) (49 -0.0258) (37 0.0248) (66 -0.0248) (42 -0.0236) (15 0.0235) (75 -0.0233) (57 -0.0233) (156 0.0232) (123 0.0219) (72 0.0218) (86 -0.0209) (114 -0.02) (73 0.0198) (39 0.0195) (122 -0.0194) (70 0.0192) (118 -0.0191) (14 -0.0177) (63 0.0171) (64 -0.0169) (93 -0.0163) (115 0.0154) (110 -0.0141) (117 0.0141) (54 -0.0137) (35 -0.0135) (112 -0.0134) (97 -0.0131) (107 -0.0127) (60 -0.0125) (24 -0.0122) (56 0.0121) (101 0.012) (99 -0.0118) (55 -0.0115) (82 -0.0111) (84 -0.011) (102 0.0104) (36 -0.0101) 
   0.0047419   (20 0.95) (136 -0.277) (21 0.104) (19 -0.0519) (24 -0.0442) (15 -0.0334) (22 -0.0309) (16 0.0285) (17 0.0211) (23 -0.0179) (7 0.0145) (45 0.0143) (35 0.0136) (30 0.0123) (27 -0.0116) (36 0.0113) (33 -0.0105) (14 -0.0101) (46 0.01) 
   0.0049351   (136 -0.961) (20 -0.274) (21 -0.03) (19 0.015) (24 0.0128) (7 0.0102) 
   0.0051294   (7 -1) (136 -0.0138) (20 0.0109) 
   0.0053352   (5 -1) 
   0.0054031   (31 -0.445) (27 -0.389) (28 0.362) (32 0.352) (135 -0.306) (37 0.29) (14 0.237) (29 -0.223) (30 -0.195) (35 0.157) (38 -0.117) (39 0.0709) (36 -0.0692) (17 0.0687) (25 -0.0533) (19 0.047) (16 -0.0451) (33 -0.0381) (34 -0.0365) (23 0.0363) (21 -0.0357) (44 0.0309) (40 -0.03) (18 0.029) (77 -0.0276) (26 -0.0254) (47 0.0246) (78 0.0239) (43 -0.0239) (41 0.0235) (15 -0.0217) (11 -0.02) (22 -0.0129) (42 0.0126) (12 -0.0119) (24 0.0108) (72 -0.0103) 
   0.0054183   (135 -0.952) (31 0.143) (27 0.125) (28 -0.117) (32 -0.113) (37 -0.0934) (14 -0.0763) (29 0.0718) (30 0.0628) (35 -0.0504) (38 0.0375) (39 -0.0228) (36 0.0223) (17 -0.0221) (25 0.0172) (19 -0.0152) (16 0.0145) (33 0.0123) (34 0.0117) (23 -0.0117) (21 0.0115) 
   0.0056598   (10 0.764) (17 -0.492) (16 -0.313) (14 0.208) (27 0.0966) (15 -0.0931) (19 -0.083) (21 0.0499) (37 0.0344) (25 0.031) (22 0.0236) (23 -0.0233) (28 -0.0178) (18 -0.0144) (38 -0.0129) (20 0.0114) (35 0.0111) (26 0.0109) (11 -0.0104) 
   0.0057596   (144 0.999) (10 -0.0268) (17 -0.021) (16 -0.0133) 
   0.0060641   (10 0.644) (17 0.589) (16 0.372) (14 -0.224) (27 -0.119) (19 0.103) (15 0.103) (21 -0.0636) (37 -0.0437) (144 0.0381) (25 -0.0373) (23 0.0295) (22 -0.0294) (28 0.0206) (11 0.0188) (18 0.0174) (26 -0.0166) (38 0.0151) (12 0.0145) (31 0.0142) (35 -0.0141) (77 0.013) (20 -0.0123) (30 0.0113) 
   0.0064016   (13 -0.883) (12 0.32) (43 -0.271) (41 0.101) (42 0.0973) (40 0.071) (45 0.0659) (47 0.052) (14 0.049) (50 0.0442) (15 0.0434) (39 -0.0392) (38 0.0311) (37 -0.0304) (44 0.0247) (48 -0.0246) (46 0.016) (36 0.0155) (30 0.0153) (49 0.013) (31 -0.0126) (32 -0.011) (60 -0.0103) (59 0.0101) 
   0.0067819   (143 -0.999) (43 -0.0319) (13 0.0153) (42 0.0109) (41 0.0101) 
   0.0069284   (43 0.776) (13 -0.317) (42 -0.265) (41 -0.246) (40 -0.199) (45 -0.16) (47 -0.13) (39 0.117) (12 0.111) (37 0.103) (38 -0.0952) (50 -0.0903) (44 -0.0779) (48 0.0555) (143 -0.0418) (36 -0.041) (15 0.0407) (46 -0.0357) (74 0.0323) (32 0.0292) (30 -0.029) (14 -0.029) (27 0.0288) (18 -0.0282) (49 -0.0281) (31 0.027) (24 -0.0259) (59 -0.0239) (35 0.0238) (60 0.0206) (21 0.0204) (64 0.0199) (80 0.0195) (79 0.0172) (67 0.0168) (109 0.0162) (61 -0.0162) (56 0.0161) (52 0.0157) (107 0.0154) (55 -0.0145) (81 -0.0145) (84 -0.014) (17 -0.0136) (34 0.0135) (29 0.0127) (68 0.0111) (78 0.0109) (28 -0.0107) (62 0.0107) 
   0.0076398   (12 0.89) (13 0.325) (32 -0.188) (30 0.171) (31 -0.168) (29 -0.0507) (14 0.0447) (36 -0.0345) (41 -0.0253) (33 0.0248) (42 -0.0201) (35 0.0172) (40 -0.0172) (15 0.0163) (66 0.0161) (138 0.0142) (68 0.0122) (37 0.012) (18 0.012) (38 -0.0114) (27 -0.0103) 
   0.0083346   (138 0.992) (32 -0.0684) (30 0.0606) (31 -0.0595) (12 -0.0495) (29 -0.0183) (13 -0.0176) (41 -0.0111) 

 Largest eigenvalues
      78.988   (163 0.235) (164 0.96) 
      28.727   (37 0.448) (47 0.323) (77 0.297) 
      15.536   (77 0.583) (78 -0.478) 
      10.096   (107 0.631) (109 0.626) 
       4.571   (96 -0.289) (120 0.343) (123 0.554) 
      1.4592   (163 0.972) (164 -0.232) 
      1.2239   (162 0.995) 
      1.1473   (165 0.997) 
      1.1418   (91 -0.899) (101 -0.25) 
      1.1351   (101 0.772) (106 0.496) 
      1.1275   (101 0.35) (106 -0.793) 
     0.91927   (111 0.353) (115 -0.767) 
     0.91638   (103 -0.293) (104 0.842) 
     0.86151   (98 -0.41) (99 -0.59) (100 -0.384) 
     0.84845   (111 -0.584) (112 0.308) 
     0.75838   (110 -0.481) (111 0.323) (115 0.368) (124 0.289) 
      0.6712   (110 0.714) (111 0.302) 
     0.67074   (96 -0.751) (97 -0.231) (98 0.225) (99 0.249) (110 0.225) 
     0.66342   (114 -0.489) (125 0.317) (126 0.431) (145 0.378) 
     0.59984   (111 -0.329) (112 -0.557) (114 0.45) 
     0.58781   (108 0.588) (112 0.33) (114 0.509) 
     0.57617   (108 -0.675) (110 -0.289) (112 0.4) 
     0.57302   (114 -0.356) (121 0.354) (123 -0.427) (129 -0.293) (134 0.377) 
      0.5677   (121 -0.325) (122 0.366) (123 0.32) (124 0.544) (134 0.321) 
      0.5614   (118 0.352) (119 -0.389) (120 0.543) 
     0.54622   (117 -0.705) (118 -0.408) 
     0.52885   (116 0.436) (117 0.326) (119 0.316) (122 0.4) (125 0.322) (134 0.318) 
     0.49984   (116 -0.655) (118 0.258) (121 0.25) (124 0.209) (125 0.243) (126 0.273) (129 0.22) (134 0.28) (145 -0.284) 
     0.49365   (116 0.534) (117 -0.323) (126 0.392) (145 -0.335) 
     0.41641   (92 0.972) 
     0.41169   (118 -0.344) (121 -0.352) (129 -0.365) (145 -0.378) 
     0.34777   (94 -0.926) (103 0.214) 
     0.33525   (94 0.331) (103 0.675) (104 0.339) (105 -0.407) 
     0.30275   (102 -0.814) 
     0.29676   (98 -0.414) (113 -0.327) (119 0.25) (129 -0.275) 
     0.24836   (79 -0.346) (87 -0.66) 
      0.2349   (79 0.5) (98 0.5) 
     0.23029   (79 -0.511) (87 0.597) 
      0.2297   (98 -0.35) (107 0.3) (109 -0.316) (113 0.544) 
     0.17955   (90 -0.804) (93 0.41) 
     0.16016   (90 0.369) (97 -0.531) (109 0.336) 
     0.15074   (86 -0.281) (93 -0.622) (97 0.225) (107 -0.269) (109 0.257) (125 0.211) 
     0.13734   (85 -0.587) (86 0.668) 
     0.13048   (89 -0.728) (93 0.339) (97 0.294) 
     0.12467   (79 0.405) (81 0.498) (83 -0.421) 
     0.11818   (76 -0.253) (78 0.249) (80 -0.305) (89 0.252) (97 0.245) 
     0.11256   (59 0.361) (63 -0.27) (68 -0.243) (69 0.348) (76 0.276) 
     0.10742   (58 0.502) (59 -0.578) 
     0.10217   (58 -0.563) (63 0.316) 
    0.094483   (58 0.456) (59 0.338) (97 -0.277) 
    0.090098   (58 -0.403) (59 -0.554) 
    0.080041   (59 0.295) (63 0.589) (83 -0.291) 
    0.078616   (63 -0.464) (64 -0.622) 
     0.07396   (61 -0.48) (62 0.422) (64 0.368) (67 0.284) 
    0.072867   (61 0.66) (64 0.26) (69 -0.221) 
    0.066273   (61 -0.318) (67 -0.237) (76 -0.244) (80 0.24) (83 0.182) (88 0.182) (113 0.228) (118 0.233) (119 0.311) 
    0.063331   (68 0.265) (74 -0.321) (78 0.303) 
    0.061047   (61 -0.238) (62 -0.592) (69 -0.246) (76 0.213) (80 -0.262) (81 0.209) (85 -0.213) 
    0.059003   (62 0.528) (74 0.296) 
    0.055664   (68 0.388) (69 0.327) (72 0.324) 
    0.053363   (66 0.419) (74 -0.342) (80 0.265) (81 -0.33) (100 0.258) 
    0.049758   (66 -0.468) (67 -0.284) (76 0.316) (100 0.267) 
     0.04773   (66 0.427) (67 0.292) (68 0.326) (69 0.283) (74 0.25) 
     0.04625   (74 -0.266) (76 -0.345) (77 -0.212) (80 -0.269) (81 0.321) (83 0.273) (88 0.261) 
    0.044127   (33 -0.29) (34 -0.808) (41 0.389) 
    0.042234   (34 0.44) (41 0.685) (43 0.326) 
    0.041495   (75 -0.432) (85 -0.255) (88 0.26) (100 -0.252) 
    0.040886   (48 -0.422) (51 -0.463) (75 0.392) 
    0.032338   (48 0.366) (49 0.297) (51 0.37) (75 0.571) 
    0.031709   (26 0.7) (29 0.395) 
    0.029444   (18 -0.319) (21 -0.422) (22 0.374) (23 0.305) (26 -0.514) 
    0.027583   (21 0.279) (22 -0.297) (29 0.381) (42 -0.484) (88 -0.288) 
     0.02617   (26 0.338) (29 -0.697) 
    0.021492   (42 0.53) (75 -0.323) (88 -0.446) 
    0.020703   (120 -0.315) (126 -0.301) (131 0.679) (134 0.347) 
    0.020572   (128 -0.578) (160 -0.809) 
    0.019107   (128 -0.577) (160 0.312) (161 0.755) 
    0.017073   (128 -0.577) (160 0.497) (161 -0.647) 
    0.015398   (15 0.923) (16 -0.336) 
    0.014741   (139 -0.996) 
