 1 31.6228
 2 21.5252
 3 1.92922
 4 31.6228
 5 16.0684
 6 10.9872
 7 31.6195
 8 1.0307
 9 31.4156
 10 29.7877
 11 0.982969
 12 27.7746
 13 31.6228
 14 31.5849
 15 0.904165
 16 31.6228
 17 31.5372
 18 1.00322
 19 31.6228
 20 26.7017
 21 5.98352
 22 31.6228
 23 30.2372
 24 2.3921
 25 15.2504
 26 14.8989
 27 1.9672
 28 31.3563
 29 9.79933
 30 12.1363
 31 21.7429
 32 2.87875
 33 27.4468
 34 14.4538
 35 6.95489
 36 16.4344
 37 31.4162
 38 31.5532
 39 1.38729
 40 24.471
 41 31.1027
 42 1.29492
 43 21.7609
 44 28.835
 45 1.90726
 46 31.583
 47 10.7424
 48 22.5929
 49 30.5704
 50 13.1626
 51 13.8247
 52 9.28715
 53 30.6968
 54 16.3302
 55 9.02666
 56 12.0854
 57 29.1823
 58 8.69773
 59 8.49504
 60 11.0522
 61 4.41043
 62 1.33601
 63 20.8243
 64 16.5202
 65 0.968274
 66 21.0514
 67 29.4175
 68 3.74029
 69 31.6176
 70 31.6228
 71 28.6561
 72 4.4703
 73 31.6143
 74 1.36075
 75 31.5655
 76 31.3451
 77 1.37283
 78 29.5695
 79 31.6018
 80 1.9126
 81 31.0559
 82 31.413
 83 14.5544
 84 1.41256
 85 10.1328
 86 1.44205
 87 31.368
 88 1.09548
 89 1.04109
 90 1.24312
 91 2.45693
 92 18.0373
 93 26.887
 94 25.1808
 95 29.8156
 96 30.4884
 97 16.0317
 98 16.2048
 99 8.87791
 100 28.8586
 101 30.6647
 102 10.1903
 103 11.5373
 104 10.8128
 105 10.9111
 106 12.2479
 107 12.3684
 108 12.5047
 109 10.38
 110 8.39131
 111 12.8432
 112 13.9914
 113 13.4223
 114 12.6399
 115 12.7427
 116 11.0031
 117 12.2896
 118 13.2889
 119 11.6735
 120 8.53212
 121 10.7212
 122 6.70946
 123 7.73256
 124 5.52775
 125 5.09787
 126 6.89508
 127 4.48025
 128 8.84818
 129 7.22548
 130 7.231
 131 4.068
 132 4.43846
 133 4.57668
 134 5.84226
 135 2.62601
 136 6.73574
 137 2.84069
 138 2.78639
 139 2.79382
 140 3.03855
 141 2.97793
 142 2.64268
 143 2.75918
 144 3.68065
 145 3.7334
 146 3.33786
 147 2.86534
 148 5.16882
 149 3.80025
 150 3.2204
 151 3.46593
 152 4.72102
 153 4.41696
 154 3.49608
 155 4.36329
 156 4.81304
 157 6.75216
 158 0.136938
 159 0.31987
 160 0.271474
 161 3.74227
 162 4.3841
 163 17.397
 164 25.3586
 165 0.548262
