 1 1000
 2 490.618
 3 22.294
 4 1000
 5 407.243
 6 268.391
 7 999.847
 8 3.79747
 9 991.56
 10 896.277
 11 2.31837
 12 784.349
 13 1000
 14 998.034
 15 0.823796
 16 1000
 17 996.922
 18 3.06775
 19 1000
 20 837.426
 21 159.536
 22 1000
 23 954.182
 24 45.0469
 25 244.591
 26 253.026
 27 17.6616
 28 986.406
 29 194.949
 30 247.313
 31 495.475
 32 57.8958
 33 822.285
 34 215.366
 35 138.695
 36 364.327
 37 988.361
 38 997.5
 39 3.74313
 40 613.258
 41 971.339
 42 1.77289
 43 498.545
 44 864.568
 45 17.6204
 46 998.52
 47 303.243
 48 698.144
 49 947.422
 50 187.667
 51 271.827
 52 172.594
 53 953.804
 54 273.689
 55 160.264
 56 230.167
 57 887.197
 58 87.6833
 59 131.598
 60 191.273
 61 22.3242
 62 1.81363
 63 448.145
 64 319.019
 65 1.66394
 66 487.123
 67 926.774
 68 75.2934
 69 999.82
 70 1000
 71 900.813
 72 98.867
 73 999.618
 74 3.17089
 75 997.937
 76 983.79
 77 3.34509
 78 880.188
 79 999.098
 80 18.3485
 81 980.195
 82 989.973
 83 227.681
 84 2.90759
 85 108.018
 86 2.751
 87 988.992
 88 1.71026
 89 1.63824
 90 1.90466
 91 9.1811
 92 430.749
 93 809.732
 94 727.314
 95 923.406
 96 951.967
 97 304.995
 98 319.981
 99 126.158
 100 873.62
 101 957.421
 102 125.683
 103 149.961
 104 134.473
 105 133.735
 106 160.534
 107 165.676
 108 170.674
 109 127.408
 110 98.107
 111 183.268
 112 205.149
 113 191.151
 114 174.402
 115 183.078
 116 148.013
 117 173.256
 118 195.211
 119 154.613
 120 86.2606
 121 123.587
 122 48.1021
 123 62.6409
 124 37.2164
 125 28.9666
 126 51.936
 127 25.7366
 128 88.8447
 129 65.2877
 130 61.1666
 131 19.974
 132 20.7947
 133 22.331
 134 35.3748
 135 8.44254
 136 46.4542
 137 9.50035
 138 8.85615
 139 8.88958
 140 10.2832
 141 10.5501
 142 8.42671
 143 8.97997
 144 14.8027
 145 14.9377
 146 12.3212
 147 9.85769
 148 28.8163
 149 15.9104
 150 11.7279
 151 13.5463
 152 23.4133
 153 20.6631
 154 13.1568
 155 19.8111
 156 24.0669
 157 46.523
 158 0.140713
 159 0.169618
 160 0.390963
 161 21.8469
 162 24.3166
 163 384.889
 164 706.292
 165 6.50601
