 1 47675
 2 618.509
 3 27.8936
 4 175623
 5 504.17
 6 332.201
 7 471857
 8 39.2458
 9 12941.2
 10 2499.09
 11 3.97562
 12 1646.65
 13 302455
 14 4131.36
 15 0.845185
 16 315905
 17 3659.99
 18 8.93387
 19 119046
 20 2063.82
 21 391.643
 22 164341
 23 3235.41
 24 150.274
 25 264.97
 26 322.939
 27 22.4051
 28 2878.63
 29 247.039
 30 311.646
 31 516.869
 32 71.4778
 33 1020.35
 34 222.135
 35 158.091
 36 417.667
 37 1530.04
 38 2956.81
 39 7.94473
 40 980.287
 41 4312.63
 42 2.12162
 43 676.394
 44 1467.12
 45 29.2481
 46 13020.4
 47 952.439
 48 1858.52
 49 1840.72
 50 191.299
 51 323.781
 52 205.232
 53 2906.34
 54 308.015
 55 214.269
 56 315.132
 57 926.544
 58 88.6292
 59 135.998
 60 199.106
 61 22.4667
 62 1.81485
 63 471.803
 64 323.339
 65 1.67214
 66 494.439
 67 3128.21
 68 253.495
 69 160573
 70 171103
 71 2193.11
 72 237.698
 73 17574
 74 24.5189
 75 14093.5
 76 8355.94
 77 5.66631
 78 1862.6
 79 8796.3
 80 56.372
 81 2694.66
 82 1565.36
 83 244.283
 84 3.02052
 85 137.519
 86 3.1012
 87 4779.44
 88 1.7105
 89 1.63826
 90 1.90497
 91 10.1833
 92 496.126
 93 1645.92
 94 1465.03
 95 2507.3
 96 2383.64
 97 322.259
 98 335.79
 99 127.893
 100 1070.35
 101 1540.65
 102 129.837
 103 153.118
 104 135.783
 105 134.662
 106 161.205
 107 166.391
 108 171.572
 109 128.516
 110 100.059
 111 184.39
 112 206.131
 113 191.898
 114 174.913
 115 183.616
 116 148.964
 117 173.845
 118 195.678
 119 155.631
 120 88.1753
 121 124.242
 122 48.9421
 123 66.87
 124 38.0735
 125 29.7884
 126 52.4648
 127 27.3107
 128 91.4322
 129 66.4792
 130 62.0411
 131 20.333
 132 21.0871
 133 22.7078
 134 36.4038
 135 8.72883
 136 46.8488
 137 9.85084
 138 9.19144
 139 9.232
 140 10.8143
 141 11.2619
 142 8.90455
 143 9.41154
 144 15.2268
 145 15.2688
 146 12.6779
 147 10.3414
 148 29.5865
 149 16.4039
 150 12.0463
 151 13.9083
 152 23.905
 153 21.4457
 154 13.5613
 155 20.1281
 156 24.3243
 157 46.8109
 158 0.175537
 159 0.17687
 160 0.504395
 161 25.8047
 162 26.3464
 163 1055.27
 164 1335.84
 165 7.04308
