 Smallest eigenvalues
  2.0717e-06   (9 -1) 
  3.1655e-06   (51 0.578) (48 -0.572) (49 -0.28) (154 -0.204) (52 -0.189) (55 -0.152) (44 -0.145) (47 -0.135) (14 0.124) (42 -0.113) (77 -0.106) (37 -0.1) (53 0.0994) (54 0.0838) (38 0.0802) (78 0.0798) (50 0.0768) (43 0.0619) (46 0.0603) (27 -0.0602) (56 0.0591) (40 0.0546) (39 -0.0417) (70 0.0374) (68 0.0368) (60 -0.0328) (26 -0.031) (61 0.0286) (35 -0.0267) (64 0.0262) (33 0.0259) (66 0.0257) (17 0.0251) (45 0.0244) (63 -0.0243) (36 0.0243) (65 -0.0236) (41 0.0236) (76 0.0222) (67 -0.0196) (72 0.0187) (32 -0.0185) (30 0.0167) (22 0.0163) (28 0.0155) (75 0.0142) (84 0.0137) (88 0.0133) (73 -0.0133) (25 -0.0131) (80 0.0128) (16 0.0125) (23 0.0124) (11 0.0121) (57 0.012) (20 0.0112) (69 0.011) (71 -0.0106) 
  3.3063e-06   (154 -0.979) (51 -0.12) (48 0.119) (49 0.0582) (52 0.0393) (55 0.0316) (44 0.0303) (47 0.0281) (14 -0.0261) (42 0.0235) (77 0.0216) (37 0.0209) (53 -0.0206) (54 -0.0174) (38 -0.0167) (78 -0.0163) (50 -0.016) (43 -0.0129) (27 0.0126) (46 -0.0126) (56 -0.0123) (40 -0.0114) 
   5.694e-06   (4 1) 
  5.8444e-06   (148 0.63) (47 0.547) (44 -0.348) (46 0.258) (45 -0.173) (37 -0.126) (42 -0.108) (14 0.104) (48 0.0894) (38 0.0867) (77 -0.0694) (39 -0.0677) (27 -0.0648) (40 0.0613) (51 -0.0469) (43 0.0461) (78 0.0346) (49 -0.0332) (53 -0.0305) (35 -0.0276) (52 -0.0264) (56 0.0259) (28 0.0257) (70 0.0228) (17 0.021) (41 -0.0203) (36 0.0202) (60 -0.0197) (33 0.019) (16 0.017) (26 -0.0164) (54 0.0154) (25 -0.0147) (23 0.0127) (20 0.0119) (73 -0.0111) (65 -0.0108) (66 0.0103) (11 0.0103) (68 0.0103) (72 0.0102) 
  6.0849e-06   (148 0.777) (47 -0.443) (44 0.282) (46 -0.209) (45 0.14) (37 0.102) (42 0.0878) (14 -0.084) (48 -0.0725) (38 -0.0703) (77 0.0562) (39 0.0549) (27 0.0526) (40 -0.0497) (51 0.038) (43 -0.0374) (78 -0.028) (49 0.0269) (53 0.0247) (35 0.0224) (52 0.0214) (56 -0.021) (28 -0.0208) (70 -0.0184) (17 -0.0171) (41 0.0165) (36 -0.0164) (60 0.016) (33 -0.0154) (16 -0.0138) (26 0.0133) (54 -0.0125) (25 0.012) (23 -0.0103) 
  6.2252e-06   (1 0.989) (31 0.0734) (29 0.0656) (32 -0.0545) (27 -0.0527) (37 0.0506) (28 0.0427) (35 0.0267) (14 0.0192) (38 -0.0187) (26 -0.0136) (30 -0.0129) (33 -0.0115) 
  8.4001e-06   (155 -0.999) (31 0.0257) (29 0.0228) (27 -0.0194) (32 -0.0189) (37 0.017) (28 0.0149) (14 0.012) 
  2.0975e-05   (31 -0.473) (29 -0.42) (27 0.358) (32 0.348) (37 -0.313) (28 -0.276) (14 -0.22) (35 -0.169) (1 0.149) (38 0.111) (26 0.0915) (30 0.0849) (33 0.0809) (16 -0.064) (25 0.0627) (20 -0.0603) (155 -0.0541) (42 -0.053) (23 -0.0507) (39 -0.0503) (77 0.0494) (17 -0.0451) (22 -0.0443) (36 0.0431) (21 -0.0429) (24 -0.0368) (44 -0.0348) (11 -0.0255) (40 0.0247) (78 -0.0241) (15 -0.0217) (19 -0.0207) (34 -0.0206) (48 -0.0203) (51 0.0172) (49 0.0164) (70 -0.0161) (56 -0.0155) (60 0.0153) (53 0.0142) (54 -0.0131) (57 0.0115) (75 0.0115) (73 0.0104) 
  3.6745e-05   (18 0.695) (46 -0.411) (20 -0.281) (45 0.277) (23 0.223) (21 -0.15) (24 0.149) (44 -0.137) (42 -0.126) (43 0.0997) (47 0.0914) (19 -0.0742) (22 0.0735) (37 -0.0646) (48 0.0568) (38 0.0528) (27 -0.0525) (29 0.0452) (77 -0.0414) (36 0.0412) (30 0.0379) (17 0.037) (78 0.0338) (16 0.0337) (25 0.0304) (15 0.0301) (26 -0.0291) (40 0.029) (35 -0.0249) (53 -0.0243) (34 -0.0224) (14 0.0204) (72 0.0203) (50 0.0195) (74 -0.0194) (39 -0.0193) (68 0.0191) (51 -0.0185) (32 -0.0178) (62 0.0157) (79 0.0147) (70 0.0146) (61 0.0143) (33 0.0141) (67 -0.0131) (56 0.0124) (60 -0.0116) (73 0.0111) 
   7.061e-05   (158 -0.999) (46 -0.0252) (18 -0.0211) (45 0.0166) 
  0.00010387   (46 0.598) (18 0.479) (45 -0.393) (20 -0.214) (44 0.184) (42 0.163) (37 0.133) (21 -0.121) (48 -0.116) (14 -0.115) (47 -0.111) (23 0.108) (43 -0.0901) (38 -0.0873) (39 0.0814) (24 0.0808) (77 0.0801) (40 -0.0651) (27 0.0627) (19 -0.0577) (41 -0.0482) (22 0.0459) (158 -0.0427) (25 0.0403) (78 -0.0391) (28 -0.034) (56 -0.0331) (51 0.0312) (34 -0.0295) (30 0.0279) (68 -0.0268) (35 0.0256) (67 0.0254) (49 0.0252) (70 -0.0251) (54 -0.0239) (53 0.0239) (72 -0.0213) (74 0.0178) (50 -0.0176) (65 0.0165) (60 0.0157) (15 0.0137) (61 -0.0137) (80 -0.0135) (62 -0.0131) (11 -0.0127) (81 0.0126) (57 0.0117) (36 -0.0105) 
  0.00010756   (3 -1) 
  0.00013229   (20 -0.562) (14 0.445) (22 -0.375) (17 0.338) (27 0.252) (21 0.238) (19 -0.193) (23 -0.128) (18 -0.114) (26 0.0975) (25 0.0813) (33 -0.0727) (37 0.06) (38 -0.0592) (30 -0.0484) (28 -0.0448) (44 0.0447) (32 0.0306) (47 0.0301) (11 0.0292) (36 -0.029) (40 -0.0262) (35 0.026) (29 0.0239) (12 -0.0232) (43 -0.022) (46 -0.0193) (77 -0.0181) (39 0.017) (42 0.0155) (31 0.0154) (24 0.0152) (15 -0.0149) (13 0.0134) (57 0.0108) (52 -0.0105) 
  0.00020476   (159 1) 
  0.00022004   (2 1) 
  0.00024558   (21 -0.627) (20 0.444) (14 0.32) (22 -0.309) (27 0.271) (17 0.246) (19 0.162) (18 0.111) (25 0.105) (16 0.0688) (37 0.0645) (26 0.0616) (24 -0.0554) (157 0.0469) (38 -0.0387) (29 0.0319) (32 0.0298) (35 0.0296) (33 -0.0286) (44 0.0261) (36 -0.0243) (11 0.0222) (28 -0.0216) (30 -0.0199) (39 0.0195) (40 -0.0189) (77 -0.0174) (12 -0.0168) (23 -0.0149) (15 0.0135) (47 0.0127) (46 -0.0112) (13 0.0109) (42 0.0101) 
  0.00029169   (157 0.999) (21 0.0294) (20 -0.0208) (14 -0.015) (22 0.0145) (27 -0.0127) (17 -0.0116) 
  0.00030037   (8 -1) 
   0.0003018   (28 -0.767) (150 -0.399) (27 -0.307) (26 -0.244) (14 0.16) (37 0.148) (31 -0.0851) (32 0.0724) (29 0.0651) (35 0.0646) (17 0.0604) (38 -0.0535) (20 0.0525) (48 0.0515) (16 0.0478) (25 -0.0442) (22 0.0423) (39 0.0392) (51 0.0366) (21 0.0361) (24 -0.0345) (23 -0.0324) (42 0.0318) (18 0.0246) (15 0.0227) (49 0.0226) (19 0.0211) (34 0.0196) (75 0.0193) (36 -0.0176) (77 -0.017) (40 -0.0157) (11 0.0147) (78 0.0143) (47 0.0111) (68 0.0101) 
  0.00031402   (150 -0.917) (28 0.334) (27 0.134) (26 0.106) (14 -0.0698) (37 -0.0645) (31 0.037) (32 -0.0315) (29 -0.0283) (35 -0.0281) (17 -0.0263) (38 0.0233) (20 -0.0229) (48 -0.0223) (16 -0.0208) (25 0.0192) (22 -0.0184) (39 -0.017) (51 -0.0159) (21 -0.0157) (24 0.015) (23 0.0141) (42 -0.0138) (18 -0.0107) 
  0.00032055   (6 1) 
  0.00033304   (22 0.576) (27 0.365) (21 0.358) (24 0.286) (20 0.276) (14 0.26) (153 -0.21) (26 0.196) (17 0.168) (18 0.118) (25 0.101) (19 0.0968) (37 0.0937) (16 0.0832) (23 -0.0802) (39 0.0516) (35 0.05) (15 0.0437) (28 -0.0356) (33 0.0324) (38 -0.0324) (32 0.0318) (31 -0.0233) (77 -0.0216) (48 0.0206) (42 0.0201) (73 -0.0165) (11 0.0163) (43 0.0158) (36 -0.0154) (29 0.0143) (30 0.0138) (40 -0.0132) (47 0.0127) (78 0.0123) (56 0.0119) (52 0.0105) 
    0.000334   (153 -0.978) (22 -0.124) (27 -0.0783) (21 -0.0768) (24 -0.0614) (20 -0.0592) (14 -0.0559) (26 -0.042) (17 -0.036) (18 -0.0254) (25 -0.0217) (19 -0.0208) (37 -0.0201) (16 -0.0179) (23 0.0172) (39 -0.0111) (35 -0.0107) 
  0.00034167   (73 -0.521) (57 -0.489) (70 0.413) (74 -0.246) (60 0.207) (66 -0.182) (77 0.166) (52 0.165) (67 0.161) (44 -0.129) (69 -0.0947) (68 -0.0904) (56 0.0854) (47 -0.0796) (43 0.0736) (64 -0.0725) (61 -0.0697) (33 0.0693) (78 -0.0655) (63 0.059) (54 0.0434) (37 0.0413) (46 0.0374) (50 0.0371) (76 -0.0361) (16 -0.0333) (40 0.032) (79 0.0314) (75 0.0311) (51 0.0308) (21 -0.0287) (20 -0.0284) (72 0.0278) (38 0.0241) (14 0.0241) (62 -0.0237) (59 -0.0231) (123 -0.0208) (65 -0.0205) (30 0.0198) (88 0.0195) (18 -0.0193) (39 0.0185) (15 -0.0179) (126 0.017) (121 -0.0164) (36 -0.0161) (120 0.0155) (109 0.0154) (48 0.0146) (84 0.0146) (27 0.0144) (124 0.0139) (100 0.0136) (104 0.0134) (89 -0.0131) (152 -0.0127) (35 0.0126) (91 -0.0124) (55 0.0116) (22 0.0114) (34 -0.0112) (71 0.0109) (42 -0.0109) (106 -0.0107) (41 0.0106) (80 -0.0104) (19 -0.0104) (101 0.0103) 
  0.00036959   (73 0.635) (57 -0.405) (152 -0.243) (74 0.234) (66 -0.227) (67 0.212) (44 -0.174) (68 -0.154) (52 0.137) (47 -0.131) (60 0.124) (72 -0.103) (71 0.101) (49 0.0988) (33 0.0881) (14 0.0862) (64 -0.0857) (43 0.085) (56 0.0842) (70 -0.0749) (63 0.0718) (55 0.0648) (69 -0.0644) (46 0.0585) (38 0.057) (61 -0.0544) (39 0.0469) (40 0.0415) (120 0.0371) (53 -0.0349) (48 -0.0341) (16 -0.0328) (77 -0.0303) (30 0.0297) (79 -0.0271) (22 0.0268) (59 -0.0251) (18 -0.0246) (62 -0.0228) (84 0.0224) (75 -0.0217) (121 0.0212) (32 -0.0208) (20 -0.0193) (15 -0.0168) (127 -0.0161) (51 0.016) (125 -0.016) (21 -0.0159) (88 0.0148) (45 0.0139) (42 -0.0138) (119 -0.0134) (41 0.0134) (17 0.0134) (65 -0.0129) (89 -0.0128) (124 0.0128) (131 -0.0123) (122 0.0121) (23 0.012) (24 -0.0112) (34 -0.0107) (78 0.0104) (80 0.0103) 
  0.00037953   (152 -0.97) (73 -0.152) (57 0.109) (66 0.0592) (74 -0.0554) (67 -0.0552) (44 0.046) (68 0.0396) (52 -0.037) (47 0.0342) (60 -0.0338) (71 -0.0254) (72 0.0254) (49 -0.0249) (33 -0.0234) (43 -0.0227) (64 0.0224) (56 -0.0224) (14 -0.0222) (63 -0.0188) (69 0.0173) (55 -0.0165) (46 -0.0154) (38 -0.0148) (61 0.0146) (70 0.0136) (39 -0.0122) (40 -0.011) 
  0.00044997   (25 -0.952) (24 0.177) (27 0.145) (54 -0.0866) (26 0.0808) (52 0.0635) (21 -0.0522) (53 -0.0504) (56 -0.0497) (14 0.0481) (22 -0.0434) (57 0.034) (47 -0.0327) (49 0.0317) (55 -0.0316) (16 0.0308) (44 -0.0282) (28 -0.0267) (33 0.0234) (17 0.0213) (39 0.0206) (30 0.0163) (77 -0.0153) (46 0.0126) (48 -0.0121) (60 -0.0119) (15 0.0116) (29 -0.0112) (43 0.0106) 
  0.00049523   (147 0.749) (54 -0.376) (52 0.3) (56 -0.228) (53 -0.191) (55 -0.138) (44 -0.137) (57 0.13) (47 -0.116) (49 0.103) (25 0.096) (43 0.0616) (14 0.0598) (33 0.0518) (48 -0.0494) (46 0.0488) (60 -0.0467) (51 0.0466) (38 0.0418) (73 -0.0381) (27 -0.0343) (40 0.0324) (77 -0.0298) (24 -0.0273) (37 -0.0265) (70 0.0251) (50 -0.0224) (42 -0.0195) (16 -0.0166) (78 0.0153) (28 0.0149) (22 0.0148) (26 -0.0147) (71 -0.0139) (67 -0.0138) (61 0.0133) (120 0.0133) (18 -0.0131) (30 0.0123) (66 0.0119) (68 0.0117) (45 0.0115) (32 -0.0112) 
   0.0004995   (147 0.663) (54 0.424) (52 -0.339) (56 0.257) (53 0.216) (55 0.156) (44 0.155) (57 -0.147) (47 0.131) (49 -0.117) (25 -0.103) (43 -0.0696) (14 -0.0678) (33 -0.0586) (48 0.0559) (46 -0.0551) (60 0.0528) (51 -0.0526) (38 -0.0472) (73 0.043) (27 0.038) (40 -0.0366) (77 0.0336) (37 0.0299) (24 0.0299) (70 -0.0283) (50 0.0253) (42 0.022) (16 0.0186) (78 -0.0173) (28 -0.0166) (22 -0.0165) (26 0.0162) (71 0.0157) (67 0.0156) (61 -0.015) (120 -0.0148) (18 0.0147) (30 -0.014) (66 -0.0135) (68 -0.0132) (45 -0.013) (32 0.0127) (64 -0.0104) (63 0.0101) (15 0.0101) 
  0.00050485   (53 0.643) (55 0.491) (39 -0.359) (52 0.273) (57 0.16) (54 -0.143) (44 -0.138) (40 0.129) (37 0.118) (47 -0.0827) (38 -0.0808) (43 0.0704) (49 0.0685) (60 -0.0606) (56 0.0545) (42 -0.0528) (48 -0.0461) (77 -0.0459) (46 0.0434) (70 0.04) (41 -0.0357) (78 0.0253) (36 -0.0218) (50 -0.0211) (151 -0.0188) (27 0.0173) (73 -0.0161) (35 0.0159) (61 0.015) (45 0.0144) (71 -0.0143) (69 -0.0138) (20 -0.0123) (51 0.0122) (21 -0.0113) 
  0.00050897   (151 -0.968) (39 0.194) (37 -0.077) (38 0.0627) (53 0.0613) (40 -0.054) (55 0.0509) (52 0.0317) (33 0.0296) (14 0.0264) (27 -0.0199) (57 0.0172) (42 0.0166) (41 0.0165) (44 0.0155) (49 -0.0135) (77 -0.0126) (54 -0.0103) (73 -0.0102) (35 -0.0101) 
  0.00055987   (39 -0.726) (37 0.29) (53 -0.287) (151 -0.249) (38 -0.238) (55 -0.235) (40 0.2) (52 -0.144) (33 -0.115) (14 -0.103) (57 -0.0785) (27 0.0758) (41 -0.0614) (42 -0.0606) (77 0.0527) (54 0.0508) (44 -0.0499) (49 0.0476) (73 0.0413) (56 -0.0409) (35 0.038) (60 0.0355) (48 -0.0344) (28 -0.0327) (70 -0.028) (78 -0.028) (23 -0.0277) (26 0.0248) (36 -0.0245) (24 0.0244) (29 -0.0242) (51 -0.0236) (43 0.0231) (71 0.0218) (32 0.0213) (47 -0.0194) (34 0.0185) (18 0.0176) (50 -0.0157) (68 -0.015) (45 0.0144) (31 -0.014) (67 0.0134) (66 -0.012) (22 -0.0107) (17 -0.0106) 
   0.0005726   (70 -0.831) (57 -0.279) (73 -0.251) (71 -0.219) (52 0.155) (49 -0.134) (69 0.132) (72 0.0944) (60 0.0905) (74 -0.073) (51 0.0712) (48 0.068) (50 0.0573) (76 -0.0528) (75 0.0457) (68 0.0452) (44 -0.0451) (43 0.0394) (33 0.0376) (65 -0.0375) (149 0.0327) (55 0.0317) (54 -0.0314) (78 0.029) (84 0.0289) (61 -0.0287) (37 0.0286) (56 0.0238) (40 0.0229) (124 0.0209) (21 -0.0207) (16 -0.0194) (20 -0.0185) (88 0.0181) (47 -0.0162) (79 -0.0139) (126 0.0137) (127 -0.0137) (36 -0.0127) (46 0.012) (90 0.0117) (123 -0.0113) (14 0.0113) (120 0.011) (125 -0.0107) (97 -0.0105) 
  0.00061583   (149 0.853) (49 0.361) (48 -0.155) (52 -0.146) (51 -0.142) (44 -0.117) (50 -0.114) (54 0.114) (47 -0.0984) (73 -0.0701) (14 0.0475) (46 0.042) (70 -0.0415) (39 0.0368) (38 0.0364) (43 0.0362) (71 -0.0352) (33 0.0352) (77 -0.0335) (37 -0.0325) (45 0.0275) (53 0.0257) (67 -0.0249) (68 0.0247) (66 0.0224) (72 0.0218) (27 -0.0191) (55 -0.0184) (78 0.0183) (42 -0.0176) (40 0.015) (57 0.0146) (74 -0.0141) (22 0.0121) (64 0.0109) (69 0.0109) (32 -0.0106) (24 -0.0105) (30 0.0102) (23 0.0102) 
  0.00065932   (49 -0.583) (149 0.521) (48 0.249) (52 0.229) (51 0.229) (44 0.195) (54 -0.185) (50 0.183) (47 0.162) (73 0.131) (70 0.12) (14 -0.0786) (71 0.0716) (46 -0.0697) (43 -0.062) (33 -0.0603) (38 -0.0602) (39 -0.0596) (77 0.0556) (37 0.0512) (45 -0.0448) (68 -0.0435) (53 -0.0427) (72 -0.0416) (67 0.0414) (66 -0.0363) (78 -0.0319) (27 0.0308) (42 0.029) (55 0.0281) (74 0.0276) (69 -0.0263) (40 -0.0262) (22 -0.0202) (64 -0.0178) (32 0.0177) (30 -0.0173) (24 0.0172) (23 -0.017) (18 0.0163) (16 0.0156) (63 0.0154) (79 0.015) (65 0.0129) (120 -0.0122) (76 0.011) (75 -0.0106) (26 0.0105) (56 -0.0104) 
  0.00073013   (38 0.781) (37 0.371) (39 -0.18) (22 0.173) (24 -0.149) (23 0.148) (44 0.135) (21 -0.129) (43 -0.127) (33 0.123) (40 -0.116) (20 -0.109) (36 -0.0981) (18 -0.0977) (16 -0.0828) (14 0.0718) (27 0.0611) (47 0.0551) (35 0.0493) (19 -0.0446) (41 -0.0442) (52 -0.0435) (15 -0.0392) (57 0.0344) (26 0.0281) (46 -0.0259) (34 -0.0247) (25 -0.0209) (30 0.0176) (56 -0.0163) (31 -0.0143) (17 0.0142) (28 -0.0112) (54 -0.0107) (77 0.0106) 
    0.000803   (22 0.475) (23 0.428) (24 -0.427) (38 -0.3) (21 -0.262) (33 -0.242) (18 -0.209) (20 -0.198) (14 0.176) (37 -0.132) (16 -0.112) (30 -0.0955) (19 -0.0854) (27 0.0754) (25 -0.0709) (26 0.0584) (15 -0.0545) (32 0.0531) (17 0.0485) (143 -0.0412) (36 0.0409) (34 0.0327) (35 -0.0309) (28 -0.0263) (44 0.024) (39 0.0216) (11 0.0151) (142 -0.0144) (49 -0.014) (40 0.0139) (47 0.0127) (31 0.0127) (12 -0.0124) (29 -0.0122) 
  0.00091598   (143 -0.936) (142 -0.318) (141 0.143) (140 0.0252) (22 -0.022) (23 -0.0198) (24 0.0198) (21 0.0124) 
  0.00097165   (52 -0.41) (47 -0.406) (44 -0.404) (48 0.364) (49 -0.325) (16 -0.244) (43 0.194) (51 -0.164) (57 0.144) (50 0.136) (46 0.129) (14 0.11) (17 -0.109) (56 -0.104) (33 0.0948) (37 0.0887) (39 0.0719) (15 -0.0716) (53 0.0597) (40 0.0537) (41 0.0512) (77 0.0487) (54 -0.0449) (27 0.0394) (60 -0.0336) (36 -0.03) (42 0.0293) (35 0.0256) (30 0.0237) (38 0.0218) (78 -0.0216) (34 -0.0163) (18 0.0132) (84 0.0132) (31 -0.0132) (20 -0.013) (65 0.013) (74 -0.013) (21 -0.0127) (22 -0.0119) (26 0.0114) (120 0.0113) (68 -0.0108) (55 -0.0105) (71 0.0103) 
   0.0010546   (16 -0.722) (17 -0.421) (14 0.306) (15 -0.191) (18 0.164) (44 0.151) (47 0.129) (33 -0.123) (20 0.123) (21 0.106) (22 -0.101) (52 0.0916) (48 -0.0896) (43 -0.0804) (49 0.0749) (24 0.052) (30 -0.0494) (23 -0.0483) (19 0.0481) (46 -0.0462) (39 -0.0385) (51 0.0379) (50 -0.0361) (38 -0.0328) (40 -0.0277) (57 -0.0268) (32 0.0254) (37 -0.0229) (56 0.0225) (12 -0.0208) (27 0.0201) (11 0.02) (41 -0.02) (28 -0.019) (34 0.0163) (25 -0.0139) (77 -0.0135) (35 -0.0132) (13 0.0129) (31 0.0116) (53 -0.0112) (54 0.011) (36 0.0104) (26 0.0104) 
   0.0011582   (146 -0.998) (141 0.0448) (142 -0.0356) (143 0.022) (140 0.0171) 
    0.001187   (54 0.69) (52 0.384) (33 0.366) (56 -0.312) (57 0.229) (36 0.144) (35 0.0931) (53 -0.0835) (38 -0.0806) (50 0.074) (30 0.0679) (34 -0.0589) (51 0.0537) (16 -0.0537) (39 -0.0508) (48 0.0495) (14 0.0494) (21 -0.0481) (49 -0.0466) (77 0.0445) (60 -0.0436) (44 -0.0404) (20 -0.0402) (47 -0.0396) (32 -0.039) (18 -0.037) (15 -0.0294) (22 0.0231) (78 -0.0226) (24 -0.0208) (71 0.0198) (46 0.0193) (68 -0.0186) (137 -0.0177) (19 -0.0162) (23 0.0161) (67 0.0158) (73 0.0147) (66 -0.0143) (72 0.0123) (43 0.0123) (61 0.0109) (28 0.0104) (79 0.01) 
   0.0013758   (33 0.676) (36 0.365) (54 -0.302) (52 -0.223) (38 -0.192) (44 0.189) (35 0.167) (39 -0.155) (43 -0.132) (137 -0.128) (56 0.126) (37 -0.12) (30 0.112) (14 0.109) (34 -0.107) (32 -0.0744) (57 -0.0739) (47 0.0735) (40 -0.0663) (16 -0.0489) (18 -0.0458) (51 -0.0426) (21 -0.0423) (53 0.0419) (41 -0.0402) (46 -0.0395) (22 0.0368) (24 -0.0354) (20 -0.0319) (27 -0.0303) (50 -0.029) (23 0.0285) (28 0.0269) (15 -0.0233) (77 -0.023) (29 0.0219) (17 0.0178) (42 0.0164) (26 -0.0157) (73 -0.0152) (60 0.0147) (19 -0.0145) (78 0.0122) (70 0.0109) (11 0.0106) 
   0.0015095   (137 -0.991) (33 -0.094) (36 -0.0497) (54 0.0268) (38 0.0261) (141 -0.0252) (44 -0.0234) (35 -0.0232) (52 0.0217) (39 0.0209) (43 0.0166) (142 0.0164) (140 -0.0162) (30 -0.0157) (37 0.0154) (14 -0.0151) (34 0.015) (56 -0.0108) (32 0.0103) 
   0.0015269   (11 0.952) (35 -0.27) (33 0.0613) (37 0.0589) (30 0.0544) (36 -0.0448) (14 -0.0445) (38 -0.0394) (32 -0.0383) (133 -0.0309) (34 0.0166) (44 0.0153) (15 -0.0151) (40 -0.0119) (72 -0.0107) 
   0.0016225   (133 -0.836) (35 -0.464) (11 -0.184) (33 0.109) (37 0.0937) (30 0.0861) (36 -0.0778) (14 0.0721) (32 -0.0631) (38 -0.0628) (27 -0.0383) (34 0.0262) (44 0.0256) (40 -0.0198) (42 0.0169) (28 0.0157) (17 0.0156) (22 0.0139) (55 -0.0133) (46 -0.0119) (45 -0.0117) (26 -0.0117) (43 -0.011) 
   0.0018968   (35 0.721) (133 -0.549) (11 0.227) (33 -0.17) (37 -0.146) (30 -0.134) (36 0.121) (14 -0.107) (32 0.0982) (38 0.0978) (27 0.0589) (34 -0.0408) (44 -0.0398) (40 0.0308) (42 -0.0262) (17 -0.0243) (28 -0.0241) (22 -0.0215) (55 0.0207) (46 0.0187) (45 0.0184) (26 0.018) (43 0.0172) (47 -0.0149) (19 0.0143) (53 -0.0135) (20 -0.0125) (77 0.0123) (51 0.012) (29 0.0112) (18 0.0109) (48 -0.0108) 
   0.0020037   (30 0.727) (32 -0.507) (33 -0.219) (55 -0.189) (53 0.153) (35 0.153) (29 -0.138) (34 0.122) (28 -0.0842) (37 -0.0792) (50 -0.0675) (71 -0.0639) (27 0.0617) (51 -0.0524) (31 -0.0514) (52 0.0416) (16 -0.0363) (49 -0.0359) (72 0.0342) (74 0.0332) (18 -0.0322) (69 -0.0258) (60 0.0246) (68 0.0242) (47 0.0238) (48 0.0229) (21 -0.0229) (40 -0.0225) (25 0.0219) (56 -0.0207) (130 0.0202) (24 -0.0189) (26 0.0187) (41 0.0186) (57 -0.0185) (46 -0.0174) (43 -0.0172) (73 0.0172) (78 -0.0169) (42 0.0162) (77 0.0142) (70 0.0139) (65 0.0138) (19 -0.0133) (39 -0.013) (20 -0.0126) (44 0.0126) (38 0.0112) (84 0.01) 
   0.0021064   (71 -0.614) (68 0.319) (74 0.319) (72 0.279) (130 0.264) (78 -0.22) (69 -0.198) (67 -0.178) (70 0.17) (77 0.147) (55 0.141) (53 -0.126) (73 0.0957) (60 0.0876) (66 0.072) (57 -0.0696) (56 0.0609) (51 0.0603) (41 0.0586) (83 -0.0577) (62 0.0574) (80 -0.0528) (64 0.0459) (30 -0.0339) (47 -0.0339) (33 0.0335) (63 -0.0329) (86 -0.0312) (107 -0.0293) (40 0.027) (44 -0.0256) (61 0.0255) (48 0.0229) (42 -0.0223) (85 -0.0219) (59 0.0217) (109 -0.0208) (46 0.0203) (52 0.0195) (96 0.0182) (37 0.018) (54 0.0172) (120 -0.0171) (84 0.017) (89 -0.0168) (32 0.0158) (87 -0.0153) (65 -0.0141) (81 0.0137) (79 0.0129) (35 -0.0124) (58 -0.0123) (16 -0.0115) (93 -0.0111) (134 -0.011) (100 0.011) (75 -0.0109) (127 0.0107) (124 -0.0103) 
    0.002218   (130 0.572) (55 0.521) (53 -0.405) (71 0.209) (50 0.195) (30 0.173) (74 -0.117) (32 -0.115) (72 -0.114) (69 0.0967) (51 0.0889) (52 -0.0874) (56 0.0787) (49 0.0756) (60 -0.0714) (57 0.0692) (73 -0.0674) (48 -0.0526) (42 -0.052) (65 -0.0515) (68 -0.0508) (78 0.0489) (70 -0.0438) (34 0.0433) (77 -0.0376) (33 -0.0375) (46 0.0369) (41 0.0352) (84 -0.0326) (47 -0.0311) (29 -0.0308) (43 -0.0275) (81 -0.0252) (28 -0.0242) (67 0.0231) (54 -0.0226) (45 0.0185) (88 0.0185) (64 0.0183) (127 0.0175) (18 -0.017) (80 0.0166) (120 -0.0165) (27 0.0163) (134 0.0163) (14 0.0157) (124 -0.0143) (63 -0.0137) (16 -0.0135) (131 0.0129) (37 -0.0129) (31 -0.0126) (90 -0.0124) (35 0.0123) (107 0.0107) (123 0.0104) (15 -0.0102) 
   0.0023511   (130 0.773) (55 -0.428) (53 0.338) (50 -0.143) (30 -0.135) (32 0.0926) (51 -0.0851) (56 -0.0785) (68 -0.0721) (71 0.0569) (52 0.0566) (49 -0.0529) (134 0.0479) (41 -0.0468) (42 0.0457) (67 0.0438) (65 0.0424) (131 0.0398) (78 0.0386) (47 0.0341) (46 -0.0338) (34 -0.0337) (48 0.0302) (64 -0.0291) (57 -0.0266) (70 -0.026) (66 -0.0248) (29 0.0242) (74 -0.0231) (77 -0.0223) (60 0.022) (33 0.0218) (63 0.0213) (43 0.0192) (83 0.0192) (28 0.0191) (84 0.0182) (73 0.0167) (127 0.0159) (27 -0.0152) (16 0.015) (81 0.0138) (88 -0.0136) (18 0.0136) (14 -0.0127) (44 0.0127) (62 -0.0125) (85 0.0123) (86 0.0122) (72 -0.0115) (79 -0.0114) (45 -0.0113) (31 0.0111) (54 0.0106) 
   0.0025991   (24 0.591) (21 -0.46) (23 -0.319) (22 0.258) (18 -0.258) (20 -0.242) (56 -0.22) (27 -0.141) (15 -0.114) (33 -0.0948) (25 0.0873) (52 -0.0812) (16 -0.0721) (57 -0.0679) (37 -0.0623) (30 -0.0547) (26 -0.0538) (44 0.0529) (19 -0.052) (55 0.051) (47 0.0351) (36 0.0343) (53 0.0339) (60 0.0334) (43 -0.0301) (29 -0.0289) (35 -0.0272) (77 -0.0271) (13 0.0221) (12 -0.0205) (46 -0.0197) (48 -0.0197) (54 -0.0176) (42 0.0159) (14 0.0157) (39 -0.0151) (70 0.015) (34 0.0143) (120 -0.0135) (65 -0.0128) (74 0.0119) (124 0.0113) (68 0.0111) (71 -0.0105) (78 0.0104) 
   0.0026573   (60 -0.865) (56 0.31) (61 0.188) (57 -0.187) (55 -0.121) (52 0.118) (77 0.103) (47 -0.0708) (21 -0.0658) (24 0.0623) (59 -0.0568) (132 0.0555) (78 -0.0514) (54 0.044) (20 -0.0417) (48 0.0414) (71 -0.0376) (51 -0.0374) (46 0.0354) (18 -0.0346) (23 -0.0341) (22 0.0319) (62 0.0315) (79 0.0313) (53 -0.0269) (15 -0.025) (84 -0.0232) (16 -0.0224) (44 -0.0218) (108 -0.0209) (109 0.0202) (43 0.0197) (107 0.0181) (124 0.0176) (69 -0.0172) (64 0.0166) (33 0.016) (80 -0.0156) (72 -0.0156) (74 -0.0145) (49 0.014) (125 -0.0138) (66 -0.0137) (119 -0.0136) (73 -0.0131) (50 0.0124) (65 -0.012) (123 0.0113) (90 -0.0112) (76 -0.011) (68 0.011) (25 0.011) (118 0.0109) (40 0.0104) (19 -0.0103) (82 0.01) 
   0.0027282   (132 0.762) (56 0.453) (57 0.278) (60 0.203) (52 0.124) (50 -0.121) (55 -0.0908) (53 -0.0862) (21 -0.084) (24 0.0816) (44 -0.0565) (20 -0.0514) (43 0.0497) (47 -0.0471) (18 -0.0444) (61 -0.0442) (23 -0.0431) (22 0.0409) (48 0.0403) (77 0.038) (131 -0.0376) (42 0.0338) (51 0.0327) (70 -0.0305) (16 -0.0304) (65 0.0297) (71 0.0281) (68 -0.0274) (33 0.0219) (41 0.0214) (15 -0.0213) (64 -0.0192) (84 0.0191) (37 0.019) (74 -0.0187) (120 0.0179) (67 0.0175) (59 0.0171) (40 0.0171) (54 0.017) (25 0.0161) (19 -0.0144) (78 -0.0133) (49 -0.0126) (63 0.0123) (45 -0.0123) (27 -0.0114) 
   0.0028791   (132 0.642) (56 -0.564) (57 -0.312) (60 -0.165) (52 -0.157) (50 0.142) (55 0.118) (21 0.105) (53 0.104) (24 -0.102) (44 0.0688) (20 0.0646) (47 0.0622) (43 -0.0605) (18 0.0557) (23 0.054) (77 -0.0535) (48 -0.0514) (22 -0.0512) (42 -0.0396) (16 0.038) (70 0.0359) (61 0.0359) (51 -0.0351) (65 -0.0341) (124 0.0315) (68 0.0315) (71 -0.0302) (131 -0.0297) (120 -0.0292) (15 0.0276) (33 -0.0274) (41 -0.0244) (54 -0.0241) (74 0.0234) (37 -0.0226) (84 -0.0215) (64 0.0213) (40 -0.0211) (67 -0.0209) (25 -0.02) (78 0.0199) (125 -0.0194) (122 0.0185) (19 0.018) (123 0.0165) (59 -0.0153) (45 0.0149) (63 -0.0147) (107 0.0143) (27 0.0139) (49 0.0136) (127 -0.0128) (39 -0.0105) (66 0.01) 
   0.0035769   (40 0.851) (39 0.237) (65 -0.226) (41 -0.176) (44 0.16) (43 -0.139) (66 -0.137) (84 -0.136) (67 0.106) (57 0.0794) (64 0.0747) (37 0.0728) (33 0.0613) (38 0.0534) (63 -0.0531) (87 0.0399) (47 0.0391) (52 -0.0351) (71 -0.0333) (42 -0.0331) (129 0.0277) (30 0.0274) (50 0.0263) (69 -0.0262) (51 -0.0259) (32 -0.0252) (55 -0.0251) (16 -0.022) (96 0.0206) (73 -0.0177) (15 0.0172) (90 0.0156) (21 -0.0152) (77 -0.0148) (107 -0.0143) (53 0.014) (91 0.0139) (109 -0.013) (20 -0.0128) (27 0.0122) (127 -0.0118) (24 -0.0118) (78 0.0112) (14 0.0107) (29 -0.0106) (46 -0.0104) (82 0.0104) 
   0.0037484   (84 -0.86) (129 0.326) (65 0.181) (87 0.17) (127 -0.125) (66 0.117) (67 -0.0946) (90 0.0713) (57 -0.0713) (77 -0.0678) (64 -0.0599) (107 -0.0594) (85 0.0539) (40 -0.0483) (109 -0.0448) (63 0.0424) (96 0.0403) (44 -0.0403) (92 0.0392) (52 0.0385) (86 -0.038) (60 0.0371) (91 0.0357) (120 0.0331) (43 0.0327) (78 0.028) (123 -0.0273) (47 -0.0272) (103 -0.0258) (88 0.0245) (50 -0.0226) (69 0.021) (56 0.0206) (126 0.02) (93 -0.0195) (39 -0.0194) (94 -0.0192) (83 0.0185) (41 0.0171) (89 -0.0169) (79 0.0168) (48 0.0167) (42 0.0149) (72 -0.0144) (54 0.0141) (102 0.0138) (49 -0.0134) (33 0.0133) (112 0.0131) (114 0.0115) (61 -0.0115) (51 0.0114) (70 0.0109) (105 -0.0108) (55 -0.0105) (111 -0.0104) (101 -0.01) 
   0.0039303   (129 0.658) (84 0.387) (65 0.382) (66 0.244) (127 -0.235) (40 0.199) (67 -0.19) (64 -0.121) (50 0.0965) (63 0.0849) (71 0.0843) (87 -0.084) (57 -0.0827) (39 0.0598) (69 0.052) (77 0.0473) (41 -0.0463) (90 -0.0446) (43 -0.0346) (78 -0.0331) (73 0.0319) (96 -0.0299) (107 0.0297) (42 -0.0294) (109 0.029) (85 -0.0287) (91 -0.0281) (52 0.0259) (74 -0.024) (33 0.021) (49 0.0202) (76 0.0188) (37 0.0184) (92 -0.0183) (86 0.0178) (48 -0.0174) (38 0.017) (68 -0.016) (103 0.0156) (46 0.0155) (45 0.0155) (44 0.015) (56 0.0148) (60 0.0137) (94 0.013) (14 0.0127) (51 -0.0122) (70 0.0121) (82 -0.0119) (30 0.0118) 
   0.0040647   (129 0.591) (65 -0.519) (66 -0.332) (67 0.26) (40 -0.237) (127 -0.2) (64 0.165) (57 0.129) (63 -0.116) (50 -0.095) (71 -0.0912) (69 -0.0688) (39 -0.0676) (84 0.0572) (41 0.0507) (52 -0.0494) (73 -0.0373) (60 -0.0364) (33 -0.0344) (56 -0.028) (43 0.0266) (37 -0.0257) (42 0.0256) (38 -0.0251) (76 -0.0228) (74 0.0211) (46 -0.0206) (78 0.0203) (70 -0.0195) (79 -0.0175) (14 -0.017) (109 -0.0161) (61 0.016) (47 0.0151) (30 -0.0151) (68 0.015) (21 0.0146) (45 -0.0142) (49 -0.0141) (96 0.0137) (75 0.0132) (77 -0.013) (93 0.013) (83 -0.0124) (16 0.0121) (91 0.0119) (59 0.0119) (82 0.011) (120 -0.011) (90 0.0108) (20 0.0103) (80 0.0102) 
     0.00411   (105 0.593) (96 -0.324) (103 0.281) (123 -0.261) (101 0.205) (110 -0.195) (108 -0.192) (106 -0.172) (107 -0.167) (98 -0.155) (112 -0.154) (119 -0.152) (122 0.141) (99 -0.141) (120 -0.138) (117 -0.127) (102 -0.112) (97 -0.0967) (114 -0.0878) (121 0.0794) (111 -0.0735) (109 -0.07) (50 0.0688) (91 0.0573) (124 -0.0544) (115 -0.0524) (94 0.0503) (90 -0.0492) (100 -0.044) (116 -0.0319) (113 -0.0307) (84 -0.0298) (82 -0.0283) (72 -0.0261) (118 0.0235) (71 -0.0234) (55 -0.0222) (92 -0.0218) (93 -0.021) (51 -0.0201) (89 0.0155) (60 0.0149) (80 -0.0145) (65 -0.0141) (85 -0.014) (81 -0.014) (56 0.0138) (125 -0.0129) (79 0.0117) (53 0.0117) (86 0.0106) (83 0.0104) (49 0.0103) 
   0.0042619   (142 0.784) (141 0.593) (143 -0.175) (140 0.0447) (123 -0.0227) (96 0.0133) (105 -0.0111) (122 0.0105) 
   0.0043732   (50 0.837) (55 -0.226) (51 -0.214) (49 0.151) (56 0.145) (53 0.122) (48 -0.119) (72 -0.116) (71 -0.107) (60 0.0979) (40 -0.0919) (57 0.089) (65 -0.0833) (42 -0.0774) (52 0.0768) (123 0.071) (45 0.0699) (15 -0.0652) (84 -0.061) (107 0.0571) (46 0.0554) (82 -0.0507) (105 -0.0504) (119 0.0444) (43 -0.0438) (96 -0.0421) (64 0.0395) (122 -0.0385) (120 0.0352) (117 0.034) (80 -0.0319) (63 -0.031) (109 0.0294) (68 0.0291) (74 0.0286) (66 -0.0277) (90 -0.0275) (54 -0.0266) (124 0.026) (87 -0.026) (47 0.0256) (81 -0.0253) (121 -0.0236) (108 0.0224) (103 -0.0224) (79 0.0223) (32 0.0214) (101 -0.021) (24 0.0209) (92 0.0199) (38 -0.0194) (112 -0.0188) (59 0.0184) (115 0.0178) (61 -0.0167) (83 0.0164) (111 -0.016) (110 0.0157) (118 -0.0155) (16 0.0149) (41 -0.0148) (33 -0.0136) (104 -0.0132) (23 -0.0131) (14 -0.0121) (73 0.0121) (44 0.0119) (12 -0.0117) (13 0.0113) (98 0.0111) (97 -0.0102) (106 0.0101) 
   0.0044087   (72 -0.552) (45 0.458) (81 -0.31) (46 0.294) (80 -0.286) (71 -0.217) (50 -0.176) (83 0.165) (93 -0.154) (87 -0.129) (78 0.0777) (76 -0.0756) (79 0.0739) (98 -0.071) (42 -0.0662) (48 0.0654) (44 0.0576) (69 0.0552) (49 -0.0551) (109 -0.0518) (113 0.0514) (97 0.049) (100 0.0469) (105 -0.0398) (107 0.0394) (67 -0.0374) (89 0.0351) (66 0.0327) (51 0.0326) (68 0.0322) (85 -0.0318) (43 -0.0309) (70 0.0306) (60 0.0302) (90 0.0294) (47 0.029) (75 0.0281) (156 0.0255) (123 -0.0238) (41 -0.0235) (96 0.0233) (73 -0.0223) (54 0.022) (74 0.0201) (114 0.0196) (99 0.0195) (101 -0.0188) (119 -0.0184) (82 -0.0183) (122 0.0172) (77 0.0171) (57 -0.0171) (115 -0.0163) (117 -0.0157) (64 0.0156) (91 0.0147) (63 -0.0144) (65 -0.0144) (118 0.0139) (103 0.0132) (52 0.0131) (19 0.0127) (104 0.0123) (112 0.0114) (39 0.0114) (88 -0.0105) (35 -0.0103) (110 0.0101) 
   0.0045475   (156 0.999) (45 -0.0276) (46 -0.0179) 
      0.0047   (45 0.647) (72 0.471) (46 0.423) (71 0.178) (80 0.15) (81 0.139) (79 -0.133) (42 -0.112) (44 0.0994) (87 0.0954) (109 0.0744) (83 -0.0718) (43 -0.0713) (47 0.0651) (40 -0.0624) (90 0.0595) (69 -0.0481) (67 0.0428) (66 -0.041) (113 -0.0396) (98 0.0382) (48 0.0374) (85 0.0351) (100 -0.0326) (76 0.0313) (38 -0.0304) (105 0.0293) (96 -0.0279) (41 -0.0272) (68 -0.0272) (49 -0.026) (156 0.0238) (15 -0.0237) (37 0.0237) (57 0.0233) (78 -0.0227) (75 -0.0218) (39 0.0214) (123 0.0214) (64 -0.0208) (63 0.0199) (70 -0.0193) (86 -0.0191) (122 -0.0185) (107 -0.0184) (73 0.0183) (114 -0.0181) (118 -0.0177) (14 -0.0176) (93 -0.0162) (115 0.0154) (117 0.0152) (110 -0.0146) (54 -0.0135) (35 -0.0135) (60 -0.0132) (97 -0.0128) (112 -0.0124) (56 0.0118) (101 0.0117) (65 0.0112) (84 -0.0112) (55 -0.0109) (82 -0.0105) (104 -0.0103) (102 0.0102) (119 0.01) 
   0.0047234   (19 -0.909) (20 0.306) (136 -0.27) (15 0.0362) (23 -0.0315) (16 -0.0273) (18 0.0251) (17 0.0229) (24 0.0211) (21 -0.0193) (7 -0.0165) (45 0.0133) (35 0.0129) (30 -0.0113) (36 0.0108) (14 -0.0104) 
   0.0049336   (136 -0.963) (19 0.255) (20 -0.0859) (15 -0.0102) 
   0.0051321   (7 1) (19 -0.0136) (136 -0.0113) 
   0.0053381   (5 -1) 
   0.0053945   (29 -0.401) (27 -0.375) (28 0.364) (31 -0.329) (32 0.323) (135 0.311) (37 0.279) (14 0.235) (30 0.199) (35 0.152) (38 -0.122) (26 -0.0954) (39 0.0814) (17 0.0731) (36 -0.0632) (25 -0.0514) (16 0.0459) (33 -0.0448) (23 0.0406) (34 -0.0393) (20 0.0383) (40 -0.0364) (77 -0.0324) (21 0.0321) (18 0.0302) (44 0.0282) (42 0.0269) (47 0.0263) (41 0.0237) (11 0.022) (15 0.0183) (78 0.0176) (22 0.0154) (12 -0.0132) (19 0.0116) (24 0.0109) (71 -0.0108) 
   0.0054167   (135 0.95) (29 0.131) (27 0.123) (28 -0.119) (31 0.108) (32 -0.106) (37 -0.0912) (14 -0.077) (30 -0.0652) (35 -0.0497) (38 0.0398) (26 0.0313) (39 -0.0266) (17 -0.024) (36 0.0207) (25 0.0168) (16 -0.0151) (33 0.0147) (23 -0.0133) (34 0.0129) (20 -0.0126) (40 0.0119) (21 -0.0105) (77 0.0104) 
   0.0056684   (10 0.758) (17 -0.49) (16 0.332) (14 0.214) (27 0.0918) (15 0.0759) (20 -0.0644) (21 -0.0482) (19 -0.044) (37 0.0344) (26 0.0296) (25 0.0296) (23 -0.0231) (28 -0.0188) (24 -0.0163) (18 -0.0146) (38 -0.014) (11 0.0137) (22 -0.0111) (35 0.0111) 
   0.0057747   (145 -0.999) (10 -0.0268) (17 -0.0204) (16 0.0137) 
   0.0061007   (10 0.651) (17 0.577) (16 -0.387) (14 -0.226) (27 -0.111) (15 -0.0813) (20 0.08) (21 0.0604) (19 0.0523) (37 -0.0433) (26 -0.039) (145 -0.0378) (25 -0.0348) (23 0.0305) (28 0.0216) (11 -0.02) (24 0.0193) (18 0.0177) (38 0.0163) (12 0.0155) (77 0.0149) (35 -0.014) (22 0.0134) (29 0.0121) (39 -0.012) (30 -0.011) (42 -0.0107) 
   0.0064169   (13 -0.865) (12 0.363) (42 0.253) (41 0.153) (43 0.0911) (45 0.0645) (40 0.0597) (14 0.0543) (47 0.0523) (50 0.0442) (15 -0.0435) (39 -0.0426) (38 0.0329) (37 -0.0309) (48 -0.0263) (44 0.0227) (46 0.018) (36 0.0153) (30 -0.0147) (29 -0.0123) (49 0.0122) (32 -0.0114) (60 -0.0107) (59 0.01) 
   0.0067778   (144 0.999) (42 0.0299) (41 0.0163) (13 0.0153) (43 0.0111) 
   0.0069404   (42 -0.719) (41 -0.39) (13 -0.313) (43 -0.268) (40 -0.172) (45 -0.156) (47 -0.131) (12 0.127) (39 0.126) (37 0.102) (38 -0.0992) (50 -0.0897) (44 -0.0717) (48 0.0592) (144 0.0424) (46 -0.0404) (15 -0.04) (36 -0.0395) (74 0.0316) (32 0.0296) (18 -0.0295) (30 0.0278) (27 0.0269) (49 -0.0262) (29 0.0261) (14 -0.0259) (59 -0.0239) (35 0.0232) (60 0.0217) (24 0.0199) (80 0.0188) (64 0.0182) (23 -0.0179) (21 -0.0172) (67 0.0171) (109 0.0171) (56 0.0168) (52 0.0167) (79 0.0166) (61 -0.0153) (34 0.0147) (81 -0.0146) (55 -0.0142) (107 0.0142) (17 -0.014) (84 -0.0139) (31 0.0133) (78 0.0117) (68 0.0116) (28 -0.0112) (62 0.0104) (86 -0.0103) (75 -0.0102) 
   0.0076542   (12 0.872) (13 0.369) (32 -0.201) (30 -0.17) (29 -0.137) (31 -0.0921) (14 0.0467) (36 -0.0349) (41 -0.0286) (33 0.0238) (15 -0.0168) (35 0.0168) (138 0.014) (40 -0.0138) (66 0.0137) (18 0.013) (37 0.0121) (38 -0.0121) (68 0.0117) (27 -0.0115) (42 -0.0107) (43 0.0105) (67 0.0103) 
   0.0083762   (138 0.992) (32 -0.0748) (30 -0.0616) (29 -0.05) (12 -0.0497) (31 -0.0327) (13 -0.0205) (41 -0.0122) (36 -0.0104) 

 Largest eigenvalues
      71.913   (163 0.239) (164 0.959) 
      28.527   (37 0.434) (39 0.292) (47 0.331) (77 0.339) 
      15.546   (77 0.673) (78 -0.341) 
      11.084   (107 0.588) (109 0.664) 
      4.5741   (96 -0.289) (119 0.3) (120 0.293) (122 -0.293) (123 0.555) 
      1.4627   (163 0.971) (164 -0.236) 
      1.2238   (162 0.995) 
      1.1473   (165 0.997) 
      1.1417   (90 0.247) (91 -0.881) (101 -0.249) 
      1.1351   (101 0.77) (106 0.498) 
       1.129   (101 0.352) (106 -0.79) 
      0.9204   (111 0.35) (115 -0.771) 
     0.91411   (103 -0.277) (104 0.841) (105 0.255) 
       0.862   (98 -0.346) (99 -0.606) (100 -0.416) 
     0.85168   (111 -0.583) (112 0.314) 
     0.75878   (110 -0.48) (111 0.322) (115 0.36) (120 0.286) 
     0.67161   (110 0.714) (111 0.302) 
     0.67077   (96 -0.751) (97 -0.23) (99 0.265) (110 0.225) 
     0.66349   (114 -0.496) (125 0.332) (126 0.442) (141 0.295) 
     0.59959   (111 -0.333) (112 -0.546) (114 0.472) 
     0.57641   (108 0.59) (112 0.335) (114 0.511) 
     0.57255   (108 -0.675) (110 -0.289) (112 0.401) 
     0.56822   (114 -0.355) (121 -0.322) (123 -0.429) (134 0.379) 
     0.56557   (122 0.394) (124 0.531) (125 -0.356) (134 0.321) 
      0.5607   (118 0.344) (119 -0.375) (120 0.552) (124 -0.304) 
      0.5473   (117 -0.694) (118 -0.427) 
     0.53099   (116 0.433) (117 0.328) (119 0.357) (122 0.397) (125 0.316) (134 0.314) 
      0.4976   (116 -0.654) (118 0.262) (121 -0.25) (124 0.246) (126 0.279) (127 0.217) (134 0.275) (141 -0.225) 
     0.49374   (116 0.538) (117 -0.318) (122 -0.298) (126 0.392) 
     0.42088   (92 0.971) 
     0.40972   (118 -0.319) (121 0.346) (123 -0.24) (125 -0.293) (126 0.248) (127 -0.353) (141 -0.302) 
     0.33587   (94 -0.926) (103 0.215) 
     0.33289   (94 0.33) (103 0.681) (104 0.337) (105 -0.403) 
     0.30306   (102 -0.817) 
     0.29041   (98 -0.437) (113 -0.331) (127 -0.259) 
     0.24946   (79 -0.349) (87 -0.66) 
     0.23077   (79 0.507) (98 0.523) 
     0.23029   (79 -0.516) (87 0.597) 
     0.22864   (98 -0.364) (107 0.321) (109 -0.287) (113 0.56) 
     0.17646   (90 -0.796) (93 0.405) 
     0.15692   (90 0.356) (97 -0.533) (107 -0.298) (109 0.318) 
     0.14824   (93 -0.623) (107 -0.287) 
     0.13633   (85 -0.633) (86 0.625) 
     0.12936   (89 -0.719) (93 0.34) (97 0.295) 
     0.12344   (79 0.397) (81 0.495) (83 -0.416) 
     0.11596   (76 -0.264) (78 0.288) (80 -0.312) 
     0.11153   (59 0.353) (69 -0.341) (76 0.289) 
     0.10671   (58 0.514) (59 -0.567) 
     0.10192   (58 -0.566) (63 0.3) 
    0.094473   (58 0.447) (59 0.343) (76 -0.269) (97 -0.277) 
    0.089778   (58 -0.392) (59 -0.562) 
    0.079871   (59 0.306) (63 0.569) (83 -0.292) 
    0.077952   (63 -0.459) (64 -0.63) 
    0.073936   (61 -0.508) (62 0.416) (64 0.325) 
    0.072864   (61 0.666) (64 0.243) (69 0.232) 
    0.066325   (61 -0.313) (118 0.261) (119 0.281) 
     0.06325   (68 0.285) (74 -0.332) (78 0.338) 
    0.061087   (61 -0.238) (62 -0.592) (69 0.248) (76 0.215) (80 -0.257) (81 0.215) 
    0.058937   (62 0.533) (68 -0.292) (74 0.31) 
    0.055633   (68 0.383) (69 -0.323) (71 0.316) 
    0.053333   (66 0.33) (67 0.311) (74 -0.355) (81 -0.334) 
    0.049847   (66 -0.352) (67 -0.417) (76 0.312) (78 0.277) (100 0.262) 
    0.047757   (66 0.316) (67 0.411) (68 0.331) (69 -0.279) (74 0.26) 
    0.046244   (74 -0.268) (76 -0.335) (81 0.328) (83 0.278) 
    0.044072   (34 -0.855) (41 0.371) 
    0.042196   (34 0.456) (41 0.69) (43 -0.356) 
    0.041483   (75 -0.443) (88 0.268) (121 -0.267) 
    0.040794   (48 -0.387) (49 -0.349) (51 -0.491) (75 0.403) 
    0.032331   (48 0.343) (49 0.293) (51 0.406) (75 0.569) 
    0.031721   (23 0.299) (26 0.689) (31 -0.293) 
    0.029444   (23 0.566) (24 0.377) (26 -0.471) 
    0.027573   (23 -0.372) (24 -0.255) (29 0.265) (31 -0.285) (42 -0.242) (43 0.414) (88 -0.307) 
     0.02625   (26 0.291) (29 -0.492) (31 0.589) 
    0.021541   (42 0.277) (43 -0.457) (44 -0.282) (75 -0.324) (88 -0.437) 
    0.020709   (120 -0.342) (126 -0.293) (131 0.688) (134 0.358) 
    0.020597   (128 0.578) (160 -0.809) 
    0.019185   (128 0.577) (160 0.312) (161 0.755) 
    0.017299   (128 0.577) (160 0.498) (161 -0.647) 
    0.015417   (15 -0.946) (16 0.266) 
    0.014815   (139 -0.996) 
