 1 31.6228
 2 21.355
 3 1.9395
 4 31.6228
 5 16.1168
 6 10.8062
 7 31.6196
 8 1.03629
 9 31.4098
 10 29.8402
 11 0.982948
 12 27.7293
 13 31.6228
 14 31.586
 15 0.904077
 16 31.6228
 17 31.5375
 18 1.003
 19 31.6228
 20 26.6739
 21 6.01057
 22 31.6228
 23 30.2826
 24 2.34458
 25 15.2807
 26 14.9069
 27 1.97579
 28 31.3609
 29 9.80089
 30 12.1011
 31 21.7608
 32 2.9536
 33 27.315
 34 14.4705
 35 6.99551
 36 16.297
 37 31.4211
 38 31.5528
 39 1.38717
 40 24.484
 41 31.1111
 42 1.29525
 43 21.7717
 44 28.8582
 45 1.90922
 46 31.5876
 47 10.0807
 48 23.2403
 49 30.6095
 50 13.0541
 51 13.7139
 52 9.2967
 53 30.7005
 54 16.3176
 55 8.99831
 56 12.1076
 57 29.1472
 58 8.63881
 59 8.34879
 60 11.2713
 61 4.41317
 62 1.34101
 63 20.6325
 64 16.6052
 65 0.968202
 66 20.9914
 67 29.2282
 68 3.94512
 69 31.613
 70 31.6228
 71 28.8008
 72 4.32026
 73 31.6146
 74 1.36224
 75 31.5645
 76 31.3398
 77 1.36935
 78 29.4947
 79 31.6017
 80 1.86014
 81 31.1071
 82 31.4189
 83 14.1062
 84 1.42048
 85 10.1246
 86 1.45424
 87 31.3645
 88 1.09508
 89 1.04085
 90 1.24285
 91 2.45953
 92 17.8143
 93 27.0237
 94 26.7599
 95 30.2347
 96 30.6572
 97 15.8679
 98 16.5628
 99 8.8119
 100 29.5481
 101 30.8288
 102 10.3401
 103 11.5533
 104 10.8741
 105 10.9834
 106 12.2774
 107 12.3993
 108 12.5463
 109 10.4156
 110 8.44265
 111 12.8481
 112 13.93
 113 13.3942
 114 12.6581
 115 12.8309
 116 11.0831
 117 12.3092
 118 13.2896
 119 11.6995
 120 8.53171
 121 10.7219
 122 6.71194
 123 7.74796
 124 5.53126
 125 5.08773
 126 6.88565
 127 4.46691
 128 8.84011
 129 7.18922
 130 7.2489
 131 4.05155
 132 4.43495
 133 4.57699
 134 5.83923
 135 2.61171
 136 6.75066
 137 2.82582
 138 2.77205
 139 2.7789
 140 3.02656
 141 2.95913
 142 2.63326
 143 2.74718
 144 3.67526
 145 3.72522
 146 3.32507
 147 2.85275
 148 5.16726
 149 3.79812
 150 3.20675
 151 3.44995
 152 4.72327
 153 4.42665
 154 3.4886
 155 4.36055
 156 4.81226
 157 6.7455
 158 0.126577
 159 0.177284
 160 0.271526
 161 3.74231
 162 4.40802
 163 17.3166
 164 25.5567
 165 0.54669
