 1 1000
 2 483.161
 3 22.3662
 4 1000
 5 406.482
 6 262.108
 7 999.85
 8 3.94884
 9 991.349
 10 899.194
 11 2.31457
 12 781.566
 13 1000
 14 998.092
 15 0.82316
 16 1000
 17 996.937
 18 3.06199
 19 1000
 20 836.499
 21 160.406
 22 1000
 23 955.669
 24 43.5603
 25 245.386
 26 253.53
 27 17.8358
 28 986.65
 29 194.713
 30 246.177
 31 496.66
 32 60.1047
 33 817.09
 34 215.916
 35 139.155
 36 359.711
 37 988.682
 38 997.469
 39 3.73709
 40 613.893
 41 971.785
 42 1.77614
 43 498.743
 44 865.681
 45 17.68
 46 998.692
 47 281.41
 48 719.799
 49 949.541
 50 185.192
 51 267.253
 52 171.196
 53 953.993
 54 273.288
 55 159.479
 56 230.527
 57 885.411
 58 87.028
 59 128.187
 60 195.651
 61 22.3839
 62 1.83101
 63 440.088
 64 322.273
 65 1.65973
 66 484.837
 67 920.443
 68 81.6965
 69 999.661
 70 1000
 71 905.636
 72 94.056
 73 999.631
 74 3.20615
 75 997.906
 76 983.491
 77 3.26101
 78 875.777
 79 999.107
 80 16.7896
 81 982.059
 82 990.288
 83 214.031
 84 2.95821
 85 107.984
 86 2.85756
 87 988.86
 88 1.7099
 89 1.63804
 90 1.90451
 91 9.23363
 92 436.962
 93 815.966
 94 801.696
 95 943.978
 96 961.048
 97 300.878
 98 333.045
 99 125.648
 100 912.909
 101 967.266
 102 129.013
 103 150.833
 104 136.226
 105 135.527
 106 161.444
 107 166.664
 108 172.015
 109 128.808
 110 99.449
 111 183.4
 112 203.396
 113 190.351
 114 174.914
 115 185.588
 116 150.238
 117 174.033
 118 195.315
 119 155.433
 120 86.5524
 121 123.711
 122 48.2324
 123 62.9765
 124 37.4776
 125 28.9939
 126 51.86
 127 25.7183
 128 88.8342
 129 64.9073
 130 61.5549
 131 19.9441
 132 20.8205
 133 22.3872
 134 35.3881
 135 8.42335
 136 46.6928
 137 9.47265
 138 8.84134
 139 8.86271
 140 10.2422
 141 10.4523
 142 8.42083
 143 8.96561
 144 14.8137
 145 14.9259
 146 12.296
 147 9.84975
 148 28.8371
 149 15.9466
 150 11.6996
 151 13.49
 152 23.4658
 153 20.776
 154 13.1417
 155 19.8104
 156 24.0921
 157 46.4646
 158 0.127081
 159 0.0560588
 160 0.386045
 161 21.751
 162 24.5705
 163 382.094
 164 717.359
 165 6.53377
