 1 46259.7
 2 613.582
 3 28.1845
 4 175355
 5 506.673
 6 326.639
 7 456598
 8 38.8176
 9 12170
 10 2516.07
 11 3.92097
 12 1615.92
 13 308162
 14 4266.4
 15 0.843792
 16 307925
 17 3687.97
 18 8.97444
 19 119479
 20 2042.29
 21 390.123
 22 164795
 23 3235.2
 24 145.006
 25 266.161
 26 324.655
 27 22.6997
 28 2908.56
 29 247.562
 30 311.231
 31 515.556
 32 73.1947
 33 1000.13
 34 222.818
 35 158.745
 36 412.706
 37 1531.11
 38 2948.71
 39 7.91348
 40 981.834
 41 4319.68
 42 2.13123
 43 674.665
 44 1460.86
 45 29.209
 46 15753.7
 47 932.877
 48 1999.16
 49 1835.19
 50 189.225
 51 315.761
 52 202.05
 53 2906.37
 54 307.324
 55 213.326
 56 316.033
 57 909.492
 58 87.8853
 59 131.642
 60 202.477
 61 22.5655
 62 1.83269
 63 462.782
 64 327.649
 65 1.66826
 66 492.516
 67 2962.61
 68 283.368
 69 161143
 70 170415
 71 2217.79
 72 227.305
 73 17715.7
 74 24.298
 75 13624.1
 76 8355.83
 77 5.46991
 78 1843.21
 79 8859.28
 80 51.6191
 81 2678.1
 82 1560.24
 83 231.041
 84 3.08271
 85 137.326
 86 3.23518
 87 4680.01
 88 1.71015
 89 1.63807
 90 1.90484
 91 10.2721
 92 497.574
 93 1722.41
 94 1716.63
 95 2759.8
 96 2487.04
 97 318.492
 98 349.544
 99 127.712
 100 1139.46
 101 1556.67
 102 133.333
 103 154.153
 104 137.586
 105 136.479
 106 162.117
 107 167.364
 108 172.912
 109 129.961
 110 101.401
 111 184.539
 112 204.393
 113 191.124
 114 175.456
 115 186.127
 116 151.215
 117 174.638
 118 195.898
 119 156.855
 120 89.0189
 121 124.343
 122 49.385
 123 69.0988
 124 38.6542
 125 29.8872
 126 52.4268
 127 27.399
 128 91.4654
 129 66.0766
 130 62.3876
 131 20.3094
 132 21.1222
 133 22.7747
 134 36.4122
 135 8.71669
 136 47.1066
 137 9.8378
 138 9.18715
 139 9.21173
 140 10.8006
 141 11.1597
 142 8.90425
 143 9.41099
 144 15.2506
 145 15.2634
 146 12.6573
 147 10.3445
 148 29.6117
 149 16.4626
 150 12.0237
 151 13.851
 152 23.9577
 153 21.6015
 154 13.5558
 155 20.1386
 156 24.356
 157 46.7584
 158 0.159644
 159 0.0585537
 160 0.490669
 161 25.6927
 162 26.5848
 163 1117.35
 164 1484.92
 165 7.26236
