 Smallest eigenvalues
  2.1427e-06   (9 -1) 
   3.245e-06   (51 0.622) (48 -0.553) (154 -0.205) (52 -0.192) (49 -0.183) (44 -0.172) (55 -0.164) (50 0.154) (14 0.124) (78 0.11) (47 -0.109) (37 -0.0972) (54 0.0912) (53 0.0831) (38 0.0719) (40 -0.0705) (77 -0.0704) (46 0.0691) (27 0.0662) (56 0.058) (43 0.0559) (42 0.055) (68 0.0436) (70 0.0399) (60 -0.0332) (61 0.0307) (76 0.0289) (67 -0.0281) (36 0.0264) (35 -0.0261) (39 -0.0255) (69 -0.0242) (63 -0.0224) (33 0.0218) (17 -0.0214) (32 -0.0211) (23 -0.021) (65 -0.0207) (71 -0.0178) (75 0.0168) (30 -0.0165) (19 0.0156) (26 -0.0145) (80 0.0144) (25 -0.0143) (84 0.0138) (41 0.0133) (57 -0.0132) (88 0.0131) (45 0.0128) (28 0.0126) (64 0.0123) (74 -0.0119) (16 0.0118) (34 -0.0103) (11 -0.0103) 
  3.2475e-06   (154 -0.979) (51 -0.131) (48 0.116) (52 0.0404) (49 0.0385) (44 0.0361) (55 0.0343) (50 -0.0324) (14 -0.0263) (47 0.0228) (78 -0.0227) (37 0.0205) (54 -0.0191) (53 -0.0174) (38 -0.0152) (40 0.0148) (77 0.0146) (46 -0.0145) (27 -0.014) (56 -0.0121) (43 -0.0118) (42 -0.0116) 
  5.7027e-06   (4 1) 
   5.868e-06   (149 0.626) (47 0.577) (44 -0.339) (46 0.222) (45 -0.185) (37 -0.122) (14 0.105) (48 0.0962) (38 0.077) (27 0.0677) (43 0.0651) (78 0.0569) (77 -0.0528) (40 -0.0514) (51 -0.0503) (49 -0.0479) (39 -0.0475) (42 0.0457) (53 -0.0317) (41 -0.0279) (35 -0.0274) (56 0.0263) (52 -0.026) (28 0.0245) (70 0.0236) (36 0.0224) (60 -0.0201) (19 0.0181) (17 -0.0179) (33 0.0168) (16 0.0163) (25 -0.0153) (23 -0.0147) (54 0.0139) (32 -0.0135) (68 0.0119) (31 0.0114) (73 -0.0108) 
  6.0682e-06   (149 0.78) (47 -0.463) (44 0.272) (46 -0.178) (45 0.148) (37 0.0981) (14 -0.0839) (48 -0.0771) (38 -0.0618) (27 -0.0543) (43 -0.0523) (78 -0.0456) (77 0.0423) (40 0.0413) (51 0.0403) (49 0.0384) (39 0.0381) (42 -0.0367) (53 0.0254) (41 0.0224) (35 0.022) (56 -0.0211) (52 0.0209) (28 -0.0197) (70 -0.0189) (36 -0.018) (60 0.0161) (19 -0.0145) (17 0.0144) (33 -0.0135) (16 -0.0131) (25 0.0123) (23 0.0118) (54 -0.0111) (32 0.0109) 
   6.203e-06   (1 0.989) (31 0.0875) (32 -0.0693) (37 0.0544) (27 0.0503) (28 0.0373) (35 0.0294) (14 0.0168) (38 -0.0165) (30 0.0118) 
  8.3696e-06   (155 -0.998) (31 0.0319) (32 -0.0251) (27 0.0195) (37 0.0191) (28 0.0136) (14 0.0121) (35 0.0105) 
  2.1617e-05   (31 -0.574) (32 0.451) (27 -0.349) (37 -0.344) (28 -0.244) (14 -0.217) (35 -0.19) (1 0.146) (38 0.0994) (30 -0.0801) (19 -0.0738) (23 0.0637) (25 0.0597) (16 -0.0588) (155 -0.0555) (33 0.0532) (34 -0.0514) (36 0.0481) (29 -0.0478) (43 0.0474) (22 -0.0431) (44 -0.0404) (78 -0.0396) (77 0.0375) (17 0.034) (39 -0.0316) (40 -0.0293) (15 0.0293) (11 0.0222) (49 0.0206) (51 0.0184) (48 -0.0177) (70 -0.0169) (56 -0.016) (60 0.0157) (18 -0.0147) (53 0.0145) (54 -0.0118) (24 -0.0117) (75 0.0116) (57 -0.0115) (73 0.0109) (80 -0.0107) (68 -0.0101) 
  3.7179e-05   (18 -0.553) (20 -0.451) (46 -0.389) (22 -0.299) (45 0.296) (23 -0.242) (44 -0.193) (19 -0.125) (42 0.106) (47 0.0565) (37 -0.0559) (48 0.0547) (43 0.0485) (78 0.0456) (38 0.0452) (27 0.044) (17 -0.0437) (30 -0.0415) (36 0.0411) (15 -0.0404) (29 0.0377) (26 -0.0362) (16 0.0359) (40 -0.0342) (14 0.0292) (31 0.0282) (34 -0.0282) (77 -0.0256) (51 -0.025) (53 -0.0234) (35 -0.0227) (32 -0.0202) (71 -0.0199) (68 0.0195) (21 -0.0186) (25 0.0174) (61 0.017) (74 -0.0166) (70 0.0156) (73 0.0147) (50 0.0142) (79 0.0138) (66 -0.0137) (62 0.0136) (56 0.0123) (60 -0.0107) (55 0.0103) 
  5.8821e-05   (158 -0.999) (46 -0.0244) (45 0.0181) (18 0.0171) (20 0.0122) (44 -0.0112) 
  0.00010338   (46 0.577) (45 -0.428) (18 -0.389) (20 -0.276) (44 0.264) (22 -0.21) (23 -0.137) (37 0.134) (19 -0.119) (48 -0.113) (14 -0.109) (40 0.0915) (42 -0.0804) (38 -0.0803) (43 -0.0759) (27 -0.0711) (78 -0.0638) (47 -0.0614) (39 0.0607) (77 0.0596) (158 -0.0428) (49 0.0395) (51 0.0384) (25 0.035) (28 -0.0349) (56 -0.033) (68 -0.0311) (41 -0.031) (30 -0.0296) (34 -0.0281) (26 -0.0275) (70 -0.0269) (35 0.0267) (53 0.0246) (54 -0.0212) (71 0.0207) (67 0.0181) (74 0.0174) (15 -0.0165) (61 -0.0158) (60 0.0156) (80 -0.0152) (36 -0.0132) (69 0.0131) (17 -0.0127) (81 0.0123) (66 0.0114) (62 -0.0113) (33 -0.0113) (11 0.0105) (57 -0.0105) (65 0.0104) (21 -0.0101) 
  0.00010768   (2 1) 
  0.00012889   (19 -0.603) (14 0.456) (17 -0.348) (23 0.325) (20 -0.252) (27 -0.252) (18 0.161) (22 0.101) (25 0.0831) (33 -0.0635) (37 0.0618) (24 0.0585) (38 -0.0547) (21 -0.0526) (44 0.0492) (30 0.0439) (28 -0.0381) (36 -0.0322) (32 0.0271) (47 0.0268) (35 0.0253) (31 0.0244) (34 0.0244) (11 -0.0243) (26 0.0228) (40 0.0225) (46 -0.0223) (15 0.0207) (12 -0.0206) (77 -0.0142) (42 -0.0141) (78 0.0132) (29 0.0121) (13 0.0116) (41 0.0105) (57 -0.0104) 
  0.00020827   (159 1) 
   0.0002199   (3 1) 
  0.00024457   (22 -0.575) (19 0.494) (23 0.324) (14 0.32) (27 -0.286) (17 -0.227) (20 0.195) (25 0.0984) (18 -0.0879) (16 0.0696) (37 0.0659) (21 0.0588) (24 -0.0549) (157 0.0468) (26 -0.0409) (38 -0.0347) (35 0.03) (32 0.03) (33 -0.0265) (36 -0.0265) (44 0.0263) (29 0.023) (15 -0.0224) (31 0.0222) (30 0.0186) (11 -0.0183) (40 0.0157) (12 -0.0144) (77 -0.0144) (39 0.0142) (28 -0.0134) (46 -0.0126) (78 0.0112) (43 -0.011) 
  0.00028693   (157 0.999) (22 0.0269) (19 -0.0231) (23 -0.0152) (14 -0.015) (27 0.0134) (17 0.0107) 
   0.0002973   (8 -1) 
  0.00030555   (28 -0.757) (150 -0.4) (27 0.335) (29 0.21) (14 0.159) (37 0.159) (26 -0.117) (32 0.0999) (35 0.0699) (22 0.0601) (48 0.057) (17 -0.053) (19 0.0504) (38 -0.0484) (16 0.0445) (20 0.0419) (18 -0.0406) (25 -0.0387) (31 -0.0386) (51 0.0308) (39 0.0301) (15 -0.0292) (33 0.0283) (23 -0.0227) (49 0.0221) (42 -0.0221) (43 -0.022) (36 -0.021) (75 0.0203) (78 0.019) (40 0.0162) (11 -0.0124) (68 0.0119) (77 -0.0108) (50 0.0101) 
  0.00031335   (150 -0.917) (28 0.33) (27 -0.146) (29 -0.0919) (14 -0.0696) (37 -0.0693) (26 0.0509) (32 -0.0436) (35 -0.0305) (22 -0.0262) (48 -0.0248) (17 0.0232) (19 -0.022) (38 0.0211) (16 -0.0194) (20 -0.0183) (18 0.0177) (25 0.0169) (31 0.0168) (51 -0.0134) (39 -0.0131) (15 0.0127) (33 -0.0123) 
  0.00031428   (6 1) 
  0.00032165   (23 -0.512) (27 -0.436) (22 0.427) (24 0.276) (19 0.275) (14 0.258) (153 -0.206) (17 -0.151) (25 0.145) (18 -0.117) (26 0.109) (37 0.0975) (16 0.0778) (15 -0.0561) (35 0.0524) (20 0.0515) (39 0.0472) (32 0.0385) (33 0.0354) (38 -0.0294) (29 0.0272) (43 -0.0253) (28 -0.0222) (48 0.0215) (78 0.0189) (34 -0.0177) (73 -0.0168) (36 -0.0161) (30 -0.016) (77 -0.0159) (11 -0.0132) (56 0.0121) (21 -0.012) (52 0.0115) (47 0.0104) (75 0.0104) (68 0.01) 
  0.00033442   (153 -0.978) (23 0.108) (27 0.092) (22 -0.09) (24 -0.0581) (19 -0.058) (14 -0.0544) (17 0.0318) (25 -0.0306) (18 0.0247) (26 -0.0231) (37 -0.0205) (16 -0.0164) (15 0.0118) (35 -0.011) (20 -0.0109) 
  0.00033836   (57 0.497) (73 -0.461) (70 0.439) (74 -0.306) (60 0.213) (67 0.195) (52 0.166) (44 -0.14) (77 0.128) (69 0.127) (68 -0.125) (78 -0.107) (56 0.0886) (47 -0.0775) (61 -0.0766) (65 -0.071) (33 0.0609) (76 -0.049) (63 0.0488) (46 0.0482) (66 -0.0417) (34 -0.038) (75 0.0375) (50 0.0372) (37 0.0368) (54 0.0357) (40 -0.0353) (64 -0.0341) (72 -0.0335) (79 0.0325) (16 -0.032) (42 0.0316) (19 -0.0296) (22 -0.0284) (43 -0.0283) (38 0.0265) (51 0.0254) (15 0.024) (59 -0.0223) (14 0.0219) (30 -0.0203) (62 -0.0191) (88 0.0185) (123 -0.0182) (126 0.0178) (124 0.0176) (39 0.0174) (121 0.0171) (18 0.0155) (27 -0.015) (109 0.0145) (23 -0.014) (20 0.0139) (84 0.0138) (36 -0.0135) (35 0.0134) (120 0.0132) (152 -0.0131) (48 0.013) (104 0.0127) (91 0.0124) (80 -0.0117) (89 -0.0115) (100 0.0114) (106 -0.0107) (129 -0.0105) (101 0.0104) (55 0.0102) 
    0.000352   (73 0.593) (57 0.407) (74 0.32) (67 0.258) (152 -0.244) (68 -0.203) (44 -0.188) (52 0.136) (69 0.129) (60 0.126) (70 -0.124) (47 -0.123) (49 0.105) (71 0.0928) (56 0.087) (14 0.0851) (33 0.0781) (46 0.0739) (55 0.0694) (65 -0.068) (63 0.0613) (61 -0.0577) (38 0.0538) (39 0.0531) (66 -0.0468) (72 -0.0465) (40 -0.0448) (34 -0.0444) (64 -0.0402) (48 -0.0337) (43 -0.0323) (120 0.032) (16 -0.032) (42 0.0313) (30 -0.0301) (23 -0.0291) (53 -0.0286) (75 -0.0277) (79 -0.0265) (121 -0.0236) (15 0.0231) (59 -0.0226) (84 0.022) (77 -0.0213) (32 -0.0212) (19 -0.0204) (18 0.0198) (20 0.0187) (124 0.0184) (119 -0.0177) (62 -0.0176) (129 -0.0173) (24 -0.0169) (78 0.0158) (88 0.0143) (122 0.0127) (41 -0.0124) (22 -0.0124) (146 -0.0121) (125 -0.0119) (17 -0.0117) (89 -0.0114) (76 0.0113) (37 -0.0113) (80 0.0108) (131 -0.0104) 
   0.0003765   (152 -0.969) (73 -0.143) (57 -0.11) (74 -0.0764) (67 -0.0675) (68 0.0526) (44 0.0499) (52 -0.037) (60 -0.0346) (69 -0.0339) (47 0.0324) (49 -0.0265) (70 0.0255) (56 -0.0233) (71 -0.0232) (14 -0.022) (33 -0.0209) (46 -0.0195) (65 0.018) (55 -0.0177) (63 -0.0161) (61 0.0156) (38 -0.0141) (39 -0.0138) (146 -0.0124) (66 0.0123) (72 0.0121) (40 0.0119) (34 0.0119) (64 0.0106) 
  0.00045192   (25 -0.927) (24 0.279) (27 -0.151) (54 -0.0895) (26 0.0748) (22 -0.0721) (52 0.0606) (56 -0.0509) (53 -0.0472) (14 0.0469) (57 -0.0338) (49 0.0332) (47 -0.0303) (16 0.0295) (44 -0.029) (55 -0.0251) (28 -0.0235) (33 0.0208) (39 0.0204) (17 -0.0187) (30 -0.0158) (15 -0.0157) (46 0.0156) (31 -0.0154) (23 0.0152) (20 -0.0141) (78 0.0132) (60 -0.0119) (48 -0.0118) (77 -0.0109) (34 -0.0107) 
  0.00047985   (147 0.748) (54 -0.391) (52 0.291) (56 -0.235) (53 -0.18) (44 -0.148) (57 -0.131) (55 -0.113) (49 0.112) (47 -0.107) (25 0.0905) (46 0.0611) (14 0.0596) (48 -0.0497) (60 -0.0472) (33 0.045) (51 0.0421) (24 -0.0414) (38 0.039) (73 -0.0371) (27 0.0361) (40 -0.031) (70 0.0286) (42 0.0282) (37 -0.0279) (34 -0.0267) (78 0.0254) (50 -0.0223) (77 -0.0222) (16 -0.0161) (67 -0.0154) (68 0.0152) (61 0.0147) (41 -0.0144) (39 0.0143) (43 -0.0143) (28 0.0139) (23 -0.0139) (32 -0.013) (30 -0.0125) (120 0.0122) (15 0.0121) (74 -0.0106) (18 0.0105) (20 0.0103) 
  0.00050177   (147 0.664) (54 0.441) (52 -0.328) (56 0.265) (53 0.203) (44 0.167) (57 0.148) (55 0.128) (49 -0.127) (47 0.121) (25 -0.097) (46 -0.0689) (14 -0.0674) (48 0.0561) (60 0.0532) (33 -0.0508) (51 -0.0475) (24 0.0452) (38 -0.0439) (73 0.0419) (27 -0.0399) (40 0.0349) (70 -0.0322) (42 -0.0318) (37 0.0315) (34 0.0302) (78 -0.0287) (50 0.0252) (77 0.025) (16 0.018) (67 0.0174) (68 -0.0171) (61 -0.0166) (41 0.0162) (39 -0.0162) (43 0.0161) (28 -0.0156) (23 0.0156) (32 0.0147) (30 0.0142) (120 -0.0136) (15 -0.0136) (74 0.012) (18 -0.0118) (20 -0.0115) (72 -0.0111) 
  0.00050417   (53 0.693) (55 0.427) (39 -0.374) (52 0.265) (57 -0.16) (44 -0.155) (54 -0.104) (37 0.0999) (40 -0.0973) (41 -0.0796) (49 0.0765) (47 -0.0756) (42 0.0688) (60 -0.0616) (56 0.0576) (46 0.0543) (38 -0.0528) (48 -0.0469) (70 0.0412) (78 0.0406) (77 -0.0329) (50 -0.0241) (36 -0.0222) (151 -0.0192) (27 -0.0179) (61 0.0174) (73 -0.0171) (35 0.0158) (22 -0.0123) (19 -0.0119) (43 0.0118) (72 0.0115) (69 0.0112) 
  0.00051243   (151 -0.967) (39 0.206) (37 -0.0692) (53 0.0687) (38 0.047) (55 0.0463) (40 0.0387) (41 0.0349) (52 0.0327) (14 0.0264) (33 0.0244) (27 0.0214) (42 -0.0198) (44 0.0192) (57 -0.0178) (34 -0.0156) (49 -0.0142) (43 -0.0114) (78 0.0112) (73 -0.0104) (56 0.0104) 
  0.00055954   (39 -0.756) (53 -0.313) (37 0.256) (151 -0.254) (55 -0.208) (38 -0.175) (52 -0.145) (40 -0.14) (41 -0.127) (14 -0.1) (33 -0.0926) (27 -0.0799) (57 0.0795) (42 0.07) (44 -0.0613) (34 0.0595) (49 0.0486) (78 -0.0458) (56 -0.0441) (43 0.0426) (73 0.0413) (77 0.0391) (35 0.0366) (60 0.0362) (54 0.0352) (24 0.0349) (48 -0.032) (70 -0.0319) (28 -0.0305) (36 -0.0293) (31 -0.0282) (32 0.0279) (51 -0.0233) (68 -0.0188) (72 -0.0165) (47 -0.0158) (23 0.0157) (18 -0.0155) (50 -0.0149) (67 0.0146) (45 0.0121) (61 -0.0109) (25 0.0107) 
  0.00056547   (70 -0.795) (57 0.283) (73 -0.282) (72 0.23) (69 -0.177) (52 0.158) (49 -0.136) (74 -0.117) (71 -0.112) (60 0.0927) (51 0.0725) (76 -0.0664) (50 0.0627) (48 0.0618) (75 0.0559) (68 0.055) (44 -0.0516) (65 -0.0487) (54 -0.0387) (78 0.0339) (148 0.0331) (33 0.033) (61 -0.0322) (55 0.0319) (84 0.028) (37 0.0253) (56 0.025) (124 0.0238) (40 -0.0232) (34 -0.0212) (22 -0.0211) (42 0.0196) (16 -0.019) (19 -0.019) (67 -0.0188) (47 -0.0182) (43 -0.018) (88 0.0171) (46 0.0152) (129 -0.0145) (126 0.0145) (53 0.013) (79 -0.0129) (38 0.0124) (15 0.0114) (36 -0.0114) (90 0.011) (39 -0.0106) (77 0.0103) 
  0.00061268   (148 0.851) (49 0.363) (51 -0.15) (52 -0.147) (48 -0.14) (50 -0.126) (44 -0.122) (54 0.122) (47 -0.0875) (73 -0.0726) (46 0.0529) (14 0.047) (39 0.0432) (70 -0.0359) (68 0.0325) (38 0.0317) (37 -0.0316) (33 0.0308) (67 -0.0308) (72 0.0306) (78 0.0298) (77 -0.0247) (69 -0.0243) (74 -0.0241) (71 -0.022) (55 -0.0218) (27 0.0201) (34 -0.0169) (40 -0.0157) (45 0.0157) (53 0.0149) (24 -0.0146) (57 -0.0145) (42 0.0132) (23 -0.0128) (32 -0.0119) (30 -0.0102) 
  0.00065852   (49 -0.582) (148 0.524) (51 0.239) (52 0.229) (48 0.223) (44 0.202) (50 0.201) (54 -0.196) (47 0.144) (73 0.136) (70 0.109) (46 -0.0871) (14 -0.0771) (39 -0.0695) (72 -0.0643) (68 -0.0565) (38 -0.0524) (33 -0.0524) (67 0.0514) (69 0.0507) (78 -0.0507) (37 0.0495) (74 0.0467) (71 0.043) (77 0.0397) (55 0.0334) (27 -0.0322) (34 0.029) (40 0.0272) (53 -0.0252) (45 -0.0251) (24 0.0239) (42 -0.0228) (23 0.0215) (32 0.0197) (30 0.0173) (16 0.0156) (79 0.0155) (75 -0.0137) (56 -0.0136) (76 0.0132) (20 -0.0131) (63 0.0131) (18 -0.0131) (120 -0.0108) (15 -0.0104) 
  0.00071718   (38 0.814) (37 0.301) (24 -0.2) (23 -0.184) (39 -0.157) (44 0.152) (40 0.13) (33 0.11) (22 -0.109) (19 -0.107) (36 -0.0914) (20 0.0895) (16 -0.0802) (34 -0.0749) (43 0.0741) (18 0.0728) (42 -0.0695) (14 0.0675) (27 -0.0658) (47 0.0545) (15 0.0543) (35 0.0514) (25 -0.0507) (52 -0.044) (46 -0.0351) (57 -0.0346) (21 0.0278) (26 0.0204) (30 -0.0196) (41 0.0189) (56 -0.0169) (31 -0.0155) (17 -0.0117) 
  0.00079922   (24 -0.572) (23 -0.502) (38 -0.307) (33 -0.218) (20 0.211) (22 -0.204) (19 -0.186) (14 0.17) (25 -0.156) (18 0.151) (34 0.127) (16 -0.109) (37 -0.107) (30 0.0982) (27 -0.0845) (15 0.0757) (21 0.0663) (26 0.0628) (32 0.0529) (142 -0.0441) (17 -0.0398) (35 -0.0344) (36 0.0338) (44 0.0272) (28 -0.0253) (49 -0.0152) (40 -0.0134) (11 -0.0124) (47 0.0117) (12 -0.0112) (29 -0.0107) (39 0.0103) 
   0.0009233   (142 -0.998) (146 0.0355) (24 0.0265) (23 0.0233) (145 -0.0184) (140 0.0122) (141 -0.0103) 
  0.00098013   (44 -0.423) (52 -0.41) (47 -0.407) (49 -0.352) (48 0.332) (16 -0.236) (46 0.176) (51 -0.16) (57 -0.144) (43 -0.126) (50 0.121) (15 0.109) (56 -0.106) (14 0.103) (17 0.103) (33 0.0848) (37 0.0829) (40 -0.0701) (39 0.0692) (53 0.0585) (34 -0.054) (42 0.0477) (27 -0.0421) (77 0.038) (78 -0.0364) (60 -0.0339) (45 -0.0325) (54 -0.0319) (36 -0.0272) (35 0.0272) (38 0.026) (30 -0.0252) (22 -0.0165) (31 -0.0158) (65 0.0149) (74 -0.0139) (19 -0.0136) (68 -0.0133) (55 -0.0132) (18 -0.013) (84 0.013) (23 0.0114) (61 0.0105) (120 0.0102) 
    0.001004   (16 -0.698) (17 0.401) (15 0.298) (14 0.292) (44 0.161) (18 -0.146) (19 0.136) (47 0.127) (23 0.112) (33 -0.11) (20 -0.104) (22 0.093) (52 0.0905) (48 -0.0804) (49 0.08) (24 0.0761) (34 0.064) (46 -0.0613) (30 0.0499) (43 0.0439) (39 -0.0402) (51 0.0371) (40 0.0349) (38 -0.0325) (50 -0.032) (42 -0.0268) (57 0.0266) (32 0.0238) (56 0.0225) (27 -0.0214) (37 -0.0201) (21 -0.0201) (12 -0.0189) (28 -0.0184) (11 -0.0159) (35 -0.0149) (31 0.0133) (13 0.0123) (53 -0.0112) (77 -0.0103) (78 0.0103) 
   0.0010609   (145 0.924) (146 0.383) 
   0.0011601   (54 0.68) (52 0.407) (33 0.309) (56 -0.297) (57 -0.225) (34 -0.195) (36 0.149) (53 -0.123) (35 0.0899) (50 0.0771) (38 -0.077) (30 -0.0689) (39 -0.0583) (16 -0.0518) (49 -0.0499) (48 0.0468) (14 0.0458) (22 -0.0455) (51 0.0455) (60 -0.0436) (19 -0.0426) (47 -0.0419) (44 -0.0403) (15 0.0393) (32 -0.0389) (78 -0.0357) (77 0.0338) (18 0.0296) (20 0.0288) (24 -0.028) (23 -0.0266) (46 0.0252) (68 -0.0236) (67 0.0204) (137 0.0181) (69 0.0151) (73 0.0139) (71 -0.0131) (61 0.012) (40 0.0118) (72 -0.0118) (70 -0.0113) (37 -0.0107) (79 0.0105) 
   0.0013556   (33 0.569) (36 0.375) (34 -0.359) (54 -0.294) (52 -0.232) (44 0.212) (38 -0.194) (39 -0.166) (35 0.159) (37 -0.142) (137 0.128) (56 0.118) (30 -0.113) (14 0.106) (40 0.0872) (32 -0.0777) (47 0.0714) (57 0.0714) (42 -0.063) (43 0.0604) (53 0.0579) (46 -0.0526) (16 -0.0481) (24 -0.0473) (23 -0.0408) (51 -0.0384) (20 0.0369) (18 0.0366) (22 -0.0365) (19 -0.0338) (15 0.0329) (50 -0.031) (27 0.0309) (28 0.0247) (78 0.0193) (77 -0.017) (17 -0.0147) (60 0.0146) (73 -0.0144) (70 0.0121) 
   0.0015073   (137 0.991) (33 -0.0794) (36 -0.0511) (34 0.05) (38 0.0263) (44 -0.0263) (54 0.0257) (52 0.0224) (39 0.0223) (35 -0.0222) (146 0.02) (37 0.0185) (30 0.0159) (14 -0.0147) (40 -0.0114) (32 0.0108) 
   0.0015251   (11 -0.958) (35 -0.253) (33 0.0617) (37 0.0602) (30 -0.0542) (36 -0.0467) (32 -0.0382) (14 -0.035) (38 -0.0342) (133 0.0289) (44 0.0165) (15 0.0129) (40 0.011) (71 0.0105) (46 -0.0104) (31 -0.0103) 
   0.0016238   (133 0.849) (35 -0.445) (11 0.17) (33 0.11) (37 0.0978) (30 -0.0885) (36 -0.0825) (14 0.0668) (32 -0.0659) (38 -0.0552) (27 0.0386) (44 0.0281) (40 0.0202) (34 -0.0192) (23 -0.0146) (55 -0.0138) (46 -0.0136) (21 0.0133) (17 -0.0133) (28 0.0131) (39 -0.0114) (31 -0.0114) 
   0.0018974   (35 0.728) (133 0.528) (11 -0.22) (33 -0.18) (37 -0.16) (30 0.145) (36 0.135) (32 0.108) (14 -0.105) (38 0.0905) (27 -0.0624) (44 -0.046) (40 -0.033) (34 0.0313) (23 0.0237) (55 0.0226) (46 0.0224) (17 0.0217) (21 -0.0216) (28 -0.0213) (31 0.0188) (39 0.0184) (45 0.0158) (42 0.0146) (47 -0.013) (20 -0.0122) (43 0.012) (53 -0.0119) (51 0.0115) (48 -0.0106) (25 0.0104) (78 -0.0102) 
   0.0020068   (30 -0.731) (32 -0.466) (34 0.226) (31 -0.213) (55 -0.197) (35 0.163) (33 -0.147) (53 0.131) (37 -0.086) (28 -0.086) (50 -0.0713) (72 0.0633) (27 -0.0629) (74 0.0425) (51 -0.0411) (49 -0.039) (52 0.0383) (16 -0.0366) (29 -0.0314) (71 -0.0296) (20 0.0289) (42 -0.0278) (68 0.0263) (41 0.0261) (60 0.0257) (56 -0.0246) (18 0.023) (130 -0.0212) (78 -0.0208) (47 0.0207) (19 -0.0207) (25 0.0198) (57 0.0195) (48 0.019) (70 0.0181) (46 -0.018) (22 -0.0157) (44 0.0151) (24 -0.0136) (65 0.0132) (21 0.0126) (40 0.0123) (69 0.0121) (54 0.0104) (84 0.0102) 
   0.0021365   (72 0.59) (74 0.397) (68 0.369) (130 -0.272) (78 -0.254) (71 -0.237) (70 0.22) (67 -0.155) (55 0.143) (53 -0.108) (60 0.0889) (57 0.0689) (56 0.0628) (83 -0.0602) (77 0.0576) (51 0.057) (80 -0.056) (40 -0.0526) (62 0.0473) (66 -0.041) (69 0.0396) (76 -0.0375) (30 0.0369) (41 0.0338) (64 0.0319) (107 -0.0319) (61 0.0314) (47 -0.031) (33 0.0302) (63 -0.029) (44 -0.029) (86 -0.0279) (85 -0.0271) (129 0.0236) (48 0.0227) (52 0.0224) (46 0.0218) (59 0.0201) (75 0.0187) (34 -0.0184) (96 0.0184) (109 -0.0178) (37 0.0177) (89 -0.0173) (79 0.0167) (120 -0.0163) (32 0.0162) (84 0.0161) (87 -0.0149) (35 -0.0133) (134 -0.0128) (93 -0.0118) (16 -0.0117) (100 0.0115) (58 -0.0109) (65 0.0109) (124 -0.0105) (104 -0.0101) (54 0.01) 
   0.0022189   (130 -0.572) (55 0.557) (53 -0.357) (72 -0.21) (50 0.205) (30 -0.168) (74 -0.149) (32 -0.102) (71 0.101) (56 0.092) (49 0.0816) (52 -0.0812) (60 -0.0761) (57 -0.0748) (51 0.06) (34 0.059) (69 -0.057) (68 -0.0567) (78 0.0563) (70 -0.0562) (43 0.0509) (65 -0.0501) (31 -0.0472) (48 -0.0471) (129 0.0436) (54 -0.038) (46 0.0371) (41 0.0365) (84 -0.0336) (73 -0.0303) (47 -0.0248) (28 -0.0241) (81 -0.0241) (88 0.0193) (80 0.0176) (40 -0.0166) (27 -0.0165) (77 -0.0162) (45 0.016) (124 -0.0157) (67 0.0157) (120 -0.0147) (33 -0.0146) (14 0.0143) (20 0.0138) (35 0.0133) (18 0.0129) (37 -0.0125) (15 0.0123) (134 0.0123) (16 -0.0119) (125 -0.0116) (90 -0.0115) (76 0.0113) (107 0.011) (66 0.0105) (87 0.0101) 
   0.0023542   (130 -0.769) (55 -0.458) (53 0.299) (50 -0.152) (30 0.132) (56 -0.0899) (68 -0.089) (32 0.0828) (51 -0.0638) (49 -0.0573) (72 -0.054) (52 0.0511) (129 0.0485) (78 0.0476) (34 -0.0434) (67 0.0433) (134 0.0432) (41 -0.0399) (43 -0.0399) (31 0.0386) (70 -0.0364) (46 -0.0349) (65 0.0329) (40 0.031) (74 -0.0306) (57 0.0303) (47 0.029) (131 0.0288) (69 0.0279) (48 0.0263) (54 0.0243) (60 0.0242) (73 0.0242) (83 0.0205) (84 0.0192) (28 0.019) (44 0.0157) (27 0.0157) (132 0.0156) (81 0.0152) (85 0.0147) (16 0.0141) (88 -0.014) (63 0.013) (79 -0.013) (62 -0.0123) (64 -0.0121) (14 -0.0114) (86 0.0113) (18 -0.0107) (20 -0.0104) (59 -0.0103) (42 0.01) 
   0.0026149   (24 0.648) (22 -0.417) (23 -0.28) (20 0.256) (19 -0.232) (56 -0.219) (18 0.19) (25 0.181) (27 0.16) (15 0.13) (33 -0.0856) (52 -0.0813) (57 0.0662) (37 -0.0594) (44 0.0577) (16 -0.0572) (30 0.0554) (55 0.0524) (34 0.0513) (53 0.0378) (47 0.035) (36 0.0327) (60 0.0326) (35 -0.0291) (46 -0.0243) (31 -0.0237) (13 0.0235) (26 -0.0222) (77 -0.0217) (42 -0.0202) (12 -0.0193) (78 0.0186) (48 -0.0183) (70 0.015) (68 0.014) (74 0.0139) (120 -0.0135) (14 0.0129) (39 -0.0123) (65 -0.0122) (29 -0.0121) (124 0.0105) 
   0.0026568   (60 -0.859) (56 0.309) (61 0.209) (57 0.193) (55 -0.128) (52 0.118) (78 -0.0805) (77 0.0769) (47 -0.0697) (24 0.0676) (22 -0.0607) (132 0.0487) (59 -0.0453) (51 -0.0424) (72 0.0409) (46 0.0406) (19 -0.0404) (48 0.0381) (53 -0.0376) (23 -0.0351) (20 0.0333) (79 0.0325) (54 0.0314) (131 -0.0306) (15 0.0289) (62 0.0257) (18 0.025) (84 -0.0238) (44 -0.0233) (108 -0.0209) (107 0.0206) (25 0.0206) (16 -0.019) (124 0.0187) (109 0.0183) (73 -0.0178) (71 0.0176) (80 -0.0173) (76 -0.0164) (123 0.0137) (69 0.0135) (119 -0.0126) (74 -0.0125) (67 0.0124) (118 0.0121) (33 0.012) (42 0.0118) (90 -0.0117) (41 -0.0113) (64 0.0106) (68 0.0105) (38 0.0103) (121 -0.0102) (66 -0.0102) (82 0.0101) 
   0.0027578   (132 0.667) (56 0.451) (131 -0.372) (57 -0.276) (60 0.203) (50 -0.126) (52 0.122) (53 -0.092) (55 -0.0906) (24 0.0873) (22 -0.078) (44 -0.0595) (43 -0.0561) (19 -0.0506) (61 -0.0495) (47 -0.048) (23 -0.0454) (51 0.0445) (20 0.0419) (48 0.0373) (68 -0.0338) (18 0.0329) (70 -0.032) (77 0.0312) (25 0.0284) (16 -0.0281) (65 0.0273) (15 0.0268) (78 -0.025) (74 -0.022) (72 -0.0219) (40 -0.0218) (67 0.0192) (84 0.0191) (33 0.0184) (120 0.0176) (37 0.0175) (45 -0.0161) (49 -0.0155) (59 0.0151) (27 0.0137) (34 -0.013) (129 -0.0105) 
   0.0028841   (56 -0.563) (132 0.562) (131 -0.311) (57 0.31) (60 -0.163) (52 -0.156) (50 0.148) (55 0.119) (53 0.113) (24 -0.11) (22 0.0982) (44 0.0728) (43 0.0668) (19 0.0638) (47 0.0636) (23 0.0572) (20 -0.0529) (51 -0.0486) (48 -0.0478) (77 -0.0436) (18 -0.0414) (61 0.0398) (68 0.0393) (70 0.0375) (78 0.0365) (25 -0.0357) (16 0.0351) (15 -0.0347) (65 -0.0317) (124 0.0302) (120 -0.0302) (74 0.0274) (40 0.0264) (123 0.024) (67 -0.0239) (33 -0.023) (72 0.0226) (84 -0.0215) (37 -0.0205) (45 0.02) (49 0.0176) (27 -0.0169) (34 0.0163) (122 0.0161) (107 0.0154) (129 -0.0144) (59 -0.0138) (46 -0.0137) (125 -0.0126) (63 -0.0103) 
   0.0035882   (40 -0.639) (41 -0.595) (65 -0.27) (39 0.204) (44 0.185) (84 -0.137) (43 0.13) (67 0.111) (57 -0.0816) (37 0.0627) (42 -0.06) (33 0.0535) (38 0.0485) (63 -0.0421) (87 0.0401) (47 0.038) (66 -0.0369) (52 -0.0354) (72 0.0328) (127 -0.0323) (64 0.0314) (34 -0.0282) (51 -0.028) (30 -0.0274) (55 -0.0269) (16 -0.0247) (50 0.0227) (32 -0.0225) (69 0.0209) (73 -0.0206) (96 0.0205) (46 -0.0195) (90 0.0172) (78 0.0164) (31 -0.0164) (107 -0.0158) (22 -0.0143) (19 -0.0141) (45 0.0135) (27 -0.0132) (24 -0.0131) (15 -0.013) (53 0.0122) (49 -0.012) (91 -0.0119) (109 -0.0117) (82 0.0105) 
   0.0037327   (84 -0.857) (127 -0.358) (65 0.21) (87 0.17) (67 -0.0962) (90 0.075) (57 0.071) (107 -0.0643) (77 -0.0549) (85 0.0541) (78 0.0522) (86 -0.0458) (44 -0.044) (96 0.0411) (92 0.0402) (41 0.0401) (109 -0.04) (60 0.0388) (52 0.0377) (40 0.0374) (43 -0.0325) (63 0.0324) (123 -0.0291) (66 0.0288) (120 0.0283) (91 -0.0267) (47 -0.0266) (103 -0.026) (88 0.0258) (64 -0.0243) (50 -0.0241) (69 -0.0233) (126 0.0216) (93 -0.0205) (56 0.02) (94 -0.0196) (39 -0.0183) (129 0.0174) (83 0.0167) (79 0.0158) (48 0.0151) (51 0.0145) (71 0.0144) (49 -0.014) (102 0.0139) (89 -0.0137) (122 0.0137) (112 0.0122) (54 0.012) (55 -0.0115) (61 -0.0115) (101 -0.0111) (33 0.0105) (105 -0.0101) 
   0.0039106   (127 -0.703) (65 0.454) (84 0.388) (67 -0.196) (40 -0.147) (41 -0.138) (50 0.0949) (87 -0.0842) (57 0.0833) (72 -0.0808) (63 0.0661) (66 0.0643) (39 0.052) (129 0.0507) (78 -0.0502) (64 -0.0501) (43 0.0501) (90 -0.0477) (73 0.0396) (69 -0.039) (107 0.0326) (77 0.0317) (96 -0.0297) (85 -0.0287) (52 0.0265) (109 0.0263) (74 -0.0261) (51 -0.0227) (91 0.0225) (86 0.0221) (76 0.021) (49 0.0207) (92 -0.0191) (44 0.0186) (33 0.0186) (60 0.0172) (56 0.0163) (37 0.0159) (48 -0.0158) (103 0.0155) (38 0.0153) (46 0.0148) (45 0.0143) (75 -0.0132) (94 0.0131) (82 -0.0122) (14 0.0119) (30 -0.0116) (15 0.0102) (126 0.01) 
   0.0040702   (65 -0.633) (127 -0.608) (67 0.276) (40 0.181) (41 0.167) (57 -0.134) (50 -0.0947) (63 -0.0931) (72 0.0925) (66 -0.0892) (64 0.0704) (84 0.0658) (39 -0.0601) (69 0.0576) (129 0.0537) (52 -0.0512) (73 -0.047) (43 -0.0447) (60 -0.0428) (33 -0.0308) (56 -0.0304) (76 -0.0267) (78 0.0253) (38 -0.0242) (74 0.0241) (37 -0.0224) (46 -0.0218) (51 0.0185) (79 -0.0182) (75 0.0174) (34 0.0166) (14 -0.0162) (30 0.0154) (61 0.0152) (109 -0.0147) (49 -0.0144) (22 0.0136) (47 0.0132) (93 0.0132) (96 0.0129) (83 -0.0129) (90 0.0119) (15 -0.0118) (45 -0.0117) (16 0.0114) (19 0.0113) (80 0.0112) (120 -0.011) (82 0.0109) (91 -0.0107) (70 -0.0106) (107 -0.0102) 
   0.0041138   (105 0.594) (96 -0.317) (103 0.28) (123 -0.253) (101 0.207) (110 -0.199) (108 -0.192) (120 -0.186) (98 -0.173) (106 -0.168) (107 -0.163) (112 -0.155) (119 -0.133) (117 -0.132) (99 -0.119) (97 -0.112) (102 -0.111) (122 0.106) (114 -0.0909) (121 -0.0829) (111 -0.0742) (50 0.0673) (91 -0.0645) (118 0.059) (109 -0.0568) (115 -0.0526) (94 0.0502) (90 -0.0438) (100 -0.0374) (116 -0.0336) (84 -0.03) (104 0.0293) (82 -0.0281) (71 0.0278) (51 -0.0278) (55 -0.0241) (92 -0.0206) (72 0.0203) (93 -0.0188) (113 -0.0182) (124 -0.0181) (65 -0.0168) (60 0.0151) (81 -0.0147) (56 0.0142) (80 -0.0138) (125 -0.0131) (89 0.013) (141 -0.0126) (85 -0.0123) (86 0.0122) (79 0.0114) (83 0.0104) 
   0.0042487   (141 -0.997) (146 0.0521) (145 -0.0256) (123 -0.0208) (140 0.0181) (96 0.0143) (105 -0.0137) (142 0.0128) (120 -0.0107) 
   0.0043717   (50 0.809) (51 -0.302) (55 -0.242) (56 0.148) (49 0.144) (71 0.125) (53 0.104) (48 -0.102) (60 0.0991) (65 -0.0971) (72 0.0944) (57 -0.0927) (43 0.0873) (52 0.0842) (40 0.0763) (123 0.0716) (45 0.0625) (84 -0.0619) (15 0.0616) (107 0.0596) (105 -0.0516) (46 0.0506) (82 -0.0503) (41 0.0488) (120 0.0476) (96 -0.0413) (119 0.0385) (74 0.0375) (68 0.037) (117 0.0352) (80 -0.031) (47 0.0303) (54 -0.0295) (90 -0.0291) (122 -0.0287) (63 -0.0282) (81 -0.0272) (87 -0.0263) (118 -0.0254) (121 0.0248) (109 0.024) (24 0.0237) (16 0.0235) (108 0.0232) (103 -0.0221) (79 0.0217) (101 -0.0209) (32 0.0202) (61 -0.0201) (92 0.0199) (64 0.0188) (38 -0.0187) (112 -0.0186) (115 0.0184) (110 0.0172) (69 -0.0168) (83 0.0167) (59 0.0165) (124 0.0165) (111 -0.0157) (104 -0.0154) (66 -0.0145) (14 -0.0128) (98 0.0126) (97 -0.0125) (42 0.0122) (13 0.0121) (33 -0.0109) (12 -0.0109) (106 0.0105) (31 0.0102) 
   0.0044243   (71 0.561) (45 0.448) (81 -0.322) (46 0.321) (80 -0.266) (83 0.171) (50 -0.171) (72 0.159) (93 -0.155) (87 -0.129) (69 -0.0903) (76 -0.0785) (43 0.0773) (78 0.0771) (79 0.0665) (98 -0.0636) (48 0.0585) (49 -0.0563) (109 -0.0562) (100 0.0559) (97 0.0524) (67 -0.0521) (51 0.051) (44 0.0473) (113 0.0468) (77 0.0454) (68 0.0442) (105 -0.0406) (89 0.0347) (85 -0.034) (47 0.0334) (107 0.0331) (75 0.0295) (60 0.0293) (73 -0.0284) (90 0.0272) (156 0.0265) (114 0.0234) (123 -0.0233) (74 0.0223) (70 0.022) (54 0.0209) (99 0.0206) (96 0.0196) (101 -0.0189) (118 0.0177) (57 0.0175) (82 -0.0168) (115 -0.0166) (122 0.0165) (42 0.0157) (21 -0.0155) (117 -0.0154) (119 -0.0152) (88 -0.0137) (112 0.0129) (40 0.0125) (91 -0.0124) (63 -0.0123) (103 0.0121) (52 0.0114) (104 0.0111) (35 -0.0108) 
   0.0045763   (156 0.999) (45 -0.0266) (46 -0.0191) 
   0.0046623   (45 0.625) (71 -0.484) (46 0.451) (81 0.147) (80 0.145) (43 0.136) (72 -0.134) (79 -0.13) (87 0.0964) (44 0.087) (69 0.079) (109 0.077) (83 -0.0752) (47 0.0721) (67 0.0605) (90 0.0584) (40 0.0552) (68 -0.0416) (100 -0.0372) (76 0.0357) (113 -0.0357) (98 0.034) (85 0.0339) (48 0.0334) (105 0.0301) (78 -0.029) (38 -0.0288) (96 -0.0277) (41 0.0273) (49 -0.0262) (37 0.0252) (75 -0.0246) (86 -0.0232) (15 0.0231) (57 -0.023) (156 0.0228) (73 0.0227) (123 0.0225) (114 -0.0207) (118 -0.0194) (122 -0.0193) (39 0.0179) (14 -0.0179) (63 0.0176) (93 -0.0162) (115 0.0154) (97 -0.0145) (42 0.0144) (117 0.0137) (54 -0.0137) (110 -0.0136) (112 -0.0134) (35 -0.0134) (56 0.0124) (70 -0.0123) (60 -0.0123) (55 -0.0119) (101 0.0118) (24 0.0117) (82 -0.0114) (84 -0.0109) (36 -0.0108) (102 0.0103) 
   0.0047569   (21 0.95) (136 -0.282) (20 -0.0772) (24 0.0566) (22 0.0516) (15 -0.0308) (16 -0.0299) (19 -0.0239) (23 0.021) (17 -0.0199) (45 0.0143) (35 0.0142) (27 0.0137) (30 0.0132) (7 -0.0124) (36 0.0117) (46 0.0109) (33 -0.0108) (25 0.0106) 
   0.0049207   (136 -0.959) (21 -0.279) (20 0.0227) (24 -0.0166) (22 -0.0151) (7 -0.0132) 
   0.0051281   (7 1) (136 -0.0161) 
   0.0053329   (5 1) 
   0.0054026   (31 -0.432) (27 0.39) (32 0.384) (28 0.352) (135 -0.303) (37 0.299) (14 0.238) (29 -0.202) (30 -0.193) (35 0.161) (38 -0.113) (36 -0.0716) (17 -0.0653) (39 0.0643) (19 0.0584) (25 -0.0525) (16 0.044) (33 -0.0366) (23 -0.0365) (34 -0.0346) (44 0.0324) (41 0.0299) (22 0.0295) (78 0.0272) (15 -0.0249) (43 -0.0248) (77 -0.0242) (20 -0.0239) (47 0.0233) (18 -0.0211) (11 -0.0189) (40 0.0186) (12 -0.0113) (46 -0.0106) (42 -0.0106) (68 0.0101) 
   0.0054239   (135 -0.953) (31 0.137) (27 -0.124) (32 -0.122) (28 -0.112) (37 -0.0952) (14 -0.0759) (29 0.0643) (30 0.0616) (35 -0.0512) (38 0.0359) (36 0.0228) (17 0.0208) (39 -0.0204) (19 -0.0186) (25 0.0167) (16 -0.014) (33 0.0117) (23 0.0116) (34 0.011) (44 -0.0103) 
   0.0056468   (10 0.768) (17 0.494) (16 0.296) (14 0.203) (15 -0.108) (27 -0.0975) (19 -0.093) (22 -0.0463) (37 0.0342) (25 0.0305) (23 0.0223) (21 0.0215) (20 0.0193) (28 -0.0171) (38 -0.012) (35 0.011) 
   0.0057326   (144 0.999) (10 -0.0267) (17 0.0215) (16 0.0128) 
   0.0060397   (10 0.639) (17 -0.598) (16 -0.356) (14 -0.222) (15 0.123) (27 0.122) (19 0.117) (22 0.0592) (37 -0.0437) (144 0.0383) (25 -0.0373) (23 -0.0283) (20 -0.0256) (21 -0.0255) (28 0.0199) (11 0.0184) (31 0.0152) (38 0.0142) (35 -0.0141) (12 0.014) (30 0.0115) (78 -0.0113) (77 0.0113) 
   0.0063892   (13 -0.887) (12 0.31) (43 -0.283) (40 -0.0914) (42 -0.0837) (45 0.0659) (47 0.0514) (41 0.0467) (14 0.0446) (50 0.0441) (15 0.0431) (39 -0.0368) (37 -0.0298) (38 0.0297) (44 0.026) (48 -0.0234) (46 0.0175) (36 0.0155) (30 0.0153) (31 -0.0141) (49 0.0135) (60 -0.0106) (32 -0.0105) 
   0.0067871   (143 -0.999) (43 -0.0329) (13 0.0152) 
    0.006941   (43 0.811) (13 -0.317) (40 0.244) (42 0.218) (45 -0.161) (47 -0.129) (39 0.11) (12 0.107) (37 0.103) (41 -0.0984) (38 -0.0918) (50 -0.0905) (44 -0.0819) (48 0.0527) (143 -0.0414) (36 -0.0413) (15 0.0412) (46 -0.0392) (74 0.0317) (14 -0.0316) (31 0.0303) (49 -0.0296) (27 -0.0295) (30 -0.0288) (32 0.0284) (24 0.025) (35 0.0244) (18 0.024) (59 -0.0232) (60 0.0214) (80 0.0201) (20 0.0198) (64 0.0178) (79 0.0176) (107 0.0161) (109 0.0158) (56 0.0157) (67 0.0153) (52 0.0151) (55 -0.0146) (84 -0.0141) (81 -0.014) (61 -0.014) (22 -0.0139) (19 -0.0138) (17 0.0133) (63 -0.0131) (34 0.0116) (66 0.0114) (73 -0.0112) (62 0.0111) (72 -0.0105) (28 -0.0101) 
   0.0076517   (12 0.894) (13 0.315) (31 -0.188) (32 -0.176) (30 0.165) (14 0.044) (36 -0.0341) (29 -0.0296) (33 0.0252) (42 0.0252) (40 0.0235) (35 0.0176) (66 0.0175) (15 0.0159) (138 0.0143) (41 -0.0141) (68 0.0123) (37 0.0119) (38 -0.0107) (18 -0.0103) 
   0.0083205   (138 0.993) (31 -0.0652) (32 -0.0631) (30 0.0575) (12 -0.0489) (13 -0.0167) (29 -0.0105) 

 Largest eigenvalues
      83.693   (162 -0.233) (163 0.96) 
       34.49   (37 0.456) (47 0.316) 
      28.856   (77 0.509) (78 -0.557) 
      15.528   (107 0.653) (109 0.605) 
      4.5831   (120 0.376) (123 0.553) 
       1.465   (162 -0.972) (163 -0.229) 
       1.224   (164 -0.998) 
      1.1473   (165 0.997) 
      1.1418   (91 0.907) (101 -0.252) 
       1.135   (101 0.776) (106 0.495) 
      1.1266   (101 0.352) (106 -0.796) 
     0.91838   (111 0.355) (115 -0.765) 
     0.91799   (103 -0.307) (104 0.841) 
     0.86075   (98 -0.44) (99 -0.543) (100 -0.426) 
     0.84649   (111 -0.586) (112 0.301) (124 0.305) 
     0.75812   (110 -0.482) (111 0.326) (115 0.373) (124 0.305) 
     0.67148   (110 0.714) (111 0.303) 
     0.67026   (96 -0.739) (97 -0.268) (98 0.23) (99 0.239) (110 0.225) 
     0.66342   (114 -0.486) (125 0.299) (126 0.426) (146 -0.359) 
     0.60521   (111 -0.323) (112 -0.564) (114 0.44) 
     0.59819   (108 0.586) (112 0.329) (114 0.507) 
     0.57601   (108 -0.676) (110 -0.289) (112 0.398) 
     0.57339   (114 -0.356) (121 0.37) (123 -0.418) (129 -0.296) (134 0.371) 
     0.56767   (121 -0.345) (122 0.352) (123 0.342) (124 0.547) (134 0.317) 
     0.56001   (118 0.354) (119 -0.394) (120 0.541) 
     0.54501   (117 -0.706) (118 -0.404) 
     0.52743   (116 0.437) (117 0.327) (119 0.303) (122 0.395) (125 0.323) (134 0.319) 
     0.50164   (116 -0.655) (118 0.255) (121 0.249) (125 0.266) (126 0.272) (129 0.218) (134 0.285) (146 0.267) 
     0.49344   (116 0.532) (117 -0.324) (126 0.393) (146 0.316) 
     0.41334   (92 0.972) 
     0.41287   (118 -0.35) (121 -0.355) (129 -0.361) (146 0.359) 
     0.35543   (94 -0.926) (103 0.213) 
     0.33689   (94 0.331) (103 0.67) (104 0.343) (105 -0.41) 
     0.30283   (102 -0.81) 
     0.30143   (87 0.23) (98 -0.398) (100 0.272) (113 -0.327) (119 0.253) (129 -0.278) 
     0.24774   (79 -0.347) (87 -0.661) 
     0.23834   (79 0.497) (98 0.483) 
     0.23029   (79 -0.507) (87 0.598) 
     0.22925   (98 -0.337) (107 0.286) (109 -0.327) (113 0.538) 
     0.18143   (90 -0.808) (93 0.416) 
     0.16239   (90 0.377) (97 -0.521) (109 0.347) 
     0.15224   (86 -0.291) (93 -0.618) 
      0.1379   (85 -0.543) (86 0.706) 
     0.13123   (89 -0.736) (93 0.341) (97 0.286) 
     0.12528   (79 0.405) (81 0.505) (83 -0.425) 
     0.11956   (77 0.259) (80 -0.297) (89 0.262) (93 0.245) 
     0.11301   (59 0.368) (63 -0.327) (69 0.365) 
     0.10768   (58 0.449) (59 -0.617) 
     0.10226   (58 -0.555) (63 0.377) 
     0.09448   (58 0.487) (59 0.297) (63 -0.3) 
    0.090277   (58 -0.448) (59 -0.527) 
    0.080121   (63 0.603) (83 -0.289) 
    0.078816   (63 -0.283) (64 -0.723) (67 0.26) (83 -0.208) 
    0.073939   (61 -0.413) (62 0.437) (64 0.464) 
    0.072838   (61 0.631) (62 -0.32) 
    0.066206   (61 -0.329) (67 -0.304) (119 0.316) 
    0.063274   (61 0.285) (68 0.255) (74 -0.285) (78 0.263) (81 0.251) 
    0.061007   (61 -0.327) (62 -0.56) 
    0.058908   (61 0.231) (62 0.517) (68 -0.272) (74 0.257) (77 -0.206) (85 -0.213) 
     0.05568   (66 -0.311) (68 0.443) (69 0.303) (72 -0.278) (76 -0.31) 
    0.053372   (66 0.451) (74 -0.301) (80 0.278) (81 -0.323) 
    0.049668   (66 -0.54) (76 0.333) 
    0.047695   (66 0.508) (68 0.323) 
    0.046251   (74 -0.246) (76 -0.36) (77 -0.217) (80 -0.276) (81 0.312) (83 0.268) (88 0.266) 
     0.04415   (33 -0.46) (34 -0.718) (41 0.308) 
    0.042145   (33 0.287) (34 0.392) (40 -0.408) (41 0.519) (42 -0.378) 
    0.041395   (75 -0.428) (85 -0.27) (88 0.257) (99 0.247) 
     0.04091   (48 -0.449) (49 -0.366) (51 -0.438) (75 0.386) 
    0.032237   (48 0.384) (49 0.297) (51 0.342) (75 0.575) 
    0.031675   (20 -0.288) (26 0.68) (29 0.436) 
    0.029444   (18 0.474) (20 -0.477) (26 -0.524) 
    0.027581   (20 0.348) (26 -0.293) (29 0.387) (42 0.457) (88 -0.276) 
    0.026106   (26 0.359) (29 -0.683) 
    0.021435   (42 -0.492) (75 -0.323) (85 0.29) (88 -0.456) 
    0.020709   (120 -0.295) (126 -0.307) (131 0.594) (132 0.33) (134 0.352) 
    0.020557   (128 -0.578) (160 -0.809) 
    0.019044   (128 -0.577) (160 0.312) (161 0.755) 
    0.016903   (128 -0.577) (160 0.497) (161 -0.647) 
    0.015405   (15 0.897) (16 0.399) 
    0.014691   (139 -0.996) 
