 1 31.6228
 2 23.4844
 3 1.13007
 4 31.6228
 5 23.7247
 6 3.03277
 7 31.6219
 8 1.43387
 9 31.0718
 10 29.9637
 11 1.07655
 12 26.9365
 13 31.6228
 14 31.6111
 15 0.90244
 16 31.6228
 17 31.6041
 18 0.917384
 19 31.6228
 20 30.9536
 21 1.61069
 22 31.6228
 23 31.4816
 24 1.06143
 25 15.0347
 26 15.5498
 27 1.57703
 28 31.4981
 29 14.8663
 30 7.8015
 31 22.4708
 32 4.79377
 33 24.8052
 34 14.4997
 35 9.55178
 36 12.926
 37 31.4433
 38 31.5778
 39 1.36099
 40 24.0395
 41 31.1343
 42 1.29285
 43 21.3574
 44 28.9961
 45 1.788
 46 31.5715
 47 23.4419
 48 9.91321
 49 30.8732
 50 13.141
 51 13.5782
 52 10.2047
 53 30.9688
 54 16.4274
 55 7.21131
 56 13.1997
 57 30.4633
 58 8.47353
 59 8.77766
 60 9.71328
 61 4.84158
 62 1.31744
 63 14.211
 64 18.3083
 65 0.981636
 66 19.2747
 67 30.2221
 68 2.89084
 69 31.6203
 70 31.6228
 71 31.4238
 72 1.50627
 73 31.6173
 74 1.63196
 75 31.3491
 76 31.4428
 77 1.48176
 78 28.2048
 79 31.6062
 80 2.67962
 81 30.3207
 82 31.4557
 83 19.5368
 84 1.34712
 85 10.8774
 86 1.38459
 87 30.8793
 88 1.10095
 89 1.0465
 90 1.23136
 91 2.44405
 92 18.7934
 93 27.4018
 94 20.9554
 95 27.642
 96 29.9066
 97 17.9715
 98 14.9561
 99 9.67212
 100 26.6271
 101 30.4373
 102 9.58853
 103 11.9761
 104 11.3428
 105 11.1724
 106 12.4955
 107 12.5568
 108 12.6466
 109 10.4922
 110 8.3058
 111 13.1067
 112 14.025
 113 13.3381
 114 12.5548
 115 12.7571
 116 10.6994
 117 12.562
 118 13.4417
 119 11.6874
 120 8.85094
 121 10.7804
 122 6.80262
 123 7.61753
 124 5.68177
 125 5.24011
 126 6.82785
 127 4.61866
 128 9.27919
 129 7.40327
 130 7.30724
 131 4.09974
 132 4.44992
 133 4.66876
 134 5.92276
 135 2.72999
 136 6.80511
 137 2.99942
 138 2.88877
 139 2.87281
 140 3.15101
 141 3.1237
 142 2.68484
 143 2.83196
 144 3.73452
 145 3.74179
 146 3.38326
 147 2.96871
 148 4.90094
 149 3.93642
 150 3.32763
 151 3.51562
 152 4.70586
 153 4.54401
 154 3.66714
 155 4.35385
 156 4.77152
 157 6.75625
 158 0.193548
 159 0.276776
 160 0.271978
 161 1.41364
 162 5.09389
 163 11.7561
 164 15.5384
 165 0.9074
