 1 61395.3
 2 597.459
 3 5.34306
 4 247390
 5 638.641
 6 55.9625
 7 723633
 8 92.333
 9 6139.15
 10 2731.05
 11 7.74172
 12 1410.24
 13 824480
 14 7827.4
 15 0.816066
 16 700066
 17 5035.21
 18 1.75154
 19 161203
 20 2812.32
 21 58.1794
 22 267635
 23 3950.32
 24 15.7968
 25 254.149
 26 311.381
 27 12.9078
 28 3359.98
 29 360.772
 30 173.792
 31 527.721
 32 117.296
 33 745.921
 34 221.985
 35 201.396
 36 283.622
 37 1532.41
 38 3119.66
 39 6.26703
 40 937.613
 41 4907.07
 42 2.0022
 43 651.48
 44 1509
 45 23.8998
 46 6848.83
 47 2000.48
 48 680.068
 49 2022.64
 50 184.978
 51 316.889
 52 232.878
 53 2996.79
 54 301.477
 55 142.468
 56 302.154
 57 1347.59
 58 81.8377
 59 143.046
 60 169.995
 61 29.2642
 62 1.76352
 63 212.529
 64 392.54
 65 1.92859
 66 423.019
 67 3659.62
 68 181.615
 69 98047.9
 70 344990
 71 3135.06
 72 18.1952
 73 21619.6
 74 99.4478
 75 10601
 76 10831.6
 77 8.62122
 78 1299.04
 79 11098.2
 80 106.394
 81 2256.87
 82 2262.67
 83 442.376
 84 2.49129
 85 170.883
 86 2.70704
 87 2123.14
 88 1.71322
 89 1.64153
 90 1.88443
 91 9.38755
 92 508.864
 93 1460.13
 94 902.939
 95 1572.99
 96 1960.14
 97 395.594
 98 292.34
 99 144.099
 100 887.212
 101 1559.91
 102 117.766
 103 163.306
 104 148.158
 105 141.16
 106 168.162
 107 172.116
 108 175.265
 109 129.742
 110 96.5935
 111 190.253
 112 207.223
 113 189.626
 114 172.102
 115 183.08
 116 141.438
 117 179.812
 118 199.251
 119 154.574
 120 92.967
 121 126.518
 122 49.6667
 123 61.2271
 124 38.5871
 125 30.82
 126 50.9835
 127 28.6607
 128 99.241
 129 69.3084
 130 63.1767
 131 20.1742
 132 20.916
 133 23.2883
 134 36.9275
 135 9.12012
 136 47.5224
 137 10.394
 138 9.48244
 139 9.34336
 140 11.0155
 141 12.0177
 142 8.95454
 143 9.47581
 144 15.1293
 145 15.0481
 146 12.7196
 147 10.3089
 148 25.176
 149 16.9311
 150 12.5034
 151 13.95
 152 23.4697
 153 22.2376
 154 14.6417
 155 19.9422
 156 23.9597
 157 46.9531
 158 0.265235
 159 0.129966
 160 0.180266
 161 3.9373
 162 33.7325
 163 194.25
 164 263.215
 165 6.52653
