 1 1000
 2 562.978
 3 5.08238
 4 1000
 5 611.92
 6 53.6546
 7 999.957
 8 15.4943
 9 980.311
 10 907.122
 11 4.45216
 12 740.325
 13 1000
 14 999.399
 15 0.814598
 16 1000
 17 999.171
 18 1.01372
 19 1000
 20 977.045
 21 20.8523
 22 1000
 23 995.009
 24 4.6459
 25 237.856
 26 268.948
 27 11.1894
 28 993.552
 29 317.718
 30 153.979
 31 525.74
 32 113.544
 33 720.69
 34 215.146
 35 191.406
 36 268.497
 37 989.808
 38 998.426
 39 3.10216
 40 590.387
 41 973.247
 42 1.74447
 43 481.063
 44 871.896
 45 14.2601
 46 998.112
 47 726.719
 48 275.814
 49 961.46
 50 182.846
 51 274.393
 52 198.719
 53 967.841
 54 274.852
 55 117.06
 56 243.854
 57 946.97
 58 80.1559
 59 128.892
 60 151.997
 61 29.2196
 62 1.76319
 63 211.25
 64 389.13
 65 1.9227
 66 420.435
 67 953.585
 68 48.5486
 69 999.913
 70 1000
 71 992.763
 72 6.99721
 73 999.749
 74 10.4511
 75 990.779
 76 989.738
 77 5.80054
 78 804.349
 79 999.256
 80 41.8151
 81 955.18
 82 991.864
 83 405.556
 84 2.37594
 85 133.233
 86 2.4148
 87 968.75
 88 1.71314
 89 1.64151
 90 1.88431
 91 8.70829
 92 428.024
 93 833.377
 94 554.394
 95 828.688
 96 927.557
 97 374.944
 98 281.382
 99 142.623
 100 755.27
 101 944.786
 102 114.024
 103 160.444
 104 146.382
 105 140.295
 106 167.372
 107 171.203
 108 174.389
 109 128.885
 110 94.8356
 111 189.37
 112 206.242
 113 188.897
 114 171.741
 115 182.59
 116 140.744
 117 179.417
 118 198.935
 119 154.158
 120 91.9352
 121 125.951
 122 49.1815
 123 60.1661
 124 38.2037
 125 30.2867
 126 50.6579
 127 27.414
 128 97.5515
 129 68.2511
 130 62.0711
 131 19.9151
 132 20.7046
 133 23.0054
 134 36.2174
 135 8.89907
 136 47.2415
 137 10.2032
 138 9.26642
 139 9.13557
 140 10.7417
 141 11.4373
 142 8.65287
 143 9.21098
 144 14.8995
 145 14.8059
 146 12.4405
 147 10.0116
 148 24.862
 149 16.5678
 150 12.2361
 151 13.6667
 152 23.0845
 153 21.6227
 154 14.3376
 155 19.7166
 156 23.7582
 157 46.7122
 158 0.22294
 159 0.126026
 160 0.167054
 161 3.75425
 162 31.6553
 163 165.585
 164 258.088
 165 6.0705
