 Smallest eigenvalues
  1.2129e-06   (9 -1) 
  1.3736e-06   (47 0.8) (49 -0.405) (41 0.222) (40 -0.171) (42 -0.134) (39 0.128) (50 0.0924) (154 0.0855) (51 0.082) (57 0.0795) (46 0.0765) (56 -0.0724) (82 0.0668) (44 -0.0656) (43 0.0611) (30 -0.0535) (52 0.0512) (53 -0.0496) (55 0.0462) (13 -0.0416) (81 -0.0377) (15 -0.0371) (59 -0.0364) (68 -0.0347) (31 -0.0323) (48 -0.0295) (17 -0.0282) (21 0.0269) (78 0.0267) (34 0.026) (38 0.0259) (20 0.0253) (67 0.025) (84 0.024) (24 -0.0229) (54 0.0225) (26 -0.0209) (29 -0.0208) (77 0.0208) (25 0.0175) (37 -0.0171) (61 0.0166) (27 -0.0152) (79 -0.0149) (76 -0.0149) (66 -0.0148) (22 0.0137) (16 -0.0134) (74 0.0126) (88 0.0122) (89 -0.0113) (72 0.0112) (69 0.0108) (23 0.0105) (28 -0.0101) 
  1.4284e-06   (154 0.996) (47 -0.0687) (49 0.0347) (41 -0.0192) (40 0.0148) (42 0.0116) (39 -0.011) 
  2.8986e-06   (6 -1) 
  3.7364e-06   (43 0.5) (46 -0.412) (45 -0.396) (41 0.307) (44 -0.281) (150 -0.281) (47 -0.241) (40 -0.195) (39 0.138) (48 0.124) (42 -0.122) (30 -0.0535) (82 0.0528) (56 -0.0528) (57 0.0483) (13 -0.0358) (31 -0.0334) (15 -0.0315) (53 -0.029) (50 -0.0289) (68 -0.0279) (26 -0.0273) (81 -0.0272) (49 -0.0261) (55 0.0241) (17 -0.024) (20 0.0235) (21 0.0231) (54 0.023) (34 0.0224) (24 -0.0211) (38 0.021) (59 -0.019) (84 0.0179) (78 0.0177) (37 -0.0166) (79 -0.0149) (16 -0.0139) (66 -0.0131) (36 -0.0112) (67 0.0102) 
  4.0422e-06   (150 -0.96) (43 -0.146) (46 0.121) (45 0.116) (41 -0.09) (44 0.0824) (47 0.0706) (40 0.0571) (39 -0.0406) (48 -0.0363) (42 0.0359) (30 0.0157) (56 0.0154) (82 -0.0152) (57 -0.0141) (13 0.0105) 
  6.2034e-06   (2 0.997) (31 -0.0578) (30 -0.0325) (34 -0.027) (33 0.022) 
  1.0196e-05   (153 -0.993) (31 -0.0899) (30 -0.0507) (34 -0.0417) (33 0.0348) (26 -0.0132) (39 -0.0102) 
  1.6288e-05   (31 0.738) (30 0.416) (34 0.343) (33 -0.286) (153 -0.121) (26 0.109) (39 0.0843) (36 -0.0799) (2 0.0767) (17 0.0581) (20 -0.0573) (40 -0.056) (32 0.055) (24 0.0545) (28 0.0513) (15 0.0452) (13 0.0451) (42 -0.0445) (43 0.0382) (82 -0.0366) (41 0.0362) (21 -0.0361) (27 0.0333) (25 -0.026) (44 -0.0257) (81 0.0216) (47 0.0215) (16 0.0205) (48 -0.0199) (22 -0.0173) (23 -0.0146) (29 -0.014) (68 0.0131) (53 0.0121) (56 0.0118) (75 0.0114) 
  3.5233e-05   (20 -0.658) (21 0.481) (45 0.385) (22 0.219) (44 -0.151) (46 0.135) (47 -0.129) (41 0.115) (42 -0.106) (43 0.0946) (40 -0.0919) (17 0.0831) (39 0.0749) (23 -0.0656) (36 -0.0591) (33 0.0381) (56 -0.0378) (30 -0.0327) (24 -0.0313) (32 -0.0303) (28 -0.0302) (26 -0.0297) (25 0.029) (55 0.0282) (15 0.0275) (78 0.0265) (31 -0.0264) (35 -0.0256) (73 0.0254) (29 -0.0244) (72 0.0243) (50 -0.0238) (48 0.0204) (53 -0.0201) (67 0.02) (57 0.0189) (49 -0.0184) (82 0.0175) (62 0.0163) (81 -0.0155) (65 0.014) (19 0.0127) (61 0.0113) (52 -0.011) (84 0.0109) (54 0.0101) 
  8.5599e-05   (155 -0.998) (45 0.0441) (20 0.0287) (21 -0.0185) (44 -0.0164) (47 -0.0158) (46 0.0157) (40 -0.0149) (42 -0.0134) (43 0.0101) 
  8.8428e-05   (45 -0.641) (20 -0.41) (21 0.264) (44 0.238) (47 0.23) (46 -0.229) (40 0.216) (42 0.195) (43 -0.146) (41 -0.139) (22 0.121) (39 -0.102) (17 0.0709) (155 -0.0689) (23 -0.0509) (48 -0.0507) (82 -0.0488) (53 0.0445) (49 0.0414) (15 0.0401) (55 -0.0389) (54 -0.0387) (81 0.0341) (57 -0.0338) (56 0.0315) (13 0.0313) (72 -0.0282) (78 -0.0277) (73 -0.0262) (67 -0.0253) (35 -0.024) (30 0.024) (26 0.0192) (52 0.0185) (65 -0.0174) (59 0.0173) (62 -0.0168) (84 -0.0156) (38 -0.0151) (29 -0.015) (32 0.015) (51 0.0146) (74 -0.0144) (68 0.0143) (25 0.0137) (16 0.013) (31 0.0126) (33 0.012) (37 0.0114) (61 -0.0113) (60 -0.0111) (69 -0.0108) 
   0.0001214   (1 1) 
  0.00013258   (13 -0.93) (15 0.302) (16 0.115) (14 -0.0964) (17 0.0817) (21 -0.0558) (20 -0.0481) (24 0.0431) (30 0.0363) (22 -0.0286) (41 -0.0286) (18 -0.0265) (39 -0.0224) (40 0.0211) (25 -0.0191) (11 0.0191) (12 -0.019) (34 -0.0183) (23 -0.0177) (29 0.0146) (26 0.0138) (31 0.0131) (38 -0.0114) 
  0.00018441   (159 1) 
  0.00020308   (3 1) 
  0.00024957   (16 -0.84) (15 -0.416) (17 0.225) (13 -0.196) (21 -0.0845) (20 -0.0838) (24 0.0713) (18 -0.0541) (30 0.0472) (25 -0.0331) (23 -0.0315) (22 -0.0306) (39 -0.0225) (40 0.0221) (34 -0.0207) (41 -0.0202) (29 0.0171) (31 0.017) (26 0.0143) (158 0.0135) (28 0.0105) 
  0.00025666   (158 1) (16 0.0114) 
  0.00026219   (7 -1) 
  0.00028304   (25 0.935) (27 0.158) (24 -0.145) (152 -0.141) (23 0.112) (30 0.0922) (20 0.077) (17 -0.0726) (21 0.0628) (13 -0.0568) (22 0.0489) (15 -0.0482) (16 -0.0418) (36 -0.0415) (31 0.0388) (47 -0.037) (33 0.0356) (49 -0.0349) (29 0.0284) (48 -0.0284) (39 -0.0271) (41 -0.0236) (32 -0.0232) (40 0.0213) (46 0.0208) (35 0.0168) (45 -0.0165) (82 0.0152) (34 -0.0146) (56 -0.0146) (42 0.0142) (75 0.0108) (26 -0.0101) 
  0.00029064   (152 -0.99) (25 -0.133) (27 -0.0225) (24 0.0206) (23 -0.016) (30 -0.0131) (20 -0.011) (17 0.0104) 
  0.00029678   (5 -1) 
  0.00032069   (18 0.749) (17 -0.59) (20 -0.164) (19 -0.0982) (15 -0.0975) (16 -0.0974) (13 -0.0929) (22 -0.0892) (21 -0.0755) (156 -0.0613) (23 -0.0527) (30 0.0435) (25 -0.0378) (24 0.021) (47 -0.0173) (40 0.0167) (36 -0.0157) (27 0.0151) (82 0.0145) (14 -0.0139) (56 -0.0135) (42 0.0134) (33 0.0133) (29 0.0128) (43 -0.012) (31 0.0103) (49 -0.0101) 
  0.00032467   (156 -0.998) (18 -0.046) (17 0.0362) (20 0.0101) 
  0.00034899   (74 0.692) (57 -0.381) (59 0.351) (73 -0.242) (70 0.204) (66 -0.159) (53 -0.134) (41 0.129) (54 0.102) (55 0.09) (52 -0.0843) (72 0.0842) (82 -0.0763) (46 0.0721) (43 -0.0594) (56 -0.0584) (51 -0.0564) (45 -0.0561) (40 -0.0551) (50 0.0526) (71 -0.0504) (67 -0.05) (44 0.0478) (68 0.0446) (38 0.0407) (60 -0.0396) (34 0.0378) (81 0.0354) (75 0.0337) (48 -0.0326) (39 0.0299) (21 0.0281) (15 -0.0272) (26 -0.0268) (122 0.0261) (30 -0.0258) (13 -0.0252) (89 -0.0235) (47 -0.0225) (20 0.0223) (37 -0.0212) (97 0.0204) (49 0.0199) (101 0.0187) (79 0.0186) (99 -0.0175) (32 0.0172) (88 0.0171) (121 -0.0147) (115 -0.0135) (33 -0.0133) (151 0.0131) (125 -0.0128) (62 -0.0127) (116 0.0125) (29 -0.0123) (104 0.0121) (22 0.0121) (27 -0.0117) (90 -0.0114) (107 -0.0111) (65 0.0106) (98 0.0104) (23 -0.0104) (100 -0.0101) 
  0.00042443   (74 -0.597) (57 -0.436) (59 0.342) (66 -0.233) (73 0.231) (70 0.187) (151 0.186) (41 0.165) (46 0.122) (49 0.105) (39 0.105) (54 0.101) (53 -0.0977) (48 -0.0931) (52 -0.0896) (40 -0.0795) (45 -0.0779) (67 -0.0758) (72 -0.0558) (34 0.0539) (43 -0.0515) (30 -0.0487) (13 -0.0458) (15 -0.0445) (68 0.0433) (38 0.0432) (56 -0.0414) (60 -0.0403) (44 0.0388) (20 0.0366) (26 -0.0363) (55 0.0348) (21 0.033) (119 -0.0322) (78 -0.0293) (37 -0.028) (84 0.0258) (29 -0.0233) (31 -0.0224) (17 -0.0222) (22 0.0215) (65 0.0208) (71 0.0206) (126 -0.0194) (124 -0.0191) (75 -0.0187) (89 -0.0185) (32 0.0175) (33 -0.0174) (51 -0.0165) (116 0.0165) (62 -0.0148) (97 0.0134) (125 0.0131) (134 -0.0129) (27 -0.0128) (122 -0.012) (115 -0.0118) (117 -0.0114) (28 -0.0113) (120 0.0112) (129 -0.0108) (88 0.0108) (118 0.0106) 
   0.0004434   (151 0.982) (74 0.103) (57 0.0877) (59 -0.0693) (66 0.046) (73 -0.0404) (70 -0.0378) (41 -0.0335) (46 -0.0243) (54 -0.0207) (39 -0.0205) (53 0.0205) (49 -0.0202) (52 0.0183) (48 0.0182) (40 0.016) (45 0.0157) (67 0.0149) (34 -0.0109) (43 0.0107) 
  0.00045531   (22 -0.83) (21 0.529) (20 0.0938) (23 0.0626) (24 0.0606) (51 -0.06) (52 0.0455) (49 0.0442) (18 -0.0414) (48 -0.0306) (53 0.0299) (46 0.022) (16 -0.0219) (13 -0.0185) (57 0.0184) (17 -0.018) (39 0.0172) (54 -0.0167) (15 -0.0131) (19 0.013) (26 0.0129) (45 -0.011) (41 0.0104) 
  0.00046454   (148 -0.571) (51 -0.48) (52 0.316) (49 0.307) (48 -0.236) (53 0.22) (41 0.175) (46 0.152) (54 -0.131) (57 0.104) (39 0.0953) (22 0.0904) (50 0.0886) (40 -0.0844) (45 -0.0808) (59 -0.0625) (55 0.0517) (47 0.0482) (30 -0.0464) (34 0.0415) (56 -0.0386) (15 -0.0341) (13 -0.0338) (74 0.0299) (26 -0.0297) (38 0.0289) (43 -0.0288) (21 -0.0253) (31 -0.0237) (82 0.021) (20 0.0198) (68 -0.0194) (37 -0.0177) (44 0.0176) (24 -0.0151) (73 -0.0144) (17 -0.0141) (29 -0.0138) (32 0.0128) (33 -0.012) (81 -0.0116) (42 -0.0114) (67 0.0114) (27 -0.0114) (119 -0.0112) (84 0.0106) 
  0.00049869   (148 -0.821) (51 0.334) (52 -0.22) (49 -0.213) (48 0.164) (53 -0.153) (41 -0.121) (46 -0.105) (54 0.0907) (57 -0.0721) (39 -0.0664) (50 -0.0616) (22 -0.0597) (40 0.0587) (45 0.0562) (59 0.0434) (55 -0.036) (47 -0.0335) (30 0.0322) (34 -0.0289) (56 0.0268) (15 0.0238) (13 0.0236) (74 -0.0208) (26 0.0206) (38 -0.0201) (43 0.02) (31 0.0165) (21 0.0156) (82 -0.0145) (20 -0.0141) (68 0.0135) (37 0.0123) (44 -0.0123) (24 0.0103) (73 0.01) 
  0.00053713   (52 -0.658) (53 0.397) (39 -0.384) (50 0.285) (41 0.22) (40 -0.201) (49 0.149) (48 -0.134) (57 0.102) (51 0.0897) (55 -0.0879) (46 0.0812) (54 -0.0721) (59 -0.0562) (45 -0.053) (56 -0.0502) (42 -0.035) (38 0.0264) (47 0.0216) (70 0.0199) (149 -0.0196) (68 -0.0189) (82 0.016) (21 0.0157) (81 -0.0116) (37 -0.0109) (84 0.0103) 
  0.00053998   (149 -0.932) (39 0.302) (52 -0.125) (40 0.0961) (53 0.0636) (50 0.0582) (41 -0.0557) (30 -0.0246) (57 0.0217) (42 0.0186) (34 0.0182) (55 -0.0157) (43 -0.0155) (44 0.0154) (26 -0.0152) (56 -0.0142) (82 0.0133) (47 -0.0132) (59 -0.0124) (20 0.012) (74 0.012) (15 -0.012) (31 -0.0116) (54 -0.011) (13 -0.0105) 
  0.00054925   (39 -0.757) (149 -0.362) (52 0.357) (40 -0.236) (53 -0.185) (50 -0.165) (41 0.131) (30 0.0632) (57 -0.0613) (34 -0.0471) (42 -0.046) (55 0.0452) (43 0.0405) (26 0.0396) (44 -0.0395) (56 0.0392) (82 -0.0353) (59 0.0348) (47 0.0328) (54 0.0321) (74 -0.0314) (15 0.0311) (20 -0.031) (31 0.0295) (13 0.0273) (68 0.023) (22 -0.0218) (81 0.0194) (21 -0.0176) (73 0.0174) (67 -0.0136) (36 0.0133) (27 0.0131) (23 -0.0131) (33 0.012) (17 0.0117) (32 -0.0116) (46 0.0115) (48 0.0108) 
  0.00056783   (70 -0.912) (57 -0.212) (72 -0.18) (59 0.139) (51 -0.0995) (41 0.0753) (55 0.0746) (71 0.0731) (52 -0.0721) (50 0.0677) (54 0.0593) (67 0.0587) (73 0.0573) (74 0.0501) (53 -0.0463) (49 -0.0435) (66 0.04) (40 -0.039) (43 -0.0354) (146 -0.0336) (82 -0.0282) (44 0.0278) (45 -0.0266) (38 0.026) (46 0.0251) (75 0.0248) (47 -0.0247) (84 0.0247) (21 0.022) (34 0.022) (124 -0.0203) (26 -0.0185) (77 0.0182) (30 -0.0178) (122 0.017) (15 -0.0169) (88 0.0156) (78 -0.0154) (13 -0.015) (89 -0.015) (37 -0.0139) (56 0.0135) (126 -0.0135) (20 0.0133) (90 0.0128) (60 -0.0123) (96 0.0122) (115 -0.0113) (69 -0.0111) (119 -0.0102) (76 0.0102) 
  0.00057869   (146 -0.764) (51 0.41) (49 0.322) (48 -0.189) (50 -0.187) (46 0.107) (53 -0.106) (39 0.0941) (41 0.0931) (57 0.0817) (70 -0.0539) (74 0.0536) (45 -0.0525) (52 0.0511) (54 -0.0448) (47 0.0438) (40 -0.0355) (59 -0.0301) (30 -0.0287) (82 0.0286) (73 -0.026) (66 0.0234) (15 -0.023) (34 0.0222) (20 0.0204) (13 -0.0196) (26 -0.0194) (67 0.0185) (56 0.0162) (68 -0.0161) (31 -0.0152) (38 0.0138) (81 -0.0137) (22 0.0134) (42 -0.0126) (119 -0.0121) (17 -0.012) (21 0.012) (37 -0.0112) (43 -0.0108) (147 -0.0108) 
  0.00059724   (146 -0.644) (51 -0.482) (49 -0.38) (48 0.224) (50 0.219) (53 0.129) (46 -0.129) (41 -0.115) (39 -0.112) (70 0.112) (57 -0.0856) (74 -0.0664) (45 0.0639) (52 -0.0567) (47 -0.0506) (54 0.0499) (40 0.0444) (30 0.0352) (82 -0.0328) (66 -0.0299) (15 0.0283) (59 0.0282) (73 0.028) (34 -0.0277) (20 -0.0251) (67 -0.0251) (13 0.0241) (26 0.0241) (56 -0.02) (68 0.0195) (31 0.0183) (38 -0.0179) (22 -0.0163) (81 0.0161) (21 -0.0155) (43 0.0149) (42 0.0149) (17 0.0144) (37 0.0141) (119 0.0137) (29 0.0118) 
   0.0007006   (38 0.904) (21 0.203) (20 0.168) (22 0.154) (41 -0.145) (24 0.134) (40 0.0959) (37 -0.0931) (39 -0.0733) (15 -0.0703) (34 0.0641) (43 0.052) (13 -0.0516) (17 -0.0466) (46 -0.0418) (44 -0.0396) (45 0.0364) (33 -0.0298) (25 -0.0296) (53 0.0269) (32 0.0255) (57 0.018) (52 0.0175) (23 0.0173) (18 0.0157) (54 -0.0155) (59 -0.014) (47 0.0138) (50 -0.0132) (51 0.0117) 
  0.00078921   (21 0.498) (20 0.422) (24 0.416) (22 0.41) (38 -0.335) (26 0.145) (15 -0.127) (17 -0.127) (30 0.113) (34 -0.103) (23 0.0999) (25 -0.084) (13 -0.0839) (29 0.0559) (37 0.0539) (18 0.0483) (27 0.0477) (32 -0.0424) (31 0.0404) (33 0.0366) (28 0.0357) (142 0.0355) (39 -0.023) (41 -0.0106) 
   0.0010207   (142 0.976) (143 0.214) (21 -0.0194) (20 -0.0165) (24 -0.016) (22 -0.0159) 
   0.0011436   (48 0.537) (46 0.404) (41 0.277) (15 -0.231) (45 -0.226) (43 -0.217) (49 -0.215) (47 -0.211) (53 0.211) (44 0.209) (50 -0.138) (51 0.135) (40 -0.133) (54 -0.131) (16 0.123) (52 0.117) (13 -0.0771) (59 -0.0725) (39 0.0708) (57 0.0621) (38 0.0605) (42 0.0519) (34 0.0509) (56 0.0394) (82 -0.0349) (68 0.0293) (55 -0.0292) (26 -0.0274) (30 -0.026) (33 -0.0247) (37 -0.0241) (81 0.0212) (17 0.0212) (78 -0.0185) (32 0.0184) (67 -0.0172) (70 0.0159) (29 -0.0135) (79 0.0126) (27 -0.0121) (84 0.0115) (66 0.0109) (21 0.0108) 
   0.0012711   (15 -0.777) (16 0.493) (13 -0.153) (20 -0.132) (48 -0.125) (46 -0.115) (17 0.114) (21 -0.107) (41 -0.106) (22 -0.0798) (45 0.0683) (43 0.0647) (44 -0.0597) (34 -0.0532) (26 0.0531) (40 0.053) (30 0.0525) (47 0.0521) (49 0.0469) (39 -0.0457) (53 -0.0451) (38 -0.0334) (50 0.0333) (51 -0.0293) (54 0.0276) (24 0.027) (29 0.0269) (52 -0.0248) (18 -0.0216) (32 -0.0204) (33 0.0204) (27 0.0203) (31 0.0175) (37 0.0144) (59 0.0133) (28 0.0124) (42 -0.0117) (57 -0.0111) (14 0.0108) 
    0.001286   (145 -1) (134 -0.0102) 
    0.001481   (53 -0.615) (54 -0.511) (34 0.326) (55 -0.226) (52 -0.192) (51 -0.183) (30 -0.134) (36 -0.129) (50 0.123) (57 0.113) (59 -0.0914) (31 -0.0842) (32 0.0824) (33 -0.0707) (56 0.0707) (26 -0.0702) (39 -0.0589) (15 -0.0471) (37 0.0467) (21 0.0459) (43 -0.0456) (20 0.0445) (47 -0.0437) (44 0.0392) (13 -0.037) (46 0.0358) (29 -0.0353) (71 0.0346) (38 -0.0329) (45 -0.0323) (27 -0.0315) (41 0.0314) (82 -0.031) (28 -0.0301) (68 0.0294) (22 0.0285) (49 -0.0285) (137 -0.019) (67 -0.0179) (81 0.0151) (73 0.0147) (66 -0.0141) (70 0.0133) (121 -0.0113) (79 0.0109) (17 -0.0102) 
   0.0015221   (34 0.666) (53 0.29) (36 -0.289) (30 -0.268) (54 0.207) (31 -0.184) (41 -0.168) (32 0.154) (38 -0.148) (39 -0.144) (37 0.134) (33 -0.133) (137 -0.112) (26 -0.111) (52 0.0972) (51 0.0959) (55 0.0934) (40 0.0912) (50 -0.0693) (20 0.0672) (15 -0.0636) (46 -0.062) (29 -0.0601) (21 0.0568) (45 0.0546) (43 0.0542) (28 -0.0532) (13 -0.0518) (27 -0.05) (44 -0.045) (22 0.0445) (57 -0.0347) (59 0.0308) (17 -0.0261) (56 -0.0234) (48 0.0233) (47 0.021) (24 -0.0199) (25 0.0193) (82 0.0146) (71 -0.0136) (74 0.0105) 
   0.0015739   (137 -0.993) (34 -0.0816) (36 0.0351) (30 0.0329) (31 0.0224) (53 -0.0208) (134 -0.0204) (32 -0.019) (41 0.0181) (39 0.0173) (38 0.0172) (33 0.0165) (37 -0.016) (26 0.014) (54 -0.0137) (40 -0.0101) 
   0.0016993   (14 0.93) (30 -0.244) (31 0.204) (29 -0.102) (13 -0.1) (34 -0.072) (32 -0.0437) (28 -0.0379) (133 0.0354) (26 -0.0263) (39 -0.0202) (41 -0.0193) (40 0.0172) (15 0.0171) (33 0.0167) (71 -0.0147) (18 0.0142) (24 -0.0141) (38 -0.0139) (37 0.0116) (22 0.0105) (36 0.0103) 
   0.0018025   (30 -0.563) (133 0.522) (31 0.448) (14 -0.317) (29 -0.221) (34 -0.154) (32 -0.0956) (26 -0.0726) (28 -0.0549) (15 -0.0494) (39 -0.0472) (20 0.0424) (41 -0.0379) (24 -0.0351) (21 0.0349) (17 -0.0338) (33 0.0304) (37 0.0276) (36 0.0252) (40 0.0251) (38 -0.0238) (27 -0.0218) (35 -0.0208) (22 0.0197) (25 0.0184) (42 0.017) (19 0.0163) (23 0.0147) (16 -0.0138) (44 0.0134) (46 -0.0129) (50 0.0124) (45 0.0102) (48 0.0102) 
   0.0020596   (133 0.852) (30 0.355) (31 -0.283) (14 0.156) (29 0.14) (34 0.0973) (32 0.0604) (26 0.0456) (28 0.0352) (39 0.0297) (15 0.0296) (20 -0.0261) (41 0.024) (24 0.0221) (21 -0.0216) (17 0.0212) (33 -0.0193) (37 -0.0174) (40 -0.0161) (36 -0.0159) (38 0.0151) (27 0.0137) (35 0.0131) (22 -0.0125) (25 -0.0116) (42 -0.0105) (19 -0.0101) 
   0.0021448   (29 -0.91) (30 0.275) (50 0.205) (31 -0.147) (52 0.0867) (51 0.0843) (26 -0.0433) (48 0.043) (34 -0.0385) (72 0.0359) (20 0.0322) (49 0.0311) (28 -0.0292) (27 0.0273) (37 0.0239) (46 -0.0238) (47 -0.0229) (41 -0.0225) (35 0.0223) (45 0.0217) (54 -0.0211) (73 -0.0203) (59 0.018) (130 0.0179) (56 -0.0177) (74 -0.0171) (42 0.0159) (15 -0.0141) (36 0.0129) (23 -0.0119) (67 0.0115) (38 -0.0112) (71 -0.0109) (22 0.0104) 
   0.0023441   (72 0.672) (73 -0.411) (67 0.273) (74 -0.244) (130 0.221) (71 -0.212) (77 -0.179) (69 -0.137) (70 -0.134) (82 -0.101) (59 0.0845) (66 0.0724) (56 0.0672) (78 -0.0667) (68 -0.0666) (54 0.0629) (40 -0.0574) (129 0.0558) (51 -0.055) (75 -0.0511) (81 0.0498) (55 -0.0494) (50 -0.0475) (64 0.047) (62 0.0438) (83 -0.0399) (52 -0.0386) (86 0.0353) (61 0.0331) (49 -0.0318) (105 -0.0316) (53 -0.0294) (44 0.0283) (42 -0.0276) (79 -0.0273) (76 0.0271) (45 -0.0271) (101 -0.026) (29 0.0256) (102 0.0248) (43 -0.0225) (80 0.0215) (48 -0.0209) (84 0.0207) (30 -0.0206) (63 0.0202) (46 0.017) (131 0.0156) (60 -0.015) (89 -0.0146) (93 -0.0142) (87 0.0135) (85 -0.0116) (90 0.0113) (58 -0.0108) (47 -0.0107) (38 0.0104) (34 0.0101) (118 -0.01) 
   0.0024287   (130 0.593) (50 -0.59) (52 -0.267) (51 -0.255) (29 -0.181) (72 -0.164) (129 0.141) (48 -0.103) (42 -0.086) (54 0.0855) (131 0.0847) (59 -0.0824) (73 0.0802) (74 0.0767) (49 -0.0722) (56 0.0714) (45 -0.0462) (47 0.0458) (57 0.0398) (30 0.039) (46 0.038) (69 0.037) (67 -0.0344) (71 0.0342) (70 0.0339) (40 -0.0254) (77 0.0222) (35 0.0219) (84 -0.0203) (78 0.0199) (82 0.0183) (41 -0.0178) (61 -0.0174) (64 -0.0174) (20 0.0163) (31 -0.0162) (80 -0.0161) (26 -0.0158) (43 -0.0143) (75 0.0139) (68 0.0139) (60 0.0134) (81 -0.0132) (53 0.0127) (65 0.0125) (119 0.0122) (91 0.0118) (90 -0.0117) (102 -0.0112) (115 0.0104) (85 -0.0103) (88 0.0103) 
   0.0024923   (130 0.721) (50 0.491) (52 0.228) (51 0.222) (129 0.178) (29 0.163) (131 0.132) (48 0.0897) (54 -0.0885) (56 -0.0784) (42 0.0782) (72 -0.0705) (49 0.0679) (73 0.0593) (67 -0.0552) (45 0.0455) (59 0.0409) (40 0.0386) (71 0.0365) (46 -0.0357) (77 0.0356) (47 -0.0334) (30 -0.0322) (57 -0.0295) (55 0.0232) (43 0.0185) (35 -0.0181) (44 -0.0159) (31 0.0157) (26 0.0156) (83 0.0155) (76 -0.0152) (82 0.0148) (41 0.0148) (66 -0.0142) (20 -0.0141) (70 0.0132) (85 0.0115) (69 0.0115) (74 0.0114) (91 -0.0113) (62 -0.0108) (39 -0.0106) (84 0.0105) (15 0.0104) (65 -0.0102) 
   0.0026356   (23 -0.901) (24 -0.254) (20 0.196) (21 0.13) (54 -0.116) (55 0.111) (26 0.0923) (56 0.09) (59 0.078) (53 0.0464) (41 -0.0435) (15 -0.0389) (28 0.0365) (32 -0.0344) (25 0.0317) (27 0.0314) (34 -0.0277) (43 0.0261) (38 -0.026) (29 0.0236) (50 -0.0235) (57 0.0227) (30 0.0215) (22 0.0215) (13 -0.0204) (45 0.0198) (46 -0.0195) (12 -0.0188) (44 -0.0185) (51 0.0182) (37 0.0176) (82 0.0145) (47 0.0141) (68 -0.0141) (119 0.0138) (11 0.0115) (42 0.0112) (18 -0.0102) 
   0.0029282   (59 -0.761) (57 -0.524) (56 -0.231) (68 -0.168) (23 -0.0992) (67 0.0929) (54 0.0905) (53 -0.0773) (60 0.0632) (50 0.0387) (84 -0.0382) (55 0.0367) (66 -0.0363) (72 0.0362) (43 -0.0359) (132 -0.0355) (41 0.0335) (49 0.0327) (124 -0.0312) (82 -0.031) (81 0.0291) (20 0.0281) (45 -0.0269) (105 0.026) (101 0.0259) (102 -0.0245) (24 -0.0235) (73 -0.023) (71 -0.0224) (65 0.0216) (46 0.0215) (62 0.021) (21 0.0207) (78 0.02) (70 0.0194) (90 -0.0187) (44 0.0179) (42 -0.0179) (58 0.0169) (40 0.0169) (123 -0.0169) (47 -0.0167) (99 -0.0166) (34 0.0154) (110 -0.0141) (48 -0.0132) (77 -0.0123) (80 -0.0115) (51 0.0114) (97 0.0114) (31 0.0107) (63 0.01) 
   0.0031031   (132 -0.823) (55 -0.375) (54 0.314) (56 -0.152) (57 0.132) (23 -0.0952) (68 0.0791) (53 -0.079) (50 0.0459) (67 -0.0432) (40 -0.039) (52 0.0376) (41 0.0347) (51 -0.0346) (42 0.0336) (46 0.0315) (44 0.0314) (82 -0.0308) (43 -0.0306) (24 -0.0253) (20 0.0244) (66 0.0233) (21 0.0231) (47 -0.022) (72 -0.0201) (49 0.0182) (45 -0.0175) (59 0.0159) (70 -0.0156) (81 0.0154) (48 -0.0141) (78 -0.0141) (39 0.0139) (74 0.0138) (84 0.0137) (34 0.0126) (15 -0.0126) (73 0.0124) (79 0.0119) (119 -0.0117) (38 0.0114) (33 -0.0106) (22 0.0104) (30 -0.0101) 
   0.0033854   (132 -0.567) (55 0.539) (54 -0.46) (56 0.235) (57 -0.156) (23 0.145) (53 0.12) (68 -0.104) (50 -0.069) (67 0.0569) (40 0.0549) (52 -0.0535) (41 -0.0525) (51 0.0493) (42 -0.047) (46 -0.0469) (43 0.0467) (82 0.0466) (44 -0.0466) (124 -0.0407) (24 0.0381) (20 -0.0373) (21 -0.0348) (47 0.0329) (66 -0.0315) (123 -0.0294) (49 -0.0286) (45 0.0271) (72 0.0271) (59 0.0262) (119 0.0255) (81 -0.0239) (70 0.0214) (48 0.0213) (74 -0.0205) (39 -0.0199) (78 0.0195) (34 -0.0193) (84 -0.019) (15 0.0188) (79 -0.0172) (38 -0.0168) (73 -0.0167) (102 -0.0157) (33 0.0155) (22 -0.0153) (105 0.0145) (30 0.0143) (13 0.012) (121 -0.0119) (71 -0.0119) (65 0.0108) (77 -0.0101) 
   0.0035833   (37 -0.947) (66 -0.216) (38 -0.138) (34 0.0785) (84 -0.0779) (41 -0.0626) (57 0.0616) (39 -0.045) (30 -0.0372) (40 0.0354) (59 -0.0311) (29 -0.0306) (70 -0.0294) (33 -0.0289) (71 -0.0286) (46 -0.0285) (65 0.0283) (56 0.0262) (86 -0.025) (128 -0.0233) (45 0.0227) (21 0.022) (52 0.0198) (32 0.0158) (69 -0.0155) (55 -0.0152) (26 -0.0147) (53 0.014) (68 0.0138) (15 -0.0138) (82 0.0135) (85 -0.0134) (20 0.0134) (51 0.0121) (13 -0.0121) (67 0.012) (36 -0.0115) (49 -0.0114) (105 -0.0111) (64 -0.0107) (73 -0.0106) (48 0.0103) 
   0.0037022   (84 -0.853) (128 -0.297) (86 -0.208) (82 0.202) (66 0.157) (85 -0.101) (90 0.0989) (105 -0.0766) (102 0.0716) (87 0.0687) (81 -0.0633) (59 0.0599) (83 -0.0491) (92 -0.0453) (91 0.0448) (37 0.0446) (101 -0.0441) (57 -0.0412) (68 -0.0408) (93 -0.0395) (78 0.038) (89 -0.0324) (80 0.0304) (41 0.0286) (79 -0.0284) (40 -0.0281) (116 0.0256) (50 0.0255) (55 -0.0233) (115 -0.0218) (111 0.0214) (119 -0.0212) (53 -0.021) (113 0.0208) (103 0.0208) (100 0.0208) (88 0.02) (54 0.0195) (65 -0.0192) (117 -0.0191) (46 0.0189) (38 0.0187) (125 -0.0184) (42 0.0173) (94 -0.0168) (77 -0.0162) (96 0.015) (110 -0.0142) (118 0.0136) (121 -0.0135) (44 0.013) (97 -0.0129) (109 -0.0127) (126 -0.0118) (45 -0.0108) (43 -0.0103) (69 0.01) (51 -0.01) 
   0.0038754   (128 -0.681) (66 0.588) (84 0.29) (37 -0.166) (57 -0.106) (70 0.089) (71 0.0863) (56 -0.0806) (86 0.0757) (65 -0.0756) (82 -0.0748) (59 0.0679) (55 0.049) (90 -0.0467) (69 0.0443) (67 -0.04) (85 0.0338) (73 0.0335) (52 -0.0311) (105 0.031) (102 -0.0278) (64 0.0275) (91 -0.0231) (101 0.0231) (68 -0.023) (53 -0.023) (83 0.023) (87 -0.0229) (81 0.0203) (34 0.0188) (51 -0.0188) (42 -0.018) (60 -0.018) (38 -0.0174) (76 -0.0169) (92 0.0163) (41 0.0162) (74 -0.0135) (110 0.0135) (97 0.0133) (80 -0.0133) (46 0.0132) (126 -0.0127) (54 -0.0124) (30 -0.0123) (45 -0.012) (103 -0.0102) (20 0.0101) 
   0.0039381   (128 -0.668) (66 -0.662) (37 0.183) (57 0.125) (59 -0.0957) (70 -0.0928) (71 -0.0907) (84 0.089) (65 0.0846) (56 0.079) (69 -0.0491) (68 0.0419) (55 -0.0382) (67 0.0364) (53 0.0327) (64 -0.0316) (52 0.0314) (73 -0.0303) (41 -0.0276) (34 -0.0251) (51 0.0233) (60 0.0218) (46 -0.0212) (78 -0.0191) (74 0.0179) (30 0.0165) (76 0.0165) (45 0.0164) (82 -0.0162) (86 0.0155) (77 0.0143) (38 0.014) (21 -0.0131) (15 0.0117) (29 0.0115) (20 -0.0112) (93 0.011) (85 0.0107) (13 0.0105) 
   0.0040328   (106 -0.73) (113 -0.272) (104 -0.27) (107 0.234) (114 -0.21) (68 0.19) (109 0.164) (97 0.142) (115 0.139) (101 0.13) (108 -0.106) (91 0.104) (120 0.0875) (98 -0.0827) (118 0.0797) (105 -0.075) (71 -0.0729) (100 -0.0694) (67 -0.0673) (103 -0.0645) (92 0.0569) (89 0.055) (117 -0.0538) (121 -0.0517) (102 0.0487) (56 -0.0473) (90 -0.045) (147 -0.0446) (55 0.0389) (99 -0.0346) (116 -0.0335) (94 0.0334) (110 -0.0333) (82 0.0326) (69 -0.0285) (81 -0.0283) (88 -0.0261) (59 -0.0251) (70 -0.0191) (73 -0.0184) (54 -0.0165) (66 0.0159) (111 -0.0151) (79 -0.0147) (78 0.0144) (123 0.0139) (72 0.0124) (74 -0.0121) (112 0.0109) (124 -0.0107) (125 -0.0107) 
   0.0041432   (144 0.988) (147 0.152) (134 -0.0124) 
   0.0043443   (68 0.742) (56 -0.316) (71 -0.3) (67 -0.258) (55 0.242) (106 0.183) (69 -0.116) (59 -0.103) (70 -0.0782) (107 -0.0757) (73 -0.0706) (82 0.0702) (105 0.0695) (74 -0.0605) (54 -0.0597) (104 0.0558) (81 -0.0542) (113 0.0536) (72 0.052) (66 0.05) (52 -0.0474) (102 -0.0472) (84 -0.041) (42 -0.0381) (40 0.0369) (103 0.0366) (79 -0.0361) (108 0.036) (78 0.0347) (115 -0.034) (50 -0.0333) (57 0.0331) (109 -0.0328) (53 -0.0321) (90 -0.0285) (114 0.0273) (147 0.0271) (61 0.0255) (92 -0.0254) (118 -0.0253) (77 -0.025) (120 -0.0248) (97 -0.019) (101 -0.0178) (80 0.0157) (94 -0.0148) (117 0.0143) (91 0.0136) (65 -0.0128) (76 0.0127) (23 -0.0116) (98 0.0115) (86 0.0111) (58 -0.0105) (75 -0.0102) (89 0.0101) (33 0.01) (64 -0.01) 
   0.0044499   (44 -0.513) (71 -0.428) (43 -0.382) (79 -0.306) (80 -0.242) (72 -0.183) (42 -0.154) (83 0.153) (93 -0.144) (78 0.139) (86 0.129) (68 -0.122) (45 -0.119) (40 0.0982) (81 -0.0962) (56 0.0852) (76 0.085) (55 -0.0809) (82 -0.0802) (98 -0.0677) (112 0.0672) (77 0.0654) (108 -0.0646) (99 -0.0485) (66 0.0437) (50 0.0419) (96 -0.0409) (59 0.0405) (84 -0.0359) (103 -0.0322) (67 0.0309) (69 -0.0299) (73 -0.0287) (75 0.0286) (87 -0.0284) (97 0.0254) (28 -0.0252) (85 0.0238) (47 -0.0233) (48 0.0232) (74 -0.023) (106 0.0226) (52 0.0222) (89 0.0214) (41 0.0199) (101 -0.0192) (157 -0.0178) (91 -0.0156) (70 0.0153) (65 -0.0152) (104 0.015) (46 0.0142) (39 -0.0139) (64 0.0133) (57 -0.0126) (54 0.0121) (14 -0.0118) 
   0.0044742   (157 -0.999) (44 0.0288) (43 0.0216) (71 -0.0103) 
   0.0045741   (44 -0.524) (71 0.501) (43 -0.396) (72 0.222) (78 -0.205) (79 0.203) (42 -0.174) (80 0.152) (45 -0.133) (40 0.132) (68 0.127) (86 -0.118) (56 -0.0966) (83 -0.0894) (108 0.0832) (82 0.0699) (112 -0.0672) (66 -0.0651) (90 0.0567) (87 0.0498) (76 -0.0453) (105 0.0451) (69 0.045) (81 0.0432) (98 0.0414) (157 -0.0366) (55 0.0343) (99 0.0305) (101 0.0291) (48 0.028) (39 -0.0254) (65 0.0251) (57 0.024) (75 -0.0228) (67 -0.0225) (106 -0.0197) (91 0.019) (53 0.019) (70 -0.0186) (64 -0.0185) (84 0.0174) (74 0.0168) (85 -0.016) (116 -0.0158) (33 0.0148) (102 -0.0147) (31 0.0139) (104 -0.0136) (73 0.0135) (47 -0.0133) (34 -0.0128) (97 -0.0122) (28 -0.0117) (38 -0.0109) (23 -0.0108) (117 0.0107) (119 0.0105) 
   0.0047948   (19 0.953) (135 -0.215) (18 0.189) (17 0.0841) (21 -0.0233) (23 -0.0149) (8 0.0146) (26 0.0133) (20 0.0117) (22 -0.0101) 
   0.0048515   (135 -0.977) (19 -0.21) (18 -0.0417) (17 -0.0186) 
   0.0050217   (8 -1) (19 0.0128) 
   0.0051006   (4 1) 
    0.005275   (24 -0.827) (23 0.313) (25 -0.242) (21 0.212) (20 0.143) (30 0.126) (22 0.125) (17 -0.114) (13 -0.0987) (15 -0.0965) (26 0.0933) (139 -0.0721) (16 -0.0551) (31 0.0479) (39 -0.036) (41 -0.0346) (40 0.0329) (29 0.0316) (19 0.0312) (18 -0.0291) (34 -0.0234) (43 -0.0205) (82 0.0186) (44 0.0152) (56 -0.0151) (47 -0.0144) (35 -0.014) (46 -0.0134) (27 0.0131) (57 0.0122) (28 0.0118) (37 0.0115) (68 -0.0109) (42 0.0109) (38 -0.0107) 
   0.0053628   (139 -0.997) (24 0.0598) (23 -0.0226) (25 0.0175) (21 -0.0153) (20 -0.0103) 
   0.0056642   (10 0.85) (17 -0.376) (18 -0.327) (19 0.0977) (20 -0.0919) (24 0.0493) (21 -0.0442) (15 -0.0359) (16 -0.0342) (23 -0.0291) (13 -0.0275) (30 0.0172) (25 -0.0161) (26 0.0148) (31 0.012) 
   0.0057884   (138 0.996) (17 -0.0552) (10 -0.0511) (18 -0.0482) (19 0.0143) (20 -0.0134) 
   0.0060323   (17 0.605) (18 0.528) (10 0.523) (19 -0.156) (20 0.147) (138 0.0926) (24 -0.0792) (21 0.0687) (15 0.0593) (16 0.0541) (23 0.0499) (13 0.0454) (25 0.0291) (30 -0.0286) (26 -0.0269) (31 -0.0201) (82 -0.0137) (39 0.0131) (22 0.013) (43 0.0129) (41 0.0102) 
   0.0062742   (12 0.929) (11 -0.296) (40 -0.138) (42 0.13) (41 -0.0642) (44 -0.0606) (43 -0.0358) (13 -0.0312) (55 0.0246) (39 0.0237) (56 -0.0158) (46 -0.0142) (15 -0.0134) (14 -0.0123) (59 -0.012) (23 -0.0116) (33 -0.0104) 
   0.0067806   (140 0.998) (42 0.0436) (40 -0.0424) (41 -0.0192) (44 -0.0172) (12 -0.0157) 
   0.0073426   (42 -0.623) (40 0.604) (41 0.273) (44 0.246) (12 0.207) (43 0.137) (39 -0.102) (140 0.0701) (55 -0.0692) (11 -0.0626) (46 0.0589) (33 0.0502) (56 0.0447) (50 0.0441) (59 0.0359) (23 -0.031) (52 0.0304) (54 0.0288) (32 0.0282) (60 0.0282) (73 -0.0266) (30 0.0265) (65 -0.0243) (38 -0.0232) (78 0.0225) (84 -0.0209) (47 -0.0205) (102 -0.0205) (28 -0.0199) (105 0.0189) (74 -0.0177) (31 0.0176) (79 0.0174) (20 0.0163) (75 -0.0155) (101 0.0152) (61 -0.0144) (67 0.0144) (34 -0.0142) (80 -0.0134) (21 -0.0121) (71 0.0115) (35 0.0114) (66 -0.011) (53 0.0106) (51 0.0102) 
   0.0082943   (11 -0.926) (12 -0.294) (33 -0.181) (32 -0.126) (35 0.043) (31 -0.0404) (36 0.0301) (40 0.0223) (30 -0.0203) (13 -0.0184) (64 -0.0156) (26 0.0145) (41 0.0144) (34 -0.0117) (136 0.0105) 
   0.0092519   (136 0.98) (33 -0.147) (32 -0.104) (11 0.0541) (31 -0.0336) (35 0.0321) (36 0.023) (40 0.0183) (12 0.0175) (30 -0.0166) (26 0.0162) (41 0.012) (34 -0.0102) 

 Largest eigenvalues
      37.094   (162 -0.946) (164 0.245) 
       15.87   (55 0.379) (56 -0.611) (57 0.328) (68 -0.305) (82 -0.344) 
      14.615   (81 0.376) (82 -0.689) 
      4.9686   (101 0.388) (102 -0.52) (105 0.565) 
      4.2765   (147 0.978) 
       1.522   (162 -0.256) (164 -0.966) 
      1.2279   (163 0.996) 
      1.2029   (165 -0.996) 
      1.1264   (89 -0.352) (91 -0.79) 
      1.1169   (100 -0.492) (101 0.358) (102 0.322) (106 0.326) (107 0.536) 
      1.1029   (100 -0.402) (107 -0.733) (115 0.308) 
      1.0765   (111 -0.341) (115 -0.78) 
      1.0246   (102 0.252) (104 0.83) (106 -0.21) 
     0.99682   (100 0.622) (101 0.567) 
      0.9213   (111 0.691) (129 0.235) (134 -0.22) 
     0.84436   (109 0.361) (111 -0.435) (116 0.299) 
      0.7623   (109 -0.741) (110 0.336) 
     0.68137   (97 0.783) (99 0.498) 
     0.64325   (113 -0.329) (114 0.432) (123 -0.29) (125 -0.522) (134 -0.383) 
     0.64138   (114 -0.826) (125 -0.317) 
     0.60075   (109 0.389) (110 0.543) (113 0.593) 
      0.5772   (110 -0.698) (113 0.421) 
     0.57466   (122 0.45) (123 0.435) (129 -0.424) 
      0.5742   (123 -0.404) (124 -0.624) (125 0.346) (129 -0.38) 
     0.55145   (119 -0.684) (121 0.38) (124 0.324) 
     0.54974   (117 -0.312) (118 0.708) (119 0.355) 
     0.54938   (117 0.294) (120 0.401) (121 -0.539) (123 -0.29) (126 0.349) 
     0.53106   (116 -0.362) (117 -0.547) (122 0.339) (126 0.286) (134 0.313) 
     0.50359   (116 0.531) (117 0.341) (121 0.304) (125 -0.312) (134 0.357) 
     0.45613   (92 -0.941) 
     0.44925   (120 0.451) (126 -0.419) (134 0.415) 
     0.41539   (94 -0.939) (103 -0.208) 
     0.33525   (94 0.285) (103 -0.836) (104 0.215) (105 -0.242) 
     0.31706   (102 -0.515) (103 0.415) (105 -0.586) 
     0.27156   (98 -0.415) (112 -0.322) (116 0.252) (126 -0.274) 
     0.25372   (78 -0.32) (85 0.34) (86 0.556) 
     0.25302   (78 0.488) (98 0.51) 
      0.2383   (71 -0.315) (78 -0.504) (85 -0.293) (86 -0.485) 
     0.23029   (98 -0.342) (108 -0.379) (112 0.622) 
     0.18992   (90 -0.744) (93 0.468) 
     0.15268   (90 0.399) (96 0.541) (108 0.46) 
     0.14098   (87 0.306) (93 -0.612) (108 0.366) 
     0.13048   (85 -0.498) (87 -0.742) 
     0.11703   (88 -0.546) (89 -0.558) (93 0.308) (96 -0.321) 
     0.10962   (78 0.348) (79 0.357) (80 0.413) (83 -0.408) 
     0.10743   (76 0.328) (77 0.344) (79 -0.322) (88 0.279) (96 -0.288) 
      0.1023   (60 -0.309) (65 -0.336) (69 -0.303) (76 -0.315) 
    0.098961   (58 0.605) (60 0.454) 
    0.093279   (58 -0.601) (65 0.348) 
    0.089888   (58 0.362) (60 -0.398) (65 -0.229) (76 0.288) (96 0.307) (108 -0.302) 
    0.084788   (58 -0.273) (60 0.636) (65 -0.223) (69 -0.281) (96 0.231) 
    0.076275   (60 -0.332) (63 0.315) (64 -0.327) (65 0.411) (69 -0.269) (79 -0.253) (83 -0.303) 
    0.076004   (63 -0.751) (67 0.216) (69 0.276) (76 -0.213) (83 -0.23) 
    0.072313   (61 -0.54) (62 0.307) (63 0.436) (69 0.371) 
    0.071682   (61 0.694) (63 0.252) (69 0.232) 
    0.063642   (61 -0.295) (69 -0.293) (118 -0.319) 
    0.061775   (67 0.323) (73 0.312) (77 0.352) 
    0.057541   (61 -0.228) (62 -0.605) (67 -0.269) (69 0.208) (73 -0.212) (79 -0.238) (80 0.235) 
    0.057101   (62 0.595) (67 -0.241) (72 -0.221) (73 -0.27) (77 -0.253) 
    0.053539   (62 -0.298) (67 0.468) (69 -0.29) (76 0.271) (77 -0.294) 
    0.049989   (64 -0.378) (73 0.315) (80 -0.322) 
    0.047256   (64 0.498) (65 0.353) (77 0.304) 
    0.046732   (64 -0.438) (65 -0.329) (67 0.322) (73 -0.288) 
     0.04494   (73 0.242) (75 0.222) (76 0.21) (77 -0.223) (79 -0.23) (80 0.33) (83 0.3) (85 0.216) (89 -0.209) (120 -0.23) 
    0.043702   (33 -0.214) (35 -0.866) (42 -0.256) 
    0.042024   (40 -0.423) (41 -0.427) (42 -0.545) 
    0.040142   (75 -0.477) (120 -0.299) 
    0.039511   (48 0.428) (49 0.382) (75 0.432) 
    0.038508   (46 0.354) (48 -0.388) (49 -0.339) (75 0.471) 
     0.03133   (26 -0.308) (27 0.744) (36 -0.402) 
    0.029446   (27 -0.541) (32 -0.522) 
    0.027254   (32 0.503) (33 -0.286) (88 -0.307) 
    0.025528   (34 0.398) (36 0.664) 
    0.021186   (36 -0.278) (43 0.274) (46 0.395) (75 -0.29) (88 -0.276) 
    0.020845   (129 0.449) (131 0.685) 
    0.020429   (127 0.578) (160 -0.807) 
    0.019323   (127 0.577) (160 0.301) (161 0.759) 
    0.018253   (127 0.577) (160 0.507) (161 -0.64) 
    0.015615   (28 -0.969) 
    0.015104   (141 -0.998) 
