 1 1000
 2 553.034
 3 5.41911
 4 1000
 5 599.72
 6 55.5711
 7 999.957
 8 15.4774
 9 980.179
 10 909.093
 11 4.21679
 12 739.281
 13 1000
 14 999.399
 15 0.8146
 16 1000
 17 999.137
 18 1.03014
 19 1000
 20 975.065
 21 22.6788
 22 1000
 23 994.82
 24 4.80522
 25 239.219
 26 267.684
 27 11.8553
 28 993.442
 29 308.637
 30 158.719
 31 527.569
 32 111.454
 33 712.71
 34 216.37
 35 186.456
 36 270.819
 37 989.613
 38 998.32
 39 3.185
 40 592.822
 41 973.734
 42 1.75568
 43 481.968
 44 872.657
 45 14.9015
 46 998.129
 47 694.289
 48 308.131
 49 963.19
 50 180
 51 266.682
 52 200.017
 53 968.055
 54 273.309
 55 114.84
 56 246.139
 57 945.759
 58 79.1299
 59 123.323
 60 158.296
 61 29.283
 62 1.77673
 63 206.779
 64 395.998
 65 1.85287
 66 416.984
 67 948.003
 68 54.1358
 69 999.88
 70 1000
 71 992.501
 72 7.23127
 73 999.752
 74 9.87539
 75 991.334
 76 989.413
 77 5.39404
 78 794.525
 79 999.262
 80 35.9195
 81 961.301
 82 992.514
 83 372.195
 84 2.4545
 85 133.565
 86 2.50701
 87 968.331
 88 1.70793
 89 1.63766
 90 1.87516
 91 8.81647
 92 436.666
 93 831.349
 94 591.993
 95 854.606
 96 933.568
 97 374.638
 98 298.065
 99 142.803
 100 816.919
 101 952.722
 102 118.867
 103 160.941
 104 148.39
 105 142.758
 106 168.065
 107 172.359
 108 176.132
 109 130.929
 110 96.5351
 111 190.67
 112 205.563
 113 189.386
 114 173.132
 115 186.101
 116 144.246
 117 180.67
 118 200.217
 119 156.285
 120 92.4679
 121 126.54
 122 49.4017
 123 60.488
 124 38.502
 125 30.2642
 126 50.5533
 127 27.4181
 128 97.7185
 129 67.9413
 130 62.7016
 131 19.8563
 132 20.7328
 133 23.0869
 134 36.2938
 135 8.86069
 136 47.5156
 137 10.1468
 138 9.20887
 139 9.07111
 140 10.6605
 141 11.3045
 142 8.61487
 143 9.17564
 144 14.8755
 145 14.7748
 146 12.387
 147 9.97978
 148 24.9444
 149 16.5906
 150 12.1939
 151 13.5954
 152 23.1568
 153 21.7585
 154 14.3063
 155 19.6889
 156 23.7702
 157 46.6768
 158 0.195009
 159 0.0646954
 160 0.166248
 161 3.72807
 162 27.8355
 163 165.778
 164 257.035
 165 6.04467
