 1 60185
 2 587.457
 3 5.70497
 4 244987
 5 626.365
 6 58.0045
 7 676353
 8 85.384
 9 5678.05
 10 2731.34
 11 7.22
 12 1392.08
 13 820614
 14 8021.55
 15 0.816121
 16 668221
 17 5014.7
 18 1.82731
 19 155276
 20 2762
 21 62.4326
 22 263580
 23 3934.36
 24 16.3649
 25 255.87
 26 311.706
 27 13.763
 28 3394.09
 29 352.263
 30 180.021
 31 529.55
 32 115.24
 33 738.414
 34 223.249
 35 196.515
 36 286.637
 37 1534.45
 38 3099.47
 39 6.50618
 40 939.148
 41 4877.49
 42 2.0368
 43 648.25
 44 1494.14
 45 24.804
 46 7861.88
 47 1910.18
 48 749.875
 49 2007.89
 50 182.41
 51 305.024
 52 232.398
 53 2975.68
 54 298.658
 55 139.787
 56 305.252
 57 1300.2
 58 80.8438
 59 135.515
 60 175.553
 61 29.3203
 62 1.77701
 63 207.818
 64 399.983
 65 1.85795
 66 419.318
 67 3537.56
 68 198.781
 69 99993.6
 70 336230
 71 3126.93
 72 18.8864
 73 21788.2
 74 91.3585
 75 10390.3
 76 10749.6
 77 7.96922
 78 1285.13
 79 11210.6
 80 91.9811
 81 2269.5
 82 2229.83
 83 404.129
 84 2.57636
 85 170.138
 86 2.81579
 87 2074.67
 88 1.70802
 89 1.63768
 90 1.87528
 91 9.55663
 92 520.247
 93 1551.46
 94 1044.05
 95 1805.48
 96 2107.26
 97 395.922
 98 310.935
 99 144.434
 100 971.964
 101 1585.89
 102 122.671
 103 164.007
 104 150.249
 105 143.669
 106 168.864
 107 173.254
 108 177.017
 109 131.843
 110 98.3576
 111 191.572
 112 206.578
 113 190.133
 114 173.528
 115 186.616
 116 145
 117 181.089
 118 200.579
 119 156.801
 120 93.6734
 121 127.154
 122 49.9615
 123 62.0402
 124 38.9862
 125 30.8331
 126 50.9001
 127 28.7542
 128 99.4291
 129 68.9816
 130 63.7976
 131 20.1364
 132 20.9651
 133 23.3936
 134 37.022
 135 9.10505
 136 47.8196
 137 10.3579
 138 9.44738
 139 9.30229
 140 10.9563
 141 11.9022
 142 8.93745
 143 9.46449
 144 15.1287
 145 15.0378
 146 12.6876
 147 10.2963
 148 25.2759
 149 16.9755
 150 12.4768
 151 13.8958
 152 23.561
 153 22.3924
 154 14.6292
 155 19.9332
 156 23.9932
 157 46.937
 158 0.233862
 159 0.066816
 160 0.179062
 161 3.90324
 162 29.4475
 163 193.73
 164 262.205
 165 6.48392
