 1 31.6228
 2 23.2652
 3 1.14766
 4 31.6228
 5 23.4382
 6 3.12227
 7 31.6219
 8 1.43334
 9 31.0694
 10 30.0002
 11 1.06692
 12 26.9238
 13 31.6228
 14 31.6111
 15 0.90244
 16 31.6228
 17 31.6033
 18 0.918276
 19 31.6228
 20 30.8949
 21 1.67067
 22 31.6228
 23 31.4761
 24 1.06718
 25 15.085
 26 15.4902
 27 1.61631
 28 31.4957
 29 14.5286
 30 8.03567
 31 22.5016
 32 4.74279
 33 24.6705
 34 14.5352
 35 9.35143
 36 13.0568
 37 31.4396
 38 31.5749
 39 1.36481
 40 24.087
 41 31.1438
 42 1.29396
 43 21.3876
 44 29.0101
 45 1.8108
 46 31.5718
 47 22.4738
 48 10.8915
 49 30.9043
 50 13.0144
 51 13.3407
 52 10.3438
 53 30.9734
 54 16.3879
 55 7.10785
 56 13.308
 57 30.4357
 58 8.39616
 59 8.50771
 60 10.0529
 61 4.85194
 62 1.32157
 63 14.0651
 64 18.4737
 65 0.977634
 66 19.1789
 67 30.0544
 68 3.07006
 69 31.6194
 70 31.6228
 71 31.4163
 72 1.51482
 73 31.6174
 74 1.6117
 75 31.366
 76 31.438
 77 1.46605
 78 28.0424
 79 31.6062
 80 2.48912
 81 30.5015
 82 31.4675
 83 18.6911
 84 1.35547
 85 10.8823
 86 1.39446
 87 30.8693
 88 1.09695
 89 1.04303
 90 1.22554
 91 2.4515
 92 18.8337
 93 27.3659
 94 21.9481
 95 28.256
 96 30.055
 97 17.9139
 98 15.4178
 99 9.60948
 100 27.7738
 101 30.5825
 102 9.81005
 103 11.9736
 104 11.4137
 105 11.2809
 106 12.521
 107 12.599
 108 12.7066
 109 10.5533
 110 8.36401
 111 13.1559
 112 14.0059
 113 13.362
 114 12.6085
 115 12.8789
 116 10.8306
 117 12.5966
 118 13.4845
 119 11.7651
 120 8.861
 121 10.7998
 122 6.81253
 123 7.63315
 124 5.68987
 125 5.22722
 126 6.81599
 127 4.60877
 128 9.28036
 129 7.37037
 130 7.34011
 131 4.0815
 132 4.44892
 133 4.67312
 134 5.92656
 135 2.71617
 136 6.82356
 137 2.98314
 138 2.87179
 139 2.85619
 140 3.13597
 141 3.10325
 142 2.67422
 143 2.82082
 144 3.72741
 145 3.73407
 146 3.36958
 147 2.9553
 148 4.9069
 149 3.9351
 150 3.31459
 151 3.49974
 152 4.71168
 153 4.55677
 154 3.66
 155 4.35036
 156 4.77153
 157 6.7528
 158 0.176117
 159 0.193524
 160 0.271594
 161 1.41294
 162 4.79717
 163 11.7647
 164 15.4996
 165 0.894046
