 Smallest eigenvalues
  1.2186e-06   (9 -1) 
    1.47e-06   (47 0.751) (49 -0.422) (48 -0.252) (42 -0.183) (41 -0.17) (43 0.132) (39 0.13) (40 -0.125) (51 0.0958) (50 0.0908) (154 -0.0896) (56 -0.0786) (44 -0.0749) (57 0.0724) (82 0.0674) (53 -0.0623) (55 0.0557) (31 0.0555) (46 0.04) (52 0.0397) (15 0.0387) (68 -0.0377) (14 -0.0377) (81 -0.0369) (60 0.0366) (54 0.0276) (17 0.0274) (36 0.0261) (45 -0.026) (78 0.0259) (20 0.0254) (22 -0.025) (84 0.0244) (30 -0.0238) (33 0.0231) (38 0.0227) (77 0.0226) (29 -0.0204) (24 -0.0203) (37 -0.0202) (25 0.0191) (21 -0.019) (27 0.0185) (59 -0.0184) (61 0.0181) (76 -0.0176) (28 -0.0168) (69 0.0165) (67 -0.0163) (79 -0.0156) (88 0.0147) (13 0.0146) (72 0.0132) (66 -0.0128) (16 0.0124) (74 0.0118) (23 0.0114) 
  1.4965e-06   (154 -0.996) (47 -0.0677) (49 0.038) (48 0.0227) (42 0.0166) (41 0.0154) (43 -0.012) (39 -0.0118) (40 0.0113) 
  2.9742e-06   (6 -1) 
  3.7939e-06   (46 -0.6) (43 0.516) (150 -0.289) (47 -0.241) (41 -0.237) (42 -0.189) (45 -0.17) (44 -0.162) (48 0.154) (39 0.138) (40 -0.117) (56 -0.0573) (31 0.0551) (82 0.0533) (49 -0.0522) (57 0.0417) (15 0.0329) (14 -0.0325) (50 -0.0298) (53 -0.0293) (55 0.029) (68 -0.028) (81 -0.0273) (54 0.0241) (30 -0.0239) (20 0.0238) (17 0.0232) (36 0.0231) (33 0.022) (60 0.0196) (37 -0.0194) (24 -0.0192) (22 -0.0191) (26 0.0186) (84 0.0182) (38 0.0177) (78 0.0177) (21 -0.0172) (79 -0.0158) (27 0.0148) (28 -0.014) (16 0.013) (34 -0.0128) (66 -0.0124) (13 0.0124) (69 0.0117) (32 -0.0109) 
  4.0819e-06   (150 -0.957) (46 0.181) (43 -0.156) (47 0.0725) (41 0.0715) (42 0.0569) (45 0.0513) (44 0.0489) (48 -0.0464) (39 -0.0415) (40 0.0354) (56 0.0172) (31 -0.0166) (82 -0.0158) (49 0.0157) (57 -0.0125) 
  6.4402e-06   (2 -0.997) (34 -0.0421) (33 0.0397) (31 0.0331) (36 -0.0269) (30 -0.0112) (35 -0.0101) 
  9.9976e-06   (153 -0.993) (34 -0.0676) (33 0.0625) (31 0.0528) (36 -0.0427) (30 -0.0172) (32 -0.0149) (35 -0.0134) (39 -0.0107) 
  1.6615e-05   (34 0.555) (33 -0.513) (31 -0.434) (36 0.351) (30 0.141) (32 0.122) (153 -0.121) (35 0.11) (39 0.0884) (2 -0.0753) (27 -0.069) (28 0.0676) (26 -0.0619) (20 -0.0565) (17 -0.0551) (40 -0.0528) (43 0.0525) (24 0.0483) (15 -0.0459) (42 -0.0434) (14 0.0383) (82 -0.037) (22 0.0331) (21 0.0246) (25 -0.0245) (41 -0.0244) (48 -0.0225) (44 -0.022) (81 0.0207) (47 0.0187) (13 -0.0185) (16 -0.0183) (29 -0.0157) (23 -0.015) (68 0.0146) (49 0.0121) (75 0.0119) (53 0.0114) (56 0.0112) 
   3.528e-05   (20 -0.666) (22 -0.375) (21 -0.364) (45 0.363) (46 0.204) (42 -0.125) (44 -0.119) (47 -0.118) (43 0.116) (41 -0.0953) (17 -0.0807) (39 0.0767) (40 -0.0599) (23 -0.0586) (31 0.0508) (34 -0.0439) (26 0.041) (30 0.0409) (35 -0.0406) (56 -0.0371) (27 0.0349) (36 0.0312) (55 0.0292) (72 0.0285) (15 -0.0283) (28 -0.0275) (24 -0.0266) (48 0.0259) (78 0.0259) (73 0.0219) (50 -0.0211) (25 0.0201) (19 0.019) (67 -0.0187) (82 0.0174) (29 -0.0171) (49 -0.017) (53 -0.017) (51 -0.0161) (81 -0.0153) (62 0.015) (61 0.0141) (65 -0.0141) (57 0.0138) (52 -0.013) (84 0.0102) 
  8.4868e-05   (155 -0.998) (45 0.0404) (20 0.0278) (46 0.0237) (47 -0.0141) (22 0.0137) (21 0.0134) (44 -0.013) (43 0.0126) (42 -0.0126) (40 -0.0122) 
  8.8989e-05   (45 -0.608) (20 -0.41) (46 -0.356) (47 0.212) (22 -0.202) (21 -0.198) (44 0.196) (43 -0.19) (42 0.189) (40 0.183) (41 0.125) (39 -0.112) (17 -0.068) (155 -0.0667) (48 -0.0612) (82 -0.0488) (23 -0.0465) (55 -0.0413) (49 0.0413) (15 -0.0411) (53 0.0386) (54 -0.0373) (72 -0.0335) (81 0.0319) (56 0.0312) (57 -0.03) (78 -0.0278) (14 0.0269) (31 -0.0261) (35 -0.0256) (60 -0.0221) (73 -0.022) (67 0.0213) (52 0.0206) (51 0.0205) (32 0.0179) (68 0.0179) (65 0.0177) (30 0.0168) (62 -0.0156) (84 -0.0153) (61 -0.0139) (74 -0.0137) (69 -0.0131) (13 -0.0131) (29 -0.013) (37 0.0128) (38 -0.0126) (26 -0.0115) (16 -0.0112) (25 0.0106) (88 -0.0105) 
  0.00011595   (1 1) 
   0.0001191   (14 -0.899) (15 -0.293) (13 0.272) (16 -0.103) (17 -0.0766) (22 0.0502) (20 -0.0471) (24 0.0386) (21 0.0384) (31 -0.0349) (41 0.0272) (18 -0.0263) (12 -0.0256) (39 -0.0222) (25 -0.0197) (23 -0.0194) (11 0.0188) (36 -0.0178) (30 0.0164) (42 0.0149) (29 0.0131) (40 0.0121) (45 0.0118) (28 0.0109) (38 -0.0105) (56 -0.0105) 
  0.00018481   (159 1) 
  0.00020416   (3 1) 
  0.00025074   (16 0.834) (15 0.434) (17 -0.221) (14 -0.176) (20 -0.0848) (22 0.0664) (24 0.0662) (21 0.0657) (13 0.0618) (18 -0.0588) (31 -0.0469) (25 -0.0354) (23 -0.0348) (39 -0.0225) (41 0.0199) (30 0.019) (43 -0.0161) (36 -0.0159) (29 0.0154) (40 0.0152) (28 0.0148) (158 0.0141) (26 -0.0124) (12 -0.0123) (35 -0.0122) (33 -0.0117) (42 0.0108) 
  0.00025747   (158 1) (16 -0.0117) 
  0.00026951   (7 -1) 
  0.00028447   (25 0.924) (26 0.197) (152 -0.148) (30 0.115) (24 -0.107) (23 0.105) (27 -0.0891) (22 -0.0717) (20 0.0716) (31 -0.0691) (17 0.0689) (14 -0.0501) (15 0.0499) (33 -0.0484) (47 -0.0453) (16 0.0403) (21 -0.037) (48 -0.0358) (29 0.035) (34 -0.0335) (39 -0.0275) (28 0.0258) (49 -0.0233) (42 0.0214) (41 0.0201) (13 0.0196) (45 -0.0193) (40 0.0164) (82 0.0153) (32 0.0143) (56 -0.0142) (46 0.0142) (75 0.0125) (50 0.0105) 
  0.00029019   (152 -0.989) (25 -0.138) (26 -0.0294) (30 -0.0172) (24 0.016) (23 -0.0157) (27 0.0133) (22 0.0107) (20 -0.0107) (31 0.0103) (17 -0.0103) 
  0.00029599   (5 -1) 
  0.00032309   (18 0.764) (17 0.578) (20 -0.155) (22 0.119) (15 0.102) (16 0.0965) (14 -0.0872) (156 -0.0626) (23 -0.0493) (25 -0.0426) (31 -0.0381) (19 -0.036) (21 0.0295) (30 0.0241) (13 0.0219) (47 -0.0182) (43 -0.0169) (40 0.0166) (26 0.0162) (82 0.0147) (36 0.0144) (56 -0.0143) (32 0.0123) (29 0.0121) (42 0.0103) (73 -0.0101) 
  0.00032632   (156 -0.998) (18 -0.0479) (17 -0.0363) 
  0.00035272   (74 0.657) (57 -0.357) (60 -0.344) (73 -0.284) (70 0.236) (66 -0.173) (55 0.13) (59 0.129) (54 0.119) (53 -0.118) (41 -0.114) (45 -0.0978) (72 0.0852) (52 -0.0799) (82 -0.0764) (75 0.0763) (50 0.0752) (46 0.0749) (51 -0.0684) (42 -0.0664) (71 -0.0486) (68 0.0405) (38 0.0385) (49 0.037) (36 0.0359) (67 0.0359) (81 0.0342) (39 0.0299) (30 -0.0295) (15 0.0283) (40 -0.0272) (122 0.026) (37 -0.0252) (22 -0.0236) (14 -0.0223) (69 -0.0222) (20 0.0221) (56 0.022) (31 0.0218) (43 -0.0214) (21 -0.0208) (79 0.0201) (88 0.0195) (47 -0.0184) (89 -0.0177) (27 0.0177) (101 -0.0175) (44 0.017) (97 -0.0167) (121 -0.0166) (58 0.0164) (104 0.0148) (29 -0.0142) (48 -0.014) (151 0.0139) (125 -0.0137) (62 -0.0135) (91 -0.0133) (98 -0.0131) (28 -0.0128) (34 0.0124) (64 0.0124) (105 0.011) (33 0.0109) (107 -0.0109) (13 0.0109) (115 -0.0106) (117 -0.0104) (108 0.01) 
   0.0004155   (74 -0.586) (57 -0.408) (60 -0.326) (73 0.281) (66 -0.24) (151 0.192) (70 0.175) (41 -0.151) (49 0.133) (45 -0.128) (59 0.118) (54 0.115) (46 0.109) (39 0.106) (52 -0.0899) (53 -0.082) (42 -0.0788) (55 0.0695) (48 -0.0615) (72 -0.0577) (67 0.0561) (75 -0.056) (36 0.0528) (68 0.0484) (15 0.0468) (31 0.0466) (14 -0.0414) (38 0.0398) (30 -0.0391) (56 0.0381) (20 0.037) (119 -0.0359) (22 -0.0349) (51 -0.0347) (40 -0.0346) (37 -0.0327) (78 -0.0285) (71 0.0251) (84 0.025) (29 -0.025) (33 0.0226) (27 0.0222) (17 0.0218) (21 -0.0214) (28 -0.0207) (124 -0.0206) (58 0.0203) (126 -0.0195) (13 0.0186) (26 0.0165) (89 -0.0151) (117 -0.0146) (35 0.0144) (88 0.0143) (62 -0.014) (97 -0.0129) (135 0.0128) (61 -0.0126) (121 0.0123) (130 0.0123) (120 0.0119) (47 0.0114) (125 0.0113) (64 0.0112) (63 -0.0105) (116 0.0105) 
  0.00042273   (151 0.981) (74 0.105) (57 0.085) (60 0.0687) (73 -0.0508) (66 0.0492) (70 -0.0372) (41 0.0316) (45 0.0269) (49 -0.0267) (59 -0.025) (54 -0.0243) (46 -0.0226) (39 -0.0214) (52 0.0189) (53 0.0179) (42 0.0166) (55 -0.0156) (48 0.0123) (67 -0.0114) (36 -0.0111) (72 0.0101) 
   0.0004653   (21 -0.812) (22 0.553) (20 0.12) (52 0.0547) (51 -0.0515) (24 0.0498) (49 0.0493) (23 0.0483) (18 -0.0463) (53 0.0318) (16 0.0224) (54 -0.0194) (48 -0.0192) (46 0.0176) (39 0.0174) (45 -0.0174) (17 0.0168) (57 0.016) (14 -0.0129) (13 0.0127) (56 -0.0126) (15 0.0125) (19 0.011) 
  0.00046964   (148 -0.582) (51 -0.407) (52 0.386) (49 0.346) (53 0.235) (41 -0.153) (54 -0.15) (48 -0.147) (45 -0.127) (46 0.12) (50 0.111) (39 0.0941) (57 0.0913) (42 -0.0846) (22 -0.0743) (56 -0.0621) (60 0.0602) (21 0.0589) (47 0.0498) (31 0.044) (36 0.0406) (40 -0.0381) (15 0.0355) (43 0.0337) (30 -0.0333) (55 0.0323) (14 -0.0309) (74 0.0299) (38 0.026) (59 -0.0248) (33 0.0214) (82 0.0209) (37 -0.0209) (68 -0.0208) (27 0.0186) (73 -0.0185) (20 0.0175) (28 -0.0166) (44 -0.0161) (29 -0.0148) (17 0.0136) (119 -0.0132) (26 0.0127) (24 -0.0124) (13 0.0119) (81 -0.0116) (84 0.0109) (35 0.0101) 
  0.00048403   (148 -0.813) (51 0.292) (52 -0.276) (49 -0.248) (53 -0.168) (41 0.11) (54 0.108) (48 0.106) (45 0.0907) (46 -0.0857) (50 -0.0796) (39 -0.0675) (57 -0.0654) (42 0.0606) (22 0.0511) (56 0.0445) (60 -0.0431) (21 -0.039) (47 -0.0357) (31 -0.0315) (36 -0.0291) (40 0.0273) (15 -0.0255) (43 -0.0242) (30 0.0239) (55 -0.0231) (14 0.0222) (74 -0.0214) (38 -0.0186) (59 0.0178) (33 -0.0153) (37 0.015) (82 -0.0149) (68 0.0149) (27 -0.0133) (73 0.0133) (20 -0.013) (28 0.0119) (44 0.0115) (29 0.0106) 
  0.00051297   (52 -0.608) (53 0.427) (39 -0.385) (50 0.31) (41 -0.217) (49 0.198) (40 -0.175) (42 -0.123) (51 0.111) (55 -0.101) (45 -0.0853) (57 0.0849) (48 -0.0818) (56 -0.0794) (54 -0.0786) (46 0.0674) (60 0.0518) (43 0.0474) (38 0.0259) (44 -0.025) (47 0.0247) (59 -0.0234) (68 -0.0221) (149 -0.0201) (70 0.0188) (82 0.016) (21 -0.0144) (37 -0.0127) (81 -0.0114) (84 0.01) 
  0.00054625   (149 -0.932) (39 0.295) (52 -0.117) (40 0.0988) (53 0.0721) (50 0.0685) (41 0.0631) (42 0.0342) (43 -0.0242) (31 0.0237) (56 -0.02) (36 0.0183) (57 0.0182) (55 -0.0179) (30 -0.0165) (44 0.0142) (82 0.0135) (15 0.0123) (47 -0.012) (20 0.0119) (74 0.0117) (60 0.0116) (54 -0.0113) (22 -0.0109) 
  0.00055032   (39 -0.741) (149 -0.361) (52 0.337) (40 -0.245) (53 -0.21) (50 -0.194) (41 -0.151) (42 -0.0815) (31 -0.0608) (43 0.0599) (56 0.056) (55 0.0518) (57 -0.0515) (36 -0.0474) (30 0.0431) (82 -0.0359) (44 -0.0353) (54 0.0336) (60 -0.0328) (15 -0.0323) (20 -0.0309) (74 -0.0309) (47 0.0298) (22 0.0286) (68 0.0264) (27 -0.0258) (14 0.025) (33 -0.0248) (73 0.0222) (26 -0.0198) (81 0.0194) (49 -0.0178) (28 0.015) (59 0.0146) (23 -0.0128) (45 0.0111) (17 -0.0105) (51 -0.0105) (35 -0.0105) (37 0.0102) 
  0.00055432   (70 -0.911) (57 -0.202) (72 -0.16) (60 -0.136) (51 -0.112) (50 0.101) (55 0.0974) (74 0.0772) (41 -0.0698) (54 0.0674) (56 0.0637) (52 -0.0608) (73 0.0572) (59 0.0554) (45 -0.0477) (49 -0.0442) (75 0.0378) (42 -0.0358) (67 -0.0348) (146 -0.0345) (66 0.0343) (71 0.0333) (46 0.0304) (82 -0.029) (53 -0.0263) (38 0.0246) (47 -0.0234) (84 0.0234) (40 -0.0216) (36 0.0203) (77 0.0203) (30 -0.0199) (124 -0.0192) (21 -0.0175) (15 0.0175) (43 -0.0173) (88 0.0172) (37 -0.0163) (76 0.016) (122 0.016) (22 -0.0153) (78 -0.0153) (31 0.0147) (90 0.0139) (126 -0.0134) (20 0.0132) (14 -0.0125) (69 0.0125) (27 0.0124) (44 0.0119) (48 0.0117) (96 0.0117) (121 -0.0108) (58 0.0104) (119 -0.0102) 
  0.00056738   (146 -0.769) (51 0.365) (49 0.346) (50 -0.253) (53 -0.139) (48 -0.118) (39 0.0934) (46 0.0783) (45 -0.0775) (41 -0.0758) (57 0.0738) (70 -0.0633) (74 0.0547) (42 -0.0496) (147 -0.0463) (47 0.0446) (54 -0.042) (73 -0.0325) (43 0.0288) (82 0.0286) (31 0.028) (60 0.0277) (66 0.025) (15 0.0238) (44 -0.0232) (36 0.0217) (20 0.0203) (30 -0.019) (68 -0.0181) (22 -0.0179) (14 -0.0177) (81 -0.0136) (37 -0.013) (33 0.0127) (119 -0.0126) (67 -0.0125) (38 0.012) (17 0.0115) (27 0.0114) (28 -0.0111) (26 0.0105) 
  0.00058012   (146 -0.636) (51 -0.436) (49 -0.417) (50 0.301) (53 0.17) (48 0.142) (70 0.126) (39 -0.113) (46 -0.0966) (45 0.0966) (41 0.0959) (57 -0.0779) (74 -0.0704) (42 0.0621) (47 -0.0527) (54 0.0469) (147 -0.0382) (73 0.0364) (31 -0.0348) (43 -0.0339) (82 -0.0333) (66 -0.0321) (15 -0.0299) (36 -0.0275) (44 0.0274) (60 -0.0259) (20 -0.0254) (30 0.0242) (22 0.0226) (14 0.0222) (68 0.0216) (67 0.0171) (37 0.0167) (81 0.0162) (38 -0.0161) (33 -0.0158) (119 0.0146) (27 -0.0146) (17 -0.014) (28 0.0138) (40 0.0131) (26 -0.0131) (29 0.0125) 
  0.00072448   (38 0.896) (22 -0.221) (20 0.163) (41 0.152) (37 -0.152) (24 0.14) (21 -0.123) (39 -0.0743) (15 0.0736) (45 0.0691) (36 0.0652) (42 0.0624) (40 0.0506) (46 -0.0478) (14 -0.0458) (17 0.0449) (34 0.0353) (25 -0.031) (30 -0.0267) (43 0.0249) (53 0.0245) (13 0.0223) (35 0.0194) (54 -0.0181) (50 -0.0181) (52 0.0168) (57 0.0166) (44 -0.0162) (18 0.016) (51 0.0143) (60 0.0131) (49 -0.0121) (55 -0.012) (47 0.0112) 
  0.00078605   (22 -0.57) (24 0.438) (20 0.41) (38 -0.328) (21 -0.291) (15 0.133) (17 0.123) (30 0.112) (31 -0.101) (36 -0.0998) (27 -0.0967) (25 -0.0889) (37 0.0764) (23 0.0752) (14 -0.0743) (26 -0.0714) (28 0.0623) (29 0.0622) (18 0.0495) (33 -0.0442) (143 0.0373) (13 0.0344) (35 -0.0281) (39 -0.0239) (34 -0.0223) (19 0.0126) (49 -0.0114) 
   0.0010267   (143 0.998) (142 -0.0477) (22 0.0229) (144 0.0186) (24 -0.0173) (20 -0.0165) (21 0.0118) 
   0.0011091   (48 0.419) (45 -0.394) (46 0.393) (49 -0.373) (41 -0.274) (15 0.23) (53 0.192) (47 -0.186) (50 -0.183) (51 0.156) (54 -0.145) (16 -0.127) (52 0.108) (43 -0.104) (42 -0.0999) (44 0.0912) (39 0.0736) (14 -0.0683) (60 0.0639) (40 -0.0594) (55 -0.0589) (38 0.0581) (57 0.0571) (36 0.0496) (82 -0.0357) (30 -0.0333) (13 0.0316) (37 -0.0308) (68 0.0305) (59 -0.0268) (34 0.023) (31 0.0223) (17 -0.0213) (81 0.021) (27 0.0185) (78 -0.0174) (29 -0.0169) (70 0.0156) (35 0.0146) (79 0.013) (56 0.0123) (33 0.0108) (66 0.0107) (84 0.0105) 
   0.0012283   (15 0.767) (16 -0.507) (20 -0.135) (14 -0.132) (22 0.126) (45 0.118) (17 -0.115) (46 -0.111) (41 0.103) (48 -0.0975) (49 0.0825) (21 0.0666) (13 0.0597) (36 -0.0513) (30 0.0501) (31 -0.0474) (39 -0.0468) (47 0.045) (42 0.0429) (50 0.0427) (53 -0.0407) (27 -0.035) (51 -0.033) (38 -0.032) (54 0.03) (29 0.0298) (43 0.0273) (28 0.0244) (40 0.0243) (44 -0.024) (24 0.024) (18 -0.0233) (52 -0.0225) (26 -0.0224) (33 -0.0199) (37 0.0181) (35 -0.0147) (34 -0.0132) (55 0.0116) (60 -0.0115) (57 -0.0103) 
   0.0012812   (145 -1) (135 0.0132) 
   0.0014578   (53 -0.611) (54 -0.475) (36 0.343) (55 -0.254) (51 -0.222) (52 -0.199) (50 0.187) (31 0.13) (30 -0.101) (57 0.0958) (33 0.0935) (60 0.0817) (35 0.0669) (39 -0.0596) (45 -0.0589) (28 -0.0495) (15 0.0492) (37 0.047) (22 -0.0469) (46 0.0452) (20 0.0442) (27 0.0439) (47 -0.0403) (29 -0.0389) (38 -0.0346) (59 -0.0334) (14 -0.0333) (68 0.0325) (71 0.0322) (43 -0.0316) (82 -0.0314) (34 0.0309) (21 -0.0305) (26 0.0269) (41 -0.023) (44 0.0204) (137 -0.0199) (48 0.0187) (42 -0.0168) (73 0.0167) (56 0.0155) (13 0.0148) (81 0.0144) (66 -0.014) (49 -0.0121) (79 0.011) (70 0.0108) (121 -0.0103) 
   0.0015051   (36 0.715) (53 0.283) (31 0.267) (33 0.195) (54 0.187) (30 -0.178) (41 0.167) (38 -0.151) (39 -0.149) (37 0.144) (35 0.134) (137 -0.115) (51 0.114) (50 -0.101) (55 0.1) (52 0.0977) (45 0.0974) (28 -0.0865) (42 0.0817) (27 0.0676) (22 -0.0671) (46 -0.0669) (20 0.0669) (15 0.0665) (29 -0.0651) (14 -0.0462) (26 0.044) (34 0.0429) (40 0.0426) (21 -0.0339) (57 -0.0277) (60 -0.027) (49 -0.0264) (17 0.0251) (13 0.0214) (25 0.0204) (47 0.0173) (24 -0.0157) (44 -0.0152) (43 0.0147) (82 0.0146) (71 -0.0124) (59 0.0111) 
   0.0015537   (137 -0.992) (36 -0.0896) (135 0.0364) (31 -0.0336) (33 -0.0245) (30 0.0228) (53 -0.0202) (41 -0.0186) (39 0.0183) (38 0.018) (37 -0.0175) (35 -0.0169) (54 -0.0122) (28 0.011) 
    0.001661   (13 0.904) (14 0.268) (31 0.212) (33 -0.193) (29 -0.0786) (36 -0.0752) (34 0.0662) (32 0.0572) (28 -0.0468) (30 -0.0399) (35 -0.038) (133 0.0358) (39 -0.02) (41 0.0195) (71 -0.0141) (37 0.0129) (38 -0.0128) (18 0.0124) (24 -0.0116) (12 0.0111) (22 -0.0109) 
   0.0018127   (133 0.553) (31 0.51) (33 -0.445) (13 -0.269) (29 -0.183) (36 -0.171) (34 0.157) (32 0.131) (14 -0.12) (30 -0.111) (35 -0.0877) (28 -0.0846) (39 -0.0494) (15 0.0458) (20 0.0397) (22 -0.0321) (41 0.0315) (17 0.0315) (37 0.0313) (27 0.031) (26 0.03) (42 0.0299) (24 -0.0297) (38 -0.0233) (21 -0.0218) (44 0.0187) (25 0.0186) (40 0.0173) (19 0.0165) (23 0.0151) (45 0.0144) (16 0.0124) (50 0.0108) (48 0.0107) (51 0.0107) 
   0.0020186   (133 0.833) (31 -0.347) (33 0.304) (13 0.14) (29 0.125) (36 0.117) (34 -0.107) (32 -0.0894) (30 0.0754) (14 0.0684) (35 0.0598) (28 0.0582) (39 0.0336) (15 -0.0301) (20 -0.0265) (22 0.0218) (41 -0.0217) (37 -0.0213) (17 -0.0213) (27 -0.021) (26 -0.0203) (42 -0.0202) (24 0.0202) (38 0.016) (21 0.0145) (25 -0.0127) (44 -0.0126) (40 -0.0119) (19 -0.011) (23 -0.0101) 
   0.0021378   (29 -0.907) (31 -0.204) (50 0.175) (30 0.164) (28 -0.134) (51 0.12) (33 0.108) (52 0.091) (34 -0.0733) (32 -0.0724) (48 0.0525) (36 -0.0356) (35 0.0328) (20 0.032) (72 0.0318) (42 0.0244) (45 0.0242) (37 0.0241) (73 -0.024) (26 0.0223) (49 0.0206) (74 -0.0201) (129 -0.02) (60 -0.0186) (54 -0.0185) (47 -0.0171) (56 -0.016) (15 0.0145) (41 0.0139) (46 -0.0126) (53 -0.0122) (22 -0.0117) (23 -0.0116) (38 -0.0102) 
   0.0023644   (72 0.605) (73 -0.5) (74 -0.303) (129 -0.24) (67 -0.213) (77 -0.199) (71 -0.161) (68 -0.142) (70 -0.128) (82 -0.107) (69 -0.0967) (75 -0.089) (66 0.0851) (60 -0.0761) (56 0.0702) (54 0.0637) (51 -0.0611) (40 -0.0589) (78 -0.0577) (83 -0.0444) (81 0.0444) (61 0.0401) (105 -0.0382) (64 0.0381) (55 -0.0375) (62 0.0374) (45 -0.0348) (52 -0.0331) (86 0.0324) (76 0.0315) (79 -0.0312) (29 0.0297) (59 0.0256) (80 0.0249) (53 -0.0248) (85 -0.0243) (63 0.0236) (48 -0.0215) (49 -0.0205) (31 0.0197) (50 -0.019) (42 -0.0165) (46 0.0153) (102 0.015) (89 -0.0146) (44 0.0139) (93 -0.0135) (43 -0.0132) (84 0.0132) (47 -0.0127) (39 0.0123) (65 -0.0122) (30 -0.0114) (104 -0.0112) (101 0.0111) (121 0.0107) (36 0.0103) (58 -0.0102) 
   0.0024433   (129 -0.62) (50 -0.517) (51 -0.367) (52 -0.286) (29 -0.172) (72 -0.146) (48 -0.121) (73 0.0956) (74 0.0897) (60 0.0823) (54 0.0764) (56 0.0649) (42 -0.0533) (40 -0.0483) (49 -0.0462) (53 0.0457) (45 -0.0432) (57 0.0429) (131 0.0418) (41 0.0414) (47 0.0368) (70 0.0329) (30 0.0296) (69 0.0285) (28 -0.0281) (59 -0.0276) (77 0.027) (68 0.0244) (55 -0.0236) (75 0.0227) (35 0.0219) (71 0.0216) (31 -0.0215) (64 -0.0214) (84 -0.0196) (67 0.019) (78 0.0188) (80 -0.0183) (82 0.0182) (61 -0.0179) (20 0.0159) (46 0.0153) (119 0.0141) (39 0.0136) (34 -0.0132) (88 0.0129) (90 -0.0128) (26 0.011) (66 -0.0106) (15 0.0101) 
   0.0025096   (129 -0.742) (50 0.432) (51 0.323) (52 0.247) (29 0.158) (48 0.107) (54 -0.0839) (73 0.0816) (131 0.0786) (56 -0.0765) (72 -0.0736) (40 0.0598) (67 0.0531) (42 0.0492) (45 0.0468) (49 0.0447) (60 -0.0433) (77 0.0409) (57 -0.0346) (71 0.0339) (41 -0.0324) (55 0.0317) (53 -0.0296) (47 -0.026) (68 0.0257) (30 -0.0253) (28 0.0252) (74 0.0229) (35 -0.0197) (66 -0.0188) (82 0.0184) (83 0.0176) (46 -0.0174) (31 0.0169) (76 -0.0165) (130 -0.0159) (39 -0.0155) (85 0.0151) (59 0.0146) (20 -0.0142) (70 0.0139) (62 -0.0123) (84 0.0122) (65 0.0113) (15 -0.011) (26 -0.0109) (88 -0.0108) (119 -0.0106) (101 -0.0102) (34 0.0102) 
    0.002634   (23 -0.883) (24 -0.312) (20 0.191) (54 -0.132) (21 -0.105) (55 0.0941) (22 -0.0937) (56 0.0852) (60 -0.0655) (27 -0.065) (30 0.0513) (28 0.0461) (53 0.0436) (26 -0.0431) (15 0.0411) (57 0.0364) (45 0.034) (42 0.0321) (59 0.0315) (41 0.0295) (50 -0.0289) (25 0.0288) (29 0.0266) (38 -0.0255) (36 -0.0235) (46 -0.0226) (32 -0.0221) (14 -0.0195) (37 0.0194) (51 0.0187) (33 -0.0181) (12 -0.018) (68 -0.0153) (82 0.0149) (43 0.0145) (31 -0.0142) (119 0.0138) (47 0.0124) (49 -0.0113) (17 0.0106) (74 -0.0102) 
   0.0029412   (60 0.68) (57 -0.582) (59 -0.301) (68 -0.161) (56 -0.159) (54 0.105) (23 -0.0955) (53 -0.072) (55 0.0664) (67 -0.0411) (45 -0.041) (50 0.0407) (58 0.0399) (49 0.0384) (132 -0.0373) (72 0.0338) (105 0.0335) (42 -0.0335) (84 -0.033) (82 -0.0295) (73 -0.0294) (124 -0.0294) (24 -0.0293) (69 0.0292) (81 0.0287) (20 0.0267) (46 0.0238) (62 0.0232) (43 -0.0223) (66 -0.0217) (123 -0.0206) (65 -0.0193) (70 0.0182) (78 0.018) (102 -0.0177) (21 -0.0163) (36 0.0161) (22 -0.0155) (90 -0.0146) (110 -0.0143) (47 -0.014) (101 -0.0136) (51 0.0125) (63 0.0123) (40 0.012) (71 -0.0113) (99 0.0112) (41 -0.0107) (77 -0.0103) (108 0.0103) (104 0.01) 
   0.0031421   (132 -0.826) (54 0.351) (55 -0.334) (56 -0.169) (57 0.109) (23 -0.0928) (68 0.0788) (53 -0.0763) (41 -0.0537) (50 0.0529) (52 0.041) (45 -0.0382) (46 0.0363) (51 -0.0322) (82 -0.0317) (24 -0.0306) (49 0.0275) (20 0.0237) (60 -0.0216) (43 -0.0215) (22 -0.0211) (47 -0.0196) (67 0.0191) (40 -0.0184) (66 0.018) (72 -0.0177) (44 0.0173) (21 -0.0163) (81 0.0153) (70 -0.0149) (74 0.0148) (73 0.014) (69 -0.0136) (119 -0.0132) (15 0.013) (78 -0.013) (39 0.0129) (36 0.0126) (79 0.012) (130 0.0119) (84 0.0115) (38 0.011) 
   0.0034386   (132 -0.561) (54 -0.522) (55 0.486) (56 0.259) (23 0.143) (57 -0.12) (53 0.117) (68 -0.105) (50 -0.0806) (41 0.0794) (52 -0.0595) (45 0.059) (46 -0.0549) (82 0.0487) (24 0.047) (51 0.0463) (49 -0.0431) (20 -0.0368) (124 -0.0367) (123 -0.034) (43 0.0332) (22 0.0321) (47 0.0298) (119 0.0295) (40 0.0259) (44 -0.0258) (67 -0.0254) (21 0.0252) (66 -0.025) (81 -0.0243) (72 0.024) (74 -0.0225) (70 0.0207) (15 -0.0198) (36 -0.0197) (73 -0.0188) (39 -0.0187) (78 0.0183) (69 0.0181) (79 -0.0177) (105 0.0165) (38 -0.0164) (84 -0.016) (60 -0.015) (59 0.0143) (31 -0.0131) (121 -0.013) (42 -0.0112) (14 0.0109) (34 -0.0109) (58 0.0107) (117 0.01) 
   0.0036243   (37 -0.935) (66 -0.217) (38 -0.201) (84 -0.0796) (36 0.0693) (57 0.0636) (41 0.0606) (39 -0.0502) (60 0.038) (42 0.0366) (31 0.0359) (45 0.0357) (71 -0.0319) (29 -0.0298) (70 -0.0288) (86 -0.0273) (128 -0.0257) (34 0.025) (46 -0.0248) (30 -0.0217) (40 0.0217) (52 0.0191) (55 -0.0184) (67 -0.0177) (22 -0.0174) (56 0.0173) (35 0.0172) (69 -0.0166) (65 -0.0158) (21 -0.0157) (51 0.0156) (82 0.0144) (73 -0.0144) (64 -0.0142) (15 0.0142) (49 -0.0141) (20 0.0129) (28 -0.0127) (105 -0.0122) (53 0.0113) (14 -0.0111) (43 -0.0107) (87 0.0105) 
   0.0036787   (84 -0.851) (128 -0.311) (86 -0.219) (82 0.21) (66 0.142) (87 0.102) (105 -0.0897) (90 0.0817) (81 -0.0657) (60 -0.0559) (92 -0.0521) (37 0.0491) (85 -0.0483) (83 -0.0466) (91 0.0396) (41 -0.0388) (102 0.0386) (57 -0.0378) (93 -0.0371) (78 0.0356) (68 -0.0328) (88 0.0321) (50 0.0285) (79 -0.0282) (103 -0.0269) (117 -0.026) (119 -0.0257) (54 0.0227) (38 0.0225) (45 -0.0211) (89 -0.0201) (59 0.0199) (111 -0.0195) (53 -0.0193) (125 -0.0193) (46 0.0191) (120 0.0184) (55 -0.0177) (94 -0.0171) (115 -0.017) (108 -0.017) (116 0.0168) (69 0.0158) (96 0.0155) (110 -0.0147) (114 0.0142) (80 0.0139) (113 0.0139) (40 -0.0138) (77 -0.0138) (109 -0.0137) (126 -0.0128) (71 0.0127) (56 0.0118) (121 -0.0113) (104 -0.0102) 
   0.0038843   (128 -0.694) (66 0.574) (84 0.292) (37 -0.161) (57 -0.111) (71 0.0925) (70 0.0848) (60 -0.082) (86 0.0795) (82 -0.0779) (56 -0.0637) (55 0.0536) (67 0.0493) (73 0.0435) (69 0.043) (65 0.0407) (90 -0.0383) (105 0.0366) (87 -0.0355) (64 0.0353) (52 -0.0296) (38 -0.028) (51 -0.0237) (91 -0.0236) (83 0.0225) (81 0.0217) (42 -0.0214) (92 0.0195) (76 -0.0189) (59 0.0176) (53 -0.0175) (36 0.0165) (102 -0.015) (45 -0.0144) (85 0.0143) (126 -0.0142) (110 0.0132) (68 0.0127) (108 0.0123) (31 0.0118) (103 0.0114) (61 0.0101) 
   0.0039097   (66 -0.675) (128 -0.648) (37 0.187) (57 0.134) (60 0.114) (71 -0.104) (84 0.101) (70 -0.0925) (56 0.0612) (67 -0.0544) (69 -0.0532) (55 -0.0474) (65 -0.0473) (73 -0.0425) (64 -0.042) (52 0.0298) (59 -0.0284) (51 0.0281) (53 0.028) (38 0.027) (45 0.0245) (36 -0.0234) (42 0.0207) (82 -0.0204) (86 0.0204) (78 -0.0198) (76 0.0196) (41 0.0185) (46 -0.0181) (31 -0.0163) (77 0.0138) (15 -0.0126) (93 0.0119) (50 -0.0118) (29 0.0116) (30 0.0116) (20 -0.0113) (61 -0.0111) (87 -0.011) (22 0.0108) (88 -0.0104) (21 0.0101) 
   0.0040268   (106 -0.734) (113 -0.338) (107 0.226) (104 -0.211) (68 0.198) (109 0.166) (101 -0.161) (103 0.156) (115 0.142) (97 -0.121) (91 0.113) (108 -0.105) (120 0.0977) (98 0.08) (71 -0.0794) (99 0.0749) (118 0.0716) (90 -0.0683) (116 -0.0676) (100 -0.0649) (102 -0.0649) (69 -0.0552) (105 -0.0528) (114 0.0526) (147 -0.0438) (56 -0.0437) (92 0.0389) (55 0.0376) (82 0.0339) (94 0.0333) (89 0.031) (110 -0.0287) (81 -0.0286) (88 -0.0243) (73 -0.0227) (60 0.0178) (117 -0.0175) (67 0.017) (54 -0.0164) (79 -0.015) (74 -0.0142) (78 0.0137) (57 -0.0123) (121 -0.012) (66 0.0117) (122 0.0114) (70 -0.011) (125 -0.0109) (59 -0.0109) (124 -0.0101) 
   0.0041252   (144 0.989) (147 0.144) (143 -0.018) (135 0.0158) (142 0.0135) (113 -0.0114) (68 -0.0103) 
   0.0043539   (68 0.763) (71 -0.323) (56 -0.299) (55 0.243) (69 -0.217) (106 0.186) (73 -0.0878) (82 0.0746) (60 0.074) (107 -0.0739) (74 -0.0683) (105 0.0682) (67 0.061) (113 0.0604) (54 -0.0587) (81 -0.0559) (103 -0.0534) (52 -0.0496) (59 -0.0479) (70 -0.0469) (101 0.0426) (108 0.0422) (104 0.0388) (79 -0.037) (115 -0.0354) (84 -0.0352) (66 0.0337) (72 0.0331) (41 0.0327) (109 -0.0322) (78 0.0318) (42 -0.0304) (50 -0.0298) (92 -0.0282) (147 0.0271) (61 0.027) (90 -0.0269) (120 -0.0268) (53 -0.0256) (77 -0.0247) (118 -0.0231) (97 0.0207) (75 -0.0204) (40 0.0179) (116 0.0147) (99 -0.0145) (94 -0.0145) (86 0.0132) (76 0.0129) (98 -0.0128) (100 0.0126) (51 -0.0122) (65 0.0105) (102 -0.0104) (23 -0.0104) 
   0.0044061   (44 -0.598) (71 -0.418) (79 -0.287) (80 -0.274) (43 -0.249) (72 -0.171) (83 0.164) (42 -0.159) (93 -0.143) (68 -0.139) (86 0.127) (78 0.125) (45 -0.109) (41 0.0905) (76 0.086) (56 0.0822) (55 -0.0776) (82 -0.0776) (99 0.076) (77 0.0704) (112 0.0645) (108 -0.0644) (81 -0.0567) (40 0.0538) (66 0.0518) (87 -0.0475) (96 -0.0448) (98 0.0411) (50 0.0406) (84 -0.0392) (60 -0.0348) (74 -0.0296) (73 -0.0279) (103 0.0265) (28 -0.0257) (52 0.0247) (70 0.0246) (104 0.0242) (75 0.0239) (89 0.0224) (106 0.0222) (47 -0.0216) (48 0.0211) (46 -0.0192) (157 -0.0186) (101 0.0172) (91 -0.0152) (97 -0.0147) (39 -0.014) (64 0.0138) (54 0.0134) (85 -0.0121) (59 0.0112) (13 -0.0106) (53 -0.0104) (69 0.0103) (19 -0.01) 
   0.0044275   (157 -0.999) (44 0.0321) (43 0.0137) 
   0.0045996   (44 -0.598) (71 0.504) (43 -0.26) (72 0.208) (78 -0.202) (79 0.199) (80 0.173) (42 -0.159) (68 0.151) (41 0.132) (45 -0.115) (86 -0.111) (56 -0.102) (83 -0.0971) (108 0.0869) (66 -0.0758) (82 0.0704) (87 0.069) (40 0.0678) (112 -0.0649) (90 0.0551) (99 -0.0536) (76 -0.0508) (55 0.0403) (157 -0.0342) (46 -0.032) (105 0.0313) (70 -0.0292) (91 0.0285) (39 -0.0248) (98 -0.0246) (74 0.024) (84 0.023) (75 -0.0227) (48 0.0226) (64 -0.0205) (106 -0.0199) (53 0.0188) (81 0.0186) (104 -0.0184) (77 -0.0163) (117 0.0163) (101 -0.0158) (65 -0.015) (73 0.0138) (32 0.0136) (36 -0.0131) (119 0.013) (47 -0.0123) (57 0.012) (33 -0.012) (85 0.0119) (93 -0.0118) (50 -0.0116) (116 -0.0115) (121 0.0114) (67 -0.0112) (49 -0.0111) (28 -0.0107) (97 0.0103) 
   0.0047559   (19 0.966) (134 0.228) (18 0.0888) (17 -0.0607) (21 0.023) (22 0.0213) (23 -0.0162) (8 0.0143) (20 0.0124) (27 -0.011) (29 0.0104) 
   0.0049121   (134 0.974) (19 -0.226) (18 -0.0208) (17 0.0142) 
   0.0049673   (8 -1) (19 0.0124) 
   0.0051126   (4 1) 
   0.0052726   (24 -0.804) (23 0.375) (22 -0.222) (25 -0.207) (20 0.148) (21 -0.147) (31 -0.118) (17 0.11) (15 0.102) (14 -0.089) (140 -0.0737) (26 -0.0676) (30 0.0619) (16 0.0522) (27 -0.0516) (13 0.0361) (39 -0.0356) (41 0.0342) (29 0.0318) (18 -0.0309) (43 -0.0305) (19 0.0284) (33 -0.0278) (28 0.0253) (40 0.0203) (42 0.0194) (82 0.0187) (35 -0.0186) (36 -0.0171) (32 0.0169) (56 -0.0155) (44 0.014) (34 0.0134) (47 -0.0133) (37 0.0127) (68 -0.0125) (57 0.0107) 
   0.0053398   (140 -0.997) (24 0.0594) (23 -0.0277) (22 0.0164) (25 0.0152) (20 -0.011) (21 0.0109) 
   0.0056121   (10 0.855) (17 0.379) (18 -0.324) (20 -0.0892) (19 0.053) (24 0.0436) (15 0.0362) (21 0.0354) (16 0.0319) (23 -0.0297) (22 0.0257) (14 -0.024) (31 -0.0169) (25 -0.0161) (27 -0.011) (26 -0.0102) 
   0.0057444   (138 0.996) (17 0.0549) (10 -0.0487) (18 -0.0471) (20 -0.0128) 
   0.0058681   (17 -0.622) (18 0.534) (10 0.516) (20 0.145) (138 0.0895) (19 -0.0858) (24 -0.0709) (15 -0.0613) (21 -0.0557) (16 -0.0516) (23 0.0516) (22 -0.0415) (14 0.0379) (25 0.0297) (31 0.0283) (27 0.0227) (13 -0.0203) (26 0.0175) (82 -0.0138) (39 0.0129) (43 0.0128) (30 -0.0113) (33 0.0113) (34 -0.0113) 
   0.0061649   (12 0.957) (11 -0.187) (42 0.161) (40 -0.0963) (41 -0.0668) (44 -0.062) (14 -0.0387) (43 -0.0372) (39 0.0265) (55 0.0231) (46 -0.0172) (15 0.0142) (56 -0.0137) (59 -0.0125) (32 -0.0113) 
   0.0066756   (141 0.998) (42 0.0497) (40 -0.027) (41 -0.0217) (44 -0.0166) (12 -0.0155) (43 -0.0103) 
   0.0073143   (42 -0.743) (40 0.402) (41 0.325) (44 0.248) (12 0.214) (43 0.154) (39 -0.111) (46 0.0721) (141 0.0669) (55 -0.0645) (32 0.0493) (56 0.0398) (59 0.0398) (45 -0.0397) (50 0.0388) (11 -0.0386) (52 0.0324) (31 -0.0299) (54 0.0285) (23 -0.027) (73 -0.026) (65 0.0246) (105 0.0244) (34 -0.0227) (78 0.0226) (38 -0.0204) (79 0.0199) (51 0.0197) (28 -0.0185) (36 -0.0182) (84 -0.0179) (74 -0.0171) (75 -0.0164) (47 -0.0159) (71 0.0155) (60 -0.0147) (80 -0.0143) (20 0.0143) (102 -0.0142) (61 -0.0133) (67 -0.0129) (72 -0.0128) (22 0.0119) (64 0.0119) (48 0.0106) 
   0.0081706   (11 -0.954) (32 -0.198) (12 -0.186) (34 0.0854) (35 0.0634) (31 0.04) (36 -0.0291) (40 0.0241) (30 0.0198) (14 -0.0185) (65 0.0136) (64 -0.0123) (27 -0.0115) (42 -0.0113) (136 0.0107) 
   0.0090801   (136 0.983) (32 -0.15) (34 0.0638) (11 0.0523) (35 0.0445) (31 0.0307) (36 -0.0214) (40 0.0201) (30 0.0175) (27 -0.0122) (12 0.0102) 

 Largest eigenvalues
        44.5   (162 -0.944) (163 0.253) 
      29.113   (55 0.433) (56 -0.615) (68 -0.313) (82 -0.348) 
      15.897   (81 0.372) (82 -0.694) 
      5.2854   (102 -0.367) (105 0.762) 
      4.3575   (147 0.978) 
      1.5559   (162 -0.264) (163 -0.964) 
      1.2279   (164 -0.998) 
      1.2018   (165 0.996) 
      1.1292   (90 0.411) (91 -0.781) 
      1.1147   (100 -0.445) (101 -0.541) (107 0.535) 
      1.1066   (100 -0.374) (101 -0.33) (107 -0.74) (115 0.294) 
      1.0701   (111 0.349) (115 -0.796) 
      1.0247   (102 0.331) (103 -0.463) (104 0.67) 
     0.98846   (100 0.681) (101 -0.541) 
     0.91346   (101 0.236) (111 -0.682) (122 0.221) (130 -0.231) (135 0.223) 
     0.83805   (109 0.365) (111 0.456) (115 0.293) 
     0.76273   (109 -0.746) (110 0.322) 
     0.67825   (97 -0.817) (99 -0.353) 
     0.64207   (114 -0.55) (125 -0.505) (135 0.383) 
     0.64164   (113 -0.337) (114 0.748) (125 -0.309) 
     0.60002   (109 0.378) (110 0.55) (113 0.561) 
     0.57389   (110 -0.703) (113 0.455) 
     0.57299   (113 -0.292) (122 0.481) (123 0.385) (130 0.389) (131 0.287) 
     0.57099   (123 -0.464) (124 -0.589) (125 0.306) (130 0.349) 
     0.55233   (119 -0.681) (121 0.377) (123 0.31) 
     0.54809   (117 -0.414) (118 0.752) 
     0.54788   (116 0.294) (120 0.578) (121 -0.323) (126 0.334) 
     0.53346   (116 -0.546) (117 -0.359) (135 -0.307) 
     0.50107   (116 0.631) (120 -0.369) (125 -0.328) (135 -0.352) 
     0.46462   (92 -0.964) 
     0.44838   (120 0.499) (126 -0.4) (135 -0.411) 
     0.44203   (94 -0.941) 
     0.33033   (103 0.753) (104 0.452) 
     0.31707   (102 -0.771) (105 -0.381) 
     0.28487   (99 0.373) (112 -0.335) (117 -0.309) 
     0.26292   (78 -0.323) (86 0.607) 
     0.25097   (78 0.485) (98 -0.361) (99 -0.474) 
     0.23605   (71 -0.317) (78 -0.503) (86 -0.526) 
     0.23029   (99 0.354) (108 -0.377) (112 0.61) 
     0.19714   (90 -0.7) (91 -0.299) (93 0.495) 
     0.15615   (90 0.37) (96 0.54) (108 0.448) 
     0.14305   (87 0.316) (93 -0.599) (108 0.349) 
     0.13265   (85 -0.409) (87 -0.788) 
     0.11999   (88 -0.393) (89 -0.687) (93 0.313) (96 -0.315) 
     0.11181   (78 0.376) (80 0.446) (83 -0.422) 
     0.10917   (76 0.315) (77 0.347) (79 -0.317) 
     0.10409   (59 -0.31) (64 0.315) (65 0.264) (69 -0.285) (76 -0.318) 
    0.099949   (58 0.567) (59 0.484) 
    0.095258   (58 -0.598) (64 -0.317) 
    0.090896   (58 0.397) (59 -0.357) (76 0.286) (96 0.304) (108 -0.289) 
    0.085457   (58 -0.32) (59 0.564) 
    0.076304   (59 -0.272) (63 0.312) (64 -0.44) (65 -0.286) (69 -0.273) (83 -0.3) 
    0.076077   (63 -0.737) (67 -0.259) (69 0.26) (76 -0.219) (83 -0.224) 
    0.073094   (61 -0.456) (62 0.351) (63 0.481) (69 0.356) 
    0.071674   (61 0.673) (62 -0.311) 
    0.063545   (61 -0.313) (69 -0.27) (118 -0.258) (119 0.285) 
    0.061627   (61 0.262) (67 -0.351) (73 0.268) (77 0.349) (80 0.267) 
    0.058052   (61 -0.311) (62 -0.575) 
    0.057159   (61 0.228) (62 0.568) (67 0.267) (72 -0.264) (73 -0.218) (77 -0.26) (85 -0.245) 
    0.053453   (67 -0.496) (69 -0.33) (76 0.297) (77 -0.287) 
    0.052477   (64 -0.298) (65 0.329) (72 0.33) (80 -0.33) 
    0.047075   (64 0.38) (65 -0.477) (77 0.303) 
    0.046644   (64 -0.327) (65 0.432) (67 -0.321) (69 -0.261) (72 -0.253) (73 -0.248) 
    0.046128   (72 0.195) (73 0.225) (76 0.256) (77 -0.234) (79 -0.257) (80 0.335) (83 0.288) (85 0.239) (88 0.205) (89 -0.194) 
    0.044005   (35 -0.835) (40 -0.301) 
    0.041949   (35 0.408) (40 -0.665) (41 0.456) 
     0.04016   (75 -0.478) (85 -0.274) (121 -0.28) 
    0.039388   (47 0.318) (48 0.524) (75 0.438) 
    0.038502   (47 -0.295) (48 -0.467) (75 0.498) 
    0.031095   (25 -0.231) (26 0.743) (27 -0.274) (30 0.262) (34 -0.245) 
    0.029445   (27 0.633) (30 0.536) 
      0.0272   (30 -0.495) (88 -0.345) 
    0.025321   (32 0.36) (33 0.481) (34 0.527) 
    0.021035   (43 0.399) (46 0.27) (75 -0.31) (85 0.232) (88 -0.343) 
     0.02074   (130 -0.571) (131 0.607) 
     0.02043   (127 0.578) (160 -0.807) 
    0.018959   (127 0.577) (160 0.301) (161 -0.759) 
    0.017699   (127 0.577) (160 0.507) (161 0.64) 
    0.015463   (28 -0.947) 
    0.014974   (139 0.998) 
