 1 1000
 2 591.945
 3 1.80262
 4 1000
 5 711.657
 6 15.0951
 7 1000
 8 36.0693
 9 961.737
 10 925.142
 11 22.4702
 12 485.704
 13 1000
 14 999.797
 15 0.813942
 16 1000
 17 999.649
 18 0.837653
 19 1000
 20 995.244
 21 4.75435
 22 1000
 23 998.975
 24 1.41853
 25 224.652
 26 281.353
 27 6.85782
 28 995.683
 29 425.08
 30 85.1951
 31 466.304
 32 234.924
 33 420.835
 34 208.261
 35 308.564
 36 136.57
 37 992.811
 38 999.315
 39 2.21654
 40 610.429
 41 977.498
 42 1.69255
 43 478.052
 44 884.54
 45 7.2188
 46 998.489
 47 922.251
 48 80.0928
 49 936.995
 50 190.246
 51 352.797
 52 141.541
 53 962.152
 54 295.355
 55 128.736
 56 274.186
 57 692.724
 58 87.9893
 59 188.483
 60 119.227
 61 22.2629
 62 1.76789
 63 461.143
 64 209.663
 65 1.94879
 66 576.425
 67 893.962
 68 108.376
 69 999.99
 70 1000
 71 998.352
 72 2.5574
 73 999.842
 74 85.3365
 75 916.498
 76 964.37
 77 7.72712
 78 813.402
 79 998.566
 80 69.9207
 81 927.84
 82 989.184
 83 594.96
 84 2.04521
 85 130.934
 86 2.47923
 87 989.138
 88 1.80997
 89 1.70923
 90 2.02512
 91 7.99519
 92 482.551
 93 810.556
 94 440.468
 95 819.547
 96 905.063
 97 301.243
 98 256.726
 99 136.433
 100 776.539
 101 945.698
 102 102.483
 103 181.001
 104 156.975
 105 137.8
 106 177.658
 107 175.663
 108 178.401
 109 129.953
 110 94.7583
 111 192.931
 112 206.956
 113 192.489
 114 178.866
 115 176.263
 116 132.727
 117 186.122
 118 195.055
 119 161.711
 120 113.99
 121 117.372
 122 50.0708
 123 43.3796
 124 38.2668
 125 31.7201
 126 43.9788
 127 25.1554
 128 83.9562
 129 55.4801
 130 49.4287
 131 21.2918
 132 19.8082
 133 19.9694
 134 29.2059
 135 8.95346
 136 41.0398
 137 10.8547
 138 9.3635
 139 8.67697
 140 11.5573
 141 11.0994
 142 8.83847
 143 8.7675
 144 17.6429
 145 15.8994
 146 11.5195
 147 10.3076
 148 16.9259
 149 16.1352
 150 11.449
 151 13.3685
 152 19.6542
 153 25.4219
 154 14.0575
 155 19.1746
 156 20.9297
 157 34.2814
 158 0.32854
 159 0.0437744
 160 2.73659
 161 18.6421
 162 53.5838
 163 62.464
 164 131.597
 165 2.21669
