 1 70398.5
 2 615.932
 3 1.84231
 4 424799
 5 730.91
 6 15.4808
 7 1.2978e+06
 8 58.8542
 9 1586.99
 10 2746.62
 11 34.3475
 12 745.803
 13 1.50382e+06
 14 11396.2
 15 0.814074
 16 872193
 17 5601.92
 18 0.922333
 19 219437
 20 3141.11
 21 13.0806
 22 410032
 23 4332.53
 24 3.33363
 25 240.603
 26 317.422
 27 7.67941
 28 3550.15
 29 466.627
 30 93.065
 31 470.4
 32 239.524
 33 429.57
 34 219.037
 35 321.007
 36 142.553
 37 1520.11
 38 3197.21
 39 3.47198
 40 943.719
 41 5159.78
 42 1.79788
 43 641.888
 44 1515.7
 45 11.341
 46 4464.83
 47 3046.34
 48 239.568
 49 1906.5
 50 192.319
 51 438.447
 52 175.98
 53 3431.49
 54 335.236
 55 160.708
 56 348.204
 57 697.083
 58 89.5489
 59 191.428
 60 121.243
 61 22.2869
 62 1.76805
 63 471.849
 64 210.304
 65 1.96149
 66 587.73
 67 3433.35
 68 400.864
 69 110146
 70 515608
 71 3229.55
 72 4.46749
 73 20094.5
 74 414.592
 75 4379.74
 76 5317.06
 77 14.6129
 78 1533.3
 79 7897.53
 80 188.382
 81 2248.33
 82 2567.42
 83 706.184
 84 2.16585
 85 152.888
 86 2.61284
 87 3260.52
 88 1.8101
 89 1.70925
 90 2.0253
 91 8.50378
 92 559.622
 93 1154.77
 94 562.613
 95 1233.37
 96 1524.93
 97 321.639
 98 259.379
 99 137.183
 100 908.349
 101 1580.91
 102 106.759
 103 183.349
 104 158.807
 105 138.481
 106 178.61
 107 176.676
 108 179.26
 109 130.904
 110 96.1153
 111 193.632
 112 207.758
 113 193.064
 114 179.165
 115 176.705
 116 133.262
 117 186.399
 118 195.312
 119 161.869
 120 114.745
 121 117.958
 122 50.5193
 123 43.6283
 124 38.5115
 125 32.1878
 126 44.4293
 127 26.0369
 128 84.6788
 129 55.9677
 130 50.1964
 131 21.4451
 132 19.9518
 133 20.113
 134 29.714
 135 9.08299
 136 41.3201
 137 11.0167
 138 9.48519
 139 8.83012
 140 11.7354
 141 11.4826
 142 9.0264
 143 8.94915
 144 17.8556
 145 16.0937
 146 11.7004
 147 10.5221
 148 17.1624
 149 16.3855
 150 11.6144
 151 13.5877
 152 19.9161
 153 26.0409
 154 14.3562
 155 19.3865
 156 21.0661
 157 34.4924
 158 0.400169
 159 0.0449197
 160 2.79807
 161 19.8638
 162 62.0341
 163 65.4387
 164 134.066
 165 2.23398
