 1 31.6228
 2 24.2073
 3 0.967888
 4 31.6228
 5 26.3752
 6 1.50381
 7 31.6228
 8 2.10505
 9 30.4847
 10 30.1824
 11 1.93378
 12 21.2767
 13 31.6228
 14 31.6188
 15 0.90218
 16 31.6228
 17 31.6154
 18 0.905713
 19 31.6228
 20 31.4861
 21 1.06534
 22 31.6228
 23 31.5955
 24 0.936955
 25 14.5989
 26 16.0721
 27 1.31587
 28 31.541
 29 18.8737
 30 4.66152
 31 21.4189
 32 9.84749
 33 16.7937
 34 14.1685
 35 14.901
 36 7.20271
 37 31.4989
 38 31.6041
 39 1.31921
 40 24.4952
 41 31.2148
 42 1.28732
 43 21.3248
 44 29.3149
 45 1.53017
 46 31.5839
 47 29.2882
 48 3.90479
 49 30.3937
 50 13.2485
 51 16.538
 52 7.53815
 53 30.8586
 54 17.0098
 55 7.45183
 56 14.0117
 57 25.7084
 58 8.80855
 59 11.2576
 60 7.57429
 61 4.47669
 62 1.32375
 63 21.2024
 64 13.4839
 65 0.988981
 66 23.4235
 67 28.4298
 68 4.76559
 69 31.6225
 70 31.6228
 71 31.5806
 72 1.33156
 73 31.6192
 74 4.04896
 75 29.1098
 76 30.9799
 77 1.55977
 78 28.2752
 79 31.59
 80 3.58158
 81 29.4971
 82 31.4169
 83 23.7863
 84 1.31552
 85 11.1811
 86 1.40106
 87 31.3694
 88 1.17048
 89 1.10442
 90 1.31206
 91 2.36949
 92 20.4041
 93 26.9164
 94 17.8138
 95 27.3041
 96 29.3351
 97 15.9548
 98 14.5913
 99 9.36388
 100 27.1162
 101 30.4432
 102 8.92617
 103 12.8138
 104 11.7724
 105 10.9719
 106 12.8697
 107 12.7405
 108 12.8219
 109 10.572
 110 8.35012
 111 13.251
 112 14.0503
 113 13.4672
 114 12.8454
 115 12.5376
 116 10.3589
 117 12.8479
 118 13.3301
 119 12.0254
 120 9.9651
 121 10.396
 122 6.84156
 123 6.47181
 124 5.8771
 125 5.41115
 126 6.43357
 127 4.48229
 128 8.72301
 129 6.83756
 130 6.58146
 131 4.32652
 132 4.36037
 133 4.37166
 134 5.31391
 135 2.76502
 136 6.33717
 137 3.13087
 138 2.92155
 139 2.80677
 140 3.27847
 141 3.07925
 142 2.73389
 143 2.74682
 144 4.07455
 145 3.89165
 146 3.27088
 147 3.06805
 148 3.96818
 149 3.89569
 150 3.24398
 151 3.50112
 152 4.3341
 153 4.92247
 154 3.61505
 155 4.26672
 156 4.45834
 157 5.76952
 158 0.272061
 159 0.162343
 160 1.37235
 161 3.55795
 162 6.42146
 163 7.04419
 164 10.8997
 165 0.655785
