 Smallest eigenvalues
  6.6497e-07   (9 1) 
  7.7053e-07   (46 0.661) (45 -0.584) (47 0.314) (38 0.227) (40 0.131) (49 -0.106) (41 -0.106) (32 0.0536) (58 0.047) (36 -0.0443) (53 -0.0443) (158 -0.0397) (50 -0.0381) (59 -0.0374) (54 0.0365) (30 0.0354) (14 -0.035) (77 -0.0347) (57 -0.0324) (51 -0.0323) (44 0.0315) (18 -0.0308) (39 -0.0304) (21 -0.0272) (31 -0.0267) (26 0.0255) (37 -0.0237) (76 0.0233) (43 0.0226) (75 -0.0224) (27 -0.0215) (73 -0.0212) (11 0.0211) (42 -0.0184) (74 0.0181) (19 -0.0173) (94 0.0162) (23 0.0142) (29 0.0135) (56 -0.0129) (68 0.0114) (60 -0.0103) (17 -0.0101) 
  1.1465e-06   (158 -0.999) (46 -0.0262) (45 0.0232) (47 -0.0124) 
  1.9395e-06   (5 -1) 
  2.3541e-06   (42 -0.636) (43 -0.558) (38 0.322) (45 0.241) (41 -0.202) (154 -0.139) (40 0.129) (39 -0.12) (47 0.0837) (44 0.0788) (32 0.0589) (37 -0.0382) (46 -0.0355) (14 -0.0308) (18 -0.0295) (26 0.0292) (49 -0.0286) (50 -0.027) (31 -0.0269) (58 0.0268) (76 0.0258) (36 -0.025) (21 -0.023) (75 -0.0191) (59 -0.019) (11 0.0182) (57 -0.0164) (27 -0.0154) (30 0.0153) (34 0.0145) (52 -0.0143) (19 -0.0141) (73 -0.0137) (94 0.0132) (53 -0.0127) (23 0.0127) (55 -0.0117) (54 0.0116) (77 -0.0112) 
  2.4388e-06   (154 -0.99) (42 0.0895) (43 0.0786) (38 -0.0454) (45 -0.0338) (41 0.0284) (40 -0.0182) (39 0.0169) (47 -0.0118) (44 -0.0111) 
  4.5571e-06   (2 1) 
  9.0569e-06   (152 0.982) (34 0.175) (32 0.0426) (30 0.0279) (31 -0.0234) (33 -0.0224) (38 -0.0147) (36 0.0131) (26 0.0104) 
  1.4205e-05   (34 -0.917) (32 -0.223) (152 0.187) (30 -0.146) (31 0.123) (33 0.117) (38 0.0771) (36 -0.0688) (26 -0.0547) (18 0.0344) (52 0.0334) (29 0.0327) (21 0.0283) (14 0.025) (19 0.0194) (45 -0.0191) (53 -0.0185) (27 0.018) (76 -0.0173) (28 -0.0166) (41 -0.0164) (58 -0.0149) (48 -0.0142) (50 0.014) (47 -0.0139) (23 -0.0138) (11 -0.0123) (43 -0.0121) (22 -0.0116) (54 0.0114) (40 0.0107) (56 -0.0105) 
  4.4414e-05   (25 0.862) (49 0.299) (24 0.227) (23 0.169) (51 -0.133) (52 0.103) (26 -0.0993) (19 -0.0976) (21 -0.0945) (33 -0.0665) (20 0.0597) (18 0.0494) (56 0.0485) (39 -0.0448) (27 -0.044) (47 -0.0437) (29 0.0322) (30 0.0306) (71 0.0305) (22 -0.0283) (45 -0.0275) (13 0.0266) (77 -0.0262) (36 0.0239) (53 -0.0237) (50 0.0227) (59 -0.0223) (46 0.0199) (58 0.0169) (31 0.0159) (68 0.0155) (54 -0.0152) (41 -0.0152) (75 -0.0143) (37 -0.0138) (79 -0.0133) (55 -0.0123) (66 -0.0123) (63 -0.0122) (76 0.0118) (43 -0.0108) (80 0.0106) (72 0.0104) 
  8.6354e-05   (151 -0.979) (49 0.154) (51 -0.075) (25 -0.0694) (52 0.06) (56 0.0299) (38 0.0214) (47 -0.0187) (24 -0.0178) (50 0.0137) (53 -0.0129) (23 -0.0124) (26 0.0117) (55 -0.0116) (54 -0.0116) (59 -0.0106) (46 0.0104) (58 0.0104) 
  0.00011717   (49 -0.739) (51 0.359) (25 0.325) (52 -0.287) (151 -0.205) (56 -0.143) (38 -0.102) (47 0.0894) (24 0.0831) (50 -0.0656) (53 0.0619) (23 0.0578) (55 0.0558) (54 0.0556) (26 -0.0552) (59 0.0509) (46 -0.0499) (58 -0.0499) (71 -0.0473) (45 0.039) (77 0.0359) (18 0.0348) (57 0.0345) (41 0.0319) (75 0.0307) (37 0.0307) (33 -0.0296) (19 -0.0273) (68 -0.0249) (20 0.0249) (32 -0.0241) (79 0.0216) (81 0.0213) (94 -0.021) (69 -0.021) (21 -0.0198) (43 -0.0183) (73 0.0174) (31 0.0172) (76 -0.0157) (44 0.0155) (63 0.0151) (72 -0.015) (40 -0.0149) (14 0.0143) (13 0.0123) (61 -0.0118) (88 -0.0112) (42 0.0111) (65 -0.0111) (99 -0.0107) (34 -0.0107) (64 -0.0102) (66 0.0101) (29 0.01) 
  0.00016305   (1 -1) 
  0.00017145   (11 0.986) (14 0.141) (18 0.0392) (17 0.0375) (21 0.0336) (13 0.0312) (38 -0.0269) (23 -0.0233) (19 0.0213) (32 -0.0212) (27 0.0139) (26 -0.0138) 
   0.0001858   (161 1) 
  0.00018882   (3 1) 
  0.00023171   (14 -0.695) (15 -0.657) (16 0.19) (17 0.109) (13 -0.099) (11 0.0917) (18 0.0825) (21 0.0618) (23 -0.046) (19 0.043) (32 -0.029) (38 -0.0281) (27 0.0245) (26 -0.0187) (24 0.0162) (31 0.0136) (33 -0.0132) (20 0.0118) (45 0.0114) (36 0.0112) (30 -0.0102) 
   0.0002697   (160 1) 
  0.00027794   (7 -1) 
  0.00028171   (24 -0.925) (23 0.218) (25 0.178) (21 -0.155) (26 -0.0824) (30 -0.0797) (19 -0.0757) (18 -0.074) (156 -0.0622) (36 0.0482) (14 -0.0471) (22 0.0445) (27 0.0401) (20 -0.0401) (37 -0.0274) (11 0.0267) (52 0.021) (31 0.0166) (17 -0.0155) (38 -0.0128) (56 -0.0123) (40 -0.0122) (28 -0.0119) (32 -0.0112) (45 0.0107) (75 -0.0105) (53 -0.0104) 
  0.00028614   (156 -0.998) (24 0.0576) (23 -0.0136) (25 -0.0111) 
  0.00030524   (6 1) 
  0.00031351   (17 -0.984) (14 -0.107) (21 0.0876) (18 0.0465) (11 0.0465) (19 0.0412) (16 -0.0354) (20 0.0329) (15 -0.031) (27 0.0265) (159 0.024) (36 0.0159) (30 -0.0149) (13 -0.0143) (31 0.014) (45 0.0118) (23 0.01) 
  0.00031748   (159 1) (17 0.0236) 
  0.00032334   (73 -0.762) (58 -0.339) (57 0.317) (59 0.252) (76 -0.178) (74 -0.147) (75 0.146) (38 0.106) (54 -0.1) (50 0.0644) (39 -0.064) (47 -0.0573) (43 0.0528) (45 -0.0466) (32 0.0431) (56 0.0405) (96 0.0391) (36 -0.038) (52 0.0374) (18 -0.0371) (77 0.0364) (41 -0.0353) (88 0.0341) (72 -0.0307) (26 0.0303) (68 0.0293) (70 0.0289) (14 -0.0269) (46 -0.0269) (37 -0.0252) (53 0.0247) (69 -0.0244) (48 0.0239) (40 0.0232) (67 -0.0213) (92 -0.0198) (78 -0.0197) (122 0.0185) (49 -0.0168) (102 -0.0164) (87 -0.0161) (124 -0.0161) (112 -0.0159) (99 0.0158) (11 0.0155) (30 0.0154) (120 -0.0152) (21 -0.0149) (113 0.0139) (66 0.0129) (116 -0.0116) (31 -0.0112) (44 0.0111) (80 0.0109) (127 -0.0107) (13 -0.0107) (19 -0.0104) 
  0.00037764   (73 0.515) (58 -0.447) (57 0.404) (59 0.333) (70 -0.221) (38 0.176) (153 0.139) (67 -0.137) (47 -0.132) (50 0.125) (68 0.121) (76 0.108) (45 -0.1) (74 0.0928) (75 -0.0926) (54 -0.089) (39 -0.0764) (32 0.0677) (71 0.0631) (69 -0.0617) (41 -0.0606) (36 -0.0462) (18 -0.0437) (14 -0.0427) (26 0.0419) (66 0.0401) (46 -0.0396) (42 0.0361) (37 -0.0327) (21 -0.0316) (122 -0.0287) (53 0.0268) (11 0.026) (83 -0.0256) (40 0.0251) (31 -0.0244) (55 -0.0242) (30 0.0239) (56 0.0218) (43 0.0195) (88 0.0191) (19 -0.0183) (113 0.0182) (77 -0.0179) (78 0.0179) (127 -0.0173) (112 -0.0167) (44 0.0164) (48 0.0164) (27 -0.0156) (116 -0.0154) (80 -0.0154) (17 -0.0152) (64 -0.0143) (15 0.0137) (120 -0.0124) (133 -0.0123) (131 0.0121) (126 -0.0121) (62 0.012) (20 -0.0119) (98 -0.0113) (117 0.0107) (61 -0.0102) (63 -0.0101) (29 0.01) 
  0.00041146   (153 0.99) (58 0.0661) (73 -0.0649) (57 -0.0601) (59 -0.0492) (70 0.0304) (38 -0.0263) (67 0.0193) (47 0.0193) (50 -0.0184) (68 -0.0171) (45 0.0148) (54 0.0136) (76 -0.0135) (74 -0.0116) (39 0.0116) (75 0.0116) (32 -0.0102) 
  0.00042316   (20 0.802) (19 -0.385) (18 -0.37) (21 0.241) (47 -0.0601) (50 -0.055) (25 -0.0431) (26 -0.0306) (23 -0.0268) (22 -0.0256) (24 -0.0253) (14 -0.0229) (45 -0.0199) (48 -0.0174) (17 0.0165) (54 0.0128) (16 0.0126) (57 -0.0103) (42 0.0101) 
  0.00048156   (47 -0.602) (50 -0.543) (150 -0.407) (38 0.195) (45 -0.188) (48 -0.16) (54 0.102) (49 -0.0907) (39 -0.0869) (41 -0.084) (20 -0.0767) (58 0.0679) (32 0.0661) (57 -0.0661) (55 0.0625) (46 -0.0545) (59 -0.0493) (21 -0.0485) (52 0.0437) (36 -0.0402) (26 0.0392) (42 0.0361) (14 -0.0355) (40 0.0269) (37 -0.026) (73 -0.0248) (31 -0.0238) (30 0.0235) (11 0.0208) (43 0.0204) (19 0.0166) (44 0.0148) (27 -0.0148) (76 0.0139) (53 0.0116) (23 0.0108) 
  0.00053709   (150 -0.914) (47 0.268) (50 0.242) (38 -0.0869) (45 0.084) (48 0.0714) (54 -0.0452) (49 0.0403) (39 0.0387) (41 0.0374) (20 0.0323) (58 -0.0302) (32 -0.0295) (57 0.0294) (55 -0.0278) (46 0.0243) (59 0.0219) (21 0.0211) (52 -0.0194) (36 0.0179) (26 -0.0174) (42 -0.0161) (14 0.0159) (40 -0.012) (37 0.0116) (73 0.011) (31 0.0106) (30 -0.0105) 
  0.00054245   (53 0.687) (50 0.37) (42 -0.315) (43 0.292) (54 0.259) (52 0.193) (47 -0.174) (49 -0.122) (51 -0.111) (45 -0.103) (56 -0.0875) (57 -0.08) (58 0.0764) (59 -0.0553) (38 0.0498) (41 0.0446) (46 -0.0291) (44 0.0277) (36 -0.0253) (40 -0.0251) (70 -0.0244) (18 -0.0188) (147 0.0186) (26 0.0175) (32 0.0171) (37 -0.0169) (48 -0.0138) (14 -0.0132) 
  0.00055774   (147 0.803) (42 0.404) (43 -0.299) (53 0.208) (41 -0.111) (38 0.0993) (52 0.0879) (39 -0.0738) (45 0.0711) (50 0.0638) (54 0.0567) (40 0.0432) (49 -0.0348) (47 0.0345) (32 0.0314) (58 0.028) (56 -0.0279) (51 -0.0263) (57 -0.0242) (44 -0.0216) (59 -0.0206) (26 0.0201) (73 -0.0193) (21 -0.0151) (48 0.0146) (14 -0.0141) (18 -0.0116) (36 -0.0112) 
  0.00057447   (147 0.595) (42 -0.535) (43 0.394) (53 -0.302) (41 0.149) (38 -0.136) (52 -0.125) (39 0.0996) (50 -0.0976) (45 -0.0927) (54 -0.0845) (40 -0.0574) (49 0.0508) (32 -0.043) (47 -0.0411) (56 0.0403) (58 -0.04) (51 0.039) (57 0.035) (59 0.0295) (44 0.0282) (26 -0.0278) (73 0.0263) (21 0.0207) (14 0.0195) (48 -0.0193) (18 0.0163) (36 0.016) (30 -0.0137) (31 0.0134) (70 -0.0128) (94 -0.0107) 
  0.00061612   (70 0.809) (71 -0.321) (72 0.304) (69 0.177) (73 0.159) (68 -0.132) (50 0.127) (38 0.097) (58 -0.0843) (47 -0.0752) (57 0.0667) (59 0.0606) (67 0.0496) (52 -0.0486) (39 -0.0434) (54 -0.0412) (83 -0.0396) (45 -0.0383) (43 0.038) (32 0.0349) (36 -0.031) (53 -0.0304) (76 -0.03) (148 -0.0286) (18 -0.028) (41 -0.028) (55 0.0277) (56 0.0267) (26 0.0263) (46 -0.0258) (66 -0.0234) (14 -0.0232) (37 -0.0204) (120 -0.0186) (89 -0.0184) (88 0.017) (127 -0.0158) (21 -0.0157) (102 -0.0153) (94 -0.0152) (124 -0.014) (30 0.0136) (112 -0.0135) (31 -0.0135) (19 -0.0128) (113 0.0124) (99 0.0122) (74 0.012) (11 0.0119) (75 0.0118) (91 -0.0117) (116 -0.0111) (80 -0.0111) (44 0.0107) (48 0.0105) 
  0.00069575   (148 -0.549) (50 0.48) (52 -0.422) (47 -0.286) (53 -0.265) (57 -0.163) (38 0.131) (45 -0.113) (55 0.11) (58 0.103) (70 -0.0988) (59 -0.075) (42 0.0721) (73 -0.0712) (39 -0.0679) (41 -0.0658) (54 0.0575) (72 -0.0546) (46 -0.0517) (71 0.0492) (32 0.0422) (56 -0.0339) (40 0.0303) (26 0.027) (69 -0.0266) (36 -0.0259) (14 -0.0258) (43 -0.0254) (21 -0.0243) (49 0.0221) (18 -0.0214) (44 0.0198) (122 -0.019) (37 -0.0184) (51 -0.0181) (68 0.0159) (31 -0.014) (30 0.0137) (11 0.0126) (94 0.0126) (19 -0.0119) (48 -0.0115) (83 0.0104) 
  0.00077365   (148 -0.835) (50 -0.32) (52 0.279) (47 0.191) (53 0.175) (57 0.105) (38 -0.0901) (45 0.0757) (55 -0.0733) (58 -0.0645) (42 -0.0474) (59 0.0471) (39 0.0463) (41 0.0444) (73 0.0414) (70 0.0371) (54 -0.0362) (46 0.035) (32 -0.0291) (72 0.0256) (71 -0.0213) (56 0.0213) (40 -0.0203) (26 -0.0188) (36 0.0182) (14 0.0179) (21 0.0166) (43 0.0152) (18 0.0152) (49 -0.0142) (44 -0.0134) (37 0.0129) (122 0.0124) (51 0.0119) (69 0.0113) 
  0.00079973   (37 -0.772) (36 -0.469) (38 -0.226) (21 -0.2) (18 -0.191) (23 -0.136) (19 -0.089) (39 0.0763) (20 -0.0687) (14 -0.0647) (32 0.0559) (43 -0.0451) (41 0.0343) (24 0.0328) (11 0.027) (45 0.0267) (17 -0.0262) (26 -0.026) (15 0.0243) (22 -0.0208) (47 0.0186) (54 0.0184) (57 -0.0182) (30 0.0181) (31 -0.0172) (50 -0.0164) (13 -0.0164) (46 0.016) (35 0.0143) (58 0.0135) (40 -0.0127) (34 -0.0106) 
   0.0010765   (21 -0.55) (18 -0.443) (23 -0.436) (37 0.275) (26 -0.24) (19 -0.229) (36 0.19) (20 -0.178) (32 -0.122) (14 -0.112) (24 0.0858) (22 -0.0699) (17 -0.0692) (27 0.0547) (30 -0.0465) (15 0.0433) (31 0.0426) (11 0.0396) (13 -0.0248) (144 0.0222) (29 -0.0167) (33 -0.0103) (41 0.0101) 
   0.0011907   (144 0.994) (145 0.106) (21 0.0132) (18 0.0108) (23 0.0103) 
   0.0012535   (46 -0.662) (47 0.449) (45 -0.337) (38 0.272) (14 -0.184) (15 0.167) (43 0.162) (50 -0.127) (54 0.106) (41 -0.0918) (39 -0.073) (55 0.0655) (16 -0.0653) (58 0.065) (36 -0.06) (32 0.0533) (49 0.0529) (57 -0.0519) (52 -0.0499) (59 -0.0469) (11 0.04) (40 -0.0381) (37 -0.0381) (42 0.0326) (48 0.032) (13 -0.0313) (26 0.0298) (31 -0.0272) (70 -0.027) (83 -0.0232) (76 -0.023) (51 -0.0227) (30 0.0214) (75 0.0162) (80 -0.015) (53 -0.0136) (17 0.0125) (94 -0.0124) (21 -0.0118) (44 -0.0106) (19 -0.01) 
   0.0012781   (15 0.649) (14 -0.601) (16 -0.27) (18 0.166) (46 0.16) (13 -0.125) (38 -0.108) (21 0.0974) (47 -0.0959) (45 0.0908) (17 0.0839) (26 -0.0707) (11 0.0642) (32 -0.0633) (19 0.0548) (20 0.0525) (43 -0.0445) (41 0.0385) (39 0.0353) (36 0.0337) (23 -0.0251) (50 0.0248) (30 -0.0243) (27 0.0239) (31 0.0234) (37 0.0197) (54 -0.0195) (55 -0.0145) (42 -0.0131) (49 -0.0119) (52 0.0109) (58 -0.0109) 
   0.0014183   (146 -1) (145 -0.0108) 
   0.0014328   (54 -0.731) (32 0.353) (56 -0.345) (55 0.317) (52 0.142) (57 -0.133) (34 -0.123) (30 0.0958) (58 0.0909) (31 -0.0906) (53 0.0857) (26 0.0687) (59 -0.0641) (18 -0.0562) (49 -0.0493) (48 0.0456) (36 0.0455) (43 0.0447) (14 -0.0447) (33 0.0383) (21 -0.0364) (50 0.0309) (68 0.0293) (70 -0.0271) (46 -0.0266) (69 -0.0244) (27 -0.0235) (42 -0.0218) (19 -0.0216) (76 -0.0215) (47 -0.0212) (73 0.021) (11 0.0209) (37 0.02) (38 -0.0162) (20 -0.0155) (15 0.0147) (45 -0.0143) (140 -0.0133) (13 -0.0115) (71 0.0111) (23 0.0107) (88 0.0103) (75 0.0101) (96 0.01) 
   0.0015819   (32 0.738) (54 0.334) (34 -0.275) (38 -0.224) (30 0.193) (31 -0.186) (36 0.172) (56 0.147) (55 -0.13) (26 0.106) (37 0.0893) (33 0.0824) (39 0.082) (140 -0.0736) (52 -0.0716) (18 -0.0692) (41 0.0671) (21 -0.061) (14 -0.0584) (47 0.0437) (53 -0.0424) (27 -0.0417) (57 0.0392) (45 0.0391) (43 -0.0372) (19 -0.033) (58 -0.0278) (50 -0.0269) (11 0.0265) (35 -0.0264) (49 0.0259) (20 -0.0223) (46 0.0217) (48 -0.0207) (59 0.0195) (15 0.0181) (23 0.0167) (40 -0.0154) (42 -0.0138) (29 0.0131) (13 -0.0124) (68 -0.0116) (73 -0.0105) 
   0.0016612   (140 -0.997) (32 -0.0593) (34 0.0219) (38 0.0165) (30 -0.0156) (31 0.015) (54 -0.0148) (36 -0.0132) 
   0.0017962   (16 0.786) (27 -0.496) (15 0.285) (26 0.12) (28 -0.103) (14 -0.086) (29 -0.0858) (32 -0.0671) (17 -0.0448) (18 -0.0381) (38 -0.033) (31 0.0311) (23 0.0307) (30 -0.0298) (136 -0.0275) (20 -0.0261) (13 0.0245) (44 -0.0178) (36 0.0177) (21 -0.0159) (11 0.0133) (19 -0.013) (37 0.0114) (41 0.0106) (22 -0.0103) 
   0.0020072   (27 -0.731) (16 -0.498) (136 -0.278) (26 0.194) (15 -0.168) (28 -0.151) (29 -0.146) (32 -0.0924) (18 -0.0663) (21 -0.0598) (19 -0.0553) (38 -0.044) (30 -0.0406) (23 0.038) (31 0.0355) (13 -0.0279) (11 0.0224) (36 0.0222) (20 -0.0213) (39 0.019) (25 -0.0187) (37 0.0144) (41 0.013) (40 -0.0128) (14 -0.0125) (45 0.0113) (24 -0.0111) (51 -0.0106) 
   0.0021037   (136 -0.96) (27 0.226) (16 0.122) (26 -0.0596) (28 0.0465) (29 0.0447) (15 0.0404) (32 0.0286) (18 0.0203) (21 0.0178) (19 0.0164) (38 0.0136) (30 0.0126) (23 -0.0119) (31 -0.0111) 
   0.0022948   (29 0.925) (51 -0.246) (27 -0.147) (49 -0.116) (48 -0.113) (72 -0.0709) (45 0.0619) (53 -0.0616) (31 -0.0541) (32 -0.0536) (28 -0.051) (39 0.0353) (56 -0.0317) (47 0.0311) (70 0.031) (25 -0.0306) (30 0.0287) (71 0.0278) (34 0.026) (52 0.0235) (40 -0.0233) (33 -0.0228) (22 0.0226) (44 -0.0194) (132 0.0191) (37 0.0173) (26 0.0169) (58 -0.0168) (55 0.016) (18 -0.0159) (74 0.0156) (54 0.0152) (14 -0.0151) (83 -0.0149) (77 0.0145) (60 -0.0138) (66 -0.0131) (35 -0.013) (69 0.0126) (59 0.0122) (21 -0.0115) (81 0.0114) (20 -0.0103) (16 -0.0102) 
   0.0023275   (72 -0.727) (70 0.318) (71 0.278) (77 0.257) (51 0.232) (132 0.231) (69 0.146) (66 -0.133) (49 0.0966) (83 -0.0866) (55 -0.0743) (48 0.0703) (68 -0.065) (53 0.058) (38 0.0557) (57 -0.0547) (67 -0.053) (73 0.0513) (58 -0.0508) (79 0.0494) (96 -0.0492) (75 -0.049) (39 0.048) (131 0.0474) (81 0.0435) (89 -0.0423) (54 -0.0387) (63 -0.0382) (40 0.0377) (82 0.036) (45 -0.0323) (84 0.0309) (94 -0.0276) (95 -0.0264) (62 -0.0224) (60 -0.0205) (47 -0.0198) (78 0.0193) (59 0.0191) (128 -0.0184) (91 -0.0183) (92 0.0175) (31 -0.0173) (80 0.0156) (101 0.0154) (43 0.0148) (85 0.0145) (65 -0.014) (98 -0.0133) (56 0.013) (76 0.0129) (117 -0.0121) (21 -0.0112) 
   0.0023559   (51 0.588) (132 0.467) (48 0.295) (72 0.273) (29 0.267) (49 0.265) (53 0.153) (70 -0.128) (71 -0.113) (40 0.101) (56 0.0984) (45 -0.0844) (47 -0.0778) (131 0.0745) (77 -0.0723) (58 0.0626) (55 -0.0594) (27 -0.0551) (44 0.0545) (83 0.0504) (52 -0.0503) (59 -0.0481) (54 -0.0376) (41 -0.0362) (69 -0.0351) (66 0.0311) (74 -0.0289) (73 -0.0278) (81 -0.0251) (60 0.0233) (75 0.0212) (68 0.0199) (28 -0.0199) (63 0.0194) (79 -0.0189) (96 0.0188) (18 -0.0179) (38 -0.0175) (57 -0.0172) (25 -0.0168) (89 0.0148) (50 -0.0146) (88 0.0146) (128 -0.0141) (116 0.0138) (65 0.013) (94 0.0129) (95 0.0121) (133 -0.0119) (32 -0.0117) (102 0.011) (33 0.0105) (13 -0.0104) (91 0.0101) 
   0.0024146   (132 0.841) (51 -0.387) (48 -0.181) (49 -0.172) (29 -0.169) (131 0.111) (53 -0.0999) (40 -0.0663) (56 -0.0576) (45 0.0548) (55 0.0536) (72 0.0515) (47 0.0482) (27 0.0366) (54 0.0315) (77 -0.031) (44 -0.0281) (133 -0.0257) (52 0.0254) (57 0.0249) (41 0.0227) (69 -0.0214) (59 0.0211) (66 0.0201) (58 -0.0201) (70 -0.0181) (67 0.0171) (128 -0.0167) (39 -0.0159) (71 -0.015) (74 0.0134) (28 0.0123) (18 0.01) 
   0.0024943   (18 -0.644) (21 0.488) (19 0.312) (20 -0.285) (22 0.222) (55 0.177) (13 -0.141) (25 0.133) (26 -0.109) (56 0.0875) (57 -0.0807) (58 -0.0553) (23 0.0527) (39 0.0506) (31 -0.049) (54 0.0425) (59 0.0397) (32 -0.0395) (40 -0.0344) (12 0.0274) (43 -0.0239) (83 0.022) (17 0.0205) (41 0.0201) (15 0.0198) (36 0.0186) (47 0.0176) (72 -0.0171) (16 -0.0169) (14 -0.0162) (24 0.0153) (46 0.0153) (122 0.0152) (28 0.0151) (96 0.0149) (67 -0.0148) (53 0.0147) (37 0.0144) (50 -0.0131) (29 -0.0129) (126 -0.012) (49 0.012) (44 -0.0107) (45 0.0102) (11 0.0101) 
   0.0026757   (57 0.758) (58 0.487) (59 -0.36) (18 -0.0846) (72 -0.0731) (96 0.0622) (39 -0.0568) (83 0.0557) (67 -0.0553) (21 0.0539) (54 -0.046) (40 0.0459) (50 0.0454) (69 0.0434) (49 -0.0427) (55 -0.0352) (19 0.0352) (20 -0.0341) (71 0.0331) (47 -0.0331) (126 -0.0299) (134 0.0294) (13 -0.0291) (78 -0.0286) (70 0.0258) (43 0.0256) (22 0.0251) (53 -0.0236) (63 -0.0236) (77 0.0228) (89 0.0223) (46 -0.0203) (73 0.0202) (98 0.0197) (51 -0.0188) (95 0.0181) (80 0.0172) (106 0.017) (52 -0.0167) (87 -0.0164) (66 -0.0156) (91 0.0155) (97 -0.0152) (92 -0.0149) (44 0.0147) (88 0.0134) (34 -0.0129) (48 0.0123) (25 0.012) (41 -0.0114) (122 -0.0113) (79 0.0111) (127 -0.0109) (64 0.0103) (60 -0.0103) 
   0.0027718   (134 0.826) (55 -0.464) (56 -0.234) (18 -0.0787) (54 -0.0739) (38 0.0733) (48 -0.0677) (57 -0.0589) (40 -0.0577) (21 0.0459) (53 -0.0406) (72 0.0388) (39 0.0364) (20 -0.0351) (83 -0.0346) (133 -0.029) (19 0.0289) (67 0.0275) (22 0.0242) (47 -0.0234) (31 -0.023) (46 -0.0223) (44 -0.0222) (25 0.0215) (50 0.0206) (51 0.0186) (69 -0.0176) (71 -0.0158) (96 -0.0157) (45 -0.0143) (76 -0.0135) (42 0.0134) (43 0.0133) (73 -0.0133) (70 -0.0123) (14 -0.0118) (95 -0.0114) (89 -0.0113) (94 -0.0112) (80 -0.0111) (36 -0.0104) (98 -0.0103) (122 -0.0102) 
   0.0028551   (55 0.683) (134 0.561) (56 0.343) (18 0.12) (54 0.111) (38 -0.106) (48 0.0982) (40 0.0813) (21 -0.0701) (53 0.0609) (72 -0.0538) (20 0.0532) (83 0.051) (39 -0.0494) (126 -0.0469) (19 -0.0443) (57 0.0441) (67 -0.0379) (22 -0.0367) (47 0.0363) (46 0.0339) (31 0.033) (50 -0.0328) (25 -0.032) (44 0.0314) (96 0.0295) (58 -0.0292) (51 -0.0261) (69 0.0238) (71 0.0217) (122 0.0217) (43 -0.0211) (45 0.0211) (76 0.0205) (42 -0.02) (95 0.0191) (73 0.0187) (59 0.0185) (98 0.0183) (94 0.0181) (89 0.018) (14 0.0174) (70 0.0168) (80 0.016) (133 -0.0158) (36 0.0157) (32 -0.0144) (75 -0.0135) (124 -0.0134) (91 0.0128) (13 0.0123) (30 -0.012) (23 -0.0117) 
   0.0034022   (41 0.791) (67 -0.295) (38 0.263) (40 0.242) (39 -0.227) (68 0.213) (83 0.125) (45 0.0933) (57 -0.0746) (44 0.0635) (70 0.0616) (42 0.0564) (85 -0.0445) (47 0.0392) (89 -0.0373) (69 -0.037) (55 -0.0349) (58 0.0342) (36 -0.0335) (48 0.0314) (130 0.0301) (96 -0.0293) (50 -0.0292) (37 -0.029) (53 -0.0259) (59 -0.0246) (54 0.024) (94 -0.0235) (32 0.0232) (95 -0.0166) (66 0.0162) (43 -0.0162) (73 -0.0155) (22 0.0143) (46 0.0138) (92 0.0132) (31 -0.0128) (29 0.0125) (71 -0.0122) (19 -0.0122) (26 0.0117) (14 -0.0116) (18 -0.0114) (21 -0.0107) (56 -0.0105) 
   0.0036947   (83 0.819) (130 0.3) (67 0.259) (68 -0.214) (85 -0.172) (89 -0.156) (96 -0.126) (94 -0.105) (91 -0.0691) (95 -0.0648) (69 0.0628) (80 0.0622) (92 0.0548) (58 -0.0517) (72 -0.0494) (38 0.0387) (59 0.0372) (112 -0.0348) (97 0.0327) (90 0.0326) (87 0.0319) (70 -0.0314) (106 0.029) (98 -0.0281) (73 0.027) (100 -0.0258) (113 0.0255) (76 0.0239) (54 -0.022) (110 -0.0217) (55 -0.0202) (102 -0.0202) (103 0.0194) (124 -0.0191) (105 0.019) (81 -0.0188) (57 0.0183) (99 0.0178) (40 -0.0176) (66 -0.0172) (45 -0.0168) (116 -0.0165) (131 -0.0161) (111 0.016) (71 0.0158) (84 0.0144) (88 -0.0141) (75 -0.0132) (107 0.0132) (86 0.0125) (56 -0.0121) (52 0.0114) (36 -0.0109) (32 0.0107) (82 -0.0105) (46 -0.0104) (120 -0.0104) (43 0.0103) (77 0.0101) 
   0.0037055   (130 0.533) (67 0.517) (83 -0.386) (68 -0.345) (41 0.257) (70 -0.129) (40 0.125) (39 -0.114) (89 0.102) (85 0.0992) (48 0.0895) (96 0.0858) (38 0.0805) (57 0.0573) (44 0.0567) (94 0.0543) (95 0.0409) (69 0.038) (131 -0.0377) (92 -0.0356) (88 0.0318) (73 0.0311) (106 -0.0307) (71 0.0295) (66 -0.0279) (91 0.026) (58 -0.0251) (87 -0.0232) (51 -0.0209) (18 -0.0207) (59 0.0187) (74 0.0185) (47 -0.0163) (42 0.0156) (32 0.0144) (55 0.0142) (36 -0.0142) (110 0.014) (37 -0.0138) (79 -0.0136) (97 -0.0134) (101 -0.0133) (127 -0.0124) (13 -0.0119) (100 0.0116) (105 -0.0115) (45 0.011) (102 0.0102) 
     0.00395   (130 0.787) (67 -0.436) (68 0.307) (41 -0.201) (70 0.0959) (40 -0.0864) (39 0.0837) (38 -0.0804) (48 -0.0608) (83 -0.0576) (131 -0.056) (69 -0.0488) (57 -0.0428) (44 -0.0395) (58 0.036) (73 -0.0308) (59 -0.0263) (71 -0.0254) (66 0.0249) (72 0.022) (80 -0.0205) (51 0.0181) (88 -0.0156) (18 0.0155) (36 0.0153) (32 -0.0149) (96 -0.0137) (37 0.0134) (74 -0.0122) (47 0.0119) (106 0.0115) (75 0.0112) (54 0.0109) (42 -0.0106) (89 -0.0103) 
   0.0039735   (98 -0.462) (100 -0.306) (108 0.277) (106 0.276) (112 0.274) (99 -0.265) (107 -0.261) (102 -0.223) (124 -0.203) (125 0.196) (103 -0.192) (113 0.178) (110 0.121) (94 0.118) (115 -0.117) (123 0.102) (111 -0.0978) (149 0.0955) (101 -0.0835) (121 0.0713) (105 0.067) (92 0.067) (89 0.0607) (95 0.051) (48 0.0494) (96 0.0485) (97 0.0473) (142 0.0437) (126 0.042) (76 -0.0407) (104 0.0387) (109 0.0381) (118 -0.0365) (75 0.0364) (114 0.0313) (116 -0.0303) (67 -0.0281) (80 0.027) (91 0.0266) (90 -0.0256) (51 -0.0253) (87 0.0236) (69 0.0225) (78 0.0224) (122 -0.0214) (83 0.0201) (141 -0.0193) (81 -0.0192) (73 0.0166) (82 -0.0163) (74 -0.0163) (120 -0.0151) (88 0.0134) (86 0.0132) (49 -0.012) (44 0.0105) 
   0.0040498   (142 0.869) (149 -0.419) (141 -0.261) (124 -0.0175) (125 0.0167) (98 0.0124) 
   0.0040938   (48 0.806) (51 -0.34) (44 0.196) (49 -0.182) (67 -0.138) (55 -0.135) (53 -0.112) (47 -0.11) (41 -0.108) (38 -0.0994) (69 0.0828) (40 0.0808) (57 -0.0787) (76 -0.0744) (50 -0.0732) (75 0.0716) (125 -0.0589) (52 0.0575) (56 -0.0506) (39 -0.0487) (124 0.0465) (54 0.0426) (106 -0.0425) (83 0.0415) (73 0.0413) (108 -0.0409) (46 -0.0393) (80 0.0392) (72 -0.0369) (74 -0.0364) (22 -0.034) (121 -0.03) (45 -0.0297) (89 0.0297) (123 -0.0271) (78 0.027) (19 0.026) (65 -0.0245) (112 -0.0241) (68 -0.0233) (13 -0.0231) (43 0.0228) (18 -0.0227) (126 -0.0215) (102 0.021) (81 -0.0207) (100 0.0203) (31 0.0186) (77 0.0186) (21 0.0184) (111 0.0176) (122 0.0167) (149 -0.0167) (85 0.0161) (66 0.0155) (103 0.0154) (94 0.015) (101 0.0135) (82 -0.0128) (61 -0.012) (105 -0.0114) (113 -0.0111) (116 0.0103) (71 -0.0102) 
   0.0041877   (69 0.386) (81 -0.36) (44 0.298) (68 -0.296) (79 0.285) (67 -0.272) (82 -0.257) (74 -0.222) (48 -0.205) (91 -0.201) (77 -0.165) (70 -0.152) (71 -0.136) (75 0.123) (80 0.107) (92 0.0988) (111 0.0951) (85 0.0757) (72 -0.0715) (65 -0.0704) (76 0.0684) (98 0.0664) (107 0.0634) (100 -0.063) (40 0.0623) (105 -0.059) (39 -0.0555) (83 -0.0488) (66 0.0481) (101 0.0481) (78 0.0467) (43 0.0438) (86 0.0415) (87 0.0409) (47 0.0373) (84 0.0338) (57 -0.0324) (54 -0.0318) (38 -0.0317) (49 0.0316) (41 -0.0314) (73 0.0301) (155 -0.0297) (51 0.0287) (89 0.028) (42 0.0276) (112 0.026) (125 0.0255) (96 0.0253) (45 0.0252) (61 -0.0231) (121 0.0226) (116 -0.0225) (64 -0.0217) (58 -0.0206) (113 -0.0187) (50 0.0184) (104 0.0149) (123 0.0148) (88 -0.0146) (99 0.0138) (108 -0.0112) (149 0.0102) 
   0.0043744   (155 -0.999) (44 -0.0345) (48 0.0131) (149 0.0106) 
   0.0045965   (44 0.819) (48 -0.215) (40 0.204) (38 -0.173) (69 -0.169) (68 0.148) (39 -0.143) (41 -0.13) (81 0.128) (67 0.11) (79 -0.0916) (70 0.0851) (74 0.0847) (43 0.0843) (82 0.0816) (80 -0.0699) (71 0.0681) (77 0.0654) (42 0.0631) (111 -0.0582) (47 0.0552) (85 -0.0541) (83 0.0452) (107 -0.044) (75 -0.0421) (55 -0.0384) (46 -0.0367) (96 0.0357) (65 0.035) (105 0.0344) (49 0.0336) (56 -0.0334) (31 0.0326) (45 0.0314) (155 -0.031) (100 0.029) (76 -0.0288) (95 0.0276) (13 -0.027) (57 -0.0262) (66 -0.0262) (104 -0.0247) (91 0.0242) (78 0.0237) (101 -0.0236) (21 0.0236) (94 0.0227) (18 -0.0219) (19 0.0213) (125 -0.0208) (92 -0.0208) (121 -0.0148) (116 0.0129) (16 0.0128) (99 -0.0128) (90 0.0127) (87 -0.0127) (59 0.0127) (103 -0.0125) (58 -0.0125) (36 0.0121) (98 -0.012) (89 -0.0117) (22 -0.0117) (32 -0.0115) (112 -0.0114) (64 0.0113) (30 -0.0112) (84 -0.0107) (61 0.0107) (123 -0.0106) (124 0.0103) (25 -0.01) 
   0.0048261   (19 -0.727) (20 -0.428) (21 0.399) (135 -0.326) (18 0.102) (22 -0.0887) (8 0.0479) (26 -0.026) (13 0.019) (23 -0.0177) (25 -0.0169) (27 0.0152) (28 0.0102) 
    0.004883   (135 -0.945) (19 0.251) (20 0.147) (21 -0.138) (18 -0.0353) (22 0.0306) (8 -0.0137) 
   0.0050616   (8 -0.999) (19 -0.0393) (20 -0.0222) (21 0.0197) 
   0.0053401   (4 -1) 
   0.0054632   (23 0.826) (25 -0.268) (21 -0.265) (24 0.247) (18 -0.176) (26 -0.154) (19 -0.149) (14 -0.0929) (27 0.0876) (20 -0.0599) (32 -0.0581) (28 -0.056) (22 0.054) (11 0.0445) (38 -0.0421) (31 0.0305) (143 -0.0292) (30 -0.0213) (33 -0.02) (45 0.0187) (36 0.0169) (17 -0.0146) (39 0.0134) (13 -0.0134) (37 0.0122) (34 -0.0118) (76 0.01) 
    0.005758   (143 -1) (23 -0.0242) 
    0.005949   (10 -0.938) (28 0.337) (27 -0.0503) (26 0.0473) (23 0.0203) (30 -0.015) (21 -0.0147) (31 0.014) (32 -0.0129) (38 -0.0115) (29 0.0109) 
   0.0061557   (137 0.958) (28 0.262) (10 0.103) (27 -0.0393) (26 0.0365) (23 0.0177) (30 -0.0123) (21 -0.0122) (18 -0.0112) 
    0.006471   (28 -0.873) (10 -0.33) (137 0.288) (27 0.131) (26 -0.122) (23 -0.059) (30 0.0409) (21 0.0408) (18 0.0374) (31 -0.0296) (32 0.0282) (14 0.0251) (29 -0.0244) (38 0.0231) (19 0.0193) (34 0.0161) (11 -0.0144) (36 -0.0116) 
   0.0065261   (13 0.899) (39 0.225) (40 -0.171) (44 0.169) (14 -0.162) (38 0.136) (18 -0.0884) (12 -0.0602) (48 0.0562) (41 0.0556) (19 0.0537) (16 -0.05) (21 0.0478) (55 0.0473) (57 0.0364) (42 0.0265) (56 0.0263) (43 -0.0259) (45 0.0256) (46 0.0254) (83 -0.0252) (20 -0.0245) (96 -0.0245) (58 0.0206) (31 -0.0205) (72 0.0175) (89 -0.0173) (80 -0.0149) (15 0.0147) (22 -0.0146) (47 -0.0131) (59 -0.0126) (73 -0.0124) (61 -0.0118) (65 0.0115) (26 -0.0113) (94 -0.0111) (70 -0.0111) 
   0.0069101   (139 0.996) (39 0.0445) (40 -0.0387) (13 -0.0351) (38 0.0294) (44 0.0284) (41 0.0125) 
   0.0080469   (39 -0.543) (40 0.471) (38 -0.357) (13 0.356) (44 -0.349) (41 -0.152) (48 -0.0978) (139 0.0838) (55 -0.0831) (18 -0.081) (31 0.0766) (43 0.0663) (21 0.0649) (42 -0.0596) (19 0.0583) (57 -0.058) (46 -0.0574) (14 -0.057) (45 -0.057) (56 -0.0479) (83 0.038) (58 -0.0359) (96 0.0356) (72 -0.031) (16 -0.0304) (20 -0.0279) (65 -0.0244) (59 0.0242) (60 0.021) (61 0.0206) (36 0.0203) (47 0.02) (73 0.0196) (30 -0.0195) (79 -0.0192) (89 0.0188) (78 -0.0178) (25 -0.017) (70 0.0149) (37 0.0148) (12 -0.0143) (94 0.0143) (75 0.0143) (52 0.014) (95 0.0139) (98 0.0134) (71 -0.0124) (81 -0.0116) (80 0.0115) (62 -0.0114) (84 0.011) (64 0.0109) (67 -0.0107) (53 -0.0101) 
   0.0085361   (12 -0.95) (31 -0.256) (33 0.12) (32 -0.0884) (13 -0.0586) (39 -0.0381) (30 0.0302) (38 -0.0236) (63 0.0224) (29 -0.0198) (138 0.0194) (26 -0.0156) (28 0.0118) (22 -0.0105) (23 0.01) 
   0.0091304   (138 0.965) (31 -0.207) (12 0.0961) (33 0.0912) (32 -0.0688) (39 -0.0289) (30 0.0256) (26 -0.0161) (38 -0.0139) (29 -0.0131) (18 0.0127) (13 0.0108) 

 Largest eigenvalues
      40.779   (163 0.975) 
      18.772   (75 -0.458) (76 0.632) (94 -0.313) 
      7.1361   (76 -0.326) (94 -0.628) (95 -0.309) (96 0.394) 
      3.0945   (94 0.286) (95 0.315) (96 0.689) 
      1.2286   (98 -0.287) (124 0.412) (125 -0.608) 
      1.2206   (142 -0.379) (149 -0.893) 
      1.1832   (165 -0.999) 
      1.1535   (164 0.994) 
       1.147   (91 -0.368) (92 -0.749) (102 0.372) 
      1.1154   (92 -0.316) (102 -0.418) (109 -0.767) 
      1.1142   (102 -0.608) (109 0.491) (114 0.303) (116 0.309) 
      0.9987   (102 -0.363) (114 -0.338) (116 -0.476) (117 -0.499) 
     0.98266   (99 0.603) (100 -0.301) (101 -0.614) 
     0.93917   (105 0.594) (107 0.515) 
     0.91726   (113 0.409) (114 0.591) 
     0.75197   (114 -0.473) (117 0.577) 
     0.68088   (108 0.426) (110 0.609) (112 -0.398) 
     0.66558   (107 -0.321) (108 -0.491) (112 -0.496) 
     0.66233   (115 0.536) (123 0.416) (125 -0.43) 
     0.60469   (115 -0.745) (123 0.303) 
     0.58943   (108 0.573) (110 -0.498) (112 -0.296) (113 -0.343) 
     0.58855   (106 0.742) (108 -0.339) 
     0.58659   (122 0.382) (126 0.378) (127 -0.324) (128 0.593) 
      0.5544   (126 -0.811) (128 0.399) 
     0.54592   (122 -0.747) (126 0.369) 
     0.53657   (118 -0.388) (119 0.332) (120 0.684) 
     0.53531   (121 -0.506) (123 0.535) (127 0.492) 
     0.42082   (119 0.397) (120 -0.416) (121 0.485) 
     0.41719   (119 -0.656) (133 0.338) 
     0.40858   (88 0.221) (90 0.935) 
     0.40273   (121 -0.399) (127 -0.476) (133 0.455) 
     0.32022   (97 0.918) 
      0.3044   (104 -0.513) (105 -0.475) (107 0.447) 
     0.26643   (103 0.814) (105 0.26) 
     0.24991   (85 -0.255) (98 0.257) (100 -0.414) (101 0.286) (113 0.312) (124 0.356) 
     0.24293   (80 -0.28) (85 0.67) (100 0.275) (103 -0.216) (124 0.25) 
     0.23029   (80 0.437) (85 -0.303) (100 0.537) 
     0.21078   (78 0.345) (80 -0.573) (85 -0.511) 
     0.16366   (100 -0.295) (111 0.618) 
     0.14507   (89 0.563) (91 0.42) (94 -0.31) (96 -0.33) 
     0.13421   (89 -0.423) (95 0.472) (104 -0.384) 
     0.12506   (87 -0.371) (91 -0.571) (92 0.329) 
     0.11956   (87 0.698) (88 0.372) (95 -0.324) 
     0.11177   (86 -0.646) (89 -0.308) (91 0.347) (95 -0.314) 
     0.10964   (68 -0.293) (69 0.298) (81 0.357) (82 0.522) 
    0.099919   (68 0.281) (74 -0.26) (79 0.3) (84 -0.242) (86 0.273) 
    0.094641   (61 -0.349) (65 -0.406) (74 0.278) (86 0.249) 
    0.094012   (58 0.329) (59 0.477) (61 0.422) 
    0.091419   (58 -0.398) (59 -0.501) (65 0.366) 
    0.088498   (59 0.288) (61 -0.341) (74 -0.277) (104 0.305) 
    0.087199   (59 -0.209) (61 0.554) (65 -0.27) (69 -0.274) (95 0.206) 
    0.081936   (61 -0.392) (64 0.4) (65 0.416) 
    0.077454   (64 -0.716) (65 0.21) (69 0.245) (74 0.212) (82 0.222) 
    0.072971   (60 0.484) (62 -0.32) (64 0.313) (65 -0.36) 
    0.067491   (60 -0.642) (62 0.246) (64 0.214) (65 -0.237) (71 -0.204) 
    0.066306   (60 0.286) (69 -0.249) (74 -0.227) (79 -0.242) (111 0.229) (116 0.369) 
    0.063689   (66 -0.282) (77 -0.351) (81 0.289) 
     0.05845   (62 0.465) (63 0.322) (66 0.384) 
    0.056138   (62 -0.509) (71 -0.34) (84 0.286) 
    0.055243   (62 0.353) (66 -0.619) (74 -0.289) 
    0.053185   (63 0.292) (66 0.307) (71 0.392) (81 -0.308) (82 0.233) 
    0.052722   (62 0.283) (63 -0.549) (71 -0.205) (74 0.283) (77 -0.262) (81 -0.217) (99 0.216) (101 0.205) 
    0.050013   (63 0.582) (66 -0.314) (71 -0.302) 
    0.046047   (74 -0.248) (81 0.296) (82 -0.282) (84 -0.414) (118 0.3) 
    0.041332   (31 -0.361) (33 -0.816) 
    0.041055   (33 0.391) (39 0.549) (40 0.625) 
    0.039815   (75 0.324) (76 0.272) (84 0.252) (118 0.405) 
    0.039028   (52 -0.465) (53 0.319) (56 0.285) 
    0.034549   (52 0.449) (53 -0.268) (75 -0.382) (76 -0.333) (77 -0.284) 
    0.033647   (30 -0.753) (36 0.393) 
    0.030337   (30 0.531) (36 0.497) (37 -0.334) 
    0.030296   (35 -0.395) (36 -0.36) (88 -0.437) 
    0.029447   (35 0.824) (88 -0.239) 
    0.026932   (35 -0.322) (36 0.256) (45 -0.311) (56 0.439) 
    0.026222   (131 -0.892) 
    0.024533   (129 -0.578) (157 0.806) 
     0.02194   (129 -0.577) (157 -0.291) (162 -0.763) 
    0.021488   (129 -0.577) (157 -0.515) (162 0.634) 
    0.020331   (22 -0.956) 
    0.018214   (141 -0.949) (142 -0.305) 
