 1 1000
 2 591.46
 3 18.4676
 4 1000
 5 459.037
 6 303.959
 7 999.771
 8 2.88034
 9 991.754
 10 866.842
 11 2.67375
 12 805.541
 13 1000
 14 997.927
 15 0.824118
 16 1000
 17 997.503
 18 2.43088
 19 1000
 20 861.95
 21 136.184
 22 1000
 23 945.448
 24 53.9112
 25 234.581
 26 267.337
 27 11.4916
 28 985.398
 29 247.148
 30 219.36
 31 474.884
 32 50.9183
 33 864.329
 34 203.747
 35 164.246
 36 369.715
 37 989.345
 38 998.431
 39 3.02598
 40 594.846
 41 964.086
 42 1.6989
 43 494.372
 44 853.025
 45 12.0091
 46 997.701
 47 574.006
 48 428.669
 49 923.447
 50 217.917
 51 336.539
 52 160.093
 53 948.699
 54 282.975
 55 193.351
 56 194.989
 57 897.931
 58 102.904
 59 185.902
 60 131.151
 61 21.4384
 62 1.69789
 63 566.404
 64 279.455
 65 2.00664
 66 507.899
 67 970.271
 68 31.724
 69 999.985
 70 1000
 71 873.526
 72 126.145
 73 999.441
 74 2.85036
 75 998.224
 76 989.745
 77 4.76768
 78 937.43
 79 999.261
 80 51.379
 81 947.88
 82 985.237
 83 372.889
 84 2.30134
 85 108.066
 86 2.03621
 87 990.481
 88 1.75638
 89 1.67213
 90 1.99266
 91 8.31987
 92 371.363
 93 801.513
 94 481.933
 95 713.379
 96 884.904
 97 310.208
 98 204.469
 99 122.19
 100 464.618
 101 919.086
 102 93.1343
 103 150.198
 104 124.131
 105 117.71
 106 156.433
 107 158.062
 108 157.542
 109 111.388
 110 86.6199
 111 162.732
 112 199.731
 113 178.565
 114 160.85
 115 157.597
 116 122.351
 117 159.644
 118 177.566
 119 132.259
 120 79.0334
 121 117.046
 122 46.1038
 123 60.0416
 124 34.6615
 125 28.4508
 126 51.8758
 127 25.3384
 128 82.1984
 129 66.7612
 130 55.7933
 131 20.1208
 132 20.54
 133 21.6586
 134 34.8335
 135 8.66005
 136 43.8546
 137 9.80391
 138 9.21038
 139 9.42779
 140 10.7618
 141 11.3976
 142 8.57524
 143 9.24387
 144 14.7983
 145 15.0694
 146 12.6423
 147 10.0242
 148 28.9916
 149 15.5864
 150 11.9821
 151 14.0308
 152 22.7641
 153 19.0626
 154 13.2276
 155 19.9319
 156 23.9316
 157 46.8916
 158 0.36743
 159 0.120102
 160 0.476191
 161 23.4452
 162 25.6305
 163 387.126
 164 756.512
 165 8.21778
