 1 31.6228
 2 23.8026
 3 1.69242
 4 31.6228
 5 17.0167
 6 11.6627
 7 31.618
 8 0.996298
 9 31.4315
 10 29.2519
 11 0.997106
 12 28.1191
 13 31.6228
 14 31.5824
 15 0.904215
 16 31.6228
 17 31.5553
 18 0.978725
 19 31.6228
 20 27.4366
 21 5.2562
 22 31.6228
 23 29.9691
 24 2.67444
 25 14.8631
 26 15.5207
 27 1.59861
 28 31.3392
 29 11.8709
 30 10.6785
 31 21.3967
 32 2.62879
 33 28.3821
 34 14.122
 35 7.87549
 36 16.2725
 37 31.4333
 38 31.5781
 39 1.35533
 40 24.113
 41 30.9657
 42 1.28721
 43 21.5747
 44 28.6221
 45 1.70879
 46 31.5629
 47 18.8742
 48 14.5194
 49 30.1317
 50 14.3352
 51 15.6646
 52 8.15706
 53 30.6006
 54 16.5575
 55 10.5091
 56 10.4875
 57 29.3982
 58 9.60056
 59 10.8274
 60 7.96321
 61 4.35504
 62 1.29704
 63 23.4041
 64 15.4845
 65 0.985213
 66 21.6141
 67 30.7247
 68 2.34466
 69 31.6223
 70 31.6228
 71 27.8365
 72 5.31682
 73 31.6106
 74 1.34677
 75 31.5746
 76 31.4451
 77 1.4281
 78 30.516
 79 31.6061
 80 2.98501
 81 30.0772
 82 31.3236
 83 18.7872
 84 1.34369
 85 10.189
 86 1.35275
 87 31.4072
 88 1.12897
 89 1.06991
 90 1.29507
 91 2.4289
 92 17.5175
 93 26.6514
 94 18.8756
 95 25.0004
 96 28.9879
 97 16.4695
 98 12.8132
 99 9.30221
 100 20.4318
 101 29.8523
 102 8.65138
 103 11.6895
 104 10.4461
 105 10.1815
 106 12.0991
 107 12.08
 108 12.0334
 109 9.84369
 110 8.05887
 111 12.0742
 112 13.7642
 113 12.916
 114 12.1347
 115 11.8587
 116 10.0434
 117 11.867
 118 12.6871
 119 10.8332
 120 8.2884
 121 10.479
 122 6.61225
 123 7.60256
 124 5.43247
 125 5.13361
 126 6.91507
 127 4.535
 128 8.56292
 129 7.44581
 130 6.94201
 131 4.17583
 132 4.44297
 133 4.53541
 134 5.81604
 135 2.72279
 136 6.55425
 137 2.9464
 138 2.8998
 139 2.91948
 140 3.13105
 141 3.12008
 142 2.70464
 143 2.84448
 144 3.70593
 145 3.77917
 146 3.427
 147 2.94698
 148 5.17187
 149 3.78808
 150 3.30796
 151 3.57337
 152 4.66464
 153 4.2516
 154 3.52748
 155 4.38293
 156 4.81287
 157 6.78926
 158 0.270097
 159 0.272232
 160 0.272128
 161 3.75373
 162 4.51727
 163 17.6728
 164 26.517
 165 0.603485
