 1 58922.9
 2 788.082
 3 24.3347
 4 177417
 5 606.57
 6 401.564
 7 657987
 8 48.4937
 9 23302.8
 10 2302.97
 11 5.40743
 12 1997.95
 13 267974
 14 3591.72
 15 0.842568
 16 418351
 17 4041.7
 18 7.21615
 19 128033
 20 2522
 21 396.418
 22 155811
 23 3613.64
 24 203.106
 25 250.509
 26 329.341
 27 13.9924
 28 2482.54
 29 302.917
 30 267.912
 31 506.519
 32 70.5415
 33 1204.58
 34 209.911
 35 188.415
 36 425.747
 37 1518.53
 38 3135.91
 39 5.97608
 40 977.018
 41 4434.05
 42 1.8705
 43 718.377
 44 1608.11
 45 21.3631
 46 3939.11
 47 1462.62
 48 1025.95
 49 1962.82
 50 220.07
 51 449.035
 52 212.055
 53 3049.08
 54 329.316
 55 264.922
 56 271.32
 57 1176.15
 58 104.195
 59 210.784
 60 147.999
 61 21.5038
 62 1.69844
 63 621.282
 64 280.468
 65 2.02114
 66 516.252
 67 3939.08
 68 120.884
 69 126672
 70 200664
 71 2463.74
 72 351.991
 73 16122.2
 74 26.5929
 75 19920.6
 76 8528.04
 77 9.04882
 78 2098.38
 79 7998.26
 80 156.597
 81 2759.97
 82 1569.55
 83 401.454
 84 2.36325
 85 140.063
 86 2.19473
 87 6266.28
 88 1.75659
 89 1.67214
 90 1.99284
 91 8.75171
 92 391.262
 93 963.706
 94 529.913
 95 909.333
 96 1309.95
 97 320.516
 98 209.198
 99 123.334
 100 519.807
 101 1288.21
 102 96.406
 103 152.112
 104 125.042
 105 118.179
 106 156.891
 107 158.77
 108 158.372
 109 112.052
 110 88.0678
 111 163.661
 112 200.491
 113 179.088
 114 161.093
 115 157.857
 116 122.862
 117 160.036
 118 177.704
 119 132.494
 120 79.4854
 121 117.407
 122 46.4129
 123 60.4247
 124 34.7891
 125 28.8178
 126 52.1735
 127 26.2846
 128 84.7177
 129 68.0581
 130 56.7168
 131 20.3134
 132 20.687
 133 21.864
 134 35.7641
 135 8.76917
 136 44.0401
 137 10.0268
 138 9.38498
 139 9.65422
 140 11.1573
 141 12.0192
 142 8.91744
 143 9.51089
 144 15.1055
 145 15.242
 146 12.8187
 147 10.4179
 148 29.8774
 149 15.9376
 150 12.1623
 151 14.2799
 152 23.1152
 153 19.6097
 154 13.5258
 155 20.1181
 156 24.0138
 157 47.0057
 158 0.430032
 159 0.123124
 160 0.709326
 161 30.2505
 162 29.4907
 163 1186.41
 164 1287.71
 165 9.19467
