 Smallest eigenvalues
  1.4735e-06   (9 -1) 
  2.3903e-06   (46 -0.722) (43 0.286) (47 0.272) (42 -0.235) (48 0.223) (45 -0.198) (54 0.175) (154 -0.169) (34 -0.138) (13 0.133) (50 -0.127) (39 -0.113) (73 -0.108) (44 -0.0768) (74 0.0753) (55 0.0628) (36 -0.0532) (12 -0.0496) (60 0.0495) (75 -0.0464) (24 0.0407) (23 -0.036) (38 0.0334) (11 0.033) (69 -0.0327) (17 -0.0303) (71 -0.0302) (70 0.0278) (68 0.0277) (30 -0.0274) (33 -0.0273) (31 -0.0255) (25 0.0241) (57 0.0226) (58 0.0224) (76 0.0224) (28 -0.0183) (67 -0.0156) (52 -0.0153) (19 0.0135) (35 -0.0131) (79 0.0128) (32 0.0126) (51 0.0117) (26 0.0112) (15 0.0112) (41 0.0108) (22 -0.0105) 
  3.7317e-06   (154 -0.986) (46 0.124) (43 -0.0491) (47 -0.0467) (42 0.0405) (48 -0.0382) (45 0.034) (54 -0.0299) (34 0.0238) (13 -0.023) (50 0.0217) (39 0.0195) (73 0.0183) (44 0.0132) (74 -0.0127) (55 -0.0107) 
  4.9835e-06   (5 1) 
  5.6364e-06   (149 0.631) (43 -0.508) (42 -0.485) (34 -0.154) (39 -0.137) (13 0.111) (45 0.0941) (44 -0.0804) (46 0.0719) (73 -0.0674) (38 0.0532) (74 0.0519) (36 -0.0517) (48 0.0509) (12 -0.0416) (24 0.0395) (33 -0.0376) (52 0.0354) (23 -0.0339) (25 0.0324) (11 0.0279) (51 -0.0272) (31 -0.0268) (60 0.0261) (17 -0.0252) (75 -0.0248) (53 -0.024) (54 0.0235) (69 -0.0222) (70 0.0218) (35 -0.0198) (71 -0.0196) (30 -0.0189) (56 0.018) (41 -0.0168) (68 0.0168) (15 0.0157) (55 -0.0129) (49 0.0126) (26 0.011) 
   6.418e-06   (149 0.776) (43 0.413) (42 0.394) (34 0.125) (39 0.111) (13 -0.0905) (45 -0.0765) (44 0.0653) (46 -0.0584) (73 0.0547) (38 -0.0433) (74 -0.0421) (36 0.042) (48 -0.0414) (12 0.0338) (24 -0.0322) (33 0.0306) (52 -0.0288) (23 0.0276) (25 -0.0264) (11 -0.0227) (51 0.0221) (31 0.0218) (60 -0.0212) (17 0.0205) (75 0.0201) (53 0.0195) (54 -0.0191) (69 0.018) (70 -0.0177) (35 0.0161) (71 0.0159) (30 0.0153) (56 -0.0147) (41 0.0137) (68 -0.0137) (15 -0.0128) (55 0.0105) (49 -0.0103) 
  7.8105e-06   (1 0.985) (27 0.126) (25 0.0653) (24 0.0544) (34 0.0448) (26 0.0343) (13 0.034) (23 -0.0282) (31 0.0217) (30 0.0177) (39 0.0142) (33 0.0141) (42 0.0134) (19 0.0122) (12 -0.0119) (17 -0.0114) 
  7.8909e-06   (157 0.999) (27 0.0309) (25 0.0164) (24 0.0139) (13 0.0119) (34 0.0106) 
  1.6971e-05   (27 -0.687) (25 -0.363) (24 -0.309) (13 -0.264) (34 -0.236) (26 -0.184) (1 0.174) (23 0.164) (31 -0.116) (30 -0.104) (12 0.0982) (17 0.0737) (39 -0.072) (42 -0.0705) (19 -0.0686) (33 -0.0683) (15 -0.0637) (11 -0.0606) (36 -0.0517) (73 0.045) (157 0.0449) (22 0.0361) (74 -0.0326) (38 0.0326) (35 -0.0302) (46 -0.0301) (20 -0.0266) (48 -0.0226) (43 0.0207) (60 -0.0191) (75 0.0171) (10 0.0163) (54 -0.016) (52 -0.0155) (70 -0.015) (45 0.0147) (69 0.0141) (68 -0.0121) (71 0.0108) (21 -0.0108) 
  3.1864e-05   (21 -0.53) (19 -0.413) (45 0.388) (43 0.36) (20 0.345) (42 -0.196) (46 0.183) (34 -0.0999) (24 0.097) (44 0.0922) (41 0.0903) (23 -0.0747) (50 -0.0653) (39 -0.0639) (52 0.054) (49 0.049) (75 -0.0471) (73 -0.0416) (51 0.041) (25 0.039) (33 -0.0367) (36 -0.0361) (27 0.0347) (54 0.0317) (28 -0.0307) (74 0.0306) (48 0.0302) (71 -0.0276) (60 0.0254) (30 -0.0249) (38 0.0242) (79 0.0236) (69 -0.0227) (31 -0.0221) (26 0.0218) (17 0.018) (68 0.0168) (64 0.0156) (16 0.0155) (66 0.0139) (32 -0.0137) (29 -0.0133) (13 -0.0116) (22 0.0112) 
  0.00010225   (156 0.999) (45 0.0217) (21 0.0209) (43 0.02) (19 0.017) (20 -0.0132) (46 0.0108) 
  0.00011304   (45 -0.467) (21 -0.435) (43 -0.431) (19 -0.355) (20 0.274) (46 -0.233) (42 0.193) (13 -0.152) (44 -0.124) (34 0.103) (39 0.102) (73 0.0731) (41 -0.0655) (48 -0.0623) (50 0.0567) (12 0.0552) (54 -0.0544) (75 0.0531) (74 -0.0504) (38 -0.0481) (156 0.047) (52 -0.0452) (17 0.0439) (49 -0.0398) (11 -0.0387) (60 -0.0333) (35 0.0332) (40 0.033) (36 0.0303) (71 0.03) (58 -0.0299) (69 0.0273) (27 0.0265) (22 0.0259) (51 -0.0259) (68 -0.0242) (28 -0.0235) (24 0.0222) (32 0.0214) (33 0.019) (15 -0.018) (29 -0.0176) (31 0.0166) (23 -0.0166) (56 -0.0155) (66 -0.0143) (25 -0.0136) (64 -0.012) (70 -0.0118) (78 0.0107) (57 0.0101) 
  0.00011761   (3 1) 
  0.00015699   (24 -0.693) (23 -0.521) (13 0.305) (17 -0.182) (21 -0.175) (25 -0.133) (12 -0.115) (28 0.108) (34 0.0964) (30 0.0899) (11 0.073) (22 -0.066) (39 0.064) (26 -0.0541) (20 -0.0435) (42 0.0416) (36 0.0408) (27 0.0372) (31 0.0356) (45 0.0343) (19 0.0324) (33 0.0318) (16 0.0286) (43 -0.0272) (73 -0.0198) (29 -0.0146) (41 0.0134) (35 0.0132) (44 0.0131) (74 0.013) (10 -0.0123) (50 -0.0119) (32 -0.0105) (14 0.0104) (57 0.0103) 
  0.00021297   (160 1) 
  0.00022161   (2 1) 
  0.00024004   (19 -0.696) (23 0.37) (17 -0.308) (13 0.303) (20 -0.278) (21 0.249) (12 -0.113) (22 0.0819) (24 -0.0803) (11 0.0715) (34 0.0684) (15 0.0564) (25 -0.0499) (158 -0.0396) (39 0.0365) (16 0.0338) (28 0.0322) (33 0.0314) (30 0.0297) (31 0.0263) (42 0.0248) (36 0.0247) (29 -0.0211) (26 -0.0191) (73 -0.0163) (74 0.0142) (38 -0.0127) (27 0.0124) (10 -0.0123) (49 0.0111) (43 -0.0108) 
  0.00025006   (158 -0.999) (19 0.0276) (23 -0.0147) (17 0.0122) (13 -0.012) (20 0.011) 
  0.00028638   (7 1) 
  0.00028881   (25 -0.706) (24 0.452) (150 -0.368) (23 -0.197) (26 -0.195) (13 0.18) (34 0.134) (17 -0.077) (12 -0.0642) (22 -0.058) (39 0.0497) (15 0.0488) (31 0.0485) (32 -0.0467) (11 0.0393) (20 0.0378) (54 0.0357) (19 0.0341) (38 -0.0287) (29 -0.0277) (73 -0.0215) (36 0.0213) (51 0.0205) (46 0.0202) (55 0.0192) (33 0.0189) (43 -0.0171) (42 0.0168) (49 -0.0154) (74 0.0139) (30 0.0127) (28 0.0109) 
  0.00029483   (150 -0.93) (25 0.279) (24 -0.179) (23 0.0782) (26 0.077) (13 -0.0713) (34 -0.053) (17 0.0305) (12 0.0254) (22 0.023) (39 -0.0196) (15 -0.0193) (31 -0.0192) (32 0.0185) (11 -0.0156) (20 -0.015) (54 -0.0141) (19 -0.0135) (38 0.0114) (29 0.011) 
  0.00031002   (6 1) 
  0.00031805   (20 0.561) (23 0.479) (19 0.338) (22 0.311) (13 0.266) (152 -0.23) (17 -0.209) (24 -0.166) (12 -0.0961) (34 0.0958) (15 0.0851) (25 -0.0621) (11 0.0581) (26 -0.057) (39 0.0461) (31 0.042) (16 0.0405) (21 -0.0332) (33 0.0331) (38 -0.0305) (73 -0.0278) (29 -0.0211) (32 -0.0186) (54 0.0178) (46 0.0149) (74 0.0149) (30 -0.0143) (48 0.0136) (10 -0.0126) (42 0.0112) (68 0.0101) 
  0.00035224   (152 -0.973) (20 -0.133) (23 -0.113) (19 -0.08) (22 -0.0736) (13 -0.063) (17 0.0495) (24 0.0391) (12 0.0227) (34 -0.0226) (15 -0.0201) (25 0.0147) (11 -0.0137) (26 0.0135) (39 -0.0109) 
  0.00038754   (74 -0.626) (57 -0.491) (73 -0.409) (60 -0.152) (75 0.149) (62 -0.137) (58 -0.133) (45 -0.124) (69 -0.116) (54 0.103) (42 -0.0912) (50 0.0892) (46 0.0834) (71 -0.0804) (51 0.0781) (55 -0.0775) (43 0.0728) (70 0.0623) (53 0.0616) (44 -0.057) (30 -0.0545) (48 0.0303) (33 0.0303) (99 0.0302) (20 -0.0289) (15 -0.0286) (36 -0.028) (38 -0.0272) (49 0.0271) (21 -0.0262) (59 0.0261) (34 0.0246) (41 -0.0244) (72 0.0239) (88 0.0229) (63 0.0212) (39 -0.0207) (104 0.0205) (92 0.0199) (13 0.0197) (122 -0.0189) (124 0.0174) (83 -0.0173) (115 -0.017) (40 -0.0168) (76 -0.016) (79 0.0158) (28 -0.0154) (24 -0.0139) (77 0.0138) (78 -0.0135) (91 -0.0135) (108 -0.0132) (123 0.0128) (32 -0.0122) (117 -0.0119) (106 -0.0113) (112 0.0106) (90 -0.0106) (114 0.0101) 
  0.00040303   (57 -0.533) (74 0.426) (73 0.419) (62 -0.229) (153 0.191) (58 -0.187) (45 -0.175) (60 -0.168) (68 -0.158) (69 -0.15) (42 -0.117) (43 0.108) (51 0.0973) (75 -0.0924) (50 0.0919) (46 0.0867) (71 0.0865) (55 -0.0779) (54 0.0773) (44 -0.0717) (13 0.0703) (30 -0.0701) (48 -0.0659) (53 0.0613) (36 -0.0569) (70 -0.0488) (56 0.0383) (63 0.0383) (67 0.038) (38 -0.0372) (59 0.0331) (72 -0.031) (28 -0.029) (15 -0.0288) (21 -0.0275) (40 -0.0273) (41 -0.027) (12 -0.0267) (122 0.0258) (34 -0.0241) (39 -0.024) (20 -0.0234) (66 -0.0232) (83 -0.0203) (79 -0.0203) (117 -0.0194) (78 0.0187) (11 0.0177) (19 0.0177) (115 -0.0176) (17 -0.0171) (126 -0.016) (92 0.0158) (127 0.0151) (33 0.0147) (112 0.0143) (121 -0.0141) (99 0.0136) (135 0.0123) (114 0.012) (91 -0.0114) (125 -0.0111) (101 -0.0111) (118 0.011) (120 0.0107) (49 0.0107) (37 0.0105) (130 0.0102) 
  0.00043765   (153 0.982) (57 0.107) (74 -0.0783) (73 -0.0781) (62 0.0453) (58 0.0372) (45 0.0355) (60 0.0337) (68 0.0305) (69 0.0296) (42 0.0238) (43 -0.0218) (51 -0.0197) (50 -0.0187) (46 -0.0177) (75 0.0169) (71 -0.0162) (54 -0.016) (55 0.0158) (44 0.0146) (30 0.0143) (13 -0.014) (48 0.0126) (53 -0.0125) (36 0.0114) 
  0.00045369   (26 -0.909) (25 0.353) (24 0.0904) (51 0.0893) (53 -0.0771) (23 -0.0678) (13 0.0654) (54 -0.0504) (50 0.0418) (28 -0.0412) (45 -0.0389) (27 -0.0385) (52 -0.0381) (48 -0.0302) (57 0.03) (12 -0.0242) (39 0.0227) (20 -0.0202) (73 -0.0195) (17 -0.0194) (43 0.0188) (38 -0.0171) (21 -0.017) (31 0.0167) (55 0.0166) (11 0.0161) (46 0.0157) (15 0.0153) (74 0.0129) (56 -0.0127) (60 0.011) (44 -0.0108) (16 -0.0101) 
  0.00047345   (147 0.686) (51 0.415) (53 -0.318) (54 -0.233) (50 0.2) (52 -0.188) (45 -0.16) (57 0.12) (26 0.115) (42 -0.106) (43 0.104) (48 -0.0925) (55 0.0818) (56 -0.078) (46 0.0614) (44 -0.0553) (13 0.0546) (73 -0.0507) (30 -0.0475) (60 0.0457) (49 0.0445) (34 -0.0412) (39 -0.0379) (36 -0.0378) (25 -0.0329) (47 -0.0317) (41 -0.0227) (12 -0.0208) (40 -0.018) (58 0.0175) (70 0.0157) (68 0.0154) (15 -0.0149) (11 0.0137) (69 -0.0129) (71 -0.012) (17 -0.0111) (20 -0.0111) (21 -0.0108) 
  0.00050847   (147 0.728) (51 -0.391) (53 0.3) (54 0.22) (50 -0.189) (52 0.178) (45 0.151) (57 -0.114) (26 -0.104) (42 0.1) (43 -0.0983) (48 0.0874) (55 -0.0771) (56 0.0736) (46 -0.058) (44 0.0522) (13 -0.0518) (73 0.0478) (30 0.0449) (60 -0.0431) (49 -0.042) (34 0.0388) (39 0.0356) (36 0.0356) (47 0.0299) (25 0.0294) (41 0.0215) (12 0.0198) (40 0.017) (58 -0.0165) (70 -0.0148) (68 -0.0145) (15 0.0139) (11 -0.013) (69 0.0122) (71 0.0113) (17 0.0106) (20 0.0106) (21 0.0102) 
  0.00055598   (53 0.779) (54 -0.319) (52 -0.238) (39 -0.215) (38 0.202) (34 0.145) (57 0.139) (51 0.133) (56 0.126) (42 -0.121) (36 0.106) (50 0.0949) (49 0.0945) (45 -0.0871) (43 0.0763) (73 -0.0506) (69 -0.0425) (60 0.0411) (74 0.0365) (44 -0.036) (33 0.0294) (48 -0.0283) (37 -0.0275) (46 0.0251) (41 -0.0237) (35 0.0218) (70 0.0208) (75 -0.0182) (47 -0.0175) (40 -0.0156) (151 0.0147) (26 -0.0139) (21 -0.0118) 
  0.00061517   (151 0.973) (38 -0.125) (39 0.112) (34 -0.103) (36 -0.0798) (53 0.0595) (30 -0.0261) (13 0.0249) (54 -0.0202) (37 0.0185) (42 0.0183) (48 0.0173) (35 -0.016) (52 -0.0156) (73 -0.0141) (57 0.0124) 
  0.00062805   (38 0.514) (39 -0.458) (34 0.425) (36 0.331) (53 -0.301) (151 0.23) (30 0.11) (54 0.106) (13 -0.105) (52 0.081) (37 -0.0766) (48 -0.0716) (42 -0.0696) (35 0.0661) (73 0.0633) (57 -0.0611) (51 -0.0503) (56 -0.0486) (50 -0.0446) (24 -0.0393) (12 0.039) (33 0.0385) (31 0.034) (26 -0.0328) (22 0.0317) (43 0.0313) (60 -0.0291) (23 0.0271) (49 -0.0252) (11 -0.0248) (25 -0.0243) (74 -0.0216) (46 -0.0213) (17 0.0205) (68 -0.0202) (70 -0.0193) (19 -0.0185) (27 -0.0172) (20 0.0169) (75 0.0145) (41 -0.0136) (69 0.0134) (45 -0.0134) (71 0.0114) (28 0.011) (32 0.0106) 
  0.00069425   (69 0.912) (68 0.251) (57 -0.202) (70 -0.127) (48 0.0814) (74 0.0724) (51 0.0593) (50 0.056) (53 0.0505) (67 -0.0499) (42 -0.0486) (45 -0.0471) (46 0.0393) (75 -0.0361) (73 -0.0359) (83 -0.0338) (30 -0.0315) (43 0.0299) (54 0.0299) (60 -0.0289) (66 0.0274) (72 0.0272) (148 0.0258) (44 -0.022) (33 0.0205) (55 -0.0203) (39 -0.0196) (20 -0.0184) (99 0.0182) (21 -0.0177) (62 0.0177) (56 -0.0177) (34 0.0173) (124 0.0162) (15 -0.0161) (125 -0.0158) (104 0.0157) (88 0.0152) (127 0.0152) (78 0.0151) (97 -0.0146) (92 0.0143) (41 -0.014) (115 -0.014) (36 -0.0139) (52 -0.0138) (13 0.0134) (40 -0.013) (49 0.0128) (89 -0.0126) (122 -0.0126) (71 -0.0119) (58 -0.0111) (91 -0.0109) (90 0.0108) 
  0.00070688   (148 0.833) (48 -0.451) (51 -0.185) (45 -0.124) (42 -0.0938) (43 0.0935) (50 -0.074) (44 -0.0613) (49 0.0602) (73 -0.0593) (57 0.0528) (13 0.0466) (54 0.0458) (34 -0.0426) (52 0.0366) (36 -0.0366) (30 -0.03) (68 0.0297) (56 -0.0268) (46 0.0256) (58 0.0244) (38 -0.021) (62 0.0207) (12 -0.0174) (60 0.0173) (71 -0.015) (70 0.0149) (69 0.012) (28 -0.0119) (53 0.0118) (40 -0.0117) (11 0.0112) (22 -0.0111) (19 0.0109) 
  0.00075916   (48 0.676) (148 0.553) (51 0.275) (45 0.189) (42 0.144) (43 -0.142) (50 0.109) (44 0.0936) (49 -0.0914) (73 0.0912) (13 -0.0709) (54 -0.0706) (57 -0.0695) (34 0.0632) (69 -0.0609) (68 -0.0566) (36 0.0558) (52 -0.0545) (30 0.0469) (56 0.0412) (46 -0.0406) (58 -0.0362) (38 0.0321) (62 -0.0321) (12 0.0265) (60 -0.0246) (71 0.0232) (53 -0.0204) (28 0.0183) (40 0.0183) (11 -0.017) (70 -0.0166) (22 0.0165) (19 -0.0164) (24 -0.0148) (17 0.0145) (41 0.0135) (67 0.0134) (75 0.013) (26 -0.0116) (15 0.0116) (66 -0.0115) (121 0.0112) (35 0.011) (47 0.0104) (20 0.0104) 
  0.00082093   (39 -0.637) (38 -0.574) (21 -0.228) (20 -0.18) (34 0.171) (23 0.154) (37 0.145) (42 0.129) (22 -0.129) (36 -0.113) (33 0.0986) (19 0.0927) (40 0.0866) (45 0.0839) (15 -0.0738) (43 -0.059) (41 0.0537) (13 0.0512) (46 -0.0438) (30 -0.0434) (44 0.037) (32 -0.0365) (57 0.0298) (17 -0.0284) (50 -0.0247) (54 -0.022) (12 -0.0195) (51 -0.0179) (31 0.0178) (48 -0.0153) (26 -0.0145) (35 0.0138) (55 0.0134) (11 0.0132) (53 -0.0121) (73 0.0119) (25 -0.0109) 
  0.00082783   (21 -0.527) (23 0.397) (20 -0.383) (22 -0.367) (39 0.246) (38 0.243) (19 0.243) (30 0.174) (13 0.144) (15 -0.106) (36 0.0857) (17 -0.0802) (28 0.0791) (33 -0.0655) (37 -0.0618) (34 -0.0552) (12 -0.0538) (24 0.0538) (143 0.0357) (11 0.0351) (27 -0.0287) (32 0.0279) (40 -0.0152) (48 0.014) (29 0.0137) (25 -0.0131) (14 0.0125) (31 -0.0113) 
  0.00085388   (143 0.997) (142 -0.0743) (21 0.0197) (23 -0.0147) (20 0.0144) (22 0.0136) 
   0.0010441   (50 -0.412) (45 -0.392) (48 0.354) (46 0.339) (49 -0.308) (15 -0.282) (51 -0.231) (42 -0.208) (43 0.184) (54 -0.163) (57 0.134) (47 -0.13) (44 -0.115) (17 0.0899) (40 -0.0847) (34 0.079) (13 0.0746) (55 0.0709) (38 -0.0611) (30 -0.0607) (53 -0.0534) (33 0.053) (73 0.0384) (56 -0.0371) (36 -0.0364) (74 -0.0352) (41 -0.0313) (12 -0.0274) (24 -0.0271) (68 -0.0262) (32 -0.0186) (19 -0.0181) (83 -0.0164) (11 0.0163) (37 0.0155) (31 0.0151) (39 0.0151) (60 0.0149) (75 0.0144) (23 0.0142) (70 -0.0129) (16 0.0125) (28 -0.0124) (112 0.0117) (26 -0.0105) 
   0.0010835   (15 -0.829) (17 0.316) (13 0.229) (20 0.144) (45 0.142) (21 0.13) (50 0.108) (46 -0.107) (30 0.0968) (48 -0.0966) (42 0.095) (49 0.0869) (12 -0.0857) (43 -0.0744) (19 -0.0731) (51 0.0571) (11 0.0551) (16 0.0516) (44 0.0466) (28 0.0464) (54 0.0417) (47 0.0388) (38 0.0354) (36 0.0345) (40 0.0338) (57 -0.0292) (33 -0.0288) (14 0.0253) (23 0.0214) (24 0.0213) (22 0.0188) (41 0.0181) (55 -0.0172) (73 -0.0137) (26 -0.0132) (53 0.0124) (32 0.0121) (34 -0.0105) 
   0.0012257   (146 -1) 
   0.0014518   (55 -0.575) (56 -0.476) (30 -0.412) (54 0.316) (57 0.273) (31 0.123) (53 0.102) (50 0.1) (51 0.0922) (48 0.0834) (33 -0.0827) (36 0.0664) (46 0.0659) (28 -0.0647) (73 0.0622) (20 -0.0543) (32 0.0479) (15 -0.0473) (45 -0.0462) (21 -0.0421) (68 -0.0389) (34 0.0381) (13 0.0369) (38 0.0339) (49 0.0261) (74 -0.0253) (44 -0.024) (70 -0.0231) (62 -0.0229) (27 0.0226) (29 -0.0202) (24 -0.0179) (12 -0.0143) (47 0.0142) (75 0.0121) (43 0.0116) (19 0.0115) (52 -0.0112) (71 -0.0111) (139 0.0108) (11 0.0106) (67 0.0104) (35 0.0103) 
   0.0015164   (30 -0.749) (55 0.289) (33 -0.229) (56 0.229) (31 0.228) (54 -0.168) (36 0.151) (42 0.136) (32 0.119) (38 0.117) (57 -0.11) (28 -0.11) (139 0.105) (45 0.101) (13 0.0908) (50 -0.0778) (51 -0.0734) (43 -0.067) (20 -0.0595) (46 -0.0586) (53 -0.0567) (40 0.0473) (21 -0.0464) (15 -0.0453) (44 0.0446) (27 0.0381) (73 -0.0367) (12 -0.0339) (48 -0.0332) (29 -0.0303) (37 -0.0288) (41 0.0284) (17 -0.0262) (19 0.0256) (49 -0.0248) (22 -0.0235) (11 0.0224) (26 0.0189) (68 0.0185) (35 0.0138) (70 0.0129) (62 0.0129) (34 -0.0117) (23 -0.0115) (74 0.0105) (52 0.0102) 
     0.00155   (139 0.994) (30 0.0834) (31 -0.0253) (33 0.0249) (55 -0.0241) (56 -0.019) (36 -0.0165) (54 0.0142) (42 -0.0141) (32 -0.013) (38 -0.0126) (28 0.0123) (13 -0.01) 
   0.0017234   (16 -0.869) (31 -0.443) (28 -0.1) (13 0.0937) (30 -0.0923) (34 0.0792) (14 -0.0472) (15 -0.0443) (17 -0.0403) (36 0.0376) (134 0.035) (12 -0.0326) (39 0.0297) (42 0.028) (20 0.0217) (33 0.0187) (26 0.0164) (11 0.0157) (43 -0.0139) (35 0.0137) (44 0.0131) (71 0.013) (73 -0.0117) (40 0.01) 
   0.0017625   (134 0.653) (31 -0.604) (16 0.384) (30 -0.144) (28 -0.116) (34 0.109) (36 0.0531) (13 0.0513) (42 0.034) (39 0.0327) (33 0.0326) (24 0.0269) (23 -0.0261) (25 0.0256) (14 0.0215) (19 0.0204) (12 -0.0203) (35 0.0199) (20 -0.0188) (43 -0.0179) (15 0.0174) (44 0.016) (11 0.0148) (22 -0.0129) (17 -0.0129) (26 0.0108) (135 -0.0102) (52 -0.0101) 
   0.0019138   (134 0.756) (31 0.542) (16 -0.291) (30 0.128) (28 0.105) (34 -0.0975) (13 -0.0487) (36 -0.0475) (42 -0.0306) (39 -0.0295) (33 -0.029) (24 -0.0231) (23 0.0229) (25 -0.0223) (12 0.019) (35 -0.0178) (19 -0.0172) (14 -0.0164) (43 0.0161) (20 0.0152) (44 -0.0144) (11 -0.0136) (17 0.013) (15 -0.013) (135 -0.012) (22 0.0108) (26 -0.0101) 
   0.0020629   (28 -0.887) (52 -0.253) (30 0.197) (49 0.17) (31 0.134) (51 -0.0903) (24 -0.0832) (68 0.0773) (47 -0.0705) (25 -0.0691) (50 -0.062) (29 0.0519) (27 0.0486) (34 -0.0482) (48 0.0461) (44 0.0433) (53 -0.0423) (70 0.0416) (20 -0.0403) (73 0.0384) (54 0.0376) (67 -0.0346) (15 -0.032) (45 0.0259) (36 0.0237) (43 -0.0215) (66 0.0212) (71 -0.0211) (32 0.0189) (57 -0.0185) (69 -0.0185) (60 -0.018) (75 0.018) (40 -0.0179) (16 0.0167) (14 -0.0159) (17 -0.0134) (42 0.0113) (82 -0.0112) (58 -0.0112) (21 -0.0107) (19 0.0107) (37 -0.0103) 
     0.00222   (68 0.671) (70 0.326) (73 0.293) (52 0.229) (67 -0.224) (66 0.209) (49 -0.206) (132 -0.173) (69 -0.158) (75 0.151) (50 0.141) (71 -0.126) (58 0.0814) (51 0.0715) (79 -0.0706) (78 -0.0701) (62 0.0554) (53 0.0543) (72 -0.0538) (64 0.0532) (60 -0.05) (74 -0.0452) (82 -0.0433) (83 -0.0348) (47 0.0292) (42 -0.0291) (45 -0.029) (130 0.0281) (43 0.028) (106 0.0271) (87 0.0264) (56 0.0259) (76 -0.0246) (80 -0.0242) (84 0.0234) (44 -0.0221) (40 -0.0184) (107 -0.0184) (59 0.018) (28 -0.0172) (108 0.0165) (96 -0.0162) (30 -0.0161) (77 0.0151) (92 0.0147) (128 -0.0138) (117 0.0131) (63 0.0126) (54 0.0121) (57 -0.0118) (34 0.0118) (48 -0.0115) (119 -0.0112) (86 0.0111) (15 -0.011) (36 -0.0108) (89 -0.0102) (46 0.0102) 
    0.002338   (132 -0.523) (52 0.52) (49 -0.329) (28 -0.286) (68 -0.255) (51 0.161) (47 0.158) (50 0.156) (70 -0.145) (73 -0.132) (67 0.0959) (53 0.0908) (44 -0.0879) (54 -0.0865) (66 -0.082) (48 -0.0716) (71 0.0674) (69 0.0637) (57 0.0626) (58 0.0588) (30 0.0574) (60 0.0549) (75 -0.0537) (130 0.0439) (40 0.0352) (56 0.033) (24 -0.032) (83 0.0299) (34 -0.0257) (82 0.0255) (25 -0.0253) (46 0.0249) (43 0.024) (62 -0.0227) (31 0.0223) (79 0.0216) (20 -0.0212) (35 -0.0209) (64 -0.02) (13 0.0165) (45 -0.0162) (61 -0.016) (15 -0.0159) (112 -0.0154) (27 0.0145) (36 0.014) (55 0.0136) (92 0.0126) (59 -0.0123) (29 0.0123) (128 -0.0117) (99 -0.0115) (106 -0.0115) (89 0.0112) (17 -0.011) (117 0.0108) (16 0.0102) (39 -0.0101) 
   0.0024273   (132 -0.831) (52 -0.373) (49 0.249) (28 0.195) (50 -0.128) (51 -0.115) (47 -0.105) (53 -0.0682) (44 0.0595) (58 -0.0539) (54 0.0513) (48 0.0469) (130 0.0458) (57 -0.0365) (30 -0.035) (56 -0.0261) (60 -0.0237) (24 0.0233) (70 0.0222) (73 0.0216) (43 -0.0209) (68 0.0186) (40 -0.0179) (46 -0.0178) (25 0.0173) (135 0.0172) (128 -0.0164) (45 0.0162) (71 -0.0158) (20 0.0156) (31 -0.0146) (34 0.0142) (67 -0.0129) (35 0.0128) (15 0.0128) (83 -0.0119) (13 -0.0114) (27 -0.0105) (92 -0.0101) 
   0.0025453   (22 0.813) (20 -0.371) (21 -0.255) (56 -0.217) (54 -0.114) (24 0.109) (23 -0.104) (19 0.0841) (14 0.0729) (15 -0.0723) (55 0.065) (57 -0.0636) (30 0.0575) (45 0.0529) (29 0.0497) (50 -0.047) (46 -0.0449) (33 -0.0368) (11 0.0324) (44 0.0303) (26 0.0287) (51 -0.0282) (28 0.0268) (18 0.0264) (34 -0.0263) (43 -0.0237) (48 -0.0227) (42 0.0227) (40 -0.0208) (74 0.0202) (53 0.0174) (32 0.0172) (39 0.0164) (41 0.0163) (68 0.0163) (69 -0.0163) (38 0.0157) (49 -0.0149) (27 -0.0142) (70 0.0139) (125 -0.0135) (73 -0.0127) (121 0.012) (83 0.0116) (120 -0.0115) (31 -0.0108) (58 0.0106) (52 0.0102) 
   0.0026348   (60 0.844) (56 0.343) (54 0.206) (73 0.126) (55 -0.112) (22 0.109) (59 -0.104) (74 -0.104) (58 -0.0965) (45 -0.0888) (46 0.0787) (50 0.0771) (62 -0.0735) (20 -0.0614) (57 -0.0538) (71 0.0523) (75 0.0475) (21 -0.0461) (49 0.0366) (133 -0.0364) (53 -0.0345) (52 -0.0308) (44 -0.0303) (63 0.0277) (47 -0.0275) (43 0.0259) (83 0.0234) (15 -0.0229) (125 -0.0216) (48 0.0216) (106 -0.0205) (72 -0.0197) (108 -0.019) (41 -0.0188) (64 0.0176) (14 0.0174) (121 -0.0171) (109 0.0168) (78 -0.0161) (42 0.0155) (65 0.015) (39 -0.0149) (79 0.0148) (30 -0.0143) (107 0.0134) (70 -0.013) (61 0.0129) (99 0.0128) (51 0.0112) (23 -0.0112) 
   0.0027969   (133 -0.704) (56 0.468) (60 -0.311) (57 0.234) (54 0.213) (22 0.138) (55 -0.114) (47 -0.0871) (50 0.0809) (20 -0.079) (40 -0.0629) (45 -0.0614) (51 0.0574) (21 -0.0567) (42 -0.0532) (53 -0.0525) (59 0.0431) (68 -0.0423) (43 0.0334) (62 0.032) (15 -0.029) (69 0.0287) (34 0.028) (70 -0.0267) (44 0.0264) (83 -0.0258) (135 -0.0231) (30 -0.0224) (38 -0.0194) (46 0.0184) (125 0.0162) (74 -0.0157) (58 0.0156) (36 -0.0148) (66 -0.0142) (23 -0.0141) (19 0.0132) (71 -0.013) (33 0.0125) (29 0.0123) (39 0.0123) (106 0.0119) (67 0.0119) (49 0.0117) (122 0.0102) (24 0.01) 
   0.0028623   (133 -0.708) (56 -0.482) (60 0.264) (57 -0.229) (54 -0.222) (22 -0.143) (55 0.119) (47 0.0875) (50 -0.0844) (20 0.0815) (45 0.0659) (40 0.0615) (21 0.0586) (51 -0.0575) (53 0.0538) (42 0.0517) (68 0.0415) (125 -0.0394) (59 -0.0372) (43 -0.0345) (15 0.03) (69 -0.0289) (62 -0.0279) (34 -0.0274) (70 0.0271) (135 -0.0269) (83 0.0252) (44 -0.0242) (30 0.023) (46 -0.0229) (74 0.0204) (38 0.0192) (106 -0.0154) (36 0.015) (123 -0.0146) (23 0.0146) (66 0.0138) (49 -0.0137) (19 -0.0135) (127 0.0132) (33 -0.0124) (29 -0.0121) (67 -0.0116) (39 -0.0112) (117 0.0112) (52 0.0112) (122 -0.0111) (71 0.0104) (58 -0.0103) (112 -0.0103) (73 -0.0102) (24 -0.0102) 
   0.0034526   (36 -0.817) (38 0.331) (62 -0.295) (34 0.217) (83 0.131) (42 0.115) (37 -0.102) (40 0.0925) (57 0.0818) (30 -0.0778) (33 0.0577) (58 0.0524) (45 0.0497) (28 -0.0426) (63 0.0411) (43 -0.0367) (86 -0.0345) (39 -0.0338) (51 -0.0307) (35 0.0305) (14 -0.0304) (47 0.0272) (55 0.026) (68 0.026) (73 -0.0227) (96 -0.02) (20 -0.0193) (15 -0.0168) (21 -0.0161) (32 -0.0161) (64 0.016) (24 -0.0158) (69 0.0153) (53 -0.0147) (90 0.0145) (50 -0.0145) (106 0.0137) (88 -0.0134) (71 -0.013) (60 -0.0128) (29 0.0126) (49 0.012) (22 -0.0118) (131 0.0118) (31 0.0115) (13 0.0112) (108 0.0106) (67 -0.0104) (61 -0.0101) (89 -0.0101) (85 0.01) 
   0.0039293   (83 0.853) (62 0.376) (131 0.231) (86 -0.146) (57 -0.0932) (90 0.0708) (106 0.0599) (58 -0.0568) (85 0.0559) (89 -0.0538) (63 -0.053) (84 0.0431) (91 -0.0413) (112 0.0382) (45 -0.0348) (96 -0.0342) (55 -0.0336) (108 0.0328) (103 -0.0312) (107 -0.0308) (54 0.0276) (71 0.0274) (114 0.0246) (115 -0.0244) (42 -0.0242) (74 0.0242) (51 0.0236) (102 0.0233) (97 -0.0229) (78 -0.0223) (46 0.0215) (88 -0.0215) (64 -0.0194) (60 -0.0193) (43 0.0184) (93 0.018) (124 0.018) (40 -0.0179) (70 0.0178) (101 -0.0175) (48 0.0175) (30 -0.0171) (117 -0.017) (87 -0.017) (69 -0.0162) (92 0.016) (109 0.0157) (110 0.0154) (104 0.0151) (79 0.0144) (50 0.0139) (81 0.0131) (61 0.0119) (126 0.0114) (52 -0.0114) (59 0.0108) (130 0.0105) (127 0.0103) (100 0.0102) (118 0.0101) (47 -0.01) 
   0.0040744   (62 0.589) (131 0.581) (83 -0.413) (36 -0.234) (57 -0.109) (38 0.0951) (58 -0.0861) (63 -0.0836) (47 0.0794) (86 0.0785) (68 -0.0715) (44 -0.0595) (40 0.0579) (73 0.0572) (34 0.0503) (90 -0.0455) (46 0.0408) (69 -0.0386) (106 -0.0352) (96 0.0336) (64 -0.0329) (42 0.0329) (85 -0.0311) (89 0.03) (88 0.0295) (67 0.0283) (84 -0.0282) (37 -0.0276) (108 -0.0263) (55 -0.0261) (30 -0.0257) (70 -0.0224) (39 -0.0224) (103 0.0212) (107 0.0197) (51 0.0196) (60 0.0193) (61 0.0189) (91 0.018) (74 -0.0172) (66 -0.0169) (28 -0.0156) (130 0.0155) (109 -0.0149) (102 -0.0139) (94 0.0139) (33 0.0134) (112 -0.0131) (20 -0.0131) (13 0.0129) (93 -0.0126) (127 0.011) (59 0.0102) (49 0.01) 
    0.004108   (131 0.78) (62 -0.546) (36 0.189) (57 0.108) (58 0.0804) (63 0.0774) (38 -0.0737) (47 -0.0556) (68 0.0515) (83 0.0495) (44 0.0459) (34 -0.0439) (73 -0.0407) (40 -0.0385) (46 -0.0367) (69 0.0332) (64 0.03) (55 0.0294) (30 0.0259) (67 -0.0221) (51 -0.0214) (37 0.0212) (39 0.0201) (130 0.0196) (42 -0.0184) (61 -0.0174) (45 0.017) (96 -0.0168) (54 -0.0159) (88 -0.0158) (86 -0.0157) (106 0.015) (108 0.0139) (90 0.0138) (28 0.0134) (33 -0.0134) (71 -0.0129) (20 0.0124) (66 0.0119) (94 -0.0117) (13 -0.0111) (48 -0.0109) (70 0.0109) (59 -0.0108) (53 -0.01) 
   0.0042232   (105 0.532) (96 0.345) (103 0.296) (124 0.283) (104 -0.245) (109 0.243) (100 -0.197) (110 -0.19) (101 0.173) (123 -0.158) (107 -0.152) (120 -0.144) (99 0.143) (125 0.135) (106 0.131) (121 -0.128) (113 0.103) (112 -0.096) (102 -0.0821) (98 -0.0799) (115 -0.0756) (94 0.0695) (89 0.0479) (93 -0.0471) (47 0.0463) (116 0.0447) (118 0.0388) (92 0.0342) (145 0.0321) (83 0.031) (88 -0.0308) (81 0.0307) (126 -0.0295) (71 0.0279) (46 0.0226) (44 -0.0215) (111 0.0209) (85 -0.0195) (80 -0.0164) (62 -0.0147) (49 0.0142) (68 0.0131) (60 -0.0129) (135 0.0119) (70 0.0114) (90 -0.0114) (114 0.0113) (42 0.0112) (79 0.0109) (52 -0.0108) (91 0.0106) 
   0.0043713   (145 -0.999) (124 0.0361) (123 -0.0172) (125 0.0163) (105 0.0112) (120 -0.011) 
   0.0044014   (47 0.737) (44 -0.375) (46 0.313) (49 0.192) (40 0.17) (42 0.125) (52 -0.119) (71 0.116) (60 -0.0942) (56 0.0934) (36 0.0914) (14 0.0845) (62 -0.0841) (57 0.0769) (50 -0.0751) (124 -0.0649) (68 0.062) (83 0.0598) (48 0.0592) (81 0.0544) (34 -0.0535) (106 -0.047) (96 0.0467) (70 0.046) (125 -0.0457) (53 -0.0443) (123 0.0423) (121 0.0404) (54 0.0375) (22 0.0371) (105 -0.0369) (120 0.0344) (58 0.0334) (55 0.0312) (51 -0.0297) (80 -0.0295) (109 -0.0273) (30 0.0272) (67 -0.0248) (113 0.024) (107 0.0231) (29 -0.023) (39 -0.0226) (86 0.0222) (11 0.0221) (66 0.0207) (41 -0.0204) (73 0.0202) (33 -0.0196) (91 -0.0182) (79 0.0181) (111 0.0177) (89 0.0174) (72 -0.0171) (103 -0.0168) (28 0.0162) (99 -0.0153) (85 -0.0151) (63 0.015) (90 -0.0149) (78 -0.0143) (59 0.0142) (13 -0.014) (110 0.0138) (88 0.0128) (108 -0.0125) (102 -0.0124) (27 -0.0119) (112 -0.0117) (101 -0.0111) (35 -0.011) (75 0.0107) 
   0.0044618   (71 0.633) (44 -0.388) (80 -0.368) (47 -0.308) (79 0.186) (82 0.15) (94 0.138) (45 0.134) (70 0.128) (86 0.118) (46 -0.0995) (73 -0.0978) (98 -0.0827) (84 -0.0819) (72 -0.0816) (76 -0.0771) (68 0.0764) (77 -0.0714) (90 0.0685) (111 0.0618) (40 0.0524) (96 -0.0483) (108 0.0477) (43 0.0472) (113 -0.0368) (85 -0.0356) (93 0.0356) (81 0.0355) (60 -0.033) (67 -0.0327) (105 -0.0294) (104 0.0283) (92 -0.0264) (121 -0.024) (66 0.0238) (49 -0.0209) (54 0.0206) (75 0.0204) (55 -0.0202) (101 -0.02) (106 -0.02) (112 0.0195) (42 0.0186) (123 -0.0186) (124 0.0186) (100 0.0186) (58 0.0178) (125 0.0159) (155 0.0159) (103 0.0156) (97 0.015) (107 0.0147) (110 0.014) (83 -0.0136) (48 0.0134) (87 0.0125) (116 0.0123) (120 -0.0118) (74 0.0116) (16 0.0108) 
   0.0046102   (155 0.999) (44 0.0347) (47 0.0167) (45 -0.011) 
   0.0049508   (44 -0.723) (71 -0.455) (47 -0.293) (45 0.224) (80 0.139) (40 0.139) (79 -0.122) (46 -0.102) (70 -0.0881) (86 -0.0791) (42 0.0787) (108 -0.0692) (73 0.0684) (78 0.0617) (82 -0.0559) (43 0.0542) (111 -0.05) (72 0.0499) (90 0.0461) (89 -0.0459) (68 -0.0433) (85 0.0424) (36 0.0406) (155 0.0388) (98 0.0384) (84 0.036) (113 0.0277) (96 0.0275) (112 -0.0263) (14 0.0254) (67 0.0234) (39 0.0227) (50 -0.0208) (58 -0.0208) (49 -0.0195) (76 0.0186) (104 -0.0178) (105 0.0176) (56 0.0175) (110 -0.0174) (101 0.0174) (52 -0.0171) (121 0.0167) (48 0.0166) (22 0.0165) (13 -0.0162) (124 -0.016) (94 0.0159) (83 0.015) (66 -0.0148) (30 0.0136) (123 0.0134) (125 -0.0132) (87 -0.0131) (31 -0.0127) (29 -0.0122) (114 -0.0114) (62 -0.0108) (38 -0.0104) (119 -0.0104) (100 -0.0101) 
   0.0050518   (18 -0.981) (138 -0.172) (17 -0.0553) (14 -0.0396) (15 -0.0281) (22 0.0266) (8 -0.0212) (13 -0.0108) (33 -0.0102) (34 -0.0102) (23 -0.0101) 
   0.0050983   (138 -0.985) (18 0.172) 
   0.0053109   (8 1) (18 -0.0208) 
   0.0054482   (4 1) 
   0.0057149   (27 -0.655) (136 -0.353) (25 0.314) (34 0.259) (24 0.239) (13 0.234) (26 0.22) (23 -0.186) (31 0.131) (39 0.11) (33 0.0977) (12 -0.0921) (17 -0.0811) (28 -0.0759) (29 -0.0732) (38 -0.0587) (11 0.0575) (15 0.0463) (22 -0.0411) (20 0.0399) (36 0.0397) (30 0.0333) (35 0.0317) (73 -0.03) (42 0.0229) (74 0.0219) (43 -0.0198) (32 -0.0179) (19 0.0171) (75 -0.0157) (21 -0.0149) (54 0.0134) (52 0.0119) (10 -0.0113) (41 0.011) (70 0.0109) (68 0.0102) 
    0.005788   (136 -0.936) (27 0.247) (25 -0.118) (34 -0.0973) (24 -0.0901) (13 -0.0884) (26 -0.083) (23 0.0701) (31 -0.0495) (39 -0.0414) (33 -0.0368) (12 0.0347) (17 0.0306) (28 0.0286) (29 0.0276) (38 0.0221) (11 -0.0217) (15 -0.0175) (22 0.0155) (20 -0.015) (36 -0.015) (30 -0.0125) (35 -0.0119) (73 0.0111) 
   0.0059066   (10 0.652) (17 0.611) (15 0.305) (13 0.262) (12 -0.0998) (23 0.0826) (24 -0.077) (11 0.0559) (20 -0.0505) (18 -0.0479) (19 -0.045) (34 0.0421) (25 -0.0394) (22 0.0269) (21 -0.0243) (39 0.0166) (16 -0.0135) (31 0.0132) (14 -0.013) (26 -0.0127) (42 0.0117) (73 -0.0112) 
    0.006372   (144 0.999) (10 -0.0271) (17 0.0166) 
   0.0065117   (10 0.756) (17 -0.544) (15 -0.263) (13 -0.177) (23 -0.0759) (24 0.0738) (12 0.0692) (20 0.0484) (19 0.0423) (34 -0.0421) (11 -0.0417) (18 0.0415) (25 0.0367) (144 0.0335) (22 -0.0271) (21 0.0248) (39 -0.0152) (16 0.015) (42 -0.0135) (73 0.0134) (31 -0.0132) (26 0.0128) (74 -0.0112) (38 0.0104) 
   0.0072924   (11 -0.894) (40 -0.333) (12 -0.2) (13 0.15) (44 -0.0812) (14 0.0782) (42 0.0718) (47 0.0434) (39 -0.0433) (45 0.028) (34 -0.0268) (36 -0.0215) (43 -0.0213) (35 0.0178) (49 0.0177) (29 0.0172) (60 0.0132) (33 -0.0132) (38 0.0105) 
   0.0076752   (140 0.998) (40 -0.0483) (11 0.0214) (42 0.0102) 
   0.0079728   (40 0.867) (11 -0.353) (42 -0.183) (44 0.174) (39 0.106) (47 -0.0803) (12 -0.068) (36 0.0635) (45 -0.0607) (43 0.0567) (34 0.0567) (140 0.0563) (14 0.053) (49 -0.049) (35 -0.0447) (29 -0.0423) (22 0.0368) (52 -0.0337) (50 0.0297) (38 -0.0275) (60 -0.0257) (33 0.0245) (41 -0.0244) (20 -0.0228) (61 -0.0211) (51 -0.02) (13 0.0186) (63 -0.0183) (30 0.0172) (56 0.0161) (106 -0.0161) (67 -0.0159) (83 0.0156) (75 0.0156) (108 -0.0138) (82 0.0122) (32 -0.0113) (19 0.011) (78 -0.0101) 
   0.0082097   (12 0.853) (13 0.366) (29 0.339) (11 -0.127) (14 0.0474) (33 0.0336) (40 0.0228) (30 -0.0228) (27 -0.0218) (35 -0.0211) (32 -0.0176) (66 -0.016) (28 0.0157) (36 0.0151) (49 0.0117) (137 -0.0106) 
   0.0092811   (137 -0.975) (29 0.201) (12 -0.082) (13 -0.0245) (33 0.018) (11 0.0134) (30 -0.0133) (35 -0.0112) (27 -0.0104) (40 0.0102) 

 Largest eigenvalues
      26.813   (163 0.283) (165 0.946) 
      19.368   (34 0.444) (39 0.342) (42 -0.409) 
      15.673   (34 -0.287) (73 0.543) (74 -0.466) 
      15.073   (106 -0.616) (107 0.341) (108 -0.519) 
      3.9428   (96 0.292) (121 0.33) (123 0.329) (124 -0.536) (125 -0.367) 
      1.2237   (163 0.958) (165 -0.281) 
      1.2186   (162 0.997) 
      1.1546   (164 0.993) 
       1.145   (88 0.782) (89 -0.466) 
      1.1399   (99 0.578) (100 0.324) (101 0.434) (105 -0.307) 
      1.1254   (99 0.323) (100 0.291) (104 0.359) (106 -0.386) (107 -0.501) 
     0.96049   (115 -0.342) (116 0.702) 
     0.92316   (104 0.492) (105 0.439) (107 0.567) 
     0.89296   (100 -0.713) (102 0.291) (103 -0.346) 
     0.87452   (112 0.548) (113 0.388) 
     0.77822   (110 -0.505) (114 0.291) (116 -0.346) (117 -0.348) 
     0.67061   (109 0.245) (110 0.694) (112 -0.244) (113 -0.262) (116 -0.221) (135 0.226) 
     0.66662   (96 0.769) (100 0.296) 
     0.66204   (114 -0.38) (115 -0.347) (126 0.582) (135 0.395) 
     0.60488   (113 0.502) (114 0.637) (126 0.299) 
     0.59882   (109 -0.589) (112 0.35) (113 -0.298) (115 0.354) 
     0.58047   (109 0.679) (112 0.403) 
      0.5774   (122 -0.328) (123 0.369) (128 0.518) 
     0.57598   (123 -0.341) (125 -0.672) (126 -0.31) (128 0.428) 
     0.56375   (120 0.452) (121 -0.484) (122 0.457) 
     0.56102   (118 0.381) (120 -0.658) (122 0.331) 
     0.51516   (118 -0.342) (121 0.466) (123 -0.423) (127 -0.38) 
     0.47637   (117 0.297) (118 0.593) (122 -0.329) (126 0.324) (135 -0.333) 
     0.44417   (117 -0.328) (118 -0.4) (120 -0.294) (121 -0.302) (123 0.352) (126 0.325) (135 -0.379) 
     0.39437   (91 -0.957) 
     0.32681   (121 0.294) (122 0.336) (124 0.328) (127 0.508) (135 -0.411) 
     0.32033   (93 0.916) (103 0.212) 
     0.30775   (93 -0.324) (103 0.663) (104 0.439) (105 -0.292) 
     0.27678   (102 -0.811) (103 -0.249) 
     0.25622   (98 -0.498) (124 -0.298) 
     0.23836   (86 0.651) (98 0.319) 
     0.23029   (78 -0.399) (79 0.424) (98 0.572) 
     0.22288   (78 0.405) (79 -0.377) (86 -0.61) 
     0.17597   (98 -0.392) (111 0.6) 
     0.15035   (89 0.629) (90 -0.58) (94 -0.32) 
     0.14483   (94 -0.379) (97 -0.548) (108 -0.357) 
     0.13243   (85 0.309) (94 0.623) 
     0.12677   (85 -0.877) (90 -0.206) (97 0.226) 
     0.11619   (85 0.281) (87 0.285) (88 -0.329) (89 -0.443) (90 -0.411) (94 -0.288) (97 0.342) 
     0.10644   (71 0.39) (78 -0.302) (80 0.599) (82 -0.341) (84 0.291) 
     0.10286   (76 -0.284) (77 -0.296) (84 0.313) (87 -0.29) (97 0.313) 
    0.097807   (67 -0.33) (72 0.342) (76 0.282) 
    0.095585   (59 -0.647) (63 -0.28) (65 0.205) (67 0.215) (82 0.216) (84 -0.223) 
     0.09396   (59 0.59) (67 0.337) (72 -0.307) 
    0.089154   (59 -0.301) (63 0.282) (65 -0.26) (67 -0.306) (76 -0.258) (97 -0.307) (108 0.262) 
    0.084181   (63 -0.572) (65 0.291) (72 0.365) 
    0.078177   (63 0.583) (67 0.388) 
    0.074402   (61 0.335) (63 -0.311) (65 -0.626) 
    0.073489   (61 -0.801) (72 -0.324) 
    0.071411   (61 0.456) (65 0.481) (67 -0.289) 
    0.067752   (67 0.23) (72 0.36) (76 -0.229) (82 0.233) (111 0.224) (116 -0.219) (117 0.355) 
    0.062178   (64 0.226) (70 -0.239) (72 -0.218) (75 -0.335) (76 0.312) (78 0.225) (79 0.234) (82 -0.263) (84 -0.247) (87 0.202) (117 0.231) 
     0.05951   (64 -0.586) (70 0.346) (82 -0.309) 
    0.056968   (64 0.627) (75 0.33) (87 0.286) 
    0.055547   (64 -0.356) (66 0.312) (70 -0.529) (76 -0.308) 
    0.054403   (66 -0.394) (75 -0.42) (82 0.317) (84 0.293) (101 -0.294) 
    0.052039   (66 0.513) (76 0.323) (82 0.287) (101 -0.298) 
    0.048922   (66 -0.518) (67 -0.303) (70 -0.335) (75 0.314) 
    0.046538   (82 -0.331) (84 -0.363) (87 -0.366) (119 0.33) 
    0.044777   (35 0.92) 
     0.04276   (35 -0.336) (49 -0.506) (50 0.396) (51 -0.326) (52 -0.417) 
    0.042405   (77 -0.407) (87 0.237) (92 0.313) (99 -0.24) (119 0.406) 
    0.039884   (54 -0.348) (55 -0.38) (77 0.361) 
    0.033749   (49 -0.277) (51 0.302) (54 0.432) (55 0.334) (77 0.356) (78 0.248) 
     0.03227   (32 -0.726) (33 -0.387) (41 0.433) 
    0.029446   (32 0.412) (33 0.348) (41 0.568) (58 -0.314) 
    0.028559   (37 -0.43) (41 -0.458) (92 -0.454) 
    0.027912   (37 0.806) (41 -0.299) 
    0.024945   (41 0.309) (58 0.499) (92 -0.313) 
    0.022673   (130 -0.878) 
      0.0215   (129 0.578) (159 0.809) 
    0.020444   (129 0.577) (159 -0.315) (161 0.754) 
    0.020167   (129 0.577) (159 -0.496) (161 -0.649) 
    0.017683   (14 0.979) 
    0.016214   (141 -0.999) 
