 1 68441
 2 613.004
 3 1.89202
 4 423371
 5 725.784
 6 15.9178
 7 1.31732e+06
 8 57.6553
 9 1586.84
 10 2760.25
 11 33.0084
 12 746.935
 13 1.50791e+06
 14 11435.6
 15 0.814087
 16 876654
 17 5633.64
 18 0.92858
 19 217050
 20 3121.83
 21 13.6438
 22 410187
 23 4324.82
 24 3.4233
 25 241.365
 26 317.327
 27 7.94252
 28 3560.77
 29 461.612
 30 95.4262
 31 471.812
 32 236.064
 33 431.093
 34 219.029
 35 317.251
 36 144.568
 37 1521.27
 38 3188.11
 39 3.53489
 40 944.376
 41 5141.25
 42 1.80709
 43 640.869
 44 1509.5
 45 11.613
 46 4642.6
 47 3005.12
 48 252.233
 49 1895.97
 50 190.686
 51 431.297
 52 177.707
 53 3424.02
 54 334.994
 55 158.566
 56 350.84
 57 690.042
 58 88.6798
 59 187.748
 60 123.724
 61 22.2626
 62 1.77459
 63 470.34
 64 211.346
 65 1.94716
 66 585.297
 67 3408.55
 68 412.55
 69 110318
 70 513232
 71 3221.43
 72 4.59222
 73 20219
 74 398.35
 75 4391.49
 76 5326.19
 77 14.1526
 78 1528.89
 79 7953.4
 80 178.59
 81 2262.08
 82 2541.34
 83 683.542
 84 2.1941
 85 152.418
 86 2.65675
 87 3255.34
 88 1.80334
 89 1.70445
 90 2.01582
 91 8.57519
 92 567.562
 93 1185.9
 94 585.045
 95 1288.96
 96 1577.11
 97 321.208
 98 265.466
 99 137.595
 100 939.651
 101 1595.24
 102 108.721
 103 183.565
 104 159.709
 105 139.72
 106 178.857
 107 177.152
 108 180.003
 109 131.73
 110 96.7614
 111 194.657
 112 208.086
 113 193.822
 114 180.022
 115 178.18
 116 134.679
 117 187.082
 118 196.274
 119 163.094
 120 115.296
 121 118.322
 122 50.6657
 123 43.6905
 124 38.6606
 125 32.2086
 126 44.4473
 127 26.1049
 128 84.812
 129 55.9883
 130 50.3618
 131 21.4596
 132 19.981
 133 20.1566
 134 29.7553
 135 9.09111
 136 41.4127
 137 11.0243
 138 9.4837
 139 8.82554
 140 11.7308
 141 11.4802
 142 9.03493
 143 8.95455
 144 17.8714
 145 16.1211
 146 11.708
 147 10.5376
 148 17.1996
 149 16.4151
 150 11.6295
 151 13.5913
 152 19.9659
 153 26.1606
 154 14.3709
 155 19.3982
 156 21.0871
 157 34.5318
 158 0.386501
 159 0.0428211
 160 2.79694
 161 19.8783
 162 62.2715
 163 65.9503
 164 134.411
 165 2.21891
