 1 1000
 2 588.628
 3 1.84953
 4 1000
 5 706.221
 6 15.5114
 7 1000
 8 35.3678
 9 962.366
 10 925.937
 11 21.6208
 12 486.884
 13 1000
 14 999.792
 15 0.813947
 16 1000
 17 999.64
 18 0.838775
 19 1000
 20 995.022
 21 4.95814
 22 1000
 23 998.946
 24 1.44068
 25 225.193
 26 280.593
 27 7.07323
 28 995.624
 29 419.667
 30 87.1888
 31 467.7
 32 231.423
 33 422.114
 34 208.167
 35 304.694
 36 138.364
 37 992.637
 38 999.292
 39 2.23733
 40 611.83
 41 977.711
 42 1.69607
 43 478.545
 44 884.866
 45 7.39711
 46 998.473
 47 917.117
 48 85.2435
 49 937.802
 50 188.558
 51 348.916
 52 143.654
 53 962.235
 54 295.433
 55 127.212
 56 276.571
 57 685.728
 58 87.1169
 59 184.817
 60 121.624
 61 22.2385
 62 1.77442
 63 459.604
 64 210.689
 65 1.93482
 66 573.97
 67 890.498
 68 111.85
 69 999.99
 70 1000
 71 998.292
 72 2.59934
 73 999.842
 74 82.0573
 75 919.753
 76 964.345
 77 7.4958
 78 812.171
 79 998.555
 80 65.8843
 81 931.899
 82 989.396
 83 579.281
 84 2.06967
 85 130.616
 86 2.51753
 87 989.162
 88 1.80322
 89 1.70444
 90 2.01564
 91 8.04036
 92 485.9
 93 812.532
 94 444.368
 95 826.797
 96 908.939
 97 299.342
 98 262.553
 99 136.816
 100 800.192
 101 948.81
 102 104.386
 103 181.161
 104 157.835
 105 139.044
 106 177.915
 107 176.143
 108 179.135
 109 130.754
 110 95.3802
 111 193.947
 112 207.27
 113 193.239
 114 179.713
 115 177.725
 116 134.128
 117 186.804
 118 196.012
 119 162.927
 120 114.515
 121 117.73
 122 50.2128
 123 43.4305
 124 38.4054
 125 31.7275
 126 43.9831
 127 25.2001
 128 84.0776
 129 55.4963
 130 49.5919
 131 21.2983
 132 19.8296
 133 20.0043
 134 29.2359
 135 8.9537
 136 41.1212
 137 10.8539
 138 9.35492
 139 8.66512
 140 11.5448
 141 11.0881
 142 8.838
 143 8.76352
 144 17.6487
 145 15.918
 146 11.5178
 147 10.3137
 148 16.9529
 149 16.1546
 150 11.4555
 151 13.3638
 152 19.6944
 153 25.5277
 154 14.0633
 155 19.1786
 156 20.9417
 157 34.3121
 158 0.316652
 159 0.0416924
 160 2.73531
 161 18.6503
 162 53.7457
 163 62.9397
 164 131.888
 165 2.20208
