 1 31.6228
 2 24.1362
 3 0.970546
 4 31.6228
 5 26.2641
 6 1.52191
 7 31.6228
 8 2.08249
 9 30.5048
 10 30.1983
 11 1.89598
 12 21.3224
 13 31.6228
 14 31.6188
 15 0.902183
 16 31.6228
 17 31.6153
 18 0.905824
 19 31.6228
 20 31.4795
 21 1.07268
 22 31.6228
 23 31.5947
 24 0.93794
 25 14.619
 26 16.0415
 27 1.32908
 28 31.5398
 29 18.7006
 30 4.75787
 31 21.4446
 32 9.72773
 33 16.8629
 34 14.1699
 35 14.7603
 36 7.29781
 37 31.496
 38 31.6034
 39 1.32036
 40 24.5219
 41 31.2189
 42 1.28773
 43 21.3401
 44 29.3221
 45 1.53701
 46 31.5833
 47 29.1345
 48 4.06652
 49 30.4079
 50 13.1816
 51 16.419
 52 7.65011
 53 30.8602
 54 17.0118
 55 7.37692
 56 14.1081
 57 25.5821
 58 8.75744
 59 11.1232
 60 7.7216
 61 4.47411
 62 1.32583
 63 21.1662
 64 13.5155
 65 0.988647
 66 23.3693
 67 28.3259
 68 4.87335
 69 31.6225
 70 31.6228
 71 31.579
 72 1.33348
 73 31.6192
 74 3.94632
 75 29.2077
 76 30.9791
 77 1.55087
 78 28.2556
 79 31.5897
 80 3.45421
 81 29.6187
 82 31.4197
 83 23.4567
 84 1.31765
 85 11.1665
 86 1.40549
 87 31.3699
 88 1.16592
 89 1.10057
 90 1.30693
 91 2.37164
 92 20.479
 93 26.9569
 94 17.9493
 95 27.4808
 96 29.4264
 97 15.905
 98 14.764
 99 9.35558
 100 27.5529
 101 30.5003
 102 9.01476
 103 12.8127
 104 11.8029
 105 11.0289
 106 12.8803
 107 12.7599
 108 12.8494
 109 10.5989
 110 8.3702
 111 13.2886
 112 14.0641
 113 13.4982
 114 12.878
 115 12.5891
 116 10.4122
 117 12.8687
 118 13.3638
 119 12.0711
 120 9.98464
 121 10.4103
 122 6.84959
 123 6.47408
 124 5.88518
 125 5.40922
 126 6.43271
 127 4.48406
 128 8.72739
 129 6.83504
 130 6.59075
 131 4.32436
 132 4.36142
 133 4.37414
 134 5.31589
 135 2.763
 136 6.34279
 137 3.12851
 138 2.91794
 139 2.80297
 140 3.27561
 141 3.07673
 142 2.73259
 143 2.74432
 144 4.07405
 145 3.89267
 146 3.26881
 147 3.06686
 148 3.97015
 149 3.89676
 150 3.24282
 151 3.49878
 152 4.33755
 153 4.93173
 154 3.61448
 155 4.26658
 156 4.4589
 157 5.7715
 158 0.264509
 159 0.158069
 160 1.37238
 161 3.55923
 162 6.43005
 163 7.06328
 164 10.9036
 165 0.649169
