 Smallest eigenvalues
  6.6317e-07   (9 1) 
  7.5912e-07   (46 0.683) (45 -0.552) (47 0.324) (38 0.229) (40 0.135) (49 -0.105) (41 -0.0887) (59 -0.0605) (32 -0.0583) (53 -0.0486) (50 -0.0428) (157 0.0408) (37 0.0379) (44 0.0376) (54 0.0369) (77 -0.0362) (14 0.035) (51 -0.0334) (31 -0.031) (57 -0.031) (18 0.0304) (42 -0.0294) (36 -0.0287) (76 0.0286) (21 0.0274) (26 0.0258) (30 0.0239) (27 -0.0231) (73 -0.0219) (52 0.0214) (11 0.0214) (95 0.0183) (74 0.0172) (75 -0.0156) (19 -0.014) (20 0.0139) (23 0.0137) (29 0.013) (68 0.012) (58 -0.0113) (39 -0.0109) (60 -0.0107) (43 0.0106) (56 -0.0103) (17 -0.0103) 
  1.1407e-06   (157 0.999) (46 -0.0279) (45 0.0226) (47 -0.0132) 
  1.9484e-06   (5 1) 
   2.362e-06   (43 -0.709) (42 -0.464) (38 0.316) (45 0.246) (41 -0.178) (40 0.161) (154 -0.142) (39 -0.104) (47 0.086) (44 0.0782) (32 -0.061) (46 -0.0489) (37 0.0445) (59 -0.0328) (14 0.0308) (76 0.0307) (26 0.0298) (50 -0.0295) (18 0.0292) (31 -0.0272) (49 -0.0272) (21 0.0233) (11 0.0184) (27 -0.0168) (57 -0.0155) (53 -0.0148) (95 0.0144) (73 -0.0141) (34 0.0128) (23 0.0124) (55 0.0123) (77 -0.0122) (19 -0.0115) (33 -0.0113) (20 0.0108) (75 -0.0105) (54 0.0102) 
  2.4379e-06   (154 -0.99) (43 0.102) (42 0.0665) (38 -0.0455) (45 -0.0353) (41 0.0255) (40 -0.0231) (39 0.015) (47 -0.0123) (44 -0.0112) 
  4.6072e-06   (2 1) 
  9.0427e-06   (152 0.983) (34 0.173) (32 -0.0478) (31 -0.0273) (33 0.0169) (30 0.0163) (38 -0.0148) (36 0.0124) (26 0.0107) 
  1.4611e-05   (34 -0.917) (32 0.253) (152 0.186) (31 0.144) (33 -0.0892) (30 -0.0865) (38 0.0782) (36 -0.0655) (26 -0.0567) (29 0.0355) (18 -0.034) (52 0.0326) (37 0.03) (21 -0.0287) (14 -0.0248) (27 0.021) (76 -0.0194) (50 0.0193) (45 -0.0187) (19 0.016) (53 -0.0152) (48 -0.0146) (41 -0.0145) (20 -0.0145) (47 -0.0144) (43 -0.0144) (23 -0.0136) (40 0.0131) (28 -0.0131) (11 -0.0124) (54 0.0119) (22 -0.0116) (58 0.011) (95 -0.0108) 
  4.4174e-05   (25 0.801) (24 0.361) (49 0.301) (23 0.227) (19 -0.112) (51 -0.109) (52 0.108) (21 0.103) (26 -0.0878) (33 0.0683) (50 0.0577) (18 -0.0502) (56 0.0465) (39 -0.044) (47 -0.043) (27 -0.0409) (22 -0.0338) (30 0.0326) (20 -0.0317) (29 0.0313) (71 0.0311) (36 0.028) (59 -0.0275) (77 -0.0267) (13 -0.0264) (46 0.0241) (45 -0.024) (54 -0.0236) (55 0.0189) (40 0.0154) (76 0.0151) (41 -0.0147) (68 0.013) (66 -0.0125) (63 -0.0123) (79 -0.0122) (32 -0.0121) (80 0.0111) (75 -0.0105) (61 0.01) 
  8.6021e-05   (151 -0.98) (49 0.152) (25 -0.0631) (52 0.0621) (51 -0.0611) (50 0.0322) (24 -0.028) (56 0.0276) (38 0.0211) (47 -0.0183) (23 -0.0166) (54 -0.0164) (55 0.0152) (59 -0.0145) (46 0.012) (26 0.0107) 
  0.00011636   (49 -0.746) (52 -0.304) (25 0.301) (51 0.299) (151 -0.201) (50 -0.157) (56 -0.135) (24 0.134) (38 -0.103) (47 0.0897) (54 0.0804) (23 0.0792) (55 -0.0744) (59 0.0711) (46 -0.0585) (26 -0.0514) (71 -0.0483) (77 0.037) (18 -0.0349) (19 -0.0341) (45 0.0339) (57 0.0315) (33 0.0311) (41 0.0297) (37 -0.0268) (75 0.0257) (32 0.0243) (76 -0.0238) (53 0.0237) (21 0.0227) (68 -0.022) (95 -0.0219) (81 0.0217) (79 0.0212) (69 -0.0196) (40 -0.0191) (20 -0.0182) (73 0.0175) (42 0.0171) (36 -0.0164) (44 0.0152) (43 -0.0149) (63 0.0147) (67 -0.0143) (14 -0.0143) (31 0.014) (61 -0.014) (72 -0.0126) (13 -0.0123) (22 -0.0113) (65 -0.0112) (88 -0.0111) (39 0.0108) (64 -0.0105) (66 0.0105) (70 -0.0104) (78 0.0102) (99 -0.0101) 
  0.00016288   (1 -1) 
  0.00017099   (11 0.985) (14 -0.143) (18 -0.0386) (17 0.0378) (21 -0.0337) (13 -0.0323) (38 -0.0267) (23 -0.0224) (32 0.0224) (20 -0.0178) (19 0.0171) (27 0.0145) (26 -0.0139) (15 0.0128) (31 0.0101) 
  0.00018207   (161 1) 
  0.00018646   (3 -1) 
  0.00023212   (14 0.723) (16 0.613) (15 -0.225) (17 0.108) (13 0.106) (11 0.0935) (18 -0.081) (21 -0.062) (23 -0.0438) (19 0.0359) (32 0.0304) (20 -0.0283) (38 -0.0282) (27 0.0251) (24 0.0206) (26 -0.0188) (33 0.0143) (31 0.0135) (45 0.0115) 
  0.00027023   (160 1) 
  0.00027856   (7 1) 
  0.00028162   (24 -0.893) (25 0.334) (23 0.159) (21 0.15) (26 -0.0789) (30 -0.0783) (18 0.0708) (20 0.0682) (155 0.0638) (19 -0.0601) (36 0.0591) (14 0.0474) (27 0.0427) (22 0.04) (31 0.0296) (11 0.0268) (52 0.0216) (32 0.0211) (17 -0.016) (38 -0.0144) (56 -0.0107) (45 0.0107) (37 0.0102) 
  0.00028699   (155 0.998) (24 0.0571) (25 -0.0213) (23 -0.0101) 
   0.0003058   (6 -1) 
  0.00031448   (17 -0.984) (14 0.107) (21 -0.0867) (20 -0.0499) (11 0.0469) (18 -0.0452) (15 -0.0432) (19 0.03) (27 0.0263) (159 0.0244) (36 0.0182) (31 0.0161) (13 0.0152) (30 -0.0124) (45 0.012) (23 0.0115) (24 0.0111) 
  0.00031894   (159 1) (17 0.024) 
  0.00032258   (73 -0.757) (59 0.423) (57 0.306) (76 -0.215) (74 -0.161) (38 0.104) (54 -0.0979) (58 0.0928) (75 0.0858) (50 0.066) (47 -0.0604) (39 -0.0593) (43 0.0501) (45 -0.0478) (32 -0.0452) (40 0.0448) (77 0.0395) (96 0.0394) (72 -0.0382) (37 0.0372) (18 0.0367) (68 0.0344) (56 0.0331) (53 0.0331) (88 0.0309) (26 0.0306) (41 -0.0305) (69 -0.0276) (14 0.0267) (49 -0.0252) (36 -0.0239) (46 -0.0237) (70 0.0234) (52 0.023) (48 0.0226) (92 0.0203) (78 -0.019) (42 -0.019) (122 0.0187) (87 -0.0184) (102 -0.0163) (124 -0.016) (11 0.0157) (120 -0.0156) (21 0.0151) (112 -0.0151) (99 0.0151) (113 0.0147) (66 0.0139) (31 -0.0125) (20 0.0122) (44 0.0115) (116 -0.0111) (13 0.0108) (127 -0.0107) (80 0.0106) (89 0.0104) (16 -0.0103) 
   0.0003816   (59 0.552) (73 0.515) (57 0.386) (70 -0.22) (38 0.175) (68 0.165) (153 0.142) (47 -0.136) (76 0.132) (58 0.12) (50 0.119) (74 0.103) (45 -0.101) (67 -0.0857) (54 -0.0834) (39 -0.0754) (32 -0.071) (71 0.0699) (69 -0.0683) (41 -0.0554) (75 -0.055) (40 0.0518) (37 0.0472) (18 0.043) (14 0.0425) (26 0.0423) (66 0.0405) (52 -0.0351) (46 -0.0318) (21 0.0317) (122 -0.0287) (43 0.0284) (53 0.0284) (36 -0.0276) (42 0.0272) (11 0.0264) (31 -0.0262) (83 -0.0258) (77 -0.0199) (20 0.0197) (113 0.0191) (88 0.0189) (78 0.0176) (127 -0.0174) (55 0.0173) (44 0.0172) (27 -0.0164) (16 -0.0161) (112 -0.0157) (17 -0.0154) (80 -0.0153) (64 -0.0151) (48 0.015) (116 -0.0145) (62 0.0137) (120 -0.0135) (19 -0.0135) (61 -0.0133) (133 -0.0124) (126 -0.0122) (98 -0.0121) (30 0.0121) (131 0.012) (117 0.012) (63 -0.0101) 
  0.00041632   (153 0.99) (59 -0.0833) (73 -0.0661) (57 -0.0586) (70 0.031) (38 -0.0266) (68 -0.0238) (47 0.0203) (58 -0.0182) (50 -0.0179) (76 -0.0168) (45 0.0152) (54 0.0131) (74 -0.0131) (67 0.0123) (39 0.0116) (32 0.0109) 
  0.00042389   (20 -0.693) (19 -0.551) (18 0.412) (21 -0.179) (47 -0.0594) (50 -0.0564) (25 -0.0376) (24 -0.0294) (23 -0.0288) (26 -0.0285) (22 -0.0236) (14 0.023) (45 -0.0197) (17 0.0171) (48 -0.0165) (54 0.0138) (42 0.0112) (59 -0.0103) (57 -0.0101) 
   0.0004851   (47 -0.591) (50 -0.549) (150 -0.413) (38 0.192) (45 -0.185) (48 -0.152) (52 0.117) (54 0.11) (39 -0.0852) (59 -0.0841) (41 -0.0774) (20 0.0742) (32 -0.069) (57 -0.0646) (40 0.0583) (55 -0.0573) (21 0.0433) (26 0.0393) (37 0.0386) (14 0.0351) (46 -0.0351) (19 0.0345) (49 -0.0336) (51 0.0318) (43 0.0291) (73 -0.0254) (42 0.0254) (31 -0.0254) (36 -0.024) (11 0.0211) (58 -0.0194) (76 0.0165) (44 0.016) (27 -0.0156) (16 -0.0129) (30 0.0118) (23 0.0104) (53 0.0101) 
  0.00052382   (150 -0.911) (47 0.268) (50 0.249) (38 -0.0871) (45 0.0839) (48 0.0688) (52 -0.0531) (54 -0.0498) (39 0.0387) (59 0.038) (41 0.0351) (20 -0.032) (32 0.0313) (57 0.0292) (40 -0.0265) (55 0.0259) (21 -0.0192) (26 -0.0178) (37 -0.0175) (14 -0.016) (46 0.0159) (49 0.0152) (51 -0.0144) (19 -0.0143) (43 -0.0132) (42 -0.0116) (31 0.0115) (73 0.0115) (36 0.0109) 
  0.00054145   (53 0.678) (42 -0.391) (50 0.36) (54 0.306) (43 0.2) (47 -0.183) (51 -0.147) (49 -0.144) (45 -0.103) (59 -0.0946) (56 -0.0887) (57 -0.0771) (52 0.0609) (41 0.0488) (38 0.0485) (44 0.0285) (40 -0.028) (37 0.0249) (70 -0.0238) (46 -0.0224) (58 -0.0219) (48 -0.0189) (147 0.0189) (18 0.0187) (32 -0.0181) (26 0.0176) (36 -0.0162) (14 0.0132) (68 0.0119) 
  0.00055921   (147 0.806) (42 0.463) (53 0.214) (43 -0.177) (41 -0.109) (38 0.0976) (40 0.0726) (54 0.0713) (50 0.0708) (45 0.0674) (39 -0.0632) (52 0.0549) (49 -0.0404) (59 -0.0348) (51 -0.0332) (32 -0.0326) (47 0.0302) (56 -0.0294) (57 -0.0231) (44 -0.0215) (26 0.0203) (73 -0.0196) (21 0.0148) (14 0.0139) (148 0.0136) (48 0.0131) (18 0.0112) (31 -0.0103) 
  0.00056965   (42 -0.618) (147 0.592) (53 -0.313) (43 0.234) (41 0.148) (38 -0.135) (50 -0.108) (54 -0.107) (40 -0.0979) (45 -0.0885) (39 0.0865) (52 -0.0768) (49 0.0597) (59 0.0503) (51 0.0499) (32 0.045) (56 0.0429) (47 -0.0353) (57 0.0339) (44 0.0283) (26 -0.0282) (73 0.0269) (21 -0.0205) (14 -0.0193) (48 -0.0172) (18 -0.0159) (31 0.0143) (70 -0.0128) (20 -0.0125) (95 -0.0118) (58 0.0112) (37 -0.0112) (36 0.0103) (11 -0.0101) 
  0.00061675   (70 0.803) (71 -0.336) (72 0.308) (69 0.177) (73 0.156) (68 -0.14) (50 0.112) (59 0.109) (38 0.0954) (47 -0.0753) (57 0.0677) (52 -0.0587) (39 -0.0433) (54 -0.0421) (83 -0.0397) (45 -0.0383) (43 0.0375) (32 -0.0367) (76 -0.0339) (53 -0.0314) (37 0.0301) (148 -0.0292) (18 0.0277) (56 0.0276) (26 0.0265) (55 -0.0262) (58 0.0255) (41 -0.0248) (40 0.024) (14 0.023) (46 -0.0224) (66 -0.0222) (36 -0.0194) (120 -0.019) (88 0.0185) (49 -0.0181) (127 -0.0157) (21 0.0157) (89 -0.0154) (102 -0.0153) (31 -0.0146) (124 -0.014) (113 0.0129) (94 0.0129) (112 -0.0127) (74 0.0125) (11 0.0121) (91 -0.0116) (51 -0.0115) (80 -0.0113) (99 0.0113) (44 0.0108) (116 -0.0107) (20 0.0103) (95 -0.0102) (19 -0.0102) (42 -0.0102) (126 -0.01) 
  0.00067866   (148 -0.554) (52 -0.452) (50 0.404) (53 -0.322) (47 -0.288) (57 -0.16) (38 0.129) (59 -0.128) (55 -0.115) (45 -0.112) (70 -0.091) (42 0.073) (73 -0.0706) (51 -0.0651) (39 -0.063) (41 -0.0607) (54 0.059) (40 0.0543) (72 -0.0536) (71 0.0478) (32 -0.0439) (46 -0.0401) (58 -0.0291) (26 0.0272) (37 0.0263) (14 0.0254) (69 -0.0252) (21 0.024) (18 0.0207) (44 0.0205) (56 -0.0189) (122 -0.0188) (36 -0.0149) (31 -0.0149) (20 0.0143) (95 0.0137) (48 -0.0131) (11 0.0128) (16 -0.0114) (68 0.0113) (83 0.0102) 
  0.00074354   (148 -0.832) (52 0.303) (50 -0.273) (53 0.216) (47 0.195) (57 0.104) (38 -0.0899) (59 0.081) (55 0.0773) (45 0.0761) (42 -0.0482) (51 0.0438) (39 0.0437) (73 0.0415) (41 0.0414) (54 -0.0377) (40 -0.0371) (70 0.0323) (32 0.0307) (46 0.0275) (72 0.025) (71 -0.02) (26 -0.0192) (37 -0.0188) (58 0.0184) (14 -0.0179) (21 -0.0166) (18 -0.015) (44 -0.0141) (147 0.014) (122 0.0125) (56 0.0115) (36 0.0107) (31 0.0105) (69 0.0105) 
   0.0007927   (37 0.885) (38 -0.222) (21 0.197) (18 0.185) (36 -0.181) (23 -0.134) (20 0.107) (39 0.0806) (14 0.0641) (19 -0.0631) (32 -0.0606) (43 -0.0431) (24 0.043) (40 -0.0365) (41 0.0301) (45 0.0276) (11 0.0274) (16 -0.0273) (17 -0.0265) (26 -0.023) (47 0.0198) (22 -0.0195) (31 -0.019) (54 0.0184) (57 -0.0178) (59 -0.0168) (50 -0.0167) (13 0.0167) (46 0.0146) (42 0.0137) (34 -0.013) 
    0.001078   (21 0.542) (23 -0.434) (18 0.429) (37 -0.322) (20 0.276) (26 -0.236) (19 -0.164) (32 0.129) (24 0.115) (14 0.111) (36 0.0833) (17 -0.0698) (22 -0.0659) (27 0.0561) (16 -0.0493) (31 0.0471) (11 0.0401) (30 -0.0256) (13 0.0251) (144 0.0218) (29 -0.0158) (28 0.0143) (15 0.0135) (33 0.0134) 
   0.0011712   (144 0.96) (145 0.279) (21 -0.0133) (18 -0.0107) (23 0.0105) 
   0.0012401   (46 -0.648) (47 0.444) (45 -0.361) (38 0.274) (16 -0.185) (14 0.175) (43 0.17) (50 -0.125) (54 0.11) (39 -0.0951) (41 -0.0934) (59 -0.0791) (49 0.0735) (55 -0.0589) (37 0.0577) (32 -0.0568) (57 -0.05) (11 0.0405) (48 0.039) (36 -0.0376) (15 0.0336) (13 0.0309) (26 0.0306) (31 -0.029) (76 -0.0271) (70 -0.0266) (52 -0.0263) (53 -0.0246) (83 -0.0232) (58 -0.0185) (80 -0.0148) (42 -0.0145) (95 -0.0145) (17 0.0129) (56 0.0125) (21 0.0122) (51 -0.0121) (30 0.0108) (19 -0.0103) (44 -0.01) 
     0.00129   (16 -0.722) (14 0.564) (18 -0.165) (46 0.156) (13 0.124) (15 0.121) (38 -0.108) (21 -0.0976) (45 0.0965) (47 -0.0939) (17 0.0868) (20 -0.077) (26 -0.0707) (32 0.0668) (11 0.0647) (43 -0.0476) (39 0.0405) (41 0.0376) (19 0.0355) (37 -0.0306) (31 0.0256) (27 0.0249) (50 0.0243) (23 -0.0242) (36 0.0221) (54 -0.0203) (49 -0.016) (30 -0.0132) (59 0.0131) (55 0.0131) (40 -0.0109) (48 -0.0103) 
   0.0014211   (146 -1) (145 -0.01) 
   0.0014391   (54 -0.676) (55 -0.408) (32 -0.358) (56 -0.354) (34 -0.129) (57 -0.128) (53 0.126) (52 0.125) (59 -0.11) (31 -0.0937) (26 0.0697) (49 -0.0596) (18 0.0554) (50 0.0453) (48 0.0448) (14 0.0444) (30 0.0425) (33 -0.0417) (36 0.0408) (43 0.038) (21 0.0364) (37 -0.0351) (42 -0.0333) (68 0.0277) (58 -0.0269) (70 -0.0263) (46 -0.0263) (47 -0.0255) (69 -0.0255) (27 -0.0249) (20 0.0247) (76 -0.0236) (11 0.0212) (73 0.0208) (16 -0.0173) (38 -0.0164) (45 -0.0162) (19 -0.0154) (139 0.0136) (71 0.012) (13 0.0117) (23 0.0104) (96 0.0102) (77 0.0101) 
   0.0015861   (32 -0.748) (54 0.309) (34 -0.288) (38 -0.225) (31 -0.192) (55 0.169) (56 0.152) (37 -0.146) (36 0.137) (26 0.108) (33 -0.089) (39 0.0862) (30 0.0832) (139 0.0748) (18 0.0677) (41 0.0626) (53 -0.0617) (52 -0.0608) (21 0.0608) (14 0.0581) (47 0.0471) (40 -0.0452) (27 -0.0443) (45 0.0409) (43 -0.0397) (57 0.037) (20 0.0361) (50 -0.0335) (59 0.0331) (49 0.0322) (11 0.0269) (19 -0.0242) (16 -0.0208) (48 -0.0198) (46 0.0196) (35 -0.0187) (23 0.0154) (28 -0.0131) (13 0.0126) (29 0.0116) (68 -0.0111) (73 -0.0104) 
   0.0016641   (139 0.997) (32 0.0611) (34 0.0233) (38 0.0168) (31 0.0157) (54 -0.0138) (37 0.0114) (36 -0.0108) 
   0.0017977   (15 0.82) (27 -0.464) (16 0.197) (28 -0.153) (14 0.118) (26 0.112) (29 -0.0872) (32 0.0711) (17 -0.0398) (31 0.0341) (18 0.0336) (38 -0.0324) (13 -0.031) (20 0.0287) (136 0.0281) (23 0.0272) (30 -0.018) (44 -0.0177) (37 -0.0168) (21 0.0138) (11 0.0134) (36 0.0116) (24 -0.0114) (22 -0.0102) 
   0.0020158   (27 -0.716) (15 -0.49) (136 0.287) (28 -0.235) (26 0.19) (29 -0.153) (16 -0.133) (32 0.102) (18 0.0649) (21 0.0575) (19 -0.0447) (38 -0.0447) (31 0.0422) (20 0.0402) (23 0.0352) (13 0.0311) (30 -0.0269) (11 0.0222) (37 -0.022) (40 -0.019) (24 -0.0178) (25 -0.0174) (39 0.0169) (36 0.0148) (45 0.0116) (41 0.0112) (51 -0.0107) 
   0.0021093   (136 0.958) (27 0.228) (15 0.123) (28 0.0749) (26 -0.0603) (29 0.0485) (16 0.0342) (32 -0.0325) (18 -0.0205) (21 -0.0176) (38 0.0143) (31 -0.0136) (19 0.0136) (20 -0.0129) (23 -0.0113) 
   0.0022882   (29 0.924) (51 -0.242) (27 -0.149) (48 -0.112) (49 -0.0987) (72 -0.0714) (53 -0.0694) (28 -0.069) (31 -0.0656) (45 0.0596) (52 0.0549) (32 0.0515) (30 0.035) (39 0.0318) (56 -0.0318) (70 0.0309) (40 -0.03) (34 0.029) (47 0.0288) (25 -0.0275) (71 0.0243) (54 0.0226) (22 0.0222) (55 -0.0217) (59 0.0205) (44 -0.0198) (132 0.0195) (33 0.0172) (26 0.0167) (74 0.0165) (37 -0.0163) (18 0.0156) (46 -0.0154) (77 0.0154) (83 -0.015) (14 0.0147) (35 -0.0146) (24 -0.0139) (20 0.0137) (60 -0.0134) (66 -0.0128) (50 -0.0124) (69 0.0116) (81 0.0113) (21 0.0109) (43 0.0109) 
   0.0023377   (72 -0.738) (70 0.319) (77 0.268) (71 0.242) (132 0.234) (51 0.226) (69 0.139) (66 -0.131) (83 -0.0867) (49 0.0777) (55 0.0753) (53 0.0694) (67 -0.0688) (48 0.0661) (38 0.0594) (131 0.058) (73 0.0563) (57 -0.0542) (39 0.0519) (79 0.0504) (96 -0.0484) (54 -0.0478) (59 0.0472) (81 0.0419) (89 -0.0413) (63 -0.0397) (95 -0.0384) (82 0.0383) (75 -0.0375) (68 -0.037) (76 0.0369) (45 -0.0322) (84 0.0318) (58 0.0255) (52 -0.0235) (78 0.0227) (50 0.0207) (60 -0.0206) (40 0.0202) (62 -0.0198) (91 -0.0194) (128 -0.0191) (47 -0.0183) (31 -0.0174) (92 -0.0165) (74 0.0164) (101 -0.016) (80 0.0152) (85 0.0142) (98 -0.0138) (88 0.013) (117 -0.0126) (65 -0.0122) (21 0.0114) (43 0.011) (119 0.0109) (32 -0.0102) (42 -0.01) 
   0.0023627   (51 0.584) (132 0.468) (48 0.292) (72 0.275) (29 0.263) (49 0.226) (53 0.175) (70 -0.127) (52 -0.127) (71 -0.099) (56 0.0969) (40 0.0959) (131 0.0941) (45 -0.0828) (59 -0.0788) (55 0.0774) (77 -0.0757) (47 -0.0741) (54 -0.0597) (44 0.0558) (27 -0.0545) (83 0.0505) (74 -0.0323) (69 -0.0313) (39 0.0306) (73 -0.0293) (66 0.0293) (50 0.0264) (28 -0.0263) (41 -0.0263) (81 -0.0251) (60 0.0225) (68 0.0198) (63 0.0198) (79 -0.0191) (75 0.0191) (96 0.0183) (46 0.0179) (18 0.0176) (95 0.0173) (89 0.0167) (57 -0.0158) (58 -0.0156) (128 -0.0152) (25 -0.0148) (38 -0.0147) (116 0.0133) (65 0.0129) (88 0.0121) (32 0.0119) (33 -0.0111) (102 0.0109) (13 0.0104) (87 -0.0104) 
   0.0024065   (132 0.832) (51 -0.39) (48 -0.182) (29 -0.169) (49 -0.148) (131 0.143) (53 -0.117) (52 0.0772) (55 -0.065) (40 -0.0593) (72 0.0575) (56 -0.055) (45 0.0548) (54 0.0471) (47 0.0465) (27 0.0368) (77 -0.0338) (39 -0.0332) (59 0.0302) (44 -0.0294) (57 0.0245) (69 -0.0224) (133 -0.0219) (66 0.0214) (50 -0.0206) (70 -0.0205) (67 0.0187) (128 -0.0183) (28 0.0168) (41 0.0163) (71 -0.014) (74 0.0132) (84 -0.0105) (18 -0.01) 
   0.0024992   (18 0.636) (21 -0.494) (19 0.376) (22 0.224) (20 0.195) (55 -0.16) (13 0.141) (25 0.134) (56 0.112) (26 -0.106) (57 -0.0846) (23 0.0649) (59 0.0646) (40 -0.0506) (31 -0.0489) (54 0.0458) (32 0.0397) (24 0.0381) (39 0.0373) (16 -0.0274) (12 0.0273) (43 -0.0224) (83 0.022) (37 -0.0201) (17 0.02) (47 0.0188) (72 -0.0173) (28 0.0161) (41 0.0159) (58 0.0153) (122 0.0151) (46 0.0148) (14 0.0147) (96 0.0147) (49 0.0138) (53 0.0132) (29 -0.0132) (33 -0.0131) (67 -0.0127) (50 -0.0124) (95 0.0122) (36 0.0122) (126 -0.0121) (45 0.011) (44 -0.0107) (11 0.0103) 
   0.0026585   (57 0.776) (59 -0.569) (58 -0.127) (18 0.0832) (72 -0.0742) (40 0.0634) (96 0.0621) (83 0.0558) (21 -0.0544) (67 -0.0515) (49 -0.0457) (54 -0.0438) (19 0.0431) (69 0.0428) (39 -0.0392) (50 0.0376) (47 -0.0348) (126 -0.03) (134 -0.0299) (71 0.0295) (13 0.0292) (78 -0.0279) (70 0.0272) (43 0.0265) (53 -0.0259) (51 -0.0256) (22 0.0252) (89 0.0245) (20 0.0244) (77 0.0241) (63 -0.0235) (73 0.0208) (55 0.0207) (46 -0.02) (68 0.0194) (98 0.0193) (52 -0.019) (106 0.0171) (80 0.0167) (87 -0.0166) (91 0.0163) (66 -0.0158) (97 -0.0154) (44 0.0152) (95 0.0147) (92 0.0144) (79 0.0139) (34 -0.0132) (48 0.013) (94 0.0129) (76 -0.0122) (25 0.012) (60 -0.0114) (64 0.0114) (122 -0.0111) (127 -0.0108) (38 -0.0106) 
   0.0027627   (134 -0.828) (55 0.422) (56 -0.295) (54 -0.0837) (18 0.0769) (38 0.074) (48 -0.0696) (40 -0.0653) (57 -0.053) (21 -0.0461) (133 -0.0424) (72 0.0388) (53 -0.0383) (19 0.0369) (83 -0.0343) (20 0.027) (47 -0.0249) (67 0.0242) (22 0.0241) (31 -0.0235) (44 -0.0225) (46 -0.0214) (25 0.0205) (50 0.0201) (43 0.0174) (51 0.0169) (69 -0.0167) (76 -0.016) (95 -0.0156) (45 -0.0153) (96 -0.0151) (71 -0.0137) (73 -0.0133) (39 0.0133) (70 -0.0127) (68 -0.0123) (14 0.0116) (41 -0.0114) (89 -0.0109) (80 -0.0108) (32 -0.0107) (98 -0.01) 
   0.0028332   (55 -0.626) (134 -0.557) (56 0.438) (54 0.127) (18 -0.119) (38 -0.109) (48 0.102) (40 0.0921) (21 0.0713) (53 0.0582) (19 -0.057) (72 -0.0543) (83 0.051) (126 -0.0469) (20 -0.0413) (47 0.039) (59 0.0387) (22 -0.037) (57 0.0341) (31 0.034) (67 -0.0334) (46 0.0329) (44 0.0322) (50 -0.032) (25 -0.0309) (96 0.0288) (43 -0.0275) (95 0.026) (133 -0.0246) (76 0.0245) (51 -0.0235) (45 0.0228) (69 0.0227) (122 0.0217) (71 0.019) (73 0.019) (98 0.0179) (89 0.0176) (70 0.0175) (68 0.0173) (41 0.0173) (14 -0.0173) (39 -0.017) (32 0.0164) (80 0.0157) (23 -0.0145) (124 -0.0133) (42 -0.0133) (91 0.0133) (49 0.0128) (24 -0.0127) (37 -0.0125) (13 -0.0123) (58 0.0111) (36 0.0104) (16 0.0101) 
   0.0034062   (41 0.816) (68 0.305) (38 0.247) (40 0.217) (67 -0.193) (39 -0.171) (83 0.125) (45 0.0966) (57 -0.0739) (42 0.0682) (70 0.0652) (44 0.0649) (69 -0.0503) (85 -0.0447) (59 -0.0439) (47 0.0406) (89 -0.0387) (37 0.0382) (55 0.0362) (48 0.0328) (130 0.0314) (95 -0.0293) (50 -0.0289) (96 -0.0289) (53 -0.0276) (32 -0.0242) (54 0.0205) (36 -0.0182) (73 -0.0162) (71 -0.0143) (22 0.0142) (66 0.0139) (31 -0.0135) (92 -0.0129) (56 -0.0125) (29 0.0124) (26 0.0118) (14 0.0115) (18 0.0112) (19 -0.0111) (21 0.0109) (58 -0.0102) (124 -0.0101) 
    0.003686   (83 0.819) (130 0.307) (68 -0.285) (85 -0.172) (67 0.157) (89 -0.157) (95 -0.126) (96 -0.124) (69 0.0746) (91 -0.0727) (59 0.0628) (80 0.0614) (92 -0.052) (72 -0.0493) (38 0.038) (70 -0.0338) (112 -0.0337) (90 0.0335) (97 0.0328) (98 -0.0298) (106 0.0291) (87 0.0277) (73 0.0277) (76 0.0273) (113 0.0272) (100 0.0214) (81 -0.0212) (54 -0.0211) (110 -0.0207) (102 -0.0201) (103 0.0193) (40 -0.0192) (124 -0.019) (105 0.0189) (45 -0.0174) (57 0.0169) (55 0.0168) (56 -0.0167) (116 -0.0161) (101 -0.0159) (71 0.0151) (111 0.0151) (58 0.0147) (66 -0.0147) (99 0.0145) (86 0.0142) (41 -0.0135) (107 0.0127) (84 0.0123) (32 -0.0113) (120 -0.0111) (82 -0.0105) (37 0.0105) (31 -0.0104) (77 0.0102) (52 0.01) (51 -0.01) 
   0.0037112   (130 0.54) (68 -0.507) (83 -0.385) (67 0.348) (41 0.267) (70 -0.134) (40 0.126) (89 0.106) (85 0.0989) (48 0.0899) (96 0.0843) (39 -0.0798) (38 0.0737) (95 0.069) (69 0.0598) (44 0.0569) (57 0.0562) (92 0.0347) (71 0.0341) (59 0.033) (73 0.0319) (106 -0.0306) (91 0.0283) (131 -0.0249) (66 -0.024) (87 -0.0221) (18 0.0204) (74 0.0197) (51 -0.0196) (42 0.0189) (37 0.0175) (101 0.0163) (47 -0.0163) (88 0.0153) (32 -0.0145) (79 -0.0141) (110 0.0138) (97 -0.0135) (55 -0.0133) (127 -0.0125) (45 0.0121) (13 0.012) (105 -0.0112) (75 -0.0103) (102 0.0101) 
    0.003939   (130 0.781) (68 0.451) (67 -0.294) (41 -0.212) (70 0.103) (40 -0.0874) (38 -0.077) (69 -0.0693) (83 -0.0633) (39 0.0625) (48 -0.0619) (59 -0.0466) (57 -0.0425) (44 -0.0404) (131 -0.0364) (73 -0.0323) (71 -0.0288) (72 0.0221) (66 0.0218) (80 -0.0215) (37 -0.018) (51 0.0177) (32 0.0157) (18 -0.0156) (88 -0.0139) (74 -0.0137) (96 -0.0133) (47 0.0123) (42 -0.0123) (89 -0.012) (106 0.0116) (58 -0.0105) (76 -0.0105) 
   0.0039524   (98 -0.42) (100 0.323) (99 -0.316) (112 0.288) (108 0.279) (106 0.276) (107 -0.262) (102 -0.226) (124 -0.205) (103 -0.191) (125 0.191) (113 0.163) (95 0.129) (115 -0.115) (110 0.115) (123 0.108) (111 -0.0983) (149 0.0951) (121 0.0726) (92 -0.0684) (105 0.0621) (89 0.061) (76 -0.0498) (48 0.0495) (97 0.0478) (142 0.045) (96 0.045) (126 0.0421) (104 0.0418) (109 0.0393) (118 0.0361) (116 -0.0329) (67 -0.0292) (80 0.0268) (114 0.0268) (90 -0.0267) (101 -0.0253) (91 0.0251) (51 -0.0244) (87 0.0242) (69 0.023) (78 0.0223) (75 0.022) (83 0.0201) (122 -0.0199) (81 -0.0196) (141 -0.0191) (73 0.0169) (94 -0.0167) (82 -0.0167) (120 -0.0156) (74 -0.0154) (86 0.0119) (119 0.0117) (117 0.011) (44 0.0104) (49 -0.0102) 
   0.0040426   (142 0.874) (149 -0.414) (141 -0.252) (124 -0.0174) (125 0.0158) (98 0.0122) 
   0.0040818   (48 0.807) (51 -0.328) (44 0.194) (49 -0.158) (67 -0.136) (55 0.133) (53 -0.118) (52 0.115) (47 -0.112) (41 -0.101) (40 0.101) (38 -0.099) (76 -0.0927) (69 0.0846) (50 -0.0832) (57 -0.0796) (56 -0.067) (125 -0.0576) (124 0.0476) (75 0.0456) (73 0.0425) (106 -0.0425) (83 0.0418) (108 -0.041) (54 0.0393) (80 0.039) (72 -0.0374) (46 -0.0354) (68 0.035) (74 -0.0347) (22 -0.0338) (121 -0.0305) (45 -0.03) (89 0.0298) (123 -0.0285) (78 0.0274) (19 0.0268) (112 -0.0251) (100 -0.024) (65 -0.0238) (13 0.0232) (18 0.0226) (81 -0.0217) (126 -0.0215) (102 0.0213) (77 0.0211) (43 0.0205) (31 0.0193) (21 -0.0184) (111 0.0175) (149 -0.0167) (95 0.0166) (85 0.0162) (122 0.0162) (39 -0.0159) (103 0.0152) (66 0.015) (82 -0.0134) (71 -0.0118) (105 -0.0117) (61 -0.0108) 
   0.0041812   (69 0.403) (81 -0.361) (67 -0.353) (44 0.301) (79 0.282) (82 -0.267) (74 -0.219) (48 -0.206) (91 -0.205) (77 -0.165) (70 -0.151) (68 -0.147) (75 0.138) (71 -0.134) (111 0.096) (92 -0.0906) (80 0.0824) (40 0.0789) (85 0.0761) (72 -0.0721) (101 -0.0695) (65 -0.0673) (78 0.0669) (107 0.0638) (98 0.0624) (105 -0.0599) (43 0.0494) (83 -0.0486) (66 0.0474) (87 0.0437) (100 0.0399) (84 0.0391) (47 0.037) (86 0.037) (73 0.0361) (38 -0.0329) (57 -0.0326) (39 -0.0323) (54 -0.0318) (156 -0.0304) (49 0.0284) (51 0.0276) (89 0.0272) (45 0.026) (96 0.0257) (41 -0.0252) (125 0.0251) (112 0.0229) (99 0.0225) (121 0.0225) (64 -0.022) (50 0.0215) (116 -0.0214) (61 -0.0207) (76 0.0201) (113 -0.0178) (59 0.0168) (123 0.0153) (42 0.0145) (88 -0.0133) (56 -0.0124) (104 0.0118) (108 -0.0116) (46 -0.0115) (58 0.0115) (60 -0.0111) (149 0.0102) 
   0.0043521   (156 -0.999) (44 -0.0343) (48 0.013) (149 0.0106) (40 -0.01) 
   0.0045817   (44 0.82) (40 0.247) (48 -0.212) (69 -0.18) (38 -0.174) (67 0.154) (81 0.13) (41 -0.11) (43 0.0963) (79 -0.0957) (70 0.0859) (82 0.0855) (74 0.0855) (68 0.0851) (77 0.0667) (71 0.0664) (39 -0.0644) (80 -0.0617) (111 -0.0586) (47 0.0545) (85 -0.0543) (75 -0.0498) (83 0.0454) (107 -0.0444) (46 -0.04) (56 -0.0399) (42 0.036) (105 0.0359) (96 0.0353) (95 0.0343) (49 0.0341) (65 0.0341) (45 0.0335) (31 0.0333) (55 0.0331) (101 0.0328) (156 -0.0303) (13 0.0268) (66 -0.0261) (57 -0.026) (91 0.025) (21 -0.0237) (19 0.023) (104 -0.0228) (18 0.0217) (125 -0.0204) (92 0.0197) (100 -0.0183) (78 0.0172) (59 0.017) (121 -0.0148) (99 -0.0148) (15 0.0137) (32 0.0133) (90 0.0131) (87 -0.013) (37 -0.0129) (103 -0.0126) (84 -0.0124) (94 0.0124) (116 0.0123) (64 0.0117) (89 -0.0117) (76 -0.0116) (22 -0.0114) (123 -0.0111) (124 0.0107) (112 -0.01) 
    0.004825   (19 -0.618) (20 0.55) (21 -0.429) (135 0.331) (18 -0.0984) (22 -0.0908) (8 -0.0479) (26 -0.0252) (23 -0.0191) (13 -0.0188) (25 -0.0153) (27 0.014) (28 0.0122) 
   0.0048803   (135 0.944) (19 0.217) (20 -0.193) (21 0.15) (18 0.0345) (22 0.0319) (8 0.014) 
   0.0050364   (8 0.999) (19 -0.0337) (20 0.0291) (21 -0.0213) 
   0.0053294   (4 1) 
   0.0054323   (23 0.826) (25 -0.336) (21 0.268) (18 0.173) (26 -0.151) (24 0.129) (19 -0.124) (20 0.119) (27 0.0933) (14 0.0931) (32 0.0615) (22 0.0479) (11 0.0451) (28 -0.045) (38 -0.0421) (31 0.0314) (143 0.0299) (33 0.0225) (45 0.0187) (37 -0.0176) (17 -0.015) (39 0.015) (13 0.0138) (16 -0.0131) (76 0.0121) (36 0.0105) (34 -0.0103) 
   0.0057482   (143 0.999) (23 -0.0247) (145 0.0114) (25 0.01) 
   0.0059218   (10 -0.938) (28 0.327) (27 -0.0869) (26 0.0517) (23 0.02) (31 0.0158) (21 0.0149) (32 0.0146) (30 -0.0119) (38 -0.0113) (29 0.011) 
   0.0061063   (137 0.959) (28 0.25) (10 0.101) (27 -0.0666) (26 0.0392) (23 0.0171) (21 0.0123) (18 0.0109) (31 0.0102) (30 -0.0101) 
   0.0064081   (28 -0.853) (10 -0.33) (137 0.283) (27 0.227) (26 -0.134) (23 -0.0583) (21 -0.0418) (18 -0.037) (31 -0.035) (30 0.0346) (32 -0.0329) (14 -0.0252) (29 -0.0247) (38 0.0231) (19 0.0162) (34 0.0158) (11 -0.0146) (20 -0.013) (25 0.0126) 
   0.0064843   (13 -0.899) (40 -0.238) (44 0.168) (14 0.162) (39 0.151) (38 0.142) (18 0.0876) (12 -0.0598) (19 0.0592) (48 0.0571) (21 -0.048) (16 -0.0456) (15 -0.0453) (55 -0.0435) (57 0.0366) (41 0.0355) (42 0.0337) (56 0.0327) (45 0.028) (83 -0.0252) (46 0.0245) (96 -0.0242) (59 -0.0219) (31 -0.021) (89 -0.0182) (72 0.0175) (43 -0.0168) (80 -0.0148) (22 -0.0143) (95 -0.0139) (73 -0.0126) (47 -0.0125) (65 0.0118) (20 0.0116) (26 -0.0112) (70 -0.011) 
   0.0068532   (140 0.997) (40 -0.051) (13 0.0344) (38 0.0299) (39 0.0278) (44 0.0277) 
   0.0080388   (40 0.634) (38 -0.371) (13 -0.355) (44 -0.347) (39 -0.347) (48 -0.0996) (41 -0.0984) (140 0.0822) (18 0.0802) (42 -0.0789) (31 0.0783) (55 0.0766) (21 -0.0658) (19 0.0643) (45 -0.063) (56 -0.0593) (57 -0.0585) (14 0.0562) (46 -0.0554) (43 0.0443) (59 0.04) (83 0.0382) (96 0.0352) (72 -0.0309) (15 -0.0259) (65 -0.0251) (60 0.0251) (16 -0.0235) (37 -0.0215) (95 0.0202) (73 0.0199) (89 0.0195) (78 -0.0193) (47 0.0188) (79 -0.018) (61 0.0154) (75 0.015) (71 -0.0147) (25 -0.0147) (70 0.0143) (12 -0.0141) (52 0.014) (98 0.0139) (68 0.0128) (33 0.0125) (20 0.0123) (81 -0.0121) (80 0.0119) (62 -0.0117) (84 0.0115) (58 0.0112) (36 0.0112) (50 0.0107) (29 0.0103) (64 0.0101) 
   0.0084805   (12 -0.951) (31 -0.251) (33 -0.135) (32 0.083) (13 0.0583) (39 -0.0347) (38 -0.0257) (63 0.0217) (29 -0.0214) (138 0.0195) (26 -0.0158) (40 0.0155) (28 0.0113) (62 -0.0107) (22 -0.0105) (23 0.0103) 
    0.009102   (138 0.967) (31 -0.197) (33 -0.1) (12 0.0938) (32 0.0624) (39 -0.0284) (26 -0.0159) (38 -0.0154) (29 -0.014) (18 -0.0122) (13 -0.0104) 

 Largest eigenvalues
      42.949   (163 0.975) 
      19.829   (76 0.738) (95 -0.347) 
      7.3769   (76 -0.383) (95 -0.689) (96 0.404) 
      3.1575   (95 0.418) (96 0.681) 
      1.2286   (124 0.424) (125 -0.595) 
      1.2203   (142 -0.376) (149 -0.895) 
      1.1824   (165 -0.999) 
      1.1665   (164 0.994) 
      1.1516   (91 -0.336) (92 0.767) (102 0.372) 
      1.1142   (92 0.324) (102 -0.419) (109 -0.767) 
      1.1127   (102 -0.608) (109 0.491) (114 0.309) (116 0.315) 
     0.99534   (102 -0.363) (114 -0.342) (116 -0.503) (117 -0.464) 
     0.97881   (99 0.6) (100 0.504) (101 0.475) 
     0.94134   (105 0.589) (107 0.511) 
     0.92185   (113 0.438) (114 0.572) 
     0.74838   (114 -0.478) (117 0.573) 
     0.68039   (108 0.423) (110 0.619) (112 -0.396) 
     0.66364   (107 -0.324) (108 -0.489) (112 -0.501) 
     0.66294   (115 0.546) (123 0.417) (125 -0.433) 
     0.60439   (115 -0.741) (123 0.305) 
     0.58838   (108 0.575) (110 -0.491) (112 -0.321) (113 -0.323) 
     0.58803   (106 0.743) (108 -0.338) 
     0.58597   (122 0.384) (126 0.375) (127 -0.326) (128 0.591) 
     0.55305   (126 -0.812) (128 0.399) 
     0.54445   (122 -0.742) (126 0.37) 
     0.53651   (117 0.291) (118 0.523) (120 0.669) 
     0.53537   (121 -0.514) (123 0.532) (127 0.488) 
     0.42432   (118 0.31) (119 -0.278) (120 -0.407) (121 0.484) (127 0.297) (133 0.317) 
     0.41964   (118 -0.557) (119 0.408) (133 0.338) 
     0.40456   (90 0.938) 
     0.40075   (121 -0.393) (127 -0.471) (133 0.453) 
     0.32054   (96 0.206) (97 0.917) 
     0.30995   (104 -0.543) (105 -0.439) (107 0.447) 
     0.26451   (103 0.814) (105 0.255) 
     0.25132   (85 -0.255) (100 0.276) (101 -0.424) (113 0.316) (124 0.352) 
     0.24091   (80 -0.279) (85 0.671) (100 -0.231) (103 -0.215) (124 0.248) 
     0.23029   (80 0.433) (100 -0.416) (101 0.413) 
     0.21316   (78 0.354) (80 -0.571) (85 -0.511) 
     0.16468   (100 0.233) (101 -0.218) (104 0.206) (111 0.627) (112 0.246) 
     0.14496   (89 0.575) (91 0.428) (96 -0.326) 
      0.1344   (89 -0.441) (94 0.504) (104 -0.371) 
     0.12553   (87 -0.362) (91 -0.582) (92 -0.304) 
     0.11983   (87 0.675) (88 0.396) (89 0.296) (94 -0.365) 
      0.1119   (86 -0.642) (89 -0.304) (91 0.353) (94 -0.368) 
     0.10972   (67 -0.321) (69 0.317) (81 0.342) (82 0.527) 
     0.10015   (67 0.325) (79 0.295) (86 0.285) (94 -0.269) 
    0.095012   (61 -0.322) (65 -0.403) (74 0.276) (86 0.252) 
    0.094377   (58 -0.553) (61 0.391) 
    0.091511   (58 0.629) (65 0.364) 
    0.088858   (58 -0.364) (61 -0.307) (94 0.295) (104 0.292) 
    0.087123   (60 0.305) (61 0.493) 
    0.081949   (60 -0.263) (61 -0.321) (64 0.421) (65 0.406) (79 0.261) (82 0.27) 
    0.077705   (64 -0.715) (65 0.234) (69 0.237) (74 0.211) (82 0.217) 
    0.073131   (60 0.423) (62 -0.303) (64 0.323) (65 -0.373) (67 0.243) (69 0.259) 
    0.067627   (60 -0.573) (61 0.361) 
    0.066228   (60 0.258) (69 -0.239) (74 -0.225) (79 -0.241) (111 0.227) (116 0.358) (117 -0.217) 
    0.063675   (66 -0.286) (71 0.285) (77 -0.353) (81 0.289) 
     0.05837   (62 0.44) (63 0.357) (66 0.377) 
    0.056091   (62 -0.485) (63 -0.306) (71 -0.343) (84 0.289) 
    0.055208   (62 0.349) (66 -0.619) (74 -0.292) 
    0.053129   (62 -0.241) (63 0.277) (66 0.307) (71 0.394) (81 -0.309) (82 0.228) 
    0.052691   (62 0.325) (63 -0.528) 
    0.049979   (62 -0.316) (63 0.558) (66 -0.314) (71 -0.307) 
    0.046067   (74 -0.253) (81 0.299) (82 -0.28) (84 -0.409) (119 -0.288) 
    0.041193   (31 -0.42) (33 0.792) (39 0.296) 
    0.041013   (33 -0.394) (39 0.71) (40 0.433) 
    0.039666   (75 0.392) (84 0.257) (88 0.24) (119 -0.404) 
     0.03893   (52 -0.463) (53 0.273) (54 -0.267) (75 -0.311) 
    0.034519   (52 0.424) (75 -0.475) 
    0.033626   (30 -0.781) (36 0.475) 
    0.030363   (30 0.56) (36 0.57) 
    0.030197   (35 -0.422) (36 -0.379) (88 -0.438) 
    0.029447   (35 0.806) (36 -0.296) 
    0.026876   (35 -0.298) (36 0.3) (43 -0.239) (45 -0.341) (54 -0.271) (56 0.376) (75 0.223) (88 -0.251) 
    0.026147   (131 -0.886) 
    0.024475   (129 -0.578) (158 -0.806) 
    0.021881   (129 -0.577) (158 0.292) (162 -0.763) 
    0.021195   (129 -0.577) (158 0.515) (162 0.634) 
    0.020256   (22 -0.956) 
    0.018096   (141 -0.952) (142 -0.294) 
