 1 54260.6
 2 657.136
 3 28.3902
 4 176348
 5 524.012
 6 363.049
 7 505852
 8 40.3797
 9 14784.6
 10 2493.33
 11 4.09178
 12 1688.02
 13 289830
 14 3984.75
 15 0.848871
 16 334161
 17 3696.09
 18 9.03522
 19 120701
 20 2152.12
 21 405.925
 22 163115
 23 3307.43
 24 167.602
 25 262.5
 26 322.982
 27 21.5804
 28 2799.99
 29 251.47
 30 315.15
 31 518.5
 32 68.2981
 33 1067.52
 34 220.15
 35 157.358
 36 424.721
 37 1527.41
 38 2974.94
 39 7.86575
 40 977.637
 41 4304.2
 42 2.0872
 43 682.849
 44 1479.68
 45 28.6957
 46 8981.07
 47 1015.58
 48 1605.86
 49 1862.58
 50 195.968
 51 344.901
 52 210.338
 53 2914.23
 54 308.175
 55 220.324
 56 312.821
 57 969.667
 58 90.5374
 59 147.079
 60 190.525
 61 22.4889
 62 1.78068
 63 490.524
 64 312.696
 65 1.69513
 66 499.958
 67 3402.35
 68 216.401
 69 145278
 70 172656
 71 2257.08
 72 278.914
 73 17240.5
 74 24.8648
 75 15189.4
 76 8347.47
 77 6.16438
 78 1923.17
 79 8605.45
 80 68.7771
 81 2740.95
 82 1578.76
 83 282.266
 84 2.91762
 85 138.006
 86 2.83346
 87 5023.64
 88 1.71257
 89 1.63966
 90 1.90822
 91 9.87447
 92 484.845
 93 1479.95
 94 1085.86
 95 2002.93
 96 2151.72
 97 327.571
 98 304.373
 99 127.896
 100 913.484
 101 1494.49
 102 124.198
 103 153.907
 104 134.152
 105 132.139
 106 160.979
 107 165.423
 108 169.667
 109 125.315
 110 97.4542
 111 180.882
 112 205.68
 113 190.351
 114 173.139
 115 179.028
 116 143.467
 117 171.591
 118 192.705
 119 150.764
 120 85.9185
 121 122.884
 122 48.2725
 123 64.1448
 124 37.1597
 125 29.6603
 126 52.2963
 127 27.0991
 128 90.2461
 129 67.1309
 130 61.1088
 131 20.3789
 132 21.0181
 133 22.5787
 134 36.3416
 135 8.77759
 136 46.4153
 137 9.93502
 138 9.22287
 139 9.26696
 140 10.9623
 141 11.5023
 142 8.89857
 143 9.52139
 144 15.2874
 145 15.2864
 146 12.7509
 147 10.4423
 148 30.1829
 149 16.5499
 150 12.1082
 151 14.0166
 152 23.8042
 153 21.3288
 154 13.5807
 155 20.1956
 156 24.2735
 157 46.9249
 158 0.214462
 159 0.148515
 160 0.413681
 161 26.6079
 162 24.3958
 163 1422.81
 164 3067.88
 165 13.8661
