 1 31.6228
 2 21.8736
 3 1.90438
 4 31.6228
 5 15.9622
 6 11.4196
 7 31.6193
 8 1.0199
 9 31.4251
 10 29.657
 11 0.983924
 12 27.8502
 13 31.6228
 14 31.5828
 15 0.904343
 16 31.6228
 17 31.5365
 18 1.00344
 19 31.6228
 20 26.7294
 21 5.95946
 22 31.6228
 23 30.1221
 24 2.51508
 25 15.154
 26 14.9135
 27 1.93212
 28 31.3462
 29 9.86752
 30 12.1457
 31 21.6718
 32 2.73275
 33 27.7277
 34 14.398
 35 6.92192
 36 16.6782
 37 31.4255
 38 31.5553
 39 1.38554
 40 24.3776
 41 31.0759
 42 1.29385
 43 21.7189
 44 28.7875
 45 1.89095
 46 31.5733
 47 12.3232
 48 21.0388
 49 30.4782
 50 13.4041
 51 14.1362
 52 9.16924
 53 30.6797
 54 16.3553
 55 9.15572
 56 11.938
 57 29.2663
 58 8.84132
 59 8.86688
 60 10.5067
 61 4.40026
 62 1.32541
 63 21.2282
 64 16.2907
 65 0.9692
 66 21.147
 67 29.8084
 68 3.32556
 69 31.6208
 70 31.6228
 71 28.292
 72 4.85001
 73 31.6138
 74 1.35716
 75 31.5684
 76 31.3527
 77 1.38082
 78 29.7002
 79 31.6021
 80 2.04524
 81 30.9307
 82 31.4155
 83 15.5141
 84 1.39598
 85 10.1374
 86 1.41694
 87 31.3791
 88 1.09726
 89 1.04242
 90 1.24548
 91 2.45436
 92 18.2071
 93 26.9382
 94 22.3324
 95 28.8637
 96 30.2457
 97 16.3101
 98 15.3919
 99 9.0184
 100 26.9249
 101 30.3295
 102 9.92437
 103 11.6141
 104 10.7641
 105 10.803
 106 12.2455
 107 12.3352
 108 12.4433
 109 10.2916
 110 8.31871
 111 12.7138
 112 13.9739
 113 13.3645
 114 12.5818
 115 12.5912
 116 10.8044
 117 12.2292
 118 13.1993
 119 11.5181
 120 8.49045
 121 10.6761
 122 6.70011
 123 7.70699
 124 5.5164
 125 5.11635
 126 6.89913
 127 4.50608
 128 8.80721
 129 7.29996
 130 7.18377
 131 4.10114
 132 4.44502
 133 4.57519
 134 5.84629
 135 2.65657
 136 6.70322
 137 2.87219
 138 2.8176
 139 2.82704
 140 3.06351
 141 3.01854
 142 2.66286
 143 2.7861
 144 3.6916
 145 3.75207
 146 3.3655
 147 2.89153
 148 5.18008
 149 3.80323
 150 3.25021
 151 3.50172
 152 4.71803
 153 4.38893
 154 3.50929
 155 4.36884
 156 4.81543
 157 6.76592
 158 0.162837
 159 0.292991
 160 0.271485
 161 3.73305
 162 4.21303
 163 15.9682
 164 27.2262
 165 0.568087
