 1 1000
 2 504.252
 3 21.9727
 4 1000
 5 408.25
 6 282.899
 7 999.832
 8 3.50612
 9 991.761
 10 888.617
 11 2.34413
 12 788.156
 13 1000
 14 997.908
 15 0.825128
 16 1000
 17 996.882
 18 3.07337
 19 1000
 20 838.397
 21 158.772
 22 1000
 23 950.452
 24 48.9028
 25 241.484
 26 252.701
 27 17.0134
 28 985.868
 29 197.015
 30 248.19
 31 491.168
 32 53.5925
 33 833.523
 34 213.381
 35 138.898
 36 372.93
 37 988.918
 38 997.592
 39 3.70856
 40 607.601
 41 969.865
 42 1.76212
 43 497.054
 44 862.272
 45 17.1497
 46 998.153
 47 355.546
 48 646.133
 49 942.443
 50 193.095
 51 283.503
 52 173.353
 53 952.883
 54 274.455
 55 163.023
 56 226.617
 57 891.692
 58 89.3892
 59 140.228
 60 180.492
 61 22.1224
 62 1.77817
 63 464.927
 64 310.136
 65 1.68505
 66 490.158
 67 939.819
 68 62.2611
 69 999.931
 70 1000
 71 888.702
 72 111.078
 73 999.593
 74 3.08644
 75 998.036
 76 984.124
 77 3.53793
 78 887.493
 79 999.096
 80 22.3275
 81 975.83
 82 990.205
 83 257.036
 84 2.78319
 85 107.767
 86 2.5357
 87 989.441
 88 1.71234
 89 1.63964
 90 1.90795
 91 8.94088
 92 414.072
 93 814.719
 94 603.634
 95 880.013
 96 940.882
 97 311.446
 98 290.967
 99 126.521
 100 767.989
 101 938.724
 102 119.96
 103 151.018
 104 132.897
 105 131.286
 106 160.342
 107 164.69
 108 168.748
 109 124.298
 110 95.58
 111 179.699
 112 204.752
 113 189.659
 114 172.69
 115 178.529
 116 142.595
 117 171.032
 118 192.362
 119 150.175
 120 84.6959
 121 122.237
 122 47.7517
 123 62.0466
 124 36.6278
 125 28.8942
 126 51.8734
 127 25.7252
 128 87.6935
 129 65.9651
 130 60.1873
 131 20.0391
 132 20.751
 133 22.2179
 134 35.3465
 135 8.50753
 136 45.957
 137 9.57024
 138 8.91903
 139 8.97896
 140 10.3673
 141 10.7794
 142 8.46766
 143 9.05361
 144 14.8044
 145 14.9923
 146 12.4084
 147 9.89315
 148 28.9218
 149 15.8529
 150 11.8071
 151 13.6969
 152 23.3275
 153 20.3395
 154 13.1859
 155 19.8349
 156 24.042
 157 46.6619
 158 0.175224
 159 0.142348
 160 0.368123
 161 21.7562
 162 22.4482
 163 329.255
 164 803.607
 165 7.50376
