 Smallest eigenvalues
  1.9285e-06   (9 1) 
  2.9926e-06   (48 -0.633) (49 -0.454) (51 0.391) (42 -0.204) (154 -0.2) (52 -0.189) (53 0.138) (43 0.132) (55 -0.127) (78 0.122) (14 0.112) (46 -0.077) (34 0.0654) (47 -0.0638) (11 0.0581) (56 0.0535) (62 -0.0534) (54 0.052) (25 0.0412) (45 0.0393) (38 0.0364) (44 -0.0358) (40 0.0345) (24 -0.032) (71 -0.0278) (61 0.0264) (13 0.0261) (36 0.0243) (60 -0.024) (68 0.0228) (17 0.0202) (79 -0.0193) (73 -0.0184) (29 -0.0171) (30 -0.0169) (39 0.0164) (57 0.0163) (66 0.0155) (84 0.0145) (76 -0.0144) (72 0.0143) (37 -0.0133) (80 0.013) (88 0.0129) (35 -0.0127) (31 0.0126) (50 0.0119) (21 -0.0103) 
  3.4503e-06   (154 -0.98) (48 0.129) (49 0.0924) (51 -0.0795) (42 0.0416) (52 0.0385) (53 -0.028) (43 -0.027) (55 0.0259) (78 -0.0244) (14 -0.023) (46 0.0157) (34 -0.0134) (47 0.013) (11 -0.0119) (56 -0.0109) (62 0.0108) (54 -0.0106) 
  5.6706e-06   (4 -1) 
  5.7919e-06   (148 0.639) (44 0.492) (47 0.302) (42 -0.265) (43 0.251) (45 0.206) (46 0.174) (48 0.121) (14 0.0957) (78 0.0703) (34 0.0695) (11 0.0498) (51 -0.0431) (25 0.0417) (40 0.0394) (24 -0.0354) (38 0.0324) (36 0.03) (53 -0.0264) (52 -0.0252) (37 -0.0245) (56 0.024) (13 0.0224) (77 -0.0188) (17 0.0179) (71 -0.0172) (54 0.0168) (26 0.0158) (28 0.0156) (60 -0.0152) (62 -0.0141) (55 -0.0118) (16 0.0111) (49 -0.0111) (73 -0.0107) (27 -0.0107) 
  6.1306e-06   (148 0.769) (44 -0.409) (47 -0.251) (42 0.221) (43 -0.209) (45 -0.171) (46 -0.145) (48 -0.1) (14 -0.0796) (78 -0.0584) (34 -0.0578) (11 -0.0414) (51 0.0358) (25 -0.0347) (40 -0.0328) (24 0.0295) (38 -0.027) (36 -0.025) (53 0.022) (52 0.0209) (37 0.0204) (56 -0.0199) (13 -0.0186) (77 0.0156) (17 -0.0149) (71 0.0143) (54 -0.0139) (26 -0.0131) (28 -0.013) (60 0.0126) (62 0.0117) 
  6.8802e-06   (1 -0.988) (29 -0.11) (34 -0.0536) (30 0.0529) (31 0.0518) (25 0.0306) (28 0.0261) (24 -0.0233) (27 -0.018) (33 0.0148) (26 0.0137) (14 0.0137) (36 -0.0124) (42 0.012) (37 0.0116) 
  8.2849e-06   (155 -0.999) (29 -0.0349) (30 0.0168) (34 -0.0167) (31 0.0163) (25 0.0101) 
   1.843e-05   (29 0.678) (30 -0.327) (34 0.326) (31 -0.318) (25 -0.196) (14 -0.184) (28 -0.161) (24 0.158) (1 -0.155) (27 0.108) (11 -0.0999) (33 -0.0912) (26 -0.0876) (37 -0.0742) (36 0.073) (42 -0.0705) (35 -0.0637) (155 -0.0514) (20 0.0504) (78 -0.0491) (13 -0.043) (21 0.0392) (16 -0.037) (32 0.0359) (39 0.0304) (17 -0.029) (48 -0.028) (46 0.0229) (43 0.0208) (22 0.0196) (79 0.0161) (54 -0.0145) (51 0.0138) (77 0.0134) (38 0.0133) (12 -0.0132) (56 -0.0131) (71 0.013) (60 0.0127) (50 -0.0127) (53 0.0124) (44 0.0116) (19 0.0107) (75 -0.0105) (40 0.0103) 
  3.5769e-05   (19 0.567) (20 0.532) (46 0.393) (44 -0.268) (42 -0.223) (45 -0.149) (43 0.141) (22 -0.119) (27 -0.0917) (16 0.0849) (48 0.0842) (47 -0.0836) (17 0.0788) (29 -0.0642) (14 0.0585) (21 0.0554) (78 0.0535) (28 -0.0443) (39 0.0308) (32 -0.0305) (15 0.0301) (37 0.0292) (11 0.0275) (50 0.027) (18 -0.0247) (53 -0.0244) (74 -0.0239) (34 0.0221) (72 0.0197) (35 -0.0195) (13 0.019) (24 0.0183) (30 -0.0182) (68 0.0177) (38 0.0167) (63 -0.0159) (40 0.0155) (67 -0.015) (56 0.0122) (33 -0.0122) (61 0.0118) (71 -0.0112) (54 0.0105) (60 -0.0104) 
  9.8493e-05   (158 -0.999) (46 0.0224) (19 -0.0177) (20 -0.0175) (44 -0.0155) (42 -0.0134) 
  0.00010526   (46 -0.528) (19 0.4) (20 0.397) (44 0.365) (42 0.316) (45 0.215) (48 -0.15) (47 0.134) (43 -0.133) (22 -0.0851) (78 -0.0821) (14 -0.0785) (34 -0.0716) (25 -0.0684) (24 0.0669) (21 0.0542) (158 -0.043) (11 -0.043) (16 0.0397) (17 0.0374) (41 -0.0373) (28 -0.0372) (29 -0.0359) (40 -0.0354) (37 0.0351) (36 -0.0351) (26 -0.0338) (32 -0.0311) (38 -0.031) (56 -0.0305) (50 -0.0292) (54 -0.0272) (62 0.0263) (33 0.0219) (77 0.0219) (74 0.0214) (15 0.02) (68 -0.0193) (53 0.0192) (72 -0.0192) (71 0.0184) (51 0.0173) (18 -0.0172) (30 -0.0163) (27 -0.0162) (67 0.0154) (13 -0.0148) (35 -0.0142) (81 0.0135) (66 -0.0133) (61 -0.0128) (80 -0.0126) (76 -0.0119) (63 0.0117) (60 0.0104) (65 0.0103) (57 0.0101) 
  0.00010735   (3 1) 
  0.00011387   (22 0.575) (20 0.369) (14 0.334) (25 -0.291) (21 -0.276) (24 0.273) (19 -0.256) (17 0.201) (11 0.158) (23 -0.121) (34 -0.101) (13 0.0773) (30 0.0766) (16 -0.0582) (43 -0.0425) (32 0.0413) (38 -0.0395) (42 0.0384) (28 -0.0318) (31 -0.0314) (36 -0.0312) (18 0.0311) (47 0.0255) (46 0.0254) (29 0.0228) (15 -0.0228) (26 -0.0224) (40 -0.0213) (78 0.0176) (12 0.0157) (57 0.0126) (45 -0.0112) (52 -0.0109) (37 0.0101) 
  0.00019545   (159 1) 
  0.00021394   (2 1) 
   0.0002423   (21 0.878) (14 0.261) (25 -0.199) (24 0.188) (17 0.181) (11 0.124) (19 -0.103) (34 -0.0708) (20 -0.0659) (13 0.0598) (23 0.0511) (157 0.0469) (22 -0.0467) (30 0.0381) (26 -0.0341) (31 -0.0302) (42 0.0278) (16 0.0224) (36 -0.0201) (47 0.017) (38 -0.0168) (27 -0.0165) (28 -0.0161) (78 0.0158) (40 -0.0139) (12 0.0125) (43 -0.0111) (44 -0.0106) 
  0.00028128   (157 0.999) (21 -0.0412) (14 -0.0123) 
   0.0002841   (8 1) 
  0.00030394   (28 -0.717) (150 -0.398) (26 -0.31) (27 0.272) (25 0.233) (14 0.148) (34 -0.144) (24 -0.13) (32 -0.108) (11 0.0757) (17 0.0527) (31 -0.0504) (20 -0.0495) (37 0.0471) (35 0.0464) (36 -0.0463) (51 0.0451) (48 0.0422) (16 0.0402) (13 0.0348) (21 -0.0288) (42 0.0284) (78 0.0214) (29 -0.0172) (75 -0.0159) (49 0.0158) (19 0.0153) (15 0.0145) (12 0.0143) (43 -0.0138) (44 0.0116) (47 -0.0115) (53 0.0101) (23 0.01) 
  0.00031351   (150 -0.917) (28 0.311) (26 0.135) (27 -0.118) (25 -0.101) (14 -0.064) (34 0.0624) (24 0.0562) (32 0.0469) (11 -0.0329) (17 -0.0228) (31 0.0219) (20 0.0215) (37 -0.0204) (35 -0.0201) (36 0.0201) (51 -0.0195) (48 -0.0183) (16 -0.0174) (13 -0.0151) (21 0.0125) (42 -0.0123) 
  0.00032335   (6 1) 
  0.00033145   (22 -0.591) (25 -0.426) (21 -0.32) (24 0.295) (20 -0.258) (14 0.229) (23 -0.22) (153 -0.219) (17 0.143) (11 0.107) (34 -0.0777) (32 -0.0753) (16 0.0643) (19 0.0606) (13 0.0544) (28 -0.0522) (15 0.027) (31 -0.0237) (78 0.0237) (42 0.0224) (48 0.0222) (37 0.0218) (39 0.0208) (35 0.0203) (12 0.0197) (36 -0.0179) (29 -0.0177) (27 -0.0174) (73 -0.0153) (51 0.012) (56 0.011) (33 0.0105) 
  0.00034848   (153 -0.976) (22 0.133) (25 0.0957) (21 0.0718) (24 -0.0661) (20 0.058) (14 -0.0514) (23 0.0493) (17 -0.0321) (11 -0.0241) (34 0.0174) (32 0.0169) (16 -0.0144) (19 -0.0136) (13 -0.0122) (28 0.0117) 
  0.00035874   (73 -0.614) (57 -0.474) (71 -0.251) (70 0.23) (66 -0.225) (62 0.224) (74 -0.175) (60 0.156) (52 0.156) (78 -0.146) (43 0.116) (46 -0.0832) (56 0.0768) (47 -0.0765) (61 -0.0658) (54 0.0644) (32 -0.06) (42 -0.0559) (69 -0.0557) (79 0.0503) (72 0.0494) (51 0.047) (77 0.0458) (65 -0.0443) (16 -0.0439) (68 -0.042) (38 0.0393) (50 0.0369) (20 0.0365) (19 -0.0347) (40 0.0279) (41 0.0219) (29 -0.0219) (59 0.0211) (48 0.0208) (45 0.0199) (88 0.0197) (89 -0.0191) (30 -0.019) (123 -0.019) (75 -0.0185) (122 -0.0177) (119 -0.017) (109 0.0163) (100 0.0163) (84 0.0158) (126 0.0156) (15 -0.0152) (104 0.0151) (34 0.0149) (37 -0.0131) (64 0.0128) (25 -0.0128) (80 -0.012) (152 -0.0118) (99 -0.0112) (67 0.0111) (91 -0.0105) (33 0.0105) (125 -0.0104) (14 0.0104) (106 -0.0103) (121 0.0101) (63 0.0101) (127 0.0101) 
  0.00040426   (73 0.658) (57 -0.406) (66 -0.281) (62 0.24) (152 -0.239) (43 0.15) (74 0.147) (52 0.133) (70 0.133) (47 -0.128) (46 -0.106) (68 -0.0953) (49 0.0883) (60 0.0853) (42 -0.0808) (71 0.0785) (56 0.0775) (72 -0.0736) (14 0.0647) (32 -0.0623) (61 -0.0607) (65 -0.0528) (39 0.0513) (34 0.0489) (38 0.0484) (55 0.0483) (16 -0.047) (53 -0.0459) (51 0.0405) (19 -0.0402) (48 -0.038) (59 0.0359) (45 0.0358) (120 0.0358) (40 0.0345) (11 0.0341) (29 -0.0314) (54 0.0311) (41 0.0306) (30 -0.029) (79 -0.0289) (20 0.0262) (84 0.0224) (67 0.0211) (121 -0.0185) (125 -0.0181) (31 0.0176) (78 0.0169) (36 0.0166) (89 -0.0165) (37 -0.0164) (127 0.0163) (15 -0.0155) (22 -0.0153) (119 -0.0152) (122 0.0147) (13 0.014) (88 0.0139) (117 -0.0133) (137 -0.0127) (131 -0.0126) (64 0.0126) (23 0.0122) (99 -0.0113) (126 -0.0105) 
  0.00041786   (152 -0.971) (73 -0.155) (57 0.106) (66 0.0719) (62 -0.0619) (43 -0.0388) (70 -0.0353) (52 -0.0351) (74 -0.034) (47 0.0328) (46 0.0276) (68 0.0239) (60 -0.0229) (49 -0.0219) (42 0.0209) (56 -0.0202) (72 0.0175) (71 -0.0164) (32 0.0164) (14 -0.0163) (61 0.0158) (65 0.0135) (39 -0.0128) (38 -0.0126) (34 -0.0124) (16 0.0124) (55 -0.012) (53 0.0114) (51 -0.0107) (19 0.0105) 
  0.00044471   (24 -0.793) (25 -0.577) (54 -0.0892) (52 0.0687) (23 -0.0679) (53 -0.0501) (56 -0.0455) (22 0.04) (14 0.0375) (57 0.0354) (55 -0.0329) (21 0.0322) (47 -0.0313) (20 0.0311) (49 0.0292) (11 0.0258) (46 -0.0246) (28 -0.0245) (30 -0.0225) (43 0.0218) (39 0.0207) (16 0.0189) (51 0.0164) (27 0.016) (78 0.0157) (26 -0.0149) (48 -0.0149) (32 -0.0131) (19 -0.0107) 
  0.00048677   (147 0.747) (54 -0.378) (52 0.316) (56 -0.205) (53 -0.187) (55 -0.134) (57 0.131) (43 0.121) (47 -0.111) (49 0.0893) (51 0.0828) (46 -0.0813) (24 0.0767) (25 0.0738) (42 -0.0701) (48 -0.0584) (14 0.0489) (34 0.0402) (60 -0.0378) (73 -0.0375) (32 -0.0339) (62 -0.0314) (45 0.0301) (38 0.0295) (78 0.0292) (40 0.0252) (50 -0.0249) (11 0.0245) (16 -0.024) (39 0.0217) (71 -0.0204) (29 -0.0201) (19 -0.0187) (23 0.0175) (41 0.0159) (36 0.0153) (66 0.0133) (37 -0.0131) (13 0.0113) (61 0.0111) (30 -0.0105) (120 0.0104) 
  0.00049199   (147 0.664) (54 0.426) (52 -0.355) (56 0.231) (53 0.211) (55 0.151) (57 -0.147) (43 -0.137) (47 0.124) (49 -0.101) (51 -0.0933) (46 0.0916) (24 -0.0821) (25 -0.08) (42 0.079) (48 0.0657) (14 -0.0552) (34 -0.0453) (60 0.0426) (73 0.0422) (32 0.0382) (62 0.0353) (45 -0.0339) (38 -0.0332) (78 -0.0329) (40 -0.0284) (50 0.0281) (11 -0.0277) (16 0.0269) (39 -0.0245) (71 0.0229) (29 0.0226) (19 0.021) (23 -0.0193) (41 -0.0179) (36 -0.0172) (66 -0.0149) (37 0.0147) (13 -0.0127) (61 -0.0125) (30 0.012) (120 -0.0114) (31 -0.0101) 
  0.00049955   (55 0.653) (53 0.492) (39 -0.379) (52 0.295) (57 0.167) (43 0.135) (40 0.103) (42 -0.0948) (47 -0.0761) (54 -0.0759) (49 0.0553) (46 -0.0531) (60 -0.0501) (48 -0.0481) (78 0.0454) (56 0.0446) (51 0.0383) (34 -0.0377) (45 0.0303) (71 -0.0303) (36 -0.0208) (151 -0.0179) (50 -0.0169) (20 0.0164) (70 0.0161) (25 -0.0156) (73 -0.0145) (69 -0.0133) (62 -0.0121) (77 -0.011) 
   0.0005267   (151 -0.971) (39 0.209) (55 0.0607) (40 -0.0429) (53 0.0428) (34 0.038) (52 0.0298) (14 0.0211) (42 0.0187) (37 -0.017) (57 0.0169) (32 -0.0159) (36 0.0158) (43 -0.0156) (38 0.0148) (25 0.0143) (78 0.0119) (49 -0.0118) (48 0.0113) (29 -0.0105) (11 0.0104) 
  0.00055492   (39 -0.822) (55 -0.296) (151 -0.239) (53 -0.211) (40 0.167) (34 -0.152) (52 -0.143) (14 -0.0855) (57 -0.0809) (42 -0.0688) (37 0.0684) (32 0.0649) (36 -0.0627) (38 -0.0603) (25 -0.0569) (43 0.0533) (78 -0.0519) (49 0.0443) (29 0.0427) (48 -0.0426) (11 -0.0424) (73 0.0391) (56 -0.0319) (23 -0.0318) (35 0.0309) (51 -0.0303) (60 0.0282) (24 0.0268) (47 -0.0258) (71 0.0248) (19 0.0233) (16 0.0225) (50 -0.0201) (13 -0.0197) (31 -0.0165) (28 -0.0158) (54 0.0152) (62 0.0142) (66 -0.0138) (79 0.0134) (41 -0.0131) (77 0.0129) (45 0.0129) (27 0.0126) (26 -0.0108) (69 0.0105) (68 -0.0104) 
  0.00058801   (70 -0.755) (71 0.501) (57 -0.271) (73 -0.145) (52 0.145) (49 -0.122) (48 0.0763) (51 0.0711) (69 0.0695) (60 0.0673) (50 0.0554) (43 0.0504) (74 -0.0471) (62 0.046) (68 0.0431) (46 -0.0355) (32 -0.032) (55 0.0318) (149 0.0316) (75 -0.0301) (84 0.0299) (76 0.0259) (20 0.0248) (16 -0.0243) (61 -0.0228) (38 0.0225) (56 0.0216) (65 -0.0205) (42 -0.02) (40 0.0198) (125 -0.019) (88 0.0188) (19 -0.018) (72 0.0176) (39 -0.0167) (123 -0.0166) (77 0.0149) (127 0.0146) (79 -0.0129) (66 -0.0126) (29 -0.0123) (100 0.0121) (126 0.012) (41 0.0119) (89 -0.0118) (97 -0.0116) (104 0.0115) (119 -0.0108) 
  0.00059544   (149 0.855) (49 0.355) (48 -0.18) (52 -0.142) (51 -0.124) (47 -0.122) (50 -0.115) (54 0.093) (43 0.0921) (42 -0.0623) (70 -0.0606) (73 -0.0591) (39 0.0502) (46 -0.0476) (53 0.0436) (45 0.0422) (14 0.0363) (78 0.0319) (34 0.0286) (62 -0.0246) (66 0.0242) (32 -0.0241) (55 -0.0225) (38 0.0181) (57 0.0181) (11 0.0179) (29 -0.017) (68 0.0165) (16 -0.0161) (19 -0.0144) (71 0.0133) (79 -0.0129) (23 0.0129) (25 0.0123) (40 0.0114) (72 0.011) (41 0.0107) (37 -0.0106) 
  0.00062922   (49 -0.58) (149 0.517) (48 0.293) (52 0.226) (47 0.202) (51 0.2) (50 0.187) (43 -0.156) (54 -0.154) (70 0.147) (73 0.107) (42 0.104) (39 -0.0819) (46 0.0812) (53 -0.0719) (45 -0.0699) (14 -0.0603) (78 -0.0533) (71 -0.0526) (34 -0.0479) (32 0.0421) (66 -0.0394) (62 0.038) (55 0.0352) (38 -0.0315) (68 -0.03) (11 -0.03) (29 0.0289) (16 0.0282) (19 0.0251) (79 0.0222) (23 -0.0213) (40 -0.0202) (25 -0.02) (72 -0.0194) (41 -0.0185) (37 0.0182) (120 -0.0154) (74 0.0154) (30 0.0152) (36 -0.0149) (31 -0.0147) (13 -0.0135) (57 -0.0126) (22 0.0119) (77 0.0116) (60 -0.0108) 
  0.00067013   (38 0.88) (23 0.201) (20 0.169) (19 -0.163) (22 -0.148) (40 -0.143) (43 -0.14) (39 -0.136) (16 -0.114) (32 -0.0858) (41 -0.0668) (42 0.0659) (46 0.0648) (37 -0.0632) (47 0.0536) (52 -0.041) (14 0.0345) (15 -0.0337) (57 0.0336) (21 -0.0258) (36 -0.0215) (24 -0.0183) (11 0.0182) (18 0.0182) (33 0.0161) (30 -0.0154) (54 -0.0152) (56 -0.0148) (51 -0.0138) (25 -0.0129) (45 -0.0125) (78 -0.0114) (48 -0.0104) 
  0.00079771   (23 0.58) (22 -0.407) (20 0.34) (19 -0.337) (38 -0.336) (32 0.219) (16 -0.167) (29 0.121) (14 0.114) (21 -0.0989) (24 -0.0973) (30 0.0906) (34 -0.0651) (11 0.0576) (31 -0.0503) (15 -0.0495) (25 0.0475) (142 0.0439) (37 0.0405) (18 0.0372) (33 -0.0334) (26 0.0275) (40 0.0273) (13 0.0225) (28 0.0172) (17 0.0171) (43 -0.0166) (42 0.0165) (47 0.0136) (35 0.0131) (49 -0.0118) (48 0.0113) 
  0.00086076   (142 0.999) (23 -0.0266) (22 0.0187) (20 -0.0159) (19 0.0157) (137 -0.0142) 
  0.00093212   (48 0.398) (47 -0.394) (52 -0.391) (46 -0.341) (43 0.316) (16 -0.284) (49 -0.283) (51 -0.189) (50 0.157) (57 0.141) (42 -0.104) (56 -0.0989) (41 0.091) (32 -0.0858) (54 -0.0772) (17 -0.0706) (53 0.0605) (14 0.0548) (15 -0.0541) (38 0.0528) (78 -0.0504) (45 0.0503) (40 0.0446) (25 -0.0317) (39 0.0308) (19 0.0304) (60 -0.0287) (11 0.0265) (30 -0.0247) (29 -0.0208) (24 0.0179) (33 0.0161) (77 0.015) (70 0.0139) (37 -0.0138) (84 0.0127) (20 0.0125) (31 0.011) (21 0.0106) (36 -0.0106) 
   0.0011063   (16 -0.799) (19 0.322) (17 -0.24) (14 0.192) (20 -0.166) (15 -0.138) (47 0.127) (43 -0.127) (46 0.112) (32 0.109) (48 -0.1) (11 0.0901) (52 0.0896) (49 0.067) (42 0.0541) (22 0.0531) (30 0.0528) (23 -0.0523) (29 0.0505) (51 0.0435) (50 -0.042) (34 -0.0399) (13 0.0382) (38 -0.0381) (41 -0.0357) (18 -0.0339) (39 -0.0309) (57 -0.0269) (31 -0.0247) (40 -0.0229) (56 0.022) (45 -0.0211) (54 0.0178) (33 -0.0172) (37 0.0155) (21 0.0153) (78 0.014) (24 -0.0134) (53 -0.0108) (25 -0.0101) 
    0.001242   (146 -1) (137 -0.0176) 
   0.0013039   (54 0.691) (56 -0.344) (52 0.332) (32 -0.272) (57 0.234) (34 0.191) (36 0.179) (55 -0.118) (29 -0.0933) (37 0.088) (39 -0.0811) (51 0.0763) (16 -0.0742) (50 0.0706) (19 -0.0658) (30 -0.0656) (33 0.064) (48 0.0615) (20 0.0573) (46 -0.052) (38 -0.052) (78 -0.046) (35 -0.0436) (53 -0.0407) (31 0.04) (60 -0.0391) (49 -0.0388) (47 -0.0347) (15 -0.0261) (43 0.0258) (14 0.0224) (23 0.0201) (72 0.0175) (71 0.017) (79 0.0167) (73 0.0164) (139 0.0156) (70 0.015) (22 -0.0146) (66 -0.0139) (25 -0.0129) (68 -0.0129) (119 -0.011) (26 -0.0108) (11 0.0106) (77 0.0106) (123 -0.0104) 
     0.00149   (32 -0.474) (34 0.414) (36 0.401) (54 -0.314) (37 0.213) (52 -0.2) (38 -0.175) (43 -0.174) (39 -0.169) (29 -0.163) (56 0.143) (139 0.125) (33 0.117) (30 -0.107) (42 0.0996) (35 -0.0902) (19 -0.0812) (46 0.0806) (57 -0.078) (47 0.0773) (16 -0.0765) (31 0.0735) (14 0.0711) (41 -0.0584) (40 -0.0573) (51 -0.0561) (20 0.0529) (55 0.0509) (23 0.0375) (11 0.037) (50 -0.0277) (53 0.0251) (78 0.0238) (15 -0.0225) (45 -0.0218) (22 -0.0204) (137 -0.0182) (73 -0.0162) (13 0.0139) (60 0.0138) (48 -0.0138) (26 -0.012) (71 -0.0115) 
   0.0015276   (139 0.982) (137 -0.14) (32 0.0651) (34 -0.056) (36 -0.0541) (37 -0.0286) (54 0.0285) (38 0.0231) (39 0.0228) (29 0.0224) (43 0.0215) (52 0.0197) (33 -0.0161) (30 0.0148) (56 -0.0127) (42 -0.0126) (35 0.0122) (19 0.0116) (16 0.0111) (31 -0.0101) 
   0.0015367   (11 0.849) (14 -0.337) (36 -0.284) (13 -0.192) (34 0.156) (12 -0.115) (30 -0.0577) (134 -0.0344) (29 -0.0322) (31 0.0289) (37 0.027) (38 -0.0258) (15 -0.0237) (32 -0.0187) (42 0.0185) (43 -0.0171) (39 -0.0149) (72 -0.0126) (45 -0.0121) (40 -0.0106) 
   0.0016208   (134 -0.803) (36 -0.459) (34 0.261) (11 -0.177) (14 0.137) (30 -0.0838) (13 0.0591) (29 -0.0544) (31 0.0446) (38 -0.0387) (37 0.0383) (32 -0.0349) (39 -0.0318) (42 0.0312) (12 0.0308) (43 -0.0234) (25 0.0195) (40 -0.0176) (19 -0.0163) (45 -0.0153) (24 -0.0151) (47 0.0122) (53 0.0119) (18 0.0114) (55 -0.011) (17 0.0109) 
   0.0018698   (36 0.636) (134 -0.594) (34 -0.362) (11 0.191) (14 -0.165) (30 0.117) (29 0.0754) (13 -0.0688) (31 -0.062) (38 0.0538) (37 -0.0533) (32 0.0482) (39 0.0439) (42 -0.0432) (12 -0.035) (43 0.0327) (25 -0.0265) (40 0.0243) (19 0.0224) (45 0.0213) (24 0.02) (47 -0.0169) (53 -0.0163) (18 -0.0157) (55 0.0152) (17 -0.0151) (16 0.0128) (48 -0.0122) (78 -0.0121) (51 0.012) 
   0.0019956   (30 -0.734) (31 0.364) (32 0.346) (29 -0.244) (53 0.202) (55 -0.154) (36 0.139) (28 -0.0843) (33 -0.0833) (34 -0.0796) (51 -0.0703) (35 0.0619) (50 -0.0618) (52 0.0561) (71 -0.0552) (19 -0.0517) (24 0.0504) (16 -0.0463) (25 -0.0443) (69 -0.04) (70 -0.039) (37 -0.0353) (48 0.0329) (68 0.031) (54 -0.0292) (49 -0.0287) (72 0.0265) (40 -0.0263) (46 0.0262) (74 0.0254) (27 0.0235) (20 0.0228) (73 0.0212) (47 0.0201) (60 0.0189) (26 -0.0183) (78 -0.0181) (130 0.0177) (56 -0.0164) (57 -0.016) (62 0.0159) (45 -0.0152) (41 0.0144) (42 0.0141) (65 0.0135) (43 -0.0126) (18 0.0106) (76 -0.01) 
   0.0020451   (71 -0.539) (70 -0.359) (69 -0.351) (68 0.342) (130 0.246) (74 0.244) (72 0.197) (78 -0.195) (53 -0.17) (73 0.13) (55 0.117) (66 0.107) (67 -0.0904) (60 0.0824) (77 -0.0824) (51 0.0745) (57 -0.0708) (62 -0.063) (42 -0.058) (56 0.0574) (63 -0.057) (46 -0.0548) (83 -0.0518) (54 0.0516) (80 -0.0486) (59 -0.0402) (75 0.0372) (41 0.0345) (86 -0.0334) (79 0.0303) (61 0.0297) (32 -0.0286) (65 0.0256) (81 0.0249) (109 -0.0248) (30 0.0246) (47 -0.0226) (48 0.0196) (40 0.0192) (87 -0.018) (107 -0.0175) (96 0.017) (34 0.0162) (84 0.0159) (89 -0.0152) (110 0.0151) (43 -0.0151) (58 -0.0141) (119 0.0132) (16 -0.0122) (91 0.012) (120 -0.0115) (131 0.0113) (38 0.0112) (100 0.0111) (36 -0.0109) 
   0.0022422   (130 0.565) (53 -0.505) (55 0.4) (30 -0.186) (71 0.177) (50 0.176) (69 0.141) (51 0.133) (70 0.125) (52 -0.116) (31 0.088) (72 -0.0877) (74 -0.0863) (73 -0.0804) (32 0.08) (68 -0.0798) (62 -0.079) (54 0.0696) (48 -0.0653) (49 0.0647) (29 -0.0634) (42 -0.0634) (56 0.0629) (57 0.0553) (60 -0.0513) (78 0.0508) (43 -0.0443) (45 0.0381) (46 -0.038) (131 0.0368) (65 -0.0365) (132 -0.0348) (35 0.0296) (84 -0.0295) (47 -0.0274) (28 -0.0267) (81 -0.0267) (19 -0.0262) (67 0.0213) (16 -0.0207) (33 -0.0191) (24 0.018) (63 0.0172) (90 -0.0159) (75 -0.0157) (88 0.0155) (77 0.0152) (80 0.015) (36 0.0145) (120 -0.0145) (25 -0.012) (14 0.0107) (123 0.0107) (115 0.0101) 
    0.002351   (130 0.779) (53 0.414) (55 -0.322) (30 0.143) (50 -0.127) (51 -0.118) (52 0.0816) (62 0.0762) (132 -0.0731) (131 0.071) (31 -0.07) (54 -0.0659) (42 0.0639) (56 -0.0631) (32 -0.0565) (68 -0.0498) (29 0.0492) (49 -0.0444) (46 0.0443) (71 0.0414) (48 0.0401) (43 0.037) (45 -0.0288) (47 0.0265) (66 -0.0265) (78 0.0239) (70 0.0229) (35 -0.0223) (19 0.0213) (28 0.0211) (16 0.0199) (65 0.018) (57 -0.0171) (73 0.0171) (84 0.0164) (83 0.0158) (77 0.0145) (33 0.0143) (24 -0.0143) (74 -0.0142) (59 0.0132) (67 0.013) (86 0.0126) (90 0.0122) (81 0.0115) (79 -0.0114) (88 -0.0114) (25 0.0107) (60 0.0106) (36 -0.0101) 
   0.0025598   (23 -0.71) (20 0.328) (19 -0.315) (22 -0.274) (25 0.254) (56 -0.223) (24 -0.125) (21 0.112) (16 -0.11) (32 0.108) (15 -0.0993) (29 0.0832) (52 -0.0785) (57 -0.0698) (55 0.0556) (43 -0.0467) (46 0.0414) (30 0.0352) (60 0.033) (17 -0.0319) (47 0.0312) (54 -0.0287) (12 -0.0271) (78 0.0261) (42 0.0247) (38 -0.0242) (26 0.0241) (48 -0.0238) (53 0.0219) (28 0.0184) (33 -0.0183) (71 -0.017) (37 0.0162) (120 -0.016) (13 -0.0157) (36 0.014) (34 0.0126) (51 -0.0125) (45 -0.0115) (11 -0.0106) (125 -0.0105) (62 -0.0101) 
   0.0026595   (60 -0.861) (56 0.312) (59 0.187) (57 -0.151) (61 0.123) (62 -0.12) (55 -0.115) (52 0.112) (78 -0.0903) (23 -0.0785) (46 -0.0711) (20 0.053) (133 0.0516) (54 0.0488) (19 -0.0431) (79 0.0414) (47 -0.0408) (48 0.04) (22 -0.033) (71 -0.0291) (25 0.0289) (43 0.0288) (49 0.0272) (16 -0.0258) (63 -0.0246) (34 0.0223) (77 0.0215) (84 -0.0214) (15 -0.0208) (125 -0.0207) (109 0.0201) (69 -0.0198) (68 0.0193) (108 -0.0187) (110 -0.018) (72 -0.0168) (50 0.0151) (70 -0.0149) (21 0.0149) (24 -0.0145) (58 0.0144) (80 -0.0143) (51 -0.0141) (73 -0.0138) (44 -0.0137) (29 0.0133) (64 -0.0133) (120 0.0133) (38 0.0132) (124 -0.0126) (45 0.012) (40 0.0112) (36 0.0103) (74 -0.0101) (82 0.01) 
   0.0026766   (133 0.758) (56 0.464) (57 0.271) (60 0.207) (52 0.122) (50 -0.107) (55 -0.105) (23 -0.102) (20 0.0694) (53 -0.0649) (19 -0.0606) (43 0.0605) (62 0.0554) (46 -0.0503) (59 -0.0469) (48 0.0466) (41 0.0439) (22 -0.0433) (47 -0.0407) (54 0.0399) (71 0.0399) (78 -0.0397) (16 -0.0396) (25 0.0339) (51 0.0312) (61 -0.0312) (68 -0.022) (21 0.0211) (15 -0.0179) (84 0.0179) (32 -0.0154) (131 -0.0152) (69 0.0151) (77 0.0146) (45 -0.0144) (120 0.0138) (74 -0.0136) (24 -0.0135) (40 0.0135) (65 0.0128) (38 0.0121) 
   0.0028716   (133 0.649) (56 -0.566) (57 -0.303) (60 -0.172) (52 -0.152) (55 0.132) (23 0.125) (50 0.123) (20 -0.0852) (53 0.0754) (19 0.0742) (43 -0.0727) (46 0.0646) (48 -0.0576) (62 -0.055) (22 0.0532) (78 0.0531) (47 0.0508) (54 -0.0506) (41 -0.0504) (16 0.0482) (71 -0.0444) (25 -0.0419) (59 0.0395) (51 -0.0351) (125 -0.0332) (61 0.0265) (124 -0.0261) (21 -0.0258) (68 0.0242) (15 0.0227) (120 -0.0202) (84 -0.02) (77 -0.0187) (32 0.0179) (24 0.0169) (74 0.0167) (40 -0.0166) (69 -0.0161) (45 0.0156) (119 0.0153) (38 -0.0153) (122 0.0152) (65 -0.0143) (127 0.0125) (131 -0.0115) (34 -0.0114) (17 0.0107) 
   0.0035552   (40 0.887) (66 -0.242) (39 0.152) (43 -0.138) (84 -0.135) (65 -0.13) (41 -0.128) (62 -0.12) (38 0.0993) (42 0.0815) (57 0.0724) (32 -0.0607) (47 0.0542) (87 0.0388) (46 0.035) (30 -0.034) (52 -0.0329) (50 0.0304) (16 -0.0288) (70 -0.0278) (31 0.0267) (129 0.0253) (69 -0.0242) (51 -0.0236) (19 -0.0224) (29 -0.0221) (20 0.0212) (96 0.0203) (91 0.0197) (55 -0.0193) (68 0.019) (44 -0.0187) (15 0.0186) (53 0.0181) (78 0.0175) (33 0.0171) (25 -0.0165) (59 -0.0161) (73 -0.0154) (109 -0.0148) (36 -0.0132) (61 0.0125) (23 0.0122) (37 0.0113) (64 -0.0109) (54 -0.0106) (82 0.0101) 
   0.0038009   (84 -0.862) (129 0.326) (66 0.222) (87 0.166) (65 0.116) (62 0.11) (78 0.084) (57 -0.0706) (91 0.0693) (85 0.0584) (109 -0.0477) (40 -0.0416) (43 0.0401) (52 0.0386) (96 0.0373) (92 -0.0364) (107 -0.0351) (90 0.0325) (86 -0.0322) (110 0.0302) (77 -0.0277) (46 -0.0263) (119 -0.0256) (47 -0.025) (83 0.0245) (103 -0.0244) (60 0.0237) (120 0.0232) (41 0.023) (117 -0.0219) (89 -0.0208) (56 0.02) (88 0.0196) (123 -0.0195) (94 -0.0182) (127 0.0179) (48 0.0176) (126 0.0174) (54 0.0171) (93 -0.017) (111 -0.0167) (50 -0.0163) (72 -0.0163) (61 -0.0155) (112 0.0153) (114 0.0152) (124 0.0137) (69 0.013) (100 0.013) (39 -0.013) (71 -0.0123) (49 -0.0121) (105 -0.0121) (97 -0.0117) (115 -0.0116) (51 0.0109) (104 0.0109) (108 -0.0108) (55 -0.0107) (102 0.0105) (67 -0.0104) 
   0.0039996   (129 0.681) (66 0.44) (84 0.387) (65 0.231) (40 0.216) (62 0.192) (50 0.0953) (87 -0.082) (57 -0.0789) (70 0.0694) (78 -0.0577) (69 0.0535) (91 -0.0469) (41 -0.0457) (39 0.041) (68 -0.0387) (109 0.0318) (85 -0.0305) (96 -0.0296) (38 0.0288) (71 0.027) (73 0.0266) (52 0.0247) (45 0.0237) (43 -0.0232) (127 0.0224) (59 0.0218) (49 0.0213) (48 -0.0198) (32 -0.0195) (61 -0.0194) (90 -0.0186) (64 0.018) (79 0.0167) (92 0.0163) (76 -0.0158) (107 0.0158) (67 -0.0156) (103 0.0153) (74 -0.0152) (63 -0.0149) (86 0.0145) (110 -0.0141) (19 -0.0137) (94 0.0129) (30 -0.0127) (56 0.0111) (82 -0.011) (16 -0.0106) (108 0.0104) (72 0.0103) (80 -0.0103) 
   0.0040557   (129 0.654) (66 -0.56) (65 -0.293) (62 -0.251) (40 -0.239) (57 0.115) (50 -0.0908) (70 -0.0738) (69 -0.0611) (52 -0.0442) (68 0.0432) (39 -0.0421) (41 0.0406) (38 -0.038) (84 0.0348) (73 -0.029) (32 0.0276) (61 0.0275) (59 -0.0263) (45 -0.0236) (64 -0.0233) (56 -0.0217) (67 0.0212) (71 -0.0211) (63 0.0191) (109 -0.0188) (16 0.0169) (19 0.0165) (79 -0.0165) (30 0.0161) (78 0.0161) (76 0.016) (49 -0.0155) (91 0.0153) (20 -0.0152) (96 0.0148) (47 0.0148) (54 -0.014) (93 0.0125) (46 0.0123) (74 0.0117) (119 0.0115) (34 -0.0114) (82 0.0111) (14 -0.0111) (48 0.011) (127 0.011) (83 -0.0109) (29 0.0108) 
   0.0041369   (105 0.581) (96 -0.331) (103 0.288) (123 -0.267) (108 -0.202) (101 0.198) (106 -0.175) (119 0.17) (99 -0.166) (109 -0.161) (124 0.16) (107 -0.156) (112 -0.144) (110 -0.139) (98 -0.123) (102 -0.12) (122 0.113) (118 -0.0928) (114 -0.0777) (97 -0.0767) (111 -0.0761) (117 -0.0709) (100 -0.0676) (50 0.0672) (104 -0.066) (90 -0.0658) (121 -0.0641) (113 0.0598) (115 -0.0543) (94 0.0514) (84 -0.0293) (82 -0.0291) (72 -0.0286) (116 -0.0274) (93 -0.0266) (89 0.0252) (92 0.0246) (120 0.0245) (125 0.0197) (85 -0.0173) (91 0.0169) (55 -0.0168) (53 0.0158) (80 -0.0154) (60 0.0137) (49 0.0135) (70 -0.0132) (71 -0.013) (66 -0.0123) (81 -0.0121) (56 0.0118) (79 0.0107) (51 -0.0106) (83 0.0102) 
   0.0042569   (144 0.999) (137 -0.0274) (123 -0.0251) (124 0.0154) (96 0.0105) 
   0.0042841   (50 0.857) (49 0.183) (55 -0.174) (53 0.163) (56 0.135) (48 -0.133) (72 -0.124) (51 -0.116) (45 0.107) (60 0.0933) (40 -0.0876) (57 0.0742) (52 0.0739) (41 -0.0729) (15 -0.0669) (123 0.0666) (66 -0.0632) (71 -0.0626) (70 -0.0595) (84 -0.0575) (82 -0.0517) (119 -0.0515) (62 -0.05) (54 -0.0496) (43 -0.0492) (124 -0.0491) (109 0.0478) (105 -0.0464) (96 -0.0429) (107 0.0425) (42 -0.0416) (65 -0.0376) (59 -0.0352) (122 -0.0331) (80 -0.0317) (69 -0.0309) (68 0.0272) (23 -0.0254) (87 -0.025) (108 0.0242) (44 -0.0242) (103 -0.0233) (31 -0.0215) (101 -0.0213) (81 -0.0203) (92 -0.0198) (79 0.0198) (117 0.0196) (112 -0.0193) (91 -0.0191) (121 0.0183) (74 0.0183) (118 0.0181) (38 -0.0178) (90 -0.017) (115 0.0167) (73 0.0162) (125 -0.0159) (83 0.0156) (12 -0.0155) (46 0.0155) (111 -0.0128) (85 -0.012) (99 0.0119) (39 -0.0112) (16 0.0111) (32 0.0103) (120 -0.01) 
   0.0043946   (72 -0.591) (45 0.486) (80 -0.322) (81 -0.274) (44 -0.214) (50 -0.18) (93 -0.153) (83 0.147) (71 -0.139) (87 -0.128) (70 -0.0864) (79 0.0852) (98 -0.0783) (48 0.0747) (76 0.0686) (77 0.0645) (113 -0.0606) (107 0.0576) (41 -0.0575) (49 -0.0562) (78 0.0548) (46 0.0488) (43 -0.048) (97 0.0436) (105 -0.0372) (100 0.0371) (89 0.0366) (60 0.0293) (96 0.0291) (75 -0.0283) (91 0.0282) (85 -0.0274) (42 -0.027) (123 -0.0262) (90 0.0241) (156 0.0233) (66 0.0229) (54 0.0225) (109 -0.0223) (82 -0.0223) (119 0.021) (73 -0.0201) (62 -0.0198) (101 -0.0177) (110 0.0173) (68 0.0173) (114 0.0163) (74 0.0158) (57 -0.0157) (115 -0.0155) (104 0.015) (103 0.0147) (51 0.0142) (52 0.014) (59 -0.0126) (117 -0.0122) (120 0.0117) (36 -0.0105) (124 0.0104) (99 0.0101) 
   0.0045585   (156 0.999) (45 -0.0308) (44 0.0131) 
    0.004646   (45 0.723) (72 0.486) (44 -0.3) (80 0.155) (79 -0.133) (81 0.117) (43 -0.107) (71 0.105) (41 -0.102) (87 0.092) (46 0.0817) (70 0.07) (83 -0.063) (48 0.0509) (40 -0.05) (90 0.049) (113 0.0488) (107 -0.0485) (109 0.045) (42 -0.0431) (98 0.0417) (85 0.038) (91 0.0377) (78 -0.0365) (66 -0.0334) (62 0.0332) (110 -0.031) (49 -0.0276) (100 -0.0276) (96 -0.0272) (36 -0.0272) (105 0.0269) (156 0.0263) (50 -0.0242) (15 -0.0233) (76 -0.0231) (57 0.0224) (38 -0.0223) (14 -0.0208) (123 0.0204) (117 0.0193) (75 0.0175) (93 -0.0164) (114 -0.0164) (115 0.0158) (73 0.0156) (86 -0.0151) (60 -0.0142) (34 -0.0142) (120 -0.0135) (54 -0.0132) (124 -0.0128) (104 -0.0127) (59 0.0123) (23 -0.0117) (56 0.0114) (102 0.0114) (89 -0.0112) (122 -0.011) (13 -0.0109) (101 0.0108) (12 -0.0108) (68 -0.0104) (119 -0.0102) 
    0.004738   (18 0.964) (136 -0.245) (19 0.065) (15 0.0386) (17 0.029) (16 -0.0252) (20 -0.0234) (23 -0.0227) (7 0.0204) (25 0.0149) (36 0.0144) (14 -0.0143) (45 0.0114) (30 0.0101) 
   0.0049792   (136 -0.969) (18 -0.244) (19 -0.0164) 
   0.0051802   (7 -1) (18 0.0192) 
   0.0053406   (5 1) 
   0.0053757   (30 -0.426) (34 -0.422) (32 -0.385) (135 0.33) (28 0.275) (29 0.235) (25 0.232) (31 -0.228) (14 0.214) (24 -0.156) (36 -0.119) (11 0.11) (26 0.106) (33 0.0824) (37 0.0818) (17 0.0677) (27 -0.0581) (13 0.0536) (35 0.0451) (38 -0.0402) (42 0.0393) (16 0.0387) (78 0.0342) (19 0.0335) (21 -0.0314) (20 -0.0277) (40 -0.0249) (43 -0.024) (47 0.0217) (22 0.0174) (39 0.0139) (48 0.0136) (12 0.0126) (15 0.0102) 
   0.0054782   (135 0.944) (30 0.149) (34 0.148) (32 0.135) (28 -0.0963) (29 -0.0822) (25 -0.0812) (31 0.0798) (14 -0.0751) (24 0.0547) (36 0.0417) (11 -0.0387) (26 -0.0371) (33 -0.0288) (37 -0.0286) (17 -0.0237) (27 0.0203) (13 -0.0188) (35 -0.0158) (38 0.014) (42 -0.0137) (16 -0.0135) (19 -0.0117) (78 -0.0117) (21 0.011) 
   0.0057266   (10 -0.736) (17 -0.601) (16 0.199) (14 0.173) (11 0.0851) (25 -0.066) (20 0.064) (24 0.0626) (13 0.0449) (15 0.035) (18 0.0303) (19 -0.0284) (21 0.0266) (34 -0.0186) (12 0.0142) (26 -0.0135) (27 0.0132) (78 0.0116) (28 -0.0101) 
   0.0058765   (145 0.999) (10 0.027) (17 -0.0226) 
   0.0063055   (10 -0.676) (17 0.661) (16 -0.217) (14 -0.165) (11 -0.0819) (25 0.0749) (20 -0.0745) (24 -0.0697) (13 -0.0391) (145 0.0367) (18 -0.0327) (19 0.0319) (15 -0.0317) (21 -0.0305) (34 0.0207) (27 -0.0174) (78 -0.0147) (26 0.0128) (30 0.0122) (37 -0.0119) (42 -0.0113) 
   0.0065487   (13 0.635) (12 0.63) (41 0.309) (14 -0.242) (11 0.133) (42 0.102) (45 0.0584) (46 0.052) (15 -0.0476) (50 0.0416) (40 0.034) (43 0.0273) (47 0.0267) (48 -0.0241) (38 0.02) (34 0.0191) (44 -0.0184) (29 0.0148) (31 0.0144) (16 -0.0139) (60 -0.0121) (39 -0.0114) (36 0.0113) (20 0.0111) (109 -0.0103) 
   0.0070764   (143 -0.999) (41 0.0363) (42 0.0136) (12 -0.0113) (13 -0.0113) 
   0.0072797   (41 -0.825) (42 -0.31) (12 0.223) (13 0.222) (14 -0.148) (45 -0.136) (46 -0.13) (40 -0.101) (43 -0.0903) (50 -0.0826) (34 -0.0714) (47 -0.0711) (38 -0.0591) (48 0.0535) (44 0.0482) (143 -0.0446) (36 -0.0441) (29 -0.0408) (15 -0.0407) (39 0.0397) (19 -0.0394) (35 0.0338) (32 -0.0309) (25 -0.0298) (31 -0.0286) (74 0.0279) (60 0.0251) (23 -0.0246) (17 -0.0239) (16 -0.0217) (59 0.0212) (24 0.0189) (109 0.0186) (28 -0.0181) (49 -0.0176) (52 0.0174) (56 0.0168) (80 0.016) (81 -0.0151) (11 0.0148) (65 0.0147) (61 -0.0142) (79 0.0138) (55 -0.0133) (84 -0.0127) (67 0.0122) (75 0.0121) (66 -0.0119) (33 0.0113) (86 -0.0107) (68 0.0106) (20 0.0104) (21 0.01) 
   0.0077513   (12 0.688) (13 -0.635) (31 0.261) (29 0.167) (14 0.126) (32 -0.0702) (30 0.0467) (37 -0.0259) (41 -0.0244) (34 -0.0222) (35 0.0206) (15 -0.0198) (67 0.017) (33 -0.0137) (138 0.0133) (43 0.0114) (68 0.0104) 
   0.0085647   (138 0.99) (31 0.105) (29 0.0661) (12 -0.0426) (13 0.0411) (32 -0.0253) (30 0.0186) (137 0.0117) 

 Largest eigenvalues
      51.438   (163 0.251) (164 0.956) 
      27.902   (14 -0.368) (32 -0.322) (34 -0.303) (78 -0.316) 
      15.318   (14 0.279) (78 -0.747) (79 0.237) 
      13.111   (109 0.7) (110 -0.455) 
      4.5377   (96 -0.292) (119 -0.416) (123 0.536) (124 -0.381) 
      1.4489   (163 0.968) (164 -0.248) 
      1.2234   (162 0.996) 
      1.1469   (165 -0.996) 
      1.1416   (90 0.65) (91 -0.571) 
      1.1345   (101 0.753) (106 0.496) 
      1.1337   (101 0.347) (106 -0.779) 
     0.92496   (111 0.33) (115 -0.778) 
     0.90452   (104 0.818) (105 0.337) 
     0.86709   (99 -0.624) (100 -0.454) (103 -0.296) 
     0.86247   (111 -0.561) (112 0.347) 
     0.75938   (109 -0.287) (110 -0.397) (111 0.312) (115 0.317) (137 -0.289) 
     0.67381   (109 0.343) (110 0.642) (111 0.292) 
     0.66926   (96 -0.765) (99 0.289) 
     0.66339   (114 -0.494) (126 0.482) (137 -0.386) 
      0.6002   (111 -0.348) (112 -0.47) (114 0.525) 
     0.57739   (108 0.598) (112 0.344) (114 0.498) 
     0.57236   (108 -0.673) (112 0.395) 
     0.57066   (114 -0.334) (122 -0.447) (124 0.315) (127 0.286) (131 -0.301) (132 -0.376) 
     0.56845   (122 0.424) (124 -0.412) (125 -0.571) 
     0.55481   (118 0.33) (120 0.658) (121 -0.325) 
     0.53886   (117 -0.509) (118 -0.632) 
     0.49593   (116 0.42) (119 -0.432) (123 -0.317) (127 -0.318) (132 -0.3) 
     0.48836   (116 -0.637) (126 0.304) (137 0.305) 
     0.48113   (116 0.552) (122 -0.331) (126 0.39) (137 0.354) 
      0.4351   (92 -0.965) 
     0.40237   (119 -0.376) (127 0.409) (137 0.391) 
     0.32556   (94 -0.926) (103 0.218) 
     0.30408   (94 0.327) (103 0.694) (104 0.338) (105 -0.387) 
     0.29916   (102 -0.833) 
     0.27044   (98 -0.474) (113 0.318) (117 -0.277) 
     0.25398   (79 -0.343) (87 -0.653) 
     0.23391   (79 0.507) (98 0.559) 
     0.23029   (79 -0.503) (87 0.595) 
     0.21051   (98 -0.386) (107 0.405) (113 -0.578) 
     0.16703   (90 -0.562) (91 -0.596) (93 0.385) 
     0.14992   (91 0.316) (97 -0.548) (107 -0.406) 
     0.14129   (93 -0.625) (107 -0.362) 
     0.13184   (85 -0.807) (86 0.373) 
     0.12643   (88 -0.383) (89 -0.64) (93 0.341) (97 0.305) 
     0.11801   (72 -0.38) (80 0.384) (81 0.471) (83 -0.391) 
      0.1096   (76 0.29) (77 0.327) (80 -0.327) 
     0.10836   (59 -0.31) (65 0.332) (69 -0.337) (76 -0.313) 
     0.10386   (58 0.563) (59 0.504) 
    0.099554   (58 -0.575) (65 -0.336) (69 0.287) 
    0.094451   (58 0.406) (59 -0.363) (65 0.27) (76 0.285) (97 -0.285) (107 0.26) 
    0.088799   (58 -0.342) (59 0.566) 
    0.079432   (59 -0.336) (64 -0.392) (65 -0.422) (83 -0.295) 
    0.075968   (63 0.217) (64 0.748) (68 0.22) (69 0.207) (76 -0.213) (83 -0.216) 
    0.073826   (61 -0.605) (63 -0.374) (69 0.316) 
    0.073162   (61 0.647) (64 -0.265) (65 0.269) (69 0.248) 
    0.066956   (61 -0.271) (69 -0.255) (76 0.246) (118 0.26) (120 -0.287) 
    0.065278   (68 0.316) (74 -0.362) (77 0.323) 
     0.06128   (63 0.592) (76 -0.211) (80 -0.229) (81 0.242) (86 -0.266) 
    0.059079   (63 -0.546) (68 -0.289) (74 0.348) 
    0.055593   (63 0.271) (67 -0.308) (68 0.407) (70 0.24) (71 0.31) (76 0.277) (77 -0.298) 
    0.053322   (67 0.438) (74 -0.396) (81 -0.349) 
    0.050331   (67 -0.548) (77 0.328) 
    0.047927   (67 0.534) (68 0.355) (74 0.294) 
    0.046349   (74 -0.28) (76 0.273) (77 -0.243) (80 -0.228) (81 0.353) (83 0.297) (86 0.219) (121 0.222) 
    0.043908   (35 -0.878) (42 -0.27) (43 -0.255) 
    0.042227   (35 0.424) (42 -0.523) (43 -0.547) 
    0.041578   (75 0.462) (86 -0.266) (88 0.273) (121 0.336) 
    0.040459   (51 -0.571) (75 -0.419) 
    0.032417   (51 0.517) (75 -0.532) 
    0.031771   (26 0.763) (28 -0.404) 
    0.029445   (26 -0.451) (27 -0.747) 
    0.027582   (27 0.457) (33 -0.331) (47 0.362) (88 -0.337) 
    0.026642   (26 0.206) (33 0.817) (37 -0.216) (88 -0.259) 
    0.021788   (44 0.307) (47 -0.472) (75 0.3) (88 -0.373) 
    0.020824   (131 0.692) (132 -0.42) 
    0.020739   (128 -0.578) (160 -0.809) 
    0.019576   (128 -0.577) (160 0.311) (161 0.755) 
    0.018284   (128 -0.577) (160 0.498) (161 -0.647) 
    0.015523   (15 -0.965) 
    0.015194   (140 0.997) 
