 1 31.6228
 2 21.418
 3 1.93604
 4 31.6228
 5 16.0955
 6 10.8771
 7 31.6196
 8 1.0342
 9 31.412
 10 29.8204
 11 0.982925
 12 27.7473
 13 31.6228
 14 31.5856
 15 0.904111
 16 31.6228
 17 31.5373
 18 1.00315
 19 31.6228
 20 26.6824
 21 6.00236
 22 31.6228
 23 30.265
 24 2.36304
 25 15.2698
 26 14.9032
 27 1.97307
 28 31.3591
 29 9.79756
 30 12.117
 31 21.754
 32 2.92466
 33 27.3648
 34 14.4646
 35 6.97857
 36 16.3506
 37 31.4193
 38 31.5529
 39 1.38727
 40 24.4799
 41 31.1081
 42 1.29513
 43 21.768
 44 28.8498
 45 1.90877
 46 31.5859
 47 10.3244
 48 23.0021
 49 30.5948
 50 13.0947
 51 13.7527
 52 9.29663
 53 30.6991
 54 16.3223
 55 9.00829
 56 12.1002
 57 29.1524
 58 8.66039
 59 8.4018
 60 11.1902
 61 4.41214
 62 1.33913
 63 20.7027
 64 16.5747
 65 0.9682
 66 21.0146
 67 29.3004
 68 3.86639
 69 31.6152
 70 31.6228
 71 28.7454
 72 4.37764
 73 31.6145
 74 1.36168
 75 31.5649
 76 31.3422
 77 1.37063
 78 29.5257
 79 31.6018
 80 1.87933
 81 31.0887
 82 31.4155
 83 14.2726
 84 1.41749
 85 10.1277
 86 1.44962
 87 31.3658
 88 1.09523
 89 1.04094
 90 1.24296
 91 2.45822
 92 17.9162
 93 26.9494
 94 26.1611
 95 30.0807
 96 30.5874
 97 15.9316
 98 16.4296
 99 8.83749
 100 29.3245
 101 30.7737
 102 10.2808
 103 11.5419
 104 10.8466
 105 10.9532
 106 12.2629
 107 12.3855
 108 12.5286
 109 10.4021
 110 8.42126
 111 12.8509
 112 13.9595
 113 13.4098
 114 12.6518
 115 12.7954
 116 11.0537
 117 12.3019
 118 13.2925
 119 11.6938
 120 8.53325
 121 10.7232
 122 6.71089
 123 7.74182
 124 5.52965
 125 5.09146
 126 6.88953
 127 4.47195
 128 8.84537
 129 7.20296
 130 7.24246
 131 4.05771
 132 4.43623
 133 4.57684
 134 5.8403
 135 2.61704
 136 6.74475
 137 2.83131
 138 2.77735
 139 2.78442
 140 3.03099
 141 2.96612
 142 2.63676
 143 2.75164
 144 3.67719
 145 3.72822
 146 3.32979
 147 2.85739
 148 5.16775
 149 3.79878
 150 3.21179
 151 3.45584
 152 4.72226
 153 4.42292
 154 3.4914
 155 4.36154
 156 4.81256
 157 6.74819
 158 0.130347
 159 0.250343
 160 0.271503
 161 3.74221
 162 4.39729
 163 17.3497
 164 25.4791
 165 0.547235
