 1 49604.3
 2 615.198
 3 28.0774
 4 175563
 5 505.482
 6 328.736
 7 461858
 8 38.9711
 9 12448.2
 10 2509.61
 11 3.93996
 12 1627.45
 13 306756
 14 4213.2
 15 0.844343
 16 311804
 17 3676.04
 18 8.96248
 19 119000
 20 2049.86
 21 390.786
 22 164537
 23 3234.43
 24 147.011
 25 265.731
 26 323.992
 27 22.6002
 28 2897.39
 29 247.281
 30 311.454
 31 516.07
 32 72.5266
 33 1007.68
 34 222.575
 35 158.451
 36 414.613
 37 1530.75
 38 2951.61
 39 7.92855
 40 981.313
 41 4316.66
 42 2.12798
 43 675.316
 44 1463.13
 45 29.2363
 46 14633.3
 47 939.349
 48 1943.82
 49 1836.88
 50 189.991
 51 318.642
 52 203.311
 53 2906.13
 54 307.582
 55 213.664
 56 315.73
 57 915.712
 58 88.1549
 59 133.229
 60 201.244
 61 22.5267
 62 1.82588
 63 466.044
 64 326.107
 65 1.66928
 66 493.247
 67 3027.84
 68 269.718
 69 162732
 70 170806
 71 2207.34
 72 231.19
 73 17661.5
 74 24.38
 75 13798.1
 76 8355.24
 77 5.5416
 78 1850.44
 79 8836.29
 80 53.3499
 81 2684.18
 82 1561.67
 83 235.877
 84 3.05917
 85 137.396
 86 3.18416
 87 4716.88
 88 1.71029
 89 1.63814
 90 1.90491
 91 10.2405
 92 497.274
 93 1693.55
 94 1614.59
 95 2663.3
 96 2448.31
 97 319.928
 98 344.404
 99 127.774
 100 1113.77
 101 1551.1
 102 131.913
 103 153.614
 104 136.788
 105 135.712
 106 161.679
 107 166.929
 108 172.343
 109 129.405
 110 100.873
 111 184.613
 112 205.225
 113 191.549
 114 175.27
 115 185.128
 116 150.385
 117 174.345
 118 195.904
 119 156.486
 120 88.7216
 121 124.347
 122 49.2012
 123 68.2031
 124 38.4191
 125 29.8466
 126 52.4454
 127 27.3657
 128 91.4968
 129 66.2336
 130 62.2638
 131 20.3174
 132 21.1075
 133 22.7483
 134 36.4073
 135 8.7201
 136 47.0044
 137 9.84073
 138 9.18692
 139 9.21758
 140 10.8036
 141 11.1963
 142 8.90281
 143 9.40955
 144 15.2396
 145 15.2638
 146 12.6633
 147 10.3412
 148 29.5991
 149 16.4375
 150 12.0302
 151 13.8707
 152 23.9353
 153 21.5399
 154 13.5563
 155 20.133
 156 24.3432
 157 46.7797
 158 0.165241
 159 0.112276
 160 0.495863
 161 25.7278
 162 26.4714
 163 1091.78
 164 1423.35
 165 7.16436
