 1 1000
 2 485.93
 3 22.3484
 4 1000
 5 406.681
 6 264.54
 7 999.849
 8 3.892
 9 991.429
 10 898.088
 11 2.31536
 12 782.669
 13 1000
 14 998.07
 15 0.823407
 16 1000
 17 996.929
 18 3.06589
 19 1000
 20 836.783
 21 160.142
 22 1000
 23 955.091
 24 44.1374
 25 245.105
 26 253.329
 27 17.7792
 28 986.556
 29 194.741
 30 246.664
 31 496.209
 32 59.2491
 33 819.032
 34 215.725
 35 138.947
 36 361.498
 37 988.563
 38 997.48
 39 3.74055
 40 613.7
 41 971.626
 42 1.77501
 43 498.68
 44 865.285
 45 17.666
 46 998.627
 47 289.447
 48 711.831
 49 948.743
 50 186.127
 51 268.903
 52 171.807
 53 953.924
 54 273.435
 55 159.762
 56 230.418
 57 885.581
 58 87.2603
 59 129.409
 60 194.006
 61 22.3613
 62 1.82439
 63 443.024
 64 321.114
 65 1.66085
 66 485.732
 67 922.857
 68 79.2404
 69 999.737
 70 1000
 71 903.791
 72 95.895
 73 999.626
 74 3.19277
 75 997.917
 76 983.631
 77 3.29201
 78 877.619
 79 999.106
 80 17.3589
 81 981.394
 82 990.096
 83 219.075
 84 2.93941
 85 107.998
 86 2.81698
 87 988.911
 88 1.71004
 89 1.63812
 90 1.90459
 91 9.21393
 92 435.156
 93 812.303
 94 773.127
 95 936.309
 96 957.18
 97 302.505
 98 328.17
 99 125.928
 100 900.19
 101 963.935
 102 127.711
 103 150.361
 104 135.451
 105 134.769
 106 161.006
 107 166.224
 108 171.446
 109 128.269
 110 98.9181
 111 183.481
 112 204.235
 113 190.789
 114 174.743
 115 184.587
 116 149.415
 117 173.747
 118 195.373
 119 155.236
 120 86.474
 121 123.704
 122 48.1829
 123 62.8453
 124 37.3762
 125 28.9817
 126 51.8941
 127 25.7264
 128 88.8831
 129 65.0564
 130 61.414
 131 19.9547
 132 20.81
 133 22.3657
 134 35.3823
 135 8.42967
 136 46.5989
 137 9.482
 138 8.84499
 139 8.8708
 140 10.2564
 141 10.488
 142 8.42216
 143 8.96948
 144 14.8079
 145 14.9289
 146 12.3039
 147 9.85151
 148 28.8264
 149 15.9314
 150 11.7089
 151 13.5094
 152 23.4439
 153 20.7327
 154 13.1467
 155 19.8098
 156 24.082
 157 46.4885
 158 0.131907
 159 0.107563
 160 0.387881
 161 21.7845
 162 24.4551
 163 383.277
 164 713.059
 165 6.52095
