 Smallest eigenvalues
  2.1176e-06   (9 -1) 
  3.2071e-06   (51 0.609) (48 -0.561) (49 -0.22) (154 -0.205) (52 -0.191) (44 -0.165) (55 -0.159) (14 0.124) (50 0.121) (47 -0.119) (78 0.101) (37 -0.0987) (53 0.0894) (54 0.0883) (77 -0.0841) (42 0.0815) (38 0.0752) (46 0.0662) (27 -0.0655) (40 0.0591) (56 0.0586) (43 0.0506) (68 0.0413) (70 0.0389) (60 -0.0331) (39 -0.0318) (41 0.0304) (67 -0.0302) (61 0.0298) (35 -0.0263) (76 0.0263) (36 0.0255) (33 0.0242) (17 0.0229) (65 -0.0227) (63 -0.0225) (32 -0.0202) (23 0.0196) (69 -0.0185) (26 0.0181) (64 0.0174) (45 0.0172) (71 -0.0169) (30 -0.0166) (75 0.0158) (19 0.0142) (25 -0.0139) (28 0.0139) (80 0.0138) (84 0.0137) (88 0.0132) (57 -0.0128) (16 0.0121) (66 0.0112) (74 -0.011) (11 -0.0109) 
  3.2599e-06   (154 -0.979) (51 -0.127) (48 0.117) (49 0.0461) (52 0.0399) (44 0.0346) (55 0.0333) (14 -0.0262) (50 -0.0253) (47 0.0248) (78 -0.0208) (37 0.0207) (53 -0.0187) (54 -0.0184) (77 0.0174) (42 -0.0171) (38 -0.0158) (46 -0.0139) (27 0.0138) (40 -0.0124) (56 -0.0122) (43 -0.0106) 
  5.6959e-06   (4 1) 
  5.8546e-06   (149 0.627) (47 0.566) (44 -0.342) (46 0.237) (45 -0.182) (37 -0.124) (14 0.104) (48 0.0938) (38 0.081) (27 -0.0674) (42 0.066) (43 0.0609) (77 -0.0597) (40 0.0578) (39 -0.0551) (78 0.0496) (51 -0.0492) (49 -0.0421) (53 -0.0312) (35 -0.0275) (52 -0.0262) (56 0.0261) (28 0.0251) (70 0.0233) (36 0.0214) (60 -0.02) (17 0.0192) (33 0.0181) (16 0.0167) (19 0.016) (25 -0.0154) (23 0.0147) (54 0.0146) (41 -0.0144) (32 -0.0121) (68 0.0113) (73 -0.0107) (31 0.0103) 
  6.0777e-06   (149 0.779) (47 -0.456) (44 0.276) (46 -0.191) (45 0.147) (37 0.0999) (14 -0.084) (48 -0.0756) (38 -0.0653) (27 0.0543) (42 -0.0532) (43 -0.0491) (77 0.048) (40 -0.0466) (39 0.0444) (78 -0.0399) (51 0.0396) (49 0.0339) (53 0.0251) (35 0.0222) (52 0.0211) (56 -0.021) (28 -0.0202) (70 -0.0188) (36 -0.0173) (60 0.0161) (17 -0.0154) (33 -0.0146) (16 -0.0134) (19 -0.0129) (25 0.0124) (23 -0.0119) (54 -0.0117) (41 0.0116) 
  6.1426e-06   (1 -0.989) (31 0.0893) (32 -0.0656) (37 0.053) (27 -0.0518) (28 0.0395) (35 0.0283) (29 0.0187) (14 0.0177) (38 -0.0175) 
  8.4034e-06   (155 -0.998) (31 0.032) (32 -0.0234) (27 -0.0197) (37 0.0183) (28 0.0142) (14 0.0121) 
   2.016e-05   (31 -0.582) (32 0.424) (27 0.357) (37 -0.332) (28 -0.257) (14 -0.218) (35 -0.181) (1 -0.147) (29 -0.119) (38 0.104) (19 -0.07) (33 0.069) (30 -0.0668) (23 -0.0646) (25 0.0625) (16 -0.0612) (155 -0.055) (43 0.0468) (36 0.0456) (77 0.0424) (44 -0.0386) (39 -0.0386) (17 -0.0383) (34 -0.0375) (78 -0.0346) (21 0.0338) (22 -0.0323) (15 -0.0259) (40 0.0245) (11 0.0232) (26 -0.0204) (42 0.0194) (49 0.019) (48 -0.0187) (51 0.018) (70 -0.0166) (56 -0.0158) (60 0.0155) (53 0.0144) (54 -0.0124) (75 0.0116) (57 -0.0115) (41 0.0107) (73 0.0106) (80 -0.0102) 
  3.7019e-05   (18 0.637) (46 -0.398) (22 -0.321) (45 0.289) (23 0.284) (19 -0.258) (44 -0.177) (42 0.125) (21 -0.124) (47 0.0698) (37 -0.0596) (48 0.0558) (27 -0.0487) (38 0.0481) (78 0.042) (17 0.0413) (36 0.041) (30 -0.041) (29 0.0393) (43 0.0389) (15 0.0359) (16 0.0357) (77 -0.0318) (40 0.0293) (26 0.0287) (34 -0.0259) (14 0.0258) (53 -0.0237) (31 0.0237) (35 -0.0236) (51 -0.0226) (68 0.0195) (32 -0.0191) (71 -0.0189) (25 0.0181) (74 -0.018) (50 0.0163) (61 0.0158) (70 0.0151) (62 0.0147) (79 0.0141) (20 0.0139) (66 -0.0135) (73 0.0133) (56 0.0123) (60 -0.0111) 
  6.3139e-05   (158 -0.999) (46 -0.0247) (18 -0.0194) (45 0.0175) (44 -0.0102) 
  0.00010356   (46 0.586) (18 0.44) (45 -0.415) (44 0.241) (22 -0.211) (19 -0.203) (23 0.162) (37 0.134) (42 -0.118) (48 -0.115) (14 -0.112) (38 -0.0834) (47 -0.0804) (40 -0.0721) (43 -0.0694) (39 0.0689) (77 0.0681) (27 0.0678) (78 -0.0558) (41 -0.0538) (21 -0.0509) (158 -0.0427) (51 0.0359) (25 0.0351) (28 -0.0348) (49 0.0338) (56 -0.033) (68 -0.0297) (34 -0.0294) (30 -0.0291) (35 0.0263) (70 -0.0261) (53 0.0243) (54 -0.0223) (67 0.0221) (71 0.0198) (26 0.019) (74 0.0178) (60 0.0157) (15 0.0153) (61 -0.0149) (80 -0.0146) (65 0.0129) (50 -0.0125) (81 0.0124) (62 -0.0123) (36 -0.012) (11 0.0113) (57 -0.0109) 
  0.00010764   (3 -1) 
  0.00013031   (19 -0.61) (14 0.452) (17 0.344) (23 -0.324) (21 -0.263) (27 0.256) (18 -0.161) (25 0.0822) (33 -0.0691) (24 -0.0671) (37 0.0612) (38 -0.0565) (44 0.0482) (30 0.0448) (28 -0.0409) (26 -0.0396) (36 -0.0309) (47 0.0281) (32 0.028) (31 0.026) (11 -0.0259) (35 0.0256) (40 -0.0251) (12 -0.0216) (46 -0.0213) (42 -0.0183) (15 -0.0182) (77 -0.0159) (29 0.0127) (13 0.0126) (39 0.0126) (78 0.0112) (34 0.0106) (57 -0.0105) (52 -0.0102) 
  0.00020703   (159 1) 
  0.00021992   (2 -1) 
  0.00024497   (22 -0.53) (19 0.495) (21 0.342) (14 0.32) (27 0.284) (23 -0.268) (17 0.235) (18 0.113) (25 0.104) (16 0.0698) (37 0.0655) (24 0.047) (157 0.0468) (38 -0.0364) (32 0.0301) (35 0.0299) (33 -0.0275) (44 0.0263) (36 -0.0256) (29 0.0248) (31 0.0205) (11 -0.0196) (15 0.0184) (30 0.0183) (40 -0.0179) (28 -0.017) (39 0.0161) (77 -0.0157) (12 -0.0153) (46 -0.0122) (43 -0.012) (47 0.011) (26 0.0109) (13 0.0103) 
  0.00028977   (157 0.999) (22 0.0249) (19 -0.0232) (21 -0.016) (14 -0.015) (27 -0.0133) (23 0.0126) (17 -0.011) 
  0.00029935   (8 1) 
   0.0003081   (28 -0.766) (150 -0.4) (27 -0.338) (14 0.16) (37 0.155) (29 0.149) (26 0.148) (32 0.092) (22 0.0725) (35 0.0678) (17 0.0559) (48 0.055) (19 0.0542) (38 -0.0507) (31 -0.0467) (16 0.0462) (25 -0.0386) (18 0.0347) (39 0.0336) (51 0.033) (15 0.0263) (42 -0.026) (49 0.0225) (33 0.0206) (75 0.02) (43 -0.0197) (36 -0.0195) (78 0.0176) (34 0.0163) (40 -0.0147) (21 0.0144) (77 -0.0132) (11 -0.0132) (68 0.0112) 
  0.00031179   (150 -0.917) (28 0.334) (27 0.147) (14 -0.0697) (37 -0.0675) (29 -0.065) (26 -0.0647) (32 -0.0401) (22 -0.0316) (35 -0.0295) (17 -0.0244) (48 -0.0239) (19 -0.0237) (38 0.0221) (31 0.0203) (16 -0.0201) (25 0.0168) (18 -0.0151) (39 -0.0146) (51 -0.0144) (15 -0.0115) (42 0.0113) 
  0.00031539   (6 -1) 
  0.00032244   (23 0.472) (22 0.471) (27 0.417) (24 -0.286) (19 0.278) (14 0.259) (153 -0.208) (17 0.157) (18 0.129) (26 -0.125) (25 0.119) (37 0.0963) (21 -0.0918) (16 0.0807) (35 0.0515) (15 0.0507) (39 0.0488) (32 0.0367) (33 0.0358) (38 -0.0308) (28 -0.028) (43 -0.0258) (29 0.0243) (48 0.0212) (77 -0.0182) (78 0.0168) (73 -0.0167) (36 -0.0158) (30 -0.0151) (11 -0.0142) (20 0.013) (56 0.012) (47 0.0113) (40 -0.0112) (52 0.0111) (31 -0.0108) (75 0.0101) 
  0.00033421   (153 -0.978) (23 -0.1) (22 -0.1) (27 -0.0886) (24 0.0607) (19 -0.0591) (14 -0.055) (17 -0.0334) (18 -0.0275) (26 0.0265) (25 -0.0253) (37 -0.0204) (21 0.0195) (16 -0.0171) (35 -0.0109) (15 -0.0108) (39 -0.0104) 
  0.00033955   (57 0.495) (73 -0.488) (70 0.43) (74 -0.278) (67 0.213) (60 0.211) (52 0.166) (77 0.143) (44 -0.138) (69 0.113) (68 -0.112) (78 -0.094) (56 0.0874) (47 -0.0784) (61 -0.0739) (33 0.0672) (66 -0.0603) (65 -0.0515) (63 0.0507) (64 -0.047) (76 -0.0447) (46 0.0443) (42 0.0402) (37 0.0388) (54 0.0385) (50 0.0371) (40 0.035) (75 0.035) (43 -0.033) (16 -0.0328) (79 0.0321) (19 -0.028) (51 0.0274) (21 0.0265) (38 0.0255) (34 -0.0236) (59 -0.0228) (14 0.0228) (62 -0.0215) (15 -0.0213) (72 -0.0206) (71 -0.0202) (30 -0.02) (123 -0.0192) (18 -0.019) (88 0.0189) (39 0.0177) (126 0.0175) (121 0.017) (124 0.0166) (22 -0.0166) (27 0.0149) (109 0.0149) (36 -0.0145) (120 0.0142) (84 0.0141) (48 0.0136) (35 0.0131) (104 0.0129) (152 -0.0129) (23 0.0129) (91 0.0124) (100 0.0123) (89 -0.0121) (80 -0.0112) (55 0.0108) (106 -0.0107) (101 0.0104) (129 -0.0104) 
  0.00035919   (73 0.614) (57 0.407) (74 0.28) (67 0.279) (152 -0.244) (44 -0.185) (68 -0.184) (52 0.137) (47 -0.126) (60 0.125) (70 -0.106) (49 0.102) (69 0.102) (72 -0.0871) (56 0.0859) (14 0.0856) (33 0.0856) (71 0.0833) (66 -0.0707) (46 0.0686) (55 0.0678) (63 0.0631) (61 -0.0563) (64 -0.0558) (38 0.055) (39 0.0507) (65 -0.0461) (40 0.045) (42 0.0433) (43 -0.0372) (120 0.0342) (48 -0.0341) (16 -0.0326) (53 -0.031) (30 -0.0298) (79 -0.0267) (34 -0.0263) (23 0.0261) (75 -0.0255) (77 -0.0244) (18 -0.0237) (59 -0.0236) (21 0.0236) (121 -0.0225) (84 0.0222) (32 -0.0209) (15 -0.0204) (62 -0.0202) (19 -0.0182) (129 -0.0171) (24 0.0165) (124 0.0164) (119 -0.0164) (88 0.0145) (78 0.0142) (125 -0.0136) (145 -0.0127) (122 0.0123) (17 0.0123) (131 -0.0121) (89 -0.0119) (51 0.0113) (76 0.011) (80 0.0106) (37 -0.0103) 
  0.00037759   (152 -0.97) (73 -0.148) (57 -0.109) (67 -0.0729) (74 -0.0668) (44 0.0491) (68 0.0476) (52 -0.0371) (60 -0.0344) (47 0.0331) (69 -0.0269) (49 -0.0259) (56 -0.0229) (33 -0.0228) (14 -0.0221) (72 0.0221) (70 0.0211) (71 -0.0206) (66 0.0185) (46 -0.0181) (55 -0.0173) (63 -0.0165) (61 0.0152) (64 0.0146) (38 -0.0144) (39 -0.0131) (65 0.0123) (40 -0.012) (145 -0.012) (42 -0.0116) 
   0.0004514   (25 -0.947) (24 -0.206) (27 0.152) (54 -0.0883) (22 -0.0752) (26 -0.0618) (52 0.0617) (56 -0.0505) (53 -0.0489) (14 0.0473) (57 -0.0339) (49 0.0327) (47 -0.0312) (16 0.0303) (44 -0.029) (55 -0.0275) (28 -0.0247) (33 0.0227) (39 0.0205) (17 0.0198) (30 -0.0156) (31 -0.0152) (46 0.0146) (15 0.0139) (77 -0.0127) (48 -0.012) (60 -0.0119) (78 0.0116) 
  0.00048643   (147 -0.748) (54 -0.385) (52 0.294) (56 -0.232) (53 -0.186) (44 -0.146) (57 -0.131) (55 -0.122) (47 -0.111) (49 0.109) (25 0.0938) (14 0.0597) (46 0.0568) (48 -0.0499) (33 0.0498) (60 -0.0471) (51 0.0433) (38 0.0401) (73 -0.0376) (42 0.0371) (27 -0.036) (24 0.034) (40 0.0333) (37 -0.0274) (70 0.0273) (77 -0.0254) (50 -0.0223) (78 0.0221) (43 -0.0184) (67 -0.0169) (16 -0.0165) (34 -0.0163) (28 0.0144) (61 0.0142) (68 0.0138) (72 0.0128) (120 0.0127) (30 -0.0125) (18 -0.0124) (32 -0.0123) (39 0.012) (23 0.0117) (15 -0.0107) 
  0.00050102   (147 -0.663) (54 0.434) (52 -0.332) (56 0.262) (53 0.21) (44 0.165) (57 0.148) (55 0.138) (47 0.125) (49 -0.123) (25 -0.101) (14 -0.0676) (46 -0.0642) (48 0.0564) (33 -0.0563) (60 0.0531) (51 -0.0489) (38 -0.0452) (73 0.0425) (42 -0.0418) (27 0.0399) (40 -0.0376) (24 -0.0372) (37 0.0309) (70 -0.0308) (77 0.0286) (50 0.0252) (78 -0.0249) (43 0.0208) (67 0.0191) (16 0.0184) (34 0.0184) (28 -0.0161) (61 -0.016) (68 -0.0156) (72 -0.0145) (30 0.0142) (120 -0.0142) (18 0.014) (32 0.014) (39 -0.0136) (23 -0.0132) (15 0.012) (21 -0.0109) 
   0.0005033   (53 0.676) (55 0.45) (39 -0.37) (52 0.268) (57 -0.16) (44 -0.151) (54 -0.122) (40 0.119) (37 0.107) (47 -0.0784) (49 0.0734) (42 0.0718) (38 -0.0628) (60 -0.0613) (56 0.0562) (46 0.0506) (48 -0.0468) (41 -0.0467) (70 0.0408) (77 -0.0384) (78 0.0356) (50 -0.0228) (36 -0.022) (151 -0.019) (27 0.0179) (73 -0.0165) (61 0.0165) (35 0.0159) (72 0.0124) (69 0.0123) (19 -0.0122) 
  0.00051116   (151 -0.967) (39 0.202) (37 -0.0722) (53 0.066) (38 0.0527) (40 -0.0489) (55 0.048) (52 0.0323) (33 0.0276) (14 0.0264) (41 0.0214) (27 -0.0211) (44 0.0181) (57 -0.0175) (42 -0.0175) (49 -0.014) (77 -0.0109) (73 -0.0103) (56 0.01) (35 -0.01) 
  0.00056009   (39 -0.747) (53 -0.304) (37 0.269) (151 -0.252) (55 -0.218) (38 -0.197) (40 0.178) (52 -0.145) (33 -0.106) (14 -0.101) (27 0.0795) (57 0.0791) (41 -0.0785) (42 0.0616) (44 -0.0578) (49 0.0483) (77 0.0449) (56 -0.0428) (54 0.0425) (73 0.0413) (78 -0.0399) (34 0.0382) (35 0.0371) (43 0.0368) (60 0.036) (24 -0.0354) (48 -0.033) (28 -0.0315) (70 -0.0305) (36 -0.0272) (31 -0.0259) (32 0.0255) (51 -0.0234) (72 -0.0194) (68 -0.0173) (47 -0.0172) (18 0.0168) (67 0.0163) (23 -0.0153) (50 -0.015) (45 0.0129) (29 -0.0108) (61 -0.0103) 
  0.00056769   (70 -0.809) (57 0.281) (73 -0.272) (72 0.245) (69 -0.157) (52 0.157) (49 -0.135) (74 -0.0962) (60 0.0921) (51 0.0723) (48 0.0644) (71 -0.0634) (76 -0.0612) (50 0.0601) (75 0.0518) (68 0.0516) (44 -0.0502) (65 -0.0454) (33 0.0365) (54 -0.0361) (148 0.0329) (78 0.0327) (55 0.0318) (61 -0.0309) (84 0.0283) (37 0.0267) (56 0.0245) (40 0.024) (124 0.0231) (42 0.0227) (43 -0.0206) (16 -0.0193) (19 -0.0186) (47 -0.0175) (88 0.0175) (21 0.017) (67 -0.0149) (129 -0.0145) (126 0.0142) (46 0.014) (22 -0.0139) (34 -0.0134) (79 -0.0133) (36 -0.0119) (38 0.0113) (90 0.0113) (53 0.0106) (14 0.0105) (97 -0.0101) (39 -0.0101) 
  0.00061409   (148 0.852) (49 0.363) (51 -0.148) (52 -0.147) (48 -0.146) (44 -0.122) (50 -0.12) (54 0.119) (47 -0.0916) (73 -0.072) (46 0.0492) (14 0.0472) (39 0.0408) (70 -0.0381) (72 0.0365) (33 0.0338) (38 0.0335) (67 -0.0326) (37 -0.0319) (68 0.0295) (77 -0.0285) (78 0.026) (42 0.0208) (55 -0.0206) (27 -0.0201) (45 0.0199) (53 0.0195) (74 -0.0194) (69 -0.0185) (40 0.0162) (71 -0.0159) (57 -0.0146) (24 0.0145) (23 0.0117) (32 -0.0114) (30 -0.0104) 
  0.00065897   (49 -0.583) (148 0.523) (51 0.237) (48 0.233) (52 0.229) (44 0.202) (50 0.192) (54 -0.192) (47 0.151) (73 0.135) (70 0.113) (46 -0.0813) (14 -0.0777) (72 -0.0751) (39 -0.0659) (33 -0.0577) (38 -0.0554) (67 0.0542) (68 -0.0515) (37 0.0502) (77 0.0465) (78 -0.0445) (69 0.0403) (74 0.0377) (42 -0.0356) (53 -0.0326) (27 0.0322) (45 -0.032) (55 0.0315) (71 0.0299) (40 -0.0281) (24 -0.0238) (23 -0.0196) (32 0.0189) (30 0.0175) (34 0.017) (16 0.0157) (79 0.0154) (18 0.0151) (63 0.0136) (56 -0.0125) (75 -0.0124) (76 0.0123) (21 -0.012) (64 -0.0114) (120 -0.0113) (43 0.0105) 
  0.00072243   (38 0.803) (37 0.329) (24 0.203) (23 0.176) (39 -0.164) (44 0.149) (21 0.147) (40 -0.125) (33 0.122) (19 -0.1) (36 -0.0941) (18 -0.0912) (16 -0.082) (43 0.081) (42 -0.0752) (14 0.0693) (27 0.0653) (47 0.0548) (35 0.0508) (34 -0.048) (15 -0.0476) (52 -0.0438) (25 -0.0353) (57 -0.0345) (22 -0.0341) (46 -0.0319) (41 -0.0253) (26 -0.019) (30 -0.0185) (56 -0.0167) (31 -0.0156) (17 0.0125) (20 -0.0107) (28 -0.0102) 
  0.00080072   (24 0.581) (23 0.478) (21 0.327) (38 -0.305) (33 -0.237) (18 -0.191) (19 -0.174) (14 0.173) (37 -0.117) (25 -0.112) (16 -0.111) (30 0.097) (27 0.0838) (34 0.0762) (15 -0.0664) (26 -0.0535) (32 0.0526) (142 -0.0441) (17 0.043) (36 0.0367) (35 -0.0331) (22 -0.028) (44 0.0263) (28 -0.0257) (20 -0.02) (49 -0.0147) (39 0.0142) (40 0.0136) (11 -0.0133) (29 -0.0131) (47 0.0121) (12 -0.0117) (31 0.0107) 
  0.00092038   (142 -0.996) (145 0.0682) (24 -0.0269) (23 -0.0222) (141 -0.02) (21 -0.0154) (140 0.0142) 
  0.00098015   (44 -0.421) (52 -0.41) (47 -0.407) (48 0.345) (49 -0.342) (16 -0.241) (51 -0.16) (46 0.159) (57 -0.144) (43 -0.134) (50 0.127) (14 0.106) (17 -0.106) (56 -0.105) (33 0.093) (15 -0.0923) (37 0.0856) (39 0.0699) (42 0.066) (40 0.0639) (53 0.0589) (77 0.0425) (27 0.0416) (54 -0.0369) (60 -0.0338) (34 -0.0337) (78 -0.0316) (41 0.0284) (36 -0.0283) (35 0.0266) (30 -0.0243) (38 0.0241) (45 -0.0175) (31 -0.0159) (22 -0.0159) (19 -0.0152) (65 0.0145) (74 -0.0135) (84 0.0131) (18 0.013) (55 -0.0123) (68 -0.0123) (120 0.0107) (61 0.0102) 
   0.0010217   (16 -0.711) (17 -0.409) (14 0.298) (15 -0.25) (18 0.165) (44 0.16) (21 -0.132) (47 0.128) (33 -0.12) (19 0.119) (23 -0.0996) (52 0.091) (48 -0.084) (49 0.0781) (24 -0.0733) (46 -0.056) (30 0.0493) (43 0.0478) (39 -0.0394) (34 0.0383) (51 0.0371) (42 -0.0354) (50 -0.0336) (38 -0.0325) (40 -0.032) (22 0.0295) (57 0.0267) (32 0.0241) (56 0.0225) (27 0.0214) (37 -0.0214) (12 -0.0196) (28 -0.0187) (11 -0.0173) (20 0.0151) (31 0.0144) (35 -0.0143) (13 0.0127) (41 -0.0119) (77 -0.0116) (53 -0.0112) 
   0.0011047   (146 0.978) (145 -0.207) (140 0.01) 
   0.0011621   (54 0.685) (52 0.398) (33 0.346) (56 -0.302) (57 -0.227) (36 0.147) (34 -0.123) (53 -0.106) (35 0.0912) (38 -0.0782) (50 0.0756) (30 -0.0684) (39 -0.0556) (16 -0.0531) (49 -0.0488) (51 0.0486) (48 0.048) (14 0.0473) (21 0.0473) (60 -0.0437) (47 -0.0411) (44 -0.0408) (19 -0.0392) (32 -0.0387) (77 0.0382) (18 -0.0359) (15 -0.035) (78 -0.0314) (24 0.0273) (22 -0.0246) (23 0.0244) (46 0.023) (68 -0.0217) (67 0.0213) (137 0.0179) (71 -0.0152) (73 0.0141) (72 -0.0127) (61 0.0116) (69 0.0113) (70 -0.0108) (43 -0.0106) (79 0.0103) (28 0.0101) 
   0.0013609   (33 0.639) (36 0.371) (54 -0.297) (52 -0.229) (34 -0.226) (44 0.207) (38 -0.192) (35 0.162) (39 -0.162) (37 -0.134) (137 0.128) (56 0.121) (30 -0.112) (14 0.107) (42 -0.0777) (40 -0.0773) (32 -0.0761) (57 0.0723) (47 0.0723) (43 0.0673) (53 0.0509) (21 0.0496) (16 -0.0488) (46 -0.048) (24 0.0465) (18 -0.0437) (51 -0.0399) (23 0.0368) (27 -0.0315) (50 -0.0301) (19 -0.0295) (41 -0.0292) (15 -0.0287) (28 0.0256) (77 -0.0195) (78 0.017) (17 0.0158) (73 -0.0147) (29 0.0147) (60 0.0147) (22 -0.0134) (70 0.0117) (67 -0.0101) 
   0.0015078   (137 0.991) (33 -0.089) (36 -0.0506) (34 0.0315) (38 0.0262) (54 0.0261) (44 -0.0256) (145 0.0244) (35 -0.0226) (52 0.0222) (39 0.0218) (37 0.0173) (30 0.0158) (14 -0.0149) (32 0.0106) (56 -0.0103) (40 0.0101) 
   0.0015257   (11 -0.956) (35 -0.259) (33 0.0625) (37 0.0598) (30 -0.0539) (36 -0.046) (32 -0.0383) (14 -0.038) (38 -0.0362) (133 0.0297) (44 0.0164) (15 -0.0137) (40 -0.0114) (71 0.0112) (31 -0.0106) (46 -0.01) 
   0.0016232   (133 0.844) (35 -0.452) (11 0.175) (33 0.112) (37 0.0963) (30 -0.087) (36 -0.0808) (14 0.0686) (32 -0.065) (38 -0.0582) (27 -0.039) (44 0.0277) (40 -0.0199) (28 0.0142) (17 0.0142) (55 -0.0137) (23 0.0133) (42 -0.0132) (46 -0.013) (31 -0.0119) (20 0.0113) (45 -0.0103) 
   0.0018974   (35 0.726) (133 0.536) (11 -0.223) (33 -0.179) (37 -0.155) (30 0.14) (36 0.13) (14 -0.106) (32 0.104) (38 0.0936) (27 0.062) (44 -0.0445) (40 0.032) (17 -0.0227) (28 -0.0227) (55 0.0219) (42 0.0213) (23 -0.0211) (46 0.0211) (31 0.0193) (20 -0.018) (45 0.0167) (39 0.015) (47 -0.0137) (21 -0.0126) (53 -0.0125) (51 0.0117) (48 -0.0107) (77 0.0104) (43 0.0104) (18 0.0101) (25 0.01) 
   0.0020056   (30 -0.723) (32 -0.483) (31 -0.206) (55 -0.195) (33 -0.193) (34 0.177) (35 0.159) (53 0.139) (28 -0.0854) (37 -0.0835) (50 -0.0699) (72 0.0685) (27 0.0633) (29 -0.0602) (51 -0.0456) (52 0.0395) (74 0.0387) (49 -0.0378) (16 -0.0366) (21 0.0321) (18 -0.0293) (42 -0.0255) (60 0.0254) (68 0.0253) (56 -0.023) (47 0.0218) (41 0.0217) (25 0.0213) (130 -0.0208) (48 0.0205) (40 -0.0203) (71 -0.02) (78 -0.0197) (57 0.0191) (69 0.0179) (46 -0.0178) (70 0.0166) (19 -0.0156) (44 0.0145) (65 0.0134) (24 0.0122) (73 0.0115) (39 -0.0105) (84 0.0101) 
   0.0021256   (72 0.641) (74 0.366) (68 0.349) (130 -0.269) (78 -0.246) (70 0.202) (67 -0.179) (71 -0.147) (55 0.142) (53 -0.114) (69 0.107) (77 0.0913) (60 0.0883) (57 0.0692) (56 0.062) (83 -0.0593) (51 0.0581) (80 -0.055) (41 0.0535) (62 0.0523) (73 0.0439) (64 0.0365) (40 0.0359) (30 0.0356) (33 0.033) (47 -0.0321) (107 -0.0309) (66 -0.0306) (86 -0.0292) (63 -0.0289) (61 0.0285) (44 -0.0282) (85 -0.0254) (76 -0.0235) (48 0.0228) (52 0.0215) (46 0.0213) (59 0.0205) (109 -0.019) (96 0.0184) (37 0.0179) (89 -0.0171) (120 -0.0167) (129 0.0166) (84 0.0164) (32 0.0163) (79 0.0154) (87 -0.015) (35 -0.013) (54 0.0129) (134 -0.0122) (16 -0.0117) (58 -0.0115) (93 -0.0115) (100 0.0113) (34 -0.0108) (124 -0.0106) (104 -0.01) 
   0.0022177   (130 -0.572) (55 0.545) (53 -0.375) (72 -0.226) (50 0.202) (30 -0.169) (74 -0.136) (32 -0.107) (56 0.0865) (52 -0.0833) (49 0.0792) (60 -0.0745) (69 -0.0737) (57 -0.0727) (51 0.0717) (71 0.0685) (78 0.0548) (68 -0.0534) (43 0.0528) (34 0.0524) (70 -0.0517) (65 -0.0509) (48 -0.0493) (73 -0.0486) (31 -0.0465) (41 0.0401) (46 0.037) (84 -0.0332) (54 -0.0316) (129 0.0294) (33 -0.0279) (47 -0.027) (81 -0.0245) (77 -0.0242) (28 -0.0242) (88 0.019) (67 0.0182) (80 0.0173) (45 0.0169) (27 0.0167) (18 -0.0156) (120 -0.0155) (124 -0.0154) (14 0.0148) (134 0.0136) (21 0.013) (35 0.0128) (16 -0.0126) (37 -0.0126) (29 -0.0124) (90 -0.0118) (15 -0.0114) (107 0.0109) (66 0.0107) (87 0.01) 
   0.0023529   (130 -0.771) (55 -0.448) (53 0.314) (50 -0.149) (30 0.132) (32 0.0867) (56 -0.0852) (68 -0.0827) (51 -0.0725) (72 -0.0573) (49 -0.0556) (52 0.053) (41 -0.0493) (67 0.0493) (78 0.0449) (134 0.0447) (43 -0.0421) (34 -0.0398) (31 0.038) (65 0.0376) (131 0.035) (46 -0.0345) (70 -0.0325) (47 0.0308) (129 0.0302) (57 0.0289) (48 0.0279) (74 -0.0278) (60 0.0235) (73 0.0204) (83 0.02) (28 0.0191) (84 0.0188) (54 0.0186) (64 -0.0172) (69 0.0168) (27 -0.0157) (63 0.0154) (44 0.0148) (81 0.0146) (16 0.0146) (33 0.0142) (88 -0.0139) (85 0.0139) (77 -0.0138) (40 -0.0134) (18 0.0128) (62 -0.0125) (79 -0.0124) (14 -0.0119) (86 0.0117) (21 -0.0114) 
   0.0026093   (24 -0.663) (21 0.422) (23 0.261) (18 -0.238) (22 -0.229) (56 -0.219) (19 -0.208) (27 -0.155) (25 0.13) (15 -0.124) (33 -0.0932) (20 -0.0907) (52 -0.0813) (57 0.0668) (16 -0.0645) (37 -0.0608) (44 0.0569) (30 0.0558) (55 0.0517) (53 0.0365) (47 0.0351) (36 0.0333) (60 0.0329) (34 0.0312) (35 -0.0284) (26 0.0253) (42 -0.0241) (77 -0.0239) (13 0.023) (46 -0.0227) (31 -0.0208) (12 -0.0197) (48 -0.0189) (29 -0.0161) (78 0.0159) (70 0.015) (14 0.0141) (120 -0.0135) (39 -0.0133) (74 0.013) (68 0.0129) (65 -0.0128) (54 -0.0122) (124 0.0109) 
   0.0026569   (60 -0.861) (56 0.31) (61 0.201) (57 0.191) (55 -0.125) (52 0.118) (77 0.0873) (78 -0.0712) (47 -0.0702) (24 -0.0695) (21 0.0588) (132 0.0561) (59 -0.0486) (51 -0.0408) (48 0.0394) (46 0.0387) (19 -0.0375) (72 0.0365) (54 0.0362) (22 -0.0347) (53 -0.0338) (23 0.0327) (79 0.0321) (18 -0.032) (62 0.0288) (15 -0.0273) (84 -0.0235) (71 0.0233) (44 -0.0233) (108 -0.021) (16 -0.0207) (107 0.0196) (109 0.0191) (124 0.0184) (80 -0.0167) (73 -0.0159) (25 0.0153) (69 0.0153) (76 -0.0145) (33 0.0144) (74 -0.0132) (123 0.013) (119 -0.0129) (42 0.0124) (20 -0.0124) (118 0.0118) (90 -0.0115) (64 0.0115) (125 -0.0111) (66 -0.011) (68 0.0107) (67 0.0102) (49 0.0102) (65 -0.0101) (82 0.01) 
   0.0027464   (132 0.759) (56 0.452) (57 -0.277) (60 0.203) (50 -0.124) (52 0.123) (53 -0.0902) (55 -0.0902) (24 -0.0901) (131 -0.0849) (21 0.0748) (44 -0.0594) (43 -0.0569) (47 -0.0477) (61 -0.0476) (19 -0.0467) (22 -0.045) (23 0.0427) (18 -0.0414) (51 0.0391) (48 0.0385) (77 0.0341) (70 -0.0315) (68 -0.0313) (16 -0.0293) (65 0.0289) (15 -0.0245) (72 -0.0234) (25 0.0216) (78 -0.0211) (33 0.0208) (74 -0.0206) (67 0.0206) (40 0.0198) (84 0.0191) (37 0.0182) (120 0.0177) (59 0.0157) (45 -0.0147) (49 -0.0143) (20 -0.0138) (27 -0.0131) (64 -0.012) (41 0.0117) 
   0.0028822   (132 0.639) (56 -0.564) (57 0.311) (60 -0.163) (52 -0.157) (50 0.146) (55 0.118) (24 0.113) (53 0.11) (21 -0.0942) (44 0.0725) (131 -0.0693) (43 0.068) (47 0.0631) (19 0.0589) (22 0.0565) (23 -0.0536) (18 0.052) (48 -0.0492) (77 -0.0479) (51 -0.0424) (61 0.0384) (70 0.037) (16 0.0367) (68 0.0363) (65 -0.0335) (15 0.0316) (78 0.031) (124 0.0309) (120 -0.0298) (25 -0.027) (33 -0.026) (74 0.0257) (67 -0.0253) (72 0.0247) (40 -0.0243) (84 -0.0215) (123 0.0215) (37 -0.0215) (45 0.0181) (20 0.0175) (122 0.0171) (27 0.0161) (49 0.0159) (107 0.015) (125 -0.0149) (59 -0.0142) (129 -0.0139) (64 0.0133) (41 -0.013) (63 -0.0115) (54 -0.0112) (46 -0.0112) (34 0.0108) 
   0.0035842   (40 0.819) (41 -0.3) (65 -0.258) (39 0.214) (44 0.178) (84 -0.137) (43 0.127) (67 0.127) (57 -0.0808) (37 0.0666) (42 -0.065) (33 0.0587) (38 0.0499) (66 -0.0487) (64 0.0461) (63 -0.0451) (87 0.0401) (47 0.0385) (52 -0.0353) (72 0.0343) (127 -0.0314) (51 -0.0271) (30 -0.027) (55 -0.0263) (50 0.0242) (16 -0.0236) (69 0.0235) (32 -0.0235) (96 0.0206) (73 -0.0192) (90 0.0167) (46 -0.0163) (34 -0.0162) (31 -0.0157) (107 -0.0152) (15 0.0149) (78 0.0147) (21 0.0144) (19 -0.0132) (24 0.0131) (27 0.013) (53 0.0129) (91 -0.0127) (109 -0.0122) (77 -0.0117) (49 -0.0108) (45 0.0107) (82 0.0105) 
   0.0037385   (84 -0.858) (127 -0.353) (65 0.203) (87 0.17) (67 -0.111) (90 0.0738) (57 0.0712) (107 -0.0624) (77 -0.0606) (85 0.0539) (40 -0.0484) (78 0.0439) (44 -0.0432) (86 -0.0428) (109 -0.042) (96 0.0408) (92 0.0398) (66 0.0392) (60 0.0383) (52 0.038) (129 0.0377) (64 -0.0362) (63 0.0352) (43 -0.0328) (120 0.0305) (91 -0.0299) (123 -0.0284) (47 -0.0269) (103 -0.0259) (88 0.0254) (50 -0.0237) (69 -0.0226) (41 0.0225) (126 0.021) (56 0.0203) (93 -0.0201) (94 -0.0194) (39 -0.0186) (83 0.0173) (79 0.0162) (48 0.0157) (89 -0.0149) (71 0.0139) (102 0.0138) (49 -0.0138) (51 0.0131) (54 0.0128) (112 0.0125) (122 0.0124) (33 0.0122) (61 -0.0115) (55 -0.0111) (101 -0.0107) (105 -0.0104) (114 0.0104) 
   0.0039168   (127 -0.697) (65 0.435) (84 0.388) (67 -0.226) (40 0.189) (50 0.0957) (129 0.091) (66 0.0857) (87 -0.0842) (57 0.0832) (72 -0.0815) (64 -0.074) (41 -0.0717) (63 0.0713) (39 0.0544) (43 0.0489) (90 -0.0467) (69 -0.045) (78 -0.0445) (77 0.0384) (73 0.0358) (107 0.0315) (96 -0.0298) (85 -0.0287) (109 0.0274) (52 0.0263) (74 -0.0257) (91 0.0245) (49 0.0204) (86 0.0204) (33 0.0202) (76 0.02) (92 -0.0188) (51 -0.0183) (71 -0.018) (44 0.0176) (37 0.0169) (48 -0.0164) (60 0.0162) (38 0.0158) (56 0.0157) (103 0.0156) (46 0.0151) (45 0.0147) (94 0.013) (14 0.0122) (82 -0.0121) (75 -0.0119) (30 -0.0116) (68 -0.0105) 
   0.0040682   (127 -0.609) (65 -0.601) (67 0.315) (40 -0.231) (57 -0.132) (66 -0.118) (64 0.103) (63 -0.0994) (50 -0.0951) (72 0.0928) (129 0.0894) (41 0.0843) (69 0.0633) (84 0.0626) (39 -0.0623) (52 -0.0506) (43 -0.0426) (73 -0.0423) (60 -0.0407) (33 -0.0335) (56 -0.0295) (76 -0.0252) (38 -0.0244) (78 0.0239) (37 -0.0237) (74 0.0234) (46 -0.0213) (79 -0.018) (14 -0.0165) (75 0.0157) (61 0.0155) (109 -0.0153) (30 0.0151) (49 -0.0142) (51 0.0142) (21 -0.0141) (47 0.0139) (70 -0.0138) (96 0.0133) (93 0.0131) (83 -0.0127) (45 -0.0126) (71 0.0122) (16 0.0118) (90 0.0116) (91 -0.0112) (120 -0.0111) (82 0.011) (80 0.0108) (15 0.0108) (19 0.0104) (59 0.0103) 
   0.0041118   (105 0.594) (96 -0.32) (103 0.281) (123 -0.257) (101 0.206) (110 -0.197) (108 -0.191) (106 -0.17) (120 -0.168) (98 -0.166) (107 -0.165) (112 -0.155) (119 -0.14) (117 -0.131) (99 -0.128) (122 0.123) (102 -0.111) (97 -0.105) (114 -0.0898) (121 -0.0841) (111 -0.074) (50 0.0681) (109 -0.0622) (91 -0.062) (115 -0.0525) (94 0.0503) (118 0.048) (90 -0.0458) (100 -0.0397) (116 -0.033) (71 0.0304) (84 -0.0299) (124 -0.0299) (82 -0.0282) (51 -0.0246) (55 -0.0234) (113 -0.0233) (92 -0.0211) (93 -0.0196) (104 0.0183) (72 0.0168) (65 -0.0162) (60 0.015) (81 -0.0145) (56 0.0141) (80 -0.0141) (125 -0.0141) (89 0.0139) (85 -0.0129) (86 0.0117) (79 0.0115) (141 -0.0112) (53 0.0105) (83 0.0104) 
   0.0042539   (141 -0.994) (145 0.0933) (142 0.0268) (140 0.0218) (123 -0.0215) (96 0.014) (146 0.0137) (105 -0.0128) 
   0.0043739   (50 0.822) (51 -0.266) (55 -0.236) (56 0.147) (49 0.146) (71 0.137) (53 0.111) (48 -0.109) (60 0.0985) (65 -0.0941) (57 -0.0913) (40 -0.0904) (43 0.0869) (52 0.0813) (72 0.0781) (123 0.0715) (45 0.0651) (15 -0.0633) (84 -0.0616) (107 0.0587) (46 0.0522) (105 -0.0511) (82 -0.0505) (120 0.0429) (96 -0.0417) (119 0.0404) (117 0.0349) (74 0.0339) (68 0.0337) (122 -0.0333) (80 -0.0314) (47 0.0287) (63 -0.0287) (90 -0.0285) (54 -0.0285) (81 -0.0265) (64 0.0263) (109 0.0262) (87 -0.0262) (121 0.025) (24 -0.0242) (108 0.0227) (118 -0.0224) (103 -0.0222) (79 0.0219) (101 -0.021) (32 0.0206) (92 0.0199) (124 0.0197) (16 0.0196) (38 -0.019) (61 -0.0189) (112 -0.0187) (115 0.0182) (42 0.018) (59 0.0171) (83 0.0166) (110 0.0166) (111 -0.0158) (66 -0.0157) (104 -0.0146) (14 -0.0125) (33 -0.0124) (98 0.0121) (13 0.0118) (97 -0.0114) (12 -0.0111) (41 0.0108) (106 0.0104) 
   0.0044174   (71 0.58) (45 0.453) (81 -0.318) (46 0.311) (80 -0.274) (50 -0.173) (83 0.169) (93 -0.155) (87 -0.129) (72 0.0848) (78 0.0779) (76 -0.0776) (69 -0.0768) (43 0.0742) (79 0.0691) (98 -0.0667) (48 0.0611) (49 -0.0556) (109 -0.0545) (67 -0.0528) (100 0.052) (97 0.051) (44 0.05) (113 0.0487) (51 0.0432) (105 -0.0404) (68 0.0399) (107 0.0357) (89 0.0349) (77 0.034) (85 -0.0332) (47 0.0317) (60 0.0296) (75 0.0291) (90 0.0281) (70 0.0272) (156 0.0261) (73 -0.0253) (123 -0.0234) (74 0.0218) (114 0.0217) (54 0.0213) (96 0.0213) (99 0.0209) (42 0.0207) (101 -0.0189) (57 0.0174) (82 -0.0173) (122 0.0171) (118 0.0166) (115 -0.0165) (119 -0.0162) (117 -0.0155) (20 -0.0145) (91 -0.0131) (41 -0.0131) (63 -0.013) (88 -0.0125) (103 0.0125) (112 0.0124) (65 -0.0123) (52 0.0121) (104 0.0116) (35 -0.0106) (40 -0.0106) (39 0.0103) 
   0.0045662   (156 0.999) (45 -0.027) (46 -0.0186) 
   0.0046834   (45 0.634) (71 -0.498) (46 0.44) (80 0.147) (81 0.144) (43 0.134) (79 -0.131) (87 0.096) (44 0.0906) (109 0.0761) (83 -0.074) (47 0.0696) (72 -0.0681) (69 0.067) (40 -0.0625) (67 0.0613) (90 0.059) (113 -0.0373) (68 -0.0362) (98 0.0358) (100 -0.0353) (48 0.0348) (85 0.0343) (76 0.0341) (105 0.0298) (38 -0.0295) (96 -0.0278) (78 -0.0267) (49 -0.026) (37 0.0248) (75 -0.0235) (15 -0.0235) (156 0.0232) (57 -0.0231) (42 0.0228) (123 0.022) (86 -0.0217) (73 0.0204) (114 -0.0195) (39 0.0193) (122 -0.0193) (118 -0.0189) (63 0.0184) (14 -0.0178) (70 -0.0165) (93 -0.0162) (115 0.0154) (117 0.0142) (110 -0.0141) (97 -0.0137) (64 -0.0137) (54 -0.0137) (35 -0.0134) (107 -0.0132) (112 -0.0131) (60 -0.0126) (56 0.0121) (24 -0.0121) (101 0.0118) (66 -0.0116) (55 -0.0115) (82 -0.0111) (84 -0.011) (102 0.0103) (36 -0.0102) 
   0.0047424   (20 0.946) (136 -0.277) (21 0.133) (19 -0.05) (24 -0.0451) (15 0.0332) (16 -0.0287) (22 0.028) (17 0.021) (23 -0.0174) (7 0.0142) (45 0.014) (35 0.0136) (30 0.0123) (27 -0.0119) (36 0.0114) (33 -0.0107) (46 0.0103) (14 -0.0101) 
    0.004925   (136 -0.961) (20 -0.273) (21 -0.0383) (19 0.0145) (24 0.013) (7 0.0105) 
   0.0051282   (7 -1) (136 -0.014) (20 0.0104) 
   0.0053351   (5 -1) 
   0.0054068   (31 -0.439) (27 -0.389) (32 0.369) (28 0.361) (135 -0.306) (37 0.292) (14 0.237) (29 -0.218) (30 -0.183) (35 0.157) (38 -0.117) (39 0.0706) (17 0.0684) (36 -0.068) (25 -0.0528) (19 0.0481) (16 0.0451) (33 -0.0374) (34 -0.0372) (23 0.0362) (21 -0.0342) (44 0.0311) (40 -0.0297) (18 0.0286) (77 -0.0275) (47 0.0245) (78 0.0241) (43 -0.0239) (41 0.0236) (26 0.0225) (15 0.022) (11 -0.0199) (22 0.0161) (42 -0.0125) (12 -0.012) (72 0.0103) 
   0.0054134   (135 -0.952) (31 0.141) (27 0.125) (32 -0.119) (28 -0.116) (37 -0.0938) (14 -0.0763) (29 0.07) (30 0.059) (35 -0.0506) (38 0.0376) (39 -0.0227) (17 -0.0221) (36 0.0219) (25 0.017) (19 -0.0155) (16 -0.0145) (33 0.0121) (34 0.012) (23 -0.0117) (21 0.011) 
   0.0056553   (10 0.764) (17 -0.493) (16 0.311) (14 0.207) (27 0.0968) (15 0.094) (19 -0.0839) (21 0.0471) (37 0.0344) (25 0.0309) (22 -0.0287) (23 -0.0233) (28 -0.0178) (18 -0.0139) (38 -0.0129) (35 0.0111) (20 0.0105) (11 -0.0103) (26 -0.0101) 
   0.0057482   (144 0.999) (10 -0.0267) (17 -0.0211) (16 0.0132) 
   0.0060604   (10 0.644) (17 0.59) (16 -0.37) (14 -0.224) (27 -0.12) (19 0.105) (15 -0.105) (21 -0.0601) (37 -0.0437) (144 0.0381) (25 -0.0372) (22 0.0359) (23 0.0294) (28 0.0206) (11 0.0188) (18 0.0167) (26 0.0156) (38 0.0151) (12 0.0146) (31 0.0143) (35 -0.0141) (77 0.0128) (20 -0.0111) (30 0.0109) 
    0.006398   (13 -0.88) (12 0.327) (43 -0.271) (41 0.101) (42 -0.0968) (40 0.0718) (45 0.0653) (47 0.0518) (14 0.0488) (50 0.0442) (15 -0.0433) (39 -0.039) (38 0.0311) (37 -0.0304) (44 0.0248) (48 -0.0245) (46 0.0175) (30 0.0155) (36 0.0154) (49 0.013) (31 -0.0128) (32 -0.0107) (60 -0.0106) 
   0.0067873   (143 -0.999) (43 -0.0318) (13 0.0153) (42 -0.0108) (41 0.0101) 
   0.0069336   (43 0.777) (13 -0.316) (42 0.262) (41 -0.245) (40 -0.201) (45 -0.159) (47 -0.13) (39 0.116) (12 0.113) (37 0.103) (38 -0.095) (50 -0.0903) (44 -0.0783) (48 0.0551) (143 -0.0417) (15 -0.0408) (36 -0.0406) (46 -0.0393) (74 0.032) (30 -0.0293) (14 -0.0292) (27 0.0289) (32 0.0285) (49 -0.0282) (18 -0.028) (31 0.0276) (24 -0.0258) (35 0.0239) (59 -0.0236) (60 0.0214) (21 0.02) (80 0.0197) (64 0.0188) (79 0.0172) (109 0.0163) (56 0.0161) (52 0.0157) (67 0.0155) (107 0.0153) (61 -0.0147) (55 -0.0145) (81 -0.0142) (84 -0.014) (17 -0.0136) (34 0.0134) (29 0.0125) (62 0.0108) (78 0.0108) (68 0.0107) (28 -0.0106) (63 -0.0104) 
   0.0076503   (12 0.887) (13 0.332) (32 -0.183) (30 0.172) (31 -0.172) (29 -0.0488) (14 0.045) (36 -0.0344) (33 0.0252) (41 -0.0249) (42 0.0205) (35 0.0173) (66 0.0173) (40 -0.0173) (15 -0.0163) (138 0.0142) (68 0.0121) (37 0.0121) (18 0.0119) (38 -0.0113) (27 -0.0102) 
   0.0083395   (138 0.992) (32 -0.0666) (30 0.061) (31 -0.0605) (12 -0.0493) (13 -0.0179) (29 -0.0176) (41 -0.0109) 

 Largest eigenvalues
      79.086   (162 0.235) (164 0.96) 
      28.731   (37 0.449) (47 0.323) (77 0.295) 
      17.735   (77 0.578) (78 -0.486) 
      15.535   (107 0.628) (109 0.629) 
      4.5797   (96 -0.287) (120 0.344) (123 0.555) 
      1.4641   (162 0.972) (164 -0.232) 
      1.2239   (163 -0.997) 
      1.1473   (165 0.997) 
      1.1417   (91 0.9) (101 -0.251) 
      1.1351   (101 0.774) (106 0.496) 
      1.1275   (101 0.352) (106 -0.794) 
     0.91909   (111 0.353) (115 -0.767) 
     0.91647   (103 -0.295) (104 0.842) 
     0.86115   (98 -0.403) (99 -0.572) (100 -0.42) 
     0.84847   (111 -0.585) (112 0.306) 
     0.75832   (110 -0.481) (111 0.325) (115 0.368) (124 0.291) 
     0.67119   (110 0.714) (111 0.303) 
     0.67079   (96 -0.745) (97 -0.25) (98 0.22) (99 0.25) (110 0.225) 
     0.66346   (114 -0.491) (125 0.316) (126 0.431) (145 -0.377) 
     0.59981   (111 -0.327) (112 -0.558) (114 0.453) 
     0.58791   (108 0.588) (112 0.331) (114 0.51) 
     0.57616   (108 -0.676) (110 -0.289) (112 0.399) 
     0.57308   (114 -0.357) (121 0.353) (123 -0.427) (129 -0.293) (134 0.374) 
     0.56765   (121 -0.325) (122 0.367) (123 0.319) (124 0.545) (134 0.319) 
     0.56132   (118 0.35) (119 -0.39) (120 0.544) 
     0.54605   (117 -0.703) (118 -0.41) 
     0.52876   (116 0.436) (117 0.327) (119 0.32) (122 0.4) (125 0.322) (134 0.317) 
     0.50013   (116 -0.655) (118 0.258) (121 0.251) (124 0.209) (125 0.244) (126 0.274) (129 0.22) (134 0.281) (145 0.283) 
     0.49353   (116 0.534) (117 -0.323) (126 0.393) (145 0.335) 
     0.41632   (92 0.972) 
     0.41165   (118 -0.343) (121 -0.353) (129 -0.365) (145 0.377) 
     0.34792   (94 -0.926) (103 0.214) 
     0.33534   (94 0.331) (103 0.675) (104 0.34) (105 -0.408) 
     0.30276   (102 -0.813) 
     0.29729   (98 -0.415) (100 0.247) (113 -0.33) (119 0.247) (129 -0.275) 
     0.24835   (79 -0.348) (87 -0.66) 
      0.2348   (79 0.501) (98 0.5) 
     0.23029   (79 -0.511) (87 0.598) 
     0.22966   (98 -0.349) (107 0.301) (109 -0.312) (113 0.548) 
     0.17953   (90 -0.805) (93 0.412) 
     0.16013   (90 0.37) (97 -0.527) (109 0.336) 
     0.15075   (86 -0.284) (93 -0.62) (97 0.229) (107 -0.27) (109 0.255) (125 0.211) 
     0.13735   (85 -0.575) (86 0.679) 
     0.13046   (89 -0.73) (93 0.341) (97 0.29) 
     0.12464   (79 0.402) (81 0.502) (83 -0.422) 
     0.11824   (76 -0.246) (78 0.251) (80 -0.303) (89 0.256) (93 0.244) 
     0.11247   (59 0.363) (63 -0.296) (69 0.356) 
     0.10736   (58 0.478) (59 -0.596) 
     0.10216   (58 -0.56) (63 0.346) 
     0.09448   (58 0.47) (59 0.318) (63 -0.281) (97 -0.273) 
    0.090091   (58 -0.424) (59 -0.543) 
    0.080026   (59 0.29) (63 0.598) (83 -0.29) 
     0.07851   (63 -0.377) (64 -0.682) 
    0.073942   (61 -0.456) (62 0.427) (64 0.413) 
    0.072849   (61 0.652) (62 -0.254) (64 0.254) (69 -0.216) 
    0.066253   (61 -0.324) (67 -0.271) (119 0.308) 
    0.063279   (61 0.265) (68 0.27) (74 -0.307) (78 0.296) (81 0.253) 
    0.061039   (61 -0.284) (62 -0.579) (69 -0.239) (76 0.208) (80 -0.264) (81 0.205) (85 -0.216) 
    0.058953   (62 0.527) (68 -0.284) (74 0.281) (78 -0.207) (85 -0.208) 
    0.055662   (62 -0.251) (66 -0.314) (68 0.416) (69 0.317) (72 -0.304) (76 -0.304) 
    0.053356   (66 0.447) (74 -0.326) (80 0.27) (81 -0.328) 
    0.049737   (66 -0.525) (76 0.324) 
    0.047719   (66 0.49) (68 0.326) 
    0.046249   (74 -0.258) (76 -0.35) (77 -0.205) (80 -0.272) (81 0.318) (83 0.272) (88 0.261) 
    0.044121   (33 -0.292) (34 -0.807) (41 0.386) 
    0.042169   (34 0.44) (41 0.678) (43 0.328) 
    0.041436   (75 -0.434) (85 -0.258) (88 0.261) 
    0.040872   (48 -0.425) (51 -0.459) (75 0.392) 
     0.03228   (48 0.369) (49 0.297) (51 0.367) (75 0.573) 
    0.031694   (26 -0.699) (29 0.4) 
    0.029444   (18 -0.33) (21 -0.463) (22 -0.326) (26 0.516) 
    0.027578   (21 0.312) (29 0.383) (42 0.483) (88 -0.288) 
     0.02616   (26 -0.34) (29 -0.698) 
    0.021477   (42 -0.528) (75 -0.324) (88 -0.449) 
    0.020706   (120 -0.315) (126 -0.302) (131 0.679) (134 0.353) 
    0.020573   (128 -0.578) (160 -0.809) 
    0.019096   (128 -0.577) (160 0.312) (161 0.755) 
    0.017047   (128 -0.577) (160 0.498) (161 -0.647) 
    0.015407   (15 -0.921) (16 0.34) 
    0.014735   (139 -0.996) 
