 1 68007.3
 2 612.549
 3 1.90048
 4 423477
 5 724.959
 6 15.9912
 7 1.36151e+06
 8 57.4687
 9 1586.92
 10 2762.89
 11 32.7822
 12 747.223
 13 1.50883e+06
 14 11444.2
 15 0.814089
 16 877448
 17 5638.71
 18 0.929598
 19 216726
 20 3118.84
 21 13.7375
 22 410358
 23 4323.78
 24 3.43851
 25 241.526
 26 317.381
 27 7.98579
 28 3562.73
 29 460.867
 30 95.8058
 31 472.05
 32 235.537
 33 431.279
 34 219.054
 35 316.679
 36 144.88
 37 1521.51
 38 3186.72
 39 3.54492
 40 944.633
 41 5138.46
 42 1.80863
 43 640.787
 44 1508.57
 45 11.6569
 46 4681.1
 47 2998.74
 48 254.612
 49 1893.35
 50 190.411
 51 429.935
 52 178.138
 53 3423.09
 54 334.978
 55 158.236
 56 351.284
 57 688.852
 58 88.5396
 59 187.147
 60 124.148
 61 22.2581
 62 1.77583
 63 470.067
 64 211.595
 65 1.94473
 66 584.948
 67 3404.23
 68 415.08
 69 110357
 70 514451
 71 3220.85
 72 4.61244
 73 20245.3
 74 395.514
 75 4394.07
 76 5327.52
 77 14.0773
 78 1527.8
 79 7963.94
 80 177.077
 81 2263.01
 82 2535.66
 83 679.84
 84 2.19817
 85 152.347
 86 2.66501
 87 3254.42
 88 1.80267
 89 1.70399
 90 2.01506
 91 8.59046
 92 569.137
 93 1191.59
 94 588.969
 95 1298.62
 96 1586.12
 97 321.096
 98 266.601
 99 137.639
 100 946.546
 101 1599.71
 102 108.71
 103 182.736
 104 159.232
 105 139.601
 106 178.513
 107 176.97
 108 179.896
 109 131.834
 110 96.792
 111 195.277
 112 208.776
 113 194.398
 114 180.118
 115 178.14
 116 134.951
 117 187.275
 118 196.859
 119 163.744
 120 115.547
 121 118.483
 122 50.6989
 123 43.7093
 124 38.6942
 125 32.2158
 126 44.4746
 127 26.125
 128 84.9083
 129 55.9929
 130 50.3875
 131 21.4626
 132 19.9854
 133 20.1636
 134 29.7609
 135 9.09317
 136 41.4201
 137 11.0257
 138 9.48407
 139 8.82569
 140 11.7312
 141 11.4808
 142 9.03721
 143 8.95592
 144 17.8745
 145 16.1268
 146 11.7101
 147 10.5407
 148 17.2052
 149 16.4191
 150 11.6315
 151 13.5905
 152 19.9732
 153 26.1816
 154 14.3754
 155 19.4021
 156 21.0925
 157 34.5455
 158 0.383949
 159 0.0803428
 160 2.79678
 161 19.8815
 162 62.3449
 163 66.0371
 164 134.475
 165 2.21661
