 1 1000
 2 588.099
 3 1.85748
 4 1000
 5 705.339
 6 15.5812
 7 1000
 8 35.2564
 9 962.466
 10 926.082
 11 21.4768
 12 487.135
 13 1000
 14 999.791
 15 0.813947
 16 1000
 17 999.639
 18 0.838957
 19 1000
 20 994.986
 21 4.99199
 22 1000
 23 998.942
 24 1.44441
 25 225.302
 26 280.507
 27 7.10801
 28 995.614
 29 418.841
 30 87.5056
 31 467.931
 32 230.889
 33 422.259
 34 208.168
 35 304.098
 36 138.638
 37 992.607
 38 999.288
 39 2.24063
 40 612.082
 41 977.745
 42 1.69666
 43 478.649
 44 884.914
 45 7.42563
 46 998.471
 47 916.172
 48 86.1896
 49 937.912
 50 188.271
 51 348.168
 52 144.14
 53 962.247
 54 295.456
 55 126.977
 56 276.968
 57 684.543
 58 86.9746
 59 184.216
 60 122.032
 61 22.2339
 62 1.77565
 63 459.324
 64 210.935
 65 1.93244
 66 573.607
 67 889.776
 68 112.573
 69 999.99
 70 1000
 71 998.282
 72 2.60594
 73 999.841
 74 81.4777
 75 920.328
 76 964.32
 77 7.45804
 78 811.832
 79 998.559
 80 65.2924
 81 932.516
 82 989.405
 83 576.59
 84 2.07316
 85 130.569
 86 2.52473
 87 989.166
 88 1.80254
 89 1.70397
 90 2.01488
 91 8.05061
 92 486.641
 93 812.891
 94 445.073
 95 827.998
 96 909.572
 97 298.99
 98 263.64
 99 136.857
 100 805.702
 101 949.778
 102 104.39
 103 180.339
 104 157.365
 105 138.924
 106 177.573
 107 175.962
 108 179.027
 109 130.854
 110 95.4063
 111 194.564
 112 207.954
 113 193.809
 114 179.808
 115 177.683
 116 134.397
 117 186.996
 118 196.595
 119 163.575
 120 114.76
 121 117.888
 122 50.2451
 123 43.4473
 124 38.4368
 125 31.7318
 126 44.0069
 127 25.2148
 128 84.171
 129 55.4995
 130 49.6166
 131 21.2997
 132 19.8325
 133 20.0095
 134 29.2393
 135 8.95415
 136 41.1264
 137 10.8535
 138 9.35379
 139 8.6637
 140 11.5435
 141 11.0869
 142 8.83841
 143 8.76302
 144 17.6498
 145 15.9218
 146 11.518
 147 10.3149
 148 16.9564
 149 16.1566
 150 11.4558
 151 13.3613
 152 19.6998
 153 25.5459
 154 14.066
 155 19.1807
 156 20.9453
 157 34.3241
 158 0.314422
 159 0.078218
 160 2.73512
 161 18.6522
 162 53.7987
 163 63.0213
 164 131.944
 165 2.19985
