 1 31.6228
 2 24.1247
 3 0.970995
 4 31.6228
 5 26.2461
 6 1.52494
 7 31.6228
 8 2.0789
 9 30.508
 10 30.2012
 11 1.88952
 12 21.3314
 13 31.6228
 14 31.6187
 15 0.902183
 16 31.6228
 17 31.6152
 18 0.905841
 19 31.6228
 20 31.4784
 21 1.07389
 22 31.6228
 23 31.5945
 24 0.938106
 25 14.6228
 26 16.0374
 27 1.33118
 28 31.5396
 29 18.6738
 30 4.77311
 31 21.4489
 32 9.7097
 33 16.8722
 34 14.1705
 35 14.7386
 36 7.3124
 37 31.4954
 38 31.6033
 39 1.32054
 40 24.5267
 41 31.2195
 42 1.2878
 43 21.3431
 44 29.3232
 45 1.53811
 46 31.5832
 47 29.1062
 48 4.09618
 49 30.4097
 50 13.17
 51 16.395
 52 7.67439
 53 30.8605
 54 17.0123
 55 7.36519
 56 14.1239
 57 25.5605
 58 8.7488
 59 11.1011
 60 7.74651
 61 4.47362
 62 1.32622
 63 21.1596
 64 13.5228
 65 0.988586
 66 23.361
 67 28.3043
 68 4.89578
 69 31.6225
 70 31.6228
 71 31.5787
 72 1.33378
 73 31.6192
 74 3.92816
 75 29.225
 76 30.9786
 77 1.54943
 78 28.2499
 79 31.5898
 80 3.43549
 81 29.6369
 82 31.4197
 83 23.3999
 84 1.31797
 85 11.1643
 86 1.40631
 87 31.37
 88 1.16545
 89 1.10018
 90 1.3065
 91 2.37033
 92 20.4957
 93 26.9646
 94 17.973
 95 27.51
 96 29.4413
 97 15.895
 98 14.796
 99 9.35181
 100 27.6541
 101 30.5184
 102 9.01786
 103 12.7827
 104 11.7859
 105 11.0269
 106 12.869
 107 12.755
 108 12.8466
 109 10.603
 110 8.36713
 111 13.3102
 112 14.0885
 113 13.5193
 114 12.8811
 115 12.5862
 116 10.4229
 117 12.8744
 118 13.3833
 119 12.0944
 120 9.99334
 121 10.4164
 122 6.85105
 123 6.4748
 124 5.88673
 125 5.40879
 126 6.43401
 127 4.48455
 128 8.73169
 129 6.8342
 130 6.59193
 131 4.32386
 132 4.36138
 133 4.37434
 134 5.31598
 135 2.76251
 136 6.34299
 137 3.12788
 138 2.91718
 139 2.80223
 140 3.27508
 141 3.07622
 142 2.73224
 143 2.74372
 144 4.07383
 145 3.89277
 146 3.26835
 147 3.06649
 148 3.97022
 149 3.89661
 150 3.24232
 151 3.498
 152 4.33785
 153 4.9332
 154 3.61447
 155 4.26659
 156 4.45903
 157 5.77233
 158 0.263007
 159 0.220059
 160 1.37239
 161 3.55948
 162 6.43284
 163 7.0666
 164 10.9046
 165 0.648128
