 Smallest eigenvalues
  6.6277e-07   (9 1) 
  7.3448e-07   (46 0.687) (45 -0.547) (47 0.326) (38 0.229) (40 0.134) (49 -0.105) (41 -0.0868) (59 -0.0613) (32 -0.0587) (53 -0.0494) (50 -0.0428) (157 -0.0409) (37 0.0387) (44 0.0387) (54 0.0368) (77 -0.0368) (14 0.0349) (51 -0.0327) (31 -0.0312) (57 -0.0308) (42 -0.0306) (18 0.0303) (76 0.0292) (21 -0.0274) (36 -0.027) (26 0.026) (52 0.0251) (27 -0.0233) (30 0.0231) (73 -0.0221) (11 -0.0214) (95 0.0182) (74 0.0167) (20 -0.015) (75 -0.0139) (23 0.0135) (19 0.0132) (29 0.0129) (68 0.0119) (60 -0.0107) (17 -0.0103) 
  1.1397e-06   (157 -0.999) (46 -0.0281) (45 0.0224) (47 -0.0133) 
  1.9438e-06   (5 -1) 
  2.3614e-06   (43 -0.723) (42 -0.441) (38 0.315) (45 0.247) (41 -0.175) (40 0.164) (154 0.142) (39 -0.103) (47 0.0863) (44 0.0782) (32 -0.0612) (46 -0.0512) (37 0.0447) (59 -0.0333) (76 0.0312) (14 0.0308) (26 0.03) (50 -0.0297) (18 0.0291) (49 -0.0271) (31 -0.027) (21 -0.0234) (11 -0.0185) (27 -0.017) (57 -0.0153) (53 -0.0151) (95 0.0144) (73 -0.0142) (34 0.0125) (77 -0.0125) (55 -0.0124) (23 0.0122) (20 -0.0118) (33 -0.0116) (19 0.0108) (68 0.01) 
  2.4369e-06   (154 0.99) (43 0.104) (42 0.0635) (38 -0.0454) (45 -0.0356) (41 0.0251) (40 -0.0237) (39 0.0148) (47 -0.0124) (44 -0.0112) 
  4.6141e-06   (2 1) 
  9.0395e-06   (152 -0.983) (34 0.173) (32 -0.0482) (31 -0.0276) (33 0.0157) (30 0.0153) (38 -0.0148) (36 0.0124) (26 0.0108) 
  1.4704e-05   (34 -0.917) (32 0.256) (152 -0.185) (31 0.146) (33 -0.0833) (30 -0.0813) (38 0.0784) (36 -0.0656) (26 -0.0572) (29 0.0361) (18 -0.0339) (52 0.0321) (37 0.0314) (21 0.0287) (14 -0.0248) (27 0.0215) (50 0.0205) (76 -0.0195) (45 -0.0186) (20 0.0158) (19 -0.0151) (53 -0.0148) (48 0.0147) (43 -0.0146) (47 -0.0145) (41 -0.0142) (23 -0.0135) (40 0.0133) (11 0.0124) (54 0.0119) (28 -0.0119) (22 -0.0116) (95 -0.0108) (51 0.0107) (59 0.0105) (58 0.0104) 
  4.4124e-05   (25 0.78) (24 -0.397) (49 0.301) (23 0.238) (19 0.115) (52 0.108) (51 -0.105) (21 -0.104) (26 -0.0859) (33 0.0688) (50 0.0622) (18 -0.0502) (56 -0.046) (39 -0.0434) (47 -0.0428) (27 -0.0405) (22 -0.0349) (30 0.0328) (71 0.0313) (29 0.0311) (36 0.0283) (59 -0.0272) (77 -0.0268) (13 -0.0263) (20 0.0254) (54 -0.025) (46 0.0248) (45 -0.0233) (55 -0.0199) (40 0.0178) (76 0.0157) (41 -0.0146) (66 -0.0127) (63 -0.0121) (79 -0.012) (68 0.0119) (32 -0.0118) (80 0.0111) 
  8.5951e-05   (151 0.98) (49 0.152) (52 0.062) (25 -0.0612) (51 -0.059) (50 0.0346) (24 0.0307) (56 -0.0271) (38 0.021) (47 -0.0183) (23 -0.0175) (54 -0.0172) (55 -0.0157) (59 -0.0144) (46 0.0122) (26 0.0105) 
  0.00011621   (49 -0.747) (52 -0.305) (25 0.294) (51 0.29) (151 0.2) (50 -0.17) (24 -0.147) (56 0.133) (38 -0.103) (47 0.0897) (54 0.0845) (23 0.0836) (55 0.0773) (59 0.0711) (46 -0.0599) (26 -0.0507) (71 -0.0487) (77 0.0372) (19 0.0354) (18 -0.0348) (45 0.033) (33 0.0314) (57 0.031) (41 0.0294) (37 -0.0264) (76 -0.025) (75 0.0245) (32 0.0244) (21 -0.0231) (95 -0.0219) (81 0.0219) (79 0.0209) (68 -0.0206) (40 -0.0196) (69 -0.0183) (53 0.0179) (42 0.0178) (73 0.0173) (36 -0.0171) (20 0.0165) (63 0.0156) (44 0.0152) (67 -0.0151) (61 -0.0144) (43 -0.0143) (14 -0.0143) (31 0.0133) (72 -0.0129) (13 -0.0123) (39 0.0118) (22 -0.0117) (65 -0.0116) (70 -0.011) (88 -0.011) (66 0.011) (78 0.0106) (99 -0.0101) (64 -0.01) 
  0.00016286   (1 1) 
  0.00017089   (11 -0.985) (14 -0.143) (18 -0.0385) (17 0.0378) (21 0.0337) (13 -0.0325) (38 -0.0266) (32 0.0225) (23 -0.0222) (20 0.0193) (19 -0.0159) (15 -0.0146) (27 0.0145) (26 -0.014) (24 -0.0102) 
  0.00018083   (161 1) 
  0.00018641   (3 1) 
  0.00023218   (14 0.726) (16 -0.617) (15 0.202) (17 0.108) (13 0.107) (11 -0.0937) (18 -0.0808) (21 0.062) (23 -0.0433) (19 -0.0339) (20 0.0312) (32 0.0306) (38 -0.0281) (27 0.0251) (24 -0.0215) (26 -0.0189) (33 0.0144) (31 0.0133) (45 0.0115) 
  0.00027029   (160 1) 
  0.00027862   (7 1) 
  0.00028164   (24 0.878) (25 0.378) (21 -0.149) (23 0.147) (30 -0.0785) (26 -0.0784) (20 -0.0729) (18 0.0703) (155 -0.064) (36 0.0601) (19 0.0561) (14 0.0474) (27 0.043) (22 0.0395) (31 0.0302) (11 -0.0268) (32 0.0221) (52 0.0215) (17 -0.016) (38 -0.0148) (45 0.0107) (56 0.0105) (51 0.0104) 
  0.00028711   (155 -0.998) (24 -0.0563) (25 -0.0242) 
  0.00030589   (6 -1) 
  0.00031457   (17 -0.984) (14 0.107) (21 0.0863) (20 0.0526) (11 -0.047) (18 -0.0448) (15 0.0435) (19 -0.0271) (27 0.0261) (159 0.0245) (36 0.0184) (31 0.016) (13 0.0153) (30 -0.0123) (45 0.0121) (23 0.0119) (24 -0.0113) 
  0.00031912   (159 1) (17 0.0241) 
  0.00032246   (73 -0.755) (59 0.429) (57 0.305) (76 -0.219) (74 -0.169) (38 0.104) (54 -0.0974) (75 0.0749) (58 0.069) (50 0.0661) (47 -0.0609) (39 -0.0584) (43 0.0494) (40 0.0482) (45 -0.0481) (32 -0.0454) (77 0.0406) (96 0.0394) (72 -0.0381) (37 0.0379) (18 0.0367) (68 0.0348) (53 0.0343) (56 -0.032) (26 0.0307) (88 0.0304) (41 -0.0298) (69 -0.0281) (14 0.0267) (49 -0.0263) (46 -0.0233) (36 -0.0225) (48 -0.0224) (70 0.0222) (42 -0.0208) (92 0.0204) (52 0.0203) (87 -0.0189) (78 -0.0188) (122 0.0188) (102 -0.0164) (124 -0.016) (11 -0.0157) (120 -0.0157) (21 -0.0151) (99 0.0151) (112 -0.0149) (113 0.0148) (66 0.014) (20 -0.0129) (31 -0.0125) (44 0.0115) (116 -0.0109) (89 0.0109) (13 0.0108) (16 0.0108) (127 -0.0107) (80 0.0105) (64 -0.01) 
   0.0003824   (59 0.559) (73 0.514) (57 0.384) (70 -0.221) (38 0.174) (68 0.171) (153 -0.142) (47 -0.137) (76 0.135) (50 0.117) (74 0.108) (45 -0.102) (58 0.0892) (54 -0.0823) (39 -0.0755) (67 -0.074) (32 -0.0713) (71 0.0706) (69 -0.0691) (40 0.0559) (41 -0.0547) (75 -0.0483) (37 0.0479) (18 0.0429) (26 0.0425) (14 0.0425) (66 0.041) (52 -0.0401) (21 -0.0317) (46 -0.0305) (43 0.0292) (122 -0.0287) (53 0.0285) (11 -0.0264) (31 -0.0262) (42 0.0259) (83 -0.0258) (36 -0.0256) (20 -0.0209) (77 -0.0206) (113 0.0193) (88 0.0188) (78 0.0176) (127 -0.0174) (44 0.0173) (16 0.0168) (27 -0.0163) (55 -0.016) (112 -0.0155) (17 -0.0154) (64 -0.0153) (80 -0.0153) (48 -0.0149) (116 -0.0142) (120 -0.0137) (61 -0.0137) (62 0.013) (133 -0.0124) (117 0.0123) (126 -0.0122) (19 0.0122) (98 -0.012) (131 0.012) (30 0.0112) (63 -0.0109) 
  0.00041711   (153 -0.99) (59 -0.0846) (73 -0.0661) (57 -0.0583) (70 0.0311) (38 -0.0265) (68 -0.0248) (47 0.0205) (50 -0.0176) (76 -0.0172) (45 0.0153) (74 -0.0138) (58 -0.0135) (54 0.013) (39 0.0117) (32 0.011) (67 0.0106) (69 0.0101) 
  0.00042391   (20 0.664) (19 0.582) (18 0.42) (21 0.171) (47 -0.0593) (50 -0.0564) (25 -0.036) (24 0.0307) (23 -0.0292) (26 -0.0282) (22 -0.0233) (14 0.0231) (45 -0.0197) (17 0.0173) (48 0.0163) (54 0.014) (42 0.0113) (59 -0.0104) (57 -0.0101) 
  0.00048589   (47 -0.59) (50 -0.547) (150 0.414) (38 0.191) (45 -0.184) (48 0.15) (52 0.133) (54 0.111) (59 -0.0854) (39 -0.0851) (41 -0.0764) (20 -0.0728) (32 -0.0693) (57 -0.0644) (40 0.0631) (55 0.056) (51 0.0444) (21 -0.0426) (26 0.0394) (37 0.0392) (19 -0.0381) (14 0.0351) (46 -0.032) (43 0.0297) (49 -0.0266) (73 -0.0255) (31 -0.0254) (42 0.0239) (36 -0.0223) (11 -0.0211) (76 0.0168) (44 0.0161) (27 -0.0156) (58 -0.0147) (16 0.0133) (56 -0.0114) (30 0.0109) (23 0.0103) 
  0.00052157   (150 0.91) (47 0.268) (50 0.248) (38 -0.0869) (45 0.0839) (48 -0.0681) (52 -0.0606) (54 -0.0505) (39 0.0388) (59 0.0387) (41 0.0348) (20 0.0316) (32 0.0315) (57 0.0292) (40 -0.0287) (55 -0.0254) (51 -0.0202) (21 0.019) (26 -0.0179) (37 -0.0179) (14 -0.016) (19 0.016) (46 0.0146) (43 -0.0135) (49 0.0121) (73 0.0116) (31 0.0115) (42 -0.0109) (36 0.0101) 
  0.00054142   (53 0.673) (42 -0.398) (50 0.356) (54 0.316) (43 0.188) (47 -0.184) (51 -0.156) (49 -0.145) (45 -0.104) (59 -0.0961) (56 0.0888) (57 -0.0766) (41 0.0498) (38 0.0482) (52 0.0414) (44 0.0286) (40 -0.0279) (37 0.0253) (70 -0.0238) (46 -0.0213) (48 0.0196) (147 -0.0189) (18 0.0187) (32 -0.0182) (26 0.0177) (58 -0.0166) (36 -0.0153) (14 0.0132) (68 0.0122) (39 -0.0112) 
  0.00055948   (147 -0.806) (42 0.468) (53 0.214) (43 -0.162) (41 -0.109) (38 0.0969) (40 0.0765) (54 0.0743) (50 0.0716) (45 0.0669) (39 -0.0611) (52 0.05) (49 -0.0411) (59 -0.0353) (51 -0.035) (32 -0.0327) (148 -0.0298) (56 0.0297) (47 0.0295) (57 -0.023) (44 -0.0214) (26 0.0203) (73 -0.0196) (21 -0.0148) (14 0.0138) (48 -0.0127) (18 0.0111) (31 -0.0102) 
  0.00056847   (42 -0.625) (147 -0.591) (53 -0.314) (43 0.215) (41 0.148) (38 -0.134) (54 -0.111) (50 -0.109) (40 -0.103) (45 -0.0879) (39 0.0837) (52 -0.0696) (49 0.0607) (51 0.0527) (59 0.0511) (32 0.0452) (56 -0.0433) (47 -0.0344) (57 0.0337) (44 0.0283) (26 -0.0283) (73 0.027) (148 -0.0218) (21 0.0205) (14 -0.0193) (48 0.0168) (18 -0.0159) (31 0.0143) (20 0.0132) (70 -0.0128) (95 -0.0118) (37 -0.0115) (11 0.0101) 
  0.00061681   (70 0.802) (71 -0.34) (72 0.305) (69 0.176) (73 0.156) (68 -0.14) (59 0.112) (50 0.109) (38 0.0948) (47 -0.0752) (57 0.0679) (52 -0.061) (39 -0.0434) (54 -0.0422) (83 -0.0397) (45 -0.0384) (43 0.0372) (32 -0.0369) (76 -0.0341) (53 -0.0314) (37 0.0306) (148 0.0293) (56 -0.0278) (18 0.0277) (26 0.0266) (40 0.0263) (55 0.0259) (41 -0.0243) (14 0.023) (66 -0.0225) (46 -0.0218) (58 0.0195) (49 -0.0191) (120 -0.019) (88 0.0185) (36 -0.0182) (127 -0.0157) (21 -0.0157) (102 -0.0153) (89 -0.0151) (31 -0.0146) (51 -0.0146) (124 -0.014) (113 0.013) (94 0.0126) (112 -0.0126) (11 -0.0121) (42 -0.0116) (91 -0.0115) (80 -0.0114) (99 0.0113) (20 -0.0111) (74 0.011) (44 0.0108) (95 -0.0106) (116 -0.0105) (126 -0.0101) 
  0.00067564   (148 0.555) (52 -0.459) (50 0.387) (53 -0.33) (47 -0.288) (57 -0.16) (59 -0.13) (38 0.128) (55 0.115) (45 -0.112) (70 -0.0898) (51 -0.0785) (42 0.0726) (73 -0.0706) (39 -0.0622) (41 -0.06) (54 0.0588) (40 0.0578) (72 -0.0528) (71 0.0479) (32 -0.044) (46 -0.0382) (26 0.0273) (37 0.0267) (14 0.0254) (69 -0.0249) (21 -0.0239) (58 -0.022) (18 0.0206) (44 0.0206) (147 -0.0205) (122 -0.0188) (56 0.0161) (20 -0.0151) (31 -0.0148) (36 -0.0138) (95 0.0137) (48 0.0128) (11 -0.0128) (16 0.0117) (68 0.0103) (83 0.0101) 
  0.00073794   (148 0.831) (52 0.308) (50 -0.262) (53 0.222) (47 0.195) (57 0.104) (38 -0.0895) (59 0.0823) (55 -0.0778) (45 0.0761) (51 0.0529) (42 -0.048) (39 0.0432) (73 0.0416) (41 0.041) (40 -0.0396) (54 -0.0376) (70 0.0316) (32 0.0309) (147 -0.0307) (46 0.0263) (72 0.0246) (71 -0.0199) (26 -0.0193) (37 -0.0191) (14 -0.0179) (21 0.0166) (18 -0.0149) (44 -0.0142) (58 0.0139) (122 0.0126) (20 0.0105) (31 0.0105) (69 0.0103) 
  0.00079208   (37 0.889) (38 -0.221) (21 -0.196) (18 0.185) (36 -0.159) (23 -0.133) (20 -0.113) (39 0.0821) (14 0.064) (32 -0.0612) (19 0.0567) (24 -0.0452) (43 -0.0426) (40 -0.0405) (41 0.0294) (16 0.0284) (45 0.0278) (11 -0.0275) (17 -0.0265) (26 -0.0224) (47 0.02) (22 -0.0193) (31 -0.0191) (54 0.0183) (57 -0.0178) (59 -0.0171) (13 0.0167) (50 -0.0167) (42 0.0152) (46 0.0143) (34 -0.0135) 
   0.0010781   (21 -0.54) (23 -0.433) (18 0.427) (37 -0.324) (20 -0.292) (26 -0.235) (19 0.147) (32 0.13) (24 -0.122) (14 0.111) (36 0.0748) (17 -0.0698) (22 -0.0653) (27 0.0556) (16 0.0513) (31 0.0472) (11 -0.0402) (13 0.0252) (30 -0.024) (144 -0.0213) (28 0.0171) (29 -0.0156) (33 0.0138) 
   0.0011654   (144 -0.935) (145 -0.355) (21 0.0133) (18 -0.0106) (23 0.0105) 
   0.0012383   (46 -0.645) (47 0.443) (45 -0.365) (38 0.273) (16 0.188) (14 0.174) (43 0.171) (50 -0.124) (54 0.11) (39 -0.0997) (41 -0.0932) (59 -0.0802) (49 0.0762) (37 0.0588) (55 0.0575) (32 -0.0572) (57 -0.0498) (11 -0.0406) (48 -0.0401) (36 -0.0352) (13 0.0309) (26 0.0309) (31 -0.029) (76 -0.0275) (70 -0.0267) (53 -0.0262) (83 -0.0232) (15 -0.0219) (52 -0.0215) (42 -0.0203) (80 -0.0148) (56 -0.0147) (95 -0.0145) (58 -0.014) (17 0.0129) (21 -0.0122) (19 0.0103) 
   0.0012921   (16 0.732) (14 0.559) (18 -0.165) (46 0.155) (13 0.123) (38 -0.108) (21 0.0975) (45 0.0975) (47 -0.0936) (17 0.0871) (20 0.0809) (15 -0.0769) (26 -0.0708) (32 0.0671) (11 -0.0648) (43 -0.0477) (39 0.0417) (41 0.0374) (37 -0.0313) (19 -0.0307) (31 0.0256) (27 0.0248) (50 0.0242) (23 -0.0239) (36 0.0208) (54 -0.0204) (49 -0.0165) (59 0.0133) (40 -0.0133) (55 -0.0128) (30 -0.0123) (48 0.0105) 
   0.0014213   (146 1) 
   0.0014402   (54 -0.665) (55 0.424) (32 -0.358) (56 0.353) (53 0.133) (34 -0.13) (57 -0.127) (52 0.122) (59 -0.112) (31 -0.0931) (26 0.07) (49 -0.0612) (18 0.0553) (50 0.0484) (48 -0.0446) (14 0.0444) (33 -0.041) (36 0.0409) (30 0.0386) (43 0.037) (21 -0.0364) (37 -0.0362) (42 -0.0346) (68 0.0271) (70 -0.0263) (46 -0.0263) (47 -0.0262) (20 -0.0262) (69 -0.0256) (27 -0.0247) (76 -0.0237) (11 -0.0213) (73 0.0207) (58 -0.0207) (16 0.0179) (45 -0.0166) (38 -0.0164) (19 0.0138) (139 -0.0137) (71 0.0119) (13 0.0117) (96 0.0103) (23 0.0102) (77 0.0102) 
   0.0015867   (32 -0.748) (54 0.305) (34 -0.29) (38 -0.225) (31 -0.19) (55 -0.176) (56 -0.152) (37 -0.15) (36 0.135) (26 0.108) (39 0.0875) (33 -0.0874) (30 0.075) (139 -0.0749) (18 0.0675) (53 -0.0649) (41 0.0619) (21 -0.0607) (52 -0.0588) (14 0.058) (40 -0.0499) (47 0.0476) (27 -0.0441) (45 0.0412) (43 -0.0396) (20 -0.0384) (57 0.0366) (50 -0.0349) (59 0.0335) (49 0.0331) (11 -0.0269) (19 0.022) (16 0.0217) (48 0.0196) (46 0.0192) (35 -0.0172) (28 -0.0155) (23 0.015) (13 0.0126) (29 0.0114) (68 -0.0108) (73 -0.0104) 
   0.0016643   (139 -0.997) (32 0.0613) (34 0.0236) (38 0.0168) (31 0.0156) (54 -0.0136) (37 0.0117) (36 -0.0106) 
   0.0017978   (15 -0.829) (27 -0.455) (28 -0.169) (16 -0.153) (14 0.13) (26 0.112) (29 -0.0871) (32 0.0714) (17 -0.0389) (31 0.0341) (13 -0.033) (18 0.0329) (38 -0.0322) (20 -0.0288) (136 0.0281) (23 0.0265) (44 -0.0177) (30 -0.0173) (37 -0.017) (21 -0.0135) (11 -0.0135) (24 0.012) (36 0.011) (22 -0.0102) 
    0.002017   (27 -0.708) (15 0.492) (136 0.288) (28 -0.262) (26 0.191) (29 -0.154) (16 0.107) (32 0.103) (18 0.0647) (21 -0.0569) (38 -0.0448) (20 -0.0435) (31 0.0428) (19 0.042) (23 0.0345) (13 0.0321) (30 -0.0263) (37 -0.0225) (11 -0.0222) (40 -0.0199) (24 0.0193) (39 0.0166) (25 -0.0166) (36 0.0141) (14 -0.0132) (45 0.0116) (41 0.011) (51 -0.0106) (33 0.0101) 
   0.0021102   (136 0.957) (27 0.227) (15 -0.124) (28 0.0839) (26 -0.0608) (29 0.049) (32 -0.0331) (16 -0.0278) (18 -0.0205) (21 0.0176) (38 0.0144) (20 0.014) (31 -0.0139) (19 -0.0128) (23 -0.0112) 
   0.0022868   (29 0.923) (51 -0.24) (27 -0.147) (48 0.112) (49 -0.0962) (28 -0.0745) (53 -0.0712) (72 -0.0708) (31 -0.0674) (52 0.0625) (45 0.059) (32 0.0517) (30 0.0379) (56 0.0315) (39 0.0313) (40 -0.0312) (70 0.0311) (34 0.0296) (47 0.0282) (25 -0.0266) (71 0.025) (54 0.024) (55 0.0227) (22 0.0221) (59 0.0208) (44 -0.0198) (132 0.0196) (74 0.0179) (26 0.0168) (46 -0.0164) (37 -0.0162) (18 0.0155) (77 0.0153) (33 0.0152) (24 0.0152) (50 -0.0152) (83 -0.015) (35 -0.015) (14 0.0145) (20 -0.0142) (60 -0.0136) (66 -0.0131) (81 0.0114) (43 0.011) (69 0.0108) (21 -0.0107) 
   0.0023388   (72 -0.735) (70 0.321) (77 0.271) (71 0.246) (132 0.235) (51 0.223) (69 0.131) (66 -0.131) (83 -0.0868) (55 -0.0753) (49 0.0748) (67 -0.0743) (53 0.0716) (48 -0.0654) (38 0.0604) (131 0.0594) (57 -0.0542) (73 0.0527) (39 0.0515) (79 0.0506) (54 -0.0494) (59 0.0485) (96 -0.0483) (81 0.0421) (89 -0.0412) (76 0.039) (82 0.0386) (95 -0.0384) (75 -0.0381) (63 -0.0378) (68 -0.0341) (45 -0.032) (84 0.0319) (52 -0.0308) (74 0.0308) (62 -0.0266) (50 0.0239) (78 0.0238) (58 0.0227) (91 -0.0196) (60 -0.0195) (128 -0.0192) (47 -0.0179) (31 -0.0174) (40 0.0167) (92 -0.0163) (101 -0.0159) (80 0.0153) (85 0.0142) (98 -0.0137) (88 0.0136) (117 -0.0127) (21 -0.0113) (119 0.0109) (42 -0.0104) (43 0.0103) (32 -0.0103) (65 -0.0101) (37 0.01) 
   0.0023635   (51 0.58) (132 0.469) (48 -0.292) (72 0.273) (29 0.262) (49 0.22) (53 0.18) (52 -0.146) (70 -0.128) (71 -0.101) (131 0.0965) (56 -0.0959) (40 0.0939) (45 -0.0822) (55 -0.0804) (59 -0.0796) (77 -0.0761) (47 -0.0729) (54 -0.0639) (44 0.0559) (27 -0.0537) (83 0.0505) (74 -0.0375) (39 0.0355) (50 0.0333) (66 0.0295) (28 -0.0283) (69 -0.0282) (73 -0.0277) (41 -0.0254) (81 -0.0253) (60 0.0226) (68 0.0204) (46 0.0198) (63 0.0192) (79 -0.019) (75 0.0189) (96 0.0182) (18 0.0176) (95 0.0173) (89 0.0169) (57 -0.0155) (128 -0.0154) (25 -0.0142) (38 -0.0137) (116 0.0131) (65 0.0122) (32 0.0119) (88 0.0117) (33 -0.0112) (58 -0.0112) (76 -0.011) (102 0.0109) (87 -0.0106) (13 0.0105) 
   0.0024052   (132 0.83) (51 -0.388) (48 0.182) (29 -0.169) (131 0.147) (49 -0.144) (53 -0.121) (52 0.0899) (55 0.0669) (72 0.0586) (40 -0.0573) (45 0.0546) (56 0.0541) (54 0.05) (47 0.0459) (27 0.0364) (39 -0.036) (77 -0.0346) (59 0.0304) (44 -0.0296) (50 -0.0255) (57 0.0244) (69 -0.0221) (66 0.0215) (133 -0.0212) (70 -0.0211) (67 0.0191) (128 -0.0187) (28 0.0183) (41 0.0158) (71 -0.0145) (74 0.012) (46 -0.0108) (84 -0.0107) 
   0.0025001   (18 0.633) (21 0.494) (19 -0.388) (22 0.224) (20 -0.176) (55 0.156) (13 0.141) (25 0.132) (56 -0.116) (26 -0.106) (57 -0.0852) (23 0.0676) (59 0.0651) (40 -0.0529) (31 -0.0486) (54 0.0463) (24 -0.0446) (32 0.0397) (39 0.0342) (16 0.0276) (12 -0.0273) (43 -0.0221) (83 0.0221) (37 -0.0204) (17 0.02) (47 0.019) (72 -0.0172) (28 0.0163) (41 0.0154) (122 0.0151) (46 0.0147) (96 0.0147) (14 0.0145) (33 -0.0144) (49 0.014) (29 -0.0133) (53 0.0129) (50 -0.0124) (95 0.0122) (67 -0.0122) (126 -0.0121) (36 0.0116) (58 0.0115) (45 0.0112) (44 -0.0107) (11 -0.0103) (42 0.0101) 
   0.0026553   (57 0.778) (59 -0.572) (58 -0.0936) (18 0.0829) (72 -0.0741) (40 0.0659) (96 0.0621) (83 0.0559) (21 0.0543) (67 -0.0506) (49 -0.046) (19 -0.0446) (54 -0.0434) (69 0.0417) (50 0.0361) (39 -0.0352) (47 -0.0351) (71 0.0302) (126 -0.0301) (134 -0.03) (13 0.0292) (70 0.0279) (78 -0.0276) (51 -0.0271) (43 0.0264) (53 -0.0262) (22 0.0252) (89 0.0247) (77 0.0245) (63 -0.0236) (68 0.0228) (20 -0.0222) (73 0.0206) (46 -0.02) (52 -0.0193) (98 0.0193) (55 -0.0184) (106 0.017) (87 -0.0167) (80 0.0166) (91 0.0164) (66 -0.0155) (97 -0.0154) (44 0.0153) (79 0.0148) (95 0.0146) (92 0.0143) (94 0.0133) (34 -0.0133) (48 -0.0132) (76 -0.0126) (25 0.0118) (60 -0.0112) (122 -0.011) (38 -0.011) (127 -0.0107) (64 0.0106) 
   0.0027608   (134 -0.828) (55 -0.413) (56 0.305) (54 -0.0852) (18 0.0766) (38 0.074) (48 0.07) (40 -0.066) (57 -0.052) (133 -0.0474) (21 0.046) (72 0.0386) (19 -0.0385) (53 -0.0378) (83 -0.0343) (47 -0.0252) (20 -0.0251) (22 0.024) (67 0.0234) (31 -0.0234) (44 -0.0225) (46 -0.0213) (25 0.0201) (50 0.02) (43 0.0179) (51 0.0164) (76 -0.0162) (69 -0.0161) (95 -0.0155) (45 -0.0154) (96 -0.0151) (71 -0.014) (68 -0.0138) (73 -0.0131) (70 -0.0129) (41 -0.0119) (14 0.0115) (89 -0.0109) (32 -0.0108) (80 -0.0107) (23 0.0101) 
     0.00283   (55 0.614) (134 -0.556) (56 -0.454) (54 0.129) (18 -0.118) (38 -0.109) (48 -0.103) (40 0.0932) (21 -0.0713) (19 0.0596) (53 0.0576) (72 -0.0541) (83 0.051) (126 -0.0469) (59 0.0401) (47 0.0395) (20 0.0385) (22 -0.037) (31 0.0339) (46 0.0328) (57 0.0325) (67 -0.0324) (44 0.0322) (50 -0.0319) (25 -0.0303) (96 0.0287) (43 -0.0282) (133 -0.0279) (95 0.0259) (76 0.0249) (45 0.0231) (51 -0.0227) (69 0.0219) (122 0.0217) (68 0.0195) (71 0.0195) (73 0.0187) (41 0.018) (98 0.0179) (70 0.0178) (89 0.0175) (14 -0.0172) (32 0.0166) (80 0.0156) (23 -0.0151) (24 0.0142) (49 0.0134) (91 0.0134) (124 -0.0133) (37 -0.0128) (42 -0.0124) (13 -0.0124) (33 0.0104) (16 -0.0104) 
   0.0034066   (41 0.818) (68 0.316) (38 0.244) (40 0.218) (67 -0.172) (39 -0.163) (83 0.125) (45 0.0973) (57 -0.0738) (42 0.0699) (70 0.0657) (44 0.0651) (69 -0.0539) (59 -0.0448) (85 -0.0447) (47 0.0409) (89 -0.0388) (37 0.0386) (55 -0.0364) (48 -0.033) (130 0.0316) (95 -0.0294) (96 -0.0288) (50 -0.0286) (53 -0.0278) (32 -0.0243) (54 0.0198) (36 -0.0167) (73 -0.0162) (71 -0.0149) (66 0.0144) (22 0.0141) (31 -0.0135) (56 0.0129) (92 -0.0128) (29 0.0123) (26 0.0118) (14 0.0114) (18 0.0111) (21 -0.0109) (19 0.0107) (124 -0.0101) 
   0.0036797   (83 0.819) (130 0.308) (68 -0.294) (85 -0.172) (89 -0.157) (67 0.137) (95 -0.127) (96 -0.123) (69 0.0774) (91 -0.0732) (59 0.0637) (80 0.0612) (92 -0.0514) (72 -0.0492) (38 0.0378) (70 -0.0338) (90 0.0336) (112 -0.0335) (97 0.0326) (98 -0.0295) (106 0.029) (113 0.0276) (73 0.0275) (76 0.0275) (87 0.0274) (81 -0.0217) (54 -0.0208) (110 -0.0207) (100 0.0202) (102 -0.0201) (40 -0.0194) (103 0.0193) (124 -0.019) (105 0.0189) (45 -0.0175) (56 0.0174) (101 -0.0174) (57 0.0167) (71 0.0161) (55 -0.0161) (116 -0.0158) (66 -0.015) (111 0.0149) (99 0.0147) (86 0.0146) (41 -0.0142) (107 0.0126) (84 0.0125) (88 0.0124) (32 -0.0114) (120 -0.0113) (58 0.0112) (82 -0.0107) (37 0.0107) (31 -0.0104) (77 0.0103) (51 -0.0101) 
   0.0037126   (130 0.542) (68 -0.528) (83 -0.385) (67 0.312) (41 0.268) (70 -0.135) (40 0.127) (89 0.106) (85 0.0988) (48 -0.09) (96 0.0841) (39 -0.0738) (38 0.0724) (95 0.0691) (69 0.0659) (44 0.0569) (57 0.0561) (71 0.035) (92 0.0344) (59 0.0338) (73 0.0318) (106 -0.0306) (91 0.0286) (66 -0.0249) (131 -0.0242) (87 -0.0222) (18 0.0204) (74 0.0203) (42 0.0194) (51 -0.0193) (37 0.0176) (101 0.0167) (47 -0.0162) (32 -0.0145) (79 -0.0143) (110 0.0138) (88 0.0134) (97 -0.0134) (55 0.0131) (127 -0.0125) (45 0.0123) (13 0.012) (105 -0.0111) (75 -0.0102) (102 0.0101) 
   0.0039316   (130 0.78) (68 0.47) (67 -0.263) (41 -0.214) (70 0.104) (40 -0.0887) (38 -0.0762) (69 -0.0748) (83 -0.0642) (48 0.0621) (39 0.0589) (59 -0.0476) (57 -0.0424) (44 -0.0405) (131 -0.0353) (73 -0.0324) (71 -0.0299) (66 0.0227) (72 0.0218) (80 -0.0217) (37 -0.0183) (51 0.0175) (32 0.0158) (18 -0.0156) (74 -0.0147) (88 -0.0137) (96 -0.0132) (42 -0.0126) (47 0.0123) (89 -0.0121) (106 0.0116) (76 -0.011) 
   0.0039473   (98 -0.423) (100 0.322) (99 -0.31) (112 0.29) (108 0.279) (106 0.276) (107 -0.261) (102 -0.226) (124 -0.206) (103 -0.191) (125 0.189) (113 0.16) (95 0.129) (115 -0.115) (110 0.115) (123 0.11) (111 -0.0981) (149 -0.095) (121 0.0727) (92 -0.0686) (89 0.061) (105 0.0597) (76 -0.0507) (48 -0.0496) (97 0.048) (104 0.0456) (142 -0.0453) (101 -0.0443) (96 0.044) (126 0.042) (109 0.0395) (118 -0.0349) (116 -0.0332) (67 -0.0289) (90 -0.0268) (80 0.0268) (114 0.0255) (91 0.0245) (87 0.0241) (51 -0.0241) (69 0.023) (78 0.0222) (83 0.0201) (122 -0.0197) (81 -0.0197) (75 0.0194) (141 0.0191) (73 0.0171) (82 -0.0168) (120 -0.0158) (74 -0.0151) (119 0.0147) (94 -0.0138) (117 0.0118) (86 0.0118) (44 0.0104) 
   0.0040486   (142 -0.875) (149 0.413) (141 0.251) (124 -0.0175) (125 0.0156) (98 0.0124) 
   0.0040939   (48 -0.807) (51 -0.323) (44 0.194) (49 -0.155) (67 -0.133) (55 -0.132) (52 0.128) (53 -0.12) (47 -0.112) (40 0.103) (41 -0.101) (38 -0.0987) (76 -0.0948) (69 0.0844) (50 -0.0842) (57 -0.0798) (56 0.07) (125 -0.0572) (124 0.0479) (68 0.045) (73 0.0429) (106 -0.0425) (83 0.0418) (108 -0.0411) (75 0.0406) (80 0.039) (54 0.0387) (72 -0.0382) (46 -0.0346) (74 -0.0339) (22 -0.0338) (121 -0.0305) (45 -0.03) (89 0.0299) (123 -0.0289) (78 0.0274) (19 -0.0268) (112 -0.0253) (100 -0.0242) (65 -0.0239) (13 0.0232) (18 0.0226) (77 0.022) (81 -0.022) (126 -0.0215) (102 0.0213) (43 0.02) (31 0.0193) (21 0.0184) (111 0.0175) (95 0.0167) (149 0.0167) (85 0.0162) (122 0.0162) (66 0.0157) (103 0.0152) (82 -0.0135) (105 -0.0122) (61 -0.0113) (71 -0.0108) (42 -0.0107) 
   0.0041755   (69 0.407) (81 -0.361) (67 -0.36) (44 0.302) (79 0.282) (82 -0.269) (74 -0.219) (48 0.207) (91 -0.205) (77 -0.162) (70 -0.148) (75 0.136) (71 -0.13) (68 -0.118) (111 0.0959) (92 -0.0888) (40 0.081) (80 0.0775) (72 -0.0775) (85 0.0762) (78 0.0743) (101 -0.0722) (65 -0.0675) (107 0.0642) (98 0.0624) (105 -0.0604) (43 0.0499) (66 0.0497) (83 -0.0488) (87 0.0442) (84 0.0396) (73 0.0389) (47 0.0368) (86 0.0363) (100 0.0354) (38 -0.0331) (57 -0.0327) (54 -0.0318) (156 0.0305) (49 0.028) (39 -0.0273) (51 0.0271) (89 0.027) (45 0.026) (96 0.0258) (125 0.025) (41 -0.0246) (121 0.0224) (112 0.0224) (64 -0.0222) (50 0.022) (61 -0.0219) (99 0.0217) (116 -0.0211) (113 -0.0175) (59 0.0173) (123 0.0154) (42 0.0128) (88 -0.0128) (56 0.0128) (76 0.0121) (46 -0.0121) (108 -0.0116) (58 0.0107) (60 -0.0106) (149 -0.0102) 
   0.0043479   (156 0.999) (44 -0.0342) (48 -0.013) (149 -0.0106) (40 -0.0102) 
   0.0045892   (44 0.82) (40 0.252) (48 0.211) (69 -0.183) (38 -0.173) (67 0.159) (81 0.131) (41 -0.108) (43 0.0973) (79 -0.0971) (74 0.0863) (82 0.0862) (70 0.0848) (68 0.072) (77 0.066) (71 0.0648) (80 -0.0601) (111 -0.0586) (85 -0.0544) (47 0.0541) (75 -0.0495) (39 -0.0478) (83 0.0455) (107 -0.0447) (56 0.041) (46 -0.0406) (105 0.037) (96 0.0352) (65 0.0343) (49 0.0343) (95 0.0342) (101 0.0342) (45 0.0337) (31 0.0332) (42 0.0326) (55 -0.0321) (156 0.0302) (66 -0.0273) (13 0.0268) (57 -0.026) (91 0.0252) (21 0.0237) (19 -0.0233) (18 0.0216) (104 -0.0207) (125 -0.0203) (92 0.0195) (59 0.0169) (100 -0.0162) (121 -0.0148) (78 0.0147) (99 -0.0145) (15 -0.0141) (32 0.0135) (94 0.0133) (90 0.0132) (37 -0.013) (87 -0.013) (103 -0.0128) (84 -0.0126) (116 0.0121) (64 0.0117) (89 -0.0117) (22 -0.0114) (123 -0.0112) (124 0.0108) (61 0.0105) 
   0.0048222   (19 0.59) (20 -0.574) (21 0.434) (135 0.332) (18 -0.0973) (22 -0.0912) (8 -0.048) (26 -0.025) (23 -0.0193) (13 -0.0187) (25 -0.0149) (27 0.0135) (28 0.0128) 
   0.0048806   (135 0.943) (19 -0.208) (20 0.202) (21 -0.153) (18 0.0343) (22 0.0321) (8 0.0141) 
   0.0050316   (8 0.999) (19 0.0323) (20 -0.0305) (21 0.0217) 
   0.0053272   (4 -1) 
   0.0054331   (23 0.825) (25 -0.347) (21 -0.268) (18 0.173) (26 -0.15) (20 -0.13) (19 0.117) (24 -0.0982) (27 0.0946) (14 0.0932) (32 0.0618) (22 0.0473) (11 -0.0452) (38 -0.0419) (28 -0.0413) (31 0.031) (143 -0.03) (33 0.023) (45 0.0187) (37 -0.018) (39 0.0154) (17 -0.015) (16 0.0141) (13 0.0139) (76 0.0123) (34 -0.01) 
   0.0057481   (143 -0.999) (23 -0.0248) (145 -0.0114) (25 0.0104) 
   0.0059168   (10 -0.939) (28 0.323) (27 -0.0986) (26 0.0529) (23 0.0199) (31 0.0157) (21 -0.0149) (32 0.0147) (30 -0.0118) (38 -0.0113) (29 0.0109) 
   0.0060952   (137 -0.96) (28 0.247) (10 0.1) (27 -0.0753) (26 0.0401) (23 0.017) (21 -0.0123) (18 0.0108) (31 0.0102) (30 -0.0101) 
   0.0063927   (28 -0.844) (10 -0.33) (137 -0.282) (27 0.258) (26 -0.137) (23 -0.0581) (21 0.0419) (18 -0.0369) (31 -0.035) (30 0.0344) (32 -0.0333) (14 -0.0252) (29 -0.0247) (38 0.0231) (34 0.0157) (19 -0.0153) (11 0.0146) (20 0.0145) (25 0.0129) 
   0.0064778   (13 -0.899) (40 -0.247) (44 0.168) (14 0.161) (38 0.143) (39 0.134) (18 0.0874) (19 -0.0602) (12 0.0597) (48 -0.0573) (15 0.0518) (21 0.0479) (16 0.0442) (55 0.0428) (57 0.0367) (42 0.0345) (56 -0.0338) (41 0.0333) (45 0.0285) (83 -0.0252) (46 0.0243) (96 -0.0242) (59 -0.0221) (31 -0.021) (89 -0.0182) (72 0.0176) (43 -0.0154) (80 -0.0147) (22 -0.0143) (95 -0.014) (73 -0.0126) (47 -0.0124) (65 0.0119) (26 -0.0112) (70 -0.0111) (61 -0.0102) 
    0.006838   (140 -0.997) (40 -0.0526) (13 0.0343) (38 0.03) (44 0.0276) (39 0.0242) 
    0.008033   (40 0.656) (38 -0.373) (13 -0.355) (44 -0.347) (39 -0.302) (48 0.1) (41 -0.0927) (140 -0.082) (42 -0.0809) (18 0.08) (31 0.0781) (55 -0.0753) (21 0.0657) (19 -0.0653) (45 -0.0643) (56 0.0613) (57 -0.0586) (14 0.0558) (46 -0.055) (43 0.0409) (59 0.0404) (83 0.0382) (96 0.0352) (72 -0.0312) (15 0.0286) (65 -0.0253) (60 0.0248) (16 0.0225) (37 -0.0218) (95 0.0202) (73 0.0198) (78 -0.0198) (89 0.0196) (47 0.0186) (79 -0.0175) (61 0.016) (75 0.0149) (71 -0.0144) (33 0.0144) (70 0.0144) (25 -0.0141) (12 0.014) (52 0.0139) (98 0.0138) (68 0.0132) (81 -0.0122) (80 0.012) (84 0.0116) (62 -0.0112) (50 0.011) (29 0.0105) (36 0.0102) (64 0.01) 
    0.008464   (12 0.951) (31 -0.248) (33 -0.141) (32 0.0822) (13 0.0582) (39 -0.0335) (38 -0.0263) (63 0.0229) (29 -0.0218) (138 -0.0196) (40 0.0176) (26 -0.0157) (28 0.0111) (22 -0.0105) (23 0.0104) 
   0.0090934   (138 -0.968) (31 -0.194) (33 -0.104) (12 -0.0934) (32 0.0615) (39 -0.0279) (38 -0.0159) (26 -0.0159) (29 -0.0143) (18 -0.0121) (13 -0.0104) 

 Largest eigenvalues
      22.634   (163 0.975) 
      20.051   (76 0.748) (95 -0.347) 
      7.4161   (76 -0.388) (95 -0.689) (96 0.407) 
      3.1646   (95 0.418) (96 0.679) 
      1.2286   (124 0.428) (125 -0.591) 
      1.2203   (142 0.375) (149 0.896) 
      1.1822   (165 0.998) 
      1.1682   (164 -0.994) 
      1.1513   (91 -0.33) (92 0.77) (102 0.371) 
      1.1142   (92 0.326) (102 -0.419) (109 -0.767) 
      1.1123   (102 -0.608) (109 0.491) (114 0.31) (116 0.318) 
     0.99479   (102 -0.362) (114 -0.344) (116 -0.511) (117 -0.453) 
     0.97821   (99 0.606) (100 0.53) (101 0.438) 
     0.94169   (105 0.581) (107 0.509) 
     0.92266   (113 0.446) (114 0.566) 
     0.74782   (114 -0.479) (117 0.57) (120 -0.286) 
      0.6803   (108 0.423) (110 0.62) (112 -0.396) 
     0.66335   (107 -0.324) (108 -0.489) (112 -0.501) 
     0.66302   (115 0.548) (123 0.416) (125 -0.434) 
     0.60434   (115 -0.74) (123 0.305) 
     0.58822   (108 0.575) (110 -0.49) (112 -0.325) (113 -0.32) 
     0.58794   (106 0.743) (108 -0.337) 
     0.58587   (122 0.385) (126 0.374) (127 -0.326) (128 0.59) 
      0.5528   (126 -0.812) (128 0.399) 
     0.54418   (120 -0.286) (122 -0.741) (126 0.371) 
      0.5367   (117 0.298) (118 -0.527) (120 0.665) 
     0.53518   (121 -0.516) (123 0.531) (127 0.487) 
     0.42484   (118 -0.333) (120 -0.406) (121 0.484) (127 0.297) (133 0.317) 
     0.42008   (118 0.591) (119 0.355) (133 0.338) 
     0.40385   (90 0.939) 
     0.40035   (121 -0.393) (127 -0.47) (133 0.453) 
     0.32059   (96 0.206) (97 0.917) 
     0.31113   (104 -0.567) (105 -0.408) (107 0.446) 
     0.26412   (103 0.814) (105 0.249) 
      0.2512   (85 -0.255) (101 -0.441) (113 0.316) (124 0.351) 
     0.24057   (80 -0.278) (85 0.671) (100 -0.22) (103 -0.215) (124 0.247) 
     0.23029   (80 0.432) (100 -0.389) (101 0.438) 
     0.21372   (78 0.357) (80 -0.571) (85 -0.511) 
     0.16495   (100 0.219) (101 -0.233) (111 0.628) (112 0.243) 
     0.14494   (89 0.576) (91 0.429) (96 -0.326) 
     0.13445   (89 -0.442) (94 0.505) (104 -0.357) 
     0.12565   (87 -0.36) (91 -0.585) (92 -0.299) 
      0.1199   (87 0.669) (88 0.403) (89 0.3) (94 -0.365) 
     0.11193   (86 -0.641) (89 -0.303) (91 0.354) (94 -0.367) 
     0.10974   (67 -0.33) (69 0.322) (81 0.339) (82 0.528) 
      0.1002   (67 0.334) (79 0.294) (86 0.286) (94 -0.27) 
    0.095154   (61 -0.333) (65 -0.401) (74 0.276) (86 0.252) 
    0.094405   (58 -0.566) (61 0.396) 
    0.091546   (58 0.633) (65 0.367) 
    0.088941   (58 -0.362) (61 -0.321) (94 0.295) 
    0.087109   (58 0.256) (60 0.282) (61 0.505) (65 -0.281) (69 -0.262) (94 0.223) 
     0.08197   (60 -0.247) (61 -0.329) (64 0.419) (65 0.412) (79 0.259) (82 0.27) 
    0.077779   (64 -0.712) (65 0.231) (69 0.236) (74 0.211) (82 0.216) 
    0.073165   (60 0.446) (62 -0.312) (64 0.314) (65 -0.37) (67 0.256) (69 0.261) 
    0.067691   (60 -0.601) (61 0.345) 
    0.066216   (60 0.267) (69 -0.238) (74 -0.226) (79 -0.24) (111 0.226) (116 0.354) (117 -0.224) 
    0.063671   (66 -0.29) (71 0.293) (77 -0.356) (81 0.288) 
     0.05836   (62 0.5) (63 0.293) (66 0.371) 
    0.056092   (62 -0.531) (71 -0.349) (84 0.289) 
    0.055205   (62 0.35) (66 -0.616) (74 -0.291) 
    0.053134   (63 0.31) (66 0.3) (71 0.397) (81 -0.309) (82 0.228) 
    0.052719   (62 0.251) (63 -0.566) (71 -0.205) (74 0.284) (77 -0.263) (81 -0.212) (98 -0.211) 
    0.049973   (63 0.591) (66 -0.314) (71 -0.308) 
    0.046067   (74 -0.254) (81 0.3) (82 -0.279) (84 -0.408) (119 -0.3) 
    0.041192   (31 -0.438) (33 0.783) (39 0.308) 
    0.041005   (33 -0.393) (39 0.731) (40 0.392) 
    0.039664   (75 0.4) (84 0.258) (119 -0.421) 
    0.038936   (51 -0.274) (52 -0.456) (53 0.267) (54 -0.267) (75 -0.317) (119 -0.272) 
    0.034515   (52 0.413) (75 -0.486) 
    0.033618   (30 -0.782) (36 0.479) 
     0.03037   (30 0.562) (35 0.286) (36 0.57) 
    0.030207   (35 -0.427) (36 -0.374) (88 -0.435) 
    0.029447   (35 0.803) (36 -0.308) 
    0.026865   (35 -0.294) (36 0.303) (45 -0.346) (56 -0.364) 
    0.026127   (131 -0.884) 
    0.024471   (129 -0.578) (158 0.806) 
    0.021871   (129 -0.577) (158 -0.292) (162 -0.763) 
    0.021152   (129 -0.577) (158 -0.515) (162 0.634) 
    0.020237   (22 -0.956) 
    0.018081   (141 0.953) (142 0.293) 
