 1 31.6228
 2 24.1635
 3 0.969536
 4 31.6228
 5 26.3063
 6 1.51509
 7 31.6228
 8 2.0909
 9 30.4973
 10 30.1927
 11 1.90943
 12 21.308
 13 31.6228
 14 31.6188
 15 0.902182
 16 31.6228
 17 31.6153
 18 0.905781
 19 31.6228
 20 31.4821
 21 1.06984
 22 31.6228
 23 31.595
 24 0.937573
 25 14.6122
 26 16.0545
 27 1.32394
 28 31.5403
 29 18.7681
 30 4.72065
 31 21.435
 32 9.77446
 33 16.8348
 34 14.1698
 35 14.815
 36 7.2608
 37 31.497
 38 31.6037
 39 1.31991
 40 24.5124
 41 31.2173
 42 1.28757
 43 21.3351
 44 29.3193
 45 1.53437
 46 31.5835
 47 29.1903
 48 4.00775
 49 30.4017
 50 13.2059
 51 16.4564
 52 7.61778
 53 30.8596
 54 17.0114
 55 7.40534
 56 14.0725
 57 25.6285
 58 8.77619
 59 11.1735
 60 7.66705
 61 4.47502
 62 1.3251
 63 21.179
 64 13.507
 65 0.988743
 66 23.3908
 67 28.3589
 68 4.83915
 69 31.6225
 70 31.6228
 71 31.5796
 72 1.33272
 73 31.6192
 74 3.98209
 75 29.1735
 76 30.9788
 77 1.55419
 78 28.259
 79 31.59
 80 3.5044
 81 29.5712
 82 31.4177
 83 23.5785
 84 1.31677
 85 11.1724
 86 1.40392
 87 31.3697
 88 1.16803
 89 1.10237
 90 1.30951
 91 2.36804
 92 20.4578
 93 26.9447
 94 17.8951
 95 27.4145
 96 29.3932
 97 15.9211
 98 14.7037
 99 9.35492
 100 27.4361
 101 30.4914
 102 8.96218
 103 12.7635
 104 11.7546
 105 10.9887
 106 12.8548
 107 12.7392
 108 12.827
 109 10.5884
 110 8.35193
 111 13.3005
 112 14.0964
 113 13.5138
 114 12.8619
 115 12.5508
 116 10.3952
 117 12.8651
 118 13.3749
 119 12.0804
 120 9.98639
 121 10.4112
 122 6.84687
 123 6.47389
 124 5.88259
 125 5.40983
 126 6.43552
 127 4.48379
 128 8.73194
 129 6.83543
 130 6.58674
 131 4.325
 132 4.3607
 133 4.37289
 134 5.31481
 135 2.76355
 136 6.3395
 137 3.12906
 138 2.9191
 139 2.80428
 140 3.27665
 141 3.0776
 142 2.7329
 143 2.74499
 144 4.07406
 145 3.89223
 146 3.26945
 147 3.06706
 148 3.96902
 149 3.89585
 150 3.24281
 151 3.49908
 152 4.33584
 153 4.9282
 154 3.61487
 155 4.26671
 156 4.45876
 157 5.7716
 158 0.266918
 159 0.260391
 160 1.37237
 161 3.55881
 162 6.42906
 163 7.05617
 164 10.9024
 165 0.651721
