 1 1000
 2 589.904
 3 1.83171
 4 1000
 5 708.283
 6 15.3551
 7 1000
 8 35.6292
 9 962.132
 10 925.654
 11 21.9243
 12 486.539
 13 1000
 14 999.794
 15 0.813945
 16 1000
 17 999.644
 18 0.838339
 19 1000
 20 995.109
 21 4.87914
 22 1000
 23 998.958
 24 1.43242
 25 225.021
 26 280.939
 27 6.99018
 28 995.647
 29 421.786
 30 86.4232
 31 467.18
 32 232.779
 33 421.57
 34 208.221
 35 306.195
 36 137.666
 37 992.697
 38 999.3
 39 2.22923
 40 611.337
 41 977.629
 42 1.69473
 43 478.395
 44 884.737
 45 7.3281
 46 998.48
 47 918.982
 48 83.371
 49 937.459
 50 189.176
 51 350.195
 52 143.097
 53 962.202
 54 295.42
 55 127.797
 56 275.702
 57 688.295
 58 87.439
 59 186.185
 60 120.742
 61 22.2471
 62 1.77212
 63 460.148
 64 210.428
 65 1.93956
 66 574.968
 67 891.598
 68 110.747
 69 999.99
 70 1000
 71 998.316
 72 2.58276
 73 999.842
 74 83.1995
 75 918.618
 76 964.319
 77 7.58119
 78 812.414
 79 998.567
 80 67.4742
 81 930.322
 82 989.266
 83 585.037
 84 2.0593
 85 130.746
 86 2.50402
 87 989.153
 88 1.80638
 89 1.70671
 90 2.02043
 91 8.02779
 92 484.882
 93 811.898
 94 442.792
 95 824.083
 96 907.537
 97 299.984
 98 260.518
 99 136.643
 100 793.775
 101 948.273
 102 103.152
 103 179.686
 104 156.492
 105 138.041
 106 177.183
 107 175.531
 108 178.482
 109 130.401
 110 95.0172
 111 194.323
 112 208.223
 113 193.717
 114 179.321
 115 176.701
 116 133.659
 117 186.689
 118 196.375
 119 163.218
 120 114.58
 121 117.763
 122 50.1749
 123 43.4261
 124 38.3678
 125 31.7303
 126 44.0209
 127 25.196
 128 84.1581
 129 55.4929
 130 49.5273
 131 21.2968
 132 19.8205
 133 19.9905
 134 29.2226
 135 8.95442
 136 41.0773
 137 10.8541
 138 9.35881
 139 8.67062
 140 11.551
 141 11.0939
 142 8.83911
 143 8.76543
 144 17.6469
 145 15.9125
 146 11.5195
 147 10.3119
 148 16.9413
 149 16.1454
 150 11.452
 151 13.3631
 152 19.6775
 153 25.4894
 154 14.0641
 155 19.1797
 156 20.9398
 157 34.3121
 158 0.320655
 159 0.107172
 160 2.73584
 161 18.6482
 162 53.7277
 163 62.7599
 164 131.782
 165 2.20789
