 1 69733.3
 2 614.15
 3 1.87316
 4 423869
 5 727.736
 6 15.7538
 7 1.28423e+06
 8 58.1104
 9 1587.13
 10 2755.75
 11 33.4893
 12 746.714
 13 1.50571e+06
 14 11422
 15 0.814082
 16 873233
 17 5620.89
 18 0.926133
 19 216360
 20 3129.41
 21 13.4268
 22 408389
 23 4327.85
 24 3.38997
 25 241.134
 26 317.466
 27 7.84194
 28 3557.16
 29 463.608
 30 94.5231
 31 471.293
 32 237.407
 33 430.457
 34 219.066
 35 318.717
 36 143.789
 37 1520.92
 38 3191.69
 39 3.51048
 40 944.34
 41 5148.38
 42 1.80359
 43 641.38
 44 1511.97
 45 11.5087
 46 4585.89
 47 3021.27
 48 247.748
 49 1898.52
 50 191.282
 51 433.661
 52 177.32
 53 3427.22
 54 335.118
 55 159.385
 56 349.887
 57 692.629
 58 89.0033
 59 189.125
 60 122.813
 61 22.2712
 62 1.77229
 63 470.875
 64 211.08
 65 1.95204
 66 586.303
 67 3417.71
 68 409.018
 69 110264
 70 509031
 71 3225.51
 72 4.54375
 73 20181.8
 74 404.064
 75 4388.27
 76 5322.51
 77 14.3223
 78 1529.98
 79 7934.75
 80 182.329
 81 2254.82
 82 2548.76
 83 692.056
 84 2.18223
 85 152.608
 86 2.64129
 87 3257.21
 88 1.80651
 89 1.70672
 90 2.02061
 91 8.55362
 92 565.05
 93 1174.87
 94 576.496
 95 1267.85
 96 1557.83
 97 321.334
 98 263.333
 99 137.407
 100 930.424
 101 1593.1
 102 107.423
 103 182.039
 104 158.326
 105 138.721
 106 178.128
 107 176.541
 108 179.345
 109 131.366
 110 96.3899
 111 195.032
 112 209.041
 113 194.305
 114 179.626
 115 177.151
 116 134.205
 117 186.969
 118 196.637
 119 163.382
 120 115.354
 121 118.355
 122 50.6261
 123 43.6815
 124 38.6194
 125 32.2072
 126 44.4818
 127 26.0942
 128 84.8895
 129 55.9842
 130 50.2975
 131 21.4554
 132 19.9693
 133 20.1398
 134 29.738
 135 9.08915
 136 41.3649
 137 11.0218
 138 9.48525
 139 8.8287
 140 11.7346
 141 11.483
 142 9.03311
 143 8.95326
 144 17.8663
 145 16.1128
 146 11.7066
 147 10.5327
 148 17.1847
 149 16.4026
 150 11.6231
 151 13.5878
 152 19.9458
 153 26.1178
 154 14.3689
 155 19.3969
 156 21.0824
 157 34.5289
 158 0.39112
 159 0.110025
 160 2.79742
 161 19.8742
 162 62.2378
 163 65.7552
 164 134.284
 165 2.2249
