 Smallest eigenvalues
  6.6414e-07   (9 1) 
  7.7868e-07   (46 0.674) (45 -0.565) (47 0.32) (38 0.228) (40 0.135) (49 -0.105) (41 -0.0927) (59 -0.0599) (32 -0.0567) (53 -0.0471) (50 -0.0423) (157 -0.0403) (54 0.0369) (77 -0.0361) (44 0.0357) (37 0.0353) (14 -0.035) (51 -0.0344) (36 -0.0333) (57 -0.0316) (31 -0.0314) (18 0.0306) (76 0.0282) (21 -0.0273) (30 0.0265) (42 -0.0261) (26 0.0259) (27 -0.0223) (73 -0.0218) (11 0.0213) (95 0.0182) (74 0.017) (19 0.0156) (75 -0.0154) (43 0.0148) (52 0.014) (23 0.0138) (29 0.0132) (39 -0.0131) (68 0.0119) (58 -0.0118) (20 -0.0114) (56 -0.011) (60 -0.0104) (17 -0.0102) 
  1.1452e-06   (157 -0.999) (46 -0.0272) (45 0.0229) (47 -0.0129) 
  1.9645e-06   (5 1) 
  2.3592e-06   (43 -0.663) (42 -0.527) (38 0.319) (45 0.244) (41 -0.184) (40 0.154) (154 0.141) (39 -0.106) (47 0.0851) (44 0.0786) (32 -0.0602) (37 0.0438) (46 -0.0437) (59 -0.0324) (14 -0.0308) (76 0.03) (26 0.0297) (18 0.0293) (50 -0.029) (31 -0.0282) (49 -0.0275) (21 -0.0232) (11 0.0183) (27 -0.0161) (57 -0.0158) (95 0.0142) (53 -0.0142) (73 -0.014) (34 0.0134) (19 0.0128) (23 0.0124) (55 -0.0121) (77 -0.012) (75 -0.0117) (36 -0.0113) (54 0.0108) (52 -0.0108) (33 0.0104) 
  2.4486e-06   (154 0.99) (43 0.0945) (42 0.075) (38 -0.0455) (45 -0.0347) (41 0.0263) (40 -0.022) (39 0.0151) (47 -0.0121) (44 -0.0112) 
  4.6219e-06   (2 -1) 
  9.0471e-06   (152 -0.982) (34 0.174) (32 -0.0459) (31 -0.0276) (30 0.0191) (33 -0.0184) (38 -0.0147) (36 0.0125) (26 0.0107) 
   1.434e-05   (34 -0.917) (32 0.242) (152 -0.186) (31 0.145) (30 -0.101) (33 0.0969) (38 0.0779) (36 -0.0661) (26 -0.0562) (29 0.0345) (18 -0.0342) (52 0.0333) (21 0.0286) (37 0.0253) (14 0.0249) (27 0.0195) (76 -0.0192) (45 -0.0188) (19 -0.0177) (50 0.017) (53 -0.0162) (41 -0.015) (28 -0.0145) (48 -0.0145) (47 -0.0142) (43 -0.0137) (23 -0.0136) (40 0.0125) (11 -0.0123) (54 0.0119) (20 0.0117) (22 0.0116) (58 0.0112) (95 -0.0107) 
  4.4246e-05   (25 -0.833) (49 0.301) (24 0.297) (23 0.202) (51 -0.116) (52 0.108) (19 0.107) (21 -0.1) (26 -0.0915) (33 -0.068) (18 -0.05) (56 0.0475) (50 0.0475) (39 -0.0444) (47 -0.0433) (20 0.0429) (27 -0.0422) (30 0.0323) (22 0.0317) (29 0.0316) (71 0.0311) (59 -0.0276) (36 0.0273) (77 -0.0265) (13 0.0265) (45 -0.0253) (46 0.0225) (54 -0.0208) (55 -0.0168) (76 0.0151) (41 -0.015) (53 -0.0146) (68 0.0133) (66 -0.0127) (79 -0.0125) (40 0.012) (63 -0.0119) (32 -0.0112) (80 0.0109) (75 -0.0106) (72 0.0103) 
  8.6137e-05   (151 0.979) (49 0.154) (25 0.0662) (51 -0.0651) (52 0.0619) (56 0.0285) (50 0.0268) (24 -0.023) (38 0.0212) (47 -0.0185) (54 -0.0148) (23 -0.0148) (59 -0.0146) (55 -0.0141) (46 0.0114) (26 0.011) 
  0.00011664   (49 -0.745) (51 0.316) (25 -0.314) (52 -0.301) (151 0.202) (56 -0.139) (50 -0.13) (24 0.109) (38 -0.102) (47 0.0897) (54 0.072) (59 0.0709) (23 0.0701) (55 0.0685) (46 -0.0553) (26 -0.0526) (71 -0.0483) (53 0.0368) (77 0.0365) (45 0.0359) (18 -0.0349) (57 0.0326) (19 0.0316) (33 -0.0306) (41 0.0302) (37 -0.0281) (75 0.0261) (32 0.0242) (76 -0.0231) (68 -0.0223) (21 -0.0218) (81 0.0216) (95 -0.0214) (79 0.0211) (20 0.021) (69 -0.0183) (40 -0.018) (73 0.0172) (43 -0.0162) (63 0.016) (44 0.0153) (42 0.0151) (31 0.015) (72 -0.0147) (14 0.0143) (36 -0.0141) (61 -0.0131) (13 0.0123) (65 -0.0118) (88 -0.0112) (66 0.011) (99 -0.0106) (22 0.0106) (67 -0.0105) 
  0.00016296   (1 1) 
  0.00017118   (11 0.985) (14 0.142) (18 -0.0389) (17 0.0377) (21 0.0337) (13 0.0318) (38 -0.0268) (23 -0.0227) (32 0.022) (19 -0.0191) (20 0.0148) (27 0.0142) (26 -0.0139) (15 -0.0112) (31 0.0104) 
   0.0001838   (161 1) 
  0.00018659   (3 -1) 
  0.00023196   (14 -0.713) (16 -0.588) (15 0.312) (17 0.108) (13 -0.103) (11 0.0927) (18 -0.0817) (21 0.062) (23 -0.0446) (19 -0.0393) (32 0.03) (38 -0.0282) (27 0.0248) (20 0.0224) (24 0.0191) (26 -0.0189) (31 0.0141) (33 -0.0138) (45 0.0115) 
  0.00027001   (160 1) 
  0.00027836   (7 1) 
   0.0002816   (24 -0.914) (25 -0.259) (23 0.176) (21 -0.152) (26 -0.0804) (30 -0.078) (18 0.0721) (19 0.0673) (155 -0.0632) (20 -0.0586) (36 0.0565) (14 -0.0473) (22 -0.0418) (27 0.0414) (31 0.0277) (11 0.0268) (52 0.0216) (32 0.018) (17 -0.0157) (37 0.0143) (38 -0.0138) (56 -0.0113) (45 0.0107) (40 -0.0104) 
  0.00028664   (155 -0.998) (24 0.0579) (25 0.0164) (23 -0.0111) 
  0.00030559   (6 1) 
  0.00031405   (17 -0.984) (14 -0.107) (21 0.0867) (11 0.0467) (18 -0.0456) (20 0.044) (15 0.0438) (19 -0.035) (27 0.0264) (159 0.0242) (36 0.0177) (31 0.0157) (13 -0.0148) (30 -0.0129) (45 0.0119) (23 0.0112) (24 0.0103) 
  0.00031838   (159 1) (17 0.0239) 
  0.00032275   (73 -0.758) (59 0.418) (57 0.311) (76 -0.21) (74 -0.164) (38 0.105) (54 -0.0989) (58 0.0979) (75 0.0943) (50 0.0655) (39 -0.0601) (47 -0.0592) (43 0.0517) (45 -0.0472) (32 -0.0445) (40 0.0399) (96 0.0393) (77 0.039) (18 0.0369) (56 0.035) (37 0.035) (68 0.0337) (72 -0.0331) (88 0.0324) (41 -0.0321) (26 0.0306) (53 0.0303) (52 0.0287) (36 -0.0279) (14 -0.0269) (69 -0.0262) (70 0.0251) (46 -0.025) (48 0.0231) (49 -0.0228) (92 0.0202) (78 -0.0193) (122 0.0187) (87 -0.0174) (102 -0.0164) (124 -0.016) (11 0.0156) (99 0.0156) (120 -0.0155) (112 -0.0154) (21 -0.015) (113 0.0145) (42 -0.0137) (66 0.0134) (31 -0.0131) (67 -0.0125) (44 0.0113) (116 -0.0112) (13 -0.0107) (80 0.0107) (127 -0.0107) (20 -0.0106) (30 0.01) 
  0.00038035   (59 0.547) (73 0.514) (57 0.393) (70 -0.221) (38 0.175) (68 0.154) (153 -0.141) (47 -0.135) (76 0.129) (58 0.128) (50 0.122) (74 0.104) (67 -0.102) (45 -0.101) (54 -0.0857) (39 -0.0748) (32 -0.0699) (71 0.0664) (69 -0.0642) (75 -0.0605) (41 -0.0571) (40 0.0456) (37 0.0446) (18 0.0433) (14 -0.0427) (26 0.0423) (66 0.0412) (46 -0.0348) (36 -0.0328) (21 -0.0317) (42 0.0306) (122 -0.0287) (53 0.0282) (31 -0.0271) (11 0.0262) (43 0.0259) (83 -0.0257) (52 -0.0248) (55 -0.0198) (77 -0.0196) (88 0.0191) (113 0.0189) (78 0.0178) (127 -0.0173) (20 -0.017) (44 0.0168) (112 -0.016) (27 -0.016) (19 0.0157) (48 0.0156) (80 -0.0154) (17 -0.0153) (64 -0.015) (116 -0.0147) (30 0.0147) (16 0.0143) (56 0.0132) (120 -0.0131) (133 -0.0124) (126 -0.0122) (131 0.012) (61 -0.012) (62 0.0119) (117 0.0117) (98 -0.0115) (63 -0.0105) 
  0.00041452   (153 -0.99) (59 -0.0819) (73 -0.0655) (57 -0.0592) (70 0.0309) (38 -0.0265) (68 -0.0221) (47 0.0199) (58 -0.0191) (50 -0.0182) (76 -0.0163) (45 0.015) (67 0.0145) (54 0.0133) (74 -0.0132) (39 0.0115) (32 0.0106) 
  0.00042338   (20 0.743) (19 0.488) (18 0.396) (21 0.199) (47 -0.0597) (50 -0.0562) (25 0.0404) (26 -0.0293) (23 -0.0278) (24 -0.0271) (22 0.0243) (14 -0.023) (45 -0.0198) (17 0.017) (48 -0.0168) (54 0.0135) (42 0.0109) (57 -0.0102) (59 -0.0101) 
  0.00048408   (47 -0.596) (50 -0.55) (150 0.41) (38 0.193) (45 -0.186) (48 -0.155) (54 0.107) (52 0.086) (39 -0.0847) (59 -0.0829) (41 -0.0796) (20 -0.0761) (32 -0.068) (57 -0.0653) (55 0.0592) (40 0.0511) (49 -0.0497) (21 -0.045) (46 -0.0425) (26 0.0394) (37 0.0364) (14 -0.0353) (42 0.0295) (36 -0.0287) (19 -0.0273) (43 0.0267) (31 -0.0264) (73 -0.0252) (11 0.021) (58 -0.0203) (76 0.0162) (44 0.0154) (27 -0.0152) (30 0.0143) (51 0.0121) (16 0.0118) (23 0.0105) (53 0.0102) 
  0.00052876   (150 0.912) (47 0.268) (50 0.248) (38 -0.0871) (45 0.0839) (48 0.0697) (54 -0.0481) (52 -0.0387) (39 0.0382) (59 0.0373) (41 0.0359) (20 0.0325) (32 0.0307) (57 0.0293) (55 -0.0266) (40 -0.023) (49 0.0224) (21 0.0198) (46 0.0192) (26 -0.0177) (37 -0.0164) (14 0.016) (42 -0.0133) (36 0.0129) (43 -0.012) (31 0.0119) (73 0.0113) (19 0.0112) 
  0.00054207   (53 0.685) (42 -0.368) (50 0.365) (54 0.288) (43 0.233) (47 -0.18) (49 -0.139) (51 -0.131) (52 0.106) (45 -0.103) (59 -0.0933) (56 -0.0879) (57 -0.0783) (38 0.0491) (41 0.0466) (44 0.0281) (40 -0.0273) (46 -0.025) (70 -0.0241) (37 0.0234) (58 -0.0229) (18 0.0188) (147 -0.0188) (36 -0.0187) (32 -0.0178) (26 0.0176) (48 -0.0169) (14 -0.0132) (68 0.0114) 
   0.0005586   (147 -0.805) (42 0.447) (43 -0.22) (53 0.213) (41 -0.109) (38 0.0982) (45 0.0688) (50 0.0682) (52 0.0664) (40 0.066) (54 0.0656) (39 -0.0655) (49 -0.0388) (59 -0.0344) (32 -0.0322) (47 0.0319) (51 -0.0303) (56 -0.0288) (57 -0.0235) (44 -0.0215) (26 0.0203) (73 -0.0195) (21 -0.0149) (14 -0.014) (48 0.0136) (18 0.0114) (31 -0.0107) 
  0.00057077   (42 -0.595) (147 -0.593) (53 -0.31) (43 0.291) (41 0.147) (38 -0.135) (50 -0.104) (54 -0.0981) (52 -0.0935) (45 -0.09) (39 0.0891) (40 -0.0888) (49 0.0571) (59 0.0495) (51 0.0453) (32 0.0443) (56 0.0418) (47 -0.0376) (57 0.0343) (44 0.0283) (26 -0.0281) (73 0.0267) (21 0.0205) (14 0.0194) (48 -0.018) (18 -0.0161) (31 0.0149) (70 -0.0128) (36 0.0121) (58 0.0118) (95 -0.0116) (20 0.0111) (37 -0.0102) (11 -0.01) 
  0.00061639   (70 0.807) (71 -0.332) (72 0.301) (69 0.173) (73 0.159) (68 -0.14) (50 0.118) (59 0.106) (38 0.0961) (47 -0.0752) (57 0.0674) (52 -0.0545) (39 -0.0429) (54 -0.0417) (83 -0.0397) (43 0.0382) (45 -0.0382) (32 -0.0361) (76 -0.0329) (53 -0.0313) (148 0.029) (37 0.0283) (18 0.0279) (56 0.0272) (55 0.0268) (26 0.0266) (58 0.0263) (41 -0.026) (46 -0.0237) (66 -0.0236) (14 -0.0231) (36 -0.0227) (40 0.0206) (120 -0.0189) (88 0.0183) (67 0.0167) (89 -0.0164) (127 -0.0157) (21 -0.0157) (49 -0.0155) (102 -0.0153) (31 -0.0151) (94 0.0142) (124 -0.014) (112 -0.013) (113 0.0128) (11 0.012) (99 0.012) (91 0.0115) (19 0.0114) (80 -0.0113) (116 -0.0108) (44 0.0107) (74 0.01) (126 -0.01) 
  0.00068479   (148 0.552) (52 -0.44) (50 0.437) (53 -0.302) (47 -0.287) (57 -0.161) (38 0.13) (59 -0.126) (55 0.113) (45 -0.112) (70 -0.0942) (42 0.0735) (73 -0.0711) (39 -0.0636) (41 -0.0623) (54 0.0592) (72 -0.053) (40 0.0489) (71 0.0488) (46 -0.0446) (32 -0.0433) (51 -0.0425) (58 -0.0307) (26 0.0272) (14 -0.0256) (69 -0.0255) (37 0.025) (21 -0.0241) (56 -0.0237) (18 0.021) (44 0.0201) (122 -0.0189) (36 -0.018) (31 -0.0155) (95 0.0135) (68 0.013) (11 0.0127) (20 -0.0126) (48 -0.0123) (43 -0.0117) (16 0.0105) (83 0.0103) 
  0.00075531   (148 0.833) (50 -0.294) (52 0.293) (53 0.201) (47 0.193) (57 0.104) (38 -0.09) (59 0.0795) (45 0.0759) (55 -0.0758) (42 -0.0485) (39 0.0439) (41 0.0423) (73 0.0416) (54 -0.0377) (70 0.0343) (40 -0.0332) (46 0.0304) (32 0.0302) (51 0.0284) (72 0.0247) (71 -0.0208) (58 0.0193) (26 -0.0191) (14 0.0179) (37 -0.0177) (21 0.0166) (18 -0.0151) (56 0.0147) (44 -0.0138) (36 0.0129) (122 0.0125) (31 0.0109) (69 0.0108) 
  0.00079439   (37 0.869) (36 -0.248) (38 -0.224) (21 -0.198) (18 0.188) (23 -0.135) (20 -0.0936) (39 0.0785) (19 0.0749) (14 -0.0644) (32 -0.0589) (43 -0.0444) (24 0.0395) (41 0.0316) (40 -0.0309) (11 0.0273) (45 0.0272) (17 -0.0263) (26 -0.024) (16 0.0239) (22 0.02) (31 -0.0196) (47 0.0193) (54 0.0184) (57 -0.018) (50 -0.0166) (13 -0.0166) (59 -0.0166) (46 0.0151) (15 -0.0126) (34 -0.0121) (30 0.011) 
   0.0010774   (21 -0.544) (23 -0.435) (18 0.435) (37 -0.315) (20 -0.243) (26 -0.237) (19 0.194) (32 0.126) (14 -0.112) (36 0.109) (24 0.106) (17 -0.0695) (22 0.0674) (27 0.0551) (31 0.0485) (16 0.0435) (11 0.04) (30 -0.0301) (13 -0.025) (144 -0.0222) (15 -0.0214) (29 -0.0162) (33 -0.0118) (28 0.0107) 
   0.0011775   (144 -0.986) (145 0.167) (21 0.0132) (18 -0.0107) (23 0.0104) 
   0.0012421   (46 -0.653) (47 0.446) (45 -0.351) (38 0.273) (14 -0.179) (16 0.173) (43 0.169) (50 -0.126) (54 0.109) (41 -0.0938) (39 -0.0881) (59 -0.0785) (49 0.0676) (15 -0.0626) (55 0.0613) (32 -0.0555) (37 0.054) (57 -0.0508) (36 -0.044) (11 0.0403) (48 0.0365) (52 -0.0361) (13 -0.0311) (26 0.0305) (31 -0.0297) (70 -0.0269) (76 -0.0266) (83 -0.0232) (53 -0.0209) (58 -0.0195) (51 -0.0168) (80 -0.0149) (95 -0.0143) (30 0.013) (17 0.0127) (40 -0.0125) (21 -0.012) (44 -0.0105) (19 0.0103) 
   0.0012856   (16 0.682) (14 -0.579) (15 -0.234) (18 -0.166) (46 0.157) (13 -0.124) (38 -0.108) (21 0.0975) (47 -0.0946) (45 0.0941) (17 0.0855) (26 -0.0709) (20 0.0685) (32 0.0656) (11 0.0645) (43 -0.047) (19 -0.0443) (39 0.0386) (41 0.0381) (37 -0.0286) (31 0.0263) (36 0.0254) (50 0.0245) (23 -0.0245) (27 0.0244) (54 -0.02) (30 -0.0156) (49 -0.0148) (55 -0.0136) (59 0.0131) 
   0.0014203   (146 1) (145 -0.0105) 
   0.0014364   (54 -0.695) (55 0.377) (32 -0.357) (56 -0.353) (52 0.132) (57 -0.13) (34 -0.127) (53 0.111) (59 -0.109) (31 -0.0996) (26 0.0697) (49 -0.0561) (18 0.0558) (30 0.0541) (48 0.0451) (14 -0.0446) (36 0.0414) (43 0.0407) (50 0.0391) (33 0.0384) (21 -0.0364) (37 -0.0317) (42 -0.0296) (68 0.0289) (58 -0.0283) (70 -0.0269) (46 -0.0264) (69 -0.0249) (27 -0.0241) (47 -0.0238) (76 -0.0234) (20 -0.0215) (11 0.0211) (73 0.0209) (19 0.0182) (38 -0.0163) (45 -0.0154) (16 0.0153) (139 -0.0135) (13 -0.0116) (71 0.0111) (23 0.0104) (96 0.0101) 
   0.0015843   (32 -0.746) (54 0.318) (34 -0.283) (38 -0.225) (31 -0.204) (55 -0.156) (56 0.152) (36 0.145) (37 -0.134) (26 0.108) (30 0.107) (39 0.0839) (33 0.0821) (139 -0.0743) (18 0.0684) (52 -0.0651) (41 0.0642) (21 -0.0608) (14 -0.0583) (53 -0.0548) (47 0.0457) (27 -0.043) (45 0.0401) (43 -0.0393) (40 -0.0381) (57 0.0379) (59 0.0329) (20 -0.0313) (50 -0.0307) (49 0.0302) (19 0.0283) (11 0.0267) (35 -0.0224) (46 0.0204) (48 -0.0201) (16 0.0181) (23 0.0158) (13 -0.0125) (29 0.0124) (68 -0.0115) (73 -0.0104) (28 -0.0101) 
   0.0016632   (139 -0.997) (32 0.0605) (34 0.0228) (38 0.0167) (31 0.0166) (54 -0.0142) (36 -0.0113) (37 0.0103) 
    0.001797   (15 -0.777) (27 -0.477) (16 -0.321) (28 -0.13) (26 0.116) (14 -0.106) (29 -0.0862) (32 0.0696) (17 -0.0413) (18 0.0352) (31 0.0347) (38 -0.0326) (13 0.0287) (23 0.0283) (20 -0.0279) (136 0.0278) (30 -0.0202) (44 -0.0178) (37 -0.0157) (21 -0.0145) (11 0.0134) (36 0.0133) (24 -0.0105) (22 0.0102) 
   0.0020125   (27 -0.725) (15 0.469) (136 0.284) (16 0.209) (28 -0.197) (26 0.194) (29 -0.15) (32 0.0984) (18 0.0656) (21 -0.0583) (19 0.0495) (38 -0.0445) (31 0.0422) (23 0.0362) (20 -0.0336) (13 -0.03) (30 -0.0294) (11 0.0223) (37 -0.0204) (25 0.0182) (40 -0.0176) (39 0.0171) (36 0.0169) (24 -0.0152) (41 0.0117) (45 0.0115) (51 -0.0108) 
   0.0021071   (136 0.959) (27 0.228) (15 -0.116) (28 0.0621) (26 -0.0608) (16 -0.0525) (29 0.0469) (32 -0.0311) (18 -0.0205) (21 0.0177) (19 -0.0149) (38 0.014) (31 -0.0135) (23 -0.0115) (20 0.0108) 
   0.0022903   (29 0.924) (51 -0.245) (27 -0.148) (48 -0.112) (49 -0.103) (72 -0.0701) (53 -0.0666) (31 -0.0622) (45 0.0604) (28 -0.0603) (32 0.0531) (52 0.0418) (39 0.0326) (56 -0.0318) (70 0.0313) (30 0.0309) (47 0.0296) (25 0.029) (40 -0.0284) (34 0.0281) (71 0.0278) (22 -0.0223) (59 0.0203) (54 0.02) (55 0.0197) (44 -0.0196) (132 0.0194) (33 -0.0184) (74 0.018) (26 0.017) (37 -0.0166) (18 0.0157) (83 -0.015) (14 -0.0148) (77 0.0147) (35 -0.0139) (60 -0.0138) (66 -0.0134) (46 -0.0134) (20 -0.0125) (24 -0.0116) (81 0.0115) (21 -0.011) (69 0.0108) (43 0.0103) 
   0.0023339   (72 -0.727) (70 0.322) (71 0.274) (77 0.265) (132 0.234) (51 0.229) (66 -0.133) (69 0.13) (83 -0.0867) (49 0.0831) (55 -0.0751) (67 -0.0709) (48 0.0676) (53 0.0654) (38 0.0581) (57 -0.0544) (131 0.0523) (39 0.0522) (68 -0.0514) (79 0.0501) (96 -0.0488) (73 0.0478) (59 0.0471) (75 -0.0457) (54 -0.0447) (81 0.0433) (89 -0.0417) (95 -0.0388) (82 0.0372) (63 -0.0358) (74 0.0336) (45 -0.0322) (84 0.0315) (62 -0.0308) (76 0.0286) (58 0.0262) (40 0.0245) (78 0.022) (91 0.019) (128 -0.0188) (47 -0.0187) (60 -0.0185) (31 -0.0176) (92 -0.0168) (101 -0.016) (80 0.0155) (85 0.0145) (50 0.0138) (98 -0.0133) (117 -0.0124) (43 0.0123) (21 -0.0113) (88 0.0111) (119 -0.0108) (52 -0.0105) 
   0.0023602   (51 0.589) (132 0.469) (48 0.293) (72 0.271) (29 0.265) (49 0.237) (53 0.167) (70 -0.128) (71 -0.111) (40 0.0981) (56 0.0974) (52 -0.0947) (45 -0.0834) (131 0.0832) (59 -0.0778) (47 -0.0752) (77 -0.0741) (55 -0.0711) (44 0.0553) (27 -0.0548) (54 -0.0521) (83 0.0505) (74 -0.0383) (66 0.0309) (69 -0.0282) (41 -0.0281) (73 -0.0261) (81 -0.0254) (39 0.0243) (28 -0.0232) (60 0.0228) (68 0.0217) (75 0.0206) (79 -0.0189) (96 0.0185) (63 0.0183) (18 0.0177) (95 0.0177) (58 -0.0168) (89 0.0162) (57 -0.0161) (25 0.0158) (38 -0.0157) (128 -0.0148) (46 0.0145) (116 0.0134) (88 0.0129) (32 0.0118) (65 0.0117) (50 0.0117) (62 0.0111) (102 0.011) (33 0.0108) (13 -0.0104) (133 -0.0104) (87 -0.0101) 
   0.0024088   (132 0.836) (51 -0.392) (48 -0.182) (29 -0.169) (49 -0.155) (131 0.124) (53 -0.111) (40 -0.0615) (55 0.061) (56 -0.0559) (52 0.0553) (72 0.0552) (45 0.0548) (47 0.047) (54 0.0417) (27 0.0368) (77 -0.0331) (59 0.0297) (39 -0.0295) (44 -0.0289) (57 0.0246) (133 -0.0228) (69 -0.0213) (66 0.0208) (70 -0.0199) (67 0.0191) (128 -0.0178) (41 0.0174) (71 -0.0157) (28 0.0147) (74 0.0117) (50 -0.0104) (84 -0.0104) (18 -0.01) 
    0.002497   (18 0.639) (21 0.493) (19 -0.353) (20 -0.23) (22 -0.223) (55 0.166) (13 -0.141) (25 -0.135) (26 -0.107) (56 0.104) (57 -0.0831) (59 0.0651) (23 0.0599) (31 -0.0482) (40 -0.0472) (54 0.0448) (39 0.0408) (32 0.04) (12 0.0274) (24 0.0269) (16 0.0266) (43 -0.0232) (83 0.022) (17 0.0202) (37 -0.019) (47 0.0183) (72 -0.0171) (41 0.017) (58 0.0163) (28 0.0159) (14 -0.0154) (122 0.0151) (46 0.015) (96 0.0148) (36 0.0138) (53 0.0138) (67 -0.0137) (49 0.0133) (29 -0.0131) (33 0.0129) (50 -0.0126) (95 0.0124) (126 -0.012) (44 -0.0107) (45 0.0107) (11 0.0102) 
   0.0026645   (57 0.769) (59 -0.576) (58 -0.136) (18 0.0838) (72 -0.0733) (96 0.0622) (40 0.0598) (83 0.0558) (67 -0.0548) (21 0.0543) (49 -0.045) (54 -0.0447) (39 -0.044) (69 0.0415) (50 0.0405) (19 -0.0402) (47 -0.0341) (71 0.0332) (126 -0.03) (134 -0.0297) (13 -0.0292) (20 -0.0282) (78 -0.028) (70 0.0274) (43 0.0264) (55 -0.0258) (22 -0.0251) (53 -0.0251) (89 0.0238) (77 0.0238) (63 -0.0235) (51 -0.0231) (46 -0.0201) (73 0.0201) (98 0.0195) (52 -0.0182) (106 0.017) (80 0.0169) (87 -0.0166) (91 -0.016) (95 0.0159) (66 -0.0152) (97 -0.0152) (44 0.015) (92 0.0146) (79 0.0134) (34 -0.0131) (48 0.0128) (25 -0.0122) (76 -0.0121) (68 0.0115) (122 -0.0112) (94 0.0111) (127 -0.0108) (60 -0.0104) (88 0.0103) 
   0.0027658   (134 -0.827) (55 -0.437) (56 -0.275) (54 -0.0805) (18 0.0776) (38 0.0738) (48 -0.069) (40 -0.0642) (57 -0.0552) (21 0.0462) (53 -0.0392) (72 0.0385) (133 -0.0371) (83 -0.0345) (19 -0.0339) (20 -0.0302) (67 0.0261) (47 -0.0243) (22 -0.0241) (31 -0.0236) (44 -0.0223) (46 -0.0218) (25 -0.0211) (50 0.0203) (39 0.0197) (51 0.0178) (69 -0.0164) (43 0.0163) (95 -0.016) (71 -0.0157) (76 -0.0155) (96 -0.0154) (45 -0.0148) (73 -0.013) (70 -0.0128) (14 -0.0117) (89 -0.0111) (80 -0.0109) (42 0.0107) (41 -0.0102) (98 -0.0102) (32 -0.0101) (122 -0.01) 
   0.0028394   (55 0.646) (134 -0.559) (56 0.407) (54 0.122) (18 -0.119) (38 -0.108) (48 0.101) (40 0.0905) (21 -0.0711) (53 0.0592) (72 -0.0537) (19 0.0522) (83 0.051) (126 -0.0469) (20 0.046) (47 0.038) (57 0.0379) (22 0.0369) (59 0.0366) (67 -0.036) (31 0.0341) (46 0.0334) (50 -0.0323) (44 0.0318) (25 0.0317) (96 0.0291) (95 0.0265) (39 -0.026) (43 -0.0257) (51 -0.0248) (76 0.0237) (69 0.0222) (45 0.022) (122 0.0217) (71 0.0217) (133 -0.0211) (73 0.0184) (98 0.0181) (89 0.0178) (70 0.0176) (14 0.0173) (42 -0.0159) (80 0.0158) (41 0.0155) (32 0.0155) (124 -0.0134) (23 -0.0134) (91 -0.0131) (13 0.0123) (68 0.0123) (36 0.012) (37 -0.0114) (49 0.0114) (58 0.0111) (24 -0.0102) 
   0.0034043   (41 0.81) (68 0.281) (38 0.253) (67 -0.228) (40 0.222) (39 -0.185) (83 0.125) (45 0.0954) (57 -0.0742) (44 0.0644) (42 0.064) (70 0.0637) (69 -0.0459) (85 -0.0446) (59 -0.0426) (47 0.0401) (89 -0.0384) (37 0.0369) (55 -0.0358) (48 0.0323) (130 0.031) (50 -0.0293) (95 -0.0292) (96 -0.029) (53 -0.0271) (32 -0.0239) (36 -0.0223) (54 0.0219) (66 0.0163) (73 -0.0158) (22 -0.0142) (71 -0.0138) (31 -0.0138) (92 -0.013) (29 0.0124) (26 0.0118) (19 0.0117) (56 -0.0117) (14 -0.0115) (18 0.0113) (46 0.0111) (21 -0.0108) (58 -0.0107) (124 -0.01) 
    0.003684   (83 0.819) (130 0.304) (68 -0.268) (67 0.191) (85 -0.172) (89 -0.158) (95 -0.125) (96 -0.125) (91 0.0712) (69 0.0702) (59 0.0623) (80 0.0617) (92 -0.0527) (72 -0.0492) (38 0.0383) (112 -0.034) (90 0.0332) (97 0.0324) (70 -0.0323) (87 0.0302) (106 0.0289) (98 -0.0282) (73 0.027) (113 0.0267) (76 0.0266) (100 -0.0237) (54 -0.0215) (110 -0.0212) (81 -0.0205) (102 -0.0202) (103 0.0193) (105 0.0191) (124 -0.019) (40 -0.0189) (55 -0.018) (57 0.0175) (71 0.0171) (45 -0.0171) (99 0.0171) (66 -0.017) (116 -0.0161) (58 0.0156) (111 0.0153) (56 -0.0153) (94 0.014) (84 0.014) (86 0.0136) (107 0.0129) (101 -0.0126) (131 -0.0122) (41 -0.0119) (32 -0.0111) (120 -0.0109) (82 -0.0107) (52 0.0106) (31 -0.0105) (77 0.0103) (51 -0.01) 
   0.0037065   (130 0.538) (68 -0.464) (67 0.407) (83 -0.386) (41 0.265) (70 -0.132) (40 0.125) (89 0.105) (85 0.0989) (48 0.0898) (39 -0.0886) (96 0.0849) (38 0.0763) (95 0.0691) (44 0.0568) (57 0.0567) (69 0.0529) (92 0.0349) (71 0.0323) (59 0.032) (73 0.0314) (106 -0.0306) (131 -0.0304) (66 -0.0282) (91 -0.0273) (87 -0.023) (18 0.0206) (88 0.0205) (51 -0.0203) (74 0.0199) (42 0.0177) (37 0.017) (47 -0.0163) (101 0.0152) (32 -0.0146) (79 -0.0141) (110 0.0139) (55 0.0137) (97 -0.0132) (127 -0.0125) (13 -0.012) (45 0.0116) (105 -0.0112) (102 0.0101) 
   0.0039331   (130 0.784) (68 0.412) (67 -0.344) (41 -0.209) (70 0.1) (40 -0.0869) (38 -0.0783) (39 0.0676) (69 -0.0624) (48 -0.0615) (83 -0.0612) (59 -0.0452) (131 -0.0447) (57 -0.0427) (44 -0.04) (73 -0.0315) (71 -0.0282) (66 0.0253) (72 0.0216) (80 -0.0212) (51 0.018) (37 -0.0172) (18 -0.0156) (32 0.0155) (88 -0.0145) (74 -0.0142) (96 -0.0134) (47 0.0122) (42 -0.0116) (106 0.0115) (89 -0.0115) (58 -0.0109) (36 0.0104) (54 0.0104) 
   0.0039576   (98 -0.454) (100 -0.319) (112 0.283) (108 0.278) (106 0.277) (99 -0.272) (107 -0.261) (102 -0.225) (124 -0.205) (103 -0.192) (125 0.192) (113 0.168) (95 0.125) (110 0.118) (115 -0.116) (123 0.106) (111 -0.0981) (149 -0.0952) (121 0.072) (92 -0.068) (105 0.0617) (89 0.0612) (48 0.0495) (76 -0.0488) (97 0.0478) (104 0.046) (96 0.0457) (142 -0.0446) (126 0.042) (109 0.039) (118 0.0372) (94 -0.0333) (101 0.0333) (116 -0.0329) (67 -0.0295) (114 0.0276) (80 0.0269) (90 -0.0263) (91 -0.0251) (51 -0.025) (75 0.024) (87 0.0238) (69 0.0228) (78 0.0222) (122 -0.0207) (83 0.0201) (81 -0.0194) (141 0.0192) (73 0.0169) (82 -0.0166) (74 -0.0156) (120 -0.0156) (86 0.0125) (117 0.0108) (49 -0.0106) (44 0.0104) 
   0.0040561   (142 -0.872) (149 0.416) (141 0.255) (124 -0.0175) (125 0.0161) (98 0.0127) 
    0.004111   (48 0.807) (51 -0.335) (44 0.194) (49 -0.164) (67 -0.139) (55 -0.134) (53 -0.116) (47 -0.111) (41 -0.103) (38 -0.0992) (40 0.0978) (52 0.0919) (76 -0.0907) (69 0.0838) (50 -0.0806) (57 -0.0794) (56 -0.0613) (125 -0.0579) (75 0.0489) (124 0.0474) (106 -0.0424) (73 0.0423) (83 0.0417) (108 -0.041) (54 0.0405) (80 0.0392) (72 -0.0383) (46 -0.0368) (74 -0.0346) (22 0.0339) (121 -0.0303) (45 -0.0299) (89 0.0298) (123 -0.0282) (78 0.0272) (19 -0.0266) (39 -0.0248) (112 -0.0248) (65 -0.0243) (13 -0.0232) (18 0.0226) (100 0.0223) (126 -0.0215) (43 0.0214) (81 -0.0214) (102 0.0212) (77 0.0209) (31 0.0193) (21 0.0184) (111 0.0176) (149 0.0167) (122 0.0165) (68 0.0165) (66 0.0164) (95 0.0161) (85 0.0161) (103 0.0153) (82 -0.0132) (61 -0.0125) (105 -0.0122) (116 0.01) 
    0.004176   (69 0.399) (81 -0.361) (67 -0.335) (44 0.3) (79 0.286) (82 -0.263) (74 -0.221) (48 -0.206) (91 0.204) (68 -0.198) (77 -0.161) (70 -0.146) (75 0.132) (71 -0.128) (111 0.0954) (92 -0.0929) (80 0.0905) (72 -0.08) (85 0.0759) (40 0.0759) (65 -0.0695) (98 0.065) (78 0.0648) (107 0.0642) (105 -0.0603) (101 -0.0596) (100 -0.0532) (66 0.0517) (83 -0.0489) (43 0.048) (87 0.0426) (86 0.0389) (39 -0.0386) (47 0.0371) (84 0.0366) (73 0.0363) (57 -0.0326) (38 -0.0324) (54 -0.0318) (156 0.0301) (49 0.0292) (51 0.0284) (76 0.0284) (89 0.0269) (41 -0.0266) (45 0.0257) (96 0.0256) (125 0.0252) (61 -0.0242) (112 0.0241) (121 0.0225) (64 -0.0222) (116 -0.0217) (50 0.0206) (42 0.0191) (113 -0.0179) (59 0.0169) (99 0.0154) (123 0.0152) (88 -0.0147) (58 0.0124) (56 -0.0115) (108 -0.0113) (46 -0.0106) (149 -0.0102) 
   0.0043594   (156 0.999) (44 -0.0343) (48 0.013) (149 -0.0106) 
   0.0046039   (44 0.819) (40 0.24) (48 -0.213) (69 -0.178) (38 -0.173) (67 0.143) (81 0.13) (41 -0.114) (68 0.107) (79 -0.0957) (43 0.093) (74 0.0864) (39 -0.0856) (82 0.0841) (70 0.0835) (71 0.0649) (77 0.0648) (80 -0.0645) (111 -0.0582) (47 0.0545) (85 -0.0542) (75 -0.0473) (42 0.0454) (83 0.0454) (107 -0.0447) (46 -0.0389) (56 -0.0378) (105 0.0367) (95 0.0354) (96 0.0354) (65 0.0351) (55 -0.035) (49 0.0339) (31 0.0335) (45 0.0326) (156 0.0305) (101 0.0288) (66 -0.028) (13 -0.0269) (57 -0.0261) (91 -0.0248) (100 0.0244) (21 0.0237) (19 -0.0225) (18 0.0218) (104 -0.0208) (125 -0.0205) (92 0.02) (78 0.0179) (59 0.0173) (76 -0.0149) (121 -0.0148) (99 -0.0131) (90 0.0129) (87 -0.0129) (103 -0.0128) (15 -0.0128) (32 0.0125) (116 0.0124) (37 -0.0122) (89 -0.0117) (84 -0.0116) (64 0.0115) (22 0.0115) (61 0.0115) (98 -0.0115) (123 -0.011) (124 0.0106) (112 -0.0106) 
   0.0048259   (19 0.664) (20 -0.501) (21 0.42) (135 0.329) (18 -0.0997) (22 0.09) (8 -0.048) (26 -0.0255) (13 0.0188) (23 -0.0184) (25 0.0161) (27 0.0145) (28 0.0114) 
    0.004878   (135 0.944) (19 -0.232) (20 0.175) (21 -0.147) (18 0.0348) (22 -0.0314) (8 0.0139) 
   0.0050442   (8 0.999) (19 0.0362) (20 -0.0264) (21 0.0209) 
   0.0053324   (4 1) 
   0.0054534   (23 0.829) (25 0.307) (21 -0.267) (24 0.178) (18 0.175) (26 -0.152) (19 0.137) (20 -0.0983) (14 -0.0932) (27 0.0904) (32 0.0603) (22 -0.0506) (28 -0.0499) (11 0.0448) (38 -0.0421) (31 0.0322) (143 0.0296) (33 -0.0215) (45 0.0187) (37 -0.0166) (17 -0.0147) (39 0.0143) (13 -0.0136) (36 0.0123) (76 0.0118) (30 -0.0118) (34 -0.0108) (16 0.0104) 
   0.0057544   (143 0.999) (23 -0.0246) (145 0.0109) 
   0.0059313   (10 0.938) (28 0.332) (27 -0.07) (26 0.0506) (23 0.0202) (31 0.0157) (21 -0.0149) (32 0.014) (30 -0.0123) (38 -0.0114) (29 0.0108) 
   0.0061194   (137 -0.959) (28 0.255) (10 -0.102) (27 -0.054) (26 0.0387) (23 0.0173) (21 -0.0123) (18 0.011) (30 -0.0104) (31 0.0102) 
   0.0064268   (28 -0.864) (10 0.33) (137 -0.285) (27 0.183) (26 -0.131) (23 -0.0587) (21 0.0415) (18 -0.0372) (30 0.0353) (31 -0.0346) (32 -0.0313) (14 0.0252) (29 -0.0243) (38 0.0231) (19 -0.0178) (34 0.0159) (11 -0.0145) (25 -0.0115) (36 -0.0105) 
   0.0064974   (13 0.899) (40 -0.225) (39 0.172) (44 0.168) (14 -0.162) (38 0.139) (18 0.088) (12 -0.0599) (19 -0.0574) (48 0.0569) (16 0.0493) (21 0.0481) (55 0.0449) (41 0.0406) (57 0.0366) (15 0.0337) (42 0.0316) (56 0.0306) (45 0.0271) (83 -0.0252) (46 0.0248) (96 -0.0243) (59 -0.0223) (31 -0.021) (43 -0.02) (89 -0.0179) (72 0.0177) (20 -0.0167) (80 -0.0148) (22 0.0144) (95 -0.0138) (47 -0.0128) (73 -0.0124) (65 0.0117) (61 -0.0115) (26 -0.0112) (70 -0.0112) 
   0.0068643   (140 -0.997) (40 -0.0488) (13 -0.0347) (39 0.0324) (38 0.0297) (44 0.028) 
   0.0080361   (40 0.602) (39 -0.4) (38 -0.365) (13 0.355) (44 -0.348) (41 -0.112) (48 -0.0992) (140 -0.0828) (18 0.0805) (55 -0.0791) (31 0.0782) (42 -0.0732) (21 0.0656) (19 -0.0624) (45 -0.0609) (57 -0.0584) (14 -0.0565) (46 -0.0561) (56 -0.0556) (43 0.052) (59 0.0407) (83 0.0381) (96 0.0354) (72 -0.0313) (16 0.0264) (65 -0.0249) (60 0.0223) (15 0.0206) (95 0.0204) (37 -0.0203) (73 0.0196) (61 0.0195) (47 0.0193) (89 0.0193) (78 -0.019) (20 -0.0183) (79 -0.0181) (25 0.0157) (70 0.0148) (75 0.0147) (12 -0.0141) (52 0.0141) (36 0.0138) (98 0.0134) (71 -0.0128) (81 -0.012) (80 0.0118) (68 0.0116) (33 -0.0115) (84 0.0113) (58 0.0112) (62 -0.0109) (64 0.0105) (50 0.0102) (29 0.0101) 
   0.0084881   (12 -0.951) (31 -0.251) (33 0.134) (32 0.0864) (13 -0.0584) (39 -0.0359) (38 -0.0249) (63 0.0233) (29 -0.0208) (138 -0.0195) (26 -0.0156) (40 0.0128) (28 0.0116) (22 0.0105) (23 0.0102) 
   0.0091054   (138 -0.967) (31 -0.2) (33 0.1) (12 0.0946) (32 0.066) (39 -0.0289) (26 -0.016) (38 -0.0149) (29 -0.0138) (18 -0.0124) (13 0.0106) 

 Largest eigenvalues
      19.483   (163 0.975) 
      16.361   (76 0.728) (95 -0.341) 
      7.2832   (76 -0.376) (95 -0.679) (96 0.402) 
      3.1288   (95 0.428) (96 0.684) 
      1.2286   (124 0.422) (125 -0.598) 
      1.2204   (142 0.377) (149 0.894) 
      1.1827   (164 0.997) 
      1.1567   (165 0.994) 
      1.1523   (91 0.345) (92 0.762) (102 0.372) 
      1.1142   (92 0.321) (102 -0.419) (109 -0.767) 
      1.1137   (102 -0.608) (109 0.491) (114 0.308) (116 0.313) 
      0.9966   (102 -0.363) (114 -0.342) (116 -0.495) (117 -0.473) 
      0.9803   (99 0.611) (100 -0.4) (101 0.547) 
     0.94053   (105 0.581) (107 0.511) 
     0.92021   (113 0.431) (114 0.576) 
     0.74975   (114 -0.477) (117 0.574) 
     0.68056   (108 0.424) (110 0.615) (112 -0.397) 
     0.66439   (107 -0.322) (108 -0.49) (112 -0.5) 
     0.66269   (115 0.544) (123 0.416) (125 -0.433) 
      0.6045   (115 -0.742) (123 0.304) 
      0.5888   (108 0.574) (110 -0.493) (112 -0.312) (113 -0.331) 
     0.58823   (106 0.742) (108 -0.338) 
     0.58621   (122 0.384) (126 0.375) (127 -0.325) (128 0.592) 
     0.55352   (126 -0.812) (128 0.399) 
     0.54497   (122 -0.744) (126 0.37) 
     0.53605   (117 0.286) (118 0.504) (120 0.674) 
     0.53583   (121 -0.512) (123 0.532) (127 0.489) 
     0.42291   (119 0.314) (120 -0.412) (121 0.485) (127 0.297) (133 0.318) 
     0.41878   (118 -0.496) (119 -0.483) (133 0.338) 
       0.406   (90 0.937) 
     0.40138   (121 -0.396) (127 -0.473) (133 0.454) 
     0.32041   (97 0.918) 
      0.3082   (104 -0.563) (105 -0.415) (107 0.445) 
      0.2651   (103 0.814) (105 0.25) 
     0.25015   (100 -0.355) (101 -0.359) (113 0.313) (124 0.353) 
     0.24164   (80 -0.279) (85 0.671) (100 0.259) (103 -0.216) (124 0.249) 
     0.23029   (78 -0.284) (80 0.434) (85 -0.303) (100 0.489) (101 0.32) 
     0.21251   (78 0.354) (80 -0.572) (85 -0.51) 
     0.16443   (100 -0.271) (111 0.623) (112 0.255) 
       0.145   (89 0.572) (91 -0.425) (96 -0.327) 
     0.13437   (89 -0.436) (94 0.488) (104 -0.358) 
     0.12542   (87 -0.367) (91 0.58) (92 -0.312) 
     0.11977   (87 0.686) (88 0.378) (89 0.292) (94 -0.356) 
     0.11185   (86 -0.644) (89 -0.303) (91 -0.35) (94 -0.369) 
      0.1097   (67 -0.301) (69 0.312) (81 0.347) (82 0.526) 
     0.10007   (67 0.301) (74 -0.257) (79 0.298) (86 0.279) (94 -0.271) 
    0.094869   (61 -0.355) (65 -0.402) (74 0.278) (86 0.25) 
    0.094314   (58 -0.566) (61 0.413) 
    0.091494   (58 0.624) (65 0.37) 
    0.088768   (58 -0.349) (61 -0.35) (94 0.288) (104 0.284) 
     0.08715   (58 0.241) (61 0.546) (65 -0.283) (69 -0.273) (94 0.218) 
     0.08197   (61 -0.374) (64 0.404) (65 0.422) 
    0.077652   (64 -0.707) (65 0.214) (69 0.241) (74 0.212) (82 0.218) 
    0.073085   (60 0.497) (62 -0.318) (64 0.298) (65 -0.36) 
    0.067644   (60 -0.656) (61 0.237) (64 0.213) (65 -0.239) 
    0.066259   (60 0.286) (69 -0.245) (74 -0.227) (79 -0.24) (111 0.227) (116 0.363) (117 -0.211) 
    0.063678   (66 -0.291) (71 0.294) (77 -0.356) (81 0.288) 
    0.058404   (62 0.533) (66 0.373) 
    0.056123   (62 -0.555) (71 -0.352) (84 0.287) 
    0.055225   (62 0.346) (66 -0.615) (74 -0.289) 
    0.053171   (63 0.328) (66 0.297) (71 0.398) (81 -0.309) (82 0.231) 
    0.052759   (63 -0.584) (74 0.283) (77 -0.265) (81 -0.216) (99 0.212) 
    0.049991   (63 0.608) (66 -0.315) (71 -0.305) 
    0.046053   (74 -0.251) (81 0.299) (82 -0.281) (84 -0.41) (119 0.264) 
    0.041265   (31 -0.41) (33 -0.797) 
    0.041043   (33 0.392) (39 0.679) (40 0.484) 
    0.039759   (75 0.386) (84 0.256) (88 0.239) (118 -0.268) (119 0.37) 
    0.039006   (52 -0.471) (53 0.288) (75 -0.303) 
    0.034532   (52 0.439) (75 -0.462) (77 -0.279) 
    0.033626   (30 -0.778) (36 0.46) 
    0.030337   (30 0.555) (36 0.563) 
    0.030299   (35 -0.41) (36 -0.386) (88 -0.441) 
    0.029447   (35 0.815) (36 -0.265) (88 -0.242) 
    0.026893   (35 -0.309) (36 0.291) (43 -0.233) (45 -0.33) (54 -0.263) (56 0.398) (88 -0.251) 
    0.026163   (131 -0.888) 
    0.024505   (129 -0.578) (158 0.806) 
    0.021898   (129 -0.577) (158 -0.292) (162 -0.763) 
    0.021317   (129 -0.577) (158 -0.515) (162 0.634) 
    0.020279   (22 0.956) 
    0.018149   (141 0.951) (142 0.298) 
