 1 51380.8
 2 653.985
 3 28.861
 4 175594
 5 529.605
 6 355.745
 7 495107
 8 39.7507
 9 13814.3
 10 2525.25
 11 4.00801
 12 1655.85
 13 297132
 14 4155.5
 15 0.847674
 16 323616
 17 3723.49
 18 9.08621
 19 120768
 20 2132.61
 21 401.218
 22 163778
 23 3317.43
 24 159.23
 25 264.338
 26 325.275
 27 22.3286
 28 2847.77
 29 251.028
 30 317.506
 31 518.247
 32 70.0808
 33 1045.52
 34 221.457
 35 157.318
 36 421.702
 37 1529.61
 38 2963.75
 39 7.9604
 40 979.561
 41 4313.19
 42 2.11067
 43 679.55
 44 1469.47
 45 29.1538
 46 10892.9
 47 978.692
 48 1732.35
 49 1854.1
 50 193.294
 51 333.259
 52 207.4
 53 2912.05
 54 307.121
 55 216.862
 56 316.581
 57 946.37
 58 89.3967
 59 140.585
 60 195.534
 61 22.7283
 62 1.80032
 63 481.546
 64 318.071
 65 1.68198
 66 498.065
 67 3267.39
 68 234.046
 69 152977
 70 168953
 71 2294.49
 72 262.925
 73 17456.5
 74 24.7514
 75 14560.3
 76 8397.22
 77 5.88824
 78 1894.73
 79 8718.38
 80 61.4187
 81 2720.76
 82 1579.59
 83 266.287
 84 3.00568
 85 138.358
 86 2.97745
 87 4879.68
 88 1.70991
 89 1.63772
 90 1.90289
 91 10.0331
 92 492.404
 93 1568.5
 94 1267.71
 95 2269.8
 96 2279.98
 97 325.364
 98 321.497
 99 128.152
 100 994.169
 101 1518.27
 102 128.694
 103 154.96
 104 136.252
 105 134.448
 106 162.017
 107 166.659
 108 171.442
 109 127.328
 110 99.0847
 111 182.063
 112 204.451
 113 190.22
 114 174.223
 115 182.352
 116 146.487
 117 172.913
 118 193.648
 119 152.63
 120 86.9631
 121 123.431
 122 48.5973
 123 65.3556
 124 37.6662
 125 29.8025
 126 52.3495
 127 27.1929
 128 90.7036
 129 66.7444
 130 61.6282
 131 20.3747
 132 21.0656
 133 22.6664
 134 36.3989
 135 8.76404
 136 46.7885
 137 9.93788
 138 9.21156
 139 9.23085
 140 10.959
 141 11.3807
 142 8.89511
 143 9.51991
 144 15.3366
 145 15.2722
 146 12.7255
 147 10.4618
 148 30.2386
 149 16.6623
 150 12.0802
 151 13.9494
 152 23.8696
 153 21.6038
 154 13.5886
 155 20.2122
 156 24.2986
 157 46.8231
 158 0.190969
 159 0.0550088
 160 0.400301
 161 26.8724
 162 25.9003
 163 1538.43
 164 3335.24
 165 14.3118
