 1 1000
 2 494.331
 3 22.0117
 4 1000
 5 406.87
 6 273.362
 7 999.844
 8 3.64773
 9 991.758
 10 892.956
 11 2.3289
 12 785.785
 13 1000
 14 997.989
 15 0.824415
 16 1000
 17 996.902
 18 3.07073
 19 1000
 20 838.663
 21 158.414
 22 1000
 23 952.884
 24 46.4727
 25 242.683
 26 252.445
 27 17.4639
 28 986.196
 29 195.112
 30 248.082
 31 493.51
 32 55.7317
 33 827.24
 34 214.519
 35 138.276
 36 368.66
 37 988.938
 38 997.522
 39 3.74549
 40 609.041
 41 970.642
 42 1.7693
 43 497.214
 44 863.7
 45 17.5372
 46 998.342
 47 326.967
 48 674.522
 49 945.37
 50 189.974
 51 277.23
 52 172.839
 53 953.375
 54 273.872
 55 160.568
 56 229.236
 57 889.869
 58 88.3308
 59 135.233
 60 186.709
 61 22.2606
 62 1.79669
 63 456.675
 64 314.767
 65 1.67226
 66 488.297
 67 933.27
 68 68.7984
 69 999.89
 70 1000
 71 895.898
 72 103.924
 73 999.615
 74 3.13905
 75 997.99
 76 984.197
 77 3.43126
 78 884.642
 79 999.077
 80 19.9456
 81 978.281
 82 990.261
 83 240.755
 84 2.85362
 85 107.956
 86 2.64705
 87 989.136
 88 1.70967
 89 1.63769
 90 1.9026
 91 9.01569
 92 423.206
 93 810.532
 94 663.017
 95 903.313
 96 945.99
 97 308.802
 98 306.688
 99 126.627
 100 823.505
 101 946.973
 102 124.331
 103 151.862
 104 134.921
 105 133.536
 106 161.352
 107 165.928
 108 170.512
 109 126.236
 110 97.1611
 111 180.84
 112 203.502
 113 189.505
 114 173.741
 115 181.824
 116 145.547
 117 172.33
 118 193.244
 119 151.868
 120 85.4356
 121 122.742
 122 47.9461
 123 62.2987
 124 36.9614
 125 28.953
 126 51.8766
 127 25.7194
 128 88.0858
 129 65.5844
 130 60.7274
 131 20.011
 132 20.7789
 133 22.2826
 134 35.3909
 135 8.47198
 136 46.2886
 137 9.53195
 138 8.8785
 139 8.91864
 140 10.306
 141 10.6534
 142 8.44472
 143 9.01336
 144 14.8122
 145 14.9566
 146 12.3613
 147 9.87411
 148 28.8943
 149 15.9037
 150 11.7597
 151 13.6145
 152 23.3791
 153 20.5272
 154 13.1701
 155 19.8209
 156 24.0454
 157 46.5393
 158 0.154078
 159 0.05258
 160 0.3591
 161 21.7769
 162 23.8855
 163 329.191
 164 799.771
 165 7.31082
