 1 31.6228
 2 21.6469
 3 1.91495
 4 31.6228
 5 16.0244
 6 11.149
 7 31.6195
 8 1.02516
 9 31.4232
 10 29.7352
 11 0.983384
 12 27.8127
 13 31.6228
 14 31.5843
 15 0.904248
 16 31.6228
 17 31.5369
 18 1.00334
 19 31.6228
 20 26.7384
 21 5.94853
 22 31.6228
 23 30.1963
 24 2.43757
 25 15.1984
 26 14.8893
 27 1.9575
 28 31.3524
 29 9.80001
 30 12.1622
 31 21.711
 32 2.8058
 33 27.5749
 34 14.431
 35 6.91902
 36 16.5652
 37 31.4257
 38 31.5536
 39 1.38726
 40 24.4043
 41 31.0903
 42 1.29456
 43 21.7318
 44 28.8154
 45 1.90436
 46 31.5783
 47 11.4604
 48 21.8876
 49 30.5327
 50 13.27
 51 13.9713
 52 9.22998
 53 30.6889
 54 16.3385
 55 9.04527
 56 12.0569
 57 29.2323
 58 8.75826
 59 8.65014
 60 10.8232
 61 4.40731
 62 1.33099
 63 21.026
 64 16.4126
 65 0.968654
 66 21.0913
 67 29.6121
 68 3.53364
 69 31.6197
 70 31.6228
 71 28.5076
 72 4.62761
 73 31.6143
 74 1.3594
 75 31.567
 76 31.3528
 77 1.37635
 78 29.6482
 79 31.6016
 80 1.96604
 81 31.003
 82 31.4176
 83 14.9989
 84 1.40514
 85 10.1373
 86 1.43001
 87 31.3717
 88 1.09522
 89 1.04071
 90 1.24208
 91 2.45919
 92 18.1597
 93 26.8767
 94 23.7453
 95 29.3863
 96 30.3645
 97 16.1857
 98 15.8345
 99 8.95377
 100 27.9548
 101 30.4808
 102 10.1191
 103 11.6263
 104 10.8367
 105 10.8979
 106 12.2798
 107 12.377
 108 12.5016
 109 10.3486
 110 8.37494
 111 12.7569
 112 13.9322
 113 13.362
 114 12.6207
 115 12.7067
 116 10.9115
 117 12.2665
 118 13.2274
 119 11.5779
 120 8.51142
 121 10.6919
 122 6.70696
 123 7.71741
 124 5.52704
 125 5.10941
 126 6.89638
 127 4.49333
 128 8.81917
 129 7.26136
 130 7.21105
 131 4.08519
 132 4.44302
 133 4.57755
 134 5.84689
 135 2.64158
 136 6.72609
 137 2.85716
 138 2.80185
 139 2.80954
 140 3.05076
 141 2.99792
 142 2.65313
 143 2.77259
 144 3.68767
 145 3.74293
 146 3.35203
 147 2.87936
 148 5.1742
 149 3.80466
 150 3.23577
 151 3.48415
 152 4.72158
 153 4.4077
 154 3.50358
 155 4.3664
 156 4.81383
 157 6.75546
 158 0.148824
 159 0.172298
 160 0.271513
 161 3.73763
 162 4.3517
 163 15.9387
 164 27.1343
 165 0.561237
