 Smallest eigenvalues
  1.9728e-06   (9 1) 
  3.0901e-06   (48 -0.612) (51 0.504) (49 -0.37) (154 -0.202) (52 -0.186) (43 0.172) (55 -0.136) (53 0.124) (42 -0.12) (78 0.118) (47 -0.0922) (44 -0.0776) (14 -0.0765) (54 0.0711) (12 0.071) (46 0.0669) (13 0.0666) (35 -0.0633) (56 0.0544) (63 -0.0455) (25 0.044) (40 0.0387) (38 0.0352) (41 0.034) (11 -0.0339) (50 0.0304) (79 -0.0295) (60 -0.0293) (36 0.0273) (61 0.0259) (24 0.0252) (68 0.0249) (71 -0.0238) (66 0.0208) (76 -0.0193) (29 -0.0192) (57 0.0183) (17 0.0178) (39 0.0176) (80 0.017) (70 0.0163) (72 0.0153) (31 0.0153) (84 0.0148) (30 -0.0146) (73 -0.0139) (88 0.0137) (22 -0.0135) (65 -0.0128) (64 0.0126) (74 -0.0114) (37 -0.0107) (75 -0.0105) 
  3.3655e-06   (154 -0.979) (48 0.126) (51 -0.104) (49 0.0762) (52 0.0382) (43 -0.0356) (55 0.0279) (53 -0.0255) (42 0.0247) (78 -0.0238) (47 0.019) (44 0.016) (14 0.0158) (12 -0.0147) (54 -0.0146) (13 -0.0138) (46 -0.0138) (35 0.0131) (56 -0.0112) 
   5.695e-06   (4 -1) 
  5.9188e-06   (148 0.634) (47 0.527) (44 -0.399) (43 0.235) (45 -0.156) (46 0.125) (42 -0.12) (48 0.12) (78 0.07) (35 -0.0659) (14 -0.0657) (12 0.0615) (13 0.0572) (51 -0.0492) (25 0.0462) (40 0.0434) (36 0.0333) (38 0.0317) (11 -0.0294) (24 0.0287) (52 -0.0273) (53 -0.0271) (56 0.024) (49 -0.0237) (37 -0.0221) (28 0.0188) (60 -0.0175) (54 0.0168) (17 0.0158) (79 -0.0153) (71 -0.0141) (41 0.0137) (34 0.0129) (27 -0.0111) (77 -0.011) (20 0.0106) (29 -0.0105) (70 0.0104) 
  6.1058e-06   (148 0.774) (47 -0.431) (44 0.327) (43 -0.192) (45 0.128) (46 -0.102) (42 0.0981) (48 -0.098) (78 -0.0572) (35 0.054) (14 0.0538) (12 -0.0504) (13 -0.0469) (51 0.0403) (25 -0.0378) (40 -0.0355) (36 -0.0272) (38 -0.026) (11 0.0241) (24 -0.0235) (52 0.0223) (53 0.0222) (56 -0.0197) (49 0.0194) (37 0.0181) (28 -0.0154) (60 0.0143) (54 -0.0138) (17 -0.0129) (79 0.0125) (71 0.0115) (41 -0.0112) (34 -0.0105) 
  6.5342e-06   (1 -0.988) (29 -0.0939) (31 0.0632) (30 0.0601) (35 0.0549) (25 0.0314) (28 0.0294) (33 0.0226) (24 0.017) (36 -0.0153) (37 0.0128) (32 0.0104) 
  8.2804e-06   (155 -0.999) (29 -0.0312) (31 0.021) (30 0.0202) (35 0.0183) (25 0.0109) 
  1.9463e-05   (29 0.591) (31 -0.398) (30 -0.382) (35 -0.347) (25 -0.207) (28 -0.186) (1 -0.151) (33 -0.137) (14 0.123) (24 -0.12) (12 -0.117) (13 -0.108) (36 0.093) (37 -0.0842) (32 -0.0718) (11 0.0594) (20 -0.0574) (42 -0.0537) (155 -0.0527) (27 0.0503) (78 -0.0478) (22 0.0395) (44 -0.0384) (34 0.0362) (21 -0.0361) (43 0.0339) (16 -0.0333) (39 0.0296) (48 -0.0249) (17 -0.023) (79 0.02) (51 0.0163) (45 0.0143) (60 0.014) (38 0.0136) (56 -0.0136) (54 -0.0135) (53 0.0124) (50 -0.012) (49 0.012) (71 0.012) (40 0.0118) (15 -0.0114) (75 -0.0114) (80 -0.011) (41 0.0105) 
  3.6312e-05   (20 -0.544) (18 -0.533) (45 0.423) (46 -0.269) (43 0.213) (21 -0.149) (26 0.142) (22 -0.124) (42 -0.117) (16 0.083) (48 0.0771) (17 0.0765) (29 -0.069) (44 -0.0638) (19 -0.056) (78 0.0519) (12 0.0451) (15 0.0444) (14 -0.0396) (13 0.0392) (39 0.0308) (32 -0.029) (37 0.0277) (35 -0.0276) (47 -0.0266) (50 0.0254) (53 -0.0235) (74 -0.0223) (28 -0.0222) (72 0.0198) (40 0.0182) (68 0.0181) (11 -0.0163) (51 -0.0155) (38 0.0154) (34 -0.0151) (62 0.0145) (61 0.0141) (31 0.0131) (67 -0.0131) (33 0.0123) (41 0.0123) (24 -0.0121) (30 -0.0116) (60 -0.0115) (56 0.0115) (73 0.0111) (71 -0.0108) 
  8.2902e-05   (158 -0.999) (45 0.025) (20 0.0176) (46 -0.0163) (18 0.0161) (43 0.0104) 
  0.00010379   (45 -0.591) (20 -0.401) (46 0.386) (18 -0.364) (43 -0.245) (42 0.186) (48 -0.142) (21 -0.12) (44 0.0895) (78 -0.0809) (22 -0.0793) (41 -0.072) (26 0.0698) (25 -0.067) (35 0.0608) (47 0.0595) (24 -0.0541) (14 0.0539) (12 -0.0454) (13 -0.044) (158 -0.0429) (40 -0.0411) (19 -0.0398) (16 0.0385) (28 -0.0378) (17 0.0377) (36 -0.0376) (34 -0.0366) (37 0.0348) (33 0.0333) (29 -0.0323) (38 -0.0313) (27 0.0309) (56 -0.0304) (15 0.0275) (51 0.0274) (50 -0.026) (11 0.0255) (54 -0.0253) (74 0.0219) (67 0.0213) (68 -0.021) (72 -0.0197) (53 0.0197) (63 0.0167) (71 0.0165) (80 -0.0161) (30 -0.0158) (65 0.0146) (49 0.0144) (60 0.0137) (81 0.0134) (79 0.0134) (61 -0.0132) (70 -0.0123) (77 0.0122) (62 -0.0116) 
  0.00010502   (3 -1) 
  0.00010894   (22 0.474) (20 -0.466) (18 0.339) (21 0.322) (25 -0.268) (14 -0.233) (17 0.21) (12 0.206) (13 0.203) (24 -0.188) (35 0.0923) (11 -0.0892) (23 0.0766) (16 -0.0717) (30 0.0675) (26 0.0488) (43 -0.0466) (15 -0.0402) (38 -0.0381) (36 -0.0344) (31 -0.0313) (33 -0.0306) (47 0.0291) (29 0.0281) (28 -0.0277) (32 0.025) (44 0.0245) (40 -0.0221) (34 -0.0218) (46 -0.0215) (78 0.0171) (19 -0.0155) (42 0.0153) (27 0.0146) (57 0.012) (52 -0.0109) (45 0.0109) 
  0.00020049   (159 1) 
  0.00021303   (2 -1) 
  0.00024198   (21 -0.848) (25 -0.223) (20 0.186) (14 -0.177) (17 0.17) (22 0.167) (24 -0.166) (12 0.157) (13 0.153) (18 0.0859) (11 -0.0685) (35 0.0669) (26 0.0636) (23 -0.0484) (157 0.0469) (27 0.0408) (30 0.0388) (31 -0.0305) (44 0.0242) (36 -0.0228) (42 0.0171) (16 0.0166) (38 -0.0165) (34 -0.0159) (78 0.0155) (40 -0.0146) (43 -0.0128) (47 0.0115) (46 -0.0107) 
  0.00028328   (157 0.999) (21 0.0398) (25 0.0104) 
   0.0002904   (8 1) 
   0.0003027   (28 -0.805) (150 -0.397) (25 0.201) (27 0.179) (26 -0.154) (35 0.149) (14 -0.0982) (32 -0.097) (12 0.0964) (13 0.0844) (33 0.0808) (24 0.0806) (31 -0.0564) (36 -0.0533) (20 0.051) (48 0.048) (37 0.0478) (17 0.0469) (11 -0.0431) (51 0.0412) (16 0.0358) (21 0.0278) (29 -0.0273) (42 0.0245) (43 -0.0244) (22 -0.0224) (18 -0.0219) (49 0.0215) (78 0.0203) (15 0.0184) (75 -0.0177) 
  0.00031288   (150 -0.918) (28 0.349) (25 -0.0873) (27 -0.0773) (26 0.0666) (35 -0.0645) (14 0.0426) (32 0.042) (12 -0.0418) (13 -0.0366) (33 -0.035) (24 -0.0349) (31 0.0244) (36 0.0231) (20 -0.0221) (48 -0.0208) (37 -0.0207) (17 -0.0203) (11 0.0187) (51 -0.0178) (16 -0.0155) (21 -0.012) (29 0.0118) (42 -0.0106) (43 0.0105) 
  0.00032191   (6 -1) 
  0.00033272   (22 -0.574) (25 -0.506) (24 -0.27) (20 0.246) (21 0.239) (23 0.22) (153 -0.213) (14 -0.152) (12 0.145) (26 0.134) (17 0.132) (13 0.131) (18 -0.0798) (35 0.0761) (33 0.0621) (11 -0.058) (16 0.0567) (32 -0.0509) (28 -0.0406) (15 0.0337) (31 -0.0231) (78 0.0231) (39 0.0226) (48 0.0226) (42 0.0223) (37 0.022) (29 -0.022) (36 -0.0201) (73 -0.0161) (56 0.0113) 
  0.00034376   (153 -0.977) (22 0.125) (25 0.11) (24 0.0589) (20 -0.0537) (21 -0.0523) (23 -0.048) (14 0.0332) (12 -0.0317) (26 -0.0293) (17 -0.0287) (13 -0.0287) (18 0.0174) (35 -0.0166) (33 -0.0135) (11 0.0127) (16 -0.0124) (32 0.0111) 
  0.00035554   (73 -0.562) (57 -0.486) (70 0.324) (74 -0.231) (71 -0.21) (66 -0.201) (60 0.192) (52 0.162) (63 0.148) (67 0.144) (78 -0.135) (43 0.115) (47 -0.0985) (56 0.0814) (69 -0.072) (68 -0.0624) (79 0.0612) (61 -0.0568) (46 0.0551) (54 0.052) (33 0.0502) (44 -0.0493) (64 -0.0449) (16 -0.0436) (72 0.0396) (38 0.0385) (50 0.0377) (18 0.0367) (45 -0.035) (51 0.0336) (32 -0.033) (20 -0.0321) (77 0.0318) (40 0.031) (75 -0.0264) (29 -0.0233) (15 -0.0222) (123 -0.0221) (59 -0.0212) (88 0.0202) (76 0.0186) (30 -0.0183) (35 -0.0181) (48 0.0173) (62 -0.0169) (41 0.0166) (126 0.0165) (109 0.0162) (80 -0.0162) (120 0.0158) (89 -0.0151) (84 0.0142) (104 0.0141) (121 0.0137) (21 -0.0133) (100 0.0132) (152 -0.0123) (91 0.012) (99 -0.0116) (25 -0.0115) (55 0.0114) (22 -0.0112) (65 -0.011) (122 -0.0107) (106 -0.0106) (101 0.0106) (31 0.0102) (127 -0.0102) 
  0.00036893   (73 0.645) (57 -0.408) (66 -0.245) (152 -0.242) (74 0.218) (67 0.183) (63 0.168) (43 0.147) (47 -0.144) (52 0.136) (71 0.122) (60 0.113) (68 -0.109) (49 0.0937) (72 -0.0831) (44 -0.0809) (46 0.0807) (56 0.0797) (55 0.059) (39 0.055) (70 0.0542) (33 0.052) (35 -0.0506) (64 -0.0499) (61 -0.0495) (16 -0.0479) (38 0.0467) (14 -0.0445) (48 -0.0417) (18 0.0414) (53 -0.0405) (45 -0.0399) (120 0.0398) (40 0.0388) (13 0.0388) (69 -0.0374) (12 0.0371) (32 -0.0347) (29 -0.0343) (79 -0.0285) (30 -0.0268) (41 0.0265) (59 -0.0263) (22 -0.0238) (15 -0.0233) (51 0.023) (84 0.0226) (31 0.022) (36 0.021) (20 -0.0209) (11 -0.0201) (121 -0.0198) (125 -0.0181) (127 -0.0167) (62 -0.0163) (75 0.0162) (88 0.0151) (89 -0.0141) (54 0.0139) (23 -0.0136) (139 0.0129) (122 0.0128) (131 -0.0126) (42 -0.0117) (37 -0.0116) (99 -0.0112) 
  0.00038669   (152 -0.97) (73 -0.154) (57 0.108) (66 0.0635) (74 -0.0516) (67 -0.0474) (63 -0.0438) (43 -0.0388) (47 0.0377) (52 -0.0364) (60 -0.0306) (68 0.0279) (71 -0.0278) (49 -0.0235) (46 -0.0211) (56 -0.0211) (44 0.0211) (72 0.0202) (70 -0.0174) (55 -0.0149) (39 -0.014) (33 -0.0139) (61 0.0131) (35 0.013) (64 0.013) (16 0.0128) (38 -0.0124) (14 0.0114) (18 -0.011) (45 0.0106) (40 -0.0102) (53 0.0102) (48 0.0102) (69 0.0102) 
  0.00044559   (24 0.865) (25 -0.456) (23 0.11) (54 -0.0849) (52 0.0657) (53 -0.0525) (56 -0.0479) (21 -0.0386) (22 0.0381) (55 -0.0366) (57 0.0353) (47 -0.0339) (49 0.0306) (14 -0.0259) (20 -0.0252) (28 -0.0242) (12 0.0229) (30 -0.0221) (13 0.0219) (39 0.0206) (43 0.0188) (16 0.0188) (11 -0.0168) (46 0.0167) (48 -0.0156) (78 0.0147) (26 0.0143) (44 -0.0137) (33 0.0114) (60 -0.0111) 
  0.00049198   (147 0.749) (54 -0.364) (52 0.307) (56 -0.217) (53 -0.199) (55 -0.155) (57 0.133) (47 -0.119) (43 0.119) (49 0.0967) (24 -0.0837) (44 -0.0706) (46 0.0645) (25 0.0616) (48 -0.0615) (51 0.0556) (60 -0.0437) (35 -0.0408) (73 -0.0374) (14 -0.0334) (13 0.0294) (12 0.0293) (78 0.0286) (38 0.0284) (40 0.0282) (33 0.0281) (45 -0.0281) (16 -0.0246) (50 -0.0238) (39 0.0236) (23 -0.0223) (71 -0.0214) (29 -0.0211) (63 -0.0197) (18 0.0189) (32 -0.0185) (36 0.0185) (42 -0.0152) (41 0.0143) (11 -0.014) (120 0.0134) (22 -0.0127) (15 -0.0125) (31 0.0121) (66 0.0113) (67 -0.0105) 
  0.00049566   (147 0.663) (54 0.412) (52 -0.347) (56 0.246) (53 0.226) (55 0.176) (57 -0.15) (47 0.135) (43 -0.134) (49 -0.109) (24 0.0901) (44 0.0799) (46 -0.073) (48 0.0696) (25 -0.0672) (51 -0.0629) (60 0.0494) (35 0.0462) (73 0.0423) (14 0.0379) (13 -0.0333) (12 -0.0332) (78 -0.0323) (38 -0.0322) (33 -0.0319) (40 -0.0318) (45 0.0318) (16 0.0277) (50 0.0269) (39 -0.0268) (23 0.0246) (71 0.0242) (29 0.0239) (63 0.0223) (18 -0.0214) (32 0.0209) (36 -0.0209) (42 0.0172) (41 -0.0162) (11 0.0159) (120 -0.015) (22 0.0141) (15 0.0141) (31 -0.0137) (66 -0.0128) (67 0.0118) (61 -0.0112) (37 0.0112) (79 0.011) (28 -0.0104) (30 0.0103) 
   0.0005037   (53 0.57) (55 0.569) (39 -0.386) (52 0.288) (57 0.167) (54 -0.154) (43 0.143) (40 0.106) (47 -0.0831) (44 -0.0755) (49 0.0616) (60 -0.0569) (46 0.0549) (48 -0.0511) (78 0.0446) (56 0.0404) (35 0.0353) (42 -0.0339) (71 -0.0272) (70 0.0224) (36 -0.0219) (50 -0.019) (51 0.0188) (151 -0.0184) (45 -0.0155) (20 -0.0152) (73 -0.0146) (25 -0.0145) (69 -0.0123) (79 -0.0103) (61 0.01) 
  0.00052241   (151 -0.97) (39 0.214) (55 0.0563) (53 0.0523) (40 -0.0431) (35 -0.0382) (52 0.0313) (43 -0.02) (36 0.0183) (57 0.0176) (25 0.0156) (37 -0.0146) (14 -0.0144) (12 0.0133) (49 -0.0127) (13 0.0125) (78 0.0121) (33 0.0121) (38 0.0117) (44 0.0113) (42 0.0111) (48 0.011) (29 -0.0109) (54 -0.0105) 
  0.00053118   (39 -0.82) (55 -0.267) (53 -0.251) (151 -0.244) (40 0.163) (35 0.149) (52 -0.147) (57 -0.0821) (36 -0.0711) (43 0.0685) (25 -0.0609) (37 0.0574) (14 0.0571) (54 0.0533) (12 -0.0524) (78 -0.0516) (13 -0.0495) (33 -0.0483) (38 -0.0466) (49 0.046) (29 0.043) (42 -0.0415) (48 -0.0402) (73 0.0395) (44 -0.0391) (32 0.0356) (60 0.0327) (56 -0.032) (23 0.0316) (71 0.027) (51 -0.0242) (16 0.0238) (11 0.0236) (31 -0.0231) (18 -0.0213) (24 -0.0212) (28 -0.0195) (79 0.0181) (50 -0.0174) (47 -0.0156) (34 -0.0147) (45 0.0136) (46 0.0114) (66 -0.0114) (68 -0.0104) 
  0.00058273   (70 -0.834) (71 0.295) (57 -0.279) (73 -0.195) (52 0.153) (49 -0.129) (69 0.103) (60 0.0835) (74 -0.0803) (48 0.0752) (51 0.0702) (50 0.0544) (43 0.0517) (72 0.0471) (68 0.039) (75 -0.0379) (76 0.0366) (149 0.0323) (55 0.0315) (84 0.0294) (33 0.0266) (65 -0.026) (47 -0.0251) (16 -0.0244) (56 0.0231) (38 0.0224) (61 -0.0219) (20 -0.0218) (40 0.0215) (54 -0.0214) (77 0.0198) (18 0.0194) (45 -0.0191) (88 0.0188) (32 -0.018) (63 0.0177) (39 -0.0168) (125 -0.016) (46 0.016) (123 -0.0153) (127 -0.0146) (124 -0.0145) (126 0.013) (120 0.0128) (29 -0.0128) (79 -0.0123) (90 0.0121) (66 -0.0118) (97 -0.0109) (104 0.0104) (100 0.0102) (21 -0.0101) (15 -0.01) 
  0.00059116   (149 0.855) (49 0.356) (48 -0.175) (52 -0.147) (51 -0.137) (50 -0.108) (47 -0.103) (54 0.103) (43 0.0871) (44 -0.0735) (73 -0.064) (46 0.0624) (70 -0.0604) (39 0.0522) (53 0.0387) (78 0.0313) (35 -0.0291) (14 -0.0246) (12 0.0217) (13 0.0214) (66 0.0213) (63 -0.0195) (33 0.0194) (67 -0.0188) (29 -0.0178) (68 0.0176) (42 -0.0175) (57 0.0173) (38 0.0171) (16 -0.0166) (55 -0.0161) (79 -0.0159) (74 -0.0152) (72 0.0144) (18 0.0139) (40 0.0134) (32 -0.0134) (23 -0.0133) (25 0.0126) (36 0.0114) (31 0.0109) (22 -0.0107) (41 0.0105) (11 -0.0101) 
  0.00063109   (49 -0.579) (149 0.518) (48 0.284) (52 0.233) (51 0.221) (50 0.175) (47 0.172) (54 -0.169) (70 0.152) (43 -0.147) (44 0.122) (73 0.118) (46 -0.104) (39 -0.0849) (53 -0.0639) (78 -0.0519) (35 0.0487) (14 0.0408) (12 -0.0359) (13 -0.0354) (66 -0.0344) (33 -0.0339) (68 -0.0315) (67 0.0313) (63 0.0312) (29 0.0302) (74 0.0301) (38 -0.0298) (16 0.0291) (42 0.0288) (79 0.027) (72 -0.0267) (55 0.0245) (18 -0.0243) (40 -0.0236) (32 0.0234) (23 0.0219) (25 -0.0205) (36 -0.0188) (31 -0.0184) (22 0.018) (41 -0.018) (11 0.0169) (69 -0.0162) (37 0.015) (71 -0.0138) (120 -0.0137) (15 0.0128) (30 0.0122) (57 -0.0105) (60 -0.0101) 
  0.00066389   (38 0.885) (23 -0.197) (22 -0.178) (18 0.163) (43 -0.152) (40 -0.132) (20 -0.131) (39 -0.12) (16 -0.113) (33 0.075) (47 0.0734) (41 -0.0553) (37 -0.0539) (15 -0.0513) (32 -0.0491) (44 0.0457) (52 -0.0428) (46 -0.0412) (21 -0.0412) (57 0.034) (24 0.0314) (45 0.0284) (14 -0.0238) (13 0.0197) (30 -0.0183) (56 -0.0156) (36 -0.0142) (54 -0.0127) (12 0.0117) (78 -0.0111) (35 -0.0109) (29 -0.0106) (11 -0.0103) (51 -0.0101) 
   0.0007942   (23 -0.568) (22 -0.487) (38 -0.333) (18 0.328) (20 -0.248) (33 -0.185) (16 -0.167) (29 0.129) (32 0.127) (24 0.119) (30 0.0851) (14 -0.0777) (15 -0.0757) (35 0.0739) (13 0.0659) (31 -0.0659) (21 -0.0628) (25 0.0603) (12 0.0593) (11 -0.0325) (27 -0.0322) (142 -0.0322) (37 0.0317) (143 -0.0303) (40 0.0206) (43 -0.0181) (28 0.0155) (17 0.0147) (44 0.0145) (36 -0.0142) (47 0.0134) (49 -0.0129) (48 0.0112) 
  0.00087657   (142 -0.727) (143 -0.685) (139 0.0277) (23 0.0263) (22 0.0226) (18 -0.0155) (20 0.0118) 
  0.00095385   (47 -0.471) (52 -0.405) (48 0.386) (49 -0.297) (43 0.291) (16 -0.277) (46 0.197) (44 -0.159) (45 -0.155) (51 -0.153) (50 0.142) (57 0.142) (56 -0.102) (15 -0.0917) (33 0.0734) (41 0.0722) (17 -0.0665) (54 -0.0605) (53 0.0594) (40 0.0529) (38 0.0517) (78 -0.0499) (32 -0.0488) (14 -0.0365) (39 0.036) (60 -0.0332) (25 -0.0325) (42 0.0318) (13 0.0304) (18 -0.0302) (30 -0.0261) (29 -0.023) (12 0.0217) (20 -0.0148) (31 0.0146) (11 -0.0139) (84 0.0127) (70 0.0121) (24 -0.0119) (120 0.011) (79 0.0109) (21 -0.0104) (74 -0.0104) 
   0.0010865   (16 -0.774) (18 -0.343) (15 -0.24) (17 -0.231) (47 0.151) (20 0.139) (14 -0.129) (43 -0.122) (13 0.109) (12 0.0971) (48 -0.0953) (52 0.0914) (33 -0.0913) (22 0.0875) (49 0.069) (46 -0.0688) (32 0.0624) (44 0.0618) (23 0.0595) (29 0.0545) (30 0.0502) (45 0.0493) (11 -0.0482) (35 0.0435) (50 -0.0379) (38 -0.0371) (51 0.035) (21 0.0337) (39 -0.0334) (31 -0.0311) (41 -0.0297) (40 -0.0266) (57 -0.0265) (56 0.0221) (54 0.0143) (78 0.0136) (36 -0.0121) (25 -0.0118) (37 0.0112) (53 -0.0107) 
   0.0011929   (146 -1) (139 0.0284) 
   0.0012619   (54 0.701) (52 0.364) (56 -0.316) (57 0.229) (33 0.226) (35 -0.194) (36 0.188) (32 -0.137) (29 -0.0965) (37 0.0947) (39 -0.0814) (16 -0.0737) (50 0.0732) (18 0.0681) (30 -0.0601) (48 0.0582) (53 -0.0559) (38 -0.0549) (51 0.0548) (47 -0.0542) (31 0.0527) (20 -0.048) (78 -0.0443) (60 -0.044) (49 -0.0428) (15 -0.0377) (55 -0.0313) (46 0.0282) (45 -0.0269) (21 -0.024) (23 -0.0227) (22 -0.0221) (79 0.0206) (71 0.0188) (43 0.0181) (138 -0.0176) (72 0.0162) (14 -0.0157) (73 0.0153) (34 0.0133) (68 -0.013) (13 0.0126) (66 -0.0123) (25 -0.0117) (67 0.0109) 
   0.0014125   (36 0.42) (35 -0.417) (33 0.395) (54 -0.312) (32 -0.234) (37 0.226) (52 -0.215) (43 -0.187) (38 -0.183) (39 -0.174) (29 -0.168) (56 0.129) (138 -0.127) (47 0.0982) (31 0.0969) (30 -0.0963) (18 0.0819) (44 0.0784) (16 -0.0773) (57 -0.074) (40 -0.0655) (46 -0.0588) (41 -0.0537) (14 -0.049) (51 -0.0425) (13 0.0415) (20 -0.041) (23 -0.0409) (12 0.0377) (45 0.0363) (15 -0.0347) (34 0.0339) (22 -0.0329) (53 0.0312) (50 -0.0289) (78 0.023) (11 -0.0215) (21 -0.0185) (73 -0.0154) (60 0.0152) (71 -0.0118) (42 0.0114) (55 0.0104) (139 -0.0104) (48 -0.0103) 
   0.0015114   (138 -0.988) (139 -0.0836) (36 -0.0575) (35 0.0572) (33 -0.055) (32 0.0327) (37 -0.0307) (54 0.0281) (38 0.0245) (39 0.0238) (43 0.0235) (29 0.0235) (52 0.0211) (137 0.02) (30 0.0135) (31 -0.0134) (18 -0.0119) (47 -0.0115) (16 0.0114) (56 -0.0112) 
   0.0015246   (11 -0.923) (36 -0.261) (35 -0.15) (12 -0.144) (13 -0.118) (14 0.106) (30 -0.0528) (34 0.0433) (29 -0.0358) (134 -0.0327) (31 0.0307) (38 -0.0242) (43 -0.019) (15 -0.019) (37 0.0188) (39 -0.0139) (33 0.0132) (46 -0.0131) (72 -0.0119) (40 -0.0105) 
    0.001588   (134 -0.821) (36 -0.433) (35 -0.259) (11 0.186) (30 -0.0787) (34 0.0716) (12 0.0637) (29 -0.0615) (14 -0.0587) (13 0.0569) (31 0.0501) (38 -0.0372) (39 -0.0305) (43 -0.0283) (37 0.0266) (33 0.0252) (25 0.0199) (40 -0.0178) (42 0.0172) (32 -0.017) (46 -0.017) (18 0.0156) (44 0.0147) (55 -0.0123) (22 -0.012) (24 0.0114) (53 0.0105) (47 0.0104) (16 -0.01) (19 -0.01) 
   0.0018826   (36 0.639) (134 -0.57) (35 0.382) (11 -0.215) (30 0.116) (34 -0.106) (29 0.0907) (12 -0.0836) (14 0.0786) (13 -0.0753) (31 -0.0739) (38 0.0549) (39 0.0447) (43 0.0419) (37 -0.0394) (33 -0.037) (25 -0.0288) (40 0.0262) (42 -0.0253) (46 0.0253) (32 0.0251) (18 -0.0229) (44 -0.0216) (55 0.0181) (22 0.0176) (24 -0.0161) (47 -0.0154) (53 -0.0153) (19 0.0146) (16 0.0146) (17 -0.0143) (48 -0.0124) (51 0.0121) (78 -0.012) 
   0.0020002   (30 -0.705) (31 0.354) (33 -0.339) (29 -0.3) (53 0.177) (32 0.175) (55 -0.175) (36 0.14) (35 0.114) (28 -0.0859) (71 -0.0664) (50 -0.0634) (51 -0.0617) (34 0.0583) (18 0.0522) (25 -0.0473) (16 -0.0466) (52 0.0463) (37 -0.0413) (24 -0.0388) (74 0.0327) (49 -0.0326) (48 0.0288) (69 -0.0272) (70 -0.0268) (72 0.0267) (40 -0.0259) (68 0.0251) (47 0.0229) (46 -0.0226) (60 0.0226) (43 -0.0199) (130 0.019) (56 -0.0179) (41 0.0178) (57 -0.0169) (78 -0.0169) (20 -0.0168) (73 0.016) (21 -0.0152) (65 0.0147) (23 -0.0108) 
   0.0020742   (71 -0.654) (74 0.31) (68 0.309) (130 0.256) (70 -0.234) (69 -0.224) (72 0.204) (78 -0.177) (53 -0.146) (67 -0.14) (55 0.133) (77 -0.107) (60 0.0873) (73 0.0809) (57 -0.069) (66 0.0686) (51 0.0649) (63 -0.0634) (56 0.0586) (83 -0.0555) (80 -0.0546) (62 0.0511) (41 0.0483) (42 -0.0458) (79 0.0451) (47 -0.0371) (61 0.0366) (86 -0.0329) (54 0.0303) (64 0.0282) (30 0.0275) (45 -0.0271) (33 0.0267) (75 0.0267) (59 0.0266) (107 -0.0258) (109 -0.0241) (46 0.0231) (40 0.0219) (48 0.0197) (32 -0.0181) (81 0.0181) (96 0.0177) (35 -0.0173) (120 -0.017) (84 0.0168) (89 -0.0164) (85 -0.016) (87 -0.0159) (52 0.0141) (16 -0.0128) (58 -0.0122) (100 0.0117) (76 0.0117) (43 0.0115) (36 -0.0112) (91 -0.0112) (38 0.0108) (93 -0.0105) (29 0.0104) 
   0.0022198   (130 0.569) (55 0.469) (53 -0.46) (71 0.214) (50 0.184) (30 -0.172) (51 0.113) (74 -0.111) (69 0.101) (52 -0.0977) (72 -0.0894) (70 0.0877) (31 0.0817) (33 -0.0755) (29 -0.0752) (49 0.0702) (42 -0.0701) (56 0.0692) (60 -0.0644) (73 -0.0642) (57 0.0616) (48 -0.061) (68 -0.0589) (63 -0.0516) (65 -0.0479) (46 0.0465) (78 0.0456) (32 0.0385) (34 0.0321) (84 -0.0312) (47 -0.0268) (81 -0.0257) (28 -0.0256) (18 0.0254) (133 0.0227) (77 0.0221) (16 -0.019) (131 0.0188) (67 0.0185) (88 0.0176) (80 0.0171) (120 -0.017) (64 0.0151) (43 -0.0145) (24 -0.0142) (35 0.0142) (54 0.014) (90 -0.0135) (36 0.0131) (41 0.013) (15 -0.0127) (25 -0.0125) (75 -0.0124) (123 0.0113) (124 0.0109) (37 -0.0106) (127 0.0105) (107 0.0102) 
   0.0023514   (130 0.777) (55 -0.382) (53 0.379) (30 0.134) (50 -0.133) (51 -0.102) (56 -0.0694) (31 -0.0664) (42 0.0663) (52 0.0654) (71 0.0592) (29 0.0589) (68 -0.0587) (63 0.0582) (133 0.0567) (33 0.0546) (49 -0.0489) (131 0.0468) (46 -0.0411) (48 0.0372) (65 0.0336) (67 0.0325) (47 0.0314) (32 -0.0264) (41 -0.0261) (34 -0.0258) (78 0.0243) (66 -0.0235) (57 -0.0217) (18 -0.0213) (74 -0.0208) (64 -0.0202) (28 0.0202) (54 -0.0201) (73 0.0199) (16 0.0193) (77 0.0187) (60 0.0177) (83 0.0176) (84 0.0173) (79 -0.0152) (88 -0.0132) (70 0.0131) (81 0.0128) (86 0.0123) (45 0.0116) (24 0.0111) (25 0.0111) (59 -0.0108) (62 -0.0102) 
   0.0025838   (23 0.72) (18 0.311) (22 -0.284) (25 0.27) (20 -0.245) (56 -0.223) (21 -0.213) (15 -0.12) (16 -0.0955) (33 -0.091) (29 0.0852) (52 -0.08) (57 -0.0658) (32 0.0568) (24 0.0519) (55 0.0505) (43 -0.0476) (47 0.0439) (60 0.0353) (12 -0.0337) (26 -0.0332) (19 0.03) (30 0.029) (46 -0.0286) (53 0.0273) (17 -0.0264) (78 0.0259) (38 -0.0243) (54 -0.0239) (27 -0.0231) (48 -0.0215) (45 0.0172) (71 -0.0158) (44 0.0156) (37 0.0152) (120 -0.0142) (28 0.013) (63 -0.0116) (124 -0.0111) (36 0.0105) (74 0.0103) 
   0.0026583   (60 -0.88) (56 0.309) (57 -0.18) (61 0.118) (55 -0.113) (52 0.113) (59 -0.088) (78 -0.0851) (23 0.0787) (47 -0.0663) (132 0.0538) (79 0.0498) (54 0.0463) (63 -0.0433) (18 0.0428) (20 -0.0414) (71 -0.0407) (46 0.0396) (48 0.0364) (22 -0.0355) (45 -0.0327) (25 0.0313) (21 -0.0292) (51 -0.0286) (62 0.0263) (15 -0.0252) (43 0.0238) (84 -0.0234) (35 -0.0228) (16 -0.0228) (64 0.0225) (109 0.0225) (49 0.0219) (108 -0.0204) (68 0.0196) (80 -0.0183) (125 -0.0179) (72 -0.0179) (69 -0.0167) (73 -0.0166) (50 0.0159) (124 -0.0155) (107 0.0149) (119 0.0145) (65 -0.013) (38 0.0129) (77 0.0121) (70 -0.0118) (29 0.0117) (36 0.0114) (40 0.0112) (90 -0.0104) (82 0.0101) (110 -0.01) 
   0.0027029   (132 0.762) (56 0.463) (57 0.27) (60 0.204) (52 0.124) (50 -0.115) (23 0.101) (55 -0.0929) (53 -0.0755) (18 0.0605) (47 -0.0593) (20 -0.0547) (43 0.0532) (22 -0.0455) (48 0.0425) (78 -0.0402) (71 0.0399) (21 -0.0399) (16 -0.0377) (41 0.0358) (63 0.0357) (25 0.0353) (42 0.031) (54 0.0309) (45 -0.0299) (61 -0.0282) (15 -0.024) (51 0.0239) (59 0.0234) (68 -0.0225) (65 0.0218) (131 -0.0218) (84 0.0185) (120 0.0175) (74 -0.0167) (44 -0.0165) (40 0.0159) (33 0.014) (64 -0.0139) (38 0.0116) (77 0.0109) (67 0.0108) 
   0.0028793   (132 0.644) (56 -0.573) (57 -0.303) (60 -0.166) (52 -0.156) (50 0.134) (23 -0.126) (55 0.12) (53 0.0898) (47 0.0759) (18 -0.0752) (20 0.0682) (43 -0.0648) (22 0.0568) (78 0.0542) (48 -0.0534) (21 0.0497) (16 0.0464) (25 -0.0444) (71 -0.0441) (41 -0.0412) (54 -0.0405) (63 -0.0386) (45 0.0382) (42 -0.0369) (15 0.0306) (124 -0.0306) (120 -0.0275) (125 -0.0269) (51 -0.0256) (68 0.0251) (65 -0.0247) (61 0.0234) (84 -0.0208) (74 0.0205) (59 -0.0201) (40 -0.0197) (44 0.0188) (122 0.0187) (131 -0.0166) (33 -0.0164) (38 -0.0148) (64 0.0145) (77 -0.0139) (127 -0.0128) (107 0.0127) (46 -0.0126) (67 -0.0124) (35 0.0119) (12 0.0107) (32 0.0106) (79 -0.0104) 
   0.0035743   (40 0.882) (66 -0.183) (43 -0.158) (65 -0.158) (41 -0.153) (39 0.15) (84 -0.135) (67 0.124) (63 -0.119) (38 0.0803) (44 0.0791) (57 0.0768) (47 0.0573) (33 0.0503) (64 0.0448) (87 0.0394) (52 -0.0347) (30 -0.0333) (16 -0.0316) (32 -0.0298) (50 0.0286) (31 0.0285) (129 0.0278) (70 -0.0248) (45 0.0248) (18 0.0233) (69 -0.023) (55 -0.0229) (51 -0.0229) (29 -0.0221) (71 -0.021) (96 0.0203) (46 -0.0182) (20 -0.0181) (78 0.0174) (73 -0.0166) (25 -0.0165) (53 0.0162) (91 -0.0161) (37 0.015) (109 -0.0147) (15 0.0141) (68 0.0137) (23 -0.0132) (90 0.0131) (107 -0.0122) (42 -0.0116) (21 -0.0103) (82 0.0102) (36 -0.0101) 
   0.0037747   (84 -0.86) (129 0.338) (87 0.168) (66 0.158) (65 0.132) (67 -0.11) (63 0.101) (78 0.0895) (57 -0.0707) (90 0.0642) (85 0.0565) (107 -0.0519) (109 -0.0505) (91 -0.047) (40 -0.0467) (96 0.04) (52 0.0385) (43 0.0384) (92 0.0383) (64 -0.0376) (120 0.0337) (86 -0.0335) (60 0.0335) (47 -0.0322) (127 -0.0264) (103 -0.0255) (123 -0.0247) (88 0.0223) (41 0.0222) (50 -0.0205) (56 0.0203) (83 0.0194) (93 -0.019) (77 -0.019) (94 -0.0189) (126 0.0188) (89 -0.0181) (69 0.0167) (44 -0.0166) (72 -0.0164) (48 0.0164) (45 -0.0155) (54 0.0153) (112 0.0143) (117 -0.014) (102 0.0137) (39 -0.0133) (114 0.0132) (42 0.0129) (49 -0.0124) (111 -0.0115) (105 -0.0114) (110 0.0113) (100 0.0112) (119 -0.0103) (61 -0.01) 
   0.0039631   (129 0.691) (84 0.385) (66 0.329) (65 0.271) (67 -0.224) (40 0.21) (63 0.193) (50 0.0969) (87 -0.083) (57 -0.0821) (64 -0.0736) (70 0.0617) (78 -0.0583) (71 0.0525) (41 -0.0479) (69 0.0479) (39 0.0397) (90 -0.0394) (127 -0.0384) (91 0.0345) (109 0.0321) (96 -0.0299) (85 -0.0298) (73 0.0294) (68 -0.0269) (107 0.0254) (52 0.0248) (43 -0.0246) (38 0.0235) (42 -0.0231) (79 0.0221) (46 0.0211) (49 0.0202) (48 -0.0185) (92 -0.0175) (76 -0.0172) (74 -0.0166) (33 0.0164) (103 0.0156) (86 0.0154) (18 0.0135) (94 0.0129) (56 0.0127) (80 -0.0121) (30 -0.0118) (82 -0.0114) (59 -0.0113) (15 -0.0106) (61 -0.0103) (29 -0.0102) (45 0.01) 
   0.0040579   (129 0.636) (66 -0.433) (65 -0.357) (67 0.296) (63 -0.258) (40 -0.242) (57 0.124) (64 0.0981) (50 -0.0939) (70 -0.07) (69 -0.0598) (71 -0.0518) (84 0.0485) (41 0.0465) (52 -0.0464) (39 -0.0426) (73 -0.0336) (38 -0.0335) (68 0.0302) (46 -0.0269) (60 -0.0255) (127 -0.0252) (56 -0.0247) (33 -0.0241) (79 -0.0192) (76 0.0187) (42 0.0182) (109 -0.0176) (18 -0.0173) (16 0.0167) (61 0.0164) (30 0.0161) (59 0.0147) (49 -0.0146) (47 0.0142) (96 0.0139) (32 0.0135) (78 0.0134) (74 0.0133) (91 -0.0132) (35 0.0129) (93 0.0127) (20 0.0127) (43 0.0126) (29 0.0117) (83 -0.0116) (15 0.0112) (82 0.0111) (54 -0.0108) (48 0.0105) (80 0.0103) (75 -0.0102) 
   0.0041359   (105 0.589) (96 -0.322) (103 0.281) (123 -0.266) (101 0.201) (108 -0.195) (110 -0.19) (106 -0.173) (107 -0.17) (119 0.169) (112 -0.15) (99 -0.149) (122 0.144) (98 -0.134) (102 -0.117) (117 -0.109) (124 0.106) (97 -0.105) (109 -0.0863) (120 -0.0842) (114 -0.0836) (100 -0.0784) (111 -0.0717) (50 0.0686) (121 -0.0685) (90 -0.0558) (115 -0.0527) (94 0.0503) (91 -0.0475) (113 0.0469) (118 -0.0423) (84 -0.0298) (116 -0.0297) (72 -0.0289) (82 -0.0288) (104 -0.0276) (93 -0.0231) (92 -0.0229) (55 -0.0196) (89 0.0179) (71 -0.0167) (85 -0.0155) (60 0.0147) (80 -0.0146) (53 0.0142) (51 -0.0136) (81 -0.0132) (56 0.0128) (49 0.0116) (70 -0.0108) (78 0.0103) (83 0.0102) 
   0.0042621   (143 -0.725) (142 0.685) (139 0.0528) (123 -0.0242) (96 0.0118) (141 -0.0116) (122 0.0108) 
   0.0043499   (50 0.853) (55 -0.202) (49 0.16) (51 -0.149) (53 0.145) (56 0.142) (72 -0.127) (48 -0.118) (60 0.0978) (40 -0.09) (46 0.0868) (57 0.084) (71 -0.0798) (42 -0.0735) (123 0.0689) (52 0.0678) (15 -0.0646) (84 -0.0601) (63 -0.0579) (41 -0.0559) (65 -0.0537) (107 0.053) (82 -0.0512) (119 -0.051) (45 0.05) (70 -0.0492) (105 -0.0487) (66 -0.0466) (96 -0.042) (122 -0.0401) (124 -0.0381) (54 -0.0367) (109 0.0361) (80 -0.0314) (117 0.0299) (43 -0.0287) (23 0.0263) (87 -0.0257) (90 -0.0254) (74 0.025) (68 0.025) (47 0.0241) (81 -0.0232) (108 0.0227) (103 -0.0227) (31 -0.0226) (59 0.0219) (67 0.0216) (120 0.0215) (101 -0.0211) (121 0.0203) (16 0.0201) (92 0.0199) (64 0.0197) (112 -0.0192) (12 -0.0192) (79 0.0189) (115 0.0173) (111 -0.0162) (38 -0.016) (83 0.0159) (69 -0.0147) (110 0.0137) (78 0.0131) (73 0.0123) (39 -0.0119) (91 0.0113) (97 -0.0113) (104 -0.0111) (99 0.0107) (85 -0.0107) 
   0.0044053   (72 -0.583) (46 0.44) (45 0.303) (80 -0.298) (81 -0.295) (50 -0.182) (83 0.157) (93 -0.154) (71 -0.148) (87 -0.128) (44 0.0765) (98 -0.0748) (77 0.0733) (76 0.0725) (79 0.068) (48 0.0677) (78 0.0637) (70 -0.06) (113 -0.0567) (42 -0.056) (49 -0.0541) (97 0.0488) (41 -0.0487) (107 0.0468) (100 0.0446) (109 -0.0444) (105 -0.0383) (89 0.0361) (47 0.0357) (60 0.0309) (85 -0.0305) (90 0.0291) (69 0.0287) (75 -0.0284) (66 0.025) (123 -0.0249) (67 -0.0245) (156 0.0245) (73 -0.0242) (43 -0.0242) (63 -0.0232) (96 0.023) (119 0.0224) (54 0.0223) (51 0.0209) (82 -0.0197) (68 0.0187) (91 -0.0178) (101 -0.0177) (114 0.0171) (115 -0.0159) (74 0.0155) (57 -0.0154) (117 -0.0154) (122 0.0148) (52 0.014) (103 0.0139) (104 0.0133) (19 0.0111) (110 0.0106) (36 -0.0102) 
   0.0045336   (156 0.999) (46 -0.0272) (45 -0.0186) 
   0.0046723   (46 0.638) (72 0.488) (45 0.436) (80 0.15) (81 0.129) (79 -0.124) (71 0.116) (44 0.115) (42 -0.102) (87 0.094) (41 -0.0822) (47 0.0744) (109 0.0693) (83 -0.0678) (43 -0.0671) (90 0.0591) (40 -0.0546) (78 -0.0535) (70 0.0515) (48 0.0446) (113 0.0445) (98 0.0397) (85 0.0369) (66 -0.0348) (63 0.0329) (100 -0.0309) (67 0.0301) (107 -0.0294) (76 -0.0279) (105 0.0279) (96 -0.0274) (36 -0.0273) (49 -0.0266) (156 0.0249) (69 -0.024) (15 -0.0235) (57 0.0223) (12 -0.0218) (38 -0.0213) (123 0.0207) (75 0.02) (73 0.019) (117 0.0179) (50 -0.0168) (86 -0.0165) (114 -0.0165) (93 -0.016) (110 -0.0158) (122 -0.0157) (115 0.0155) (60 -0.0139) (68 -0.0138) (77 -0.0137) (54 -0.0133) (119 -0.013) (97 -0.0127) (35 0.0124) (118 -0.0123) (23 0.0123) (56 0.0119) (104 -0.0112) (84 -0.0111) (13 -0.011) (91 -0.0109) (101 0.0109) (102 0.01) 
   0.0046889   (19 -0.961) (136 -0.258) (20 0.0537) (18 0.0438) (15 0.0361) (23 0.0299) (16 -0.0286) (17 0.0258) (7 -0.0186) (25 0.0182) (36 0.0152) (46 0.0117) (30 0.0108) 
    0.004934   (136 -0.966) (19 0.257) (20 -0.0143) (18 -0.0117) 
   0.0051485   (7 1) (19 -0.0169) 
   0.0053489   (5 1) 
   0.0053702   (30 -0.456) (35 0.399) (33 0.33) (135 0.319) (28 0.288) (31 -0.249) (25 0.244) (32 -0.243) (29 0.169) (14 -0.145) (12 0.137) (36 -0.133) (13 0.131) (24 0.118) (34 -0.0919) (37 0.0806) (11 -0.0644) (27 -0.0619) (17 0.0617) (38 -0.0426) (18 -0.0374) (26 -0.0373) (16 0.0338) (78 0.033) (20 0.0325) (21 0.0318) (43 -0.0292) (44 0.0278) (40 -0.0256) (42 0.0252) (47 0.0186) (15 0.0132) (79 -0.013) (39 0.0129) (48 0.0126) (71 -0.0109) 
   0.0054451   (135 0.948) (30 0.154) (35 -0.134) (33 -0.111) (28 -0.097) (31 0.084) (25 -0.0824) (32 0.0819) (29 -0.0571) (14 0.0491) (12 -0.0461) (36 0.0448) (13 -0.0444) (24 -0.0399) (34 0.031) (37 -0.0271) (11 0.0217) (27 0.0209) (17 -0.0208) (38 0.0143) (18 0.0126) (26 0.0126) (16 -0.0114) (20 -0.011) (78 -0.0109) (21 -0.0107) 
   0.0056878   (10 -0.749) (17 -0.594) (16 0.174) (14 -0.108) (12 0.108) (13 0.0985) (25 -0.0743) (20 -0.0676) (15 0.0523) (24 -0.0521) (18 0.0448) (11 -0.0444) (21 -0.0325) (19 -0.026) (35 0.0175) (28 -0.0128) (30 -0.0108) (78 0.0107) 
   0.0057989   (145 -0.999) (10 0.0269) (17 -0.0237) 
   0.0061782   (17 0.678) (10 -0.662) (16 -0.198) (14 0.111) (13 -0.101) (12 -0.096) (25 0.0873) (20 0.081) (24 0.06) (15 -0.0528) (18 -0.0522) (11 0.047) (21 0.0388) (145 -0.0374) (19 0.029) (35 -0.0203) (30 0.0144) (78 -0.0142) (28 0.0134) (37 -0.0127) (33 -0.0107) 
   0.0064622   (14 0.669) (12 0.652) (41 0.258) (42 0.19) (13 0.0788) (45 0.0587) (15 -0.0494) (47 0.0476) (50 0.0446) (40 0.0413) (46 0.0371) (11 -0.035) (48 -0.0222) (38 0.0186) (35 -0.0185) (29 0.0168) (31 0.0139) (36 0.0113) (60 -0.0113) (44 0.011) (109 -0.0102) 
    0.006982   (144 -0.999) (41 0.0294) (42 0.0237) (14 -0.0138) 
   0.0073664   (41 -0.689) (42 -0.555) (14 0.283) (12 0.194) (45 -0.144) (40 -0.122) (47 -0.121) (50 -0.0901) (46 -0.0846) (35 0.0706) (38 -0.0566) (48 0.0495) (36 -0.0444) (15 -0.0442) (144 -0.0434) (29 -0.0423) (18 0.0388) (44 -0.0377) (39 0.0346) (74 0.0302) (25 -0.0292) (31 -0.0285) (33 0.0282) (23 0.0256) (60 0.0233) (59 -0.023) (17 -0.0213) (49 -0.0203) (109 0.0186) (80 0.0176) (67 0.0175) (56 0.0167) (28 -0.0162) (52 0.016) (16 -0.0154) (79 0.0149) (81 -0.0147) (24 -0.0145) (84 -0.0137) (55 -0.0134) (61 -0.0134) (65 0.0134) (43 -0.0127) (21 -0.0124) (107 0.0117) (75 0.0117) (68 0.0111) (86 -0.0107) (62 0.0104) (63 -0.0104) (77 0.0103) (32 -0.0102) 
   0.0077315   (13 -0.783) (12 0.423) (14 -0.321) (31 0.242) (29 0.19) (32 -0.0695) (41 -0.0295) (37 -0.0275) (33 0.0271) (35 0.0228) (15 -0.0191) (30 0.0159) (137 -0.0136) (66 0.0134) (67 0.012) (34 0.0113) (68 0.0109) (40 -0.0104) (43 0.01) 
   0.0084755   (137 -0.991) (31 0.0925) (29 0.0718) (13 0.05) (32 -0.0244) (12 -0.021) (138 -0.0204) (14 0.0144) (41 -0.0117) 

 Largest eigenvalues
      61.183   (162 -0.244) (163 0.957) 
      36.452   (12 -0.275) (13 -0.234) (14 0.25) (25 -0.247) (33 0.289) (35 0.28) (78 -0.317) 
      28.202   (78 -0.736) (79 0.303) 
      15.299   (107 0.494) (109 0.73) 
      4.5771   (96 -0.287) (119 -0.375) (122 -0.293) (123 0.547) (124 -0.286) 
      1.4675   (162 -0.97) (163 -0.241) 
      1.2236   (164 -0.999) 
      1.1471   (165 0.997) 
      1.1417   (90 0.366) (91 0.827) 
      1.1348   (101 0.768) (106 0.5) 
      1.1314   (101 0.356) (106 -0.785) 
     0.92263   (111 0.343) (115 -0.775) 
     0.91049   (104 0.835) (105 0.288) 
     0.86338   (99 -0.569) (100 -0.515) 
     0.85689   (111 -0.581) (112 0.327) 
     0.75964   (110 -0.476) (111 0.318) (115 0.344) (120 0.306) (139 0.289) 
     0.67288   (110 0.714) (111 0.3) 
     0.67017   (96 -0.744) (97 -0.248) (99 0.274) (110 0.226) 
     0.66354   (114 -0.498) (125 0.324) (126 0.461) (139 0.386) 
     0.59974   (111 -0.339) (112 -0.516) (114 0.499) 
     0.57677   (108 0.593) (112 0.342) (114 0.508) 
     0.57172   (108 -0.675) (110 -0.286) (112 0.399) 
     0.56799   (114 -0.347) (122 -0.366) (123 -0.381) (127 -0.291) (131 -0.291) (133 0.376) 
     0.56785   (122 0.427) (124 -0.489) (125 -0.478) 
     0.55155   (118 0.337) (119 0.321) (120 0.584) (121 -0.315) (124 0.296) 
     0.53467   (117 -0.632) (118 -0.505) 
     0.52035   (116 0.427) (117 0.317) (119 -0.428) (122 0.363) (125 0.292) (127 0.304) (133 0.307) 
     0.49405   (116 -0.649) (126 0.292) (139 -0.299) 
     0.49373   (116 0.546) (122 -0.326) (126 0.393) (139 -0.349) 
      0.4279   (92 0.97) 
     0.40657   (121 -0.325) (125 -0.268) (127 -0.39) (139 -0.389) 
     0.32919   (94 -0.927) (103 0.217) 
     0.31711   (94 0.328) (103 0.689) (104 0.337) (105 -0.396) 
     0.30361   (102 -0.821) 
     0.28084   (98 -0.459) (113 0.329) (118 0.263) (127 -0.269) 
     0.25152   (79 -0.328) (87 -0.658) 
     0.23198   (79 0.478) (98 0.544) 
     0.23029   (79 -0.478) (87 0.599) 
     0.21922   (98 -0.376) (107 0.355) (113 -0.575) 
     0.17148   (90 -0.765) (91 0.287) (93 0.397) 
     0.15274   (90 0.323) (97 -0.532) (107 -0.343) 
     0.14433   (93 -0.622) (107 -0.319) 
     0.13424   (85 -0.71) (86 0.535) 
     0.12782   (88 -0.297) (89 -0.698) (93 0.344) (97 0.292) 
     0.12092   (72 -0.377) (79 0.371) (80 0.327) (81 0.49) (83 -0.405) 
     0.11244   (76 0.271) (77 0.338) (80 -0.317) 
     0.10987   (59 0.34) (65 0.304) (69 -0.346) (76 -0.3) 
     0.10511   (58 0.505) (59 -0.568) 
     0.10113   (58 -0.569) (63 0.289) 
    0.094444   (58 0.448) (59 0.328) (76 0.272) (97 -0.274) 
    0.089246   (58 -0.399) (59 -0.561) 
    0.079596   (59 0.317) (63 0.4) (64 0.312) (65 -0.366) (69 -0.241) (83 -0.293) 
    0.076749   (64 -0.784) (68 0.218) (76 -0.213) (83 -0.214) 
    0.073856   (61 -0.511) (62 0.424) (64 0.342) (65 0.297) (69 0.308) 
    0.072866   (61 0.645) (62 -0.235) (64 0.217) (65 0.248) (69 0.238) 
    0.066415   (61 -0.304) (76 0.247) (118 0.288) 
    0.063254   (68 0.316) (74 -0.335) (77 0.327) 
    0.061154   (61 -0.289) (62 -0.575) 
     0.05875   (62 0.538) (68 -0.294) (74 0.316) 
    0.055588   (62 -0.267) (68 0.43) (69 -0.287) (71 0.304) (76 0.3) (77 -0.294) 
    0.053286   (66 0.295) (67 0.331) (74 -0.361) (81 -0.34) 
    0.050001   (66 -0.334) (67 -0.443) (76 -0.306) (77 0.323) 
    0.047802   (66 0.31) (67 0.442) (68 0.341) (74 0.27) 
    0.046248   (74 -0.274) (76 0.312) (81 0.337) (83 0.284) 
     0.04397   (34 -0.868) (42 -0.313) 
    0.042097   (34 0.439) (41 0.506) (42 -0.57) 
    0.041415   (75 0.456) (88 0.279) (121 0.303) 
    0.040604   (48 -0.308) (49 -0.323) (51 -0.542) (75 -0.414) 
    0.032264   (51 0.47) (75 -0.556) 
    0.031731   (26 0.369) (27 -0.761) 
    0.029445   (26 0.701) (27 0.515) 
    0.027557   (26 -0.48) (32 -0.31) (43 0.294) (44 0.407) (88 -0.333) 
    0.026393   (32 0.649) (33 0.472) 
    0.021617   (43 -0.326) (44 -0.497) (75 0.316) (88 -0.418) 
    0.020739   (120 -0.361) (131 0.693) (133 0.395) 
    0.020646   (128 -0.578) (160 -0.809) 
    0.019326   (128 -0.577) (160 0.311) (161 0.755) 
    0.017719   (128 -0.577) (160 0.498) (161 -0.647) 
     0.01547   (15 -0.93) (16 0.322) 
    0.014954   (140 0.997) 
