 1 31.6228
 2 24.1005
 3 0.971932
 4 31.6228
 5 26.2082
 6 1.53122
 7 31.6228
 8 2.07146
 9 30.5146
 10 30.2067
 11 1.87698
 12 21.3469
 13 31.6228
 14 31.6187
 15 0.902184
 16 31.6228
 17 31.6152
 18 0.905879
 19 31.6228
 20 31.4761
 21 1.07649
 22 31.6228
 23 31.5943
 24 0.938446
 25 14.6298
 26 16.0273
 27 1.33572
 28 31.5391
 29 18.6155
 30 4.80583
 31 21.4576
 32 9.67026
 33 16.894
 34 14.1713
 35 14.6916
 36 7.34412
 37 31.4945
 38 31.6031
 39 1.32093
 40 24.5358
 41 31.2209
 42 1.28794
 43 21.3485
 44 29.3255
 45 1.54045
 46 31.583
 47 29.0501
 48 4.15501
 49 30.4145
 50 13.1468
 51 16.3534
 52 7.71381
 53 30.861
 54 17.0131
 55 7.34042
 56 14.156
 57 25.5172
 58 8.73143
 59 11.0555
 60 7.79707
 61 4.4727
 62 1.32696
 63 21.1469
 64 13.5341
 65 0.98849
 66 23.3425
 67 28.2672
 68 4.9342
 69 31.6225
 70 31.6228
 71 31.5782
 72 1.33443
 73 31.6192
 74 3.89409
 75 29.2574
 76 30.9783
 77 1.54647
 78 28.2427
 79 31.5897
 80 3.39438
 81 29.6764
 82 31.4207
 83 23.2861
 84 1.31871
 85 11.1592
 86 1.4079
 87 31.3702
 88 1.16403
 89 1.09898
 90 1.30491
 91 2.37066
 92 20.5238
 93 26.9764
 94 18.0255
 95 27.57
 96 29.4712
 97 15.8774
 98 14.8569
 99 9.34806
 100 27.8123
 101 30.5411
 102 9.04553
 103 12.7749
 104 11.7908
 105 11.0432
 106 12.8693
 107 12.7596
 108 12.854
 109 10.6121
 110 8.37249
 111 13.3265
 112 14.0983
 113 13.5334
 114 12.8915
 115 12.601
 116 10.4417
 117 12.8819
 118 13.3981
 119 12.1138
 120 10.0013
 121 10.4221
 122 6.85374
 123 6.4756
 124 5.88949
 125 5.40803
 126 6.43402
 127 4.48515
 128 8.73389
 129 6.83315
 130 6.59496
 131 4.32303
 132 4.36166
 133 4.3751
 134 5.31656
 135 2.76173
 136 6.34471
 137 3.12696
 138 2.91586
 139 2.80086
 140 3.27405
 141 3.07528
 142 2.73173
 143 2.74277
 144 4.07359
 145 3.89305
 146 3.26756
 147 3.06599
 148 3.9708
 149 3.89686
 150 3.2418
 151 3.49705
 152 4.33893
 153 4.93633
 154 3.61426
 155 4.26654
 156 4.45923
 157 5.77312
 158 0.260377
 159 0.232746
 160 1.3724
 161 3.55993
 162 6.43622
 163 7.07339
 164 10.9063
 165 0.645889
