 1 1000
 2 586.969
 3 1.87407
 4 1000
 5 703.491
 6 15.725
 7 1000
 8 35.0249
 9 962.673
 10 926.359
 11 21.1955
 12 487.536
 13 1000
 14 999.79
 15 0.813949
 16 1000
 17 999.636
 18 0.839347
 19 1000
 20 994.907
 21 5.06425
 22 1000
 23 998.932
 24 1.4521
 25 225.493
 26 280.26
 27 7.18222
 28 995.595
 29 417.03
 30 88.1812
 31 468.405
 32 229.732
 33 422.641
 34 208.148
 35 302.808
 36 139.234
 37 992.552
 38 999.28
 39 2.2478
 40 612.561
 41 977.817
 42 1.6979
 43 478.825
 44 885.022
 45 7.4867
 46 998.466
 47 914.299
 48 88.0672
 49 938.182
 50 187.697
 51 346.821
 52 144.883
 53 962.274
 54 295.487
 55 126.474
 56 277.767
 57 682.158
 58 86.6856
 59 182.982
 60 122.853
 61 22.2251
 62 1.77801
 63 458.785
 64 211.305
 65 1.92803
 66 572.773
 67 888.54
 68 113.812
 69 999.99
 70 1000
 71 998.262
 72 2.62037
 73 999.841
 74 80.3902
 75 921.407
 76 964.312
 77 7.38125
 78 811.386
 79 998.558
 80 63.9924
 81 933.841
 82 989.477
 83 571.229
 84 2.0816
 85 130.459
 86 2.53852
 87 989.175
 88 1.80046
 89 1.7025
 90 2.01196
 91 8.06692
 92 487.953
 93 813.477
 94 446.647
 95 830.458
 96 910.835
 97 298.338
 98 265.708
 99 136.973
 100 814.39
 101 951.037
 102 104.97
 103 180.182
 104 157.506
 105 139.262
 106 177.563
 107 176.059
 108 179.219
 109 131.121
 110 95.6017
 111 195.016
 112 208.207
 113 194.166
 114 180.084
 115 178.113
 116 134.89
 117 187.245
 118 197.02
 119 164.1
 120 114.978
 121 118.034
 122 50.2949
 123 43.4663
 124 38.486
 125 31.7346
 126 44.0135
 127 25.2314
 128 84.2276
 129 55.5043
 130 49.6714
 131 21.3017
 132 19.8395
 133 20.0211
 134 29.2488
 135 8.9542
 136 41.152
 137 10.853
 138 9.35076
 139 8.65965
 140 11.5392
 141 11.0828
 142 8.83825
 143 8.76156
 144 17.6516
 145 15.928
 146 11.5173
 147 10.3169
 148 16.9652
 149 16.1627
 150 11.4576
 151 13.359
 152 19.7129
 153 25.582
 154 14.0682
 155 19.1824
 156 20.9498
 157 34.3362
 158 0.310332
 159 0.0869986
 160 2.73469
 161 18.6552
 162 53.8628
 163 63.1908
 164 132.054
 165 2.19489
