 1 67383.7
 2 611.557
 3 1.91808
 4 422230
 5 723.22
 6 16.1425
 7 1.35366e+06
 8 57.0731
 9 1586.86
 10 2767.49
 11 32.3377
 12 747.575
 13 1.50927e+06
 14 11459.8
 15 0.814093
 16 878394
 17 5650
 18 0.931797
 19 215646
 20 3112.29
 21 13.9361
 22 410063
 23 4321.37
 24 3.46971
 25 241.797
 26 317.372
 27 8.07704
 28 3566.46
 29 459.197
 30 96.6102
 31 472.53
 32 234.394
 33 431.745
 34 219.067
 35 315.43
 36 145.553
 37 1521.92
 38 3183.65
 39 3.56657
 40 944.915
 41 5132.26
 42 1.81187
 43 640.473
 44 1506.5
 45 11.7497
 46 4748.33
 47 2984.7
 48 259.207
 49 1889.51
 50 189.862
 51 427.476
 52 178.744
 53 3420.67
 54 334.907
 55 157.53
 56 352.168
 57 686.455
 58 88.2521
 59 185.91
 60 124.999
 61 22.2493
 62 1.77818
 63 469.54
 64 211.972
 65 1.9402
 66 584.126
 67 3395.64
 68 419.252
 69 110414
 70 514566
 71 3218.51
 72 4.65564
 73 20290.7
 74 390.088
 75 4397.49
 76 5330.88
 77 13.9244
 78 1526.21
 79 7983.13
 80 173.884
 81 2267.07
 82 2526.59
 83 672.248
 84 2.20789
 85 152.184
 86 2.6808
 87 3252.58
 88 1.80058
 89 1.70251
 90 2.01214
 91 8.61611
 92 571.931
 93 1202.34
 94 597.162
 95 1318.61
 96 1604.4
 97 320.907
 98 268.766
 99 137.766
 100 958.076
 101 1604.82
 102 109.303
 103 182.593
 104 159.383
 105 139.938
 106 178.5
 107 177.065
 108 180.091
 109 132.109
 110 96.9959
 111 195.732
 112 209.035
 113 194.759
 114 180.398
 115 178.575
 116 135.45
 117 187.525
 118 197.287
 119 164.272
 120 115.775
 121 118.631
 122 50.7504
 123 43.7327
 124 38.7475
 125 32.2236
 126 44.4865
 127 26.1503
 128 84.9694
 129 55.9993
 130 50.4432
 131 21.4676
 132 19.9954
 133 20.1783
 134 29.7745
 135 9.09613
 136 41.4497
 137 11.0282
 138 9.48367
 139 8.82434
 140 11.7299
 141 11.48
 142 9.04033
 143 8.95786
 144 17.8799
 145 16.1362
 146 11.7127
 147 10.546
 148 17.2177
 149 16.429
 150 11.6364
 151 13.5912
 152 19.9898
 153 26.2226
 154 14.3809
 155 19.4066
 156 21.1003
 157 34.5608
 158 0.379249
 159 0.0893881
 160 2.79639
 161 19.8867
 162 62.438
 163 66.2192
 164 134.605
 165 2.21149
