 Smallest eigenvalues
  6.6257e-07   (9 1) 
  7.3874e-07   (46 0.696) (45 -0.533) (47 0.329) (38 0.23) (40 0.133) (49 0.106) (41 -0.0836) (59 -0.062) (32 -0.0596) (53 -0.0508) (50 -0.0419) (157 -0.0413) (44 0.0407) (37 0.0398) (77 -0.0374) (54 0.0365) (14 0.0349) (52 0.0328) (42 -0.0326) (31 -0.031) (57 -0.0303) (18 -0.0301) (76 0.0298) (51 -0.0296) (21 -0.0274) (26 0.0261) (36 -0.024) (27 -0.0237) (73 -0.0225) (30 0.0217) (11 -0.0215) (95 0.0181) (20 -0.0171) (74 0.0163) (23 -0.0132) (75 -0.0127) (29 0.0126) (68 0.0116) (19 -0.0112) (39 -0.0108) (60 -0.0107) (17 -0.0103) (16 0.0102) 
  1.1384e-06   (157 -0.999) (46 -0.0288) (45 0.0221) (47 -0.0135) 
  1.9434e-06   (5 1) 
  2.3684e-06   (43 -0.748) (42 -0.397) (38 0.311) (45 0.25) (40 0.169) (41 -0.169) (154 0.143) (39 -0.105) (47 0.087) (44 0.0778) (32 -0.0617) (46 -0.0562) (37 0.0447) (59 -0.0338) (76 0.0317) (14 0.0307) (26 0.0302) (50 -0.0297) (18 -0.029) (49 0.027) (31 -0.0263) (21 -0.0234) (11 -0.0185) (27 -0.0174) (53 -0.0155) (57 -0.015) (73 -0.0143) (95 0.0143) (20 -0.0136) (77 -0.0129) (55 -0.0126) (33 -0.0125) (23 -0.0121) (34 0.0119) 
  2.4386e-06   (154 0.99) (43 0.108) (42 0.0575) (38 -0.0451) (45 -0.0362) (40 -0.0245) (41 0.0245) (39 0.0153) (47 -0.0126) (44 -0.0113) 
  4.6372e-06   (2 -1) 
  9.0347e-06   (152 -0.983) (34 0.172) (32 -0.0494) (31 -0.0276) (38 -0.0147) (33 0.0139) (30 0.0136) (36 0.0124) (26 0.0109) 
   1.484e-05   (34 -0.916) (32 0.263) (152 -0.185) (31 0.147) (38 0.0786) (33 -0.0739) (30 -0.0723) (36 -0.0662) (26 -0.0579) (29 0.0373) (18 0.0337) (37 0.0336) (52 0.0305) (21 0.0288) (14 -0.0247) (50 0.0233) (27 0.0229) (76 -0.0197) (45 -0.0185) (20 0.0182) (43 -0.0151) (48 -0.0148) (47 -0.0147) (53 -0.014) (41 -0.0137) (40 0.0136) (23 0.0134) (19 0.013) (11 0.0124) (51 0.0119) (54 0.0119) (22 0.0116) (59 0.0109) (95 -0.0107) (58 0.01) 
  4.4039e-05   (25 0.72) (24 -0.485) (49 -0.301) (23 -0.265) (19 -0.118) (52 0.108) (21 -0.107) (51 -0.0995) (26 -0.0824) (50 0.0695) (33 0.0693) (18 0.0501) (56 -0.0448) (39 -0.0427) (47 -0.0424) (27 -0.0391) (22 0.0371) (30 0.0332) (71 0.0315) (29 0.0307) (36 0.0288) (54 -0.0274) (77 -0.027) (59 -0.0269) (13 0.0263) (46 0.0262) (45 -0.0219) (55 -0.0216) (40 0.021) (76 0.016) (41 -0.0143) (20 0.0131) (66 -0.0128) (63 -0.0121) (32 -0.0118) (79 -0.0115) (80 0.0112) (67 -0.0109) (68 0.0109) (61 0.0105) 
  8.5823e-05   (151 0.98) (49 -0.151) (52 0.0613) (25 -0.0561) (51 -0.0559) (50 0.0384) (24 0.0373) (56 -0.0261) (38 0.0208) (23 0.0194) (54 -0.0185) (47 -0.0181) (55 -0.0166) (59 -0.0143) (46 0.0127) (26 0.0102) 
  0.00011594   (49 0.747) (52 -0.303) (51 0.277) (25 0.271) (151 0.199) (50 -0.19) (24 -0.18) (56 0.129) (38 -0.103) (23 -0.0935) (54 0.0918) (47 0.0895) (55 0.0821) (59 0.071) (46 -0.0628) (26 -0.0496) (71 -0.049) (19 -0.0377) (77 0.0375) (18 0.0347) (33 0.0319) (45 0.0309) (57 0.0301) (41 0.0289) (76 -0.026) (37 -0.0256) (32 0.0246) (21 -0.0239) (75 0.0236) (81 0.022) (95 -0.0218) (79 0.0207) (40 -0.0205) (42 0.0192) (68 -0.0192) (36 -0.0181) (69 -0.0175) (73 0.0173) (67 0.017) (63 0.0156) (61 -0.0152) (44 0.0152) (39 0.0146) (14 -0.0142) (43 -0.0133) (20 0.0131) (22 0.0125) (13 0.0122) (72 -0.0122) (31 0.0121) (70 -0.012) (65 -0.0118) (78 0.0113) (66 0.0112) (88 -0.0108) 
  0.00016279   (1 1) 
  0.00017068   (11 -0.985) (14 -0.143) (18 0.0383) (17 0.0379) (21 0.0337) (13 0.0328) (38 -0.0264) (32 0.0228) (20 0.0218) (23 0.0218) (15 -0.0187) (27 0.0146) (26 -0.014) (19 0.0134) (24 -0.0108) 
   0.0001787   (161 1) 
   0.0001864   (3 -1) 
  0.00023231   (14 0.732) (16 -0.613) (15 0.193) (13 -0.109) (17 0.107) (11 -0.0943) (18 0.0803) (21 0.0619) (23 0.0423) (20 0.0363) (32 0.0308) (19 0.0294) (38 -0.028) (27 0.025) (24 -0.0232) (26 -0.0189) (33 0.0148) (31 0.0126) (45 0.0115) 
  0.00027044   (160 1) 
  0.00027871   (7 1) 
  0.00028173   (24 0.827) (25 0.484) (21 -0.148) (23 -0.127) (20 -0.081) (30 -0.0793) (26 -0.0772) (18 -0.0691) (155 -0.0646) (36 0.062) (19 -0.0474) (14 0.0473) (27 0.044) (22 -0.0383) (31 0.031) (11 -0.0269) (32 0.0242) (52 0.0209) (17 -0.0161) (38 -0.0154) (51 0.0116) (45 0.0107) 
  0.00028741   (155 -0.998) (24 -0.0535) (25 -0.0313) 
  0.00030609   (6 1) 
  0.00031485   (17 -0.984) (14 0.106) (21 0.0859) (20 0.0572) (11 -0.0471) (15 0.0449) (18 0.0441) (27 0.0254) (159 -0.0246) (19 0.021) (36 0.0187) (31 0.0159) (13 -0.0157) (23 -0.0126) (30 -0.0122) (45 0.0121) (24 -0.0118) (38 -0.0103) 
  0.00031949   (159 -1) (17 0.0242) 
  0.00032235   (73 -0.753) (59 0.435) (57 0.301) (76 -0.222) (74 -0.177) (38 0.102) (54 -0.0962) (50 0.0658) (75 0.0639) (47 -0.062) (39 -0.0584) (58 0.0538) (40 0.0526) (45 -0.0487) (43 0.0479) (32 -0.0458) (77 0.0418) (72 -0.0404) (96 0.0395) (37 0.0388) (53 0.0367) (18 -0.0365) (68 0.0348) (26 0.0308) (56 -0.0304) (69 -0.0293) (88 0.0291) (41 -0.0285) (49 0.0282) (14 0.0267) (42 -0.0242) (46 -0.0222) (48 0.022) (92 0.0206) (70 0.0202) (36 -0.02) (87 -0.02) (122 0.0188) (78 -0.0185) (102 -0.0163) (124 -0.0159) (120 -0.0158) (11 -0.0158) (21 -0.0151) (113 0.015) (99 0.0149) (112 -0.0146) (52 0.0145) (66 0.0143) (20 -0.0142) (51 -0.0137) (31 -0.0122) (89 0.0118) (44 0.0117) (16 0.0115) (13 -0.0109) (127 -0.0107) (116 -0.0107) (80 0.0104) (64 -0.0104) (153 -0.01) 
  0.00038377   (59 0.564) (73 0.513) (57 0.378) (70 -0.22) (68 0.178) (38 0.172) (153 -0.143) (47 -0.138) (76 0.137) (74 0.114) (50 0.112) (45 -0.102) (54 -0.0798) (39 -0.0778) (71 0.0733) (69 -0.0724) (32 -0.072) (58 0.0691) (40 0.0615) (67 0.0576) (41 -0.0532) (52 -0.0501) (37 0.049) (26 0.0427) (18 -0.0426) (14 0.0424) (75 -0.0414) (66 0.0413) (21 -0.0316) (43 0.0302) (122 -0.0286) (53 0.0286) (46 -0.0277) (11 -0.0266) (83 -0.0259) (31 -0.0257) (42 0.0234) (20 -0.0231) (36 -0.0223) (77 -0.0214) (113 0.0195) (88 0.0184) (16 0.0178) (44 0.0176) (78 0.0175) (127 -0.0174) (27 -0.016) (64 -0.0157) (51 -0.0156) (17 -0.0155) (80 -0.0153) (112 -0.0151) (61 -0.0149) (48 0.0146) (120 -0.0142) (116 -0.0137) (55 -0.0135) (62 0.0133) (117 0.0128) (133 -0.0124) (126 -0.0123) (98 -0.0122) (131 0.012) (63 -0.0111) (49 0.01) 
   0.0004187   (153 -0.99) (59 -0.086) (73 -0.0665) (57 -0.0578) (70 0.0313) (38 -0.0264) (68 -0.0259) (47 0.0208) (76 -0.0176) (50 -0.017) (45 0.0155) (74 -0.0146) (54 0.0127) (39 0.0121) (32 0.0111) (69 0.0107) (58 -0.0105) (71 -0.0104) 
  0.00042428   (19 -0.639) (20 0.603) (18 -0.437) (21 0.157) (47 -0.059) (50 -0.0558) (24 0.0338) (25 -0.0317) (23 0.0302) (26 -0.0275) (14 0.0233) (22 0.0226) (45 -0.0197) (17 0.0175) (48 -0.0159) (54 0.0143) (52 0.0129) (42 0.0113) (59 -0.0106) (57 -0.01) 
  0.00048716   (47 -0.586) (50 -0.537) (150 0.416) (38 0.188) (45 -0.183) (52 0.168) (48 -0.146) (54 0.114) (39 -0.0874) (59 -0.0866) (51 0.079) (41 -0.0745) (32 -0.0698) (20 -0.0695) (40 0.0694) (57 -0.0639) (55 0.0537) (19 0.0451) (21 -0.0414) (37 0.04) (26 0.0395) (14 0.0349) (43 0.0303) (73 -0.0258) (46 -0.0255) (31 -0.0247) (11 -0.0212) (42 0.0209) (36 -0.0192) (76 0.0171) (44 0.0166) (27 -0.0156) (56 -0.0152) (49 0.0144) (16 0.014) (58 -0.0117) (23 -0.0101) 
  0.00051705   (150 0.909) (47 0.268) (50 0.246) (38 -0.0862) (45 0.0839) (52 -0.0768) (48 0.0667) (54 -0.052) (39 0.04) (59 0.0395) (51 -0.0361) (41 0.0341) (32 0.032) (40 -0.0318) (20 0.0304) (57 0.0292) (55 -0.0245) (19 -0.0191) (21 0.0186) (37 -0.0183) (26 -0.018) (14 -0.0161) (43 -0.0139) (73 0.0117) (46 0.0117) (31 0.0113) 
  0.00054111   (53 0.662) (42 -0.411) (50 0.343) (54 0.335) (47 -0.187) (51 -0.18) (43 0.164) (49 0.148) (45 -0.105) (59 -0.0974) (56 0.0896) (57 -0.0756) (41 0.0519) (38 0.0474) (44 0.029) (40 -0.0282) (37 0.026) (70 -0.0235) (48 -0.0211) (46 -0.019) (148 0.019) (18 -0.0187) (32 -0.0184) (26 0.0177) (39 -0.014) (36 -0.0138) (14 0.0133) (58 -0.0132) (68 0.0125) 
  0.00056007   (148 0.807) (42 0.474) (53 0.214) (43 -0.133) (41 -0.11) (38 0.0955) (40 0.0818) (54 0.0806) (50 0.0726) (45 0.0658) (39 -0.0594) (49 0.0423) (52 0.0404) (51 -0.0396) (59 -0.0358) (32 -0.0329) (56 0.0303) (47 0.028) (57 -0.0226) (44 -0.0215) (26 0.0203) (73 -0.0197) (147 0.0188) (21 -0.0147) (14 0.0137) (48 0.0121) (18 -0.011) (20 -0.0103) 
  0.00056688   (42 -0.636) (148 0.59) (53 -0.314) (43 0.176) (41 0.148) (38 -0.132) (54 -0.121) (40 -0.111) (50 -0.11) (45 -0.0867) (39 0.0818) (49 -0.0626) (51 0.0599) (52 -0.0555) (59 0.052) (32 0.0457) (56 -0.0443) (57 0.0333) (47 -0.0323) (26 -0.0285) (44 0.0284) (73 0.0272) (21 0.0204) (14 -0.0192) (48 -0.0159) (18 0.0157) (20 0.0143) (31 0.0139) (147 0.0137) (70 -0.0128) (37 -0.0119) (95 -0.0117) (46 0.0108) (11 0.0102) (76 -0.0101) 
  0.00061704   (70 0.799) (71 -0.347) (72 0.305) (69 0.177) (73 0.155) (68 -0.138) (59 0.115) (50 0.101) (38 0.0936) (47 -0.0752) (57 0.0682) (52 -0.0654) (39 -0.0447) (54 -0.0426) (83 -0.0397) (45 -0.0386) (32 -0.0373) (43 0.0363) (76 -0.0347) (37 0.0313) (53 -0.0312) (147 0.0295) (40 0.0294) (56 -0.0282) (18 -0.0276) (26 0.0267) (55 0.0254) (41 -0.0232) (14 0.023) (51 -0.0222) (66 -0.0222) (49 0.0207) (46 -0.0207) (120 -0.0192) (88 0.0184) (67 0.0166) (36 -0.0161) (58 0.0158) (21 -0.0157) (127 -0.0157) (102 -0.0153) (89 -0.0145) (42 -0.0145) (31 -0.0143) (124 -0.014) (113 0.0132) (20 -0.0126) (94 0.0123) (112 -0.0123) (11 -0.0121) (80 -0.0114) (91 -0.0114) (99 0.011) (95 -0.0109) (44 0.0109) (74 0.0106) (116 -0.0102) (90 0.0101) (126 -0.0101) 
  0.00066976   (147 0.557) (52 -0.471) (53 -0.347) (50 0.347) (47 -0.288) (57 -0.159) (59 -0.132) (38 0.127) (55 0.116) (45 -0.112) (51 -0.111) (70 -0.0871) (42 0.0717) (73 -0.0704) (39 -0.0627) (40 0.0625) (41 -0.0587) (54 0.0575) (72 -0.0523) (71 0.0476) (32 -0.0444) (46 -0.0342) (26 0.0273) (37 0.0272) (14 0.0252) (69 -0.0244) (21 -0.0237) (44 0.0209) (18 -0.0204) (122 -0.0187) (58 -0.0174) (20 -0.0164) (31 -0.0144) (95 0.0137) (148 -0.013) (11 -0.0128) (48 -0.0127) (16 0.0122) (36 -0.0118) (56 0.0114) (74 -0.0101) (83 0.0101) 
  0.00072674   (147 0.83) (52 0.318) (50 -0.236) (53 0.234) (47 0.196) (57 0.104) (38 -0.0887) (59 0.0838) (55 -0.0789) (45 0.0763) (51 0.0753) (42 -0.0475) (39 0.0438) (40 -0.0431) (73 0.0417) (41 0.0403) (54 -0.0369) (32 0.0313) (70 0.0299) (72 0.0243) (46 0.0237) (71 -0.0195) (37 -0.0195) (26 -0.0194) (148 -0.0193) (14 -0.0178) (21 0.0166) (18 0.0148) (44 -0.0144) (122 0.0126) (20 0.0115) (58 0.011) (31 0.0102) (69 0.01) 
  0.00079099   (37 0.895) (38 -0.219) (21 -0.195) (18 -0.183) (23 0.132) (36 -0.125) (20 -0.123) (39 0.0867) (14 0.0638) (32 -0.0625) (24 -0.0493) (40 -0.0458) (19 -0.0426) (43 -0.0413) (16 0.0302) (45 0.0283) (41 0.028) (11 -0.0276) (17 -0.0265) (26 -0.0213) (47 0.0204) (22 0.0189) (31 -0.0188) (54 0.0182) (42 0.0181) (57 -0.0177) (59 -0.0174) (13 -0.0168) (50 -0.0166) (34 -0.0144) (46 0.0138) 
   0.0010782   (21 -0.537) (23 0.431) (18 -0.422) (37 -0.327) (20 -0.318) (26 -0.234) (24 -0.133) (32 0.131) (19 -0.112) (14 0.11) (17 -0.07) (22 0.0641) (36 0.0614) (27 0.0544) (16 0.0544) (31 0.0464) (11 -0.0404) (13 -0.0252) (28 0.0234) (30 -0.0215) (25 -0.017) (144 -0.0168) (145 0.0156) (29 -0.0152) (33 0.015) 
   0.0011556   (144 -0.731) (145 0.682) (21 0.0133) (18 0.0106) (23 -0.0105) 
   0.0012366   (46 -0.639) (47 0.442) (45 -0.374) (38 0.271) (16 0.192) (14 0.17) (43 0.17) (50 -0.123) (54 0.111) (39 -0.109) (41 -0.0925) (59 -0.081) (49 -0.0808) (37 0.0604) (32 -0.058) (55 0.0549) (57 -0.0492) (48 0.0422) (11 -0.0408) (42 -0.0313) (26 0.0311) (36 -0.0311) (13 -0.0307) (53 -0.0295) (31 -0.0285) (76 -0.028) (70 -0.0265) (83 -0.0232) (56 -0.0182) (80 -0.0147) (95 -0.0145) (17 0.0131) (21 -0.0123) (52 -0.0112) (58 -0.0111) (40 0.0107) (33 -0.0105) (19 -0.0102) (34 -0.01) 
   0.0012963   (16 0.745) (14 0.546) (18 0.164) (46 0.153) (13 -0.123) (38 -0.107) (45 0.0997) (21 0.0976) (47 -0.0932) (17 0.0881) (20 0.0875) (26 -0.0708) (32 0.0679) (11 -0.065) (43 -0.0475) (39 0.0445) (41 0.0369) (37 -0.0322) (15 -0.0254) (31 0.0251) (27 0.0245) (50 0.024) (23 0.0233) (54 -0.0205) (19 0.0202) (36 0.0187) (49 0.0174) (40 -0.0167) (59 0.0134) (55 -0.0123) (30 -0.011) (48 -0.011) 
   0.0014218   (146 1) 
   0.0014427   (54 -0.646) (55 0.452) (32 -0.358) (56 0.35) (53 0.147) (34 -0.132) (57 -0.125) (52 0.115) (59 -0.113) (31 -0.0895) (26 0.0703) (49 0.0642) (50 0.055) (18 -0.0549) (48 0.0443) (14 0.0442) (33 -0.0424) (36 0.0416) (37 -0.0381) (42 -0.0369) (21 -0.0364) (43 0.035) (30 0.0323) (20 -0.0288) (47 -0.0278) (46 -0.0262) (69 -0.0261) (70 -0.026) (68 0.0256) (27 -0.0244) (76 -0.0238) (11 -0.0214) (73 0.0207) (16 0.019) (45 -0.0175) (58 -0.0167) (38 -0.0165) (139 -0.0138) (28 -0.0126) (71 0.0121) (13 -0.0118) (19 -0.0104) (77 0.0103) (96 0.0103) (23 -0.0101) 
   0.0015882   (32 -0.748) (54 0.296) (34 -0.294) (38 -0.223) (55 -0.188) (31 -0.183) (37 -0.157) (56 -0.151) (36 0.132) (26 0.109) (39 0.0922) (33 -0.0902) (139 -0.0753) (53 -0.0713) (18 -0.0669) (30 0.0621) (21 -0.0606) (41 0.0604) (14 0.0579) (40 -0.0564) (52 -0.0544) (47 0.0488) (27 -0.0437) (20 -0.0423) (45 0.0421) (43 -0.0393) (50 -0.0377) (57 0.0359) (49 -0.0348) (59 0.0337) (11 -0.0271) (16 0.0231) (28 -0.0209) (48 -0.0193) (46 0.0185) (19 -0.0171) (23 -0.0144) (35 -0.0129) (13 -0.0127) (29 0.0106) (73 -0.0104) (68 -0.0103) (24 0.0102) 
   0.0016646   (139 -0.997) (32 0.0616) (34 0.0241) (38 0.0168) (31 0.0151) (54 -0.0133) (37 0.0123) (36 -0.0105) 
   0.0017984   (15 -0.835) (27 -0.432) (28 -0.209) (14 0.157) (16 -0.111) (26 0.109) (29 -0.0875) (32 0.0723) (17 -0.0375) (13 0.037) (31 0.0338) (38 -0.0319) (18 -0.0314) (20 -0.0289) (136 0.0283) (23 -0.0253) (44 -0.0177) (37 -0.0174) (30 -0.0165) (11 -0.0135) (24 0.013) (21 -0.0129) (22 0.0101) 
   0.0020197   (27 -0.682) (15 0.49) (28 -0.329) (136 0.292) (26 0.189) (29 -0.157) (32 0.106) (16 0.0819) (18 -0.0641) (21 -0.056) (20 -0.0491) (38 -0.0447) (31 0.0432) (19 -0.0361) (13 -0.0341) (23 -0.0331) (14 -0.0284) (30 -0.0258) (37 -0.0233) (24 0.0225) (11 -0.0221) (40 -0.0211) (39 0.0168) (25 -0.0143) (36 0.0128) (45 0.0117) (33 0.0115) (41 0.0106) (17 -0.0103) (51 -0.0101) 
   0.0021121   (136 0.956) (27 0.221) (15 -0.125) (28 0.106) (26 -0.061) (29 0.0504) (32 -0.0344) (16 -0.0217) (18 0.0205) (21 0.0175) (20 0.0158) (38 0.0145) (31 -0.0142) (19 0.011) (23 0.0109) 
   0.0022845   (29 0.923) (51 -0.234) (27 -0.142) (48 -0.111) (49 0.0922) (28 -0.0889) (52 0.0787) (53 -0.0746) (72 -0.0708) (31 -0.0706) (45 0.058) (32 0.0511) (30 0.045) (40 -0.0326) (70 0.0312) (56 0.0312) (39 0.0308) (34 0.0306) (47 0.0271) (54 0.0265) (55 0.0244) (71 0.0241) (25 -0.0241) (50 -0.0221) (22 -0.022) (59 0.021) (44 -0.0199) (132 0.0198) (74 0.0186) (46 -0.0184) (24 0.0182) (26 0.0167) (37 -0.016) (35 -0.0158) (77 0.0156) (18 -0.0154) (20 -0.0151) (83 -0.0151) (14 0.0142) (60 -0.0133) (66 -0.0131) (33 0.0124) (81 0.0113) (43 0.0112) (21 -0.0105) (69 0.0104) 
    0.002341   (72 -0.737) (70 0.322) (77 0.275) (71 0.236) (132 0.236) (51 0.217) (66 -0.13) (69 0.128) (83 -0.0868) (67 0.0769) (53 0.0758) (55 -0.0752) (49 -0.0703) (131 0.0643) (48 0.064) (38 0.0623) (57 -0.054) (73 0.0528) (54 -0.0522) (79 0.0508) (39 0.0496) (59 0.0492) (96 -0.0481) (52 -0.0465) (76 0.0439) (81 0.0416) (89 -0.0409) (82 0.0393) (95 -0.0386) (74 0.038) (63 -0.0377) (75 -0.0349) (84 0.0322) (50 0.0319) (45 -0.0318) (62 -0.0275) (68 -0.0259) (78 0.0254) (58 0.0208) (91 -0.02) (128 -0.0195) (60 -0.0189) (47 -0.0172) (31 -0.0172) (92 -0.016) (101 -0.0154) (80 0.0152) (88 0.0146) (85 0.0142) (98 -0.0138) (117 -0.0129) (40 0.0122) (21 -0.0114) (42 -0.0112) (119 0.0108) (94 -0.0106) (32 -0.0105) (29 -0.0103) (37 0.0101) 
   0.0023651   (51 0.567) (132 0.468) (48 0.292) (72 0.272) (29 0.261) (49 -0.211) (53 0.189) (52 -0.185) (70 -0.128) (131 0.106) (71 -0.0969) (56 -0.0943) (40 0.0908) (55 -0.086) (45 -0.081) (59 -0.0804) (77 -0.0772) (54 -0.0713) (47 -0.0709) (44 0.0563) (27 -0.0515) (50 0.0506) (83 0.0506) (39 0.0415) (74 -0.0403) (28 -0.0334) (66 0.029) (73 -0.0276) (69 -0.0265) (81 -0.0253) (41 -0.0242) (46 0.0233) (60 0.022) (68 0.0201) (63 0.0191) (79 -0.019) (96 0.0181) (75 0.018) (18 -0.0174) (95 0.0173) (89 0.0172) (128 -0.0159) (57 -0.015) (76 -0.013) (116 0.0128) (25 -0.0127) (65 0.012) (32 0.0119) (38 -0.0119) (24 0.0115) (33 -0.0115) (88 0.011) (87 -0.011) (102 0.0109) (13 -0.0105) (43 -0.0103) 
   0.0024036   (132 0.826) (51 -0.381) (48 -0.182) (29 -0.169) (131 0.162) (49 0.139) (53 -0.128) (52 0.117) (55 0.0704) (72 0.0607) (54 0.0553) (40 -0.0545) (45 0.0542) (56 0.0526) (47 0.0448) (39 -0.0391) (50 -0.0377) (77 -0.0356) (27 0.0351) (59 0.0307) (44 -0.0299) (57 0.0243) (69 -0.0223) (70 -0.0219) (66 0.0219) (28 0.0218) (133 -0.0202) (128 -0.0194) (67 -0.0191) (41 0.0151) (71 -0.0143) (46 -0.0132) (38 -0.0117) (74 0.0115) (84 -0.0109) 
   0.0025021   (18 -0.629) (21 0.494) (19 0.41) (22 -0.225) (55 0.15) (13 -0.141) (20 -0.137) (25 0.127) (56 -0.123) (26 -0.105) (57 -0.0865) (23 -0.0733) (59 0.0649) (24 -0.0605) (40 -0.0557) (31 -0.0486) (54 0.0472) (32 0.0396) (39 0.0301) (16 0.0281) (12 -0.0273) (83 0.0221) (43 -0.0214) (37 -0.0209) (17 0.0199) (47 0.0194) (72 -0.0173) (28 0.0163) (33 -0.0159) (122 0.015) (96 0.0146) (41 0.0145) (46 0.0145) (49 -0.0144) (14 0.014) (29 -0.0134) (53 0.0124) (95 0.0122) (50 -0.0121) (126 -0.0121) (45 0.0116) (42 0.0115) (67 0.0112) (44 -0.0107) (36 0.0106) (11 -0.0103) (68 0.0101) 
   0.0026495   (57 0.783) (59 -0.568) (18 -0.0823) (72 -0.0744) (58 -0.0718) (40 0.0688) (96 0.062) (83 0.0559) (21 0.0542) (67 0.048) (19 0.0474) (49 0.0464) (54 -0.0426) (69 0.041) (47 -0.0357) (50 0.0326) (51 -0.0303) (134 -0.0302) (126 -0.0301) (39 -0.0298) (71 0.0293) (13 -0.0292) (70 0.0285) (68 0.0283) (78 -0.0271) (53 -0.027) (43 0.0262) (22 -0.0252) (89 0.025) (77 0.025) (63 -0.0235) (73 0.0208) (46 -0.02) (52 -0.0197) (98 0.0191) (20 -0.0179) (106 0.0171) (87 -0.0168) (91 0.0167) (80 0.0163) (79 0.0159) (66 -0.0155) (44 0.0155) (97 -0.0154) (95 0.0148) (92 0.0141) (55 -0.014) (94 0.0136) (48 0.0135) (34 -0.0134) (76 -0.0129) (38 -0.0118) (25 0.0112) (60 -0.0111) (122 -0.0109) (64 0.0108) (127 -0.0107) 
   0.0027575   (134 -0.828) (55 -0.398) (56 0.323) (54 -0.088) (18 -0.0758) (38 0.0739) (48 -0.0707) (40 -0.0665) (133 -0.0592) (57 -0.0501) (21 0.0458) (19 0.0414) (72 0.0385) (53 -0.0368) (83 -0.0342) (47 -0.0258) (22 -0.024) (31 -0.0231) (44 -0.0225) (67 -0.0218) (20 -0.0215) (46 -0.021) (50 0.0199) (25 0.0188) (43 0.0185) (76 -0.0165) (68 -0.0163) (45 -0.0159) (69 -0.0156) (95 -0.0155) (51 0.015) (96 -0.0149) (71 -0.0135) (70 -0.0131) (73 -0.013) (41 -0.0127) (24 -0.0116) (14 0.0114) (32 -0.0111) (23 -0.0108) (89 -0.0108) (80 -0.0106) 
   0.0028249   (55 0.593) (134 -0.554) (56 -0.481) (54 0.134) (18 0.117) (38 -0.109) (48 0.104) (40 0.094) (21 -0.0713) (19 -0.0642) (53 0.0564) (72 -0.0541) (83 0.051) (126 -0.0469) (59 0.0421) (47 0.0406) (22 0.0371) (133 -0.0357) (31 0.0336) (20 0.0329) (46 0.0325) (44 0.0324) (50 -0.0316) (67 0.0301) (43 -0.0293) (57 0.0291) (96 0.0285) (25 -0.0285) (95 0.026) (76 0.0254) (45 0.024) (68 0.0229) (122 0.0217) (69 0.0213) (51 -0.0205) (41 0.0192) (71 0.0188) (73 0.0186) (70 0.0181) (98 0.0177) (24 0.0177) (89 0.0174) (14 -0.0172) (32 0.0171) (23 0.0164) (80 0.0155) (49 -0.0144) (91 0.0135) (124 -0.0133) (37 -0.0133) (13 0.0124) (33 0.0114) (16 -0.0109) (42 -0.0105) 
   0.0034079   (41 0.822) (68 0.33) (38 0.237) (40 0.216) (39 -0.154) (67 0.14) (83 0.126) (45 0.0988) (57 -0.0736) (42 0.0733) (70 0.0669) (44 0.0655) (69 -0.0606) (59 -0.0461) (85 -0.0447) (47 0.0414) (89 -0.039) (37 0.0389) (55 -0.0368) (48 0.0334) (130 0.0321) (95 -0.0295) (96 -0.0286) (53 -0.0281) (50 -0.0277) (32 -0.0245) (54 0.0184) (73 -0.0164) (71 -0.0159) (36 -0.0143) (22 -0.0141) (66 0.0139) (56 0.0137) (31 -0.0133) (92 -0.0127) (29 0.0122) (26 0.0119) (14 0.0114) (18 -0.0111) (21 -0.0108) (124 -0.0102) 
    0.003674   (83 0.819) (130 0.311) (68 -0.302) (85 -0.172) (89 -0.157) (95 -0.127) (96 -0.122) (67 -0.107) (69 0.0831) (91 -0.0743) (59 0.0643) (80 0.0609) (92 -0.0504) (72 -0.0491) (38 0.0373) (70 -0.0345) (90 0.0339) (112 -0.033) (97 0.0325) (98 -0.0299) (106 0.029) (113 0.0281) (76 0.0278) (73 0.0276) (87 0.0256) (81 -0.0226) (110 -0.0204) (54 -0.0204) (102 -0.02) (101 -0.02) (40 -0.0196) (103 0.0193) (124 -0.0189) (105 0.0189) (56 0.0187) (45 -0.0178) (100 0.0174) (88 0.0171) (57 0.0163) (71 0.0163) (41 -0.0155) (116 -0.0154) (86 0.0152) (55 -0.0148) (111 0.0145) (66 -0.0145) (99 0.0136) (107 0.0125) (84 0.012) (120 -0.0116) (32 -0.0115) (37 0.0108) (82 -0.0108) (117 0.0105) (77 0.0103) (79 0.0103) (31 -0.0102) (51 -0.0102) 
   0.0037164   (68 -0.553) (130 0.544) (83 -0.385) (41 0.269) (67 -0.258) (70 -0.137) (40 0.127) (89 0.106) (85 0.0987) (48 0.0902) (96 0.0835) (69 0.077) (38 0.0695) (95 0.0694) (39 -0.0665) (44 0.057) (57 0.0557) (71 0.037) (59 0.0347) (92 0.0341) (73 0.032) (106 -0.0305) (91 0.0294) (66 -0.0241) (87 -0.0218) (131 -0.0217) (74 0.0209) (42 0.0205) (18 -0.0203) (51 -0.0184) (37 0.0177) (101 0.0172) (47 -0.016) (32 -0.0145) (79 -0.0145) (110 0.0138) (97 -0.0134) (45 0.0129) (55 0.0128) (127 -0.0125) (13 -0.012) (105 -0.0109) (94 0.0109) (75 -0.0102) 
    0.003926   (130 0.778) (68 0.494) (67 0.217) (41 -0.216) (70 0.106) (40 -0.0895) (69 -0.0852) (38 -0.0744) (83 -0.0662) (48 -0.0625) (39 0.055) (59 -0.0489) (57 -0.0423) (44 -0.0408) (73 -0.0328) (71 -0.0316) (131 -0.0316) (66 0.0221) (80 -0.022) (72 0.0216) (37 -0.0186) (51 0.017) (32 0.016) (18 0.0157) (74 -0.0156) (42 -0.0133) (88 -0.0132) (96 -0.013) (47 0.0124) (89 -0.0123) (76 -0.0117) (106 0.0116) (52 -0.0109) 
   0.0039401   (98 -0.409) (99 -0.325) (100 0.314) (112 0.294) (108 0.28) (106 0.276) (107 -0.262) (102 -0.227) (124 -0.207) (103 -0.191) (125 0.186) (113 0.155) (95 0.13) (115 -0.115) (110 0.113) (123 0.112) (111 -0.0979) (149 -0.0948) (101 -0.0913) (121 0.0731) (92 -0.0691) (89 0.0609) (105 0.0573) (76 -0.0515) (48 0.0496) (97 0.0483) (104 0.0475) (142 -0.0458) (96 0.0426) (126 0.042) (109 0.0399) (118 -0.0335) (116 -0.0332) (67 0.028) (90 -0.0271) (80 0.0267) (87 0.0242) (91 0.024) (114 0.0238) (51 -0.0231) (69 0.023) (78 0.0221) (83 0.0201) (81 -0.0198) (122 -0.0192) (141 0.019) (119 0.0176) (73 0.0173) (82 -0.0169) (75 0.0167) (120 -0.0161) (74 -0.0147) (117 0.0127) (52 0.0116) (86 0.0114) (94 -0.0112) (77 0.0104) (44 0.0104) 
    0.004048   (142 -0.876) (149 0.411) (141 0.248) (124 -0.0174) (125 0.0152) (98 0.0123) 
   0.0040933   (48 0.807) (51 -0.31) (44 0.193) (52 0.154) (49 0.151) (55 -0.131) (67 0.127) (53 -0.122) (47 -0.111) (40 0.105) (41 -0.1) (38 -0.0981) (76 -0.0967) (50 -0.0873) (69 0.0843) (57 -0.0802) (56 0.0753) (68 0.0599) (125 -0.0566) (124 0.0483) (73 0.0434) (106 -0.0425) (83 0.0419) (108 -0.0411) (80 0.0389) (72 -0.0386) (54 0.0374) (75 0.0356) (22 0.0337) (46 -0.0332) (74 -0.0331) (121 -0.0307) (45 -0.0299) (89 0.0299) (123 -0.0294) (78 0.0275) (19 0.0266) (112 -0.0256) (100 -0.0246) (65 -0.0237) (13 -0.0232) (77 0.023) (18 -0.0225) (81 -0.0224) (126 -0.0215) (102 0.0214) (31 0.0192) (43 0.019) (21 0.0183) (111 0.0174) (95 0.0169) (149 0.0167) (85 0.0163) (122 0.016) (66 0.0158) (103 0.0152) (82 -0.0137) (42 -0.0126) (105 -0.0124) (71 -0.0111) (61 -0.0107) 
   0.0041724   (69 0.412) (67 0.366) (81 -0.362) (44 0.303) (79 0.28) (82 -0.272) (74 -0.218) (48 -0.207) (91 -0.207) (77 -0.162) (70 -0.148) (75 0.136) (71 -0.128) (111 0.0961) (92 -0.086) (40 0.0833) (78 0.0832) (72 -0.0795) (101 -0.0773) (85 0.0763) (68 -0.0714) (80 0.0689) (65 -0.0666) (107 0.0644) (98 0.0609) (105 -0.0607) (43 0.0506) (66 0.0503) (83 -0.0488) (87 0.0451) (73 0.0418) (84 0.0413) (47 0.0363) (86 0.0347) (38 -0.0335) (57 -0.0327) (54 -0.0317) (156 0.0307) (49 -0.0276) (89 0.0272) (45 0.0262) (96 0.0259) (51 0.0255) (125 0.0248) (99 0.0242) (41 -0.0237) (100 0.0232) (50 0.0228) (121 0.0224) (64 -0.0224) (112 0.0215) (61 -0.0208) (116 -0.0207) (39 -0.0204) (59 0.0174) (113 -0.0172) (123 0.0156) (56 0.0134) (46 -0.013) (60 -0.0129) (108 -0.0117) (88 -0.0111) (149 -0.0102) (58 0.01) 
   0.0043403   (156 0.999) (44 -0.0341) (48 0.013) (149 -0.0106) (40 -0.0104) 
   0.0045867   (44 0.82) (40 0.256) (48 -0.21) (69 -0.186) (38 -0.173) (67 -0.164) (81 0.132) (41 -0.105) (43 0.0987) (79 -0.0984) (82 0.0876) (74 0.0866) (70 0.0849) (77 0.0661) (71 0.0638) (111 -0.0586) (80 -0.0572) (85 -0.0544) (47 0.0536) (68 0.0513) (75 -0.05) (83 0.0456) (107 -0.0449) (56 0.0429) (46 -0.0417) (105 0.0377) (101 0.0364) (96 0.035) (49 -0.0347) (45 0.0345) (95 0.0342) (65 0.0341) (31 0.0329) (55 -0.0301) (156 0.03) (66 -0.0276) (13 -0.0267) (42 0.0261) (57 -0.0259) (91 0.0255) (39 -0.024) (21 0.0236) (19 0.0235) (18 -0.0215) (125 -0.0201) (104 -0.0194) (92 0.0191) (59 0.0166) (99 -0.015) (121 -0.0148) (15 -0.0146) (94 0.0141) (32 0.014) (37 -0.0133) (90 0.0133) (84 -0.0131) (87 -0.013) (103 -0.0128) (116 0.0119) (64 0.0119) (78 0.0117) (89 -0.0117) (123 -0.0113) (22 0.0113) (124 0.011) (100 -0.0106) (61 0.01) 
   0.0048173   (20 -0.62) (19 -0.534) (21 0.443) (135 0.334) (18 0.0954) (22 0.0919) (8 -0.048) (26 -0.0248) (23 0.0198) (13 0.0186) (28 0.0142) (25 -0.0137) (27 0.0122) 
   0.0048833   (135 0.943) (20 0.22) (19 0.189) (21 -0.157) (18 -0.0338) (22 -0.0326) (8 0.0142) 
   0.0050233   (8 0.999) (20 -0.0331) (19 -0.0294) (21 0.0222) 
   0.0053236   (4 1) 
   0.0054242   (23 -0.82) (25 -0.369) (21 -0.269) (18 -0.172) (26 -0.149) (20 -0.148) (19 -0.102) (27 0.0979) (14 0.093) (32 0.0626) (22 -0.0456) (11 -0.0453) (38 -0.0416) (28 -0.0318) (143 0.0302) (31 0.0301) (24 -0.0262) (33 0.0239) (45 0.0186) (37 -0.0184) (39 0.0166) (16 0.0161) (17 -0.0151) (13 -0.014) (76 0.0125) 
   0.0057452   (143 0.999) (23 0.0248) (25 0.0112) 
   0.0059073   (10 -0.939) (28 0.312) (27 -0.128) (26 0.0547) (23 -0.0197) (31 0.0156) (32 0.015) (21 -0.015) (30 -0.0117) (38 -0.0111) (29 0.011) 
   0.0060781   (137 0.96) (28 0.237) (10 0.0997) (27 -0.0972) (26 0.0412) (23 -0.0167) (21 -0.0122) (18 -0.0107) (31 0.0101) 
   0.0063679   (28 -0.816) (27 0.335) (10 -0.329) (137 0.28) (26 -0.142) (23 0.0575) (21 0.0422) (18 0.0368) (31 -0.0349) (30 0.0344) (32 -0.0342) (14 -0.0252) (29 -0.0249) (38 0.023) (20 0.0172) (34 0.0155) (11 0.0147) (19 0.0132) (25 0.0129) (24 -0.0102) 
   0.0064656   (13 0.898) (40 -0.258) (44 0.167) (14 0.16) (38 0.145) (39 0.11) (18 -0.0869) (15 0.0629) (19 0.0618) (12 0.0596) (48 0.0576) (21 0.0477) (16 0.0434) (55 0.0414) (57 0.0367) (56 -0.0357) (42 0.0357) (45 0.0296) (41 0.0294) (83 -0.0253) (96 -0.0241) (46 0.024) (59 -0.022) (31 -0.0208) (89 -0.0184) (72 0.0177) (80 -0.0147) (22 0.0142) (95 -0.0142) (43 -0.0128) (73 -0.0126) (47 -0.0122) (65 0.012) (26 -0.0112) (70 -0.011) (60 -0.0105) 
   0.0068179   (140 -0.997) (40 -0.0542) (13 -0.0341) (38 0.0301) (44 0.0273) (39 0.0189) 
   0.0080279   (40 0.681) (38 -0.378) (13 0.354) (44 -0.346) (39 -0.238) (48 -0.101) (42 -0.0842) (41 -0.0827) (140 -0.0814) (18 -0.0795) (31 0.0778) (55 -0.0729) (45 -0.0669) (19 0.0668) (21 0.0657) (56 0.0646) (57 -0.0588) (14 0.0548) (46 -0.0541) (59 0.0402) (83 0.0383) (96 0.0351) (43 0.0346) (15 0.0327) (72 -0.0312) (60 0.0263) (65 -0.0256) (37 -0.0223) (16 0.0215) (78 -0.0204) (95 0.0204) (73 0.0199) (89 0.0197) (47 0.0181) (79 -0.0169) (33 0.0169) (71 -0.0151) (75 0.0149) (70 0.0141) (12 0.0139) (98 0.0139) (68 0.0138) (52 0.0137) (61 0.0135) (25 -0.0127) (81 -0.0124) (80 0.0121) (84 0.0117) (50 0.0114) (62 -0.0112) (29 0.0108) (27 0.0103) 
   0.0084443   (12 0.951) (31 -0.244) (33 -0.148) (32 0.0801) (13 -0.0581) (39 -0.0316) (38 -0.0275) (63 0.023) (29 -0.0224) (40 0.0201) (138 -0.0196) (26 -0.0158) (22 0.0105) (23 -0.0105) (28 0.0104) 
   0.0090833   (138 -0.968) (31 -0.189) (33 -0.108) (12 -0.0926) (32 0.0593) (39 -0.027) (38 -0.0168) (26 -0.0158) (29 -0.0146) (18 0.0119) (13 0.0103) 

 Largest eigenvalues
      20.447   (163 0.976) 
      20.314   (76 0.755) (95 -0.347) 
      7.5009   (76 -0.393) (95 -0.686) (96 0.411) 
      3.1847   (95 0.42) (96 0.676) 
      1.2286   (124 0.433) (125 -0.586) 
      1.2202   (142 0.374) (149 0.896) 
      1.1819   (164 0.997) 
      1.1744   (165 0.994) 
      1.1506   (91 -0.319) (92 0.776) (102 0.371) 
      1.1142   (92 0.328) (102 -0.419) (109 -0.767) 
      1.1113   (102 -0.608) (109 0.491) (114 0.312) (116 0.321) 
     0.99364   (102 -0.362) (114 -0.345) (116 -0.523) (117 -0.437) 
     0.97691   (99 0.606) (100 0.591) (101 0.352) 
     0.94242   (105 0.575) (107 0.507) 
     0.92422   (113 0.458) (114 0.558) 
     0.74663   (114 -0.48) (117 0.566) (120 -0.29) 
     0.68013   (108 0.422) (110 0.622) (112 -0.395) 
     0.66323   (107 -0.324) (108 -0.489) (112 -0.503) 
     0.66271   (115 0.55) (123 0.416) (125 -0.435) 
     0.60423   (115 -0.739) (123 0.305) 
      0.5879   (108 0.576) (110 -0.488) (112 -0.333) (113 -0.312) 
     0.58771   (106 0.743) (108 -0.336) 
     0.58566   (122 0.386) (126 0.373) (127 -0.327) (128 0.59) 
     0.55233   (126 -0.812) (128 0.398) 
     0.54366   (120 -0.29) (122 -0.738) (126 0.371) 
     0.53711   (117 0.308) (118 -0.53) (120 0.658) 
     0.53477   (121 -0.519) (123 0.529) (127 0.485) 
     0.42602   (118 -0.353) (120 -0.402) (121 0.484) (127 0.297) (133 0.317) 
     0.42092   (118 0.619) (119 0.297) (133 0.337) 
     0.40247   (90 0.94) 
     0.39966   (121 -0.391) (127 -0.468) (133 0.452) 
      0.3207   (96 0.207) (97 0.917) 
     0.31318   (104 -0.583) (105 -0.386) (107 0.446) 
     0.26348   (103 0.814) (105 0.245) 
     0.25161   (101 -0.477) (113 0.316) (124 0.35) 
      0.2399   (80 -0.277) (85 0.671) (101 0.21) (103 -0.215) (124 0.246) 
     0.23029   (78 -0.286) (80 0.43) (85 -0.301) (100 -0.315) (101 0.495) 
     0.21461   (78 0.359) (80 -0.569) (85 -0.51) 
     0.16534   (101 -0.265) (105 -0.207) (111 0.631) (112 0.235) 
     0.14491   (89 0.576) (91 0.431) (96 -0.324) 
     0.13453   (89 -0.444) (94 0.507) (104 -0.347) 
     0.12583   (87 -0.354) (91 -0.589) (92 -0.29) 
     0.12001   (87 0.653) (88 0.426) (89 0.305) (94 -0.366) 
     0.11198   (86 -0.639) (89 -0.302) (91 0.356) (94 -0.365) 
     0.10977   (67 0.339) (69 0.328) (81 0.333) (82 0.53) 
      0.1003   (67 -0.345) (79 0.29) (86 0.289) 
    0.095393   (61 -0.317) (65 -0.4) (74 0.275) (86 0.253) 
    0.094439   (58 -0.569) (61 0.374) 
    0.091596   (58 0.634) (65 0.367) 
    0.089062   (58 -0.366) (61 -0.304) (94 0.296) 
    0.087081   (60 0.331) (61 0.473) (65 -0.284) 
    0.081983   (60 -0.277) (61 -0.298) (64 0.425) (65 0.409) (79 0.256) (82 0.269) 
    0.077884   (64 -0.71) (65 0.238) (69 0.233) (74 0.21) (82 0.214) 
     0.07322   (60 0.419) (61 -0.258) (62 -0.311) (64 0.314) (65 -0.374) (67 -0.277) (69 0.258) 
    0.067748   (60 -0.565) (61 0.409) 
    0.066191   (60 0.251) (69 -0.234) (74 -0.225) (79 -0.238) (111 0.225) (116 0.347) (117 -0.235) 
    0.063666   (66 -0.292) (71 0.296) (77 -0.357) (81 0.287) 
    0.058333   (62 0.507) (63 0.287) (66 0.367) 
     0.05608   (62 -0.534) (71 -0.351) (84 0.289) 
    0.055194   (62 0.349) (66 -0.615) (74 -0.292) 
    0.053121   (63 0.314) (66 0.299) (71 0.397) (81 -0.308) 
    0.052715   (62 0.244) (63 -0.569) (71 -0.204) (74 0.284) (77 -0.263) (81 -0.211) (98 -0.221) 
    0.049962   (63 0.593) (66 -0.314) (71 -0.309) 
    0.046074   (74 -0.255) (81 0.301) (82 -0.279) (84 -0.406) (119 -0.31) 
    0.041172   (31 -0.46) (33 0.77) (39 0.321) 
    0.040971   (33 -0.393) (39 0.752) (40 0.336) 
    0.039623   (75 0.407) (84 0.26) (119 -0.435) 
    0.038903   (50 -0.291) (51 -0.296) (52 -0.433) (53 0.256) (54 -0.264) (75 -0.323) (119 -0.28) 
    0.034506   (50 0.288) (52 0.386) (75 -0.498) 
    0.033611   (30 -0.782) (36 0.485) 
    0.030389   (30 0.564) (35 0.305) (36 0.566) 
    0.030171   (35 -0.439) (36 -0.36) (88 -0.425) 
    0.029446   (35 0.792) (36 -0.337) 
    0.026847   (36 0.31) (45 -0.356) (56 -0.343) 
      0.0261   (131 -0.88) 
    0.024454   (129 -0.578) (158 0.806) 
    0.021855   (129 -0.577) (158 -0.292) (162 -0.762) 
    0.021054   (129 -0.577) (158 -0.514) (162 0.634) 
    0.020205   (22 0.956) 
    0.018042   (141 0.954) (142 0.289) 
