 1 31.6228
 2 22.9818
 3 1.17191
 4 31.6228
 5 23.0893
 6 3.22859
 7 31.6219
 8 1.4342
 9 31.0677
 10 30.0542
 11 1.05551
 12 26.9068
 13 31.6228
 14 31.6113
 15 0.902431
 16 31.6228
 17 31.6024
 18 0.919272
 19 31.6228
 20 30.8105
 21 1.75691
 22 31.6228
 23 31.4696
 24 1.07382
 25 15.155
 26 15.4431
 27 1.66019
 28 31.4936
 29 14.1813
 30 8.27472
 31 22.5217
 32 4.71857
 33 24.4176
 34 14.5819
 35 9.1553
 36 13.1528
 37 31.4375
 38 31.5717
 39 1.36867
 40 24.1476
 41 31.1547
 42 1.29525
 43 21.4307
 44 29.0288
 45 1.83417
 46 31.574
 47 21.0401
 48 12.3337
 49 30.9469
 50 12.8411
 51 13.0309
 52 10.5038
 53 30.9776
 54 16.3478
 55 7.0235
 56 13.3957
 57 30.3935
 58 8.30338
 59 8.17828
 60 10.4858
 61 4.86635
 62 1.32799
 63 13.8786
 64 18.7154
 65 0.973014
 66 19.0674
 67 29.7713
 68 3.37241
 69 31.6166
 70 31.6228
 71 31.4107
 72 1.52159
 73 31.6175
 74 1.58558
 75 31.3877
 76 31.4324
 77 1.44712
 78 27.8563
 79 31.6067
 80 2.2738
 81 30.7147
 82 31.4801
 83 17.4886
 84 1.36782
 85 10.8897
 86 1.40993
 87 30.8555
 88 1.09355
 89 1.04016
 90 1.22092
 91 2.45625
 92 18.755
 93 27.2964
 94 23.9745
 95 29.1454
 96 30.2736
 97 17.755
 98 16.0924
 99 9.49738
 100 29.389
 101 30.8776
 102 10.0645
 103 11.9123
 104 11.4632
 105 11.3872
 106 12.523
 107 12.631
 108 12.762
 109 10.6241
 110 8.43539
 111 13.2367
 112 14.0107
 113 13.4059
 114 12.6614
 115 13.0088
 116 11.0151
 117 12.6357
 118 13.5534
 119 11.8852
 120 8.87054
 121 10.8312
 122 6.82228
 123 7.65775
 124 5.69521
 125 5.2046
 126 6.80195
 127 4.58936
 128 9.2848
 129 7.31388
 130 7.37883
 131 4.05144
 132 4.44479
 133 4.67601
 134 5.92794
 135 2.69239
 136 6.84446
 137 2.95573
 138 2.84476
 139 2.83033
 140 3.11235
 141 3.07061
 142 2.65638
 143 2.80176
 144 3.71458
 145 3.71994
 146 3.34674
 147 2.93229
 148 4.91246
 149 3.92974
 150 3.29133
 151 3.47188
 152 4.71559
 153 4.56943
 154 3.64668
 155 4.34472
 156 4.77103
 157 6.7482
 158 0.152467
 159 0.187405
 160 0.271079
 161 1.41415
 162 4.50395
 163 11.7538
 164 15.4403
 165 0.876193
