 1 1000
 2 540.278
 3 5.88056
 4 1000
 5 584.918
 6 57.784
 7 999.958
 8 15.5036
 9 980.153
 10 912.031
 11 3.93997
 12 737.895
 13 1000
 14 999.41
 15 0.814574
 16 1000
 17 999.101
 18 1.04878
 19 1000
 20 972.226
 21 25.3159
 22 1000
 23 994.6
 24 4.98973
 25 241.167
 26 266.96
 27 12.6168
 28 993.345
 29 299.346
 30 163.502
 31 528.768
 32 109.83
 33 698.972
 34 217.972
 35 181.42
 36 272.009
 37 989.527
 38 998.19
 39 3.26813
 40 595.961
 41 974.297
 42 1.76921
 43 483.348
 44 873.619
 45 15.5605
 46 998.22
 47 646.279
 48 355.909
 49 965.573
 50 176.313
 51 256.468
 52 200.867
 53 968.247
 54 271.803
 55 112.987
 56 247.976
 57 943.895
 58 78.1262
 59 116.547
 60 166.451
 61 29.3899
 62 1.79884
 63 201.234
 64 406.241
 65 1.77555
 66 413.334
 67 938.562
 68 63.5871
 69 999.784
 70 1000
 71 992.312
 72 7.41711
 73 999.757
 74 9.1384
 75 992.048
 76 989.069
 77 4.91832
 78 783.499
 79 999.301
 80 29.3185
 81 968.861
 82 993.177
 83 326.92
 84 2.5593
 85 134.044
 86 2.65519
 87 967.748
 88 1.70369
 89 1.63456
 90 1.86819
 91 8.95693
 92 449.931
 93 826.83
 94 676.594
 95 894.013
 96 943.096
 97 371.931
 98 322.911
 99 142.33
 100 907.993
 101 970.035
 102 124.313
 103 160.099
 104 149.912
 105 145.086
 106 168.124
 107 173.22
 108 177.8
 109 133.496
 110 98.818
 111 192.897
 112 205.559
 113 190.434
 114 174.588
 115 189.98
 116 149.144
 117 182.217
 118 202.381
 119 159.704
 120 93.2534
 121 127.51
 122 49.6915
 123 61.021
 124 38.9232
 125 30.2267
 126 50.4831
 127 27.4024
 128 98.0577
 129 67.3905
 130 63.4932
 131 19.7595
 132 20.7653
 133 23.1872
 134 36.3687
 135 8.79903
 136 47.8435
 137 10.0579
 138 9.13112
 139 8.98762
 140 10.5461
 141 11.1026
 142 8.5601
 143 9.12288
 144 14.8381
 145 14.7242
 146 12.3072
 147 9.93178
 148 25.0483
 149 16.6117
 150 12.1197
 151 13.4733
 152 23.2278
 153 21.9087
 154 14.2509
 155 19.6535
 156 23.7922
 157 46.6405
 158 0.159468
 159 0.061282
 160 0.165131
 161 3.70094
 162 24.3841
 163 165.262
 164 255.199
 165 6.01901
