 1 59361.3
 2 574.004
 3 6.19604
 4 243816
 5 611.054
 6 60.3303
 7 630686
 8 77.9457
 9 5168.36
 10 2731.22
 11 6.6025
 12 1366.46
 13 826369
 14 8377.07
 15 0.816094
 16 629136
 17 5027.63
 18 1.92052
 19 146805
 20 2697.58
 21 68.4767
 22 257266
 23 3925.46
 24 17.0563
 25 258.159
 26 312.763
 27 14.7462
 28 3435.78
 29 343.492
 30 186.384
 31 530.762
 32 113.618
 33 724.635
 34 224.882
 35 191.438
 36 288.335
 37 1537.18
 38 3075.66
 39 6.73871
 40 942.162
 41 4845.88
 42 2.0776
 43 645.041
 44 1477.17
 45 25.6813
 46 9910.58
 47 1805.21
 48 862.024
 49 1987.78
 50 179.155
 51 289.592
 52 230.726
 53 2957.22
 54 296.032
 55 137.555
 56 307.918
 57 1240.04
 58 79.8542
 59 126.448
 60 182.558
 61 29.4219
 62 1.7991
 63 202.071
 64 411.629
 65 1.78041
 66 415.579
 67 3329.75
 68 228.227
 69 102652
 70 323605
 71 3137.65
 72 19.5294
 73 22002
 74 81.2076
 75 10105.2
 76 10647.2
 77 7.18945
 78 1266.2
 79 11356.3
 80 75.6081
 81 2278.13
 82 2176.4
 83 353.216
 84 2.6885
 85 169.273
 86 2.9906
 87 2014.28
 88 1.70378
 89 1.63457
 90 1.86833
 91 9.76059
 92 530.993
 93 1684.22
 94 1319.78
 95 2194.33
 96 2316.18
 97 393.437
 98 338.449
 99 144.24
 100 1104.34
 101 1621.86
 102 128.131
 103 163.415
 104 151.851
 105 146.055
 106 168.93
 107 174.078
 108 178.686
 109 134.484
 110 100.713
 111 193.818
 112 206.627
 113 191.222
 114 175.033
 115 190.519
 116 149.976
 117 182.667
 118 202.831
 119 160.451
 120 94.8317
 121 128.178
 122 50.4415
 123 63.7961
 124 39.6514
 125 30.8558
 126 50.8683
 127 28.8954
 128 99.8273
 129 68.405
 130 64.565
 131 20.0634
 132 21.0234
 133 23.5229
 134 37.1161
 135 9.07057
 136 48.173
 137 10.2936
 138 9.39845
 139 9.24794
 140 10.8688
 141 11.7154
 142 8.90598
 143 9.43921
 144 15.1192
 145 15.0117
 146 12.6311
 147 10.2699
 148 25.3981
 149 17.0202
 150 12.4182
 151 13.791
 152 23.6501
 153 22.5597
 154 14.5964
 155 19.9193
 156 24.0396
 157 46.9223
 158 0.193317
 159 0.0633583
 160 0.177351
 161 3.86588
 162 25.6349
 163 192.005
 164 260.303
 165 6.43538
