 Smallest eigenvalues
  1.2101e-06   (9 1) 
  1.5769e-06   (47 0.596) (48 -0.512) (49 -0.435) (43 0.259) (41 -0.159) (39 0.12) (51 0.112) (154 -0.0951) (56 0.0925) (40 -0.0746) (53 -0.0734) (50 0.0724) (82 0.0688) (55 0.0677) (32 -0.0599) (60 0.0489) (58 -0.0479) (44 0.0426) (15 -0.0407) (52 0.0398) (69 0.0396) (14 -0.0376) (81 -0.0328) (22 0.0314) (54 0.0288) (20 -0.0271) (37 -0.027) (17 0.026) (28 0.026) (31 0.0255) (77 0.0252) (78 0.0247) (84 0.0246) (36 0.0229) (29 -0.0208) (76 -0.0193) (35 -0.0191) (61 0.0182) (72 0.0175) (25 0.0166) (79 -0.0165) (67 -0.0164) (26 -0.0159) (23 0.0156) (88 0.0154) (38 0.0135) (24 -0.0114) (75 0.0109) (46 -0.0106) (66 -0.0105) (85 -0.0104) 
  1.5895e-06   (154 -0.995) (47 -0.057) (48 0.049) (49 0.0416) (43 -0.0249) (41 0.0153) (39 -0.0115) (51 -0.0107) 
  3.0902e-06   (6 1) 
   3.887e-06   (46 -0.715) (43 0.473) (150 -0.297) (48 0.231) (47 -0.192) (41 -0.168) (39 0.0979) (40 -0.0918) (42 0.0789) (56 0.065) (49 -0.0624) (45 0.0622) (32 -0.0597) (82 0.0544) (55 0.036) (15 -0.0347) (14 -0.0325) (50 -0.0299) (69 0.0292) (28 0.0278) (53 -0.0269) (20 -0.0259) (22 0.0249) (37 -0.0247) (81 -0.0244) (60 0.0241) (54 0.0237) (31 0.0229) (58 -0.0219) (17 0.0218) (35 -0.0218) (36 0.02) (84 0.0184) (78 0.0171) (79 -0.0169) (51 -0.0157) (23 0.0128) (26 -0.0124) (24 -0.0122) (66 -0.0114) (44 -0.0113) (27 0.0107) (16 -0.0106) (88 0.0101) 
  4.1015e-06   (150 -0.955) (46 0.222) (43 -0.147) (48 -0.0718) (47 0.0597) (41 0.0524) (39 -0.0305) (40 0.0286) (42 -0.0246) (56 -0.0202) (49 0.0194) (45 -0.0194) (32 0.0186) (82 -0.0166) (55 -0.0112) (15 0.0108) (14 0.0102) 
  6.8117e-06   (2 0.997) (35 -0.0536) (32 -0.032) (36 -0.0317) (31 0.0114) (34 -0.0108) (28 0.0102) 
  9.7382e-06   (153 -0.993) (35 -0.0875) (32 -0.0529) (36 -0.0514) (31 0.0182) (34 -0.0161) (28 0.0155) (39 -0.0112) 
  1.6846e-05   (35 0.718) (32 0.434) (36 0.422) (31 -0.149) (34 0.132) (28 -0.127) (153 -0.121) (39 0.0918) (2 0.0732) (43 0.072) (30 -0.0615) (20 0.057) (40 -0.0513) (17 -0.0504) (15 0.0466) (22 -0.041) (26 0.0406) (82 -0.0379) (14 0.0375) (24 0.0324) (48 -0.0294) (27 -0.0275) (41 -0.0252) (23 -0.0244) (45 0.0202) (81 0.0183) (69 -0.0148) (46 -0.0145) (29 -0.0137) (16 0.0135) (49 0.0133) (74 -0.0127) (54 -0.0111) (51 0.0109) 
  3.5377e-05   (20 0.613) (22 0.449) (21 -0.366) (45 0.362) (46 0.229) (43 0.157) (41 -0.118) (26 -0.106) (47 -0.101) (17 -0.0744) (40 -0.0603) (19 0.0576) (25 -0.0575) (34 -0.0556) (44 0.0527) (23 -0.0526) (32 -0.0487) (48 0.0481) (39 0.0464) (24 -0.0357) (56 0.0353) (29 -0.0344) (72 0.0333) (55 0.0311) (15 0.029) (27 0.0264) (78 0.0249) (35 -0.0234) (51 -0.0216) (30 0.0211) (67 -0.0186) (82 0.0177) (42 -0.017) (50 -0.0165) (61 0.0162) (73 0.0162) (52 -0.0158) (62 0.0144) (81 -0.014) (31 -0.0133) (49 -0.0131) (36 0.0129) (53 -0.0117) (65 -0.0117) 
  8.3881e-05   (155 -0.998) (45 0.0394) (46 0.026) (20 -0.0244) (43 0.0168) (22 -0.0154) (21 0.0134) (47 -0.0116) (41 -0.0108) 
  8.9794e-05   (45 -0.618) (46 -0.409) (20 0.376) (43 -0.264) (22 0.237) (21 -0.206) (47 0.183) (41 0.169) (39 -0.154) (48 -0.102) (44 -0.0922) (155 -0.0639) (17 -0.0618) (82 -0.0494) (23 -0.0456) (55 -0.0437) (15 0.042) (40 0.0407) (72 -0.0394) (49 0.0363) (32 0.0337) (54 -0.0333) (56 -0.0333) (19 0.031) (53 0.029) (26 -0.0282) (81 0.0279) (78 -0.0273) (14 0.0268) (34 -0.026) (60 -0.0252) (52 0.0225) (51 0.0224) (67 0.0213) (28 -0.0208) (58 0.0203) (69 -0.019) (29 -0.0178) (37 0.0164) (62 -0.0153) (61 -0.015) (84 -0.0148) (25 -0.0148) (73 -0.0143) (75 -0.014) (65 0.014) (63 0.0138) (80 -0.0135) (18 0.0126) (88 -0.0118) (76 -0.0113) (24 -0.0101) 
  9.3166e-05   (1 -1) 
  0.00011435   (14 -0.948) (15 0.275) (16 0.0808) (17 -0.0687) (22 -0.0599) (20 0.0488) (32 0.0366) (12 0.0336) (23 -0.0284) (13 0.0282) (18 -0.0253) (24 0.0234) (43 -0.0233) (41 0.0229) (11 0.0196) (36 -0.0166) (40 0.0165) (25 -0.0159) (28 -0.0146) (31 -0.0132) (39 -0.0129) (56 0.0113) (29 0.0112) (21 0.0109) (26 0.0109) (45 0.0106) (37 0.0102) 
  0.00018472   (159 1) 
  0.00020429   (3 1) 
  0.00025156   (16 -0.818) (15 -0.475) (17 -0.207) (14 -0.171) (20 0.0912) (22 -0.0872) (18 -0.0639) (23 -0.0523) (32 0.0482) (24 0.0425) (25 -0.0327) (43 -0.0277) (21 0.0256) (31 -0.0215) (27 -0.0213) (39 -0.0163) (36 -0.0159) (29 0.0151) (158 0.0147) (40 0.0144) (12 0.0143) (28 -0.0142) (41 0.0137) (26 0.0118) (42 -0.011) (13 0.0105) 
   0.0002575   (158 1) (16 0.012) 
  0.00028312   (7 1) 
  0.00028581   (25 0.719) (27 0.446) (26 -0.443) (152 -0.156) (23 0.103) (31 -0.098) (28 -0.0937) (22 0.0845) (17 0.0634) (20 -0.0624) (47 -0.0606) (32 0.0576) (15 -0.0519) (14 -0.0483) (16 -0.036) (33 0.0333) (48 -0.0264) (24 -0.0245) (39 -0.0234) (41 0.0224) (29 0.0197) (45 -0.0187) (43 -0.0185) (40 0.0174) (82 0.0157) (49 -0.0154) (56 0.0132) (74 -0.0127) (50 0.012) (35 0.0114) 
  0.00028777   (152 -0.988) (25 -0.114) (27 -0.0705) (26 0.07) (23 -0.0162) (31 0.0155) (28 0.0148) (22 -0.0134) (17 -0.01) 
   0.0002967   (5 1) 
  0.00032462   (18 0.778) (17 0.566) (20 0.127) (22 -0.126) (15 -0.108) (16 -0.0892) (14 -0.0821) (156 -0.064) (25 -0.0615) (23 -0.0377) (21 -0.0366) (32 0.0336) (31 -0.0234) (43 -0.0222) (24 -0.0205) (47 -0.0183) (56 0.0152) (36 0.0151) (82 0.0151) (39 -0.0144) (19 -0.0139) (33 0.0119) (73 -0.0111) 
  0.00032719   (156 -0.998) (18 -0.0499) (17 -0.0363) 
  0.00034943   (75 0.541) (73 -0.392) (60 -0.388) (70 0.283) (58 0.227) (74 0.205) (56 -0.196) (55 0.195) (66 -0.19) (54 0.134) (45 -0.117) (50 0.103) (41 -0.101) (53 -0.0965) (82 -0.0772) (43 0.0769) (52 -0.0768) (72 0.0745) (46 0.064) (51 -0.0593) (49 0.0429) (71 0.0421) (67 0.042) (36 0.04) (59 -0.0365) (37 -0.036) (28 0.0327) (22 0.0299) (63 0.0298) (15 -0.0297) (38 0.0292) (81 0.0288) (32 -0.0253) (40 -0.0248) (20 -0.024) (14 -0.0234) (122 0.0232) (31 0.0221) (121 -0.022) (79 0.0217) (76 0.0193) (88 0.0191) (57 0.0168) (39 0.0168) (68 0.0164) (101 -0.0158) (69 -0.0158) (62 -0.0157) (91 -0.0156) (125 -0.015) (42 0.0149) (151 0.0148) (77 0.0144) (108 -0.0144) (47 -0.0141) (104 -0.0135) (97 -0.0135) (29 -0.0127) (89 -0.0124) (98 0.0123) (107 -0.0105) 
  0.00037351   (75 -0.496) (73 0.401) (60 -0.364) (58 0.282) (66 -0.249) (56 -0.21) (74 -0.2) (151 0.198) (70 0.145) (49 0.144) (45 -0.141) (43 0.128) (54 0.128) (55 0.124) (41 -0.12) (40 -0.0941) (52 -0.0922) (46 0.0791) (53 -0.0614) (67 0.0585) (36 0.056) (48 -0.055) (32 -0.054) (72 -0.0507) (39 0.0499) (15 -0.0498) (37 -0.0441) (28 0.044) (14 -0.0435) (22 0.0419) (51 -0.0399) (20 -0.0391) (42 0.0367) (119 -0.0338) (31 0.0327) (63 0.0289) (78 -0.0271) (38 0.0271) (69 -0.0262) (120 0.0242) (84 0.024) (29 -0.0238) (71 -0.0227) (44 0.0214) (17 0.021) (59 -0.0209) (124 0.0208) (126 -0.0196) (50 0.0189) (57 0.0185) (88 0.0153) (62 -0.0149) (130 0.0127) (137 0.0124) (97 -0.0115) (65 -0.0114) (89 -0.0113) (79 0.0109) (104 -0.0107) (76 -0.0105) (123 -0.0103) 
  0.00038945   (151 0.98) (75 0.092) (60 0.0795) (73 -0.0752) (58 -0.0606) (66 0.053) (56 0.0456) (74 0.0373) (70 -0.0333) (45 0.0307) (49 -0.03) (55 -0.0283) (54 -0.0281) (43 -0.0275) (41 0.0262) (52 0.02) (40 0.0197) (46 -0.0172) (53 0.0141) (67 -0.0124) (36 -0.0122) (32 0.0115) (48 0.0112) (15 0.0107) (39 -0.0105) 
  0.00045926   (21 -0.892) (20 -0.312) (22 -0.293) (52 0.0579) (18 -0.0512) (49 0.0498) (24 0.0489) (51 -0.0468) (19 0.045) (53 0.0318) (23 0.0252) (16 -0.0222) (54 -0.0219) (56 0.0197) (45 -0.0179) (48 -0.0176) (40 -0.0169) (17 0.0145) (14 -0.0137) (43 0.0136) (50 0.0129) (15 -0.012) (46 0.0118) 
  0.00047634   (148 -0.594) (52 0.41) (51 -0.355) (49 0.346) (53 0.237) (54 -0.169) (50 0.153) (43 0.151) (48 -0.129) (45 -0.125) (41 -0.116) (56 0.103) (40 -0.08) (21 0.0795) (46 0.0743) (60 0.0647) (22 0.0552) (32 -0.0489) (58 -0.0457) (39 0.0446) (36 0.0415) (42 0.039) (15 -0.0373) (28 0.0352) (47 0.0324) (14 -0.0315) (37 -0.0283) (31 0.0277) (44 0.0275) (73 -0.0272) (75 0.026) (82 0.0212) (69 0.019) (38 0.0169) (29 -0.0137) (17 0.0127) (119 -0.0124) (35 -0.0121) (84 0.0109) (120 0.0106) (81 -0.0105) (59 0.0103) 
  0.00047935   (148 -0.805) (52 -0.303) (51 0.262) (49 -0.256) (53 -0.175) (54 0.125) (50 -0.113) (43 -0.112) (48 0.095) (45 0.092) (41 0.0857) (56 -0.0763) (40 0.0591) (21 -0.055) (46 -0.0549) (60 -0.0477) (22 -0.0396) (32 0.0361) (58 0.0337) (39 -0.033) (36 -0.0307) (42 -0.0289) (15 0.0276) (28 -0.026) (47 -0.024) (14 0.0233) (37 0.0209) (31 -0.0205) (44 -0.0203) (73 0.02) (75 -0.0192) (82 -0.0156) (69 -0.014) (38 -0.0125) (29 0.0101) 
  0.00051061   (52 -0.54) (53 0.443) (40 0.4) (50 0.315) (41 -0.237) (51 0.233) (49 0.217) (43 0.176) (56 0.123) (55 -0.11) (39 -0.0914) (45 -0.0814) (54 -0.074) (48 -0.066) (60 0.0511) (42 0.0421) (46 0.038) (58 -0.0295) (44 0.0286) (69 0.0237) (38 0.0222) (149 -0.0209) (47 0.0193) (37 -0.019) (70 0.0168) (82 0.0164) (59 0.0135) (73 -0.0129) (21 -0.011) (81 -0.0104) (22 0.0102) 
  0.00052689   (149 -0.932) (40 -0.293) (52 -0.108) (41 0.0884) (53 0.0796) (50 0.0774) (39 0.0765) (43 -0.0451) (56 0.0289) (51 0.0275) (32 -0.0254) (55 -0.019) (28 0.0178) (36 0.0177) (31 0.0141) (82 0.0139) (42 -0.0136) (15 -0.0127) (73 -0.012) (60 0.0119) (22 0.0117) (20 -0.0114) 
  0.00054684   (40 0.732) (149 -0.361) (52 0.309) (53 -0.231) (50 -0.218) (41 -0.214) (39 -0.192) (43 0.106) (51 -0.0844) (56 -0.0816) (32 0.0653) (55 0.0553) (28 -0.0464) (36 -0.0461) (82 -0.0372) (31 -0.0366) (60 -0.0335) (15 0.0332) (42 0.0325) (73 0.032) (22 -0.0309) (45 0.0301) (20 0.0298) (49 -0.0288) (54 0.0283) (69 -0.0263) (75 -0.0262) (14 0.0246) (47 0.0219) (58 0.0185) (44 0.0183) (81 0.0176) (48 -0.0164) (35 0.0147) (26 0.0111) (37 0.0109) (18 0.0109) (46 -0.0108) (23 -0.0103) 
  0.00055488   (70 -0.902) (56 -0.169) (60 -0.15) (50 0.144) (55 0.13) (75 0.129) (72 -0.125) (58 0.122) (51 -0.0974) (69 -0.0735) (54 0.0715) (41 -0.0644) (45 -0.0599) (52 -0.0515) (49 -0.05) (147 -0.0357) (43 0.0354) (76 0.0309) (82 -0.0295) (46 0.0286) (66 0.028) (68 -0.0254) (77 0.0252) (67 -0.0252) (37 -0.023) (36 0.0227) (48 0.0226) (28 0.0217) (84 0.0217) (73 0.0216) (22 0.0203) (59 -0.0202) (38 0.0187) (47 -0.0183) (15 -0.0181) (123 -0.0176) (32 -0.0165) (88 0.016) (20 -0.0152) (124 0.0151) (78 -0.0146) (90 0.0144) (31 0.0144) (121 -0.0142) (126 -0.0133) (14 -0.0133) (71 0.013) (122 0.0112) (96 -0.0108) (101 -0.0101) 
  0.00056988   (147 -0.775) (49 0.348) (50 -0.325) (51 0.277) (53 -0.173) (48 -0.107) (43 0.0949) (40 -0.0851) (70 -0.0721) (45 -0.07) (58 -0.055) (41 -0.0505) (75 0.0498) (73 -0.0486) (46 0.0439) (39 0.0372) (54 -0.0365) (52 -0.0335) (60 0.0315) (32 -0.0309) (82 0.0292) (47 0.0291) (56 0.0276) (66 0.0271) (44 0.0259) (15 -0.0247) (28 0.0218) (36 0.0213) (20 -0.0199) (22 0.0195) (42 0.0182) (14 -0.0177) (74 0.0175) (55 -0.0168) (37 -0.0165) (31 0.0164) (119 -0.0124) (81 -0.0121) (67 -0.0116) (69 0.0107) (17 0.0105) 
  0.00058829   (147 -0.63) (49 -0.425) (50 0.391) (51 -0.335) (53 0.213) (70 0.14) (48 0.131) (43 -0.119) (40 0.105) (45 0.0898) (75 -0.0685) (41 0.0662) (58 0.0606) (73 0.0587) (46 -0.0558) (39 -0.0461) (52 0.0444) (54 0.0406) (32 0.0391) (66 -0.035) (47 -0.0347) (82 -0.0345) (44 -0.032) (15 0.0315) (60 -0.03) (28 -0.0282) (36 -0.0276) (20 0.0255) (22 -0.0253) (56 -0.024) (42 -0.023) (14 0.0226) (74 -0.0218) (37 0.0218) (31 -0.0211) (67 0.0157) (119 0.0151) (81 0.0147) (17 -0.013) (55 0.013) (29 0.0122) (35 0.0101) 
  0.00075458   (38 0.823) (37 -0.381) (22 0.242) (20 -0.164) (41 0.155) (24 0.142) (45 0.089) (36 0.0847) (15 -0.0776) (43 -0.0627) (40 0.0619) (23 -0.0495) (14 -0.048) (39 -0.0457) (46 -0.0435) (17 0.0417) (25 -0.0298) (42 -0.0278) (31 0.0247) (50 -0.0239) (28 0.0232) (21 -0.0211) (53 0.0206) (54 -0.0204) (55 -0.0184) (35 0.0175) (26 0.0168) (52 0.0163) (18 0.0157) (49 -0.0151) (32 -0.0146) (60 0.0134) (51 0.0123) (56 0.0106) 
  0.00078533   (22 0.616) (24 0.461) (20 -0.41) (38 -0.292) (37 0.159) (28 -0.15) (15 -0.139) (17 0.116) (32 0.114) (36 -0.11) (23 -0.109) (25 -0.0829) (31 -0.0824) (14 -0.0764) (26 0.0713) (29 0.0588) (18 0.0493) (144 0.0383) (21 -0.0334) (27 -0.0273) (30 -0.0241) (19 0.0227) (40 0.0224) (43 -0.0179) (49 -0.0125) (35 0.0117) (13 0.0111) 
   0.0010012   (144 0.999) (22 -0.0254) (24 -0.0187) (137 0.0183) (20 0.0169) (143 -0.0126) (142 0.0112) 
   0.0010462   (45 -0.479) (49 -0.417) (48 0.362) (46 0.347) (50 -0.232) (15 -0.226) (41 -0.218) (43 0.171) (53 0.159) (54 -0.155) (16 0.136) (51 0.136) (47 -0.134) (52 0.101) (55 -0.0971) (42 0.0816) (14 -0.0707) (40 -0.0674) (60 0.0609) (36 0.0578) (37 -0.0484) (38 0.0458) (39 0.038) (82 -0.0372) (28 0.0366) (56 0.0366) (32 -0.0281) (69 -0.0276) (31 0.026) (58 -0.0245) (17 -0.0214) (81 0.0187) (44 0.0175) (70 0.0165) (78 -0.0154) (29 -0.0143) (79 0.0134) (59 0.0121) (75 0.0108) (66 0.0101) 
   0.0011712   (15 -0.745) (16 0.538) (22 -0.152) (20 0.143) (45 0.142) (14 -0.131) (17 -0.115) (46 -0.096) (49 0.0911) (41 0.0861) (48 -0.0833) (43 -0.0655) (28 -0.061) (36 -0.0559) (32 0.0544) (50 0.0524) (40 0.0418) (31 -0.0379) (53 -0.0335) (47 0.0321) (54 0.0315) (51 -0.0277) (37 0.0275) (29 0.0271) (42 -0.027) (38 -0.025) (18 -0.0244) (39 -0.024) (52 -0.0203) (55 0.0191) (13 0.0166) (24 0.0156) (26 0.0112) (60 -0.0107) (12 0.0101) 
   0.0012623   (145 -1) (137 0.0235) 
   0.0013804   (53 -0.61) (54 -0.404) (36 0.343) (50 0.283) (55 -0.279) (52 -0.228) (51 -0.22) (32 -0.153) (28 0.0936) (31 0.0888) (45 -0.0785) (60 0.0767) (56 0.0658) (22 0.0562) (37 0.054) (40 0.053) (15 -0.0519) (46 0.0467) (20 -0.0462) (35 -0.0436) (29 -0.0378) (48 0.0371) (58 -0.0368) (14 -0.0346) (82 -0.0322) (69 -0.0319) (47 -0.0301) (39 -0.028) (38 -0.0279) (71 -0.0265) (30 0.0255) (136 -0.0219) (41 -0.0199) (73 0.0189) (59 0.015) (66 -0.0142) (34 -0.0141) (81 0.0124) (121 -0.0119) (79 0.011) (43 0.0109) (26 -0.0106) (120 0.01) 
   0.0014826   (36 0.714) (32 -0.318) (53 0.275) (37 0.183) (31 0.166) (41 0.157) (28 0.155) (54 0.152) (50 -0.148) (40 0.134) (38 -0.123) (45 0.12) (136 -0.114) (51 0.109) (52 0.108) (35 -0.108) (55 0.103) (43 -0.102) (22 0.0777) (39 -0.0771) (15 -0.0701) (20 -0.0681) (29 -0.0637) (46 -0.0571) (14 -0.048) (30 0.0475) (49 -0.0346) (34 -0.034) (42 -0.0322) (137 -0.0265) (60 -0.0246) (17 0.0231) (26 -0.0211) (56 -0.021) (25 0.0156) (82 0.0148) (47 0.0129) (73 -0.0124) (27 0.011) (23 0.0105) (44 -0.0103) 
   0.0015334   (136 -0.966) (137 -0.228) (36 -0.0919) (32 0.0409) (37 -0.0228) (31 -0.0216) (28 -0.0204) (53 -0.0194) (41 -0.0179) (40 -0.0169) (38 0.0151) (35 0.0137) (45 -0.0122) (43 0.0116) (50 0.0112) (22 -0.0105) 
   0.0016512   (13 0.95) (35 0.198) (32 -0.171) (36 -0.0975) (29 -0.0666) (12 -0.0601) (34 -0.0544) (31 0.0423) (133 0.0354) (33 0.0304) (28 0.0259) (14 0.02) (41 0.0163) (37 0.0159) (43 -0.0145) (40 0.0143) (39 -0.013) (71 0.0126) (30 0.0107) (18 0.0106) 
   0.0018023   (133 0.595) (35 0.492) (32 -0.441) (13 -0.26) (36 -0.239) (29 -0.154) (34 -0.136) (31 0.116) (28 0.077) (33 0.0736) (15 -0.0428) (14 -0.0397) (37 0.0392) (40 0.039) (20 -0.0381) (43 -0.0368) (22 0.036) (39 -0.0342) (41 0.0317) (17 0.0283) (23 0.0203) (44 -0.0193) (12 0.0191) (19 0.0175) (24 -0.0164) (38 -0.0152) (26 -0.0139) (25 0.0137) (27 0.0135) (51 0.0135) (48 0.0131) (45 0.0113) (52 0.0107) 
   0.0019746   (133 0.803) (35 -0.373) (32 0.334) (36 0.181) (13 0.15) (29 0.117) (34 0.103) (31 -0.088) (28 -0.0582) (33 -0.0558) (15 0.0316) (37 -0.0297) (40 -0.0295) (14 0.0285) (20 0.0283) (43 0.0279) (22 -0.0271) (39 0.0259) (41 -0.0241) (17 -0.0213) (23 -0.0153) (44 0.0145) (19 -0.013) (24 0.0124) (38 0.0116) (12 -0.0115) (26 0.0105) (25 -0.0103) (27 -0.0102) (51 -0.0101) 
   0.0021456   (29 -0.911) (30 -0.216) (51 0.147) (32 0.144) (35 -0.139) (50 0.127) (31 -0.11) (52 0.102) (34 0.092) (48 0.0545) (28 0.0415) (20 -0.0302) (53 -0.0283) (75 -0.0261) (72 0.0257) (37 0.0255) (36 -0.0246) (73 -0.0244) (129 -0.0221) (45 0.022) (41 0.0219) (60 -0.0194) (39 0.0186) (49 0.0155) (43 -0.0153) (54 -0.0151) (15 -0.0146) (42 0.0135) (55 0.0133) (21 0.0115) (23 -0.011) (22 0.0107) (56 0.0105) (76 -0.0102) 
   0.0023905   (73 -0.545) (72 0.487) (75 -0.434) (129 -0.256) (77 -0.228) (67 -0.169) (68 0.144) (74 -0.125) (82 -0.117) (70 -0.107) (66 0.0979) (71 0.0889) (69 0.0813) (56 -0.0761) (54 0.0638) (60 -0.0638) (51 -0.0516) (39 0.0505) (83 -0.0486) (78 -0.0485) (61 0.0459) (81 0.0378) (45 -0.0374) (29 0.0373) (79 -0.0364) (62 0.0343) (85 -0.0325) (106 0.0325) (58 -0.0324) (64 -0.0293) (86 0.0281) (52 -0.0263) (65 -0.0254) (55 -0.023) (41 -0.0218) (80 -0.0207) (32 -0.0202) (108 0.02) (63 0.0184) (53 -0.0181) (76 0.0179) (47 -0.0164) (40 0.0158) (49 -0.0151) (89 -0.0142) (50 0.0138) (59 -0.0137) (93 -0.0132) (48 -0.013) (121 0.0119) (100 -0.0118) (46 0.0117) (37 -0.0109) (43 0.0105) (36 0.0102) 
   0.0024688   (129 -0.628) (51 -0.465) (50 -0.39) (52 -0.33) (29 -0.162) (48 -0.124) (72 -0.119) (75 0.115) (53 0.103) (73 0.0968) (60 0.0929) (54 0.0644) (39 0.054) (55 -0.0507) (42 -0.0441) (56 -0.038) (30 -0.0359) (58 -0.0358) (49 -0.035) (68 -0.0343) (74 0.034) (77 0.0334) (45 -0.0314) (70 0.03) (63 -0.0285) (43 0.0257) (34 0.0236) (61 -0.0214) (131 0.0198) (84 -0.0197) (80 0.0189) (82 0.0182) (78 0.018) (31 -0.0151) (33 0.0148) (88 0.0148) (40 0.0148) (20 -0.0147) (90 -0.013) (119 0.0127) (123 0.0115) (47 0.0112) (120 -0.011) (28 0.0109) (79 0.0107) (15 -0.0103) (101 0.0102) (66 -0.0102) (44 0.0101) 
   0.0025366   (129 -0.732) (51 0.412) (50 0.325) (52 0.289) (29 0.153) (48 0.109) (73 0.107) (53 -0.0808) (54 -0.0772) (72 -0.0684) (39 -0.0648) (56 0.059) (60 -0.0565) (67 0.0548) (75 0.0534) (131 0.0513) (55 0.0511) (77 0.0506) (58 0.0419) (45 0.0396) (42 0.0363) (49 0.0348) (30 0.0347) (71 -0.0258) (66 -0.0257) (43 -0.0253) (82 0.0242) (34 -0.0232) (69 -0.0227) (68 -0.021) (130 -0.0207) (83 0.0205) (85 0.0191) (40 -0.0185) (63 0.0178) (84 0.0149) (74 0.0147) (76 -0.0143) (62 -0.0143) (20 0.0138) (31 0.013) (88 -0.0125) (28 -0.012) (70 0.0118) (15 0.0116) (33 -0.0109) (101 -0.0101) (119 -0.01) 
   0.0026389   (23 -0.704) (24 -0.615) (20 -0.198) (54 -0.154) (22 0.137) (28 -0.0856) (56 -0.0682) (58 -0.0662) (55 0.0625) (60 -0.0541) (15 -0.0439) (45 0.0428) (25 0.0411) (53 0.0386) (50 -0.0352) (31 -0.0331) (41 0.0324) (29 0.03) (21 -0.028) (36 -0.0265) (37 0.0257) (59 -0.0244) (26 0.0236) (30 -0.0229) (46 -0.0216) (43 -0.0207) (14 -0.0204) (38 -0.02) (32 0.0172) (12 0.0168) (82 0.0155) (51 0.0153) (69 0.0149) (119 0.014) (49 -0.0132) (33 -0.0128) (34 0.0113) (75 -0.0111) (17 0.0107) 
   0.0029645   (58 0.688) (60 0.627) (59 0.212) (69 0.141) (54 0.123) (55 0.119) (23 -0.0763) (53 -0.0665) (24 -0.0611) (45 -0.0489) (50 0.0404) (49 0.0401) (132 -0.0399) (73 -0.0383) (72 0.0321) (57 0.0312) (67 -0.0295) (82 -0.0285) (84 -0.0284) (106 -0.0274) (20 -0.0271) (56 -0.0263) (62 0.0262) (81 0.0259) (123 -0.025) (63 -0.0243) (124 0.0241) (68 0.0232) (108 -0.0227) (46 0.0225) (22 0.0215) (42 -0.0209) (51 0.0191) (36 0.0177) (78 0.0164) (110 -0.0148) (41 -0.0144) (61 -0.0131) (43 0.0128) (122 -0.0126) (104 -0.0119) (65 -0.0119) (64 -0.0116) (90 -0.0113) (70 0.0112) (35 0.0105) (48 0.0104) (37 -0.0101) 
   0.0032084   (132 -0.829) (54 0.401) (55 -0.264) (56 0.195) (23 -0.0748) (69 -0.0718) (53 -0.0691) (24 -0.0615) (50 0.0614) (58 -0.0528) (45 -0.0523) (52 0.0451) (41 -0.0396) (46 0.0351) (42 0.0333) (82 -0.033) (60 -0.0323) (49 0.0312) (51 -0.027) (22 0.0267) (131 0.0249) (20 -0.0245) (75 0.0185) (130 0.0156) (72 -0.0154) (47 -0.0154) (36 0.0141) (67 0.0137) (81 0.0135) (15 -0.0135) (119 -0.0133) (73 0.0131) (79 0.0124) (66 0.012) (68 -0.0119) (78 -0.0117) (70 -0.0112) 
   0.0035249   (54 -0.605) (132 -0.556) (55 0.383) (56 -0.287) (23 0.117) (53 0.108) (69 0.0972) (24 0.0962) (50 -0.0942) (45 0.0814) (52 -0.0666) (41 0.0598) (46 -0.0538) (82 0.0512) (49 -0.0494) (42 -0.0474) (22 -0.0413) (51 0.0386) (20 0.0385) (123 -0.0371) (119 0.0301) (75 -0.0281) (124 0.0279) (58 0.0271) (47 0.0235) (36 -0.0222) (81 -0.0218) (72 0.0208) (15 0.0207) (131 0.0199) (79 -0.0185) (67 -0.0182) (120 -0.0181) (66 -0.0173) (122 -0.0172) (73 -0.0169) (78 0.0164) (59 -0.0161) (68 0.0161) (70 0.0159) (38 -0.0145) (32 0.0145) (48 -0.0139) (106 -0.0135) (84 -0.0133) (40 0.0123) (14 0.0113) (39 -0.0109) (63 -0.0107) (77 -0.0107) (43 -0.0105) 
   0.0036426   (37 -0.847) (38 -0.441) (66 -0.216) (84 -0.082) (36 0.0643) (41 0.0607) (58 -0.0579) (43 -0.0554) (60 0.0541) (40 0.0458) (32 -0.0397) (45 0.0389) (39 -0.0354) (71 0.0347) (128 -0.0292) (29 -0.0271) (70 -0.0269) (86 -0.0265) (55 -0.0262) (68 0.0224) (63 -0.0223) (31 0.021) (22 0.0209) (73 -0.0201) (52 0.0197) (28 0.0173) (46 -0.0165) (51 0.0164) (87 0.0161) (82 0.0157) (49 -0.0152) (67 -0.0152) (15 -0.0145) (20 -0.0138) (42 -0.0133) (35 0.0119) (14 -0.0108) 
   0.0037073   (84 -0.848) (128 -0.329) (82 0.22) (86 -0.203) (87 0.148) (66 0.122) (106 0.0713) (90 0.0698) (60 -0.0582) (81 -0.0571) (92 -0.0564) (37 0.0486) (83 -0.0482) (108 0.0453) (38 0.0377) (88 0.0361) (93 -0.035) (78 0.0325) (50 0.0309) (120 0.0298) (69 0.0294) (41 -0.0292) (56 -0.0285) (79 -0.0283) (91 0.0269) (54 0.0266) (45 -0.0261) (42 0.0221) (109 -0.0215) (119 -0.0214) (58 0.0207) (125 -0.0206) (85 -0.0202) (117 -0.0191) (103 -0.0191) (111 -0.0186) (53 -0.0179) (94 -0.0175) (71 -0.0173) (126 -0.0166) (121 -0.0161) (114 0.016) (46 0.016) (96 -0.0156) (104 0.0148) (110 -0.0144) (43 0.0137) (115 -0.0126) (63 0.0125) (77 -0.0117) (122 0.0102) 
   0.0038316   (128 -0.71) (66 0.55) (84 0.296) (37 -0.144) (60 -0.114) (58 0.105) (71 -0.0944) (82 -0.0822) (70 0.0777) (86 0.074) (38 -0.0679) (55 0.0661) (68 -0.0614) (73 0.0573) (63 0.0528) (87 -0.0528) (67 0.0393) (90 -0.0327) (52 -0.03) (106 -0.0272) (51 -0.0247) (83 0.0238) (108 -0.0234) (92 0.0227) (76 -0.0223) (126 -0.0207) (91 -0.0199) (43 0.0192) (81 0.0191) (56 0.0188) (69 -0.0169) (61 0.016) (36 0.015) (65 0.0138) (74 0.0135) (32 -0.0128) (110 0.0125) (59 0.0123) (42 -0.012) (57 0.0112) (45 -0.0112) (53 -0.0112) (104 -0.0101) 
    0.003958   (66 -0.683) (128 -0.621) (37 0.179) (60 0.159) (58 -0.129) (84 0.117) (71 0.115) (70 -0.0889) (38 0.0782) (68 0.0732) (55 -0.0685) (63 -0.066) (73 -0.0617) (67 -0.047) (52 0.0301) (51 0.0274) (43 -0.0267) (82 -0.0258) (76 0.0255) (45 0.0253) (36 -0.0239) (86 0.0233) (50 -0.0223) (53 0.0223) (78 -0.0207) (61 -0.0191) (32 0.0188) (87 -0.018) (65 -0.0167) (41 0.0155) (74 -0.0154) (22 -0.0142) (15 0.0136) (57 -0.0134) (93 0.0128) (77 0.0127) (20 0.0124) (29 0.0124) (46 -0.0122) (28 -0.0116) (31 -0.0113) (88 -0.0108) (59 -0.0105) (14 0.0104) (120 -0.0103) (49 -0.0101) (54 -0.01) 
   0.0040072   (105 0.74) (113 0.325) (103 0.257) (107 0.217) (69 -0.203) (101 -0.171) (109 0.16) (115 0.142) (91 0.116) (108 0.111) (97 -0.105) (99 0.102) (71 0.095) (90 -0.0843) (120 0.0806) (116 -0.0791) (118 -0.0768) (112 -0.0706) (114 -0.0686) (98 -0.0671) (100 -0.0649) (104 0.0546) (146 -0.043) (55 0.0377) (82 0.036) (56 0.0349) (94 0.0334) (102 -0.0287) (81 -0.0267) (73 -0.0247) (110 -0.0239) (58 0.0238) (75 -0.021) (119 0.0198) (122 0.0193) (88 -0.0174) (54 -0.0167) (89 0.0158) (79 -0.0153) (92 0.0148) (143 0.0147) (68 -0.0136) (78 0.0125) (70 0.0108) (125 -0.0108) (60 0.0107) (86 -0.0105) 
   0.0041145   (143 0.989) (146 0.136) (137 0.0303) (142 -0.0297) (144 0.0122) (69 0.0114) 
    0.004354   (69 -0.775) (71 0.379) (56 0.257) (55 0.255) (105 -0.192) (73 -0.0954) (75 -0.0937) (82 0.0809) (58 0.0778) (107 -0.071) (103 -0.0642) (54 -0.0618) (108 -0.0603) (113 -0.0568) (81 -0.0528) (52 -0.0523) (101 0.0495) (60 0.0478) (68 -0.0474) (59 0.0437) (42 -0.0395) (106 -0.0393) (79 -0.0387) (70 0.0362) (115 -0.036) (92 -0.0305) (84 -0.0301) (61 0.0283) (78 0.0278) (146 0.0272) (77 -0.0271) (120 -0.026) (67 0.0256) (109 -0.0252) (90 -0.024) (50 -0.0233) (72 -0.0227) (118 0.0226) (99 -0.0225) (114 0.0212) (102 -0.0201) (97 0.0199) (51 -0.0198) (116 0.0185) (74 -0.0183) (41 0.0175) (53 -0.0171) (57 0.0149) (94 -0.0141) (66 0.014) (86 0.0137) (100 0.0133) (111 0.0115) (98 0.011) 
   0.0043636   (44 0.66) (71 0.39) (80 0.301) (79 -0.261) (42 -0.199) (83 0.18) (69 0.172) (72 -0.166) (93 -0.141) (86 0.113) (78 0.1) (76 0.0871) (99 0.0849) (56 -0.0771) (55 -0.0757) (77 0.0715) (87 -0.0711) (82 -0.0692) (66 0.0617) (112 0.0571) (108 0.0526) (45 -0.0502) (96 0.049) (46 -0.0459) (74 -0.0448) (84 -0.0423) (106 -0.0399) (81 -0.0399) (50 0.0372) (85 -0.0333) (41 0.0312) (52 0.0279) (73 -0.0278) (104 -0.027) (30 0.0268) (60 -0.0267) (70 0.0266) (75 -0.0245) (102 0.0232) (48 0.0226) (105 -0.0222) (113 0.0221) (89 0.0202) (68 0.02) (39 -0.0198) (157 -0.0197) (101 0.0179) (47 -0.0177) (98 -0.0175) (54 0.0171) (91 -0.0168) (58 -0.0168) (51 0.0166) (53 -0.0138) (19 -0.0133) (63 0.0132) (88 -0.0117) (100 -0.0116) (109 -0.0107) 
   0.0044081   (157 -0.999) (44 -0.0336) (42 0.0109) 
    0.004626   (44 0.645) (71 -0.489) (42 -0.217) (72 0.205) (69 -0.197) (80 -0.197) (79 0.196) (78 -0.193) (83 -0.108) (56 0.103) (86 -0.0946) (87 0.0911) (66 -0.0902) (108 -0.0854) (82 0.0682) (99 -0.0627) (41 0.0604) (76 -0.0581) (112 -0.0578) (46 -0.0557) (90 0.0535) (45 -0.0527) (55 0.0525) (74 0.0448) (91 0.0341) (70 -0.0323) (157 -0.0311) (68 -0.0297) (84 0.0284) (85 0.0263) (104 0.0262) (77 -0.0238) (39 -0.0237) (43 -0.0229) (113 -0.0226) (63 -0.0204) (58 0.0203) (48 0.0199) (105 0.0192) (75 0.0187) (53 0.0184) (109 0.0182) (73 0.0175) (67 -0.0165) (36 -0.0156) (106 0.0154) (93 -0.0152) (121 0.0144) (101 -0.0134) (50 -0.0134) (117 0.0133) (49 -0.0132) (119 0.013) (37 0.0125) (33 0.0101) 
   0.0047148   (19 0.962) (134 0.248) (21 0.0684) (22 -0.0509) (18 0.0438) (17 -0.0403) (23 -0.0238) (20 -0.0188) (44 0.0132) (30 0.013) (28 -0.0129) (8 -0.0127) (35 -0.012) 
   0.0049013   (134 0.969) (19 -0.246) (21 -0.0175) (22 0.013) (18 -0.0112) (17 0.0103) 
   0.0050056   (8 1) (134 0.0125) (19 0.0101) 
   0.0051278   (4 -1) 
   0.0052699   (23 0.653) (24 -0.596) (22 0.298) (20 -0.173) (25 -0.127) (32 0.115) (15 -0.11) (17 0.104) (14 -0.0903) (26 0.0893) (140 -0.0749) (28 -0.0748) (27 -0.0643) (31 -0.0528) (43 -0.0454) (16 -0.0437) (21 -0.0425) (19 0.0386) (18 -0.0335) (41 0.0263) (40 0.025) (29 0.0241) (39 -0.0214) (35 0.0211) (82 0.0189) (56 0.0162) (37 0.015) (36 -0.0146) (42 -0.0145) (69 0.0129) (55 0.0125) (48 0.0121) 
   0.0053041   (140 -0.997) (23 -0.049) (24 0.0447) (22 -0.0224) (20 0.013) 
   0.0055776   (10 -0.862) (17 0.381) (18 -0.31) (20 0.0878) (23 -0.0389) (15 -0.0362) (22 -0.0353) (19 0.0287) (16 -0.0264) (24 0.0251) (14 -0.0213) (26 0.0171) (32 0.0155) (28 -0.01) 
    0.005663   (138 0.996) (17 0.0542) (10 0.0457) (18 -0.0442) (20 0.0123) 
   0.0057129   (17 -0.645) (18 0.525) (10 -0.505) (20 -0.147) (138 0.0854) (23 0.0676) (15 0.0633) (22 0.0582) (19 -0.0473) (16 0.044) (24 -0.0403) (14 0.0377) (26 -0.0335) (32 -0.0261) (28 0.0199) (25 0.0169) (82 -0.0141) (35 -0.014) (21 -0.0134) (43 0.0125) (36 -0.012) (45 0.0115) (31 0.0113) (27 0.0111) 
   0.0060372   (12 -0.965) (42 0.177) (11 -0.123) (43 -0.0731) (44 0.0681) (13 -0.0595) (39 0.056) (14 -0.0457) (41 -0.0284) (55 0.0219) (46 -0.0156) (15 -0.0155) (45 0.0151) (59 0.0114) (32 -0.0103) (56 0.0102) 
   0.0065374   (141 -0.998) (42 0.0512) (43 -0.021) (44 0.0173) (12 0.0147) (39 0.0134) 
   0.0072742   (42 -0.815) (43 0.334) (44 -0.276) (12 -0.215) (39 -0.213) (41 0.136) (45 -0.0696) (46 0.0657) (141 -0.0628) (55 -0.0601) (33 0.0422) (59 -0.0364) (52 0.0361) (32 0.035) (56 -0.0315) (50 0.0305) (54 0.0299) (51 0.0275) (40 -0.0246) (11 -0.0246) (75 -0.0241) (78 0.0236) (34 -0.0231) (79 0.0229) (63 0.0224) (73 -0.0216) (72 -0.0215) (71 -0.0209) (23 -0.0196) (106 -0.0194) (36 -0.0191) (108 -0.0186) (65 0.0185) (13 -0.0173) (60 -0.0169) (84 -0.0152) (30 0.0151) (37 0.0146) (38 -0.0143) (80 0.0141) (24 -0.0136) (67 -0.0135) (22 -0.0129) (47 -0.0123) (58 -0.0122) (77 0.0121) (85 -0.012) (20 -0.0117) (48 0.0116) (61 -0.0114) (64 -0.0111) (49 0.0104) (62 0.0101) 
   0.0079962   (11 -0.964) (34 0.168) (33 -0.14) (12 0.124) (32 -0.0622) (39 -0.0272) (28 -0.0225) (14 -0.0206) (65 0.0172) (42 -0.0135) (35 0.0126) (135 -0.011) (36 -0.0108) 
   0.0088663   (135 -0.986) (34 0.112) (33 -0.0971) (11 0.0485) (32 -0.0426) (39 -0.0209) (28 -0.0194) 

 Largest eigenvalues
      58.751   (162 -0.941) (163 0.265) 
      30.979   (55 0.52) (56 0.599) (69 0.31) (82 -0.353) 
      15.941   (81 0.331) (82 -0.709) 
      5.7706   (106 -0.661) (108 -0.587) 
      4.4293   (146 0.981) 
      1.5842   (162 -0.276) (163 -0.961) 
      1.2279   (164 0.998) 
      1.2006   (165 0.997) 
      1.1327   (90 0.498) (91 -0.723) 
      1.1123   (100 -0.392) (101 -0.604) (105 -0.303) (107 0.528) 
      1.1112   (100 -0.339) (101 -0.367) (107 -0.749) 
      1.0617   (111 0.357) (115 -0.796) 
      1.0245   (100 0.216) (103 -0.833) (104 -0.22) (105 0.218) 
     0.97725   (100 0.716) (101 -0.485) 
     0.90511   (101 0.235) (111 -0.667) (122 0.23) (130 -0.221) (137 0.219) 
     0.83076   (109 0.36) (111 0.475) (115 0.342) 
     0.76175   (109 -0.734) (110 0.309) 
     0.67531   (97 -0.826) (98 -0.371) 
     0.64178   (114 -0.551) (125 -0.472) (137 0.373) 
     0.63851   (113 0.554) (114 0.549) (125 -0.295) 
      0.5992   (109 0.368) (110 0.555) (113 -0.398) (114 0.432) 
     0.57174   (110 -0.706) (113 -0.366) 
     0.56896   (114 -0.304) (121 -0.314) (122 0.526) (130 0.338) (131 0.33) 
     0.56577   (122 -0.347) (123 -0.53) (124 0.488) (130 0.305) (131 0.295) 
     0.55565   (118 0.319) (119 -0.673) (121 0.306) (123 0.346) 
     0.54709   (117 -0.706) (118 -0.513) 
     0.54261   (116 0.333) (117 0.288) (119 0.295) (120 0.519) (124 -0.308) (126 0.309) (131 0.295) 
      0.5367   (116 -0.625) (123 -0.293) (137 -0.289) 
     0.50745   (116 0.636) (120 -0.346) (125 -0.341) (137 -0.335) 
     0.49788   (91 -0.217) (92 -0.944) 
     0.47559   (120 0.485) (124 0.31) (126 -0.372) (137 -0.395) 
     0.43055   (94 -0.942) 
     0.32512   (94 0.287) (102 0.64) (103 0.286) (104 -0.559) 
     0.31671   (102 -0.696) (104 -0.553) 
     0.30997   (99 0.448) (104 0.311) (112 -0.331) (118 0.284) (126 -0.292) 
     0.27865   (78 -0.32) (86 0.593) 
     0.24728   (78 0.472) (99 -0.557) 
     0.23345   (71 0.31) (78 -0.495) (86 -0.507) 
     0.23029   (99 0.404) (108 0.301) (112 0.557) 
     0.21023   (90 -0.652) (91 -0.355) (93 0.526) 
     0.16266   (90 0.349) (96 -0.535) (106 0.292) (108 -0.355) 
     0.14763   (87 0.303) (93 -0.582) 
     0.13737   (85 -0.302) (86 -0.35) (87 -0.765) 
     0.12487   (89 -0.758) (93 0.315) (96 0.307) 
     0.11577   (78 0.412) (80 -0.458) (83 -0.438) 
     0.11232   (76 0.298) (77 0.339) (79 -0.3) 
      0.1072   (59 0.34) (63 0.416) (68 0.28) (76 -0.315) 
     0.10155   (57 -0.505) (59 -0.537) 
    0.098933   (57 0.593) (63 -0.414) 
    0.091394   (57 -0.448) (59 0.337) (63 0.26) (76 0.28) (96 -0.3) 
    0.086359   (57 0.375) (59 -0.574) (63 0.302) 
    0.076568   (63 -0.558) (68 0.3) (83 -0.295) 
    0.076181   (64 0.698) (67 -0.309) 
    0.074498   (61 -0.378) (62 0.357) (64 -0.55) (68 -0.35) 
    0.071712   (61 0.661) (62 -0.377) 
    0.063442   (61 -0.336) (67 0.226) (68 0.236) (76 0.245) (79 0.244) (112 0.198) (118 0.297) (119 0.253) 
    0.061517   (61 0.298) (67 -0.356) (77 0.348) 
    0.059696   (61 -0.354) (62 -0.562) 
    0.057269   (62 0.548) (67 0.291) (72 -0.299) 
    0.056329   (62 -0.265) (67 -0.456) (68 0.374) (76 0.313) (77 -0.286) 
    0.053357   (65 0.431) (68 -0.248) (72 0.362) (79 0.281) (80 0.318) (98 0.289) 
    0.047362   (65 -0.592) (77 0.306) (98 0.3) 
    0.046445   (65 0.516) (67 -0.286) (68 0.289) 
    0.046325   (76 0.302) (79 -0.287) (80 -0.32) (83 0.273) (88 0.279) 
    0.044242   (33 -0.719) (34 -0.514) (39 0.38) 
    0.041773   (34 0.352) (39 0.738) 
    0.040431   (74 0.42) (85 -0.328) (88 0.242) (98 -0.281) (121 -0.25) 
    0.039134   (47 0.502) (48 0.457) (74 -0.403) 
    0.038399   (47 -0.461) (48 -0.401) (74 -0.485) 
    0.030907   (25 -0.49) (27 0.694) (31 -0.354) 
    0.029445   (26 -0.716) (27 -0.404) 
    0.027152   (25 0.328) (26 0.34) (41 -0.369) (88 -0.319) 
    0.025075   (27 0.286) (31 0.747) 
    0.020888   (41 0.433) (43 0.338) (74 0.302) (85 0.312) (88 -0.383) 
    0.020676   (130 -0.638) (131 0.498) 
    0.020402   (127 0.578) (160 -0.807) 
    0.018634   (127 0.577) (160 0.301) (161 0.759) 
    0.016823   (127 0.577) (160 0.507) (161 -0.64) 
     0.01529   (30 0.949) 
    0.014857   (139 -0.997) 
