 1 1000
 2 477.623
 3 19.151
 4 1000
 5 436.879
 6 210.094
 7 999.9
 8 4.09109
 9 992.102
 10 914.328
 11 2.45375
 12 775.79
 13 1000
 14 998.493
 15 0.819202
 16 1000
 17 997.637
 18 2.44426
 19 1000
 20 863.607
 21 133.365
 22 1000
 23 968.518
 24 30.7423
 25 248.345
 26 260.987
 27 16.746
 28 988.524
 29 212.142
 30 228.144
 31 503.573
 32 73.8303
 33 794.018
 34 217.427
 35 150.045
 36 333.431
 37 988.073
 38 997.647
 39 3.51413
 40 617.478
 41 973.675
 42 1.77113
 43 498.679
 44 868.924
 45 16.7158
 46 999.295
 47 239.118
 48 761.605
 49 954.387
 50 176.763
 51 257.666
 52 167.848
 53 956.591
 54 271.631
 55 153.257
 56 232.418
 57 830.139
 58 84.7666
 59 121.245
 60 198
 61 23.4209
 62 1.88449
 63 327.792
 64 330.766
 65 1.65377
 66 479.771
 67 894.321
 68 108.523
 69 998.631
 70 1000
 71 941.783
 72 58.1203
 73 999.699
 74 3.53837
 75 997.599
 76 982.889
 77 3.17516
 78 864.634
 79 999.117
 80 14.3969
 81 984.511
 82 991.694
 83 186.357
 84 2.9767
 85 111.847
 86 3.15865
 87 988.7
 88 1.71963
 89 1.64598
 90 1.92752
 91 9.40107
 92 347.461
 93 842.218
 94 902.272
 95 965.366
 96 968.649
 97 280.644
 98 369.005
 99 120.719
 100 945.331
 101 974.769
 102 130.038
 103 149.488
 104 137.668
 105 137.687
 106 161.283
 107 167.62
 108 173.382
 109 132.537
 110 102.671
 111 189.638
 112 205.873
 113 193.198
 114 176.574
 115 188.922
 116 155.907
 117 176.887
 118 199.546
 119 162.741
 120 91.0248
 121 125.62
 122 48.9143
 123 62.5079
 124 38.4781
 125 29.5635
 126 50.818
 127 25.5965
 128 92.0234
 129 62.7536
 130 61.9785
 131 19.8125
 132 20.5493
 133 22.3778
 134 35.1188
 135 8.38801
 136 46.9543
 137 9.3821
 138 8.82438
 139 8.68152
 140 10.1384
 141 10.1782
 142 8.42219
 143 8.77337
 144 14.7462
 145 14.7706
 146 12.1585
 147 9.62334
 148 24.9841
 149 15.9044
 150 11.5681
 151 13.1475
 152 22.9794
 153 21.2059
 154 13.1716
 155 19.6759
 156 23.7817
 157 45.293
 158 0.100129
 159 0.250939
 160 0.337692
 161 5.2875
 162 23.5763
 163 359.343
 164 703.178
 165 5.84545
