 1 31.6228
 2 21.3034
 3 1.80305
 4 31.6228
 5 17.4871
 6 9.0082
 7 31.6206
 8 1.04147
 9 31.4237
 10 30.1146
 11 0.989409
 12 27.6489
 13 31.6228
 14 31.5937
 15 0.903469
 16 31.6228
 17 31.558
 18 0.979245
 19 31.6228
 20 27.4993
 21 5.17054
 22 31.6228
 23 30.6746
 24 1.93243
 25 15.3744
 26 15.1524
 27 1.90127
 28 31.3977
 29 10.5868
 30 11.3114
 31 21.8976
 32 3.41378
 33 26.6882
 34 14.5284
 35 7.55174
 36 15.4008
 37 31.4118
 38 31.5588
 39 1.37825
 40 24.5545
 41 31.1466
 42 1.29501
 43 21.7838
 44 28.9407
 45 1.87537
 46 31.6043
 47 8.79177
 48 24.4887
 49 30.7008
 50 12.6984
 51 13.5172
 52 9.32142
 53 30.7527
 54 16.2781
 55 8.76084
 56 12.2635
 57 28.2223
 58 8.46231
 59 8.13468
 60 11.4996
 61 4.39867
 62 1.35379
 63 17.778
 64 16.75
 65 0.967913
 66 20.8429
 67 28.4475
 68 4.79545
 69 31.5826
 70 31.6228
 71 29.8852
 72 3.19005
 73 31.6161
 74 1.37591
 75 31.555
 76 31.3317
 77 1.36624
 78 29.3173
 79 31.6012
 80 1.77969
 81 31.1787
 82 31.4438
 83 13.1995
 84 1.43105
 85 10.2403
 86 1.48412
 87 31.354
 88 1.10157
 89 1.04732
 90 1.2559
 91 2.44005
 92 15.422
 93 27.6473
 94 29.1412
 95 30.7257
 96 30.8098
 97 15.2486
 98 17.5564
 99 8.61627
 100 30.2021
 101 30.9661
 102 10.4501
 103 11.4667
 104 10.9181
 105 11.0798
 106 12.2666
 107 12.4321
 108 12.5822
 109 10.5135
 110 8.52881
 111 13.0744
 112 14.018
 113 13.4987
 114 12.7092
 115 12.9316
 116 11.29
 117 12.3917
 118 13.4209
 119 11.9495
 120 8.69708
 121 10.7754
 122 6.7338
 123 7.70774
 124 5.56728
 125 5.09922
 126 6.81053
 127 4.41276
 128 8.98474
 129 7.01423
 130 7.26247
 131 4.00689
 132 4.39019
 133 4.56124
 134 5.80779
 135 2.57486
 136 6.76295
 137 2.79743
 138 2.73723
 139 2.72448
 140 3.00607
 141 2.90638
 142 2.6083
 143 2.69642
 144 3.66882
 145 3.68691
 146 3.28205
 147 2.8211
 148 4.87824
 149 3.80384
 150 3.16417
 151 3.38256
 152 4.66903
 153 4.47738
 154 3.48193
 155 4.34011
 156 4.76693
 157 6.64212
 158 0.1032
 159 0.395942
 160 0.273441
 161 1.45824
 162 4.48101
 163 16.636
 164 25.0315
 165 0.51499
