 1 41266.6
 2 583.897
 3 23.2303
 4 171173
 5 525.658
 6 252.692
 7 578036
 8 40.6257
 9 12202.3
 10 2686.5
 11 4.0269
 12 1515.4
 13 372584
 14 4951.25
 15 0.831846
 16 317578
 17 3952.95
 18 7.12706
 19 114583
 20 2085.92
 21 320.619
 22 168212
 23 3337.58
 24 103.481
 25 269.214
 26 327.478
 27 20.8946
 28 3027.72
 29 263.972
 30 282.212
 31 512.469
 32 83.6709
 33 903.698
 34 224.745
 35 167.566
 36 374.297
 37 1543.26
 38 2955.17
 39 7.25889
 40 982.989
 41 4415.56
 42 2.1015
 43 671.145
 44 1457.28
 45 27.425
 46 36023.1
 47 1016.59
 48 2655.68
 49 1813.44
 50 181.692
 51 298.35
 52 194.787
 53 2956.29
 54 302.55
 55 205.325
 56 319.253
 57 837.694
 58 85.4445
 59 123.318
 60 203.184
 61 23.7458
 62 1.88744
 63 358.452
 64 338.759
 65 1.66091
 66 488.617
 67 2570.06
 68 435.401
 69 102119
 70 174377
 71 2389.5
 72 144.286
 73 18706.6
 74 26.0055
 75 12146.8
 76 8050.46
 77 5.2202
 78 1762.75
 79 9014.91
 80 44.6243
 81 2626.29
 82 1589.27
 83 204.043
 84 3.12362
 85 144.256
 86 3.63135
 87 4201.38
 88 1.71989
 89 1.64601
 90 1.92789
 91 10.444
 92 497.275
 93 1946.21
 94 2664.83
 95 3439.85
 96 2724.48
 97 308.151
 98 390.543
 99 128.293
 100 1356.38
 101 1618.3
 102 136.511
 103 153.267
 104 139.352
 105 138.799
 106 162.047
 107 168.413
 108 174.439
 109 133.933
 110 104.693
 111 190.947
 112 207.226
 113 194.396
 114 177.443
 115 189.567
 116 156.94
 117 177.688
 118 200.663
 119 165.175
 120 94.2997
 121 126.405
 122 50.8635
 123 71.4389
 124 40.8325
 125 30.8683
 126 51.8176
 127 27.6738
 128 94.4556
 129 63.9186
 130 62.7845
 131 20.2663
 132 21.0271
 133 22.9076
 134 36.2691
 135 8.79863
 136 47.5701
 137 9.79724
 138 9.31653
 139 9.16934
 140 10.7648
 141 10.998
 142 9.03043
 143 9.26184
 144 15.2051
 145 15.2453
 146 12.652
 147 10.1303
 148 25.535
 149 16.4898
 150 12.0108
 151 13.6148
 152 23.5756
 153 22.2846
 154 13.6994
 155 20.1116
 156 24.1943
 157 45.7823
 158 0.13457
 159 0.26254
 160 0.404528
 161 5.88976
 162 24.784
 163 992.986
 164 1526.23
 165 6.88858
