 Smallest eigenvalues
  1.7001e-06   (9 1) 
   2.684e-06   (50 -0.727) (48 -0.47) (54 -0.235) (153 -0.191) (44 -0.187) (49 0.147) (51 0.111) (14 0.11) (46 0.0921) (78 0.0897) (37 -0.0891) (53 -0.084) (52 -0.0682) (38 0.0678) (27 -0.0675) (79 -0.0567) (39 -0.0564) (61 0.056) (56 -0.0547) (47 -0.046) (80 0.0413) (76 0.0389) (69 -0.0374) (40 -0.0345) (68 0.0307) (71 -0.0285) (42 0.0271) (43 -0.0269) (74 -0.0265) (34 -0.0256) (70 0.0245) (36 0.0245) (19 0.022) (75 -0.0214) (23 -0.0206) (20 -0.0202) (32 0.0201) (65 0.0194) (22 0.0191) (45 -0.019) (41 -0.0175) (31 0.0169) (25 0.0167) (72 0.0161) (30 -0.0156) (84 0.0149) (33 0.0148) (63 -0.0147) (57 -0.0145) (88 0.0117) (21 0.0115) 
  3.1488e-06   (153 -0.982) (50 0.141) (48 0.0915) (54 0.0457) (44 0.0365) (49 -0.0286) (14 -0.0216) (51 -0.0215) (46 -0.018) (37 0.0174) (78 -0.0171) (53 0.0163) (38 -0.0133) (52 0.0133) (27 0.0132) (39 0.011) (79 0.0108) (61 -0.0108) (56 0.0106) 
  5.7347e-06   (5 -1) 
   5.842e-06   (47 0.667) (148 -0.569) (44 -0.31) (45 -0.17) (46 0.156) (37 -0.118) (49 -0.117) (48 0.103) (14 0.0965) (27 -0.069) (39 -0.0681) (78 0.0625) (38 0.0572) (50 0.0538) (79 -0.039) (41 -0.0363) (52 0.0317) (55 -0.0301) (51 0.0289) (61 0.0285) (30 -0.0265) (43 -0.0263) (42 0.0256) (19 0.0229) (56 -0.0221) (34 -0.0212) (80 0.0211) (54 -0.0201) (22 0.0172) (36 0.0162) (70 0.0161) (23 -0.0158) (71 -0.015) (25 0.0146) (15 -0.0142) (28 0.0138) (53 -0.0138) (35 -0.0129) (24 -0.0119) (77 -0.0114) (33 0.0109) (65 0.0101) 
  5.9449e-06   (148 -0.822) (47 -0.462) (44 0.215) (45 0.118) (46 -0.108) (37 0.0814) (49 0.0809) (48 -0.0715) (14 -0.0668) (27 0.0478) (39 0.0471) (78 -0.0431) (38 -0.0396) (50 -0.0372) (79 0.0269) (41 0.0251) (52 -0.022) (55 0.0208) (51 -0.02) (61 -0.0197) (30 0.0183) (43 0.0182) (42 -0.0177) (19 -0.0159) (56 0.0153) (34 0.0147) (80 -0.0145) (54 0.0139) (22 -0.0119) (36 -0.0113) (70 -0.0111) (23 0.011) (71 0.0104) (25 -0.0101) 
  8.7273e-06   (1 0.991) (30 -0.102) (37 0.0488) (27 -0.0452) (35 0.0229) (38 -0.0189) (28 0.0178) (34 0.0138) (14 0.0134) (39 0.013) (31 0.0109) 
  9.7765e-06   (155 -0.998) (30 -0.0428) (27 -0.02) (37 0.0198) (14 0.0109) 
  2.4233e-05   (30 0.753) (27 0.352) (37 -0.348) (14 -0.192) (35 -0.166) (38 0.141) (1 0.13) (28 -0.128) (34 -0.112) (39 -0.0868) (22 -0.0842) (31 -0.0771) (19 -0.0653) (32 -0.0606) (15 0.0568) (155 -0.0567) (23 0.0537) (29 0.0502) (24 0.0472) (44 -0.0418) (25 -0.0416) (40 -0.0379) (78 -0.0342) (49 0.0296) (43 -0.0294) (79 0.0282) (20 0.0248) (16 -0.0242) (80 -0.0238) (21 -0.0189) (61 -0.0184) (55 0.0159) (41 -0.0159) (18 -0.0147) (33 0.0139) (10 -0.0133) (42 -0.0128) (70 -0.012) (52 -0.0116) (47 0.011) (57 -0.0108) (74 -0.0108) (13 0.0105) 
  2.6407e-05   (21 0.627) (20 0.413) (46 -0.334) (45 0.284) (23 -0.266) (44 -0.249) (22 -0.241) (18 -0.0991) (15 -0.0744) (38 0.068) (16 -0.0584) (31 0.0541) (36 0.0501) (24 0.0483) (17 0.0464) (40 0.0446) (78 0.0442) (14 0.038) (37 -0.0365) (49 -0.036) (19 0.0343) (48 0.0292) (28 0.0282) (29 0.0281) (39 -0.0265) (43 -0.0264) (34 -0.0257) (50 0.0229) (27 -0.0214) (30 -0.02) (61 0.0194) (71 -0.0186) (52 0.0184) (72 0.0183) (55 -0.0163) (33 -0.016) (47 -0.0148) (62 0.0138) (74 -0.0131) (68 0.013) (66 -0.0127) (80 0.0127) (56 -0.0115) (79 -0.0114) (26 0.0113) (73 0.0108) 
  3.7878e-05   (157 -0.999) (46 -0.0241) (45 0.0203) (21 -0.017) (44 -0.017) (20 -0.0122) 
  0.00010232   (46 0.542) (45 -0.456) (44 0.381) (21 0.367) (20 0.263) (22 -0.173) (23 -0.145) (37 0.127) (38 -0.0956) (49 0.088) (18 -0.0875) (14 -0.085) (27 0.0825) (48 -0.071) (39 0.0647) (78 -0.0645) (16 -0.051) (41 0.0493) (47 0.0464) (24 0.0461) (157 -0.0449) (50 -0.0378) (43 0.0359) (80 -0.035) (40 0.0338) (55 0.0323) (17 0.0318) (79 0.0318) (33 -0.0292) (31 0.0287) (61 -0.0271) (71 0.0263) (25 -0.024) (15 -0.0235) (68 -0.0222) (30 0.022) (28 -0.0214) (52 -0.0198) (35 0.0195) (69 0.0189) (53 0.0178) (72 -0.0176) (77 0.0161) (74 0.0157) (56 0.0155) (29 0.0146) (75 -0.0132) (66 0.0131) (54 0.0127) (62 -0.012) (70 -0.0115) (36 -0.0102) 
  0.00011185   (2 1) 
  0.00013037   (14 0.538) (19 -0.527) (16 -0.396) (17 -0.367) (23 0.185) (27 0.184) (20 0.143) (18 0.135) (22 -0.0948) (25 -0.0844) (37 0.0581) (34 0.0479) (39 0.0448) (44 0.0442) (15 0.0399) (36 -0.0282) (46 -0.0257) (24 0.0256) (33 -0.0255) (32 -0.0255) (21 -0.0248) (38 -0.0234) (31 -0.0198) (47 0.0159) (29 0.015) (42 -0.0144) (28 -0.0131) (13 -0.0125) (78 0.012) (79 -0.0117) (10 0.0111) 
  0.00020835   (159 1) 
  0.00023297   (3 1) 
  0.00023747   (19 0.701) (22 -0.487) (14 0.329) (27 0.249) (23 0.2) (20 -0.114) (16 -0.1) (21 -0.0915) (24 0.0804) (15 -0.0732) (37 0.0685) (17 -0.065) (25 -0.0504) (158 0.0398) (32 -0.0342) (39 0.0326) (44 0.0245) (33 -0.0225) (34 0.0214) (36 -0.0185) (40 0.0159) (35 0.0155) (46 -0.014) (79 -0.0129) (78 0.0113) 
  0.00024098   (158 0.999) (19 -0.0279) (22 0.0194) (14 -0.0131) 
  0.00026785   (7 1) 
   0.0002823   (29 0.676) (28 -0.429) (150 -0.364) (27 -0.311) (30 0.186) (37 0.166) (14 0.144) (32 -0.0985) (48 0.0667) (38 -0.0659) (22 0.0637) (35 0.0632) (19 0.0567) (20 -0.0559) (15 -0.0513) (39 0.0435) (18 -0.0394) (25 0.0356) (21 0.0325) (41 0.0237) (75 -0.021) (31 -0.0188) (43 0.018) (50 -0.0178) (24 -0.0175) (16 -0.0175) (33 0.0159) (78 0.0147) (54 -0.0139) (40 0.0133) (51 -0.0113) (79 -0.0112) (44 0.0102) 
  0.00029304   (150 -0.931) (29 -0.264) (28 0.168) (27 0.122) (30 -0.073) (37 -0.0648) (14 -0.0565) (32 0.0386) (48 -0.026) (38 0.0258) (22 -0.0249) (35 -0.0247) (19 -0.0222) (20 0.0219) (15 0.0201) (39 -0.017) (18 0.0154) (25 -0.0139) (21 -0.0127) 
  0.00030343   (6 1) 
  0.00031144   (22 0.667) (27 0.402) (25 -0.336) (23 -0.272) (14 0.241) (19 0.234) (154 -0.173) (21 0.138) (15 -0.104) (37 0.101) (16 -0.0576) (20 -0.0559) (35 0.0534) (30 0.0462) (41 0.0414) (32 -0.0385) (39 0.0305) (18 -0.0297) (34 -0.0295) (28 0.0282) (40 0.0221) (48 0.0206) (26 -0.0205) (17 0.0191) (43 0.0183) (24 0.018) (38 -0.0177) (78 0.0175) (79 -0.0157) (51 -0.0152) (73 -0.013) (75 -0.0126) (55 -0.0113) (69 -0.0112) (13 -0.0109) (46 -0.0103) (12 0.0101) 
  0.00032558   (154 -0.985) (22 -0.117) (27 -0.0705) (25 0.0589) (23 0.0477) (14 -0.0422) (19 -0.041) (21 -0.0242) (15 0.0182) (37 -0.0176) (16 0.0101) 
  0.00033047   (57 0.509) (73 -0.492) (70 0.377) (71 -0.264) (61 -0.235) (69 0.204) (74 -0.2) (51 -0.166) (44 -0.14) (67 0.0928) (79 0.0905) (78 -0.0856) (68 -0.0848) (66 -0.0841) (76 -0.0795) (55 -0.0785) (65 0.0776) (77 0.0746) (46 0.0702) (56 0.0669) (34 -0.0652) (47 -0.0642) (42 0.0518) (15 0.0435) (80 -0.0422) (37 0.0386) (60 -0.0365) (23 -0.0319) (43 0.0315) (35 0.0311) (53 -0.0293) (63 0.0271) (59 -0.0258) (45 -0.0245) (39 -0.024) (22 -0.0236) (62 -0.0233) (14 0.0201) (120 0.0199) (125 -0.0198) (72 0.0189) (123 -0.0174) (33 0.0168) (31 0.0161) (50 -0.0157) (106 -0.0144) (64 0.0142) (21 -0.014) (88 0.0138) (82 -0.0138) (152 -0.0136) (104 -0.0131) (27 0.0125) (41 0.0125) (25 0.0116) (129 0.0113) (84 0.0108) (19 -0.0106) (48 0.0105) (92 -0.0103) (89 -0.0102) (101 0.01) 
  0.00034785   (73 0.604) (57 0.416) (69 0.25) (152 -0.232) (71 0.22) (74 0.218) (44 -0.193) (68 -0.171) (61 -0.152) (67 0.134) (49 0.128) (51 -0.125) (55 -0.112) (46 0.104) (70 -0.101) (66 -0.0994) (47 -0.0935) (34 -0.0835) (65 0.0794) (14 0.0792) (42 0.0626) (56 0.0595) (41 0.0586) (54 0.052) (39 -0.0471) (15 0.0454) (23 -0.0433) (43 0.0429) (63 0.0414) (50 0.0337) (35 0.0335) (45 -0.031) (33 0.0267) (120 -0.0262) (31 0.0261) (123 -0.0261) (119 -0.026) (59 -0.0249) (72 -0.0244) (25 0.0232) (62 -0.0219) (84 0.0218) (79 -0.0212) (38 0.0201) (32 0.0186) (129 0.0184) (122 0.0165) (149 -0.0165) (20 -0.0164) (64 0.0163) (48 -0.0163) (21 -0.0153) (80 0.0145) (60 -0.0141) (27 -0.0131) (36 0.0124) (52 0.0123) (131 -0.0114) (88 0.0108) (76 0.0103) 
  0.00036731   (152 -0.972) (73 -0.138) (57 -0.107) (69 -0.0624) (74 -0.0495) (71 -0.0489) (44 0.0488) (68 0.0421) (61 0.0397) (67 -0.0334) (51 0.0326) (149 -0.0313) (49 -0.031) (55 0.028) (46 -0.0262) (66 0.0249) (47 0.0236) (34 0.0213) (65 -0.0201) (14 -0.0195) (70 0.0191) (42 -0.016) (56 -0.0153) (41 -0.0144) (54 -0.0125) (39 0.0118) (15 -0.0117) (23 0.011) (43 -0.0109) (63 -0.0103) 
  0.00043048   (24 -0.972) (27 0.123) (53 0.0862) (22 -0.0825) (23 -0.0755) (25 0.0584) (51 -0.0504) (55 0.0462) (52 0.0458) (14 0.0415) (49 0.0385) (57 -0.0316) (15 -0.0267) (44 -0.025) (21 0.0219) (47 -0.0211) (41 0.0197) (46 0.019) (30 0.0163) (19 0.0161) (34 -0.0155) (56 -0.0154) (28 -0.013) (17 -0.0128) (61 0.0127) (50 0.0121) (20 -0.0114) (35 0.0108) 
  0.00045202   (147 -0.72) (53 0.425) (51 -0.281) (55 0.244) (52 0.201) (49 0.159) (44 -0.156) (57 -0.136) (24 0.0977) (46 0.0884) (47 -0.0817) (56 -0.0603) (14 0.057) (61 0.0546) (34 -0.0517) (42 0.0396) (73 -0.0384) (27 -0.0361) (39 -0.0361) (54 0.0356) (50 0.0335) (48 -0.0318) (37 -0.0295) (45 -0.0271) (78 0.0246) (15 0.0234) (43 0.0233) (70 0.0224) (71 -0.0207) (38 0.0203) (41 0.0177) (79 -0.0168) (35 0.0157) (33 0.0146) (25 0.0135) (31 0.0131) (23 -0.0128) (80 0.0128) (68 0.0124) (36 0.0115) (30 -0.0114) (60 0.0103) 
   0.0004874   (147 -0.694) (53 -0.442) (51 0.292) (55 -0.254) (52 -0.208) (49 -0.166) (44 0.163) (57 0.141) (24 -0.0967) (46 -0.092) (47 0.085) (56 0.0627) (14 -0.0595) (61 -0.0568) (34 0.0537) (42 -0.0412) (73 0.0399) (39 0.0375) (54 -0.0371) (27 0.0369) (50 -0.0349) (48 0.033) (37 0.0307) (45 0.0282) (78 -0.0255) (43 -0.0242) (15 -0.0242) (70 -0.0233) (71 0.0215) (38 -0.021) (41 -0.0185) (79 0.0175) (35 -0.0163) (33 -0.0152) (25 -0.0143) (23 0.0136) (31 -0.0136) (80 -0.0132) (68 -0.0128) (36 -0.0119) (30 0.0117) (60 -0.0107) (32 -0.0102) 
  0.00050643   (52 -0.749) (41 -0.413) (54 0.256) (51 -0.246) (55 -0.174) (44 -0.166) (57 -0.165) (49 0.107) (46 0.0794) (37 0.0792) (53 0.0756) (61 0.0702) (42 0.0637) (56 -0.0624) (50 0.0552) (47 -0.0527) (78 0.0368) (70 0.0348) (48 -0.0298) (39 0.0248) (45 -0.0218) (79 -0.0205) (151 -0.0203) (73 -0.0158) (38 -0.0157) (80 0.0156) (27 0.0151) (76 -0.0146) (60 0.0145) (71 -0.0125) (69 0.0119) (36 -0.0118) (23 -0.0116) (30 0.0115) (35 0.0114) (22 -0.0112) (15 0.0111) 
  0.00051699   (151 -0.959) (41 0.243) (52 -0.0889) (37 -0.0611) (51 -0.0396) (39 -0.0319) (54 0.0316) (55 -0.0281) (34 -0.0281) (44 0.0264) (14 0.0243) (38 0.0232) (57 -0.0216) (27 -0.0215) (42 -0.0189) (49 -0.0159) (30 -0.0133) (25 0.0133) (73 -0.0118) (78 0.0116) (61 0.0116) (40 0.0107) 
   0.0005372   (41 -0.792) (52 0.354) (151 -0.284) (37 0.2) (51 0.152) (54 -0.125) (55 0.107) (39 0.106) (34 0.0948) (57 0.0846) (14 -0.0819) (38 -0.0771) (44 -0.077) (27 0.0713) (42 0.0593) (49 0.0463) (25 -0.0445) (61 -0.0441) (30 0.044) (78 -0.042) (73 0.0413) (40 -0.0356) (56 0.0349) (43 -0.0328) (79 0.0312) (53 -0.0279) (70 -0.0273) (80 -0.0226) (23 0.0203) (33 -0.02) (48 -0.0197) (71 0.0173) (50 0.0172) (68 -0.0154) (46 0.0152) (36 -0.0144) (28 -0.0137) (15 -0.0131) (20 0.0126) (31 -0.0115) (76 0.011) (69 0.0106) 
  0.00055979   (70 -0.683) (69 -0.348) (73 -0.323) (71 0.316) (57 0.288) (51 -0.165) (49 -0.121) (61 -0.107) (76 -0.106) (50 -0.0934) (72 0.0826) (68 0.0777) (77 0.077) (74 -0.0707) (44 -0.0576) (53 0.0499) (75 -0.0497) (56 0.0441) (54 0.0399) (34 -0.0368) (146 -0.0341) (65 0.0321) (55 -0.0313) (48 0.0293) (42 0.0288) (46 0.0268) (37 0.0264) (15 0.0243) (84 0.024) (123 -0.0218) (52 -0.0217) (23 -0.0214) (66 -0.021) (47 -0.0205) (22 -0.0187) (43 0.0182) (35 0.0175) (60 -0.0171) (125 -0.0162) (67 -0.0154) (41 -0.0153) (129 0.0148) (88 0.013) (39 -0.0123) (45 -0.0122) (80 0.012) (59 -0.0114) (90 0.011) (82 -0.0101) 
  0.00058737   (146 -0.832) (49 0.365) (50 0.25) (51 0.183) (53 -0.153) (44 -0.118) (73 -0.0816) (46 0.0689) (48 -0.064) (69 -0.0566) (47 -0.0563) (41 0.0511) (54 -0.0483) (14 0.0427) (70 -0.0363) (68 0.0331) (34 -0.0329) (37 -0.0313) (39 -0.0279) (78 0.0264) (79 -0.0251) (42 0.0234) (56 -0.0215) (57 -0.0211) (27 -0.0207) (25 0.0188) (67 -0.017) (80 0.0169) (38 0.0161) (23 -0.0148) (72 0.0147) (15 0.0132) (74 -0.0123) (43 0.0121) (33 0.0109) (31 0.0105) (76 -0.0102) (30 -0.0101) 
  0.00063795   (146 -0.553) (49 -0.542) (50 -0.371) (51 -0.265) (53 0.227) (44 0.181) (73 0.143) (69 0.107) (46 -0.106) (70 0.0968) (48 0.0945) (47 0.0861) (41 -0.0758) (54 0.0702) (14 -0.0649) (68 -0.0548) (34 0.052) (37 0.0452) (39 0.0428) (78 -0.04) (79 0.0382) (42 -0.0372) (27 0.0308) (56 0.0296) (25 -0.0288) (72 -0.0272) (67 0.0265) (80 -0.0263) (38 -0.0246) (23 0.0238) (74 0.0229) (76 0.0217) (15 -0.0216) (43 -0.0195) (33 -0.017) (75 0.0166) (31 -0.0164) (30 0.0151) (57 0.0133) (20 0.0132) (119 0.0122) (35 -0.0121) (32 -0.0118) (45 0.0109) (71 -0.0101) 
  0.00070428   (39 -0.829) (37 0.306) (23 -0.223) (25 0.214) (44 0.153) (34 -0.128) (42 -0.116) (15 0.105) (27 0.0894) (35 0.0853) (41 -0.0838) (43 -0.0732) (40 -0.0638) (14 0.0635) (21 -0.0627) (46 -0.0548) (20 -0.0473) (47 0.044) (51 0.0434) (36 -0.042) (22 -0.0406) (24 0.0378) (57 -0.0346) (38 0.0285) (33 0.0246) (30 0.0245) (17 -0.0214) (45 0.019) (19 -0.0169) (55 0.0167) (31 0.0161) (26 0.0125) 
  0.00072945   (25 0.624) (23 -0.551) (39 0.298) (34 0.233) (27 0.185) (14 0.154) (15 0.148) (21 -0.129) (20 -0.116) (37 -0.113) (35 -0.1) (24 0.0991) (31 -0.0777) (33 -0.072) (26 0.0431) (32 -0.0415) (141 -0.0415) (17 -0.0347) (44 0.0302) (38 -0.028) (28 -0.0249) (49 -0.0181) (22 -0.018) (29 0.0167) (40 0.0156) (41 -0.0123) (46 -0.012) 
  0.00078867   (141 -0.999) (25 -0.0273) (23 0.0243) (149 0.0102) 
  0.00086549   (49 -0.44) (51 0.417) (44 -0.412) (47 -0.384) (46 0.273) (15 0.253) (48 0.208) (57 -0.145) (43 0.133) (55 0.116) (45 -0.105) (42 0.103) (14 0.0996) (34 -0.0929) (17 0.0875) (37 0.0855) (41 0.0665) (16 0.0576) (35 0.0509) (52 -0.0481) (54 0.0469) (27 0.038) (78 -0.0365) (61 0.0329) (79 0.0254) (22 -0.0249) (33 0.0224) (30 0.0216) (39 -0.0209) (69 0.0204) (53 0.0202) (19 -0.0192) (20 0.0179) (31 0.0169) (77 0.0148) (84 0.0131) (80 -0.0129) (65 -0.0123) (68 -0.0123) (76 -0.0111) (32 0.011) (74 -0.0109) 
  0.00097865   (15 0.728) (17 0.401) (14 0.276) (16 0.259) (23 0.191) (44 0.155) (34 0.115) (20 0.113) (47 0.112) (49 0.0965) (21 0.0959) (25 -0.0923) (46 -0.0906) (51 -0.0899) (48 -0.0493) (35 -0.0484) (43 -0.0478) (42 -0.0444) (18 -0.042) (24 -0.0389) (22 0.0387) (41 -0.0386) (31 -0.0354) (33 -0.0351) (45 0.0334) (27 0.0305) (57 0.026) (39 0.0258) (37 -0.0239) (32 -0.0232) (55 -0.0228) (29 0.0168) (54 -0.014) (28 -0.0128) (38 -0.0118) (30 -0.0108) 
    0.001067   (144 -1) (149 0.0219) 
   0.0011641   (53 -0.659) (51 -0.441) (34 -0.318) (55 0.252) (57 -0.227) (35 0.184) (52 0.157) (54 0.149) (36 0.136) (33 0.0736) (15 0.0718) (38 -0.068) (39 0.068) (49 -0.0592) (23 -0.0549) (31 0.0542) (41 -0.0513) (50 -0.0497) (37 -0.0425) (14 0.0408) (47 -0.0395) (44 -0.0387) (61 0.0378) (46 0.0347) (22 -0.0344) (25 0.0333) (69 0.0325) (48 0.0317) (32 0.0293) (79 0.0292) (78 -0.0291) (21 -0.0262) (68 -0.0205) (70 -0.0201) (136 -0.0187) (20 -0.0181) (45 -0.0155) (80 -0.0145) (17 -0.0126) (77 0.0115) (67 0.0103) 
   0.0013363   (34 -0.591) (35 0.342) (36 0.326) (53 0.278) (51 0.245) (37 -0.226) (44 0.217) (39 0.172) (38 -0.146) (41 -0.142) (33 0.135) (136 -0.124) (14 0.0963) (55 -0.0941) (42 -0.0936) (31 0.0916) (46 -0.0799) (43 -0.0717) (57 0.0705) (52 -0.0696) (23 -0.0686) (15 0.0674) (54 -0.0635) (25 0.0573) (32 0.0555) (47 0.054) (27 -0.0385) (20 -0.0303) (21 -0.0284) (45 0.0284) (50 0.0242) (40 -0.0185) (22 -0.0166) (78 0.0162) (24 0.0146) (28 0.0143) (17 -0.0137) (29 -0.0134) (79 -0.013) (30 -0.0129) (70 0.0128) (61 -0.0121) (73 -0.0119) 
   0.0014902   (136 -0.992) (34 0.0799) (35 -0.0462) (36 -0.0432) (37 0.0288) (44 -0.0259) (39 -0.0227) (53 -0.0223) (51 -0.022) (38 0.0194) (41 0.0186) (33 -0.0183) (14 -0.0129) (31 -0.0125) (149 0.0121) (42 0.0115) 
    0.001505   (10 0.973) (35 -0.181) (34 -0.0834) (33 0.0546) (31 0.0545) (32 0.049) (37 0.0395) (36 -0.0288) (39 0.021) (132 0.0201) (38 -0.0184) (44 0.0133) (27 -0.0123) (1 0.0105) (11 0.0105) (46 -0.0104) 
   0.0016468   (132 0.873) (35 -0.372) (34 -0.174) (10 -0.127) (33 0.11) (31 0.109) (32 0.0966) (37 0.0742) (36 -0.0598) (14 0.0538) (27 -0.0433) (39 0.0388) (38 -0.0348) (44 0.026) (23 -0.0178) (26 -0.0154) (46 -0.0152) (19 0.0144) (25 0.0133) (22 0.0128) (42 -0.0122) (54 -0.0117) (41 -0.0115) (20 -0.0109) 
   0.0018759   (35 0.674) (132 0.487) (34 0.316) (33 -0.199) (31 -0.197) (10 0.187) (32 -0.175) (37 -0.135) (36 0.108) (14 -0.096) (27 0.0782) (39 -0.0704) (38 0.0632) (44 -0.0473) (23 0.0322) (26 0.0279) (46 0.0277) (19 -0.026) (25 -0.024) (22 -0.0232) (42 0.0221) (54 0.0212) (41 0.0208) (20 0.0198) (49 0.0164) (55 -0.0155) (40 -0.0144) (50 -0.0113) (45 0.0113) (29 0.0101) 
   0.0020251   (31 0.656) (32 0.513) (34 0.33) (35 0.234) (33 0.182) (54 -0.18) (30 0.161) (55 0.106) (52 -0.0909) (74 0.0602) (50 0.059) (36 -0.0579) (37 -0.053) (40 -0.0472) (49 -0.0461) (51 -0.0408) (72 0.0406) (28 -0.0402) (71 -0.028) (68 0.0268) (42 -0.0257) (128 0.0249) (15 0.0244) (27 0.0236) (21 -0.0231) (75 -0.0229) (57 0.0205) (61 -0.0189) (29 0.0176) (20 -0.017) (60 -0.0163) (46 -0.0161) (44 0.0158) (80 -0.0156) (78 -0.0153) (24 0.0147) (16 -0.0132) (23 -0.0131) (47 0.0111) (43 0.0103) (26 -0.01) (14 0.01) 
   0.0021878   (74 0.579) (72 0.353) (68 0.352) (71 -0.343) (128 0.297) (75 -0.216) (69 -0.162) (76 -0.134) (78 -0.13) (55 -0.116) (80 -0.111) (79 0.0898) (54 0.0878) (77 -0.0864) (67 -0.0802) (52 0.0697) (60 -0.0637) (61 -0.0633) (65 -0.0624) (83 -0.056) (57 0.0557) (62 0.0541) (50 -0.0479) (40 -0.0457) (31 -0.0409) (85 -0.0392) (34 -0.0382) (51 -0.029) (44 -0.029) (105 -0.0281) (73 0.0266) (46 0.0264) (82 -0.0239) (106 0.0236) (32 -0.0222) (70 0.0213) (81 0.0212) (47 -0.0207) (124 -0.0199) (87 0.0186) (42 0.0183) (48 0.0182) (89 -0.0177) (37 0.0176) (59 0.0168) (38 0.0163) (134 -0.0156) (107 -0.0155) (86 -0.0153) (93 -0.0145) (63 -0.0141) (122 -0.0136) (35 -0.0134) (64 -0.0119) (58 -0.0115) (100 -0.0112) 
   0.0023561   (128 0.571) (54 0.542) (55 -0.344) (52 0.263) (74 -0.21) (31 0.14) (72 -0.132) (50 -0.131) (32 0.106) (51 0.105) (71 0.0999) (49 0.0982) (57 -0.0863) (68 -0.0676) (75 0.0666) (61 0.0656) (33 0.0602) (34 0.0531) (76 0.0485) (60 0.0391) (40 -0.039) (30 0.037) (65 0.0361) (73 -0.0357) (78 0.034) (35 0.0319) (70 0.0316) (84 -0.0314) (80 0.0308) (43 -0.0301) (67 0.0295) (124 -0.0264) (48 -0.0259) (53 0.025) (56 0.0216) (44 -0.02) (46 0.0198) (88 0.0192) (69 -0.0184) (81 0.0158) (129 0.0155) (39 0.0155) (15 0.0152) (123 0.0151) (66 -0.014) (36 -0.0136) (21 -0.0133) (45 0.0128) (87 -0.0125) (28 -0.0122) (63 0.0118) (41 0.0114) (90 -0.0114) (20 -0.0112) (37 0.011) (27 0.011) (98 0.0101) 
   0.0026306   (128 0.763) (54 -0.434) (55 0.299) (52 -0.221) (50 0.115) (31 -0.11) (68 -0.0875) (32 -0.0873) (69 0.0768) (49 -0.0719) (74 -0.0694) (51 -0.0657) (71 0.0596) (33 -0.0519) (40 0.0488) (57 0.0419) (72 -0.0396) (129 0.0376) (134 0.0363) (34 -0.0354) (75 0.0348) (70 -0.0317) (30 -0.0291) (77 0.0277) (79 -0.0277) (35 -0.0263) (44 0.026) (78 0.0248) (46 -0.0248) (83 0.024) (61 -0.0236) (131 0.0235) (43 0.0215) (85 0.0209) (80 0.0199) (81 -0.0198) (84 0.0198) (73 0.0161) (76 0.0161) (15 -0.0157) (53 -0.0157) (62 -0.0154) (56 -0.0146) (37 -0.0135) (88 -0.0126) (39 -0.0121) (48 0.0119) (42 -0.0118) (27 -0.0108) (66 0.0104) (21 0.0101) 
   0.0026501   (25 -0.613) (23 -0.55) (22 -0.301) (21 -0.261) (27 -0.19) (55 0.163) (15 0.131) (54 0.12) (20 -0.0997) (34 0.0905) (56 -0.0887) (51 0.0789) (37 -0.0728) (19 -0.0666) (57 0.0616) (35 -0.0561) (44 0.0559) (31 -0.0527) (17 -0.0484) (52 -0.0373) (61 -0.0294) (46 -0.0293) (26 -0.0289) (47 0.0284) (33 -0.0281) (42 -0.027) (13 0.0244) (36 0.0205) (78 0.018) (121 0.0151) (119 0.0132) (48 -0.0128) (74 0.0127) (18 0.0124) (79 -0.0121) (70 0.0121) (12 -0.0112) (41 -0.0111) (68 0.011) (50 -0.0107) 
   0.0027591   (61 0.844) (56 0.291) (60 0.199) (57 0.199) (54 -0.174) (55 -0.172) (51 -0.103) (79 0.074) (23 -0.0697) (47 -0.0639) (78 -0.0619) (25 -0.0608) (130 0.0596) (50 0.0526) (46 0.0492) (80 -0.0467) (52 0.0457) (22 -0.045) (62 0.0345) (72 0.0331) (59 -0.0326) (21 -0.0322) (15 0.0301) (48 0.0286) (76 -0.0283) (84 -0.0268) (73 -0.0258) (77 0.0251) (45 -0.0195) (63 0.0194) (105 0.0194) (107 0.0191) (42 0.0188) (123 -0.018) (106 -0.0177) (121 0.0176) (44 -0.017) (53 -0.0166) (66 -0.0154) (108 -0.0146) (120 -0.0145) (68 0.0143) (70 0.0137) (19 -0.0135) (39 -0.0131) (119 -0.0131) (27 -0.0129) (34 -0.0125) (104 -0.0118) (90 -0.0118) (49 -0.0115) (20 -0.0114) (74 0.0114) (30 0.0113) (81 0.0109) (37 -0.0103) (75 -0.0101) 
   0.0028643   (130 0.771) (55 -0.37) (54 -0.275) (57 -0.268) (61 -0.201) (51 -0.135) (56 0.11) (23 -0.0906) (52 0.0886) (25 -0.0803) (22 -0.0582) (44 -0.0509) (43 0.0493) (47 -0.0475) (60 -0.0467) (21 -0.0412) (15 0.0399) (68 -0.0283) (70 -0.0275) (50 0.0275) (46 0.0264) (78 -0.0256) (74 -0.0251) (53 0.0237) (48 0.0233) (129 0.0233) (69 0.023) (45 -0.0203) (27 -0.0194) (84 0.0194) (34 -0.0186) (65 -0.0184) (19 -0.0163) (121 -0.016) (20 -0.0146) (77 0.0144) (72 -0.0141) (37 0.0126) (49 -0.0126) (131 0.0126) (66 0.0125) (59 0.0123) (42 0.0122) (79 0.012) (71 0.0112) (119 -0.0109) (73 -0.0104) 
   0.0032744   (130 0.632) (55 0.466) (54 0.351) (57 0.307) (51 0.174) (61 0.163) (56 -0.162) (23 0.117) (52 -0.112) (25 0.104) (22 0.0753) (47 0.0641) (44 0.0635) (43 -0.0595) (21 0.0533) (15 -0.0515) (121 0.0453) (50 -0.0386) (60 0.0378) (46 -0.037) (78 0.0367) (68 0.0331) (70 0.0324) (48 -0.0312) (74 0.0296) (69 -0.0287) (53 -0.0271) (45 0.0266) (27 0.0249) (34 0.0238) (129 0.0225) (123 -0.0224) (65 0.0222) (84 -0.0221) (19 0.0211) (79 -0.0211) (77 -0.0198) (20 0.0189) (42 -0.0168) (119 0.0166) (49 0.0165) (73 0.0152) (105 0.0145) (37 -0.0143) (72 0.0142) (71 -0.014) (66 -0.0138) (131 0.0126) (59 -0.0119) (76 0.0114) (17 0.0112) (107 0.0102) 
    0.003563   (42 0.898) (65 0.238) (44 0.193) (66 -0.16) (84 -0.148) (67 0.0956) (57 -0.0832) (43 -0.0831) (46 -0.0761) (39 -0.0678) (47 0.0508) (51 0.0403) (126 -0.0395) (45 0.0364) (87 -0.0331) (54 -0.0303) (34 -0.029) (37 -0.0263) (72 0.026) (68 0.0257) (41 0.0255) (49 -0.024) (74 0.0227) (14 0.0209) (73 -0.0207) (32 0.0179) (36 0.0176) (56 -0.0171) (55 0.0169) (71 0.0165) (63 -0.0164) (38 0.0151) (31 0.0149) (76 -0.0149) (105 -0.0148) (23 -0.014) (75 -0.0136) (90 0.0133) (33 0.013) (82 0.0109) (50 0.01) 
   0.0036755   (84 -0.855) (126 -0.383) (65 -0.175) (87 -0.147) (66 0.118) (78 0.0786) (67 -0.0751) (42 -0.0699) (90 0.0666) (57 0.0636) (105 -0.059) (82 0.0544) (44 -0.0427) (107 -0.0412) (51 -0.04) (79 -0.0387) (106 0.0385) (61 -0.0366) (91 -0.0357) (80 0.032) (88 0.0308) (83 -0.03) (125 -0.0295) (43 0.0274) (93 -0.0264) (54 -0.0253) (47 -0.0253) (122 0.0244) (46 0.0223) (77 -0.0216) (92 0.0216) (108 -0.0211) (121 -0.0203) (104 0.0185) (86 -0.0168) (96 0.0155) (69 -0.0145) (94 -0.0143) (81 -0.014) (103 -0.0139) (45 -0.0138) (55 -0.0134) (34 -0.012) (85 0.0116) (76 0.0115) (49 -0.0114) (63 0.0113) (111 -0.0111) (73 0.0109) (71 -0.0105) (123 -0.0103) 
   0.0038302   (126 -0.708) (84 0.405) (65 -0.39) (66 0.263) (42 0.216) (67 -0.16) (57 0.0794) (87 0.0725) (72 -0.0526) (74 -0.0523) (68 -0.0462) (90 -0.0428) (78 -0.0418) (73 0.0375) (71 -0.0365) (76 0.0342) (105 0.0324) (54 0.0321) (79 0.0317) (75 0.0309) (56 0.0306) (43 -0.0288) (82 -0.028) (63 0.0241) (80 -0.0236) (83 0.0227) (106 -0.0204) (107 0.0199) (125 -0.019) (47 0.017) (92 -0.0169) (49 0.0167) (41 0.0167) (77 -0.0167) (91 0.0159) (39 -0.0157) (34 -0.0154) (108 0.0149) (104 -0.0148) (70 -0.0142) (44 0.0139) (45 0.0137) (50 -0.0136) (88 -0.0125) (129 -0.012) (51 -0.0107) (61 -0.01) 
    0.004033   (126 -0.591) (65 0.564) (66 -0.381) (42 -0.273) (67 0.234) (57 -0.131) (84 0.0817) (72 0.0675) (74 0.0607) (68 0.0598) (73 -0.0505) (71 0.0493) (76 -0.0474) (75 -0.0392) (51 0.0367) (61 0.0359) (63 -0.035) (56 -0.0339) (77 0.0337) (34 0.0284) (39 0.0262) (43 0.0217) (129 -0.0196) (54 -0.019) (15 -0.0173) (41 -0.0165) (50 0.0162) (23 0.0149) (14 -0.0143) (70 0.014) (93 0.0129) (55 0.0121) (64 -0.0118) (79 -0.0118) (31 -0.0116) (33 -0.0108) (49 -0.0105) 
    0.004079   (105 -0.57) (107 0.524) (112 -0.331) (113 0.209) (110 -0.19) (106 -0.183) (101 0.17) (114 -0.155) (56 0.132) (115 0.124) (99 0.114) (92 0.11) (118 0.105) (103 0.0942) (97 0.0903) (116 -0.0871) (109 0.0855) (104 -0.0641) (91 0.0628) (98 0.0569) (145 -0.0419) (140 0.0331) (55 0.0328) (78 0.0328) (90 -0.0307) (61 -0.0278) (79 -0.0222) (121 -0.0218) (54 0.0206) (119 0.0188) (94 0.0181) (100 -0.0178) (117 -0.0176) (123 -0.0158) (108 0.0148) (80 0.0129) (87 -0.0125) (111 0.0118) (125 -0.0115) (52 -0.0106) (70 0.0103) 
   0.0042215   (140 0.989) (145 0.141) (105 0.022) (149 0.0167) (107 -0.0162) (139 -0.0127) (56 -0.011) 
    0.004303   (56 0.877) (55 0.246) (61 -0.157) (54 0.122) (47 0.116) (105 0.11) (52 -0.106) (37 0.105) (57 -0.0968) (49 0.0895) (107 -0.0705) (51 0.0688) (48 -0.0641) (41 0.062) (78 0.0574) (50 -0.0565) (39 0.0534) (44 -0.052) (46 -0.0513) (53 0.0501) (45 0.0499) (70 0.0468) (69 -0.0458) (14 -0.0455) (79 -0.0451) (27 0.0391) (38 -0.0366) (60 -0.0328) (68 0.0316) (74 0.0295) (65 0.029) (112 0.0289) (15 0.0274) (101 -0.027) (113 -0.0259) (104 0.0245) (35 0.0234) (84 -0.0218) (80 0.0211) (145 0.0209) (92 0.0206) (110 0.0204) (77 -0.0201) (115 -0.0199) (114 0.0191) (109 -0.0189) (34 -0.0176) (90 -0.0172) (99 -0.0169) (118 -0.0166) (21 -0.0165) (22 -0.016) (17 -0.0159) (102 -0.0157) (63 -0.0156) (72 0.0146) (66 -0.0144) (71 0.0142) (36 -0.014) (116 0.0125) (43 -0.0121) (59 0.0118) (67 -0.0114) (19 -0.0113) (25 -0.0111) (94 -0.0101) 
   0.0043893   (45 0.449) (71 0.398) (81 0.363) (46 0.362) (70 0.337) (83 0.215) (80 -0.197) (69 -0.192) (93 -0.164) (87 0.138) (77 0.111) (43 -0.0977) (78 0.0909) (76 -0.0804) (72 0.0796) (109 0.0693) (99 0.0583) (82 -0.0571) (74 0.0561) (100 -0.0533) (44 0.052) (114 -0.0499) (79 -0.0489) (67 -0.0484) (96 -0.0467) (54 -0.0456) (85 -0.0431) (49 -0.0404) (61 -0.0379) (104 -0.0364) (98 0.0363) (89 0.0358) (51 -0.0335) (68 0.0321) (47 0.0296) (48 0.0293) (156 0.0289) (56 -0.0277) (66 0.0276) (75 -0.025) (84 -0.0249) (26 0.0221) (65 -0.019) (37 -0.0188) (101 -0.0183) (35 -0.0182) (107 -0.0181) (53 -0.0176) (57 0.0169) (105 0.0163) (88 -0.0163) (50 0.0159) (113 -0.0124) (63 -0.0112) (17 -0.0107) (27 -0.0106) 
   0.0046333   (156 0.999) (45 -0.0258) (46 -0.02) 
   0.0046562   (45 0.612) (46 0.454) (71 -0.362) (70 -0.299) (81 -0.189) (69 0.175) (80 0.144) (43 -0.129) (87 -0.108) (78 -0.105) (83 -0.1) (47 0.0947) (72 -0.0782) (109 -0.0758) (44 0.0716) (90 0.0611) (67 0.0546) (79 -0.0504) (76 0.0493) (77 -0.0437) (74 -0.0421) (37 0.0385) (114 0.0381) (99 -0.0371) (68 -0.0348) (100 0.0324) (107 0.0308) (66 -0.0303) (39 0.0292) (85 0.0291) (75 0.0283) (41 0.0272) (57 -0.0256) (42 -0.0242) (86 -0.0228) (14 -0.0219) (104 0.0206) (82 0.0203) (156 0.0202) (61 0.0192) (65 0.0189) (106 -0.0181) (53 0.0178) (63 0.0176) (122 -0.0173) (49 -0.0172) (98 -0.0164) (92 0.015) (38 -0.0149) (27 0.0134) (73 0.013) (35 -0.0124) (93 -0.0119) (101 0.0113) (105 0.0111) (113 0.011) (25 -0.0108) (48 0.0104) (102 0.0101) 
   0.0047289   (26 -0.942) (133 -0.324) (25 0.0534) (16 -0.0199) (35 0.0185) (45 0.018) (17 0.0171) (34 0.0168) (31 -0.0152) (46 0.0128) (21 0.0124) (93 0.0124) (32 -0.0111) (36 0.0108) (109 0.0106) (33 -0.0103) 
   0.0049599   (133 -0.945) (26 0.323) (8 0.0359) (25 -0.0183) 
   0.0051171   (8 -0.999) (133 -0.0342) (26 0.0107) 
   0.0052833   (4 1) 
   0.0053305   (30 0.544) (27 -0.467) (29 -0.434) (37 0.276) (135 0.237) (14 0.23) (28 0.185) (32 -0.119) (35 0.104) (39 0.104) (38 -0.0781) (19 0.0747) (25 0.0746) (22 0.0666) (33 -0.0645) (15 -0.0499) (41 0.0451) (23 -0.0409) (24 -0.0409) (21 0.037) (34 0.0364) (44 0.0358) (36 -0.0335) (78 0.0232) (31 -0.023) (79 -0.0206) (46 -0.0164) (47 0.0146) (43 0.0132) (55 -0.0125) (16 -0.011) (56 -0.0107) (72 0.01) (13 -0.01) 
   0.0054598   (135 0.972) (30 -0.133) (27 0.114) (29 0.106) (37 -0.0672) (14 -0.0563) (28 -0.0451) (32 0.0289) (35 -0.0254) (39 -0.0254) (38 0.019) (19 -0.0182) (25 -0.0182) (22 -0.0163) (33 0.0157) (15 0.0122) (41 -0.011) 
   0.0056063   (11 -0.805) (16 0.476) (15 -0.196) (14 0.165) (18 -0.137) (19 -0.125) (27 0.0922) (17 -0.0768) (22 -0.0689) (21 -0.0321) (37 0.0313) (24 0.0263) (20 0.0262) (30 0.0192) (25 -0.0169) (26 -0.0139) (13 -0.0137) (10 0.0137) (38 -0.0124) (39 0.0105) 
   0.0057283   (142 0.999) (11 0.0272) (16 0.0262) (15 -0.0106) 
   0.0059244   (16 -0.649) (11 -0.592) (15 0.263) (14 -0.209) (18 0.189) (19 0.172) (27 -0.129) (17 0.109) (22 0.0967) (21 0.048) (37 -0.0433) (142 0.0423) (20 -0.0397) (24 -0.035) (30 -0.0292) (25 0.0249) (38 0.0203) (26 0.0186) (35 -0.0141) (39 -0.0131) (80 -0.0118) (28 0.0108) (78 -0.0107) (60 -0.0104) 
   0.0064086   (13 -0.934) (43 0.307) (12 0.118) (40 -0.0661) (45 0.0638) (44 0.0439) (47 0.0398) (15 0.0286) (41 -0.0242) (14 -0.024) (37 -0.0221) (31 -0.0196) (39 -0.0178) (32 0.0175) (17 -0.0166) (54 0.0156) (42 0.0148) (38 0.0127) (61 0.0119) (36 0.0113) (48 -0.0113) (23 -0.011) 
   0.0066624   (143 -0.999) (43 0.0348) (13 0.0157) 
   0.0074265   (43 -0.879) (13 -0.327) (45 -0.16) (40 0.149) (44 -0.133) (47 -0.0977) (37 0.0881) (41 0.0811) (39 0.0634) (14 -0.0512) (32 -0.0417) (38 -0.0413) (42 -0.0408) (143 -0.0404) (54 -0.0386) (12 0.0352) (31 0.0337) (36 -0.0288) (74 0.0281) (72 -0.0276) (25 -0.0269) (15 0.0266) (61 -0.0264) (48 0.0257) (27 0.0251) (79 0.024) (59 -0.023) (21 -0.0228) (49 -0.0216) (67 0.0206) (50 0.0204) (80 0.0188) (51 -0.0186) (17 -0.0185) (63 -0.0181) (46 -0.0176) (64 -0.0164) (105 0.0153) (84 -0.0151) (56 -0.0147) (35 0.0139) (76 0.0136) (55 -0.0135) (22 -0.0134) (107 0.0131) (106 -0.0128) (77 0.0116) (81 0.0115) (62 0.011) (85 -0.0105) (19 -0.0103) 
   0.0075942   (12 0.944) (32 0.231) (31 -0.187) (13 0.119) (40 0.0461) (36 -0.0294) (35 0.0255) (30 0.0217) (37 0.0195) (137 -0.0156) (34 -0.0156) (66 0.0141) (43 -0.0135) (68 0.0124) (15 0.0103) 
   0.0082026   (137 -0.994) (32 0.0766) (31 -0.0606) (12 -0.0483) (40 0.0166) 

 Largest eigenvalues
      124.17   (163 -0.205) (164 -0.967) 
      30.031   (14 -0.251) (27 0.217) (37 0.475) (39 0.213) (41 0.23) (47 0.268) (78 -0.267) (79 0.234) 
      15.085   (37 -0.286) (78 -0.541) (79 0.454) (80 -0.323) 
      7.3649   (105 0.609) (106 -0.43) (107 0.454) 
      4.4555   (145 0.98) 
      1.4012   (163 -0.979) 
      1.2254   (162 0.993) 
      1.1543   (165 0.998) 
      1.1435   (90 0.224) (92 -0.887) (101 -0.23) 
      1.1355   (100 -0.296) (101 0.711) (106 0.498) 
      1.1245   (101 0.351) (106 -0.648) (107 -0.479) 
     0.95695   (111 0.372) (115 -0.802) 
      0.9345   (103 -0.904) 
     0.87096   (99 0.574) (100 0.619) (101 0.373) 
     0.81939   (103 0.287) (111 -0.643) (123 -0.373) 
     0.78065   (110 -0.46) (111 0.47) (115 0.378) (123 -0.312) (149 -0.294) 
     0.73145   (97 -0.301) (110 0.736) 
     0.68443   (97 0.92) (110 0.249) 
     0.66152   (112 0.307) (113 0.467) (123 0.352) (125 -0.384) (149 -0.387) 
     0.66023   (112 -0.737) (113 -0.279) (123 0.234) (125 -0.232) (129 0.221) (149 -0.262) 
     0.63941   (108 0.667) (113 -0.555) 
     0.59928   (108 -0.673) (110 -0.293) (112 0.32) (113 -0.35) 
     0.57398   (113 0.377) (120 0.473) (121 -0.324) (129 0.3) (134 0.358) 
     0.57262   (120 -0.446) (121 0.541) (123 -0.498) 
     0.56973   (117 0.365) (119 -0.556) (121 -0.497) 
     0.54881   (116 -0.214) (117 -0.814) (120 -0.22) (121 -0.209) (134 0.222) 
      0.5407   (116 0.431) (118 0.379) (119 0.384) (122 0.355) (124 0.318) (134 0.333) 
      0.5198   (116 -0.66) (124 0.297) (134 0.31) 
     0.50793   (116 0.537) (118 -0.294) (125 -0.386) (149 0.328) 
     0.49595   (91 -0.954) 
     0.44296   (118 0.462) (120 -0.266) (125 -0.316) (129 0.331) (149 0.386) 
     0.41556   (94 -0.933) (104 -0.239) 
     0.38736   (94 0.325) (102 0.415) (104 -0.747) 
     0.34826   (102 -0.805) (104 -0.263) 
     0.33408   (98 0.304) (99 0.305) (100 -0.293) (104 0.301) (114 0.352) (122 0.308) (129 0.29) 
     0.30236   (78 -0.264) (87 0.662) 
     0.26832   (78 0.382) (98 -0.336) (99 -0.351) (100 0.312) 
     0.24271   (78 -0.422) (87 -0.582) 
     0.23029   (109 0.441) (114 -0.549) 
     0.22563   (90 -0.775) (93 0.475) 
     0.19536   (90 0.402) (96 0.538) (109 -0.435) 
     0.18505   (86 -0.317) (93 -0.612) (109 -0.365) 
     0.16188   (85 -0.302) (86 0.824) 
     0.13939   (89 -0.747) (93 0.328) (96 -0.313) 
     0.13517   (79 0.411) (81 -0.454) (83 -0.464) 
     0.12928   (71 -0.198) (77 0.343) (79 -0.251) (80 -0.2) (81 0.228) (85 0.203) (88 0.241) (89 0.269) (93 0.227) (96 -0.257) (114 0.206) (122 -0.245) 
     0.11787   (59 0.403) (63 -0.371) (69 0.368) 
     0.11317   (58 0.449) (59 -0.625) 
     0.10333   (58 -0.549) (63 0.437) 
    0.094603   (58 0.496) (59 0.32) (63 -0.288) (96 0.297) 
    0.093027   (58 -0.445) (59 -0.507) (63 -0.358) 
    0.082955   (59 0.242) (63 0.592) (67 -0.261) (69 0.227) (83 -0.279) 
     0.08036   (64 0.746) (67 0.304) 
    0.077012   (60 0.368) (62 0.423) (64 -0.517) (67 0.4) 
    0.073676   (60 -0.673) (62 -0.279) (68 -0.217) 
    0.065629   (60 0.364) (67 -0.302) (80 0.226) (114 -0.232) (118 -0.242) (119 0.267) 
    0.063637   (60 -0.305) (72 0.27) (76 0.255) (77 0.266) 
    0.061336   (60 0.298) (62 -0.589) 
    0.057693   (62 0.507) (72 -0.322) 
    0.056336   (68 0.509) (76 -0.313) 
    0.056029   (66 0.381) (72 0.377) (75 0.309) 
    0.050131   (66 -0.46) (67 -0.286) (76 0.367) (98 -0.303) 
    0.048069   (66 0.428) (67 0.293) (68 0.351) (72 -0.309) (75 -0.259) 
    0.047009   (72 0.266) (76 -0.407) (80 -0.277) (81 -0.28) (83 0.253) (88 0.293) 
    0.045247   (33 -0.767) (40 -0.512) 
    0.042833   (33 0.512) (40 -0.752) 
    0.042236   (75 0.322) (85 -0.34) (98 0.302) (124 -0.306) 
    0.041668   (48 -0.631) (49 -0.32) (50 0.335) 
    0.038473   (48 0.474) (74 -0.325) (75 -0.492) 
    0.031991   (18 0.415) (20 0.419) (28 0.492) 
    0.029442   (18 0.678) (20 -0.381) (21 0.366) 
    0.027904   (18 -0.425) (20 -0.503) (28 0.392) (38 0.374) 
     0.02565   (20 0.302) (28 -0.486) (29 -0.282) (38 0.487) 
    0.021369   (38 -0.453) (85 0.42) (88 -0.47) 
    0.021319   (122 -0.34) (125 0.356) (131 0.641) (134 0.321) 
    0.020638   (127 0.578) (160 -0.809) 
     0.01874   (127 0.577) (160 0.316) (161 0.753) 
    0.016217   (127 0.577) (160 0.494) (161 -0.65) 
    0.015386   (15 0.381) (17 -0.805) 
    0.014678   (138 0.995) 
