 1 1000
 2 541.933
 3 20.7878
 4 1000
 5 423.083
 6 299.214
 7 999.872
 8 3.1618
 9 993.903
 10 876.282
 11 2.45982
 12 793.987
 13 1000
 14 997.937
 15 0.825641
 16 1000
 17 997.257
 18 2.85703
 19 1000
 20 846.019
 21 151.93
 22 1000
 23 946.414
 24 53.2525
 25 238.163
 26 257.335
 27 14.6997
 28 985.297
 29 213.414
 30 239.926
 31 484.509
 32 50.4458
 33 851.4
 34 208.845
 35 146.525
 36 376.087
 37 988.498
 38 997.992
 39 3.43771
 40 603.565
 41 967.311
 42 1.73236
 43 496.268
 44 857.757
 45 15.0012
 46 997.853
 47 456.053
 48 546.484
 49 933.249
 50 204.197
 51 307.024
 52 170.524
 53 950.876
 54 277.852
 55 175.107
 56 215.154
 57 895.291
 58 94.4694
 59 159.686
 60 158.453
 61 21.763
 62 1.73204
 63 507.868
 64 295.28
 65 1.78282
 66 498.559
 67 957.08
 68 44.9908
 69 999.974
 70 1000
 71 875.863
 72 124.434
 73 999.621
 74 2.97063
 75 998.277
 76 986.838
 77 4.01448
 78 912.73
 79 999.16
 80 32.7281
 81 965.762
 82 989.273
 83 311.833
 84 2.55349
 85 107.457
 86 2.25137
 87 989.99
 88 1.72744
 89 1.65077
 90 1.93763
 91 8.66549
 92 390.964
 93 819.784
 94 514.541
 95 810.48
 96 926.017
 97 313.67
 98 245.885
 99 125.098
 100 604.079
 101 924.534
 102 107.05
 103 150.733
 104 128.631
 105 125.153
 106 158.599
 107 161.708
 108 163.775
 109 118.182
 110 91.1616
 111 172.676
 112 204.036
 113 186.105
 114 167.937
 115 168.733
 116 132.91
 117 166.163
 118 186.549
 119 142.269
 120 81.9209
 121 119.985
 122 47.0569
 123 61.2487
 124 35.659
 125 28.6979
 126 51.931
 127 25.6311
 128 85.3715
 129 66.6787
 130 58.2339
 131 20.1102
 132 20.685
 133 21.9821
 134 35.1658
 135 8.60564
 136 44.9807
 137 9.7132
 138 9.07296
 139 9.20013
 140 10.5969
 141 11.1482
 142 8.53702
 143 9.17298
 144 14.8172
 145 15.079
 146 12.557
 147 9.98589
 148 29.031
 149 15.7365
 150 11.942
 151 13.9039
 152 23.1324
 153 19.791
 154 13.2371
 155 19.894
 156 24.0233
 157 46.9168
 158 0.25526
 159 0.187015
 160 0.348015
 161 22.5504
 162 22.837
 163 375.822
 164 656.515
 165 5.61564
