 1 31.6228
 2 22.7128
 3 1.82228
 4 31.6228
 5 16.1685
 6 11.777
 7 31.62
 8 1.0069
 9 31.4686
 10 29.4236
 11 0.988616
 12 27.9334
 13 31.6228
 14 31.5831
 15 0.904412
 16 31.6228
 17 31.5459
 18 0.995203
 19 31.6228
 20 26.9537
 21 5.74572
 22 31.6228
 23 29.9956
 24 2.65333
 25 15.0161
 26 15.1287
 27 1.79473
 28 31.336
 29 10.5209
 30 11.6984
 31 21.5586
 32 2.62023
 33 28.125
 34 14.2678
 35 7.19543
 36 16.6777
 37 31.4197
 38 31.5655
 39 1.37362
 40 24.2829
 41 31.027
 42 1.29085
 43 21.661
 44 28.7059
 45 1.81568
 46 31.5652
 47 15.343
 48 18.0534
 49 30.3089
 50 13.8451
 51 14.7934
 52 8.80541
 53 30.641
 54 16.4444
 55 9.67999
 56 11.3968
 57 29.3407
 58 9.16573
 59 9.70729
 60 9.3762
 61 4.37842
 62 1.31011
 63 22.1778
 64 15.901
 65 0.973945
 66 21.3699
 67 30.3272
 68 2.77376
 69 31.622
 70 31.6228
 71 27.9018
 72 5.26317
 73 31.6142
 74 1.35213
 75 31.5743
 76 31.3983
 77 1.39943
 78 30.1201
 79 31.6038
 80 2.38602
 81 30.624
 82 31.3964
 83 17.1242
 84 1.36907
 85 10.1459
 86 1.38185
 87 31.3942
 88 1.10841
 89 1.05204
 90 1.26351
 91 2.44197
 92 18.005
 93 27.0175
 94 19.8856
 95 27.203
 96 29.8693
 97 16.4914
 98 14.0812
 99 9.1883
 100 23.6332
 101 30.025
 102 9.32615
 103 11.6591
 104 10.6125
 105 10.5285
 106 12.1838
 107 12.2252
 108 12.2683
 109 10.0918
 110 8.18578
 111 12.4514
 112 13.936
 113 13.2191
 114 12.405
 115 12.2517
 116 10.445
 117 12.0811
 118 13.0031
 119 11.2248
 120 8.39734
 121 10.595
 122 6.66805
 123 7.66982
 124 5.4804
 125 5.13086
 126 6.91081
 127 4.53207
 128 8.70939
 129 7.39382
 130 7.0804
 131 4.14384
 132 4.44949
 133 4.56239
 134 5.8387
 135 2.69548
 136 6.63492
 137 2.9139
 138 2.86248
 139 2.87756
 140 3.10062
 141 3.07702
 142 2.68805
 143 2.82104
 144 3.70166
 145 3.77339
 146 3.40198
 147 2.92423
 148 5.19127
 149 3.79847
 150 3.28708
 151 3.5467
 152 4.70166
 153 4.32751
 154 3.52198
 155 4.37679
 156 4.8181
 157 6.78803
 158 0.211409
 159 0.342172
 160 0.267949
 161 3.73962
 162 4.30063
 163 17.0076
 164 24.2418
 165 0.528515
