 1 56988.4
 2 679.83
 3 25.8691
 4 178390
 5 525.098
 6 371.304
 7 566005
 8 43.8106
 9 18494.6
 10 2371.39
 11 4.55922
 12 1809.5
 13 274489
 14 3615.47
 15 0.847481
 16 371744
 17 3725.24
 18 8.2948
 19 123875
 20 2256.49
 21 403.47
 22 160157
 23 3343.93
 24 185.505
 25 256.068
 26 319.081
 27 18.0889
 28 2647.09
 29 263.899
 30 295.278
 31 515.127
 32 66.4239
 33 1126.76
 34 215.096
 35 165.454
 36 426.613
 37 1519.76
 38 3033.36
 39 7.12775
 40 973.253
 41 4324.02
 42 1.98608
 43 695.255
 44 1528.15
 45 25.7681
 46 5650.96
 47 1191
 48 1292.5
 49 1903.02
 50 206.269
 51 389.445
 52 215.143
 53 2955.58
 54 316.142
 55 236.268
 56 295.764
 57 1059.17
 58 95.6895
 59 173.385
 60 172.26
 61 21.8548
 62 1.73267
 63 543.952
 64 296.616
 65 1.79083
 66 504.898
 67 3709.53
 68 165.628
 69 132078
 70 178470
 71 2213.96
 72 311.342
 73 16657.2
 74 25.7067
 75 17252.6
 76 8354.74
 77 7.26607
 78 2002.89
 79 8307.98
 80 100.461
 81 2772.85
 82 1576.41
 83 332.077
 84 2.62905
 85 137.646
 86 2.4685
 87 5577.29
 88 1.72763
 89 1.65079
 90 1.93783
 91 9.3176
 92 446.331
 93 1216.84
 94 735.865
 95 1345.54
 96 1747.67
 97 327.787
 98 254.381
 99 126.261
 100 694.705
 101 1406.24
 102 110.836
 103 153.08
 104 129.681
 105 125.81
 106 159.134
 107 162.42
 108 164.633
 109 118.996
 110 92.8285
 111 173.667
 112 204.873
 113 186.696
 114 168.264
 115 169.112
 116 133.551
 117 166.629
 118 186.758
 119 142.615
 120 82.6464
 121 120.44
 122 47.405
 123 62.0095
 124 35.8662
 125 29.1848
 126 52.2772
 127 26.7626
 128 87.8879
 129 67.9311
 130 59.1733
 131 20.3651
 132 20.8783
 133 22.251
 134 36.1138
 135 8.78174
 136 45.2338
 137 9.96477
 138 9.2847
 139 9.43172
 140 11.0029
 141 11.8259
 142 8.90859
 143 9.49525
 144 15.1561
 145 15.3049
 146 12.8048
 147 10.4035
 148 29.8982
 149 16.1301
 150 12.1762
 151 14.1758
 152 23.5419
 153 20.4031
 154 13.5613
 155 20.1196
 156 24.171
 157 47.0967
 158 0.303964
 159 0.193178
 160 0.453435
 161 27.8572
 162 25.6215
 163 975.161
 164 1162.09
 165 5.93995
