 Smallest eigenvalues
  1.7177e-06   (9 -1) 
    2.69e-06   (47 0.652) (50 -0.421) (46 0.271) (53 0.219) (48 -0.207) (45 -0.198) (42 -0.196) (154 -0.187) (40 0.138) (43 0.132) (13 -0.127) (78 0.115) (36 0.107) (54 0.0942) (37 -0.0692) (49 0.0624) (52 0.0574) (60 0.0528) (24 0.0509) (38 -0.0475) (44 0.0374) (17 -0.0337) (31 0.0279) (25 -0.0271) (51 -0.0271) (58 0.027) (32 -0.027) (14 0.0256) (26 0.0255) (73 -0.0237) (56 0.0234) (39 -0.0199) (28 -0.0188) (41 -0.0181) (57 0.0171) (59 -0.0165) (11 -0.0155) (23 -0.0155) (71 -0.0143) (35 -0.0138) (21 0.013) (68 0.0129) (79 -0.0128) (16 0.0128) (55 -0.0127) (30 -0.0121) (33 -0.0115) (72 0.0112) 
  3.6431e-06   (154 -0.982) (47 -0.124) (50 0.0804) (46 -0.0518) (53 -0.0418) (48 0.0395) (45 0.0379) (42 0.0374) (40 -0.0265) (43 -0.0253) (13 0.0245) (78 -0.0215) (36 -0.0205) (54 -0.0179) (37 0.0132) (49 -0.0119) (52 -0.0109) (60 -0.01) 
  5.6032e-06   (5 1) 
  5.6057e-06   (148 0.643) (43 -0.469) (42 -0.367) (45 0.324) (40 0.182) (44 0.144) (46 -0.135) (36 0.122) (13 -0.104) (37 -0.0843) (78 0.0671) (24 0.0499) (48 -0.0456) (38 -0.0382) (26 0.036) (51 0.035) (41 -0.0311) (17 -0.028) (39 -0.0267) (32 -0.0263) (60 0.024) (25 -0.0219) (14 0.0207) (31 0.02) (52 0.0197) (77 -0.0176) (16 0.0169) (56 0.0158) (23 -0.0156) (33 -0.014) (11 -0.013) (53 -0.0128) (73 -0.0125) (54 0.012) 
  6.2439e-06   (148 0.766) (43 0.394) (42 0.308) (45 -0.272) (40 -0.153) (44 -0.121) (46 0.113) (36 -0.103) (13 0.0877) (37 0.0708) (78 -0.0563) (24 -0.042) (48 0.0383) (38 0.0321) (26 -0.0303) (51 -0.0294) (41 0.0261) (17 0.0235) (39 0.0225) (32 0.0221) (60 -0.0201) (25 0.0184) (14 -0.0174) (31 -0.0168) (52 -0.0166) (77 0.0148) (16 -0.0142) (56 -0.0133) (23 0.0132) (33 0.0118) (11 0.0109) (53 0.0108) (73 0.0105) (54 -0.0101) 
  7.5677e-06   (1 -0.986) (27 0.118) (26 0.0684) (24 0.0528) (36 -0.0429) (25 -0.0283) (13 -0.0282) (37 0.0227) (40 -0.0225) (32 0.0187) (31 -0.0157) (30 -0.0152) (29 0.0133) (33 0.0131) (28 -0.011) (17 -0.0107) (23 -0.0102) 
  8.0726e-06   (156 -0.999) (27 0.0326) (26 0.0191) (24 0.0154) (13 -0.0116) (36 -0.0113) 
  1.7547e-05   (27 -0.68) (26 -0.398) (24 -0.322) (13 0.24) (36 0.236) (1 -0.166) (25 0.165) (37 -0.126) (40 0.124) (32 -0.103) (31 0.0992) (30 0.0842) (29 -0.079) (33 -0.0775) (17 0.0766) (16 -0.0665) (23 0.0645) (28 0.0626) (156 -0.0479) (78 -0.0479) (21 -0.0428) (14 -0.0424) (20 -0.0412) (38 -0.0283) (42 -0.0278) (35 -0.0277) (39 -0.0273) (11 0.0246) (15 -0.0201) (60 -0.0173) (48 0.0169) (19 0.0164) (41 -0.0154) (79 0.0148) (22 0.0146) (49 0.0128) (77 0.0122) (55 0.0116) (43 0.0113) (73 0.0108) (46 0.0107) (47 0.0105) 
  3.3998e-05   (19 0.715) (43 0.4) (46 -0.291) (20 -0.272) (45 0.182) (42 -0.167) (21 0.163) (44 -0.152) (36 0.114) (40 0.0929) (24 0.0801) (47 -0.0716) (50 -0.0558) (78 0.054) (25 -0.0496) (48 -0.0485) (38 -0.0437) (26 0.0378) (28 -0.036) (49 0.0332) (33 -0.0326) (35 -0.0295) (74 -0.0269) (22 0.0269) (27 0.0266) (52 0.0264) (31 0.025) (60 0.0193) (72 0.0192) (63 0.0163) (67 -0.0151) (16 0.0149) (39 -0.0147) (30 0.0147) (41 -0.0143) (69 0.0139) (68 0.0124) (79 0.012) (37 -0.0119) (23 0.011) 
   0.0001051   (157 -0.999) (19 -0.025) (43 0.0231) (46 -0.0152) (45 0.0115) 
  0.00010983   (19 0.549) (43 -0.526) (46 0.346) (45 -0.262) (20 -0.218) (44 0.204) (42 0.192) (40 -0.149) (13 0.136) (21 0.112) (36 -0.102) (47 0.1) (78 -0.0802) (50 0.0682) (37 0.0507) (48 0.0461) (157 -0.0445) (17 0.0375) (22 0.0326) (38 0.0315) (60 -0.0299) (23 0.0292) (26 -0.0264) (33 0.0252) (34 -0.0242) (14 -0.024) (39 0.023) (74 0.0227) (28 -0.0223) (77 0.0215) (56 -0.0214) (55 0.021) (27 0.0175) (72 -0.0174) (29 -0.0169) (58 -0.0168) (11 0.0163) (16 -0.0156) (67 0.0143) (52 -0.0142) (57 0.0128) (63 -0.0127) (68 -0.0126) (75 0.0126) (82 -0.0124) (24 -0.0124) (69 -0.0117) (73 0.0111) (32 0.0106) 
  0.00013463   (3 1) 
  0.00015743   (23 -0.649) (24 -0.463) (13 -0.363) (17 -0.242) (20 -0.2) (25 0.189) (22 -0.151) (21 0.131) (26 -0.103) (31 -0.0871) (14 0.0862) (28 0.0852) (40 -0.0651) (36 -0.0629) (37 0.0523) (42 0.0478) (27 0.0453) (32 0.0433) (11 -0.0413) (38 0.0399) (45 0.0331) (30 0.0256) (15 0.0204) (46 -0.0201) (78 0.0177) (51 0.0152) (12 0.0144) (57 0.0139) (29 -0.011) (39 0.0102) (44 -0.0101) 
  0.00017719   (159 1) 
  0.00021896   (2 -1) 
  0.00024598   (21 -0.766) (23 0.332) (13 -0.316) (17 -0.298) (19 0.195) (24 -0.176) (22 0.0822) (25 0.0802) (14 0.0752) (16 0.0612) (26 -0.056) (36 -0.056) (40 -0.0498) (158 -0.0446) (20 -0.0428) (37 0.0408) (32 0.0363) (11 -0.036) (28 0.0314) (31 -0.0287) (27 0.0244) (29 -0.0239) (15 0.023) (42 0.0184) (38 0.0176) (46 -0.0171) (78 0.0159) (35 0.0136) (12 0.0119) (30 0.0106) 
  0.00026258   (158 -0.999) (21 0.0342) (23 -0.0148) (13 0.0141) (17 0.0133) 
  0.00029343   (8 -1) 
  0.00030255   (26 -0.708) (150 -0.389) (24 0.367) (25 -0.333) (13 -0.171) (30 0.138) (36 -0.109) (17 -0.0815) (23 -0.078) (40 -0.0737) (37 0.0722) (32 0.0548) (16 0.0505) (20 0.0419) (29 0.037) (22 -0.0354) (14 0.0344) (53 0.0324) (51 -0.0289) (47 -0.0275) (21 0.0272) (78 0.0209) (50 -0.0205) (45 0.0195) (15 0.0194) (11 -0.0159) (35 0.0159) (39 0.0158) (34 0.0134) (41 0.0128) (33 0.0128) (52 0.012) (54 0.0114) (76 -0.0108) (43 -0.0104) 
  0.00030562   (150 -0.921) (26 0.299) (24 -0.155) (25 0.141) (13 0.0724) (30 -0.0583) (36 0.0461) (17 0.0344) (23 0.033) (40 0.0311) (37 -0.0305) (32 -0.0231) (16 -0.0213) (20 -0.0177) (29 -0.0156) (22 0.0149) (14 -0.0146) (53 -0.0137) (51 0.0122) (47 0.0116) (21 -0.0115) 
  0.00032225   (6 1) 
  0.00032669   (21 0.503) (20 0.431) (23 0.38) (22 0.345) (13 -0.266) (24 -0.24) (153 -0.229) (17 -0.217) (25 0.155) (19 0.0869) (16 0.0857) (36 -0.0798) (26 -0.0742) (40 -0.0696) (14 0.0664) (32 0.0442) (37 0.0441) (15 0.0369) (11 -0.0253) (30 0.0245) (78 0.0232) (31 0.0207) (39 0.0177) (46 -0.0153) (35 0.0145) (29 -0.014) (41 0.0136) (73 -0.0136) (51 -0.012) (33 0.0118) (45 0.0116) (53 0.0112) 
   0.0003631   (153 -0.974) (21 -0.118) (20 -0.101) (23 -0.0892) (22 -0.081) (13 0.0624) (24 0.0563) (17 0.0511) (25 -0.0363) (19 -0.0204) (16 -0.0201) (36 0.0187) (26 0.0174) (40 0.0163) (14 -0.0156) (32 -0.0104) (37 -0.0103) 
  0.00037599   (73 -0.704) (57 -0.432) (60 -0.234) (58 -0.208) (65 0.177) (70 0.172) (78 -0.159) (42 -0.146) (51 -0.137) (59 0.123) (74 -0.102) (55 -0.0926) (45 -0.0884) (69 0.0883) (71 -0.0749) (31 0.0614) (56 0.0577) (72 0.0524) (79 0.0501) (36 -0.0475) (47 -0.0443) (52 -0.0412) (20 -0.04) (38 -0.0372) (54 -0.0342) (77 0.0337) (48 -0.0332) (44 0.0303) (16 -0.0298) (13 -0.027) (68 -0.0269) (46 0.0249) (43 0.0245) (100 0.0234) (122 0.0229) (50 0.0225) (89 -0.0219) (61 -0.0218) (66 -0.0211) (49 -0.021) (41 0.0191) (104 0.0183) (28 -0.017) (115 -0.0168) (109 0.0168) (63 -0.0161) (124 0.016) (91 -0.0159) (84 0.0153) (88 0.014) (118 0.0137) (99 -0.0134) (19 -0.0132) (126 0.0128) (90 -0.0113) (76 -0.0109) (62 -0.0108) (116 0.0107) (24 -0.0104) (25 0.0102) 
  0.00041614   (73 0.639) (57 -0.405) (65 0.252) (58 -0.244) (152 -0.22) (60 -0.217) (42 -0.18) (69 0.152) (59 0.147) (45 -0.14) (51 -0.136) (68 -0.116) (70 0.0948) (13 -0.0817) (31 0.0786) (56 0.0712) (47 -0.07) (74 0.0693) (38 -0.0628) (49 0.062) (55 -0.0604) (46 0.0582) (72 -0.0529) (54 -0.0505) (37 -0.0435) (44 0.0415) (43 0.038) (53 -0.0368) (50 0.0356) (78 0.0332) (20 -0.0326) (79 -0.0323) (28 -0.0313) (16 -0.0291) (66 -0.0285) (41 0.0268) (61 -0.0263) (122 -0.0226) (118 0.0217) (63 -0.0213) (84 0.0202) (71 0.0198) (19 -0.0193) (119 -0.0185) (17 -0.0185) (116 0.0172) (115 -0.017) (121 -0.0169) (91 -0.0164) (21 0.0163) (127 0.0155) (14 0.0153) (39 0.0153) (89 -0.0148) (125 -0.0147) (62 -0.0144) (126 -0.0138) (52 -0.0134) (135 0.0126) (99 -0.012) (130 0.0115) (48 0.0109) (100 0.0106) (104 0.0105) (67 0.0104) (11 -0.0102) 
  0.00047017   (152 -0.975) (73 -0.137) (57 0.0962) (65 -0.0585) (58 0.0573) (60 0.0514) (42 0.0429) (69 -0.035) (59 -0.0346) (45 0.0329) (51 0.0325) (68 0.0264) (70 -0.0229) (13 0.019) (31 -0.0187) (56 -0.0168) (47 0.0164) (38 0.0148) (55 0.0147) (74 -0.0147) (49 -0.0138) (46 -0.0135) (54 0.0118) (72 0.0114) (37 0.01) 
  0.00047619   (25 0.833) (24 0.509) (26 -0.101) (51 -0.0746) (53 -0.0694) (23 -0.0664) (55 0.0607) (54 0.0606) (13 -0.0589) (56 -0.0365) (57 0.0346) (45 -0.0333) (20 -0.0306) (52 -0.0281) (28 -0.0255) (42 -0.0252) (40 -0.0245) (17 -0.0239) (49 0.0237) (16 0.0235) (31 0.0185) (47 -0.017) (46 0.0161) (78 0.0159) (48 0.0142) (27 -0.0141) (60 0.0131) (21 -0.0129) (50 0.0126) (22 0.0123) (33 0.0114) 
  0.00048411   (147 0.728) (51 -0.34) (53 -0.279) (55 0.258) (54 0.244) (56 -0.169) (42 -0.14) (52 -0.14) (45 -0.137) (57 0.127) (25 -0.101) (49 0.0637) (13 -0.0577) (47 -0.0549) (50 0.0548) (60 0.0538) (46 0.0523) (31 0.0487) (24 -0.0471) (48 0.038) (37 -0.037) (38 -0.0363) (40 0.0349) (73 -0.0342) (43 0.034) (44 0.031) (58 0.0275) (78 0.0269) (26 0.0242) (36 0.018) (59 -0.0172) (16 -0.0148) (41 0.0127) (14 0.0126) (20 -0.0125) (28 -0.0121) (17 -0.0113) (19 -0.011) (22 -0.0103) 
   0.0004879   (147 0.686) (51 0.361) (53 0.297) (55 -0.274) (54 -0.26) (56 0.179) (42 0.149) (52 0.149) (45 0.146) (57 -0.135) (25 0.104) (49 -0.0678) (13 0.0616) (47 0.0584) (50 -0.0582) (60 -0.0571) (46 -0.0556) (31 -0.0519) (24 0.0475) (48 -0.0404) (37 0.0394) (38 0.0386) (40 -0.037) (73 0.0363) (43 -0.0362) (44 -0.033) (58 -0.0293) (78 -0.0286) (26 -0.0252) (36 -0.0191) (59 0.0183) (16 0.0156) (41 -0.0135) (20 0.0135) (14 -0.0134) (28 0.013) (17 0.0121) (19 0.0116) (22 0.0109) 
  0.00053476   (54 -0.732) (40 0.295) (52 -0.291) (55 0.261) (51 -0.216) (53 0.214) (57 0.165) (37 0.151) (36 -0.136) (42 -0.131) (38 0.125) (45 -0.108) (50 0.0625) (60 0.0518) (39 -0.0456) (78 0.0437) (56 0.0435) (70 0.0283) (43 0.0264) (44 0.0238) (47 -0.0231) (46 0.0207) (49 0.0203) (32 0.017) (151 -0.0163) (25 0.0162) (20 -0.0155) (48 0.0139) (73 -0.0134) (69 0.0125) (58 0.0108) (77 -0.0105) (35 0.0102) 
  0.00059604   (151 -0.973) (40 -0.144) (37 -0.101) (38 -0.0834) (36 0.0791) (54 -0.0613) (31 0.029) (39 0.0257) (13 -0.0249) (52 -0.022) (51 -0.02) (55 0.0179) (53 0.0176) (57 0.0152) (49 -0.0143) (24 0.0108) (42 0.0108) (25 -0.0105) (78 0.0105) (32 -0.0103) (26 0.0101) 
  0.00060227   (40 0.587) (37 0.417) (38 0.344) (36 -0.325) (54 0.311) (151 -0.23) (31 -0.122) (52 0.114) (39 -0.106) (13 0.105) (51 0.1) (55 -0.0942) (53 -0.0896) (57 -0.0756) (49 0.0593) (78 -0.0476) (24 -0.0453) (25 0.0433) (26 -0.0421) (32 0.0421) (42 -0.0361) (73 0.0359) (60 -0.0337) (22 0.0308) (45 -0.0299) (48 0.0283) (56 -0.0235) (14 -0.0226) (33 0.0224) (17 0.0216) (41 -0.0192) (19 0.0182) (46 0.0173) (27 -0.0157) (20 0.0156) (43 0.015) (28 0.0136) (35 0.0125) (11 0.0116) (65 0.0114) (77 0.0109) (79 0.0106) (68 -0.0104) (70 -0.01) 
  0.00064016   (70 -0.71) (69 -0.56) (57 -0.233) (71 0.213) (68 0.142) (51 -0.125) (49 -0.119) (60 -0.0755) (42 -0.0659) (58 -0.0627) (48 -0.0418) (59 0.0359) (52 -0.0359) (54 -0.0356) (31 0.0345) (36 -0.0337) (84 0.0295) (149 0.0291) (20 -0.0272) (45 -0.0226) (55 -0.0222) (74 -0.0192) (125 -0.0188) (89 -0.0178) (75 -0.0176) (100 0.0173) (16 -0.017) (38 -0.0158) (127 0.0149) (13 -0.0147) (115 -0.0145) (104 0.0145) (83 -0.0144) (122 0.014) (79 -0.0137) (67 -0.0132) (97 -0.0132) (88 0.0131) (91 -0.013) (41 0.0126) (56 0.0124) (40 0.0118) (66 0.0107) (124 0.0106) (90 0.0103) (107 -0.0103) (77 0.0102) 
  0.00064903   (149 0.85) (49 0.388) (51 0.181) (45 -0.125) (48 0.113) (42 -0.111) (50 0.107) (47 -0.0969) (53 0.0701) (46 0.0678) (55 -0.0526) (13 -0.0468) (73 -0.0462) (37 -0.0402) (44 0.039) (69 -0.0385) (43 0.037) (38 -0.0349) (31 0.0327) (78 0.0309) (70 -0.0303) (36 0.0284) (52 0.0275) (57 0.0272) (58 0.0253) (68 0.0222) (65 -0.0205) (56 -0.0163) (59 -0.0162) (60 0.0158) (25 -0.0128) (28 -0.0125) (79 -0.0112) (22 -0.0103) (24 0.0102) (14 0.01) 
  0.00071553   (49 -0.62) (149 0.527) (51 -0.285) (45 0.203) (42 0.183) (48 -0.179) (50 -0.172) (47 0.156) (53 -0.113) (46 -0.109) (69 0.0933) (70 0.0882) (55 0.0863) (13 0.0764) (73 0.0753) (37 0.0648) (44 -0.0635) (43 -0.0601) (38 0.0573) (31 -0.0549) (78 -0.0504) (36 -0.0438) (68 -0.0438) (52 -0.0423) (58 -0.0373) (65 0.033) (57 -0.0304) (56 0.0256) (59 0.0241) (60 -0.0211) (28 0.0207) (25 0.02) (79 0.0188) (71 -0.0168) (22 0.0165) (24 -0.0164) (14 -0.0162) (17 0.0159) (19 0.015) (16 0.0127) (39 -0.012) (41 -0.0118) (21 -0.0114) (20 0.0112) (72 -0.0111) (121 0.0107) (40 -0.0104) (54 0.0103) (32 0.0102) 
  0.00075897   (38 -0.67) (39 -0.483) (36 -0.314) (20 -0.241) (23 0.178) (42 0.173) (40 0.17) (22 -0.125) (19 -0.0986) (21 0.0955) (16 -0.0761) (41 -0.0754) (31 0.0752) (13 -0.0712) (45 0.059) (35 0.0385) (32 0.0366) (51 0.0363) (57 0.0305) (25 0.0276) (17 -0.0271) (24 -0.0253) (43 -0.0204) (44 -0.0193) (26 -0.019) (55 0.0187) (47 0.0173) (34 -0.0161) (33 -0.0128) (14 0.0122) (78 -0.0109) (46 -0.0109) (56 -0.0104) 
  0.00080992   (20 -0.526) (23 0.491) (22 -0.363) (38 0.284) (21 0.261) (19 -0.23) (31 -0.202) (13 -0.174) (39 0.159) (36 0.13) (16 -0.105) (28 0.0893) (17 -0.0817) (40 -0.058) (143 0.0409) (14 0.0346) (37 0.0327) (35 -0.0229) (30 0.0229) (25 0.0213) (11 -0.0205) (26 -0.0201) (32 -0.0132) (45 0.013) (49 -0.012) (42 0.0117) (41 0.0102) 
  0.00085394   (143 0.999) (20 0.0226) (23 -0.0209) (141 0.0172) (22 0.0154) (21 -0.0111) 
  0.00089582   (49 -0.489) (51 0.41) (42 -0.392) (47 -0.318) (45 -0.305) (16 -0.26) (50 -0.232) (57 0.131) (17 0.111) (13 -0.106) (55 0.102) (36 -0.101) (41 0.0929) (46 0.086) (56 -0.0762) (48 0.0753) (31 0.0752) (44 0.0683) (43 0.0616) (52 0.0559) (38 -0.0551) (40 -0.0537) (78 -0.0456) (39 0.0307) (24 -0.0299) (60 0.0282) (53 0.0264) (58 0.0239) (14 0.0218) (25 0.0198) (32 0.0192) (54 0.0167) (35 0.0163) (28 -0.016) (26 -0.0141) (84 0.0137) (77 0.0133) (69 0.0131) (59 -0.0123) (68 -0.0117) (19 0.0113) (11 -0.0112) (118 0.0108) (21 -0.0108) 
   0.0010827   (16 -0.769) (17 0.402) (13 -0.302) (20 0.184) (42 0.157) (49 0.13) (45 0.11) (31 -0.109) (19 0.106) (51 -0.0982) (47 0.0946) (14 0.0718) (50 0.0603) (21 -0.0545) (28 0.0491) (38 0.0433) (41 -0.0349) (36 0.0335) (11 -0.0333) (46 -0.0331) (22 0.0296) (44 -0.0276) (57 -0.0261) (43 -0.025) (55 -0.0233) (37 0.0221) (48 -0.0212) (56 0.0176) (26 -0.0159) (52 -0.0155) (25 0.0147) (30 0.0141) (78 0.0131) (40 0.0125) (39 -0.0119) (12 0.0115) (24 0.0103) 
   0.0013144   (146 -1) 
   0.0014779   (55 -0.716) (31 0.391) (56 -0.372) (57 0.248) (51 -0.218) (33 0.162) (54 -0.0873) (52 -0.0866) (37 0.0725) (28 -0.0677) (20 -0.0668) (38 0.0651) (49 -0.0631) (48 -0.061) (13 -0.0498) (16 -0.0491) (78 -0.0453) (35 -0.0377) (42 -0.0364) (47 -0.0349) (60 0.0323) (58 0.0282) (19 -0.028) (45 -0.0267) (30 -0.0224) (73 0.0222) (72 0.0201) (68 -0.0192) (69 0.0189) (32 0.0187) (34 0.0167) (79 0.0149) (65 0.0146) (59 -0.0143) (44 0.0141) (139 0.0138) (39 -0.0131) (29 -0.0127) (24 -0.0127) (50 0.0115) (22 -0.0104) (14 0.0101) 
   0.0015283   (31 0.717) (55 0.345) (33 0.341) (42 0.197) (38 0.181) (56 0.165) (51 0.149) (37 0.136) (36 0.132) (139 0.118) (28 -0.115) (13 -0.105) (35 -0.1) (57 -0.0909) (45 0.0782) (20 -0.0675) (52 0.0512) (41 -0.05) (16 -0.045) (54 0.0442) (34 0.0439) (40 0.0418) (39 -0.0412) (30 -0.0391) (19 -0.0382) (48 0.0289) (17 -0.0274) (22 -0.0271) (47 0.0269) (44 -0.0261) (78 0.0236) (43 -0.0231) (26 0.0216) (25 -0.0209) (14 0.0193) (46 -0.0184) (73 -0.0181) (29 -0.0174) (49 0.0154) (50 -0.0153) (27 0.0151) (21 0.0146) (11 -0.0128) (32 0.0124) (60 -0.0108) 
   0.0015679   (139 0.993) (31 -0.091) (33 -0.0428) (55 -0.0309) (42 -0.0226) (38 -0.0223) (37 -0.0171) (36 -0.0156) (135 0.0149) (28 0.0146) (56 -0.0145) (51 -0.0144) (13 0.0133) (35 0.0124) 
   0.0016743   (14 -0.873) (32 -0.315) (13 -0.243) (33 -0.199) (15 -0.137) (28 -0.0746) (31 0.0634) (36 -0.0619) (37 0.0495) (134 -0.0366) (38 0.032) (40 -0.0317) (42 0.0227) (34 -0.0204) (30 -0.0161) (17 -0.0158) (72 -0.0141) (25 -0.0121) (44 -0.0117) (45 0.0114) 
   0.0018579   (134 -0.738) (32 -0.475) (33 -0.303) (14 0.298) (31 0.108) (28 -0.0997) (36 -0.095) (37 0.0718) (15 0.0495) (38 0.0487) (40 -0.0393) (34 -0.0326) (42 0.0318) (24 0.0312) (26 0.0252) (30 -0.023) (17 -0.0228) (25 -0.0171) (44 -0.0147) (45 0.0118) (52 -0.0116) (43 -0.0112) (19 -0.0111) 
   0.0019168   (134 -0.674) (32 0.537) (33 0.343) (14 -0.279) (31 -0.122) (28 0.113) (36 0.107) (37 -0.0814) (38 -0.0551) (15 -0.0467) (40 0.0447) (34 0.0369) (42 -0.036) (24 -0.0342) (26 -0.0282) (30 0.0261) (17 0.0259) (25 0.0194) (44 0.0167) (13 0.0141) (45 -0.0135) (52 0.0128) (43 0.0127) (19 0.0118) (51 -0.0112) (78 -0.0106) (18 0.0102) 
    0.001961   (28 -0.871) (52 -0.243) (31 -0.201) (30 -0.196) (53 0.125) (29 0.108) (32 0.107) (54 0.102) (24 -0.0812) (26 -0.0719) (33 0.0646) (68 0.0637) (46 -0.0624) (27 -0.0612) (51 0.0532) (36 0.0518) (69 -0.0442) (70 0.0405) (48 0.0364) (50 0.0362) (71 -0.0357) (16 -0.0347) (20 -0.0324) (47 0.0322) (49 -0.0313) (19 -0.0293) (72 0.0277) (44 -0.0261) (37 -0.0261) (39 -0.0234) (60 -0.023) (35 0.0205) (42 0.0197) (34 0.0188) (73 0.0185) (74 0.0176) (15 0.0171) (25 0.017) (43 -0.0163) (38 0.0152) (41 0.0149) (56 -0.0133) (45 0.0125) (78 -0.0123) (58 -0.012) (17 -0.0119) (132 -0.0113) (82 -0.0112) (61 -0.0112) (66 -0.0108) (57 -0.0104) 
   0.0020507   (68 0.591) (69 -0.38) (70 0.351) (71 -0.323) (52 0.209) (72 0.193) (132 -0.183) (74 0.158) (78 -0.139) (73 0.111) (131 -0.108) (53 -0.105) (67 -0.102) (54 -0.0942) (46 0.0926) (51 -0.0892) (77 -0.0863) (58 0.0744) (65 -0.0684) (63 0.0649) (57 -0.0581) (42 -0.0503) (56 0.0487) (83 -0.0451) (60 -0.0435) (82 -0.038) (66 -0.0374) (87 0.0329) (55 -0.0317) (80 -0.0315) (59 -0.0293) (43 0.0287) (45 0.0268) (109 -0.0257) (31 0.0251) (75 0.022) (107 -0.0216) (41 0.0212) (49 -0.0185) (36 -0.0175) (96 -0.0164) (118 -0.0163) (44 0.0162) (76 0.0159) (47 -0.0152) (48 0.0136) (61 -0.013) (84 0.0124) (92 0.0119) (91 -0.0118) (38 -0.0116) (16 -0.0112) 
   0.0023163   (52 0.53) (132 -0.497) (53 -0.295) (28 -0.249) (54 -0.244) (131 -0.24) (68 -0.194) (69 0.15) (46 0.145) (70 -0.142) (51 -0.11) (71 0.108) (48 -0.105) (72 -0.09) (47 -0.0821) (60 0.076) (73 -0.0695) (58 0.0661) (44 0.0593) (74 -0.0571) (50 -0.054) (49 0.0507) (56 0.0502) (30 -0.0496) (31 -0.0489) (59 -0.041) (43 0.0403) (78 0.037) (57 0.0304) (67 0.0292) (29 0.029) (84 -0.0286) (24 -0.0283) (66 0.0282) (82 0.0274) (41 -0.0271) (61 0.027) (45 0.025) (63 -0.0222) (26 -0.0218) (65 0.0215) (34 0.0204) (36 0.0201) (27 -0.0182) (13 -0.0178) (16 -0.016) (19 -0.0158) (77 0.0152) (75 -0.0144) (20 -0.0142) (130 0.0129) (115 0.0129) (32 0.0128) (39 -0.0126) (118 -0.0123) (91 -0.0116) (92 0.0115) (17 -0.0108) (100 -0.0108) (14 0.0108) 
   0.0024211   (132 -0.737) (52 -0.414) (131 -0.328) (53 0.227) (54 0.19) (28 0.183) (46 -0.123) (51 0.0982) (48 0.0675) (58 -0.0644) (47 0.0595) (56 -0.0469) (44 -0.0444) (60 -0.04) (50 0.0379) (30 0.0369) (59 0.0355) (43 -0.0349) (31 0.0301) (49 -0.0291) (45 -0.0244) (68 -0.0232) (29 -0.0229) (24 0.0225) (73 0.0182) (42 0.0169) (26 0.0163) (84 0.0163) (61 -0.0148) (16 0.0146) (34 -0.0142) (13 0.0134) (20 0.0129) (27 0.0129) (41 0.0125) (77 0.0119) (19 0.0116) (71 0.0111) (78 0.0107) (72 0.0106) (91 0.0104) (92 -0.0103) 
   0.0025207   (22 0.797) (20 -0.448) (56 -0.231) (19 -0.21) (23 -0.0845) (15 -0.073) (55 0.072) (31 -0.0719) (25 -0.0717) (16 -0.0713) (57 -0.0709) (24 0.0689) (51 0.0619) (42 0.0566) (36 0.0505) (28 0.0395) (29 0.0373) (45 0.0371) (54 -0.0366) (11 -0.0306) (13 -0.0279) (52 0.0262) (47 0.0232) (18 0.0215) (78 0.0204) (60 -0.0189) (50 -0.0187) (44 -0.0184) (32 -0.0183) (49 0.0182) (27 -0.0173) (14 0.0164) (70 0.0138) (125 -0.0137) (38 0.0135) (35 -0.0135) (41 0.0123) (119 0.0116) (121 0.0105) 
    0.002614   (60 0.84) (56 0.346) (58 -0.245) (59 0.143) (55 -0.133) (78 -0.109) (22 0.0971) (57 -0.092) (20 -0.0732) (54 0.0729) (45 -0.0698) (51 -0.0691) (52 -0.0647) (50 0.0581) (47 -0.0574) (133 0.0444) (79 0.0427) (49 -0.0304) (68 0.0302) (19 -0.0292) (42 -0.026) (65 0.025) (108 -0.0244) (63 0.0242) (125 -0.0231) (16 -0.0221) (44 0.0211) (84 -0.021) (72 -0.0207) (46 0.0197) (109 0.0194) (77 0.0188) (70 0.0176) (71 -0.0173) (15 -0.0168) (69 -0.0161) (31 0.016) (121 -0.014) (107 0.0127) (120 0.0116) (99 -0.0111) (64 -0.0101) (90 -0.0101) 
   0.0027027   (133 0.738) (56 0.482) (57 0.257) (60 -0.246) (22 0.125) (55 -0.118) (51 -0.107) (20 -0.093) (48 0.0844) (54 0.0815) (58 0.0797) (42 -0.0782) (41 0.0557) (59 -0.0419) (45 -0.0398) (19 -0.0381) (53 -0.0304) (68 -0.0298) (50 0.0296) (70 -0.0292) (16 -0.0291) (36 -0.0287) (52 -0.0286) (78 -0.0244) (31 0.0231) (71 0.0218) (84 0.0203) (40 -0.0185) (44 -0.0181) (47 0.0169) (38 -0.0144) (65 -0.0138) (49 -0.0134) (39 0.0128) (46 -0.0118) (125 0.0116) (123 0.0108) (118 0.0107) (23 -0.0103) (77 0.0103) 
   0.0028684   (133 0.672) (56 -0.551) (57 -0.275) (60 0.213) (22 -0.143) (55 0.139) (51 0.122) (20 0.107) (54 -0.0942) (48 -0.0918) (42 0.0874) (58 -0.0707) (41 -0.0603) (45 0.0486) (19 0.0437) (125 -0.0408) (50 -0.0365) (59 0.0362) (52 0.0359) (16 0.0334) (78 0.0332) (53 0.033) (36 0.0317) (70 0.031) (68 0.0307) (31 -0.0265) (71 -0.0229) (84 -0.0216) (123 -0.0198) (40 0.0197) (44 0.0181) (49 0.0169) (38 0.0164) (47 -0.0142) (39 -0.014) (65 0.0135) (118 -0.0134) (119 0.0129) (127 0.0125) (77 -0.0124) (23 0.0118) (107 0.0115) (46 0.0114) (15 0.0113) (109 0.01) 
   0.0034779   (39 0.783) (38 -0.346) (65 0.29) (40 0.288) (42 0.147) (36 -0.135) (84 -0.127) (41 -0.102) (58 0.0719) (31 0.0704) (57 0.0628) (59 -0.0473) (83 0.0402) (51 0.0379) (28 -0.0369) (86 -0.0364) (45 0.0359) (48 -0.0312) (15 0.0275) (68 0.0269) (60 0.0263) (20 -0.0238) (69 -0.0233) (96 -0.0203) (129 0.018) (54 0.018) (90 0.0178) (16 -0.0174) (78 0.0171) (73 -0.0166) (61 0.0163) (109 -0.016) (30 -0.0157) (53 0.0149) (55 0.0145) (66 -0.0143) (24 -0.0127) (22 -0.0112) (29 0.0111) (91 -0.0107) 
   0.0038934   (84 -0.816) (65 -0.313) (129 0.282) (83 0.282) (86 -0.155) (90 0.0776) (58 -0.067) (57 -0.0657) (60 -0.0594) (85 0.0557) (109 -0.0553) (78 0.0548) (91 -0.0464) (59 0.0442) (42 -0.0439) (107 -0.0431) (96 -0.0348) (51 -0.0331) (87 -0.0315) (55 -0.0276) (103 -0.0266) (116 0.0258) (45 -0.0258) (115 -0.0247) (77 -0.0237) (89 -0.0237) (39 -0.0231) (112 0.0227) (114 0.0219) (72 -0.0219) (41 0.0218) (118 0.0202) (124 0.0193) (97 -0.0187) (52 -0.0186) (56 0.0176) (93 -0.017) (61 -0.017) (104 0.0168) (31 0.0163) (66 0.0161) (102 0.0157) (49 -0.0153) (119 -0.0152) (94 -0.0141) (71 -0.014) (126 0.014) (113 -0.0139) (100 0.0136) (110 0.0134) (101 -0.0123) (127 0.0121) (92 -0.0112) (130 -0.0109) (36 -0.0109) (70 0.0108) (20 -0.0107) (63 0.0105) (79 0.0103) (106 0.0102) 
   0.0039176   (129 0.64) (65 -0.554) (84 0.376) (39 0.201) (83 -0.121) (58 -0.104) (38 -0.0955) (48 -0.0848) (40 0.0837) (86 0.0784) (57 -0.075) (59 0.0693) (68 -0.0638) (69 0.0626) (78 -0.0534) (41 -0.0507) (90 -0.0504) (60 -0.0474) (47 -0.0466) (109 0.0383) (44 0.0351) (96 0.0311) (130 -0.0308) (73 0.0304) (36 -0.0303) (66 0.0302) (85 -0.0294) (61 -0.0266) (42 0.0245) (31 0.023) (46 0.0228) (107 0.0216) (51 -0.0209) (91 0.0204) (103 0.0173) (63 0.0172) (87 0.0171) (88 0.0155) (13 -0.0153) (94 0.015) (55 -0.0142) (28 -0.014) (20 -0.0133) (127 0.0129) (79 0.0112) (131 0.011) (75 0.0109) (76 -0.0109) 
   0.0040802   (129 0.712) (65 0.614) (39 -0.191) (58 0.119) (38 0.0949) (57 0.0923) (40 -0.08) (59 -0.0787) (48 0.072) (60 0.066) (68 0.0597) (69 -0.0561) (47 0.0436) (41 0.0387) (36 0.0355) (66 -0.0331) (130 -0.0331) (51 0.0313) (44 -0.0312) (61 0.0302) (73 -0.03) (31 -0.0294) (78 0.0248) (55 0.0238) (109 -0.0212) (46 -0.0201) (63 -0.0194) (45 0.0171) (20 0.017) (96 -0.0164) (13 0.0161) (52 0.016) (90 0.0156) (28 0.0145) (56 -0.0143) (131 0.0142) (79 -0.014) (70 -0.0126) (88 -0.0111) (62 0.0109) (81 0.0105) (16 0.0101) 
    0.004159   (105 0.556) (96 0.341) (103 0.288) (124 0.24) (123 -0.231) (99 -0.21) (108 -0.196) (101 0.188) (107 -0.184) (110 -0.183) (104 -0.18) (109 -0.149) (113 0.145) (119 0.144) (106 -0.123) (121 -0.123) (102 -0.109) (98 -0.0988) (125 0.0921) (111 0.0728) (115 -0.0659) (94 0.0625) (48 -0.0549) (89 0.0549) (114 -0.0481) (120 0.0458) (118 0.0453) (92 0.0362) (117 -0.0299) (81 -0.0286) (72 -0.028) (47 -0.0279) (97 -0.0274) (112 -0.0268) (93 -0.0264) (100 -0.0259) (84 -0.0256) (90 -0.0215) (126 -0.02) (85 -0.019) (83 0.018) (145 0.0177) (80 -0.0169) (91 -0.0159) (65 0.0153) (52 -0.015) (116 -0.0143) (69 -0.0132) (122 -0.0131) (82 0.0127) (44 0.0114) (79 0.0113) (60 -0.0109) (68 0.0103) 
    0.004194   (145 -0.999) (124 0.0277) (123 -0.0235) (135 0.0131) 
   0.0043553   (48 -0.789) (47 -0.364) (44 0.189) (52 -0.165) (46 0.126) (41 -0.119) (72 -0.117) (49 0.109) (54 0.108) (56 0.107) (53 0.0976) (65 0.0849) (39 -0.0812) (15 -0.0746) (42 0.0737) (57 0.0734) (60 -0.0729) (58 0.0664) (124 -0.0596) (123 0.058) (69 -0.0576) (68 0.0529) (84 -0.052) (81 -0.0515) (96 0.0453) (107 0.0446) (109 0.0441) (43 0.0435) (71 -0.043) (38 0.0425) (105 -0.0422) (51 0.0406) (119 -0.0383) (125 -0.0363) (121 0.0356) (59 -0.0354) (80 -0.0332) (22 0.0315) (83 0.0307) (36 0.03) (55 0.0299) (70 0.0279) (50 -0.0267) (79 0.0241) (86 0.024) (111 0.0229) (31 -0.0227) (90 -0.0225) (103 -0.0207) (120 -0.0197) (82 0.0193) (11 -0.0192) (73 0.0179) (29 -0.0176) (101 -0.0164) (113 0.0162) (92 -0.0156) (108 0.015) (30 0.014) (85 -0.0139) (115 0.0139) (99 0.0135) (88 0.013) (28 0.0122) (14 0.0118) (40 -0.0118) (110 0.0116) (91 -0.0109) (66 -0.0109) (122 0.0102) 
   0.0044491   (72 -0.615) (44 0.463) (80 -0.367) (82 0.206) (48 0.197) (93 -0.146) (43 0.146) (46 -0.128) (71 -0.125) (79 0.122) (86 0.12) (83 0.105) (47 0.0896) (69 -0.0879) (98 -0.0823) (77 0.0609) (41 -0.058) (76 0.0577) (70 0.0565) (113 -0.0548) (90 0.0527) (75 -0.0513) (107 0.0498) (78 0.0487) (84 0.0478) (68 0.0478) (49 -0.0464) (96 -0.0402) (111 0.0391) (105 -0.0333) (87 0.0328) (42 0.0325) (109 -0.0312) (45 0.0298) (97 0.0295) (55 -0.0285) (94 0.0284) (85 -0.028) (73 -0.0257) (60 -0.0241) (123 -0.0238) (89 0.0233) (104 0.0218) (100 0.0216) (101 -0.0203) (58 0.0199) (155 0.0196) (120 0.0176) (74 0.0176) (103 0.0161) (91 0.0152) (124 0.015) (112 -0.0145) (121 -0.0144) (51 -0.0144) (119 0.0137) (114 0.0135) (125 0.0128) (99 0.0127) (88 0.0124) (115 -0.0116) (92 -0.0112) (110 0.0105) 
   0.0045351   (155 0.999) (44 -0.0332) 
   0.0047532   (44 0.751) (72 0.474) (43 0.22) (80 0.154) (46 -0.144) (79 -0.134) (41 -0.124) (48 0.0939) (42 0.0926) (71 0.0877) (86 -0.0849) (82 -0.0798) (69 0.0676) (90 0.0586) (45 0.0586) (109 0.0571) (113 0.0458) (47 0.0456) (83 -0.0417) (98 0.0416) (70 -0.0407) (85 0.04) (107 -0.0375) (40 -0.0368) (78 -0.0329) (111 -0.0325) (155 0.0315) (68 -0.0298) (84 -0.0276) (96 0.0274) (89 -0.0272) (49 -0.027) (38 0.0266) (39 -0.0262) (15 -0.0257) (58 -0.0249) (105 0.022) (50 -0.0214) (57 0.0208) (87 -0.0206) (73 0.0189) (100 -0.0187) (75 0.0182) (115 0.0182) (123 0.0178) (120 -0.0177) (65 0.0172) (104 -0.0166) (108 -0.0164) (114 -0.0163) (81 -0.0156) (101 0.0153) (110 -0.015) (93 -0.015) (124 -0.0148) (52 -0.0147) (22 0.0141) (31 -0.0139) (76 -0.0125) (59 0.012) (13 0.0119) (55 0.0109) (56 0.0108) (125 -0.0107) (32 -0.0105) (116 -0.0104) 
   0.0048464   (18 -0.975) (137 0.207) (17 -0.0391) (15 0.0388) (16 -0.0309) (22 0.0223) (7 -0.0218) (13 0.0159) (19 -0.0123) (14 -0.0121) (33 0.0103) 
   0.0050771   (137 0.978) (18 0.206) 
   0.0053016   (7 1) (18 -0.0213) 
   0.0053496   (4 -1) 
   0.0054666   (27 -0.646) (26 0.372) (136 -0.35) (24 0.266) (13 -0.232) (36 -0.228) (29 -0.163) (25 -0.159) (40 -0.151) (32 0.133) (37 0.126) (23 -0.0913) (17 -0.0896) (33 0.0504) (31 -0.0499) (16 0.0477) (14 0.0466) (39 0.0347) (78 0.0336) (22 -0.0298) (35 0.0288) (11 -0.028) (21 0.027) (38 0.0253) (19 0.0249) (45 0.0248) (28 -0.0242) (30 0.0198) (20 0.0194) (34 -0.0186) (15 0.0184) (41 0.016) (46 -0.0159) (12 0.0119) 
   0.0055962   (136 -0.937) (27 0.241) (26 -0.139) (24 -0.0996) (13 0.0868) (36 0.0851) (29 0.061) (25 0.0592) (40 0.0564) (32 -0.0495) (37 -0.0472) (23 0.0341) (17 0.0335) (33 -0.0188) (31 0.0186) (16 -0.0178) (14 -0.0174) (39 -0.0129) (78 -0.0123) (22 0.0111) (35 -0.0107) (11 0.0105) (21 -0.0101) 
    0.005888   (10 0.697) (17 0.538) (16 0.368) (13 -0.251) (24 -0.0875) (20 -0.058) (14 0.0534) (15 0.0392) (23 0.0381) (18 -0.0379) (26 -0.0364) (25 0.0355) (36 -0.035) (40 -0.0245) (21 -0.0231) (11 -0.0207) (37 0.019) (22 0.0143) (78 0.0123) (12 0.0116) (33 0.011) 
   0.0061416   (144 0.999) (10 -0.0272) (17 0.0173) (16 0.0116) 
   0.0067716   (10 0.716) (17 -0.535) (16 -0.358) (13 0.215) (24 0.0916) (20 0.0626) (14 -0.0452) (25 -0.0387) (36 0.0387) (23 -0.0384) (26 0.0374) (18 0.0367) (144 0.0352) (15 -0.0297) (40 0.0265) (11 0.0245) (21 0.024) (37 -0.0203) (22 -0.0166) (78 -0.0146) (33 -0.0141) (12 -0.0115) 
   0.0069709   (11 0.886) (41 0.332) (12 0.273) (13 -0.0991) (44 0.0636) (42 0.0606) (40 0.0547) (15 -0.0518) (48 -0.051) (14 0.0255) (46 -0.0245) (36 0.0231) (38 -0.0213) (49 0.016) (29 0.015) (60 0.0115) (37 -0.0114) (61 -0.0109) (109 -0.0103) 
   0.0074821   (142 0.999) (41 0.0428) (11 -0.0185) (141 -0.0104) 
   0.0075243   (41 -0.876) (11 0.339) (42 -0.159) (44 -0.141) (40 -0.139) (48 0.107) (12 0.106) (46 0.0839) (38 0.0578) (36 -0.0505) (142 0.0495) (15 -0.0421) (49 -0.0385) (29 -0.0348) (22 0.0322) (61 0.0285) (37 0.028) (34 0.0261) (35 0.0232) (60 -0.0232) (19 -0.0212) (74 0.0209) (52 -0.0208) (30 0.02) (43 0.0189) (50 0.0188) (109 0.0182) (56 0.0173) (32 0.017) (31 -0.0164) (66 -0.015) (82 0.0146) (39 -0.014) (79 0.0137) (84 -0.0134) (24 -0.0121) (26 -0.0109) (67 0.0108) (27 0.0105) (80 0.0102) 
   0.0079012   (12 -0.898) (29 0.282) (11 0.267) (30 -0.147) (13 -0.0768) (28 0.0698) (27 -0.0629) (33 -0.0248) (15 -0.0242) (32 0.0241) (31 0.0237) (35 0.0222) (41 -0.0213) (14 0.0167) (67 0.0165) (19 0.015) (36 -0.0138) (34 0.0136) (48 -0.0126) (38 0.0124) (138 0.012) 
   0.0088869   (138 0.984) (29 0.135) (30 -0.0701) (12 0.0674) (28 0.0317) (27 -0.0282) (11 -0.0209) (32 0.0105) (31 0.0103) (33 -0.0101) 

 Largest eigenvalues
      31.071   (163 0.271) (164 0.95) 
      27.314   (36 -0.348) (40 -0.369) (42 -0.287) (78 -0.408) 
      15.768   (13 -0.25) (36 0.26) (40 0.234) (78 -0.739) (79 0.208) 
       9.729   (107 0.402) (109 0.746) 
      4.3198   (96 0.294) (123 0.46) (124 -0.486) 
      1.3578   (163 0.962) (164 -0.268) 
      1.2232   (162 0.995) 
      1.1457   (165 -0.995) 
      1.1443   (88 0.372) (89 -0.754) (91 0.371) 
      1.1398   (100 0.517) (101 0.61) (106 0.466) 
      1.1318   (100 0.357) (106 -0.746) 
     0.93874   (112 -0.318) (115 -0.677) (116 -0.438) 
     0.89446   (104 0.687) (105 0.476) (106 0.362) 
      0.8882   (99 -0.674) (100 -0.345) (103 -0.316) 
     0.87271   (104 -0.254) (112 0.663) (130 -0.224) (135 0.217) 
     0.76481   (110 -0.499) (112 -0.339) (116 0.409) (118 0.288) (135 0.288) 
     0.67247   (110 0.71) (112 -0.309) 
      0.6687   (96 0.78) (99 0.327) 
     0.66191   (114 -0.459) (126 0.541) (135 0.392) 
     0.60225   (111 0.32) (113 0.478) (114 0.603) (126 0.287) 
     0.58577   (108 0.571) (113 -0.354) (114 0.432) 
     0.57883   (108 -0.649) (113 -0.426) 
     0.57191   (122 0.423) (124 0.387) (130 0.411) 
     0.56665   (123 -0.34) (125 -0.685) (130 0.342) 
     0.56536   (119 -0.463) (120 0.333) (121 -0.447) (122 -0.343) (125 0.333) 
      0.5514   (118 0.513) (119 0.487) (120 -0.32) 
     0.50332   (117 0.432) (119 -0.321) (121 0.346) (123 -0.435) (127 -0.353) 
     0.46904   (117 -0.654) (122 0.332) (126 0.328) (135 -0.323) 
     0.45599   (117 0.474) (119 0.289) (126 0.368) (135 -0.37) 
     0.39526   (91 -0.645) (92 -0.726) 
     0.38938   (124 0.371) (127 0.461) (135 -0.403) 
     0.31883   (93 -0.29) (94 -0.88) 
     0.30552   (94 0.318) (103 0.695) (104 0.382) (105 -0.337) 
     0.26534   (102 -0.829) (103 -0.225) 
     0.25704   (98 -0.49) (116 0.285) 
     0.24571   (79 -0.344) (86 0.646) (98 0.303) 
     0.24222   (79 0.531) (98 0.574) 
     0.23029   (79 -0.511) (86 -0.599) 
     0.18977   (98 -0.396) (107 0.349) (111 0.473) (113 -0.371) 
     0.15675   (89 0.294) (90 -0.776) (93 0.328) 
     0.14583   (90 0.342) (93 0.318) (97 -0.562) (107 -0.382) 
     0.13586   (85 0.303) (93 -0.603) (107 -0.351) 
     0.12817   (85 -0.878) (97 0.234) 
     0.12064   (88 -0.592) (89 -0.337) (93 0.319) (97 0.326) 
     0.10851   (72 -0.385) (80 0.527) (82 -0.399) (83 -0.332) 
     0.10613   (76 0.275) (77 0.331) (80 -0.313) (83 -0.277) (87 -0.265) (97 0.291) 
     0.10335   (59 0.212) (62 -0.223) (66 -0.357) (71 0.246) (75 0.212) (76 -0.263) (82 0.226) 
     0.10027   (58 -0.438) (59 -0.469) (62 0.326) 
     0.09507   (59 0.527) (66 0.366) 
    0.091671   (59 -0.349) (62 -0.31) (66 -0.321) (97 -0.3) 
    0.087025   (61 0.357) (62 0.534) 
    0.078868   (61 -0.286) (62 -0.371) (64 -0.326) (66 0.459) (83 -0.278) 
    0.074412   (63 -0.338) (64 0.674) 
    0.073523   (61 0.637) (62 -0.4) 
    0.072728   (61 -0.45) (62 0.33) (64 -0.376) (66 -0.312) 
    0.067205   (66 0.244) (118 -0.392) 
    0.062161   (63 0.26) (68 0.246) (74 -0.377) (75 0.247) (77 0.32) (82 -0.271) (87 0.232) (118 -0.253) 
    0.061601   (63 -0.569) (87 0.295) 
    0.057873   (63 0.545) (64 0.314) (74 0.37) (87 0.29) 
    0.055717   (63 -0.28) (67 -0.274) (68 0.355) (69 0.292) (71 0.399) (75 -0.277) (77 -0.284) 
     0.05369   (67 0.41) (74 -0.432) (82 0.347) 
    0.051249   (67 -0.539) (75 0.3) (77 0.303) 
    0.048315   (67 0.545) (68 0.354) (71 0.295) (74 0.321) 
    0.046379   (75 -0.316) (82 -0.365) (83 0.314) (87 -0.309) 
    0.043954   (34 -0.838) (35 -0.368) 
     0.04249   (34 0.339) (45 0.477) (46 0.624) 
    0.041997   (75 0.352) (76 0.344) (120 0.294) 
    0.040037   (53 -0.472) (75 -0.298) (76 -0.344) 
    0.032945   (47 -0.295) (50 -0.288) (51 -0.314) (53 0.428) (75 -0.332) (76 -0.372) 
    0.031883   (29 0.387) (30 0.706) (37 0.331) 
    0.029446   (29 -0.262) (30 -0.448) (33 -0.358) (35 -0.267) (37 0.345) 
    0.027707   (33 0.281) (35 0.45) (50 0.302) (91 0.295) (92 -0.274) 
    0.027485   (35 -0.654) (36 -0.332) (37 -0.387) 
    0.022542   (37 0.214) (50 -0.511) (52 -0.238) (53 -0.223) (76 0.234) (91 0.242) (92 -0.225) 
    0.021824   (130 -0.557) (131 0.588) 
    0.021036   (128 -0.578) (160 -0.809) 
    0.020176   (128 -0.577) (160 0.313) (161 0.754) 
    0.019517   (128 -0.577) (160 0.497) (161 -0.648) 
    0.016247   (15 -0.97) 
    0.015771   (140 -0.998) 
