 1 53597.7
 2 656.924
 3 28.3525
 4 176056
 5 523.592
 6 363.068
 7 506407
 8 40.4087
 9 14824.6
 10 2492.11
 11 4.09516
 12 1689.02
 13 289850
 14 3977.78
 15 0.848892
 16 334888
 17 3694.67
 18 9.02908
 19 120285
 20 2152.62
 21 405.9
 22 163294
 23 3306.41
 24 167.829
 25 262.423
 26 322.848
 27 21.5463
 28 2798.16
 29 251.47
 30 314.973
 31 518.501
 32 68.2309
 33 1068.13
 34 220.098
 35 157.352
 36 424.737
 37 1527.32
 38 2975.38
 39 7.86012
 40 977.55
 41 4303.85
 42 2.08624
 43 682.965
 44 1480.05
 45 28.6741
 46 8920.81
 47 1017.21
 48 1601.29
 49 1863.03
 50 196.073
 51 345.373
 52 210.421
 53 2914.39
 54 308.212
 55 220.441
 56 312.655
 57 970.577
 58 90.5838
 59 147.335
 60 190.33
 61 22.4798
 62 1.77998
 63 490.904
 64 312.486
 65 1.69577
 66 500.009
 67 3407.05
 68 215.698
 69 145009
 70 174432
 71 2254.99
 72 279.336
 73 17231.6
 74 24.8701
 75 15213.2
 76 8346.28
 77 6.17508
 78 1924.19
 79 8600.97
 80 69.0686
 81 2741.6
 82 1578.94
 83 282.846
 84 2.91425
 85 137.996
 86 2.82828
 87 5029.22
 88 1.71266
 89 1.63973
 90 1.9084
 91 9.86749
 92 484.516
 93 1476.61
 94 1079.94
 95 1993.3
 96 2147.38
 97 327.631
 98 303.737
 99 127.889
 100 910.441
 101 1493.54
 102 124.066
 103 153.921
 104 134.116
 105 132.081
 106 160.972
 107 165.399
 108 169.622
 109 125.244
 110 97.4013
 111 180.795
 112 205.66
 113 190.309
 114 173.095
 115 178.927
 116 143.35
 117 171.539
 118 192.634
 119 150.661
 120 85.8739
 121 122.851
 122 48.2612
 123 64.106
 124 37.1422
 125 29.6552
 126 52.2926
 127 27.0951
 128 90.2161
 129 67.1422
 130 61.0881
 131 20.379
 132 21.0165
 133 22.5756
 134 36.3397
 135 8.77813
 136 46.4024
 137 9.93485
 138 9.22334
 139 9.2684
 140 10.9618
 141 11.5069
 142 8.89866
 143 9.52119
 144 15.2856
 145 15.287
 146 12.7519
 147 10.4415
 148 30.1801
 149 16.5455
 150 12.1094
 151 14.0193
 152 23.8021
 153 21.3178
 154 13.5805
 155 20.1949
 156 24.2724
 157 46.9272
 158 0.215401
 159 0.147636
 160 0.414172
 161 26.595
 162 24.3559
 163 1415.17
 164 3052.16
 165 13.8388
