 1 1000
 2 504.64
 3 21.9668
 4 1000
 5 408.347
 6 283.208
 7 999.832
 8 3.5009
 9 991.761
 10 888.469
 11 2.34498
 12 788.246
 13 1000
 14 997.906
 15 0.825151
 16 1000
 17 996.882
 18 3.07256
 19 1000
 20 838.439
 21 158.734
 22 1000
 23 950.376
 24 48.9791
 25 241.435
 26 252.716
 27 16.9942
 28 985.857
 29 197.111
 30 248.17
 31 491.082
 32 53.5226
 33 833.745
 34 213.335
 35 138.936
 36 373.063
 37 988.919
 38 997.596
 39 3.70648
 40 607.541
 41 969.836
 42 1.76183
 43 497.042
 44 862.222
 45 17.133
 46 998.146
 47 356.687
 48 644.999
 49 942.337
 50 193.215
 51 283.758
 52 173.346
 53 952.866
 54 274.478
 55 163.116
 56 226.517
 57 891.754
 58 89.4329
 59 140.423
 60 180.252
 61 22.1176
 62 1.77751
 63 465.272
 64 309.949
 65 1.68569
 66 490.22
 67 940.077
 68 62.0032
 69 999.932
 70 1000
 71 888.463
 72 111.316
 73 999.592
 74 3.08459
 75 998.037
 76 984.128
 77 3.54218
 78 887.636
 79 999.097
 80 22.4222
 81 975.734
 82 990.206
 83 257.667
 84 2.78062
 85 107.762
 86 2.53169
 87 989.451
 88 1.71244
 89 1.63971
 90 1.90814
 91 8.93761
 92 413.75
 93 814.868
 94 601.763
 95 879.147
 96 940.729
 97 311.527
 98 290.386
 99 126.518
 100 765.829
 101 938.443
 102 119.831
 103 151.039
 104 132.863
 105 131.23
 106 160.336
 107 164.667
 108 168.704
 109 124.23
 110 95.5292
 111 179.615
 112 204.734
 113 189.618
 114 172.647
 115 178.429
 116 142.481
 117 170.98
 118 192.294
 119 150.077
 120 84.6605
 121 122.207
 122 47.744
 123 62.0358
 124 36.6158
 125 28.8924
 126 51.8714
 127 25.7247
 128 87.6662
 129 65.9765
 130 60.166
 131 20.0401
 132 20.7501
 133 22.2156
 134 35.3451
 135 8.50897
 136 45.9461
 137 9.57191
 138 8.92075
 139 8.98139
 140 10.3698
 141 10.7842
 142 8.46865
 143 9.05523
 144 14.8044
 145 14.9938
 146 12.4103
 147 9.8941
 148 28.9231
 149 15.8514
 150 11.8091
 151 13.7002
 152 23.3259
 153 20.3329
 154 13.1866
 155 19.8356
 156 24.0418
 157 46.665
 158 0.17608
 159 0.141525
 160 0.368466
 161 21.7567
 162 22.4094
 163 329.172
 164 803.823
 165 7.51215
