 1 31.6228
 2 21.8825
 3 1.90379
 4 31.6228
 5 15.9616
 6 11.4279
 7 31.6193
 8 1.01971
 9 31.4252
 10 29.6543
 11 0.983956
 12 27.8516
 13 31.6228
 14 31.5828
 15 0.904346
 16 31.6228
 17 31.5365
 18 1.00341
 19 31.6228
 20 26.7307
 21 5.95827
 22 31.6228
 23 30.1198
 24 2.51751
 25 15.1522
 26 14.9146
 27 1.93103
 28 31.346
 29 9.87112
 30 12.144
 31 21.6703
 32 2.73036
 33 27.733
 34 14.3967
 35 6.92273
 36 16.6815
 37 31.4255
 38 31.5553
 39 1.38545
 40 24.3764
 41 31.0754
 42 1.29382
 43 21.7183
 44 28.7865
 45 1.89036
 46 31.5731
 47 12.3576
 48 21.0048
 49 30.4762
 50 13.4092
 51 14.1432
 52 9.1659
 53 30.6794
 54 16.3559
 55 9.15991
 56 11.9335
 57 29.2675
 58 8.84458
 59 8.87535
 60 10.4945
 61 4.40001
 62 1.32521
 63 21.2365
 64 16.2859
 65 0.969229
 66 21.1489
 67 29.8162
 68 3.31736
 69 31.6209
 70 31.6228
 71 28.2849
 72 4.85739
 73 31.6138
 74 1.35708
 75 31.5685
 76 31.3528
 77 1.38099
 78 29.7027
 79 31.6021
 80 2.04838
 81 30.9279
 82 31.4155
 83 15.5337
 84 1.39565
 85 10.1374
 86 1.41646
 87 31.3793
 88 1.09733
 89 1.04248
 90 1.2456
 91 2.45431
 92 18.2077
 93 26.9405
 94 22.2861
 95 28.8439
 96 30.2419
 97 16.3141
 98 15.3754
 99 9.021
 100 26.8839
 101 30.3241
 102 9.91841
 103 11.6156
 104 10.763
 105 10.8005
 106 12.2453
 107 12.3344
 108 12.4418
 109 10.2895
 110 8.31729
 111 12.7107
 112 13.9731
 113 13.3629
 114 12.5803
 115 12.5878
 116 10.8002
 117 12.2277
 118 13.1971
 119 11.5146
 120 8.48936
 121 10.6751
 122 6.69984
 123 7.70652
 124 5.51607
 125 5.11664
 126 6.89912
 127 4.50652
 128 8.80614
 129 7.30131
 130 7.18271
 131 4.10174
 132 4.44511
 133 4.57511
 134 5.84628
 135 2.65714
 136 6.70248
 137 2.87278
 138 2.8182
 139 2.8277
 140 3.064
 141 3.01932
 142 2.66323
 143 2.78661
 144 3.69178
 145 3.75242
 146 3.36602
 147 2.89201
 148 5.18029
 149 3.80323
 150 3.25077
 151 3.5024
 152 4.71793
 153 4.38827
 154 3.5095
 155 4.36893
 156 4.81547
 157 6.7662
 158 0.163393
 159 0.292103
 160 0.271485
 161 3.73291
 162 4.2091
 163 15.9672
 164 27.2311
 165 0.56836
