 Smallest eigenvalues
  1.9263e-06   (9 1) 
  2.9861e-06   (48 -0.634) (49 -0.456) (51 0.386) (42 -0.208) (154 -0.199) (52 -0.19) (53 0.138) (43 0.128) (55 -0.127) (78 0.122) (14 0.113) (46 0.0798) (34 0.0656) (47 -0.0599) (11 0.0589) (56 0.0535) (62 -0.0534) (54 0.0503) (25 -0.0411) (45 0.0395) (44 -0.0377) (38 0.0365) (40 0.0344) (24 0.0322) (71 -0.0279) (61 0.0266) (36 0.0243) (60 -0.0238) (13 0.0235) (68 0.0227) (17 -0.0203) (79 -0.019) (73 -0.0185) (29 -0.017) (30 -0.0169) (39 0.0164) (57 0.0162) (66 0.0152) (84 0.0144) (76 -0.0142) (72 0.0142) (37 -0.0134) (80 0.0129) (88 0.0128) (31 0.0125) (35 -0.0121) (50 0.0119) (21 0.0104) 
  3.4501e-06   (154 -0.98) (48 0.129) (49 0.0928) (51 -0.0785) (42 0.0423) (52 0.0386) (53 -0.0281) (43 -0.0261) (55 0.0259) (78 -0.0244) (14 -0.0231) (46 -0.0163) (34 -0.0134) (47 0.0122) (11 -0.0121) (56 -0.0109) (62 0.0108) (54 -0.0102) 
    5.68e-06   (4 -1) 
  5.7329e-06   (148 -0.64) (44 0.492) (47 0.289) (42 -0.273) (43 0.246) (45 0.207) (46 -0.19) (48 0.121) (14 0.0959) (78 0.0702) (34 0.0697) (11 0.0504) (51 -0.0429) (25 -0.0416) (40 0.0393) (24 0.0357) (38 0.0325) (36 0.03) (53 -0.0264) (52 -0.0251) (37 -0.0246) (56 0.024) (13 0.0201) (77 -0.0194) (17 -0.018) (71 -0.0172) (54 0.0166) (26 0.016) (28 0.0152) (60 -0.015) (62 -0.0142) (55 -0.0121) (27 -0.0112) (16 -0.0112) (73 -0.0108) (49 -0.0107) 
  6.1239e-06   (148 -0.769) (44 -0.409) (47 -0.24) (42 0.227) (43 -0.205) (45 -0.172) (46 0.158) (48 -0.1) (14 -0.0798) (78 -0.0583) (34 -0.058) (11 -0.0419) (51 0.0357) (25 0.0346) (40 -0.0327) (24 -0.0297) (38 -0.027) (36 -0.025) (53 0.0219) (52 0.0208) (37 0.0204) (56 -0.0199) (13 -0.0167) (77 0.0161) (17 0.015) (71 0.0143) (54 -0.0138) (26 -0.0133) (28 -0.0127) (60 0.0125) (62 0.0118) (55 0.0101) 
   6.893e-06   (1 -0.988) (29 -0.111) (34 -0.0536) (30 0.0525) (31 0.0514) (25 -0.0306) (28 0.0254) (24 0.0235) (27 -0.0191) (33 0.0146) (26 0.0141) (14 0.0139) (36 -0.0124) (42 0.0121) (37 0.0115) 
  8.3136e-06   (155 -0.999) (29 -0.035) (34 -0.0167) (30 0.0167) (31 0.0162) (25 -0.0101) 
  1.8658e-05   (29 0.681) (34 0.326) (30 -0.324) (31 -0.315) (25 0.196) (14 -0.184) (24 -0.159) (28 -0.157) (1 -0.155) (27 0.115) (11 -0.101) (33 -0.09) (26 -0.0898) (37 -0.0738) (36 0.0725) (42 -0.0711) (35 -0.06) (155 -0.0513) (20 0.0501) (78 -0.0491) (21 -0.0394) (13 -0.0387) (16 0.0372) (32 0.0357) (39 0.0304) (17 0.0293) (48 -0.0281) (46 -0.0228) (43 0.0193) (22 0.0187) (79 0.016) (54 -0.0145) (77 0.0138) (51 0.0137) (38 0.0133) (56 -0.0131) (71 0.013) (50 -0.0127) (60 0.0126) (53 0.0124) (19 -0.011) (12 -0.0109) (44 0.0108) (75 -0.0104) (40 0.0102) 
  3.5749e-05   (19 -0.568) (20 0.53) (46 -0.384) (44 -0.276) (42 -0.228) (45 -0.157) (43 0.134) (22 -0.119) (27 -0.0897) (47 -0.0855) (16 -0.0848) (48 0.0844) (17 -0.0789) (29 -0.0639) (14 0.0585) (78 0.0535) (21 -0.0527) (28 -0.0465) (39 0.0308) (32 -0.0305) (15 -0.0297) (37 0.0293) (11 0.0278) (50 0.0271) (53 -0.0244) (74 -0.0239) (34 0.0223) (18 0.0203) (72 0.0196) (35 -0.0191) (30 -0.0184) (24 -0.0182) (68 0.0177) (13 0.0176) (38 0.0168) (63 -0.016) (40 0.0154) (67 -0.015) (33 -0.0122) (56 0.0122) (61 0.0118) (71 -0.0112) (54 0.0105) (60 -0.0103) 
  9.9086e-05   (158 -0.999) (46 -0.0218) (19 0.0178) (20 -0.0175) (44 -0.016) (42 -0.0136) 
   0.0001053   (46 0.514) (19 -0.402) (20 0.397) (44 0.376) (42 0.32) (45 0.227) (48 -0.15) (47 0.136) (43 -0.123) (22 -0.085) (78 -0.082) (14 -0.0787) (34 -0.0716) (25 0.0681) (24 -0.0672) (21 -0.0524) (11 -0.0435) (158 -0.043) (16 -0.0396) (17 -0.0374) (28 -0.0371) (41 -0.0361) (29 -0.036) (40 -0.0353) (36 -0.0351) (37 0.0351) (26 -0.034) (32 -0.0313) (38 -0.031) (56 -0.0305) (50 -0.0294) (54 -0.0271) (62 0.0264) (77 0.0225) (33 0.0219) (74 0.0214) (15 -0.0198) (68 -0.0193) (53 0.0192) (72 -0.0192) (71 0.0184) (51 0.017) (30 -0.0164) (67 0.0154) (35 -0.0149) (27 -0.0145) (18 0.0142) (81 0.0135) (66 -0.0133) (13 -0.0129) (61 -0.0129) (80 -0.0125) (76 -0.012) (63 0.0119) (60 0.0102) (57 0.0101) (65 0.0101) (55 0.01) 
  0.00010742   (3 -1) 
  0.00011427   (22 0.578) (20 0.365) (14 0.335) (25 0.291) (24 -0.276) (21 0.273) (19 0.253) (17 -0.201) (11 0.161) (23 -0.123) (34 -0.102) (30 0.077) (13 0.0696) (16 0.0573) (43 -0.0417) (32 0.0415) (42 0.0395) (38 -0.0395) (28 -0.0318) (31 -0.0313) (36 -0.0311) (18 -0.0284) (46 -0.0259) (47 0.0248) (26 -0.0229) (29 0.0226) (15 0.0222) (40 -0.0213) (78 0.0176) (57 0.0126) (12 0.0117) (45 -0.0114) (52 -0.0109) (37 0.0103) 
  0.00019525   (159 1) 
    0.000214   (2 -1) 
  0.00024232   (21 -0.877) (14 0.262) (25 0.197) (24 -0.188) (17 -0.182) (11 0.126) (19 0.103) (34 -0.0709) (20 -0.0629) (22 -0.054) (13 0.0539) (23 0.0516) (157 0.0469) (30 0.0381) (26 -0.034) (31 -0.0301) (42 0.0282) (16 -0.0229) (36 -0.02) (47 0.017) (38 -0.0168) (28 -0.0165) (78 0.0157) (27 -0.0156) (40 -0.0139) (43 -0.0105) (44 -0.0102) 
  0.00028097   (157 0.999) (21 0.0412) (14 -0.0124) 
  0.00028412   (8 -1) 
  0.00030396   (28 -0.707) (150 -0.398) (26 -0.317) (27 0.289) (25 -0.233) (14 0.148) (34 -0.144) (24 0.131) (32 -0.108) (11 0.0768) (17 -0.0529) (31 -0.0503) (20 -0.0494) (37 0.0471) (36 -0.0461) (51 0.0452) (35 0.0448) (48 0.042) (16 -0.0404) (13 0.0314) (21 0.0289) (42 0.0286) (78 0.0214) (29 -0.0167) (75 -0.0159) (49 0.0156) (19 -0.0152) (15 -0.0145) (43 -0.0131) (12 0.0125) (47 -0.0121) (44 0.0114) (53 0.0102) (23 0.0101) 
   0.0003135   (150 -0.917) (28 0.307) (26 0.138) (27 -0.125) (25 0.101) (14 -0.0642) (34 0.0626) (24 -0.057) (32 0.0466) (11 -0.0333) (17 0.023) (31 0.0218) (20 0.0214) (37 -0.0204) (36 0.02) (51 -0.0196) (35 -0.0194) (48 -0.0182) (16 0.0175) (13 -0.0136) (21 -0.0125) (42 -0.0124) 
  0.00032341   (6 1) 
  0.00033139   (22 -0.592) (25 0.423) (21 0.323) (24 -0.295) (20 -0.259) (14 0.23) (153 -0.219) (23 -0.219) (17 -0.144) (11 0.109) (34 -0.0781) (32 -0.0752) (16 -0.0648) (19 -0.0602) (28 -0.0526) (13 0.0492) (15 -0.0269) (31 -0.0237) (78 0.0236) (42 0.0223) (48 0.0221) (37 0.0218) (39 0.0207) (35 0.0196) (36 -0.0179) (29 -0.0175) (12 0.017) (73 -0.0153) (27 -0.015) (51 0.0121) (56 0.011) (33 0.0103) 
  0.00034867   (153 -0.976) (22 0.133) (25 -0.0949) (21 -0.0726) (24 0.0662) (20 0.0582) (14 -0.0516) (23 0.0491) (17 0.0323) (11 -0.0245) (34 0.0175) (32 0.0169) (16 0.0145) (19 0.0135) (28 0.0118) (13 -0.011) 
  0.00035889   (73 -0.615) (57 -0.474) (71 -0.251) (70 0.227) (62 0.226) (66 -0.224) (74 -0.174) (52 0.155) (60 0.155) (78 -0.146) (43 0.115) (46 0.0849) (56 0.0766) (47 -0.0742) (61 -0.0668) (54 0.0649) (32 -0.0601) (42 -0.0587) (69 -0.0553) (79 0.05) (72 0.0495) (51 0.0477) (77 0.0469) (65 -0.0463) (16 0.0438) (68 -0.0413) (38 0.0393) (50 0.0369) (20 0.0367) (19 0.0347) (40 0.0278) (41 0.022) (29 -0.0218) (48 0.0209) (59 0.0208) (45 0.0204) (88 0.0197) (89 -0.0193) (30 -0.0191) (123 -0.0187) (75 -0.0182) (122 -0.0179) (119 -0.0173) (100 0.0163) (109 0.0162) (84 0.0158) (126 0.0156) (104 0.0151) (15 0.015) (34 0.0148) (37 -0.0132) (25 0.0128) (64 0.0123) (80 -0.0119) (152 -0.0118) (63 0.0114) (99 -0.0112) (67 0.0107) (14 0.0105) (125 -0.0104) (91 -0.0104) (106 -0.0102) (33 0.0101) (127 0.01) 
  0.00040484   (73 0.658) (57 -0.406) (66 -0.28) (62 0.242) (152 -0.239) (43 0.148) (74 0.146) (70 0.135) (52 0.133) (47 -0.125) (46 0.109) (68 -0.095) (49 0.0882) (42 -0.0844) (60 0.084) (56 0.0774) (71 0.0765) (72 -0.0731) (14 0.0649) (32 -0.0624) (61 -0.0619) (65 -0.0553) (39 0.0511) (34 0.0489) (38 0.0485) (55 0.0475) (16 0.0468) (53 -0.0461) (51 0.0414) (19 0.0402) (48 -0.0378) (59 0.0364) (45 0.0363) (120 0.0352) (11 0.0346) (40 0.0343) (54 0.0321) (29 -0.0313) (41 0.0306) (30 -0.0291) (79 -0.0289) (20 0.0264) (84 0.0224) (67 0.0205) (121 -0.0185) (125 -0.0181) (31 0.0174) (78 0.0172) (89 -0.0166) (37 -0.0166) (36 0.0165) (127 0.0163) (119 -0.0162) (15 0.0152) (22 -0.015) (122 0.0148) (88 0.0139) (117 -0.0135) (137 -0.0127) (131 -0.0126) (13 0.0125) (23 0.0121) (64 0.0121) (63 0.0113) (99 -0.0113) (126 -0.0105) 
  0.00041967   (152 -0.971) (73 -0.154) (57 0.106) (66 0.0715) (62 -0.0623) (43 -0.0383) (70 -0.0357) (52 -0.0351) (74 -0.0338) (47 0.0321) (46 -0.0282) (68 0.0238) (60 -0.0226) (49 -0.0218) (42 0.0218) (56 -0.0201) (72 0.0174) (32 0.0164) (14 -0.0163) (61 0.016) (71 -0.0159) (65 0.0141) (39 -0.0128) (38 -0.0126) (34 -0.0124) (16 -0.0123) (55 -0.0118) (53 0.0115) (51 -0.0109) (19 -0.0105) 
  0.00044489   (24 0.791) (25 0.581) (54 -0.0896) (52 0.0688) (23 -0.067) (53 -0.05) (56 -0.0454) (22 0.0401) (14 0.0376) (57 0.0354) (55 -0.032) (21 -0.032) (20 0.0313) (47 -0.0308) (49 0.0291) (11 0.0261) (46 0.0252) (28 -0.0241) (30 -0.0225) (43 0.0217) (39 0.0207) (16 -0.0189) (51 0.0167) (27 0.0167) (78 0.0157) (26 -0.0154) (48 -0.0149) (32 -0.0131) (19 0.0108) 
  0.00048656   (147 0.747) (54 -0.38) (52 0.316) (56 -0.205) (53 -0.186) (57 0.131) (55 -0.13) (43 0.12) (47 -0.109) (49 0.089) (51 0.0844) (46 0.0835) (24 -0.0764) (25 -0.0742) (42 -0.0731) (48 -0.0582) (14 0.049) (34 0.0402) (60 -0.0375) (73 -0.0375) (32 -0.0339) (62 -0.0318) (45 0.0305) (38 0.0295) (78 0.0292) (40 0.0251) (50 -0.0251) (11 0.0248) (16 0.0239) (39 0.0216) (71 -0.0203) (29 -0.0201) (19 0.0186) (23 0.0174) (41 0.0158) (36 0.0152) (37 -0.0132) (66 0.0132) (61 0.0113) (30 -0.0106) (13 0.0101) (120 0.0101) 
  0.00049181   (147 0.665) (54 0.427) (52 -0.356) (56 0.231) (53 0.21) (57 -0.147) (55 0.146) (43 -0.135) (47 0.122) (49 -0.1) (51 -0.095) (46 -0.0941) (42 0.0822) (24 0.0818) (25 0.0804) (48 0.0655) (14 -0.0553) (34 -0.0453) (60 0.0422) (73 0.0422) (32 0.0382) (62 0.0358) (45 -0.0343) (38 -0.0332) (78 -0.0328) (40 -0.0283) (50 0.0282) (11 -0.028) (16 -0.0268) (39 -0.0244) (71 0.0228) (29 0.0225) (19 -0.021) (23 -0.0192) (41 -0.0179) (36 -0.0171) (37 0.0149) (66 -0.0148) (61 -0.0127) (30 0.012) (13 -0.0114) (120 -0.0111) 
  0.00049938   (55 0.657) (53 0.489) (39 -0.379) (52 0.295) (57 0.167) (43 0.133) (40 0.103) (42 -0.0981) (47 -0.0745) (54 -0.0672) (49 0.0552) (46 0.0546) (60 -0.0498) (48 -0.0479) (78 0.0454) (56 0.0447) (51 0.0394) (34 -0.0378) (45 0.0304) (71 -0.0303) (36 -0.0208) (151 -0.0179) (50 -0.0169) (20 0.0164) (70 0.016) (25 0.0156) (73 -0.0145) (69 -0.0133) (62 -0.0126) (77 -0.0113) 
  0.00052671   (151 -0.971) (39 0.209) (55 0.0608) (40 -0.0429) (53 0.0425) (34 0.0381) (52 0.0297) (14 0.0212) (42 0.019) (37 -0.017) (57 0.0168) (32 -0.0159) (36 0.0158) (43 -0.0152) (38 0.015) (25 -0.0143) (78 0.0119) (49 -0.0118) (48 0.0113) (11 0.0105) (29 -0.0105) 
  0.00055601   (39 -0.822) (55 -0.297) (151 -0.239) (53 -0.21) (40 0.167) (34 -0.152) (52 -0.143) (14 -0.0858) (57 -0.0808) (42 -0.0702) (37 0.0687) (32 0.0652) (36 -0.0625) (38 -0.061) (25 0.0568) (78 -0.0518) (43 0.0517) (49 0.0442) (11 -0.043) (48 -0.0426) (29 0.0426) (73 0.0391) (56 -0.0319) (23 -0.0317) (51 -0.0307) (35 0.0293) (60 0.028) (24 -0.0269) (47 -0.026) (71 0.0247) (19 -0.0234) (16 -0.0224) (50 -0.0203) (13 -0.0178) (31 -0.0162) (28 -0.0152) (62 0.0145) (66 -0.0137) (27 0.0134) (41 -0.0133) (77 0.0133) (79 0.0133) (45 0.0125) (54 0.0113) (26 -0.0111) (69 0.0106) (68 -0.0105) 
  0.00058793   (70 -0.752) (71 0.506) (57 -0.271) (52 0.144) (73 -0.143) (49 -0.122) (48 0.0763) (51 0.0714) (69 0.0685) (60 0.0666) (50 0.0556) (43 0.0499) (62 0.0471) (74 -0.0466) (68 0.0432) (46 0.0359) (32 -0.0321) (55 0.0318) (149 0.0316) (84 0.0299) (75 -0.0298) (76 0.0255) (20 0.0249) (16 0.0242) (61 -0.023) (38 0.0225) (56 0.0215) (42 -0.0211) (65 -0.0205) (40 0.0198) (125 -0.019) (88 0.0188) (19 0.018) (72 0.017) (39 -0.0167) (123 -0.0165) (77 0.0147) (127 0.0146) (79 -0.0129) (66 -0.0124) (29 -0.0123) (100 0.0122) (89 -0.012) (41 0.0119) (126 0.0119) (97 -0.0117) (104 0.0115) (119 -0.0111) 
  0.00059591   (149 0.855) (49 0.355) (48 -0.18) (52 -0.142) (51 -0.124) (47 -0.121) (50 -0.116) (54 0.0925) (43 0.0909) (42 -0.0646) (70 -0.0605) (73 -0.0589) (39 0.0501) (46 0.0496) (53 0.0437) (45 0.042) (14 0.0364) (78 0.0319) (34 0.0286) (62 -0.0247) (32 -0.0242) (66 0.0241) (55 -0.0235) (11 0.0182) (38 0.0182) (57 0.0181) (29 -0.0169) (68 0.0165) (16 0.016) (19 0.0145) (71 0.0138) (23 0.0129) (79 -0.0128) (25 -0.0123) (40 0.0113) (72 0.0109) (37 -0.0107) (41 0.0106) 
  0.00062913   (49 -0.58) (149 0.517) (48 0.293) (52 0.226) (47 0.201) (51 0.2) (50 0.188) (43 -0.154) (54 -0.153) (70 0.146) (42 0.108) (73 0.106) (46 -0.0845) (39 -0.0818) (53 -0.0722) (45 -0.0697) (14 -0.0605) (71 -0.0536) (78 -0.0532) (34 -0.0479) (32 0.0422) (66 -0.0392) (62 0.038) (55 0.0368) (38 -0.0316) (11 -0.0304) (68 -0.03) (29 0.0288) (16 -0.0281) (19 -0.0252) (79 0.0221) (23 -0.0213) (40 -0.0201) (25 0.0199) (72 -0.0191) (41 -0.0184) (37 0.0183) (120 -0.0154) (30 0.0153) (74 0.0152) (36 -0.0148) (31 -0.0145) (57 -0.0127) (13 -0.0122) (77 0.012) (22 0.0116) (60 -0.0109) 
  0.00067035   (38 0.88) (23 0.201) (20 0.17) (19 0.164) (22 -0.147) (40 -0.144) (43 -0.139) (39 -0.136) (16 0.113) (32 -0.0859) (42 0.0695) (41 -0.067) (46 -0.0661) (37 -0.0635) (47 0.0517) (52 -0.0409) (14 0.0348) (57 0.0335) (15 0.0332) (21 0.0277) (36 -0.0218) (11 0.0186) (24 0.0178) (18 -0.0167) (33 0.0156) (54 -0.0153) (30 -0.0153) (56 -0.0147) (51 -0.0141) (25 0.0131) (45 -0.0129) (78 -0.0113) (48 -0.0105) 
  0.00079785   (23 0.581) (22 -0.403) (20 0.343) (19 0.337) (38 -0.336) (32 0.219) (16 0.167) (29 0.121) (14 0.115) (21 0.104) (24 0.0967) (30 0.0908) (34 -0.0648) (11 0.0585) (31 -0.0495) (15 0.0487) (25 -0.047) (142 0.0438) (37 0.0408) (18 -0.0342) (33 -0.0321) (40 0.0276) (26 0.0273) (13 0.02) (28 0.0176) (17 -0.0173) (42 0.0169) (43 -0.0162) (47 0.0135) (35 0.0123) (49 -0.0118) (48 0.0113) 
   0.0008602   (142 0.999) (23 -0.0266) (22 0.0185) (20 -0.016) (19 -0.0157) (137 -0.0139) 
  0.00093129   (48 0.399) (52 -0.39) (47 -0.386) (46 0.349) (43 0.314) (16 0.284) (49 -0.282) (51 -0.191) (50 0.158) (57 0.141) (42 -0.112) (56 -0.0988) (41 0.0913) (32 -0.0859) (54 -0.0777) (17 0.0709) (53 0.0606) (14 0.0552) (15 0.053) (38 0.0528) (45 0.0524) (78 -0.0503) (40 0.0443) (25 0.0317) (39 0.0306) (19 -0.0304) (60 -0.0285) (11 0.027) (30 -0.0246) (29 -0.0207) (24 -0.0181) (33 0.0156) (77 0.0154) (70 0.014) (37 -0.014) (44 -0.0131) (84 0.0127) (20 0.0124) (31 0.0108) (55 0.0108) (36 -0.0107) (21 -0.0106) 
   0.0011066   (16 0.799) (19 -0.321) (17 0.241) (14 0.193) (20 -0.166) (15 0.135) (43 -0.126) (47 0.124) (46 -0.115) (32 0.109) (48 -0.1) (11 0.0916) (52 0.0894) (49 0.067) (42 0.0571) (30 0.0529) (23 -0.052) (22 0.0517) (29 0.0503) (51 0.044) (50 -0.0422) (34 -0.0398) (38 -0.0381) (41 -0.0358) (13 0.034) (18 0.0311) (39 -0.0308) (57 -0.0269) (31 -0.0243) (40 -0.0228) (56 0.022) (45 -0.0218) (54 0.0178) (21 -0.0166) (33 -0.0166) (37 0.0156) (78 0.014) (24 0.0135) (53 -0.0108) (25 0.0101) 
   0.0012435   (146 -1) (137 -0.0174) 
   0.0013057   (54 0.689) (56 -0.345) (52 0.331) (32 -0.274) (57 0.234) (34 0.191) (36 0.179) (55 -0.127) (29 -0.0931) (37 0.0877) (39 -0.0811) (51 0.0776) (16 0.0741) (50 0.0706) (19 0.0658) (30 -0.0657) (33 0.0629) (48 0.0616) (20 0.0576) (46 0.0528) (38 -0.0519) (78 -0.046) (35 -0.0415) (53 -0.0403) (31 0.0393) (60 -0.0388) (49 -0.0385) (47 -0.0332) (43 0.0261) (15 0.0258) (14 0.0226) (23 0.02) (72 0.0175) (71 0.0169) (79 0.0166) (73 0.0165) (139 0.0156) (70 0.0152) (22 -0.0143) (66 -0.0139) (25 0.0129) (68 -0.0129) (119 -0.0111) (77 0.0109) (26 -0.0109) (11 0.0108) (123 -0.0104) 
    0.001491   (32 -0.476) (34 0.414) (36 0.4) (54 -0.313) (37 0.213) (52 -0.199) (38 -0.175) (43 -0.171) (39 -0.168) (29 -0.162) (56 0.144) (139 0.125) (33 0.116) (30 -0.108) (42 0.104) (35 -0.0858) (46 -0.0823) (19 0.0812) (57 -0.0782) (16 0.0763) (47 0.0749) (31 0.0723) (14 0.0714) (41 -0.0583) (40 -0.0569) (51 -0.0569) (55 0.0549) (20 0.0532) (11 0.0375) (23 0.0373) (50 -0.0277) (53 0.025) (78 0.0238) (45 -0.0222) (15 0.0221) (22 -0.0198) (137 -0.0166) (73 -0.0162) (48 -0.014) (60 0.0138) (13 0.0123) (26 -0.0121) (71 -0.0114) 
   0.0015277   (139 0.984) (137 -0.127) (32 0.0654) (34 -0.056) (36 -0.054) (37 -0.0285) (54 0.0285) (38 0.0231) (39 0.0227) (29 0.0223) (43 0.0211) (52 0.0196) (33 -0.0158) (30 0.0149) (42 -0.0132) (56 -0.0127) (35 0.0116) (19 -0.0116) (16 -0.0111) 
   0.0015378   (11 0.845) (14 -0.344) (36 -0.285) (13 -0.193) (34 0.156) (12 -0.119) (30 -0.0579) (134 -0.0344) (29 -0.032) (31 0.0287) (37 0.0272) (38 -0.0259) (15 0.0239) (42 0.0189) (32 -0.0189) (43 -0.0167) (39 -0.015) (72 -0.0127) (45 -0.0121) (40 -0.0106) 
   0.0016242   (134 -0.803) (36 -0.459) (34 0.261) (11 -0.177) (14 0.139) (30 -0.084) (13 0.0585) (29 -0.0541) (31 0.0443) (38 -0.0388) (37 0.0387) (32 -0.0352) (39 -0.0319) (42 0.0318) (12 0.0312) (43 -0.0228) (25 -0.0195) (40 -0.0175) (19 0.0164) (24 0.0153) (45 -0.0152) (47 0.012) (53 0.0119) (18 -0.0113) (17 -0.0109) (55 -0.0109) 
   0.0018692   (36 0.636) (134 -0.595) (34 -0.361) (11 0.189) (14 -0.168) (30 0.117) (29 0.0749) (13 -0.0676) (31 -0.0614) (38 0.0538) (37 -0.0537) (32 0.0486) (42 -0.044) (39 0.0439) (12 -0.0352) (43 0.0316) (25 0.0264) (40 0.0243) (19 -0.0226) (45 0.0212) (24 -0.0202) (47 -0.0166) (53 -0.0163) (18 0.0154) (17 0.0152) (55 0.0151) (16 -0.0127) (48 -0.0122) (78 -0.0121) (51 0.012) 
   0.0019954   (30 -0.735) (31 0.364) (32 0.346) (29 -0.243) (53 0.202) (55 -0.153) (36 0.139) (28 -0.0839) (33 -0.0808) (34 -0.0797) (51 -0.0706) (50 -0.0617) (35 0.0601) (52 0.0566) (71 -0.0549) (19 0.0518) (24 -0.0509) (16 0.0463) (25 0.0443) (69 -0.0403) (70 -0.0392) (37 -0.0351) (48 0.033) (68 0.0313) (54 -0.031) (49 -0.0286) (46 -0.0265) (72 0.0264) (40 -0.0263) (74 0.0253) (27 0.0252) (20 0.023) (73 0.0213) (47 0.0197) (26 -0.0189) (60 0.0187) (78 -0.0181) (130 0.0176) (56 -0.0164) (62 0.0162) (57 -0.0159) (45 -0.0155) (42 0.0144) (41 0.0143) (65 0.0135) (43 -0.0121) (18 -0.0101) (76 -0.01) 
   0.0020439   (71 -0.535) (70 -0.361) (69 -0.353) (68 0.344) (130 0.245) (74 0.243) (72 0.196) (78 -0.196) (53 -0.171) (73 0.13) (55 0.116) (66 0.106) (67 -0.0902) (60 0.0821) (77 -0.0807) (51 0.0749) (57 -0.0709) (62 -0.0618) (42 -0.0578) (63 -0.0574) (56 0.0573) (46 0.0556) (54 0.0533) (83 -0.0516) (80 -0.0484) (59 -0.0412) (75 0.0373) (41 0.034) (86 -0.0334) (61 0.0298) (79 0.0298) (32 -0.0285) (65 0.0269) (81 0.025) (109 -0.0245) (30 0.0245) (47 -0.0214) (48 0.0196) (40 0.0191) (87 -0.0182) (107 -0.0173) (96 -0.017) (43 -0.0167) (34 0.0162) (84 0.0159) (110 0.0156) (89 -0.0151) (58 -0.0141) (119 0.0135) (16 0.0122) (91 0.012) (131 0.0118) (38 0.0112) (100 0.0111) (120 -0.0111) (36 -0.0109) 
   0.0022432   (130 0.565) (53 -0.507) (55 0.397) (30 -0.187) (71 0.176) (50 0.176) (69 0.142) (51 0.134) (70 0.125) (52 -0.117) (31 0.088) (72 -0.0874) (74 -0.0858) (68 -0.0809) (73 -0.0805) (32 0.08) (62 -0.0799) (54 0.0745) (48 -0.0654) (49 0.0648) (29 -0.0631) (56 0.0627) (42 -0.0624) (57 0.055) (78 0.051) (60 -0.0506) (43 -0.046) (45 0.0386) (46 0.0384) (131 0.0378) (65 -0.0364) (132 -0.0354) (84 -0.0295) (35 0.0293) (47 -0.0271) (28 -0.0267) (81 -0.0267) (19 0.0262) (67 0.0213) (16 0.0207) (33 -0.0186) (24 -0.0181) (63 0.0168) (90 -0.016) (75 -0.0157) (88 0.0154) (80 0.015) (77 0.0148) (36 0.0146) (120 -0.0142) (25 0.012) (14 0.0108) (123 0.0106) (115 0.0101) 
   0.0023511   (130 0.779) (53 0.415) (55 -0.319) (30 0.144) (50 -0.127) (51 -0.119) (52 0.0826) (62 0.0764) (132 -0.074) (131 0.0723) (31 -0.0699) (54 -0.0698) (42 0.063) (56 -0.0629) (32 -0.0564) (68 -0.0495) (29 0.0489) (46 -0.0448) (49 -0.0444) (71 0.0408) (48 0.0401) (43 0.0387) (45 -0.0293) (66 -0.0262) (47 0.0259) (78 0.0239) (70 0.0229) (35 -0.0222) (19 -0.0213) (28 0.0212) (16 -0.0199) (65 0.0175) (73 0.0171) (57 -0.0169) (84 0.0163) (83 0.0157) (24 0.0144) (77 0.0143) (74 -0.014) (33 0.0139) (59 0.0135) (67 0.0129) (86 0.0126) (90 0.0122) (81 0.0115) (79 -0.0113) (88 -0.0113) (25 -0.0107) (60 0.0103) (36 -0.0102) 
   0.0025589   (23 -0.709) (20 0.33) (19 0.315) (22 -0.274) (25 -0.253) (56 -0.223) (24 0.127) (16 0.11) (21 -0.109) (32 0.108) (15 0.0986) (29 0.0831) (52 -0.0784) (57 -0.07) (55 0.056) (43 -0.0463) (46 -0.042) (30 0.0354) (60 0.0329) (17 0.0321) (47 0.0301) (54 -0.0284) (12 -0.0269) (78 0.0261) (42 0.0256) (26 0.0242) (38 -0.0242) (48 -0.0239) (53 0.0217) (28 0.0188) (33 -0.0176) (71 -0.0171) (37 0.0163) (120 -0.016) (13 -0.0155) (36 0.0141) (51 -0.0129) (34 0.0129) (45 -0.0118) (11 -0.0109) (125 -0.0106) 
   0.0026595   (60 -0.858) (56 0.312) (59 0.195) (57 -0.15) (62 -0.124) (61 0.123) (55 -0.116) (52 0.112) (78 -0.0903) (23 -0.0785) (46 0.072) (20 0.0533) (133 0.0515) (54 0.048) (19 0.0431) (79 0.0411) (48 0.0401) (47 -0.039) (22 -0.033) (43 0.0291) (71 -0.0288) (25 -0.0287) (49 0.0274) (16 0.0258) (63 -0.0252) (34 0.0224) (77 0.0222) (84 -0.0213) (125 -0.0208) (15 0.0206) (69 -0.0198) (109 0.0197) (68 0.0194) (108 -0.0187) (110 -0.0184) (72 -0.0168) (50 0.0151) (70 -0.0149) (24 0.0146) (58 0.0146) (21 -0.0145) (80 -0.0142) (73 -0.0137) (120 0.0136) (44 -0.0135) (51 -0.0134) (29 0.0134) (38 0.0132) (64 -0.0132) (45 0.0127) (124 -0.0125) (40 0.0111) (36 0.0102) (74 -0.0102) (82 0.01) 
   0.0026757   (133 0.758) (56 0.464) (57 0.271) (60 0.206) (52 0.122) (50 -0.107) (55 -0.106) (23 -0.102) (20 0.0699) (53 -0.0645) (19 0.0606) (43 0.0604) (62 0.0562) (46 0.0515) (59 -0.0488) (48 0.0468) (41 0.0441) (22 -0.0433) (71 0.0399) (78 -0.0396) (16 0.0396) (54 0.0394) (47 -0.0392) (25 -0.0338) (51 0.0317) (61 -0.0315) (68 -0.0221) (21 -0.0206) (84 0.0179) (15 0.0178) (32 -0.0154) (69 0.0153) (131 -0.0151) (77 0.0149) (45 -0.014) (24 0.0137) (74 -0.0136) (120 0.0135) (40 0.0134) (65 0.0126) (38 0.0122) 
   0.0028713   (133 0.649) (56 -0.565) (57 -0.302) (60 -0.171) (52 -0.151) (55 0.133) (23 0.125) (50 0.122) (20 -0.0857) (53 0.0748) (19 -0.0741) (43 -0.0727) (46 -0.0661) (48 -0.0578) (62 -0.0556) (22 0.0531) (78 0.0529) (41 -0.0506) (54 -0.0499) (47 0.0489) (16 -0.0482) (71 -0.0444) (25 0.0417) (59 0.0411) (51 -0.0357) (125 -0.0334) (61 0.0268) (124 -0.0258) (21 0.0251) (68 0.0242) (15 -0.0225) (84 -0.02) (120 -0.0196) (77 -0.0191) (32 0.0179) (24 -0.0172) (74 0.0166) (40 -0.0165) (69 -0.0163) (119 0.0159) (38 -0.0153) (45 0.0151) (122 0.015) (65 -0.0141) (127 0.0125) (34 -0.0114) (131 -0.0114) (17 -0.0107) 
   0.0035544   (40 0.887) (66 -0.241) (39 0.152) (84 -0.135) (43 -0.135) (65 -0.131) (41 -0.128) (62 -0.12) (38 0.1) (42 0.0853) (57 0.0723) (32 -0.061) (47 0.0532) (87 0.0388) (46 -0.0362) (30 -0.0341) (52 -0.0328) (50 0.0305) (16 0.0287) (70 -0.0278) (31 0.0266) (129 0.0252) (69 -0.0241) (51 -0.0237) (19 0.0223) (29 -0.0221) (20 0.0213) (96 -0.0203) (91 0.0197) (68 0.0192) (55 -0.019) (15 -0.0188) (53 0.0181) (44 -0.0176) (78 0.0174) (33 0.0169) (59 -0.0166) (25 0.0165) (73 -0.0154) (109 -0.0147) (36 -0.0133) (61 0.0129) (23 0.0122) (37 0.0112) (54 -0.0109) (64 -0.0104) (82 0.0101) 
   0.0038021   (84 -0.862) (129 0.325) (66 0.222) (87 0.166) (65 0.117) (62 0.11) (78 0.0837) (57 -0.0706) (91 0.0695) (85 0.0584) (109 -0.0471) (40 -0.0414) (43 0.0399) (52 0.0386) (96 -0.0373) (92 -0.0363) (107 -0.0347) (86 -0.0325) (90 0.032) (110 0.0311) (77 -0.0283) (46 0.0269) (119 -0.0262) (83 0.0247) (103 -0.0244) (47 -0.0243) (60 0.0233) (41 0.023) (120 0.0224) (117 -0.0221) (89 -0.0209) (56 0.02) (88 0.0194) (123 -0.0193) (94 -0.0182) (127 0.0177) (48 0.0177) (126 0.0174) (54 0.0171) (111 -0.0169) (93 -0.0169) (72 -0.0163) (50 -0.0162) (61 -0.0159) (112 0.0153) (114 0.0153) (124 0.0139) (100 0.0131) (39 -0.013) (69 0.0129) (71 -0.0124) (49 -0.0121) (105 -0.0121) (97 -0.0118) (115 -0.0117) (51 0.011) (104 0.011) (108 -0.0109) (55 -0.0109) (102 0.0104) (67 -0.0101) 
   0.0040011   (129 0.681) (66 0.44) (84 0.387) (65 0.233) (40 0.216) (62 0.191) (50 0.0953) (87 -0.082) (57 -0.0788) (70 0.0694) (78 -0.0577) (69 0.0535) (91 -0.047) (41 -0.0456) (39 0.0411) (68 -0.0392) (109 0.0315) (85 -0.0306) (96 0.0296) (38 0.0291) (73 0.0266) (71 0.0261) (52 0.0247) (45 0.0237) (43 -0.0231) (59 0.0225) (127 0.0221) (49 0.0214) (61 -0.0201) (48 -0.0199) (32 -0.0196) (90 -0.0184) (64 0.0173) (79 0.0165) (92 0.0163) (76 -0.0158) (107 0.0155) (103 0.0153) (74 -0.0151) (67 -0.0151) (110 -0.0147) (86 0.0147) (19 0.0137) (63 -0.0137) (94 0.0129) (30 -0.0127) (56 0.0111) (82 -0.011) (16 0.0106) (108 0.0104) (72 0.0104) (80 -0.0102) 
   0.0040556   (129 0.655) (66 -0.559) (65 -0.295) (62 -0.249) (40 -0.239) (57 0.115) (50 -0.0907) (70 -0.0737) (69 -0.0609) (52 -0.0441) (68 0.0437) (39 -0.0421) (41 0.0404) (38 -0.0382) (84 0.0343) (73 -0.0289) (61 0.0284) (32 0.0277) (59 -0.027) (45 -0.0237) (64 -0.0223) (56 -0.0216) (67 0.0205) (71 -0.0202) (109 -0.0187) (63 0.0175) (16 -0.0169) (19 -0.0165) (79 -0.0164) (78 0.0162) (30 0.0162) (76 0.0159) (49 -0.0157) (20 -0.0153) (91 0.0153) (96 -0.0148) (47 0.0146) (54 -0.0141) (93 0.0125) (46 -0.0123) (74 0.0116) (119 0.0115) (34 -0.0113) (14 -0.0111) (82 0.0111) (48 0.0111) (83 -0.0109) (29 0.0108) (127 0.0107) 
   0.0041375   (105 0.581) (96 0.331) (103 0.288) (123 -0.267) (108 -0.203) (101 0.198) (106 -0.175) (119 0.168) (99 -0.166) (109 -0.164) (124 0.162) (107 -0.156) (112 -0.143) (110 -0.136) (98 -0.123) (102 -0.12) (122 0.111) (118 -0.0941) (114 -0.0774) (111 -0.0762) (97 -0.0762) (117 -0.0693) (100 -0.0678) (104 -0.0675) (50 0.0671) (90 -0.0656) (121 -0.0641) (113 0.0605) (115 -0.0544) (94 0.0515) (120 0.0297) (84 -0.0293) (82 -0.0292) (72 -0.0286) (116 -0.0272) (93 -0.0267) (89 0.0255) (92 0.0247) (125 0.0206) (85 -0.0173) (55 -0.0167) (91 0.0165) (53 0.0159) (80 -0.0154) (60 0.0137) (49 0.0136) (70 -0.0132) (71 -0.0128) (66 -0.0124) (81 -0.012) (56 0.0117) (79 0.0107) (51 -0.0105) (83 0.0102) 
   0.0042529   (144 0.999) (137 -0.027) (123 -0.0251) (124 0.0156) (96 -0.0104) 
   0.0042847   (50 0.856) (49 0.185) (55 -0.173) (53 0.164) (56 0.135) (48 -0.134) (72 -0.124) (51 -0.115) (45 0.107) (60 0.093) (40 -0.0875) (52 0.0742) (57 0.0739) (41 -0.0733) (15 0.067) (123 0.0666) (66 -0.0634) (71 -0.062) (70 -0.0596) (84 -0.0574) (82 -0.0517) (54 -0.0513) (119 -0.0511) (43 -0.0501) (124 -0.0494) (62 -0.0492) (109 0.0479) (105 -0.0464) (96 0.0429) (107 0.0422) (42 -0.04) (65 -0.0376) (59 -0.0362) (122 -0.0327) (80 -0.0317) (69 -0.0313) (68 0.0274) (23 -0.0253) (87 -0.025) (44 -0.0247) (108 0.0242) (103 -0.0233) (31 -0.0215) (101 -0.0213) (81 -0.0202) (92 -0.0198) (79 0.0198) (112 -0.0193) (117 0.0191) (91 -0.0191) (118 0.0185) (121 0.0183) (74 0.0181) (38 -0.0179) (46 -0.017) (90 -0.0169) (115 0.0166) (73 0.0162) (125 -0.0162) (83 0.0156) (12 -0.0154) (111 -0.0127) (85 -0.0121) (99 0.012) (120 -0.0116) (39 -0.0112) (16 -0.0108) (32 0.0104) 
   0.0043949   (72 -0.592) (45 0.484) (80 -0.323) (81 -0.273) (44 -0.216) (50 -0.18) (93 -0.153) (83 0.147) (71 -0.138) (87 -0.128) (70 -0.0869) (79 0.0858) (98 -0.0784) (48 0.075) (76 0.0685) (77 0.0642) (113 -0.0607) (107 0.0577) (41 -0.0576) (49 -0.0566) (78 0.0548) (46 -0.0527) (43 -0.0489) (97 0.0435) (105 -0.0372) (100 0.0369) (89 0.0366) (96 -0.0292) (60 0.0292) (75 -0.0284) (91 0.0282) (85 -0.0273) (123 -0.0262) (42 -0.0256) (90 0.0243) (156 0.0232) (66 0.0226) (54 0.0224) (82 -0.0224) (109 -0.0215) (119 0.0207) (73 -0.02) (62 -0.0195) (101 -0.0177) (110 0.0175) (68 0.0174) (114 0.0163) (57 -0.0157) (74 0.0157) (115 -0.0155) (104 0.0151) (103 0.0147) (51 0.0141) (52 0.014) (59 -0.013) (120 0.0124) (117 -0.012) (47 -0.0107) (124 0.0105) (36 -0.0105) (99 0.01) 
   0.0045598   (156 0.999) (45 -0.0307) (44 0.0133) 
   0.0046451   (45 0.721) (72 0.486) (44 -0.304) (80 0.155) (79 -0.133) (81 0.116) (43 -0.109) (71 0.104) (41 -0.102) (87 0.0919) (46 -0.0884) (70 0.0703) (83 -0.0628) (48 0.0512) (40 -0.0498) (113 0.049) (90 0.0489) (107 -0.0488) (109 0.0439) (98 0.0417) (42 -0.0402) (85 0.038) (91 0.0379) (78 -0.036) (62 0.033) (66 -0.033) (110 -0.0317) (49 -0.0277) (100 -0.0275) (96 0.0272) (36 -0.0272) (105 0.0269) (156 0.0263) (50 -0.0246) (15 0.0233) (76 -0.023) (57 0.0224) (38 -0.0223) (14 -0.0211) (123 0.0204) (117 0.0193) (75 0.0174) (93 -0.0164) (114 -0.0164) (115 0.0159) (73 0.0155) (86 -0.0152) (34 -0.0144) (60 -0.0142) (120 -0.0138) (54 -0.0133) (124 -0.0129) (104 -0.0128) (59 0.0126) (23 -0.0117) (56 0.0114) (102 0.0114) (89 -0.0114) (122 -0.0108) (101 0.0108) (12 -0.0106) (13 -0.0105) (68 -0.0104) 
   0.0047386   (18 -0.965) (136 -0.245) (19 -0.0568) (15 -0.0387) (17 -0.0291) (16 0.0252) (20 -0.0228) (23 -0.0225) (7 0.0204) (25 -0.0147) (36 0.0144) (14 -0.0144) (45 0.0113) (30 0.0101) 
   0.0049803   (136 -0.97) (18 0.244) (19 0.0143) 
   0.0051817   (7 -1) (18 -0.0193) 
   0.0053402   (5 -1) 
   0.0053758   (30 -0.424) (34 -0.423) (32 -0.384) (135 0.331) (28 0.273) (29 0.237) (25 -0.231) (31 -0.228) (14 0.215) (24 0.158) (36 -0.119) (11 0.112) (26 0.109) (37 0.0818) (33 0.0808) (17 -0.068) (27 -0.0647) (13 0.0485) (35 0.0409) (38 -0.0401) (42 0.0399) (16 -0.0389) (78 0.0342) (19 -0.0334) (21 0.0314) (20 -0.0276) (40 -0.0249) (43 -0.0231) (47 0.0215) (22 0.0185) (39 0.014) (48 0.0136) (15 -0.0102) 
   0.0054797   (135 0.944) (30 0.149) (34 0.148) (32 0.135) (28 -0.0958) (29 -0.0831) (25 0.0811) (31 0.0798) (14 -0.0754) (24 -0.0553) (36 0.0417) (11 -0.0392) (26 -0.0381) (37 -0.0287) (33 -0.0283) (17 0.0238) (27 0.0227) (13 -0.017) (35 -0.0143) (38 0.014) (42 -0.0139) (16 0.0137) (19 0.0117) (78 -0.0117) (21 -0.011) 
    0.005728   (10 -0.736) (17 0.601) (16 -0.201) (14 0.174) (11 0.0866) (25 0.0657) (20 0.0639) (24 -0.0629) (13 0.041) (15 -0.0346) (18 -0.0302) (19 0.0282) (21 -0.0264) (34 -0.0186) (26 -0.0137) (27 0.0135) (12 0.0121) (78 0.0116) 
   0.0058789   (145 0.999) (10 0.027) (17 0.0225) 
   0.0063105   (10 -0.676) (17 -0.66) (16 0.218) (14 -0.165) (11 -0.083) (25 -0.0745) (20 -0.0742) (24 0.0701) (145 0.0367) (13 -0.0353) (18 0.0324) (19 -0.0316) (15 0.0312) (21 0.0303) (34 0.0208) (27 -0.0177) (78 -0.0146) (26 0.013) (30 0.0122) (37 -0.0119) (42 -0.0114) 
   0.0065524   (13 0.64) (12 0.63) (41 0.31) (14 -0.226) (11 0.143) (42 0.0991) (45 0.0576) (46 -0.0534) (15 0.0475) (50 0.0415) (40 0.0338) (43 0.0283) (47 0.0254) (48 -0.0242) (38 0.02) (34 0.0192) (44 -0.0188) (29 0.0148) (31 0.0144) (16 0.014) (60 -0.0122) (39 -0.0115) (36 0.0113) (20 0.0111) (109 -0.0102) 
   0.0070804   (143 -0.999) (41 0.0364) (42 0.0132) (13 -0.0114) (12 -0.0114) 
   0.0072773   (41 -0.827) (42 -0.302) (13 0.225) (12 0.224) (14 -0.142) (45 -0.134) (46 0.134) (40 -0.1) (43 -0.0939) (50 -0.0824) (34 -0.0721) (47 -0.0679) (38 -0.0592) (48 0.0537) (44 0.0492) (143 -0.0447) (36 -0.0442) (29 -0.0407) (15 0.0406) (39 0.0399) (19 0.0394) (35 0.0333) (32 -0.031) (25 0.0298) (31 -0.0286) (74 0.0278) (60 0.0253) (23 -0.0246) (17 0.0239) (16 0.0219) (59 0.021) (24 -0.0191) (109 0.0185) (28 -0.0182) (11 0.0182) (49 -0.0176) (52 0.0174) (56 0.0168) (80 0.0159) (81 -0.0151) (65 0.0146) (61 -0.0141) (79 0.0137) (55 -0.0133) (84 -0.0126) (67 0.0122) (75 0.0121) (66 -0.012) (33 0.0111) (86 -0.0107) (68 0.0106) (20 0.0105) (26 -0.0101) 
   0.0077529   (12 0.688) (13 -0.636) (31 0.262) (29 0.166) (14 0.12) (32 -0.0703) (30 0.0474) (37 -0.0258) (41 -0.0242) (34 -0.0226) (35 0.0204) (15 0.0198) (67 0.017) (33 -0.0138) (138 0.0133) (43 0.0116) (68 0.0104) 
   0.0085687   (138 0.99) (31 0.105) (29 0.0658) (12 -0.0427) (13 0.041) (32 -0.0254) (30 0.0189) (137 0.01) 

 Largest eigenvalues
      51.102   (163 0.251) (164 0.956) 
      27.891   (14 -0.369) (32 -0.323) (34 -0.305) (78 -0.316) 
      15.319   (14 0.28) (78 -0.746) (79 0.235) 
      13.187   (109 0.691) (110 -0.468) 
      4.5363   (96 0.292) (119 -0.414) (123 0.536) (124 -0.384) 
      1.4483   (163 0.968) (164 -0.248) 
      1.2234   (162 0.996) 
      1.1468   (165 -0.996) 
      1.1416   (90 0.65) (91 -0.568) 
      1.1345   (101 0.753) (106 0.496) 
      1.1338   (101 0.347) (106 -0.779) 
     0.92507   (111 0.33) (115 -0.778) 
     0.90433   (104 0.817) (105 0.339) 
     0.86725   (99 -0.624) (100 -0.454) (103 -0.297) 
     0.86266   (111 -0.56) (112 0.348) 
     0.75941   (109 -0.296) (110 -0.391) (111 0.311) (115 0.316) (137 -0.289) 
     0.67383   (109 0.355) (110 0.636) (111 0.292) 
     0.66923   (96 0.765) (99 0.29) 
     0.66338   (114 -0.494) (126 0.483) (137 -0.387) 
     0.60022   (111 -0.348) (112 -0.467) (114 0.526) 
     0.57741   (108 0.598) (112 0.344) (114 0.497) 
     0.57252   (108 -0.673) (112 0.395) 
     0.57062   (114 -0.333) (122 -0.449) (124 0.318) (131 -0.302) (132 -0.375) 
     0.56848   (122 0.423) (124 -0.409) (125 -0.574) 
     0.55494   (118 0.329) (120 0.658) (121 -0.325) 
     0.53901   (117 -0.503) (118 -0.636) 
     0.49597   (116 0.419) (119 -0.427) (123 -0.321) (127 -0.319) (132 -0.3) 
     0.48815   (116 -0.636) (126 0.304) (137 0.306) 
     0.47976   (116 0.552) (122 -0.331) (126 0.39) (137 0.354) 
     0.43538   (92 -0.965) 
     0.40223   (119 -0.381) (127 0.409) (137 0.392) 
     0.32544   (94 -0.926) (103 0.218) 
      0.3041   (94 0.327) (103 0.694) (104 0.338) (105 -0.387) 
     0.29852   (102 -0.834) 
     0.27009   (98 -0.474) (113 0.317) (117 -0.279) 
     0.25407   (79 -0.344) (87 -0.653) 
     0.23399   (79 0.508) (98 0.56) 
     0.23029   (79 -0.504) (87 0.594) 
     0.21019   (98 -0.387) (107 0.405) (113 -0.577) 
     0.16686   (90 -0.56) (91 -0.598) (93 0.384) 
     0.14983   (91 0.316) (97 -0.549) (107 -0.407) 
     0.14119   (93 -0.625) (107 -0.363) 
     0.13175   (85 -0.809) (86 0.368) 
     0.12637   (88 -0.386) (89 -0.637) (93 0.341) (97 0.306) 
     0.11788   (72 -0.38) (80 0.386) (81 0.47) (83 -0.39) 
     0.10952   (76 0.29) (77 0.327) (80 -0.328) 
     0.10829   (59 -0.308) (65 0.331) (69 -0.337) (76 -0.313) 
     0.10382   (58 0.564) (59 0.501) 
    0.099469   (58 -0.576) (65 -0.337) (69 0.287) 
    0.094449   (58 0.405) (59 -0.363) (65 0.271) (76 0.285) (97 -0.285) (107 0.261) 
    0.088781   (58 -0.341) (59 0.564) 
    0.079425   (59 -0.335) (64 -0.393) (65 -0.422) (83 -0.295) 
    0.075935   (63 0.219) (64 0.748) (68 0.219) (69 0.208) (76 -0.212) (83 -0.217) 
    0.073823   (61 -0.607) (63 -0.373) (69 0.317) 
    0.073175   (61 0.646) (64 -0.266) (65 0.269) (69 0.248) 
    0.066986   (61 -0.27) (69 -0.256) (76 0.245) (118 0.259) (120 -0.286) 
     0.06533   (68 0.316) (74 -0.362) (77 0.322) 
    0.061284   (63 0.592) (68 -0.205) (76 -0.211) (80 -0.229) (81 0.243) (86 -0.267) 
    0.059074   (63 -0.546) (68 -0.288) (74 0.348) 
    0.055593   (63 0.271) (67 -0.307) (68 0.408) (70 0.243) (71 0.309) (76 0.276) (77 -0.297) 
    0.053324   (67 0.438) (74 -0.397) (81 -0.349) 
    0.050343   (67 -0.548) (77 0.327) 
    0.047932   (67 0.534) (68 0.355) (74 0.294) 
    0.046352   (74 -0.28) (76 0.271) (77 -0.243) (80 -0.227) (81 0.353) (83 0.298) (86 0.22) (121 0.223) 
    0.043905   (35 -0.88) (42 -0.264) (43 -0.261) 
    0.042229   (35 0.424) (42 -0.512) (43 -0.56) 
    0.041582   (75 0.462) (86 -0.266) (88 0.272) (121 0.337) 
    0.040453   (51 -0.571) (75 -0.419) 
    0.032421   (51 0.518) (75 -0.531) 
    0.031772   (26 0.761) (28 -0.416) 
    0.029445   (26 -0.448) (27 -0.746) 
    0.027583   (27 0.451) (33 -0.33) (47 0.37) (88 -0.337) 
    0.026652   (33 0.817) (37 -0.219) (88 -0.259) 
    0.021794   (44 0.294) (47 -0.484) (75 0.299) (88 -0.371) 
    0.020828   (131 0.691) (132 -0.421) 
    0.020743   (128 -0.578) (160 -0.809) 
    0.019585   (128 -0.577) (160 0.311) (161 0.755) 
    0.018304   (128 -0.577) (160 0.498) (161 -0.647) 
    0.015526   (15 0.966) 
    0.015203   (140 0.997) 
