 1 86938.6
 2 652.548
 3 1.37187
 4 361429
 5 796.968
 6 10.6527
 7 1.01473e+06
 8 78.3096
 9 1573.77
 10 2559.72
 11 56.4835
 12 717.036
 13 1.36197e+06
 14 11253.7
 15 0.813929
 16 679662
 17 5321.18
 18 0.866732
 19 308463
 20 3372.24
 21 7.63195
 22 342684
 23 4456.91
 24 2.39312
 25 231.715
 26 320.253
 27 4.92397
 28 3420.12
 29 534.176
 30 65.0406
 31 453.16
 32 291.671
 33 400.356
 34 222.254
 35 374.245
 36 115.595
 37 1509.61
 38 3318.52
 39 2.7816
 40 941.961
 41 5417.58
 42 1.71111
 43 657.895
 44 1595.9
 45 8.22564
 46 3083.01
 47 3553.34
 48 125.163
 49 2048.98
 50 216.52
 51 537.372
 52 148.942
 53 3546.21
 54 340.229
 55 193.905
 56 310.008
 57 790.062
 58 103.294
 59 242.949
 60 90.7313
 61 22.5141
 62 1.70643
 63 488.955
 64 197.324
 65 2.27568
 66 616.982
 67 3702.61
 68 277.281
 69 108852
 70 346735
 71 3375.92
 72 3.21085
 73 18636.1
 74 667.871
 75 4154.48
 76 5187.69
 77 22.2441
 78 1576.56
 79 7149.07
 80 358.558
 81 2001
 82 2994.08
 83 1059.55
 84 1.88514
 85 158.322
 86 2.19672
 87 3316.64
 88 1.96403
 89 1.81534
 90 2.1979
 91 7.74662
 92 461.522
 93 814.858
 94 369.355
 95 751.305
 96 978.689
 97 316.908
 98 197.351
 99 130.125
 100 598.17
 101 1382.74
 102 84.9898
 103 177.159
 104 145.701
 105 121.441
 106 173.772
 107 169.538
 108 169.217
 109 120.829
 110 88.6476
 111 179.814
 112 202.603
 113 181.401
 114 167.075
 115 158.101
 116 117.208
 117 177.263
 118 182.547
 119 146.616
 120 107.849
 121 113.037
 122 48.4885
 123 42.8411
 124 36.6736
 125 31.8768
 126 44.1519
 127 25.1634
 128 82.2782
 129 55.2705
 130 47.8971
 131 21.209
 132 19.5875
 133 19.5548
 134 29.1124
 135 9.01073
 136 40.0941
 137 10.9062
 138 9.50267
 139 8.89531
 140 11.7789
 141 11.4572
 142 8.93415
 143 8.89455
 144 17.6454
 145 15.7208
 146 11.5855
 147 10.3243
 148 16.6777
 149 16.004
 150 11.399
 151 13.5177
 152 19.2712
 153 24.5438
 154 14.1833
 155 19.2596
 156 20.8453
 157 34.0494
 158 0.592961
 159 0.125014
 160 2.80937
 161 19.6645
 162 59.3614
 163 60.6983
 164 132.378
 165 2.41589
