 1 31.6228
 2 25.0641
 3 0.941949
 4 31.6228
 5 27.7275
 6 1.30593
 7 31.6228
 8 2.47817
 9 30.1443
 10 30.0033
 11 2.56635
 12 20.5346
 13 31.6228
 14 31.62
 15 0.90215
 16 31.6228
 17 31.6172
 18 0.904544
 19 31.6228
 20 31.5456
 21 0.995717
 22 31.6228
 23 31.604
 24 0.926218
 25 14.351
 26 16.4471
 27 1.17092
 28 31.5586
 29 21.0725
 30 3.51073
 31 21.0987
 32 11.6505
 33 15.5787
 34 14.2127
 35 16.7933
 36 5.92811
 37 31.5765
 38 31.6107
 39 1.30622
 40 24.1556
 41 31.1618
 42 1.28292
 43 21.14
 44 29.2158
 45 1.45294
 46 31.5907
 47 30.5756
 48 2.52642
 49 30.2289
 50 14.047
 51 18.045
 52 6.08438
 53 30.8346
 54 16.9911
 55 8.58648
 56 12.5825
 57 27.2795
 58 9.48307
 59 13.0072
 60 5.7963
 61 4.50052
 62 1.30253
 63 21.6083
 64 13.0878
 65 0.999787
 66 24.0643
 67 29.4883
 68 3.66113
 69 31.6225
 70 31.6228
 71 31.5968
 72 1.31121
 73 31.6195
 74 5.65537
 75 27.5636
 76 30.9909
 77 1.70483
 78 28.4455
 79 31.5955
 80 5.87903
 81 27.3006
 82 31.4764
 83 27.8805
 84 1.29529
 85 11.3455
 86 1.35735
 87 31.3633
 88 1.267
 89 1.184
 90 1.39854
 91 2.34043
 92 19.3747
 93 26.0608
 94 15.9672
 95 23.8324
 96 27.0339
 97 16.2183
 98 12.7098
 99 9.39234
 100 22.0607
 101 29.9786
 102 7.92562
 103 12.681
 104 11.3186
 105 10.1751
 106 12.6687
 107 12.4479
 108 12.443
 109 10.2226
 110 8.1175
 111 12.736
 112 13.8351
 113 12.9895
 114 12.3788
 115 11.8694
 116 9.74128
 117 12.5526
 118 12.8702
 119 11.4392
 120 9.70194
 121 10.1908
 122 6.71865
 123 6.43008
 124 5.76404
 125 5.41884
 126 6.43271
 127 4.44574
 128 8.62146
 129 6.83465
 130 6.44392
 131 4.33773
 132 4.33907
 133 4.33044
 134 5.274
 135 2.77962
 136 6.25628
 137 3.14784
 138 2.95436
 139 2.84265
 140 3.30362
 141 3.09541
 142 2.74177
 143 2.76775
 144 4.07106
 145 3.86717
 146 3.28444
 147 3.07202
 148 3.93408
 149 3.87365
 150 3.24481
 151 3.51606
 152 4.28247
 153 4.80064
 154 3.61647
 155 4.26566
 156 4.44993
 157 5.74417
 158 0.372461
 159 0.284564
 160 1.37154
 161 3.54173
 162 6.32331
 163 6.85984
 164 10.928
 165 0.745656
