 1 1000
 2 632.709
 3 1.35515
 4 1000
 5 780.01
 6 10.444
 7 1000
 8 47.731
 9 950.931
 10 916.255
 11 36.7938
 12 466.392
 13 1000
 14 999.867
 15 0.81388
 16 1000
 17 999.74
 18 0.826889
 19 1000
 20 997.223
 21 2.87037
 22 1000
 23 999.274
 24 1.18654
 25 218.064
 26 291.01
 27 4.53024
 28 996.541
 29 497.443
 30 60.806
 31 449.117
 32 287.472
 33 394.324
 34 212.266
 35 362.999
 36 111.892
 37 997.564
 38 999.544
 39 1.99232
 40 592.819
 41 974.742
 42 1.65981
 43 472.293
 44 880.216
 45 5.25164
 46 998.697
 47 965.193
 48 36.8772
 49 927.442
 50 212.805
 51 402.214
 52 111.892
 53 960.893
 54 294.833
 55 151.808
 56 239.656
 57 783.699
 58 101.752
 59 239.618
 60 89.4516
 61 22.4914
 62 1.70635
 63 478.577
 64 196.765
 65 2.25621
 66 605.666
 67 929.202
 68 73.0037
 69 999.99
 70 1000
 71 998.972
 72 2.13474
 73 999.857
 74 137.116
 75 865.019
 76 964.769
 77 11.5861
 78 825.489
 79 998.808
 80 143.852
 81 855.102
 82 992.236
 83 806.506
 84 1.81003
 85 134.609
 86 2.11787
 87 988.856
 88 1.96377
 89 1.81531
 90 2.19759
 91 7.46108
 92 441.991
 93 771.382
 94 362.815
 95 654.77
 96 794.075
 97 308.643
 98 196.217
 99 129.566
 100 530.595
 101 923.986
 102 81.5947
 103 175.305
 104 144.343
 105 120.523
 106 172.574
 107 168.452
 108 168.468
 109 120.115
 110 87.5326
 111 179.161
 112 201.927
 113 180.869
 114 166.839
 115 157.746
 116 116.777
 117 176.884
 118 182.261
 119 146.512
 120 107.311
 121 112.462
 122 48.0391
 123 42.633
 124 36.4788
 125 31.5142
 126 43.8024
 127 24.4853
 128 81.6542
 129 54.8032
 130 47.1502
 131 21.1054
 132 19.4901
 133 19.4646
 134 28.687
 135 8.91619
 136 39.898
 137 10.7987
 138 9.42123
 139 8.77931
 140 11.646
 141 11.1363
 142 8.80186
 143 8.773
 144 17.5056
 145 15.5887
 146 11.4734
 147 10.1834
 148 16.5244
 149 15.8322
 150 11.2943
 151 13.3425
 152 19.0778
 153 24.0462
 154 13.9434
 155 19.093
 156 20.7675
 157 33.8957
 158 0.493586
 159 0.123037
 160 2.74959
 161 18.5173
 162 51.7311
 163 58.0203
 164 130.363
 165 2.39245
