 Smallest eigenvalues
  7.3423e-07   (9 1) 
  9.8548e-07   (44 -0.649) (45 0.514) (43 0.326) (46 0.3) (40 -0.161) (37 0.152) (41 0.126) (47 -0.103) (42 -0.0827) (36 0.0689) (35 -0.0588) (30 -0.0563) (51 -0.055) (49 0.0531) (56 -0.0524) (52 0.043) (50 -0.0398) (34 0.0357) (18 0.034) (74 -0.033) (57 -0.0318) (158 -0.0282) (14 0.0273) (32 -0.0239) (94 0.0217) (20 0.0187) (54 -0.0181) (73 0.0179) (11 -0.0176) (53 0.0174) (27 0.017) (77 0.0169) (76 -0.0156) (55 0.0147) (38 -0.0139) (29 -0.0138) (39 -0.0134) (58 -0.0129) (25 -0.0121) (19 -0.0119) (15 0.0112) (22 0.0108) (13 0.0105) (48 -0.0104) (100 0.0102) 
  1.4713e-06   (158 -1) (44 0.0183) (45 -0.0145) 
  2.7668e-06   (4 1) 
   2.884e-06   (40 -0.82) (41 -0.417) (44 0.234) (37 0.213) (155 0.11) (36 0.0894) (39 -0.0872) (35 -0.0689) (43 -0.0606) (30 -0.0565) (45 0.0501) (47 -0.0359) (18 0.0317) (51 -0.0316) (56 -0.0257) (32 -0.0246) (74 -0.024) (49 0.0237) (14 0.0233) (52 0.0214) (42 0.0178) (46 0.0177) (94 0.0164) (20 0.016) (11 -0.0151) (57 -0.015) (25 -0.0144) (54 -0.0128) (27 0.0127) (53 0.0127) (73 0.0124) (15 0.0114) (28 -0.0113) (75 0.011) (58 -0.0106) 
  2.9181e-06   (155 0.994) (40 0.0905) (41 0.046) (44 -0.0258) (37 -0.0236) 
  3.2419e-06   (2 1) 
  9.1661e-06   (153 -0.976) (32 -0.208) (30 -0.0377) (33 0.0317) (34 -0.0166) (37 -0.0148) (35 0.0106) 
  1.1502e-05   (32 0.938) (153 -0.216) (30 0.17) (33 -0.143) (34 0.0749) (37 0.0668) (35 -0.0478) (31 -0.0397) (18 -0.0379) (36 0.037) (40 -0.0272) (44 -0.0244) (55 0.0242) (28 0.0241) (53 -0.0212) (25 0.0211) (14 -0.0208) (20 -0.0188) (42 -0.0186) (29 -0.0176) (26 0.016) (74 0.016) (27 -0.015) (58 0.0146) (23 -0.0144) (19 0.0128) (94 -0.0119) (11 0.0105) (39 -0.0104) (22 -0.0102) 
  4.7552e-05   (26 0.86) (52 -0.343) (25 -0.289) (51 0.121) (27 0.106) (20 0.0769) (19 -0.0552) (33 -0.0484) (29 -0.0461) (21 0.0454) (40 -0.0402) (31 -0.0349) (23 0.0342) (58 -0.0322) (41 0.0293) (24 0.0286) (55 0.0281) (72 -0.0276) (49 -0.027) (13 -0.0268) (44 -0.0231) (45 -0.0226) (47 0.022) (50 0.0217) (74 -0.0195) (79 0.0194) (39 0.0193) (77 0.0164) (32 -0.0163) (57 -0.016) (56 -0.0151) (34 0.015) (48 -0.0144) (67 -0.0125) (70 0.0125) (68 -0.0123) (46 0.0116) (63 0.0111) (30 -0.011) (38 0.0105) (76 -0.0101) 
  8.7871e-05   (151 0.964) (52 -0.225) (26 -0.0952) (51 0.0814) (25 0.0294) (58 -0.0261) (49 -0.0169) (55 0.0158) (44 -0.0153) (41 0.0149) (37 0.0143) (40 -0.0137) (56 -0.0128) (72 -0.0108) (47 0.0103) 
  0.00012968   (52 0.816) (26 0.34) (51 -0.296) (151 0.266) (25 -0.105) (58 0.095) (49 0.0613) (55 -0.0573) (44 0.0555) (41 -0.0541) (37 -0.0517) (40 0.0497) (56 0.0465) (72 0.0392) (47 -0.0374) (39 0.0348) (27 0.0339) (42 -0.0339) (54 0.032) (46 0.0303) (94 -0.0272) (35 0.027) (74 0.026) (36 -0.0244) (33 -0.0242) (50 -0.023) (57 0.022) (30 0.0213) (79 -0.0211) (77 -0.021) (69 -0.0202) (70 -0.0184) (20 0.0184) (18 -0.0181) (73 -0.0163) (81 -0.0161) (29 -0.0159) (21 0.0159) (31 -0.0158) (19 -0.0152) (63 -0.0148) (13 -0.0144) (68 0.0138) (43 -0.0138) (45 0.0132) (75 -0.0129) (53 -0.0128) (64 -0.0122) (71 0.0115) (59 -0.0104) (67 0.0103) (100 -0.0102) (23 0.01) 
  0.00016552   (1 1) 
  0.00016953   (11 -0.99) (14 -0.094) (15 -0.0577) (18 -0.042) (13 -0.0391) (16 -0.0329) (20 -0.0231) (37 -0.0215) (30 0.0211) (22 -0.0194) (17 -0.0156) (19 0.0146) (35 0.0127) (27 -0.012) (36 -0.011) (24 -0.0103) 
  0.00018896   (161 1) 
  0.00022473   (3 -1) 
  0.00024519   (15 0.939) (14 0.262) (16 -0.124) (18 -0.0967) (13 0.0961) (11 -0.0697) (20 -0.0492) (17 -0.0422) (22 -0.0405) (19 0.031) (30 0.0296) (24 -0.024) (27 -0.0234) (37 -0.019) (23 -0.0153) (35 0.0124) (40 0.0117) (36 -0.0107) 
  0.00025953   (160 1) 
  0.00026605   (7 1) 
  0.00027363   (22 0.822) (23 -0.501) (20 0.144) (25 0.108) (18 0.103) (24 -0.0786) (21 -0.0748) (19 -0.0725) (26 0.0518) (157 0.0447) (34 -0.038) (15 0.0333) (27 -0.0323) (14 0.0312) (17 0.0305) (30 0.0277) (11 -0.024) (42 0.019) (31 -0.0134) (28 0.0127) (53 -0.0125) (55 0.0118) (44 0.0115) (37 -0.0106) (58 0.0103) (41 0.0102) 
  0.00029121   (157 0.999) (22 -0.0368) (23 0.0224) 
  0.00029598   (6 -1) 
  0.00029887   (16 0.98) (17 -0.133) (15 0.0935) (14 0.0636) (20 -0.0604) (11 -0.0392) (19 0.0312) (21 0.0257) (18 -0.0235) (27 -0.0189) (159 0.0187) (13 0.0184) (31 -0.0124) (25 -0.0121) (26 0.012) (24 0.0118) (44 0.0106) 
  0.00029999   (159 1) (16 -0.0183) 
  0.00031934   (73 0.764) (56 0.452) (74 0.298) (57 0.182) (58 0.127) (53 -0.118) (37 0.0862) (75 -0.0692) (70 -0.069) (45 -0.0665) (51 0.0613) (54 0.0578) (35 -0.0524) (44 -0.0471) (36 0.0432) (55 -0.042) (30 -0.0396) (18 0.0391) (49 -0.039) (65 0.0364) (48 -0.0361) (96 -0.0344) (41 0.0342) (69 0.0341) (89 0.0337) (43 0.0335) (71 0.0295) (39 0.0275) (76 0.0259) (40 -0.0256) (78 0.0242) (90 -0.0225) (14 0.022) (100 0.0214) (25 -0.0206) (112 0.0174) (122 -0.0165) (42 0.016) (87 0.0149) (88 0.0146) (34 0.0144) (77 -0.0144) (124 0.0143) (102 0.0142) (13 0.0133) (11 -0.0127) (120 0.0119) (80 -0.0113) (95 0.0111) (68 -0.0107) (46 -0.0107) (127 0.0107) (110 0.0104) 
  0.00034553   (56 0.636) (73 -0.487) (57 0.277) (58 0.21) (74 -0.187) (70 0.146) (53 -0.144) (65 0.137) (37 0.129) (69 -0.127) (45 -0.121) (154 -0.107) (49 -0.105) (41 0.0885) (44 -0.0808) (55 -0.0787) (51 0.0755) (35 -0.0686) (71 -0.066) (30 -0.064) (36 0.062) (40 -0.061) (48 -0.0506) (18 0.0493) (43 0.047) (75 0.0447) (54 0.0374) (14 0.0353) (68 -0.0348) (47 0.0344) (42 -0.03) (122 0.0269) (25 -0.0239) (82 -0.0227) (11 -0.0213) (20 0.0203) (78 -0.0189) (112 0.0183) (89 0.0183) (34 0.0176) (127 0.0169) (27 0.015) (26 -0.0148) (64 -0.0146) (79 -0.0145) (100 0.0144) (110 0.0143) (121 0.0142) (46 -0.0141) (13 0.0136) (67 0.0132) (19 -0.0131) (130 0.0127) (115 -0.0122) (66 0.0118) (16 0.0118) (32 -0.0117) (17 0.0112) (114 0.0108) (126 0.0106) (131 0.0105) (38 -0.0104) 
  0.00037431   (154 -0.994) (56 -0.0717) (73 0.0481) (57 -0.031) (58 -0.0235) (74 0.0185) (53 0.0165) (70 -0.0152) (65 -0.0148) (37 -0.0148) (45 0.0137) (69 0.0133) (49 0.0117) 
  0.00041279   (21 0.947) (23 -0.181) (18 0.176) (25 0.136) (22 -0.0824) (47 0.0557) (20 0.0552) (49 0.0377) (19 -0.0364) (45 -0.0358) (24 -0.0267) (14 0.0183) (48 0.0176) (27 -0.0164) (15 0.016) (44 -0.0157) (17 0.0152) (16 -0.015) (41 0.015) (56 -0.0125) (42 -0.0121) (13 0.012) (30 0.0105) (51 -0.0104) 
  0.00043791   (47 0.612) (49 0.425) (45 -0.394) (150 -0.327) (44 -0.195) (48 0.176) (37 0.152) (41 0.14) (40 -0.0998) (43 0.0849) (56 -0.0847) (21 -0.0772) (53 0.0753) (36 0.0714) (51 -0.0672) (30 -0.0671) (35 -0.0646) (42 -0.0507) (55 0.0471) (57 -0.0421) (52 0.0386) (25 -0.0319) (50 -0.0317) (14 0.0305) (18 0.0247) (38 -0.0224) (23 0.0206) (73 0.0192) (11 -0.0177) (34 0.0171) (20 0.0157) (26 -0.0154) (27 0.0147) (58 -0.0146) (32 -0.0139) (74 -0.0116) (13 0.0112) (46 -0.0111) (22 0.0111) 
  0.00052522   (150 -0.945) (47 -0.212) (49 -0.147) (45 0.137) (44 0.0675) (48 -0.0611) (37 -0.0528) (41 -0.0485) (40 0.0346) (43 -0.0295) (56 0.0293) (53 -0.0261) (21 0.0252) (36 -0.0248) (30 0.0233) (51 0.0233) (35 0.0224) (42 0.0176) (55 -0.0163) (57 0.0145) (52 -0.0134) (50 0.011) (25 0.0109) (14 -0.0106) 
  0.00054909   (51 0.838) (52 0.345) (42 0.21) (49 -0.148) (53 0.135) (41 -0.125) (44 -0.121) (56 -0.119) (45 -0.115) (43 0.094) (50 -0.0895) (54 -0.0668) (37 0.0523) (48 -0.0487) (47 0.0441) (57 -0.0421) (35 -0.0343) (36 0.0264) (40 0.022) (18 0.0216) (69 -0.0209) (30 -0.0191) (70 0.0187) (25 -0.0155) (147 0.015) (55 0.0132) (65 0.0125) (14 0.0115) (58 -0.0101) 
  0.00060698   (147 0.762) (42 -0.421) (41 0.354) (44 0.176) (51 0.166) (43 -0.144) (40 -0.0967) (45 0.0821) (37 0.0716) (52 0.0635) (47 -0.0595) (49 0.0448) (56 -0.0357) (36 0.0323) (30 -0.0313) (39 0.0246) (38 -0.0226) (53 0.0198) (73 0.017) (35 -0.0169) (57 -0.0164) (18 0.0148) (14 0.0128) (25 -0.0117) (20 0.0115) (26 -0.0104) 
  0.00066044   (147 0.648) (42 0.49) (41 -0.413) (51 -0.215) (44 -0.204) (43 0.167) (40 0.113) (45 -0.0938) (37 -0.0856) (52 -0.0827) (47 0.069) (49 -0.0492) (56 0.0446) (36 -0.0387) (30 0.0373) (39 -0.0288) (38 0.0267) (53 -0.0263) (35 0.0208) (57 0.0202) (73 -0.02) (18 -0.018) (14 -0.0153) (25 0.0141) (20 -0.0137) (50 0.0136) (26 0.0122) (94 -0.0116) 
  0.00077672   (70 -0.605) (69 0.519) (71 0.455) (49 -0.217) (73 -0.182) (68 0.139) (72 -0.0932) (45 -0.0906) (37 0.0815) (48 -0.0562) (65 -0.0549) (41 0.0457) (56 0.0456) (35 -0.045) (44 -0.0442) (54 0.0432) (47 0.0403) (36 0.0398) (82 -0.0382) (30 -0.035) (18 0.032) (51 -0.0317) (43 0.0314) (40 -0.0275) (89 0.0265) (57 0.0256) (149 -0.0216) (14 0.0205) (50 -0.0197) (100 0.0195) (25 -0.0192) (66 -0.0185) (67 -0.0183) (53 -0.0168) (127 0.016) (112 0.0154) (120 0.0151) (55 0.0148) (95 0.014) (46 -0.0139) (102 0.0131) (75 -0.013) (90 -0.0126) (34 0.0122) (88 -0.0121) (52 0.0119) (124 0.0113) (20 0.0109) (104 0.0104) (79 -0.0104) 
  0.00081098   (49 -0.677) (149 -0.48) (51 -0.222) (45 -0.213) (56 -0.189) (47 0.161) (70 0.138) (41 0.133) (48 -0.131) (69 -0.118) (71 -0.116) (37 0.1) (44 -0.0886) (42 -0.0878) (53 0.0873) (40 -0.0806) (73 0.0793) (50 -0.0681) (55 0.0564) (43 0.0478) (36 0.0461) (35 -0.0432) (57 -0.0426) (30 -0.042) (68 -0.0376) (52 0.0341) (54 0.0288) (46 -0.028) (18 0.0267) (58 -0.0252) (72 0.024) (14 0.0231) (122 0.0197) (20 0.0184) (94 0.0147) (26 -0.0145) (25 -0.0139) (82 0.0132) (38 -0.0114) (39 0.0111) (19 -0.0107) (11 -0.0104) (34 0.0103) 
  0.00093861   (149 -0.877) (49 0.376) (51 0.122) (45 0.119) (56 0.102) (47 -0.089) (41 -0.0742) (48 0.0733) (70 -0.0603) (37 -0.057) (71 0.0524) (69 0.0518) (44 0.0497) (42 0.048) (53 -0.0472) (40 0.0448) (73 -0.0389) (50 0.0377) (55 -0.0312) (43 -0.027) (36 -0.0263) (35 0.0249) (30 0.024) (57 0.0226) (52 -0.0189) (68 0.017) (54 -0.0169) (46 0.0157) (18 -0.0156) (58 0.0138) (14 -0.0133) (72 -0.0109) (20 -0.0104) (122 -0.0103) 
  0.00099125   (35 -0.857) (37 -0.282) (18 0.236) (36 -0.217) (20 0.144) (22 -0.118) (34 0.109) (21 -0.0818) (25 0.0768) (19 -0.0689) (24 -0.0575) (14 0.0544) (23 -0.0446) (17 0.0394) (45 0.0338) (30 -0.0332) (44 0.0294) (41 -0.0261) (26 0.0251) (13 0.0239) (56 -0.0225) (11 -0.0213) (43 -0.0205) (39 -0.0201) (16 0.0194) (40 0.0183) (53 0.0172) (42 -0.0171) (38 0.0149) (15 0.0142) (51 -0.0133) (48 0.0107) (27 -0.01) 
   0.0011015   (18 0.556) (20 0.394) (22 -0.349) (35 0.337) (25 0.314) (21 -0.25) (19 -0.179) (24 -0.174) (23 -0.147) (30 0.108) (14 0.0965) (26 0.0961) (17 0.0837) (27 -0.0622) (16 0.0546) (34 -0.0498) (36 0.0437) (37 0.0401) (13 0.039) (11 -0.0322) (15 0.0272) (144 0.0174) (29 0.0173) (32 0.0166) (41 -0.0107) (28 0.0104) 
   0.0011731   (144 1) (145 0.0135) (18 -0.0104) 
    0.001245   (47 -0.693) (45 -0.518) (14 0.239) (44 -0.183) (37 0.167) (49 0.163) (53 0.112) (41 0.106) (46 -0.0999) (48 0.0941) (51 -0.0841) (56 -0.0836) (13 0.0803) (36 0.0792) (35 -0.078) (43 0.0672) (15 -0.0667) (55 0.063) (57 -0.0556) (39 -0.0502) (30 -0.048) (38 -0.0396) (42 0.0379) (11 -0.033) (40 -0.0245) (69 -0.0234) (74 0.0228) (82 -0.0227) (50 -0.0222) (34 0.0221) (70 0.0193) (25 -0.0189) (79 -0.0152) (58 -0.0127) (94 -0.0106) (20 0.0104) (68 -0.0101) (110 0.01) 
   0.0013831   (14 0.835) (15 -0.307) (13 0.303) (18 -0.174) (47 0.167) (45 0.138) (37 -0.0756) (30 0.0589) (11 -0.0552) (44 0.0545) (20 -0.0527) (25 0.0509) (16 -0.0498) (17 -0.0492) (35 0.042) (19 0.0392) (41 -0.0388) (36 -0.0384) (49 -0.0362) (26 0.0282) (46 0.0259) (27 -0.0241) (53 -0.0223) (43 -0.0223) (23 -0.0203) (48 -0.0202) (51 0.0183) (38 0.018) (40 0.0162) (56 0.0143) (24 -0.014) (55 -0.0134) (22 -0.0132) (34 -0.0127) (57 0.0108) 
   0.0014226   (146 -1) (145 -0.0188) 
   0.0015189   (54 0.605) (53 -0.556) (30 -0.406) (56 -0.249) (55 -0.244) (32 0.0811) (51 0.0768) (18 0.0631) (57 -0.0589) (25 -0.0409) (14 0.0374) (48 -0.0346) (31 -0.0342) (68 -0.032) (42 0.031) (35 0.0306) (69 -0.0284) (45 -0.0264) (49 0.024) (73 -0.0231) (65 0.023) (27 0.0227) (20 0.0227) (26 -0.0204) (37 -0.0196) (70 0.0184) (44 -0.0173) (47 -0.0172) (11 -0.0166) (17 0.0164) (13 0.0164) (19 -0.0154) (36 -0.0148) (74 0.0143) (75 -0.0127) (34 -0.0123) (46 -0.0117) (41 -0.0113) (40 0.0105) (110 0.0105) 
   0.0015468   (30 -0.83) (54 -0.276) (53 0.271) (32 0.185) (37 -0.172) (35 0.147) (55 0.12) (36 -0.0975) (56 0.0921) (18 0.083) (31 -0.0711) (140 0.0596) (25 -0.0557) (34 -0.0492) (14 0.0488) (51 -0.0474) (45 0.0458) (41 -0.0448) (20 0.0415) (27 0.0387) (26 -0.0386) (40 0.0384) (44 0.0384) (38 0.0322) (19 -0.0255) (48 0.0223) (57 0.0217) (11 -0.0213) (13 0.0193) (17 0.0189) (33 -0.0165) (43 -0.0143) (15 0.0143) (22 0.0137) (68 0.0131) (39 -0.0128) (28 -0.0115) (73 0.0107) (24 0.0105) (29 -0.0101) 
   0.0017311   (140 0.998) (30 0.0533) (32 -0.0117) (53 -0.0111) (54 0.0111) (37 0.0102) 
   0.0018625   (27 0.807) (17 -0.504) (18 0.208) (26 -0.119) (29 0.0979) (30 0.0807) (25 -0.065) (28 0.0514) (19 -0.0511) (16 -0.0498) (22 0.0447) (24 0.044) (14 0.034) (37 -0.0306) (35 0.0256) (23 0.0237) (43 -0.0224) (138 -0.0201) (36 -0.017) (20 0.0155) (32 0.0129) (79 -0.0128) (11 -0.0116) (41 -0.0101) 
   0.0019034   (17 0.807) (27 0.5) (138 -0.185) (18 -0.13) (16 0.113) (29 0.0945) (26 -0.0746) (20 0.0742) (30 0.0594) (14 0.0404) (15 0.0352) (28 0.0329) (25 -0.0316) (13 0.0316) (37 -0.0294) (23 0.0242) (11 -0.0233) (21 0.0227) (24 -0.0226) (35 0.0211) (19 -0.0186) (36 -0.0159) (40 0.0122) (32 0.0121) (68 -0.0109) (41 -0.0102) 
    0.002036   (138 -0.982) (17 -0.142) (27 -0.111) (16 -0.0203) (18 0.0202) (29 -0.0198) (26 0.0165) (20 -0.0143) (30 -0.0128) 
   0.0021212   (29 -0.919) (50 -0.293) (48 0.141) (27 0.111) (46 0.0924) (71 -0.07) (28 0.0528) (43 -0.0498) (44 0.0484) (26 -0.0483) (69 0.0451) (40 0.035) (72 0.0298) (33 -0.0297) (31 0.0288) (25 0.0274) (17 0.0236) (24 -0.0229) (32 -0.0221) (38 -0.0221) (53 -0.0218) (52 -0.0203) (39 -0.0198) (49 -0.019) (30 0.0187) (41 -0.0161) (82 -0.0142) (14 0.014) (42 0.0138) (58 0.0137) (67 -0.0134) (70 -0.0132) (23 0.0131) (57 0.0125) (66 -0.0123) (133 0.012) (75 -0.0113) (81 -0.0109) (55 0.0101) 
   0.0022176   (71 -0.671) (69 0.413) (50 0.305) (72 0.281) (133 0.17) (68 0.165) (46 -0.155) (67 -0.149) (70 -0.132) (76 0.121) (77 -0.111) (48 -0.106) (82 -0.0851) (57 0.0834) (66 -0.067) (96 0.0538) (81 -0.0501) (44 -0.0493) (56 -0.0407) (43 0.0395) (29 -0.0371) (54 -0.0367) (55 -0.0367) (78 -0.0333) (39 -0.0328) (63 0.0322) (88 -0.0305) (79 -0.0299) (92 -0.0288) (61 -0.0275) (85 -0.0252) (37 0.0241) (52 0.0234) (49 0.0207) (80 -0.0198) (75 0.0198) (94 -0.0194) (53 -0.0193) (51 0.0177) (73 -0.0167) (40 -0.0167) (95 -0.0166) (87 -0.0164) (130 0.0163) (59 0.0153) (101 -0.0145) (128 0.0137) (36 0.0133) (27 0.0125) (31 0.0123) (116 0.0122) (131 -0.0121) (35 -0.0119) (89 0.0118) (90 -0.0114) (83 0.0112) (30 -0.011) (20 0.0109) (41 0.0104) (98 -0.0101) 
    0.002356   (50 0.617) (133 0.412) (48 -0.315) (29 -0.314) (71 0.294) (46 -0.243) (69 -0.176) (72 -0.118) (43 0.109) (70 0.0687) (44 -0.0566) (53 0.0561) (49 0.0538) (82 0.0508) (40 -0.0501) (39 0.05) (68 -0.0497) (58 -0.0496) (67 0.0481) (52 0.0463) (27 0.0462) (57 -0.046) (76 -0.0411) (66 0.0282) (77 0.0278) (26 -0.025) (47 0.0245) (42 -0.024) (81 0.0233) (41 0.0225) (96 -0.0224) (55 -0.0217) (37 -0.0216) (28 0.0208) (130 0.0204) (56 -0.0203) (61 0.018) (94 0.0175) (63 -0.0171) (88 0.017) (17 0.0164) (25 0.0159) (79 0.0146) (87 0.0141) (73 0.0138) (60 -0.0136) (131 -0.0131) (75 0.0126) (110 -0.0125) (33 0.012) (13 0.0115) (100 -0.0111) (102 -0.0111) (91 0.0105) (115 0.0104) (18 0.0103) (65 0.0103) 
   0.0024017   (133 0.894) (50 -0.339) (29 0.164) (48 0.164) (46 0.141) (43 -0.0573) (44 0.0351) (49 -0.0285) (40 0.0258) (52 -0.0255) (27 -0.0253) (130 0.0245) (58 0.0232) (131 -0.023) (53 -0.0217) (56 0.0171) (55 0.017) (39 -0.0162) (26 0.0126) (41 -0.0122) (42 0.0114) (47 -0.0113) (28 -0.0106) 
   0.0027716   (20 -0.68) (18 0.514) (19 0.33) (17 0.147) (55 0.145) (13 0.144) (54 0.141) (26 0.12) (24 -0.112) (22 0.105) (23 0.096) (53 0.0929) (25 0.0848) (57 0.0727) (39 -0.0566) (31 0.0519) (21 -0.0364) (12 -0.0315) (45 0.0223) (35 0.0219) (82 0.0216) (16 -0.0192) (71 -0.0166) (43 -0.0161) (30 0.016) (96 -0.016) (122 -0.0153) (58 0.0149) (65 0.0128) (126 0.0115) (40 0.011) (27 0.0107) (56 -0.0103) (29 0.0101) 
   0.0028154   (57 -0.851) (56 0.359) (58 -0.203) (55 -0.158) (54 -0.122) (53 -0.122) (20 -0.0821) (18 0.0729) (71 -0.0726) (96 -0.0609) (39 0.0608) (82 0.0546) (68 0.0494) (69 0.049) (65 0.0473) (49 -0.0414) (19 0.0404) (45 -0.0309) (13 0.0293) (126 0.0285) (72 0.0266) (50 -0.0259) (78 0.0247) (17 0.0228) (134 0.0219) (52 0.0217) (95 0.0203) (87 0.0203) (88 0.0198) (63 0.0198) (98 0.0193) (67 -0.0189) (73 -0.0166) (106 -0.016) (77 -0.0159) (59 0.015) (24 -0.0148) (80 -0.0141) (41 0.0141) (91 0.0136) (43 0.0133) (122 0.0131) (92 0.0129) (127 0.0124) (97 0.0121) (23 0.0116) (62 -0.0115) (79 0.0113) (22 0.0101) 
   0.0028332   (134 0.783) (54 -0.384) (55 -0.356) (53 -0.204) (56 -0.134) (57 0.105) (39 -0.0809) (20 -0.0803) (18 0.0748) (71 0.045) (37 0.0438) (48 0.0438) (82 -0.0398) (45 -0.0392) (19 0.0366) (58 0.0304) (65 -0.0295) (69 -0.0272) (68 -0.0264) (49 -0.0264) (96 0.0223) (38 -0.0211) (36 0.0207) (17 0.0199) (50 0.0198) (26 0.0196) (31 0.0192) (41 0.0192) (44 -0.0183) (72 -0.0176) (43 -0.0172) (40 0.0159) (30 -0.0159) (23 0.0143) (35 -0.0137) (74 0.0135) (51 -0.0127) (24 -0.0127) (22 0.0126) (73 0.0126) (92 -0.0125) (122 0.0124) (98 -0.0122) (94 -0.0109) (13 0.0107) (67 0.0104) 
   0.0032926   (134 0.621) (54 0.488) (55 0.454) (53 0.262) (56 0.155) (20 0.104) (57 -0.0994) (39 0.0984) (18 -0.0967) (37 -0.0552) (71 -0.0547) (48 -0.0545) (82 0.0507) (45 0.0505) (19 -0.0474) (126 0.0463) (65 0.0357) (49 0.0348) (96 -0.0347) (69 0.0328) (68 0.0318) (58 -0.0307) (36 -0.0261) (38 0.0261) (17 -0.0259) (26 -0.0248) (41 -0.0246) (50 -0.0237) (31 -0.0235) (44 0.0231) (72 0.0214) (43 0.0209) (30 0.0202) (40 -0.0196) (122 -0.0194) (23 -0.0183) (98 0.0181) (35 0.0176) (74 -0.0173) (92 0.0173) (24 0.0164) (51 0.0162) (22 -0.0161) (73 -0.0155) (94 0.0148) (13 -0.0147) (124 0.0136) (88 0.013) (127 0.0126) (67 -0.0125) (95 0.0124) (87 0.0123) (14 -0.0122) (80 -0.0119) (79 0.0108) (46 -0.0102) 
   0.0036146   (38 0.835) (65 0.385) (37 0.27) (40 0.136) (82 0.122) (36 0.089) (44 0.0862) (56 -0.0786) (35 -0.0767) (39 0.0562) (45 0.0467) (84 -0.0431) (54 -0.037) (88 -0.032) (96 0.0319) (41 -0.0315) (51 -0.0305) (68 -0.0286) (30 -0.0262) (70 -0.0258) (49 0.0239) (94 -0.0198) (87 -0.0186) (67 -0.0184) (53 0.0178) (132 -0.0174) (64 -0.0171) (92 -0.0168) (66 0.0155) (18 0.0152) (34 0.0151) (69 0.014) (29 -0.0124) (43 0.011) (23 0.0107) (71 0.0104) (14 0.0104) (24 -0.01) (98 0.01) 
    0.003714   (82 0.809) (65 -0.416) (132 -0.216) (84 -0.171) (96 0.144) (88 -0.135) (94 -0.085) (92 -0.0832) (87 -0.0759) (68 0.0649) (89 0.0512) (80 -0.05) (57 0.0422) (71 -0.0393) (37 0.0388) (56 0.0382) (38 0.0373) (110 0.0373) (100 0.0372) (79 0.0358) (91 -0.0343) (112 0.0296) (53 -0.0289) (106 -0.0274) (97 -0.0273) (95 -0.0263) (72 0.0249) (66 -0.022) (55 -0.0212) (98 -0.0211) (69 0.0209) (70 0.0203) (103 -0.0201) (105 -0.02) (74 -0.0192) (35 -0.0191) (73 -0.0186) (75 0.018) (124 0.0179) (45 -0.0177) (67 0.0176) (64 0.0175) (107 -0.0174) (36 0.017) (102 0.0168) (39 -0.0164) (111 -0.016) (101 -0.016) (99 0.0146) (58 0.0145) (85 0.0143) (51 0.0142) (48 -0.0141) (30 -0.0136) (115 -0.0132) (50 -0.0113) (86 -0.0105) (44 -0.0102) 
   0.0038975   (65 -0.66) (132 -0.444) (82 -0.411) (38 0.33) (84 0.105) (37 0.102) (88 0.0989) (96 -0.0977) (48 -0.0815) (39 0.0736) (56 0.0648) (70 0.0556) (87 0.0551) (69 -0.0507) (94 0.0499) (43 0.0495) (92 0.046) (35 -0.0351) (36 0.0342) (50 -0.0338) (64 0.0323) (106 0.0319) (44 0.0307) (67 0.0302) (40 0.0278) (95 0.0252) (49 0.0239) (54 0.0224) (73 -0.0197) (71 -0.0195) (18 0.0188) (66 -0.0186) (68 0.0172) (46 -0.0171) (105 0.0152) (57 -0.0152) (111 0.0134) (30 -0.0133) (100 -0.013) (13 0.0126) (101 0.0123) (127 0.0123) (99 -0.012) (107 0.0114) (102 -0.0104) (97 0.0103) (63 -0.0101) (80 0.0101) 
   0.0040458   (132 -0.869) (65 0.433) (38 -0.195) (37 -0.0679) (48 0.0449) (56 -0.0412) (39 -0.0339) (70 -0.0327) (43 -0.0278) (68 -0.0251) (35 0.0246) (36 -0.0238) (64 -0.0205) (50 0.0201) (71 0.0197) (69 0.0197) (67 -0.0194) (96 0.0181) (40 -0.018) (88 -0.0176) (66 0.0148) (44 -0.0146) (73 0.0145) (130 0.0134) (49 -0.0134) (18 -0.0119) (84 -0.0111) (30 0.011) (106 -0.0105) (54 -0.0102) (53 0.0101) 
    0.004155   (98 -0.575) (99 0.295) (106 -0.262) (108 -0.259) (107 0.254) (113 -0.235) (125 -0.229) (103 0.201) (124 0.187) (102 0.187) (110 -0.158) (112 -0.131) (94 0.126) (105 -0.119) (114 0.113) (148 0.102) (117 0.101) (111 0.0947) (96 -0.0711) (101 0.0684) (100 0.0673) (88 0.0593) (74 0.0573) (121 -0.0567) (115 -0.0488) (48 -0.0445) (97 -0.0434) (89 -0.0434) (126 -0.04) (122 0.0368) (116 0.0342) (50 -0.0329) (92 -0.0323) (68 0.0316) (123 0.0315) (142 -0.0295) (90 0.0276) (86 -0.0266) (80 -0.0259) (141 0.0215) (95 0.0209) (78 -0.0206) (82 0.0204) (73 -0.0199) (119 -0.0174) (65 0.0172) (81 0.0156) (120 0.015) (49 0.015) (104 -0.0148) (127 -0.0135) (109 -0.0131) (131 0.0126) (79 0.0126) (70 0.0124) (91 0.0122) (75 -0.0118) (128 -0.0111) (83 -0.011) (43 0.0104) 
   0.0042458   (142 -0.791) (148 -0.475) (141 0.384) (125 -0.0248) (124 0.0193) (113 -0.0115) 
   0.0043421   (48 -0.736) (50 -0.47) (49 0.23) (43 0.216) (39 0.13) (46 -0.124) (68 0.11) (74 0.107) (54 -0.107) (65 0.102) (44 0.0719) (125 0.0659) (56 -0.0623) (37 -0.0619) (38 -0.0565) (52 -0.0519) (51 -0.0497) (73 -0.0443) (40 -0.0437) (57 0.0436) (45 -0.0416) (124 -0.0408) (106 0.0407) (108 0.0399) (82 0.0384) (55 -0.0375) (70 0.0367) (80 -0.0327) (24 0.028) (66 -0.0273) (72 0.0254) (19 0.0248) (121 0.0247) (69 0.0247) (36 -0.0239) (78 -0.0224) (23 -0.0223) (88 0.0219) (100 -0.0213) (122 -0.0213) (110 0.0213) (13 0.0211) (20 -0.0209) (113 0.0204) (126 0.0202) (75 -0.0202) (64 -0.0193) (102 -0.0177) (79 0.0176) (103 -0.0173) (148 -0.0166) (53 -0.0164) (31 -0.0155) (41 0.0154) (84 0.0147) (105 0.0135) (67 0.0134) (42 -0.013) (94 0.013) (89 -0.0123) (115 0.0121) (18 0.012) (112 0.012) (81 0.0115) (90 0.0112) (123 -0.0107) (32 0.0106) (71 -0.0105) (22 -0.0103) (35 0.0103) (87 0.0102) (120 0.0101) 
   0.0044065   (68 0.549) (80 -0.36) (81 0.302) (70 0.235) (43 0.231) (76 -0.219) (75 0.204) (91 -0.183) (48 0.177) (83 -0.141) (44 0.126) (72 0.124) (92 -0.122) (79 -0.12) (66 -0.115) (71 0.111) (74 0.11) (39 0.0902) (67 0.0877) (78 0.0814) (98 0.0776) (77 0.0768) (99 0.0715) (86 -0.0713) (110 0.0711) (84 0.0665) (50 0.0629) (107 -0.0601) (46 0.0583) (112 -0.0574) (105 0.052) (69 0.0502) (65 0.0499) (64 -0.0487) (82 -0.048) (49 -0.0471) (57 0.0355) (95 0.0346) (111 0.0299) (113 0.0298) (125 -0.028) (53 -0.0271) (104 -0.0249) (115 -0.0242) (56 -0.0241) (41 0.0234) (121 -0.0229) (156 -0.0221) (85 0.0211) (89 -0.0204) (90 0.018) (62 -0.0177) (96 -0.0174) (55 -0.0151) (100 0.015) (88 -0.0148) (47 -0.0143) (114 0.0139) (101 -0.0128) (51 0.0128) (97 -0.0121) (117 -0.0119) (17 0.0117) (45 -0.0115) (59 0.0108) (119 0.0107) (52 -0.0101) 
   0.0045354   (156 -0.999) (43 -0.0348) (44 -0.0177) (39 -0.0148) (48 -0.0135) (148 0.0108) 
    0.004708   (43 0.737) (44 0.37) (39 0.315) (48 0.231) (68 -0.211) (80 0.127) (46 0.103) (70 -0.0954) (81 -0.0931) (37 -0.0889) (76 0.0679) (75 -0.067) (71 -0.0656) (41 0.0645) (50 0.0564) (78 -0.0535) (84 -0.0479) (110 -0.0466) (40 -0.0465) (66 0.0465) (45 -0.0445) (82 0.0422) (67 -0.0416) (83 0.0411) (42 -0.041) (107 0.0405) (49 -0.0401) (156 -0.04) (47 -0.0374) (96 -0.0364) (38 -0.0356) (72 -0.0343) (36 -0.0342) (57 0.0305) (104 0.0302) (74 -0.0293) (92 0.029) (20 -0.0288) (112 0.0279) (55 -0.0276) (31 -0.0275) (99 -0.0269) (13 0.0262) (56 -0.0246) (105 -0.0238) (54 -0.0235) (125 0.0225) (94 0.0212) (35 0.0208) (30 0.0201) (64 0.0193) (53 -0.0192) (98 -0.0192) (91 0.0184) (77 -0.0183) (19 0.0174) (95 0.0172) (18 0.0165) (51 0.0163) (100 -0.0163) (111 -0.0154) (115 0.0151) (52 -0.0144) (121 0.014) (86 0.0133) (101 0.0133) (24 0.0131) (26 -0.0128) (89 0.0124) (103 0.012) (32 0.0118) (14 -0.0113) (58 0.0107) 
   0.0048445   (19 -0.849) (20 -0.441) (137 -0.266) (23 -0.0529) (8 0.0471) (24 0.0435) (25 0.0426) (22 -0.0325) (17 0.0319) (18 -0.0231) (21 -0.0213) (13 -0.0201) (27 -0.0155) (14 0.0121) 
   0.0051361   (137 -0.964) (19 0.235) (20 0.122) (23 0.0146) (24 -0.012) (25 -0.0118) (8 -0.01) 
   0.0054611   (8 -0.999) (19 -0.0432) (20 -0.0206) 
   0.0055755   (5 -1) 
    0.005784   (23 0.621) (24 0.57) (22 0.321) (25 0.253) (18 0.199) (20 0.189) (19 -0.11) (27 -0.0874) (21 0.068) (14 0.0678) (28 0.0674) (30 0.0538) (17 0.0537) (15 0.0459) (11 -0.0367) (26 0.028) (37 -0.0271) (13 0.0217) (143 -0.0213) (35 0.0194) (40 0.0164) (32 0.0148) (36 -0.0144) (44 0.0139) (33 -0.0139) (74 -0.0121) (31 -0.0107) 
   0.0061054   (143 -1) (23 -0.0132) (24 -0.0121) 
   0.0062915   (10 0.933) (28 -0.355) (29 -0.0195) (30 0.019) (27 0.0145) (25 -0.0137) (24 0.0119) (20 0.0118) (23 0.0116) (22 0.0109) (18 0.0106) 
   0.0067157   (136 0.93) (28 -0.338) (10 -0.135) (29 -0.0171) (18 0.0164) (24 0.0162) (30 0.0157) (27 0.0149) (25 -0.0122) (20 0.0114) (23 0.0108) (22 0.0103) 
   0.0068856   (28 0.86) (136 0.367) (10 0.332) (29 0.0435) (18 -0.0416) (24 -0.0412) (30 -0.0399) (27 -0.038) (25 0.0311) (20 -0.0291) (23 -0.0274) (22 -0.0261) (26 0.0239) (32 -0.0223) (14 -0.0195) (31 0.0174) (37 0.0168) (19 0.0124) (11 0.0121) (34 0.0104) (40 -0.0103) 
   0.0074455   (13 -0.852) (39 -0.318) (14 0.316) (43 0.147) (44 0.104) (12 0.0729) (20 -0.0711) (40 0.0693) (18 0.0631) (19 0.0624) (37 0.0516) (48 -0.0495) (57 -0.0411) (54 0.0359) (17 0.0351) (42 -0.0283) (56 0.0274) (96 0.026) (55 0.025) (82 -0.0248) (47 0.0197) (38 -0.0192) (36 0.0189) (45 0.0181) (25 0.0179) (24 0.0161) (31 0.0158) (53 0.0155) (88 -0.0146) (46 0.0144) (69 -0.0133) (79 -0.0127) (87 -0.012) (33 -0.0119) (23 -0.0116) (58 -0.0116) (35 -0.0115) (73 0.0112) (71 0.0111) (64 -0.0108) (72 -0.0107) (80 0.0101) 
   0.0079049   (139 -0.994) (39 -0.0824) (13 0.0419) (43 0.0296) (44 0.023) (40 0.0184) (14 -0.0153) (37 0.0148) 
    0.008027   (39 0.779) (13 -0.351) (43 -0.281) (44 -0.219) (40 -0.174) (37 -0.14) (14 0.128) (139 -0.107) (48 0.0898) (20 -0.0821) (57 0.0665) (31 -0.0665) (54 -0.0626) (19 0.0603) (42 0.0569) (46 -0.0556) (18 0.0541) (36 -0.0532) (38 0.0449) (56 -0.042) (55 -0.0399) (96 -0.0368) (47 -0.0366) (82 0.0362) (17 0.0355) (45 -0.0327) (35 0.0309) (53 -0.0305) (30 0.0252) (26 -0.0246) (79 0.0226) (33 0.0225) (58 0.022) (72 0.022) (60 -0.0214) (12 0.02) (69 0.0182) (64 0.0179) (66 -0.0173) (73 -0.0172) (25 0.0165) (87 0.0155) (49 -0.0155) (62 0.0154) (77 -0.0141) (71 -0.0138) (27 -0.0138) (88 0.0136) (65 0.013) (92 0.0114) (95 0.0111) (94 0.0107) (98 0.0104) 
   0.0091509   (12 0.949) (31 0.296) (13 0.0692) (33 0.0393) (39 0.0374) (32 0.0259) (63 -0.0216) (30 -0.0193) (14 -0.0184) (135 -0.0172) (24 0.0143) (26 0.0121) 
   0.0097436   (135 -0.926) (31 0.346) (12 -0.128) (33 0.0399) (39 0.0321) (30 -0.0268) (32 0.0256) (26 0.0166) (13 -0.0165) (46 0.0153) (18 -0.0141) (20 0.0138) (25 0.0105) 

 Largest eigenvalues
      13.769   (163 0.975) 
      10.184   (73 0.298) (74 -0.725) (75 0.305) (94 -0.318) 
      4.7137   (74 0.333) (94 -0.713) (96 -0.312) 
      2.0642   (82 0.252) (92 0.239) (94 0.258) (95 0.243) (96 -0.728) (98 0.215) 
      1.2287   (98 -0.331) (124 -0.337) (125 0.682) 
       1.223   (142 0.398) (148 -0.864) 
      1.1931   (165 0.996) 
      1.1745   (164 0.992) 
      1.1455   (89 0.325) (90 -0.45) (91 -0.397) (92 0.501) (102 -0.366) 
      1.1114   (102 0.406) (109 0.767) 
      1.0404   (102 0.592) (109 -0.48) (115 0.336) (118 -0.302) 
      1.0315   (102 0.352) (115 -0.416) (118 0.603) 
      0.9072   (100 0.737) (101 0.473) 
     0.87554   (105 -0.552) (106 0.326) (107 -0.547) 
     0.85615   (114 0.608) (115 0.288) 
     0.80504   (115 -0.434) (118 -0.558) 
     0.69646   (108 -0.453) (111 0.565) (112 0.413) 
     0.68728   (107 0.287) (108 0.5) (112 0.446) (113 0.314) 
     0.65573   (113 -0.291) (117 -0.556) (123 0.336) (124 0.345) (125 0.393) (131 0.332) 
     0.60808   (117 0.73) (118 0.303) 
     0.60045   (108 -0.545) (111 -0.479) (113 0.417) 
     0.59466   (106 -0.719) (108 0.351) 
       0.594   (122 -0.346) (126 -0.411) (127 0.29) (128 -0.618) 
     0.56916   (126 0.802) (128 -0.407) 
     0.56199   (122 0.753) (124 -0.322) (126 -0.353) 
      0.5515   (119 -0.502) (120 -0.714) 
     0.51842   (121 0.395) (123 0.555) (127 -0.531) 
     0.45765   (119 -0.357) (120 0.477) (121 -0.434) (127 -0.295) (131 -0.309) 
     0.42743   (119 0.698) (120 -0.287) (131 -0.333) 
     0.38764   (89 0.725) (90 0.633) 
     0.37803   (121 0.42) (127 0.526) (131 -0.465) 
     0.31655   (97 -0.926) 
     0.29505   (98 -0.312) (104 0.294) (105 0.636) (107 -0.443) 
     0.27447   (103 -0.823) (105 -0.262) 
      0.2547   (98 0.279) (99 0.475) (112 0.307) (124 -0.338) 
     0.23633   (84 0.664) (99 -0.292) 
     0.23029   (79 0.421) (80 -0.29) (84 -0.325) (99 -0.564) 
     0.18902   (79 -0.568) (80 0.349) (84 -0.502) 
     0.15529   (99 0.307) (110 0.38) (111 0.264) (112 -0.449) (113 0.279) 
     0.14661   (87 0.438) (88 0.501) (91 0.376) (96 0.351) 
     0.13338   (88 -0.394) (95 0.465) (104 0.423) 
     0.12099   (87 0.324) (91 -0.533) (92 -0.389) (104 0.316) 
     0.11733   (86 -0.486) (87 -0.458) (88 0.515) 
     0.11115   (85 -0.518) (86 0.455) (91 0.339) (95 -0.394) 
     0.10894   (68 0.454) (81 -0.457) (83 0.434) 
    0.098584   (68 -0.327) (75 0.269) (76 -0.323) (80 -0.277) (85 0.284) (95 -0.294) 
    0.094763   (59 0.256) (64 -0.344) (66 -0.371) (70 -0.229) (75 -0.244) (81 0.244) (85 0.221) 
    0.091727   (59 -0.635) (64 0.298) 
    0.088431   (59 0.642) (66 0.326) 
    0.086941   (59 -0.293) (64 -0.34) (75 0.262) (95 0.285) (104 -0.369) (116 0.219) 
    0.084768   (62 0.422) (64 0.382) (70 -0.288) 
    0.081515   (62 -0.587) (66 0.404) 
    0.076509   (60 0.283) (62 0.488) (64 -0.461) 
    0.071684   (60 -0.732) (66 -0.265) (70 0.231) 
    0.067711   (60 0.562) (64 0.367) 
    0.065387   (60 -0.19) (64 -0.19) (66 0.229) (69 -0.203) (70 -0.236) (75 0.211) (80 0.229) (81 0.199) (85 0.184) (101 0.196) (110 0.212) (113 -0.181) (114 -0.301) (115 0.287) (116 0.219) 
    0.063899   (72 -0.297) (75 -0.283) (76 -0.307) (81 -0.264) (83 -0.293) 
    0.059553   (61 0.571) (67 0.414) (81 -0.298) 
    0.056971   (61 -0.627) (72 0.293) 
    0.055825   (61 0.385) (66 -0.302) (67 -0.563) 
    0.054192   (63 -0.313) (67 0.268) (69 0.233) (72 -0.4) (81 0.28) (83 0.277) (101 -0.287) 
    0.053302   (63 0.582) (72 0.299) (75 -0.314) 
    0.050581   (63 -0.659) (67 -0.287) (72 0.341) 
     0.04606   (85 0.361) (86 0.318) (116 -0.368) 
    0.044298   (33 -0.912) (46 -0.276) 
    0.042019   (33 0.344) (46 -0.737) 
    0.041196   (46 0.31) (77 -0.409) (116 -0.45) 
    0.039527   (55 -0.406) (58 -0.409) (77 0.391) 
    0.035097   (53 -0.403) (55 0.454) (77 0.47) 
    0.034172   (34 -0.775) (41 0.304) (42 0.301) 
    0.032209   (34 0.564) (41 0.374) (42 0.38) (58 0.319) 
    0.029873   (37 0.288) (41 -0.294) (42 -0.265) (89 -0.28) (90 0.282) (92 0.247) 
    0.029447   (36 0.741) (37 -0.394) 
    0.028202   (36 -0.453) (58 -0.597) 
    0.027233   (130 -0.896) (131 0.26) 
    0.025854   (129 -0.578) (152 -0.8) 
    0.024418   (129 -0.577) (162 -0.773) 
    0.022456   (129 -0.577) (152 0.539) (162 0.613) 
    0.021231   (23 -0.53) (24 0.777) 
    0.019779   (141 0.887) (142 0.458) 
