 1 31.6228
 2 24.1191
 3 0.971207
 4 31.6228
 5 26.2373
 6 1.52636
 7 31.6228
 8 2.07717
 9 30.5095
 10 30.2023
 11 1.88685
 12 21.3341
 13 31.6228
 14 31.6187
 15 0.902183
 16 31.6228
 17 31.6152
 18 0.90585
 19 31.6228
 20 31.4779
 21 1.0745
 22 31.6228
 23 31.5945
 24 0.938186
 25 14.6241
 26 16.0346
 27 1.33226
 28 31.5395
 29 18.6597
 30 4.78091
 31 21.4508
 32 9.7
 33 16.878
 34 14.1705
 35 14.7272
 36 7.32011
 37 31.4953
 38 31.6033
 39 1.32063
 40 24.5286
 41 31.2198
 42 1.28783
 43 21.3441
 44 29.3237
 45 1.53866
 46 31.5832
 47 29.0946
 48 4.10841
 49 30.4114
 50 13.1649
 51 16.3881
 52 7.67982
 53 30.8606
 54 17.0124
 55 7.35938
 56 14.131
 57 25.5511
 58 8.74497
 59 11.0907
 60 7.7577
 61 4.47344
 62 1.32637
 63 21.157
 64 13.5243
 65 0.988569
 66 23.3564
 67 28.2989
 68 4.90134
 69 31.6225
 70 31.6228
 71 31.5786
 72 1.33394
 73 31.6192
 74 3.921
 75 29.2318
 76 30.9786
 77 1.54876
 78 28.2492
 79 31.5897
 80 3.42508
 81 29.6467
 82 31.4202
 83 23.375
 84 1.31816
 85 11.1631
 86 1.40663
 87 31.37
 88 1.16499
 89 1.09978
 90 1.30593
 91 2.37128
 92 20.4998
 93 26.9666
 94 17.9851
 95 27.5235
 96 29.4481
 97 15.8918
 98 14.8081
 99 9.35222
 100 27.6745
 101 30.5192
 102 9.03028
 103 12.7965
 104 11.7985
 105 11.0366
 106 12.8759
 107 12.7603
 108 12.8521
 109 10.6052
 110 8.37175
 111 13.3057
 112 14.0791
 113 13.514
 114 12.8846
 115 12.5955
 116 10.4262
 117 12.8749
 118 13.3793
 119 12.0905
 120 9.99226
 121 10.4157
 122 6.85158
 123 6.47478
 124 5.88723
 125 5.40867
 126 6.43324
 127 4.48458
 128 8.73028
 129 6.83415
 130 6.59279
 131 4.32374
 132 4.36155
 133 4.37462
 134 5.31623
 135 2.76241
 136 6.34375
 137 3.12779
 138 2.91695
 139 2.80197
 140 3.27487
 141 3.07605
 142 2.73219
 143 2.7436
 144 4.07384
 145 3.89287
 146 3.26822
 147 3.06646
 148 3.97048
 149 3.89683
 150 3.24235
 151 3.49798
 152 4.33823
 153 4.93394
 154 3.61437
 155 4.26656
 156 4.45906
 157 5.77225
 158 0.262543
 159 0.191442
 160 1.37239
 161 3.55956
 162 6.43276
 163 7.06805
 164 10.9048
 165 0.647605
