 1 1000
 2 587.833
 3 1.86122
 4 1000
 5 704.912
 6 15.6136
 7 1000
 8 35.2023
 9 962.514
 10 926.139
 11 21.4163
 12 487.195
 13 1000
 14 999.791
 15 0.813948
 16 1000
 17 999.638
 18 0.839048
 19 1000
 20 994.967
 21 5.00877
 22 1000
 23 998.939
 24 1.44622
 25 225.335
 26 280.432
 27 7.1254
 28 995.61
 29 418.398
 30 87.6658
 31 468.038
 32 230.608
 33 422.374
 34 208.157
 35 303.786
 36 138.783
 37 992.596
 38 999.286
 39 2.24235
 40 612.182
 41 977.763
 42 1.69694
 43 478.678
 44 884.941
 45 7.43999
 46 998.47
 47 915.784
 48 86.5798
 49 938.003
 50 188.144
 51 347.921
 52 144.222
 53 962.255
 54 295.457
 55 126.857
 56 277.143
 57 684.02
 58 86.9092
 59 183.936
 60 122.212
 61 22.2321
 62 1.77612
 63 459.213
 64 210.98
 65 1.93152
 66 573.395
 67 889.597
 68 112.752
 69 999.99
 70 1000
 71 998.277
 72 2.60946
 73 999.841
 74 81.249
 75 920.555
 76 964.324
 77 7.44088
 78 811.782
 79 998.556
 80 64.9629
 81 932.841
 82 989.436
 83 575.42
 84 2.07541
 85 130.542
 86 2.52748
 87 989.168
 88 1.80186
 89 1.70348
 90 2.01382
 91 8.05288
 92 486.848
 93 813
 94 445.431
 95 828.549
 96 909.858
 97 298.86
 98 264.051
 99 136.895
 100 806.832
 101 949.837
 102 104.686
 103 180.746
 104 157.717
 105 139.171
 106 177.771
 107 176.12
 108 179.19
 109 130.931
 110 95.4918
 111 194.43
 112 207.679
 113 193.654
 114 179.893
 115 177.929
 116 134.491
 117 187.01
 118 196.467
 119 163.459
 120 114.726
 121 117.868
 122 50.2516
 123 43.447
 124 38.4435
 125 31.7308
 126 43.996
 127 25.2146
 128 84.1448
 129 55.4998
 130 49.63
 131 21.2999
 132 19.8344
 133 20.0124
 134 29.2422
 135 8.95392
 136 41.1364
 137 10.8535
 138 9.35291
 139 8.66247
 140 11.5421
 141 11.0856
 142 8.83809
 143 8.76257
 144 17.6501
 145 15.9228
 146 11.5176
 147 10.3152
 148 16.9588
 149 16.1586
 150 11.4566
 151 13.3616
 152 19.7034
 153 25.5537
 154 14.0656
 155 19.1803
 156 20.9455
 157 34.3232
 158 0.313634
 159 0.0601003
 160 2.73501
 161 18.6525
 162 53.797
 163 63.0585
 164 131.965
 165 2.19863
