 1 68902.1
 2 612.309
 3 1.90443
 4 422534
 5 724.555
 6 16.0252
 7 1.3536e+06
 8 57.3743
 9 1586.85
 10 2763.72
 11 32.686
 12 747.243
 13 1.50718e+06
 14 11446.9
 15 0.81409
 16 875543
 17 5641.47
 18 0.930113
 19 215043
 20 3117.25
 21 13.7833
 22 408452
 23 4323.08
 24 3.44576
 25 241.57
 26 317.345
 27 8.00682
 28 3563.58
 29 460.448
 30 95.9946
 31 472.156
 32 235.259
 33 431.413
 34 219.045
 35 316.374
 36 145.042
 37 1521.58
 38 3185.96
 39 3.55008
 40 944.628
 41 5137.04
 42 1.80936
 43 640.674
 44 1508.06
 45 11.6785
 46 4691.92
 47 2995.29
 48 255.531
 49 1893.37
 50 190.289
 51 429.49
 52 178.185
 53 3422.44
 54 334.949
 55 158.068
 56 351.477
 57 688.325
 58 88.4736
 59 186.865
 60 124.334
 61 22.2563
 62 1.7763
 63 469.957
 64 211.641
 65 1.94378
 66 584.732
 67 3402.6
 68 415.638
 69 110354
 70 509022
 71 3219.94
 72 4.62268
 73 20251.8
 74 394.37
 75 4394.68
 76 5327.95
 77 14.0433
 78 1527.59
 79 7967.41
 80 176.309
 81 2264.66
 82 2534.36
 83 678.106
 84 2.20074
 85 152.307
 86 2.66815
 87 3254.04
 88 1.80198
 89 1.70349
 90 2.01399
 91 8.59454
 92 569.627
 93 1193.78
 94 590.785
 95 1303.02
 96 1590.18
 97 321.067
 98 267.033
 99 137.68
 100 948.269
 101 1599.78
 102 109.022
 103 183.155
 104 159.594
 105 139.847
 106 178.71
 107 177.128
 108 180.06
 109 131.913
 110 96.8793
 111 195.142
 112 208.5
 113 194.241
 114 180.204
 115 178.387
 116 135.046
 117 187.289
 118 196.731
 119 163.629
 120 115.514
 121 118.463
 122 50.7057
 123 43.71
 124 38.7016
 125 32.2156
 126 44.4643
 127 26.1261
 128 84.8826
 129 55.9932
 130 50.4008
 131 21.4633
 132 19.9879
 133 20.167
 134 29.7645
 135 9.09347
 136 41.4309
 137 11.0262
 138 9.48365
 139 8.82491
 140 11.7303
 141 11.48
 142 9.03746
 143 8.9561
 144 17.8755
 145 16.1283
 146 11.7102
 147 10.5416
 148 17.2083
 149 16.4218
 150 11.6328
 151 13.5914
 152 19.9774
 153 26.1902
 154 14.3756
 155 19.4021
 156 21.0933
 157 34.5453
 158 0.383039
 159 0.061739
 160 2.79667
 161 19.8821
 162 62.3445
 163 66.0775
 164 134.501
 165 2.21535
