 Smallest eigenvalues
  6.6349e-07   (9 -1) 
  7.3877e-07   (46 0.689) (45 -0.544) (47 0.326) (38 0.229) (40 0.134) (49 0.105) (41 -0.0862) (59 -0.0614) (32 -0.0589) (53 -0.0497) (50 -0.0427) (157 0.041) (44 0.0391) (37 0.039) (77 -0.0368) (54 0.0368) (14 0.0349) (51 -0.0321) (42 -0.0311) (31 -0.0311) (57 -0.0306) (18 0.0303) (76 0.0293) (21 -0.0275) (52 0.0267) (36 -0.0263) (26 0.026) (27 -0.0234) (30 0.0227) (73 -0.0222) (11 -0.0215) (95 0.0182) (74 0.0168) (20 -0.0154) (75 -0.0141) (23 -0.0135) (29 0.0128) (19 0.0128) (68 0.0119) (60 -0.0107) (17 0.0103) 
  1.1421e-06   (157 0.999) (46 -0.0283) (45 0.0224) (47 -0.0134) 
  1.9646e-06   (5 1) 
  2.3667e-06   (43 -0.73) (42 -0.43) (38 0.314) (45 0.248) (41 -0.173) (40 0.165) (154 -0.143) (39 -0.103) (47 0.0865) (44 0.078) (32 -0.0614) (46 -0.0524) (37 0.0447) (59 -0.0334) (76 0.0313) (14 0.0307) (26 0.03) (50 -0.0297) (18 0.0291) (49 0.0271) (31 -0.0268) (21 -0.0234) (11 -0.0185) (27 -0.0171) (57 -0.0153) (53 -0.0152) (95 0.0144) (73 -0.0142) (77 -0.0125) (55 -0.0125) (34 0.0124) (23 -0.0122) (20 -0.0122) (33 -0.0119) (19 0.0105) 
  2.4483e-06   (154 -0.99) (43 0.105) (42 0.0619) (38 -0.0453) (45 -0.0357) (41 0.025) (40 -0.0238) (39 0.0149) (47 -0.0124) (44 -0.0112) 
  4.6502e-06   (2 -1) 
  9.0397e-06   (152 0.983) (34 0.173) (32 -0.0486) (31 -0.0274) (33 0.0154) (30 0.0149) (38 -0.0148) (36 0.0124) (26 0.0108) 
  1.4513e-05   (34 -0.916) (32 0.258) (152 0.185) (31 0.146) (33 -0.0818) (30 -0.0791) (38 0.0784) (36 -0.0657) (26 -0.0573) (29 0.0363) (18 -0.0338) (37 0.032) (52 0.0318) (21 0.0288) (14 -0.0248) (27 0.0219) (50 0.0211) (76 -0.0196) (45 -0.0186) (20 0.0163) (43 -0.0147) (48 0.0147) (19 -0.0147) (53 -0.0146) (47 -0.0146) (41 -0.0141) (23 0.0135) (40 0.0134) (11 0.0124) (54 0.0119) (22 0.0116) (28 -0.0115) (51 0.0109) (95 -0.0108) (59 0.0105) (58 0.0104) 
  4.4112e-05   (25 0.769) (24 -0.415) (49 -0.301) (23 -0.244) (19 0.115) (52 0.108) (21 -0.105) (51 -0.104) (26 -0.0852) (33 0.0688) (50 0.0638) (18 -0.0502) (56 -0.0458) (39 -0.0433) (47 -0.0427) (27 -0.0402) (22 0.0353) (30 0.0329) (71 0.0313) (29 0.0311) (36 0.0284) (59 -0.0272) (77 -0.0269) (13 -0.0263) (54 -0.0255) (46 0.0251) (20 0.0233) (45 -0.023) (55 -0.0203) (40 0.0183) (76 0.0156) (41 -0.0145) (66 -0.0126) (63 -0.0123) (32 -0.0121) (68 0.0119) (79 -0.0119) (80 0.0111) (67 0.0104) (61 0.0103) 
  8.5928e-05   (151 -0.98) (49 -0.152) (52 0.0618) (25 -0.0603) (51 -0.0584) (50 0.0354) (24 0.032) (56 -0.0269) (38 0.021) (47 -0.0182) (23 0.0179) (54 -0.0175) (55 -0.0159) (59 -0.0144) (46 0.0123) (26 0.0104) 
  0.00011616   (49 0.747) (52 -0.304) (25 0.289) (51 0.287) (151 -0.2) (50 -0.174) (24 -0.154) (56 0.132) (38 -0.103) (47 0.0896) (54 0.086) (23 -0.0858) (55 0.0783) (59 0.0711) (46 -0.0606) (26 -0.0505) (71 -0.0487) (77 0.0373) (19 0.0358) (18 -0.0348) (45 0.0325) (33 0.0315) (57 0.0308) (41 0.0293) (37 -0.0262) (76 -0.025) (75 0.0246) (32 0.0244) (21 -0.0233) (81 0.0219) (95 -0.0218) (79 0.021) (68 -0.0206) (40 -0.0198) (69 -0.0187) (42 0.0182) (73 0.0174) (36 -0.0174) (20 0.0159) (67 -0.0159) (53 0.0155) (44 0.0152) (63 0.0152) (61 -0.0147) (14 -0.0142) (43 -0.0141) (31 0.0131) (72 -0.0124) (13 -0.0123) (39 0.0122) (22 0.0118) (65 -0.0115) (70 -0.0112) (88 -0.0109) (66 0.0108) (78 0.0107) (64 -0.0103) 
  0.00016285   (1 1) 
  0.00017085   (11 -0.985) (14 -0.143) (18 -0.0385) (17 -0.0379) (21 0.0338) (13 -0.0326) (38 -0.0266) (32 0.0226) (23 0.0221) (20 0.0198) (19 -0.0154) (15 -0.0151) (27 0.0145) (26 -0.0139) (24 -0.0104) 
  0.00018049   (161 1) 
  0.00018641   (3 -1) 
  0.00023222   (14 0.728) (16 -0.616) (15 0.198) (13 0.108) (17 -0.108) (11 -0.0939) (18 -0.0807) (21 0.0621) (23 0.0431) (19 -0.033) (20 0.0322) (32 0.0306) (38 -0.0281) (27 0.0251) (24 -0.0219) (26 -0.0188) (33 0.0145) (31 0.0131) (45 0.0115) 
  0.00027033   (160 1) 
  0.00027863   (7 1) 
  0.00028165   (24 0.869) (25 0.399) (21 -0.149) (23 -0.143) (30 -0.0787) (26 -0.0781) (20 -0.0744) (18 0.07) (155 0.0642) (36 0.0606) (19 0.0543) (14 0.0474) (27 0.0433) (22 -0.0392) (31 0.0304) (11 -0.0268) (32 0.0227) (52 0.0214) (17 0.0161) (38 -0.0149) (51 0.0107) (45 0.0107) (56 0.0104) 
  0.00028718   (155 0.998) (24 -0.0559) (25 -0.0256) 
  0.00030593   (6 1) 
  0.00031467   (17 0.984) (14 0.107) (21 0.0864) (20 0.0535) (11 -0.047) (18 -0.0447) (15 0.0435) (27 0.026) (19 -0.0259) (159 0.0245) (36 0.0184) (31 0.016) (13 0.0155) (30 -0.0123) (45 0.0121) (23 -0.012) (24 -0.0114) 
  0.00031923   (159 1) (17 -0.0241) 
  0.00032245   (73 -0.755) (59 0.43) (57 0.304) (76 -0.219) (74 -0.168) (38 0.103) (54 -0.0971) (75 0.0742) (58 0.0699) (50 0.0661) (47 -0.0611) (39 -0.0585) (43 0.0491) (40 0.0489) (45 -0.0482) (32 -0.0455) (77 0.0406) (96 0.0395) (72 -0.0395) (37 0.0381) (18 0.0366) (53 0.0348) (68 0.0348) (56 -0.0317) (26 0.0307) (88 0.0301) (41 -0.0295) (69 -0.0284) (49 0.0267) (14 0.0267) (46 -0.023) (48 -0.0223) (36 -0.0219) (70 0.0219) (42 -0.0217) (92 0.0204) (87 -0.0191) (52 0.019) (78 -0.0188) (122 0.0188) (102 -0.0163) (124 -0.016) (120 -0.0157) (11 -0.0157) (21 -0.0152) (99 0.015) (112 -0.0149) (113 0.0149) (66 0.0141) (20 -0.0132) (31 -0.0124) (44 0.0116) (89 0.0111) (16 0.0109) (116 -0.0109) (13 0.0108) (127 -0.0107) (80 0.0105) (51 -0.0104) (64 -0.0101) 
  0.00038263   (59 0.559) (73 0.514) (57 0.382) (70 -0.22) (38 0.174) (68 0.173) (153 0.142) (47 -0.137) (76 0.135) (50 0.116) (74 0.107) (45 -0.102) (58 0.0902) (54 -0.0818) (39 -0.0759) (71 0.0716) (32 -0.0715) (67 -0.0714) (69 -0.0701) (40 0.0568) (41 -0.0543) (37 0.0482) (75 -0.0478) (18 0.0428) (26 0.0425) (14 0.0425) (52 -0.0422) (66 0.0409) (21 -0.0317) (46 -0.0298) (43 0.0295) (122 -0.0287) (53 0.0285) (11 -0.0265) (31 -0.026) (83 -0.0259) (42 0.0253) (36 -0.0248) (20 -0.0214) (77 -0.0206) (113 0.0193) (88 0.0187) (78 0.0176) (44 0.0174) (127 -0.0174) (16 0.017) (27 -0.0163) (55 -0.0155) (17 0.0154) (112 -0.0154) (64 -0.0154) (80 -0.0153) (48 -0.0148) (116 -0.0142) (61 -0.014) (120 -0.0138) (62 0.0136) (117 0.0124) (133 -0.0124) (126 -0.0122) (98 -0.0122) (131 0.012) (19 0.0117) (30 0.0108) (63 -0.0106) 
  0.00041748   (153 0.99) (59 -0.0848) (73 -0.0663) (57 -0.0582) (70 0.0312) (38 -0.0265) (68 -0.025) (47 0.0206) (50 -0.0175) (76 -0.0173) (45 0.0153) (74 -0.0138) (58 -0.0137) (54 0.0129) (39 0.0118) (32 0.011) (69 0.0103) (67 0.0103) (71 -0.0101) 
  0.00042404   (20 0.653) (19 0.594) (18 0.424) (21 0.168) (47 -0.0592) (50 -0.0563) (25 -0.0351) (24 0.0313) (23 0.0294) (26 -0.028) (14 0.0231) (22 0.0231) (45 -0.0197) (17 -0.0173) (48 0.0162) (54 0.0141) (42 0.0113) (59 -0.0105) (57 -0.0101) 
  0.00048597   (47 -0.589) (50 -0.545) (150 -0.414) (38 0.19) (45 -0.184) (48 0.149) (52 0.141) (54 0.112) (59 -0.0855) (39 -0.0855) (41 -0.076) (20 -0.0722) (32 -0.0694) (57 -0.0643) (40 0.0641) (55 0.0556) (51 0.0509) (21 -0.0424) (19 -0.0395) (37 0.0394) (26 0.0394) (14 0.035) (46 -0.0305) (43 0.0299) (73 -0.0256) (31 -0.0251) (49 0.0239) (42 0.0232) (36 -0.0216) (11 -0.0211) (76 0.0168) (44 0.0163) (27 -0.0157) (58 -0.0149) (16 0.0135) (56 -0.0121) (30 0.0105) (23 -0.0103) 
  0.00052056   (150 -0.91) (47 0.268) (50 0.248) (38 -0.0868) (45 0.0839) (48 -0.0679) (52 -0.0641) (54 -0.0509) (39 0.039) (59 0.0389) (41 0.0346) (32 0.0317) (20 0.0314) (57 0.0292) (40 -0.0292) (55 -0.0253) (51 -0.0232) (21 0.0189) (37 -0.018) (26 -0.0179) (19 0.0166) (14 -0.016) (46 0.0139) (43 -0.0136) (73 0.0116) (31 0.0114) (49 -0.0109) (42 -0.0106) 
  0.00054128   (53 0.671) (42 -0.402) (50 0.353) (54 0.32) (47 -0.185) (43 0.182) (51 -0.161) (49 0.146) (45 -0.104) (59 -0.0962) (56 0.0891) (57 -0.0764) (41 0.0503) (38 0.048) (52 0.0327) (44 0.0287) (40 -0.0281) (37 0.0255) (70 -0.0237) (46 -0.0208) (48 0.02) (147 0.0188) (18 0.0187) (32 -0.0183) (26 0.0176) (58 -0.0168) (36 -0.0149) (14 0.0132) (68 0.0122) (39 -0.0115) 
  0.00055962   (147 0.802) (42 0.47) (53 0.214) (43 -0.154) (41 -0.11) (38 0.0968) (148 0.0808) (40 0.0774) (54 0.0756) (50 0.072) (45 0.0666) (39 -0.0609) (52 0.0478) (49 0.0414) (51 -0.0358) (59 -0.0354) (32 -0.0328) (56 0.0298) (47 0.0292) (57 -0.0229) (44 -0.0215) (26 0.0203) (73 -0.0196) (21 -0.0148) (14 0.0138) (48 -0.0126) (18 0.0111) (31 -0.0101) 
  0.00056832   (42 -0.628) (147 0.588) (53 -0.314) (43 0.205) (41 0.148) (38 -0.134) (54 -0.113) (50 -0.11) (40 -0.105) (45 -0.0876) (39 0.0836) (52 -0.0663) (49 -0.0612) (148 0.0592) (51 0.054) (59 0.0512) (32 0.0454) (56 -0.0435) (47 -0.0339) (57 0.0336) (44 0.0284) (26 -0.0283) (73 0.027) (21 0.0205) (14 -0.0193) (48 0.0166) (18 -0.0158) (31 0.0141) (20 0.0134) (70 -0.0128) (95 -0.0118) (37 -0.0116) (11 0.0101) (76 -0.01) 
  0.00061689   (70 0.801) (71 -0.341) (72 0.306) (69 0.177) (73 0.155) (68 -0.139) (59 0.112) (50 0.107) (38 0.0947) (47 -0.0752) (57 0.0679) (52 -0.0619) (39 -0.0436) (54 -0.0423) (83 -0.0397) (45 -0.0384) (32 -0.037) (43 0.037) (76 -0.0343) (53 -0.0313) (37 0.0308) (148 -0.0292) (56 -0.0279) (18 0.0277) (40 0.0268) (26 0.0266) (55 0.0258) (41 -0.024) (14 0.023) (66 -0.0222) (46 -0.0216) (58 0.0198) (49 0.0195) (120 -0.0191) (88 0.0185) (36 -0.0177) (51 -0.016) (21 -0.0158) (127 -0.0157) (102 -0.0153) (89 -0.0149) (31 -0.0145) (124 -0.014) (113 0.0131) (94 0.0126) (112 -0.0125) (42 -0.0124) (11 -0.0121) (74 0.0118) (91 -0.0115) (20 -0.0114) (80 -0.0114) (99 0.0112) (44 0.0108) (95 -0.0106) (116 -0.0105) (126 -0.0101) 
   0.0006744   (148 -0.553) (52 -0.462) (50 0.379) (53 -0.334) (47 -0.288) (57 -0.159) (59 -0.13) (38 0.128) (55 0.115) (45 -0.112) (70 -0.0891) (51 -0.0849) (42 0.0724) (73 -0.0705) (39 -0.0623) (41 -0.0598) (40 0.0586) (54 0.0585) (147 0.0556) (72 -0.053) (71 0.0477) (32 -0.0441) (46 -0.0372) (26 0.0273) (37 0.0269) (14 0.0253) (69 -0.0248) (21 -0.0239) (58 -0.0222) (44 0.0207) (18 0.0206) (122 -0.0188) (20 -0.0153) (56 0.0152) (31 -0.0147) (95 0.0137) (36 -0.0133) (48 0.013) (11 -0.0128) (16 0.0118) (83 0.0101) 
   0.0007355   (148 -0.827) (52 0.311) (50 -0.257) (53 0.224) (47 0.195) (57 0.104) (38 -0.0895) (147 0.0833) (59 0.0825) (55 -0.0781) (45 0.0762) (51 0.0573) (42 -0.0479) (39 0.0434) (73 0.0416) (41 0.0409) (40 -0.0402) (54 -0.0375) (70 0.0312) (32 0.031) (46 0.0257) (72 0.0247) (71 -0.0198) (26 -0.0193) (37 -0.0192) (14 -0.0179) (21 0.0166) (18 -0.0149) (44 -0.0142) (58 0.0141) (122 0.0126) (20 0.0107) (31 0.0104) (69 0.0102) 
  0.00079181   (37 0.891) (38 -0.221) (21 -0.197) (18 0.184) (36 -0.15) (23 0.133) (20 -0.115) (39 0.0828) (14 0.0639) (32 -0.0615) (19 0.0538) (24 -0.046) (43 -0.0423) (40 -0.0413) (41 0.0291) (16 0.0288) (45 0.0279) (11 -0.0275) (17 0.0265) (26 -0.0222) (47 0.0201) (22 0.0192) (31 -0.0189) (54 0.0183) (57 -0.0178) (59 -0.0172) (13 0.0168) (50 -0.0167) (42 0.0159) (46 0.0142) (34 -0.0137) 
   0.0010782   (21 -0.54) (23 0.432) (18 0.426) (37 -0.325) (20 -0.297) (26 -0.235) (19 0.14) (32 0.13) (24 -0.124) (14 0.111) (36 0.0714) (17 0.0699) (22 0.065) (27 0.0557) (16 0.052) (31 0.0468) (11 -0.0403) (13 0.0252) (30 -0.0234) (144 0.0207) (28 0.0181) (29 -0.0155) (33 0.0143) 
   0.0011641   (144 0.907) (145 0.42) (21 0.0133) (18 -0.0106) (23 -0.0105) 
   0.0012382   (46 -0.644) (47 0.443) (45 -0.367) (38 0.273) (16 0.189) (14 0.173) (43 0.17) (50 -0.124) (54 0.111) (39 -0.101) (41 -0.093) (59 -0.0803) (49 -0.0772) (37 0.0593) (32 -0.0574) (55 0.057) (57 -0.0496) (11 -0.0406) (48 -0.0406) (36 -0.0342) (13 0.0309) (26 0.0309) (31 -0.0288) (76 -0.0276) (53 -0.0269) (70 -0.0266) (83 -0.0232) (42 -0.0231) (15 -0.0195) (52 -0.0193) (56 -0.0153) (80 -0.0147) (95 -0.0145) (58 -0.0141) (17 -0.013) (21 -0.0122) (19 0.0103) 
    0.001293   (16 0.735) (14 0.556) (18 -0.164) (46 0.154) (13 0.123) (38 -0.108) (45 0.098) (21 0.0977) (47 -0.0935) (17 -0.0874) (20 0.0822) (26 -0.0707) (15 -0.0679) (32 0.0674) (11 -0.0649) (43 -0.0476) (39 0.0421) (41 0.0373) (37 -0.0315) (19 -0.0286) (31 0.0254) (27 0.0249) (50 0.0242) (23 0.0238) (54 -0.0204) (36 0.0203) (49 0.0167) (40 -0.0138) (59 0.0133) (55 -0.0127) (30 -0.012) (48 0.0106) 
   0.0014214   (146 -1) 
   0.0014408   (54 -0.662) (55 0.43) (32 -0.358) (56 0.352) (53 0.136) (34 -0.13) (57 -0.126) (52 0.12) (59 -0.112) (31 -0.0917) (26 0.07) (49 0.0618) (18 0.0552) (50 0.0499) (48 -0.0446) (14 0.0443) (33 -0.0422) (36 0.041) (30 0.037) (37 -0.0367) (43 0.0365) (21 -0.0365) (42 -0.0352) (68 0.0268) (20 -0.0267) (47 -0.0266) (46 -0.0263) (70 -0.0262) (69 -0.0258) (27 -0.0248) (76 -0.0237) (11 -0.0213) (58 -0.021) (73 0.0207) (16 0.0182) (45 -0.0168) (38 -0.0164) (139 0.0137) (19 0.0131) (71 0.0121) (13 0.0118) (96 0.0103) (77 0.0102) (23 -0.0102) (28 -0.0101) 
   0.0015871   (32 -0.748) (54 0.303) (34 -0.291) (38 -0.225) (31 -0.187) (55 -0.179) (37 -0.152) (56 -0.152) (36 0.134) (26 0.108) (33 -0.0899) (39 0.0883) (139 0.075) (30 0.0718) (18 0.0674) (53 -0.0663) (41 0.0616) (21 -0.0608) (14 0.058) (52 -0.0578) (40 -0.051) (47 0.0479) (27 -0.0443) (45 0.0414) (43 -0.0396) (20 -0.0391) (57 0.0365) (50 -0.0355) (49 -0.0335) (59 0.0335) (11 -0.027) (16 0.022) (19 0.021) (48 0.0195) (46 0.019) (28 -0.0163) (35 -0.0162) (23 -0.0149) (13 0.0127) (29 0.0111) (68 -0.0107) (73 -0.0104) 
   0.0016645   (139 0.997) (32 0.0614) (34 0.0237) (38 0.0168) (31 0.0154) (54 -0.0136) (37 0.0118) (36 -0.0106) 
    0.001798   (15 -0.831) (27 -0.452) (28 -0.176) (16 -0.145) (14 0.133) (26 0.111) (29 -0.0875) (32 0.0717) (17 0.0386) (31 0.034) (13 -0.0335) (18 0.0326) (38 -0.0322) (20 -0.0289) (136 0.0282) (23 -0.0263) (44 -0.0177) (37 -0.0171) (30 -0.0171) (11 -0.0135) (21 -0.0134) (24 0.0122) (36 0.0108) (22 0.0101) 
   0.0020177   (27 -0.704) (15 0.492) (136 0.289) (28 -0.273) (26 0.19) (29 -0.155) (32 0.104) (16 0.102) (18 0.0645) (21 -0.0569) (38 -0.0448) (20 -0.0446) (31 0.0427) (19 0.0408) (23 -0.0342) (13 0.0323) (30 -0.0261) (37 -0.0227) (11 -0.0222) (40 -0.0201) (24 0.02) (39 0.0166) (25 -0.0162) (14 -0.0152) (36 0.0138) (45 0.0116) (41 0.0109) (33 0.0105) (51 -0.0105) 
   0.0021106   (136 0.957) (27 0.226) (15 -0.124) (28 0.0877) (26 -0.0606) (29 0.0495) (32 -0.0334) (16 -0.0266) (18 -0.0205) (21 0.0176) (38 0.0144) (20 0.0143) (31 -0.0139) (19 -0.0124) (23 0.0111) 
   0.0022864   (29 0.923) (51 -0.239) (27 -0.147) (48 0.111) (49 0.0954) (28 -0.0772) (53 -0.0718) (72 -0.0712) (31 -0.0679) (52 0.0656) (45 0.0589) (32 0.0512) (30 0.039) (56 0.0315) (40 -0.0314) (39 0.0312) (70 0.031) (34 0.0297) (47 0.028) (25 -0.0262) (54 0.0245) (71 0.0241) (55 0.023) (22 -0.0221) (59 0.0208) (44 -0.0198) (132 0.0196) (74 0.0174) (46 -0.0168) (26 0.0167) (50 -0.0166) (37 -0.0161) (24 0.0158) (18 0.0155) (77 0.0155) (35 -0.0151) (33 0.0151) (83 -0.015) (14 0.0145) (20 -0.0144) (60 -0.0133) (66 -0.0129) (81 0.0113) (43 0.0111) (69 0.011) (21 -0.0107) 
   0.0023395   (72 -0.738) (70 0.321) (77 0.271) (71 0.239) (132 0.235) (51 0.222) (69 0.134) (66 -0.131) (83 -0.0868) (55 -0.0753) (49 -0.074) (67 -0.0728) (53 0.0724) (48 -0.0651) (131 0.0609) (38 0.0607) (73 0.0552) (57 -0.0541) (39 0.0513) (79 0.0506) (54 -0.05) (59 0.0484) (96 -0.0483) (81 0.0418) (89 -0.0411) (76 0.0405) (63 -0.039) (82 0.0388) (95 -0.0384) (75 -0.036) (52 -0.0339) (45 -0.032) (84 0.032) (68 -0.0313) (50 0.0257) (74 0.0255) (78 0.0239) (62 -0.0233) (58 0.0228) (60 -0.0198) (91 -0.0197) (128 -0.0193) (47 -0.0178) (31 -0.0173) (92 -0.0163) (40 0.0161) (101 -0.0158) (80 0.0152) (85 0.0142) (88 0.0139) (98 -0.0138) (117 -0.0127) (21 -0.0114) (119 0.0109) (65 -0.0108) (42 -0.0106) (32 -0.0104) (43 0.0101) (37 0.01) 
   0.0023639   (51 0.578) (132 0.468) (48 -0.292) (72 0.274) (29 0.262) (49 -0.219) (53 0.182) (52 -0.153) (70 -0.128) (131 0.0995) (71 -0.0977) (56 -0.0958) (40 0.0935) (45 -0.082) (55 -0.0816) (59 -0.0798) (77 -0.0765) (47 -0.0727) (54 -0.0653) (44 0.056) (27 -0.0535) (83 0.0505) (50 0.037) (39 0.0363) (74 -0.0357) (28 -0.0292) (66 0.0291) (69 -0.0291) (73 -0.0287) (81 -0.0252) (41 -0.0252) (60 0.0222) (46 0.0205) (68 0.02) (63 0.0196) (79 -0.0191) (75 0.0186) (96 0.0182) (18 0.0175) (95 0.0173) (89 0.017) (128 -0.0155) (57 -0.0154) (25 -0.0139) (38 -0.0135) (116 0.0131) (65 0.0125) (32 0.0119) (88 0.0116) (76 -0.0116) (58 -0.0113) (33 -0.0113) (102 0.0109) (87 -0.0107) (13 0.0105) (24 0.0103) 
   0.0024049   (132 0.829) (51 -0.387) (48 0.182) (29 -0.169) (131 0.152) (49 0.143) (53 -0.122) (52 0.0952) (55 0.0677) (72 0.059) (40 -0.057) (45 0.0545) (56 0.0539) (54 0.051) (47 0.0457) (39 -0.0364) (27 0.0363) (77 -0.0347) (59 0.0305) (44 -0.0296) (50 -0.0281) (57 0.0244) (69 -0.0224) (66 0.0216) (70 -0.0212) (133 -0.0211) (28 0.0189) (67 0.0189) (128 -0.0188) (41 0.0156) (71 -0.0141) (74 0.0125) (46 -0.0112) (84 -0.0107) (38 -0.0102) 
   0.0025006   (18 0.633) (21 0.494) (19 -0.392) (22 -0.224) (20 -0.17) (55 0.155) (13 0.141) (25 0.131) (56 -0.117) (26 -0.105) (57 -0.0855) (23 -0.0687) (59 0.0649) (40 -0.0533) (31 -0.0488) (24 -0.0477) (54 0.0465) (32 0.0397) (39 0.0337) (16 0.0277) (12 -0.0273) (83 0.0221) (43 -0.0219) (37 -0.0206) (17 -0.0199) (47 0.0191) (72 -0.0173) (28 0.0163) (41 0.0152) (122 0.015) (96 0.0147) (46 0.0146) (14 0.0143) (33 -0.0143) (49 -0.0141) (29 -0.0133) (53 0.0128) (50 -0.0123) (95 0.0122) (126 -0.0121) (67 -0.012) (58 0.0116) (36 0.0113) (45 0.0113) (44 -0.0107) (42 0.0104) (11 -0.0103) 
   0.0026542   (57 0.779) (59 -0.57) (58 -0.0944) (18 0.0828) (72 -0.0743) (40 0.0663) (96 0.062) (83 0.0559) (21 0.0543) (67 -0.0498) (49 0.0461) (19 -0.0451) (54 -0.0432) (69 0.042) (50 0.0354) (47 -0.0352) (39 -0.0345) (126 -0.0301) (134 -0.03) (71 0.0293) (13 0.0292) (70 0.0278) (51 -0.0277) (78 -0.0275) (43 0.0264) (53 -0.0264) (22 -0.0252) (89 0.0248) (77 0.0245) (68 0.0241) (63 -0.0236) (20 -0.0215) (73 0.0208) (46 -0.02) (52 -0.0194) (98 0.0192) (55 -0.0174) (106 0.0171) (87 -0.0167) (91 0.0165) (80 0.0165) (66 -0.0157) (97 -0.0154) (44 0.0153) (79 0.0148) (95 0.0147) (92 0.0143) (34 -0.0133) (94 0.0133) (48 -0.0132) (76 -0.0126) (25 0.0117) (60 -0.0113) (64 0.0112) (38 -0.0112) (122 -0.011) (127 -0.0107) 
   0.0027602   (134 -0.828) (55 -0.41) (56 0.309) (54 -0.0858) (18 0.0764) (38 0.0741) (48 0.0701) (40 -0.0661) (57 -0.0516) (133 -0.0489) (21 0.046) (19 -0.039) (72 0.0386) (53 -0.0376) (83 -0.0342) (47 -0.0253) (20 -0.0246) (22 -0.024) (31 -0.0233) (67 0.023) (44 -0.0225) (46 -0.0212) (50 0.02) (25 0.0198) (43 0.018) (76 -0.0163) (69 -0.0162) (51 0.0161) (45 -0.0156) (95 -0.0155) (96 -0.015) (68 -0.0144) (71 -0.0136) (73 -0.0132) (70 -0.0128) (41 -0.0121) (14 0.0115) (32 -0.0109) (89 -0.0109) (80 -0.0107) (23 -0.0102) 
    0.002829   (55 0.61) (134 -0.556) (56 -0.459) (54 0.13) (18 -0.118) (38 -0.109) (48 -0.103) (40 0.0933) (21 -0.0713) (19 0.0604) (53 0.0574) (72 -0.0542) (83 0.051) (126 -0.0469) (59 0.0405) (47 0.0398) (20 0.0376) (22 0.037) (31 0.0339) (46 0.0327) (44 0.0323) (50 -0.0318) (67 -0.0318) (57 0.0317) (25 -0.03) (133 -0.0289) (96 0.0287) (43 -0.0284) (95 0.026) (76 0.025) (45 0.0233) (51 -0.0222) (69 0.0221) (122 0.0217) (68 0.0203) (73 0.0189) (71 0.0188) (41 0.0183) (98 0.0178) (70 0.0178) (89 0.0175) (14 -0.0172) (32 0.0167) (80 0.0156) (23 0.0154) (24 0.0149) (49 -0.0136) (91 0.0134) (124 -0.0133) (37 -0.0129) (13 -0.0124) (42 -0.0119) (16 -0.0105) (33 0.0105) 
    0.003407   (41 0.819) (68 0.319) (38 0.243) (40 0.217) (67 -0.166) (39 -0.161) (83 0.126) (45 0.0976) (57 -0.0737) (42 0.0707) (70 0.066) (44 0.0652) (69 -0.0549) (59 -0.0451) (85 -0.0447) (47 0.041) (89 -0.0388) (37 0.0387) (55 -0.0365) (48 -0.0331) (130 0.0317) (95 -0.0294) (96 -0.0287) (50 -0.0285) (53 -0.0278) (32 -0.0244) (54 0.0195) (73 -0.0163) (36 -0.0161) (71 -0.015) (22 -0.0141) (66 0.0138) (31 -0.0134) (56 0.0131) (92 -0.0128) (29 0.0123) (26 0.0118) (14 0.0114) (18 0.0111) (21 -0.0109) (19 0.0105) (124 -0.0101) 
   0.0036806   (83 0.819) (130 0.309) (68 -0.295) (85 -0.172) (89 -0.157) (67 0.131) (95 -0.127) (96 -0.123) (69 0.0784) (91 -0.0735) (59 0.0637) (80 0.0611) (92 -0.0512) (72 -0.0492) (38 0.0377) (70 -0.0342) (90 0.0337) (112 -0.0334) (97 0.0327) (98 -0.0299) (106 0.029) (73 0.0277) (113 0.0277) (76 0.0276) (87 0.0267) (81 -0.0218) (54 -0.0207) (110 -0.0206) (102 -0.0201) (40 -0.0195) (100 0.0195) (103 0.0193) (124 -0.019) (105 0.0189) (101 -0.0181) (56 0.0177) (45 -0.0176) (57 0.0166) (55 -0.0158) (116 -0.0158) (71 0.0156) (111 0.0148) (86 0.0147) (66 -0.0145) (41 -0.0145) (99 0.014) (88 0.0135) (107 0.0126) (84 0.0121) (32 -0.0114) (120 -0.0113) (58 0.0113) (37 0.0107) (82 -0.0106) (31 -0.0103) (77 0.0103) (51 -0.0101) (117 0.0101) 
   0.0037136   (130 0.542) (68 -0.533) (83 -0.385) (67 0.302) (41 0.268) (70 -0.135) (40 0.127) (89 0.106) (85 0.0988) (48 -0.09) (96 0.084) (39 -0.0727) (38 0.0718) (95 0.0692) (69 0.0674) (44 0.057) (57 0.056) (71 0.0355) (92 0.0344) (59 0.034) (73 0.032) (106 -0.0306) (91 0.0288) (66 -0.024) (131 -0.0232) (87 -0.022) (18 0.0203) (74 0.0202) (42 0.0197) (51 -0.0191) (37 0.0176) (101 0.0169) (47 -0.0162) (32 -0.0145) (79 -0.0143) (110 0.0138) (97 -0.0135) (55 0.0131) (88 0.0126) (127 -0.0125) (45 0.0124) (13 0.012) (105 -0.0111) (75 -0.0103) (102 0.01) 
   0.0039332   (130 0.78) (68 0.475) (67 -0.255) (41 -0.214) (70 0.104) (40 -0.0886) (69 -0.0763) (38 -0.0759) (83 -0.0647) (48 0.0622) (39 0.0583) (59 -0.0478) (57 -0.0424) (44 -0.0406) (131 -0.0339) (73 -0.0326) (71 -0.0301) (72 0.0219) (66 0.0219) (80 -0.0217) (37 -0.0184) (51 0.0174) (32 0.0159) (18 -0.0156) (74 -0.0145) (88 -0.0136) (96 -0.0132) (42 -0.0128) (47 0.0124) (89 -0.0121) (106 0.0116) (76 -0.0111) (52 -0.0101) 
   0.0039467   (98 -0.414) (99 -0.321) (100 0.32) (112 0.291) (108 0.279) (106 0.276) (107 -0.262) (102 -0.227) (124 -0.206) (103 -0.191) (125 0.189) (113 0.159) (95 0.129) (115 -0.115) (110 0.114) (123 0.11) (111 -0.0981) (149 0.0949) (121 0.0728) (92 -0.0687) (89 0.0609) (105 0.06) (101 -0.0596) (76 -0.0508) (48 -0.0496) (97 0.048) (142 0.0454) (104 0.0443) (96 0.0439) (126 0.0421) (109 0.0396) (118 -0.0347) (116 -0.0331) (67 -0.0287) (90 -0.0269) (80 0.0268) (114 0.0254) (91 0.0246) (87 0.0242) (51 -0.0239) (69 0.023) (78 0.0222) (83 0.0201) (81 -0.0197) (122 -0.0196) (75 0.0192) (141 -0.0191) (73 0.0171) (82 -0.0168) (120 -0.0158) (119 0.0152) (74 -0.0151) (94 -0.0138) (117 0.0118) (86 0.0117) (44 0.0104) (52 0.01) 
   0.0040448   (142 0.875) (149 -0.413) (141 -0.25) (124 -0.0174) (125 0.0155) (98 0.0122) 
   0.0040862   (48 -0.807) (51 -0.321) (44 0.194) (49 0.155) (52 0.133) (67 -0.132) (55 -0.132) (53 -0.12) (47 -0.112) (40 0.103) (41 -0.101) (38 -0.0987) (76 -0.095) (50 -0.0849) (69 0.0846) (57 -0.0799) (56 0.071) (125 -0.0571) (68 0.0479) (124 0.0479) (73 0.043) (106 -0.0425) (83 0.0419) (108 -0.0411) (75 0.0404) (80 0.039) (54 0.0384) (72 -0.0379) (46 -0.0343) (74 -0.034) (22 0.0337) (121 -0.0306) (45 -0.03) (89 0.0299) (123 -0.029) (78 0.0274) (19 -0.0267) (112 -0.0254) (100 -0.0244) (65 -0.0238) (13 0.0232) (18 0.0226) (81 -0.022) (77 0.022) (126 -0.0215) (102 0.0213) (43 0.0198) (31 0.0193) (21 0.0184) (111 0.0175) (95 0.0167) (149 -0.0167) (85 0.0162) (122 0.0161) (66 0.0153) (103 0.0152) (82 -0.0135) (105 -0.012) (71 -0.0115) (42 -0.0112) (61 -0.0106) 
   0.0041773   (69 0.407) (81 -0.361) (67 -0.361) (44 0.302) (79 0.281) (82 -0.269) (74 -0.219) (48 0.207) (91 -0.206) (77 -0.164) (70 -0.15) (75 0.138) (71 -0.131) (68 -0.109) (111 0.0961) (92 -0.0884) (40 0.0813) (85 0.0762) (80 0.0759) (72 -0.0752) (78 0.0743) (101 -0.074) (65 -0.0669) (107 0.0641) (98 0.0617) (105 -0.0603) (43 0.0501) (83 -0.0487) (66 0.0485) (87 0.0444) (84 0.0402) (73 0.0387) (47 0.0367) (86 0.0359) (38 -0.0332) (57 -0.0327) (54 -0.0318) (100 0.0316) (156 -0.0305) (49 -0.0279) (89 0.0272) (51 0.0268) (39 -0.0264) (45 0.0261) (96 0.0258) (125 0.025) (41 -0.0244) (99 0.0235) (121 0.0224) (112 0.0222) (64 -0.0221) (50 0.0221) (116 -0.0211) (61 -0.0205) (113 -0.0175) (59 0.0172) (123 0.0154) (56 0.0129) (88 -0.0123) (46 -0.0122) (60 -0.0122) (42 0.0121) (108 -0.0117) (76 0.011) (58 0.0106) (149 0.0102) 
   0.0043465   (156 -0.999) (44 -0.0342) (48 -0.013) (149 0.0106) (40 -0.0102) 
   0.0045835   (44 0.82) (40 0.252) (48 0.211) (69 -0.183) (38 -0.173) (67 0.161) (81 0.131) (41 -0.107) (43 0.0977) (79 -0.097) (82 0.0865) (74 0.086) (70 0.0855) (68 0.0682) (77 0.0665) (71 0.0652) (80 -0.0596) (111 -0.0586) (85 -0.0544) (47 0.0541) (75 -0.0501) (83 0.0455) (107 -0.0446) (39 -0.0445) (56 0.0414) (46 -0.0408) (105 0.0367) (96 0.0352) (101 0.0349) (49 -0.0344) (95 0.0342) (65 0.0341) (45 0.034) (31 0.0331) (55 -0.0317) (42 0.031) (156 -0.0302) (13 0.0268) (66 -0.0267) (57 -0.026) (91 0.0252) (21 0.0237) (19 -0.0233) (18 0.0216) (104 -0.0213) (125 -0.0203) (92 0.0194) (59 0.0168) (99 -0.0149) (121 -0.0148) (78 0.0147) (100 -0.0144) (15 -0.0141) (32 0.0137) (94 0.0133) (90 0.0132) (37 -0.0131) (87 -0.013) (84 -0.0128) (103 -0.0127) (116 0.0121) (64 0.0118) (89 -0.0117) (22 0.0114) (123 -0.0112) (124 0.0108) 
   0.0048218   (20 -0.584) (19 0.581) (21 0.435) (135 0.332) (18 -0.0972) (22 0.0912) (8 -0.048) (26 -0.025) (23 0.0194) (13 -0.0187) (25 -0.0146) (27 0.0133) (28 0.0131) 
   0.0048815   (135 0.943) (20 0.206) (19 -0.205) (21 -0.153) (18 0.0343) (22 -0.0322) (8 0.0141) 
   0.0050302   (8 0.999) (19 0.0318) (20 -0.031) (21 0.0217) 
   0.0053266   (4 1) 
    0.005428   (23 -0.824) (25 -0.353) (21 -0.269) (18 0.173) (26 -0.15) (20 -0.133) (19 0.114) (27 0.0954) (14 0.0931) (24 -0.0847) (32 0.062) (22 -0.0467) (11 -0.0452) (38 -0.0419) (28 -0.0397) (31 0.0308) (143 0.0301) (33 0.0232) (45 0.0187) (37 -0.0181) (39 0.0156) (17 0.0151) (16 0.0146) (13 0.0139) (76 0.0123) 
   0.0057468   (143 0.999) (23 0.0248) (145 0.0112) (25 0.0106) 
   0.0059149   (10 -0.939) (28 0.322) (27 -0.104) (26 0.0531) (23 -0.0199) (31 0.0157) (21 -0.015) (32 0.0148) (30 -0.0117) (38 -0.0113) (29 0.011) 
   0.0060929   (137 -0.96) (28 0.245) (10 0.1) (27 -0.079) (26 0.0401) (23 -0.0169) (21 -0.0123) (18 0.0108) (31 0.0102) (30 -0.01) 
   0.0063892   (28 -0.84) (10 -0.33) (137 -0.281) (27 0.271) (26 -0.138) (23 0.058) (21 0.042) (18 -0.0369) (31 -0.035) (30 0.0344) (32 -0.0336) (14 -0.0252) (29 -0.0248) (38 0.0231) (34 0.0156) (20 0.015) (19 -0.0149) (11 0.0146) (25 0.013) 
   0.0064752   (13 -0.899) (40 -0.249) (44 0.167) (14 0.161) (38 0.143) (39 0.131) (18 0.0873) (19 -0.0605) (12 0.0597) (48 -0.0573) (15 0.0533) (21 0.0479) (16 0.0441) (55 0.0425) (57 0.0367) (42 0.0348) (56 -0.0342) (41 0.0324) (45 0.0288) (83 -0.0252) (46 0.0242) (96 -0.0242) (59 -0.022) (31 -0.021) (89 -0.0183) (72 0.0176) (43 -0.0148) (80 -0.0147) (22 0.0143) (95 -0.014) (73 -0.0126) (47 -0.0124) (65 0.0119) (26 -0.0112) (70 -0.011) (60 -0.0103) 
   0.0068365   (140 0.997) (40 -0.0528) (13 0.0343) (38 0.03) (44 0.0275) (39 0.0234) 
    0.008034   (40 0.66) (38 -0.374) (13 -0.355) (44 -0.347) (39 -0.294) (48 0.1) (41 -0.0905) (140 0.0819) (42 -0.0817) (18 0.0799) (31 0.0781) (55 -0.0748) (21 0.0658) (19 -0.0655) (45 -0.0648) (56 0.062) (57 -0.0587) (14 0.0558) (46 -0.0548) (59 0.0402) (43 0.0395) (83 0.0382) (96 0.0352) (72 -0.031) (15 0.0292) (60 0.0258) (65 -0.0254) (16 0.0223) (37 -0.0219) (95 0.0202) (73 0.0199) (78 -0.0198) (89 0.0196) (47 0.0185) (79 -0.0175) (71 -0.0149) (75 0.0149) (33 0.0145) (70 0.0142) (61 0.0142) (12 0.014) (52 0.0139) (98 0.0139) (25 -0.0139) (68 0.0133) (81 -0.0122) (80 0.012) (84 0.0116) (62 -0.0115) (50 0.0111) (29 0.0105) 
   0.0084634   (12 0.951) (31 -0.248) (33 -0.141) (32 0.0816) (13 0.0582) (39 -0.0333) (38 -0.0264) (63 0.0224) (29 -0.0219) (138 0.0196) (40 0.0179) (26 -0.0158) (28 0.011) (22 0.0105) (23 -0.0104) 
   0.0090933   (138 0.968) (31 -0.194) (33 -0.104) (12 -0.0932) (32 0.0609) (39 -0.0278) (38 -0.016) (26 -0.0159) (29 -0.0143) (18 -0.0121) (13 -0.0104) 

 Largest eigenvalues
      29.628   (163 0.976) 
       20.12   (76 0.749) (95 -0.347) 
      7.4356   (76 -0.389) (95 -0.688) (96 0.407) 
      3.1708   (95 0.419) (96 0.679) 
      1.2286   (124 0.428) (125 -0.591) 
      1.2203   (142 -0.375) (149 -0.896) 
      1.1822   (165 -0.998) 
      1.1704   (164 0.994) 
      1.1511   (91 -0.328) (92 0.771) (102 0.371) 
      1.1142   (92 0.326) (102 -0.419) (109 -0.767) 
       1.112   (102 -0.608) (109 0.491) (114 0.31) (116 0.318) 
     0.99453   (102 -0.362) (114 -0.343) (116 -0.512) (117 -0.451) 
      0.9779   (99 0.602) (100 0.553) (101 0.414) 
     0.94186   (105 0.583) (107 0.509) 
     0.92299   (113 0.447) (114 0.566) 
     0.74754   (114 -0.479) (117 0.57) (120 -0.287) 
     0.68026   (108 0.423) (110 0.62) (112 -0.396) 
      0.6632   (107 -0.324) (108 -0.489) (112 -0.502) 
     0.66308   (115 0.548) (123 0.416) (125 -0.434) 
     0.60432   (115 -0.74) (123 0.305) 
     0.58814   (108 0.575) (110 -0.489) (112 -0.327) (113 -0.318) 
     0.58789   (106 0.743) (108 -0.337) 
     0.58582   (122 0.385) (126 0.374) (127 -0.326) (128 0.59) 
     0.55271   (126 -0.812) (128 0.399) 
     0.54407   (120 -0.287) (122 -0.74) (126 0.371) 
     0.53679   (117 0.299) (118 -0.528) (120 0.664) 
     0.53508   (121 -0.517) (123 0.531) (127 0.487) 
     0.42514   (118 -0.336) (120 -0.405) (121 0.484) (127 0.297) (133 0.317) 
     0.42026   (118 0.596) (119 0.346) (133 0.338) 
     0.40356   (90 0.939) 
     0.40025   (121 -0.392) (127 -0.47) (133 0.453) 
     0.32061   (96 0.207) (97 0.917) 
     0.31147   (104 -0.561) (105 -0.416) (107 0.447) 
     0.26402   (103 0.814) (105 0.251) 
     0.25149   (101 -0.454) (113 0.316) (124 0.351) 
     0.24042   (80 -0.278) (85 0.671) (100 -0.211) (103 -0.215) (124 0.247) 
     0.23029   (78 -0.285) (80 0.432) (85 -0.301) (100 -0.366) (101 0.458) 
     0.21384   (78 0.357) (80 -0.57) (85 -0.511) 
     0.16499   (100 0.207) (101 -0.243) (111 0.629) (112 0.241) 
     0.14493   (89 0.576) (91 0.429) (96 -0.325) 
     0.13446   (89 -0.443) (94 0.506) (104 -0.361) 
     0.12567   (87 -0.358) (91 -0.586) (92 -0.297) 
     0.11991   (87 0.665) (88 0.409) (89 0.3) (94 -0.366) 
     0.11194   (86 -0.641) (89 -0.303) (91 0.355) (94 -0.367) 
     0.10974   (67 -0.332) (69 0.322) (81 0.338) (82 0.529) 
     0.10022   (67 0.337) (79 0.293) (86 0.287) 
    0.095184   (61 -0.317) (65 -0.402) (74 0.276) (86 0.253) 
    0.094413   (58 -0.562) (61 0.381) 
    0.091548   (58 0.633) (65 0.366) 
    0.088956   (58 -0.366) (61 -0.303) (94 0.295) 
    0.087103   (60 0.324) (61 0.479) (65 -0.279) 
    0.081964   (60 -0.274) (61 -0.307) (64 0.423) (65 0.407) (79 0.259) (82 0.27) 
    0.077787   (64 -0.713) (65 0.236) (69 0.235) (74 0.211) (82 0.216) 
    0.073174   (60 0.418) (61 -0.244) (62 -0.307) (64 0.319) (65 -0.374) (67 0.262) (69 0.258) 
    0.067682   (60 -0.565) (61 0.391) 
     0.06621   (60 0.252) (69 -0.236) (74 -0.225) (79 -0.24) (111 0.226) (116 0.353) (117 -0.226) 
    0.063671   (66 -0.289) (71 0.29) (77 -0.355) (81 0.288) 
    0.058353   (62 0.472) (63 0.328) (66 0.373) 
    0.056085   (62 -0.509) (71 -0.346) (84 0.289) 
    0.055201   (62 0.351) (66 -0.617) (74 -0.292) 
    0.053123   (63 0.294) (66 0.303) (71 0.396) (81 -0.308) (82 0.227) 
    0.052701   (62 0.29) (63 -0.548) 
    0.049971   (63 0.575) (66 -0.314) (71 -0.308) 
    0.046071   (74 -0.254) (81 0.3) (82 -0.279) (84 -0.408) (119 -0.302) 
    0.041179   (31 -0.438) (33 0.782) (39 0.31) 
    0.040995   (33 -0.394) (39 0.734) (40 0.384) 
    0.039644   (75 0.401) (84 0.259) (119 -0.424) 
    0.038916   (51 -0.279) (52 -0.452) (53 0.265) (54 -0.266) (75 -0.318) (119 -0.273) 
    0.034512   (52 0.408) (75 -0.487) 
    0.033619   (30 -0.782) (36 0.481) 
    0.030376   (30 0.562) (35 0.291) (36 0.57) 
    0.030182   (35 -0.43) (36 -0.371) (88 -0.433) 
    0.029447   (35 0.8) (36 -0.315) 
    0.026862   (35 -0.292) (36 0.305) (45 -0.348) (56 -0.36) 
    0.026125   (131 -0.883) 
    0.024465   (129 -0.578) (158 -0.806) 
    0.021869   (129 -0.577) (158 0.292) (162 -0.763) 
    0.021127   (129 -0.577) (158 0.515) (162 0.634) 
    0.020232   (22 0.956) 
     0.01807   (141 -0.953) (142 -0.292) 
