 1 31.6228
 2 24.043
 3 0.974199
 4 31.6228
 5 26.1186
 6 1.54621
 7 31.6228
 8 2.05432
 9 30.5299
 10 30.2201
 11 1.84783
 12 21.3835
 13 31.6228
 14 31.6187
 15 0.902185
 16 31.6228
 17 31.6151
 18 0.905969
 19 31.6228
 20 31.4704
 21 1.08276
 22 31.6228
 23 31.5936
 24 0.939252
 25 14.6466
 26 16.0038
 27 1.34649
 28 31.5382
 29 18.479
 30 4.88287
 31 21.4781
 32 9.57933
 33 16.9428
 34 14.1736
 35 14.5819
 36 7.41787
 37 31.4923
 38 31.6026
 39 1.32186
 40 24.5575
 41 31.2241
 42 1.28829
 43 21.3614
 44 29.331
 45 1.54599
 46 31.5826
 47 28.912
 48 4.29969
 49 30.4258
 50 13.0915
 51 16.2538
 52 7.80844
 53 30.8622
 54 17.0149
 55 7.28319
 56 14.2305
 57 25.4145
 58 8.69046
 59 10.9482
 60 7.917
 61 4.47042
 62 1.32877
 63 21.1163
 64 13.5618
 65 0.988292
 66 23.2986
 67 28.1758
 68 5.02881
 69 31.6225
 70 31.6228
 71 31.5769
 72 1.336
 73 31.6192
 74 3.81344
 75 29.3342
 76 30.9773
 77 1.53962
 78 28.2239
 79 31.5897
 80 3.30031
 81 29.7671
 82 31.4231
 83 23.0149
 84 1.3205
 85 11.1473
 86 1.41177
 87 31.3706
 88 1.16087
 89 1.09632
 90 1.3014
 91 2.37086
 92 20.5909
 93 27.004
 94 18.1579
 95 27.7125
 96 29.5402
 97 15.8348
 98 15.004
 99 9.33801
 100 28.1971
 101 30.6011
 102 9.10669
 103 12.7451
 104 11.7941
 105 11.0771
 106 12.865
 107 12.767
 108 12.8689
 109 10.6333
 110 8.38301
 111 13.3706
 112 14.1289
 113 13.572
 114 12.9153
 115 12.6319
 116 10.4871
 117 12.9002
 118 13.4376
 119 12.1653
 120 10.022
 121 10.437
 122 6.86003
 123 6.4775
 124 5.89599
 125 5.40609
 126 6.43446
 127 4.48652
 128 8.74014
 129 6.83027
 130 6.6019
 131 4.32089
 132 4.36219
 133 4.37675
 134 5.31773
 135 2.75975
 136 6.34847
 137 3.1246
 138 2.91257
 139 2.79748
 140 3.27151
 141 3.0729
 142 2.73041
 143 2.74038
 144 4.0729
 145 3.89362
 146 3.26554
 147 3.06466
 148 3.97202
 149 3.89728
 150 3.24034
 151 3.49454
 152 4.34132
 153 4.94365
 154 3.61376
 155 4.26641
 156 4.45969
 157 5.77516
 158 0.25408
 159 0.281026
 160 1.37243
 161 3.561
 162 6.4447
 163 7.08986
 164 10.911
 165 0.640646
