 1 1000
 2 584.304
 3 1.91424
 4 1000
 5 699.135
 6 16.0681
 7 1000
 8 34.4923
 9 963.15
 10 927.031
 11 20.5425
 12 488.5
 13 1000
 14 999.786
 15 0.813952
 16 1000
 17 999.63
 18 0.840285
 19 1000
 20 994.718
 21 5.23958
 22 1000
 23 998.908
 24 1.47035
 25 225.951
 26 279.694
 27 7.35875
 28 995.549
 29 412.81
 30 89.7693
 31 469.52
 32 227.058
 33 423.453
 34 208.12
 35 299.809
 36 140.614
 37 992.426
 38 999.26
 39 2.26476
 40 613.7
 41 977.985
 42 1.70091
 43 479.252
 44 885.272
 45 7.63177
 46 998.456
 47 909.685
 48 92.6907
 49 938.829
 50 186.34
 51 343.604
 52 146.662
 53 962.336
 54 295.563
 55 125.312
 56 279.625
 57 676.529
 58 86.0162
 59 180.091
 60 124.799
 61 22.2036
 62 1.78378
 63 457.488
 64 212.213
 65 1.91814
 66 570.805
 67 885.493
 68 116.866
 69 999.99
 70 1000
 71 998.212
 72 2.65493
 73 999.841
 74 77.8188
 75 923.958
 76 964.277
 77 7.20374
 78 810.236
 79 998.559
 80 61.0224
 81 936.906
 82 989.648
 83 558.545
 84 2.10168
 85 130.2
 86 2.57234
 87 989.195
 88 1.79587
 89 1.69924
 90 2.00557
 91 8.10692
 92 491.19
 93 814.84
 94 450.699
 95 836.308
 96 913.74
 97 296.8
 98 270.725
 99 137.228
 100 835.743
 101 954.39
 102 106.228
 103 179.495
 104 157.609
 105 139.928
 106 177.394
 107 176.187
 108 179.588
 109 131.742
 110 96.0407
 111 196.242
 112 209.022
 113 195.159
 114 180.72
 115 179.031
 116 136.078
 117 187.858
 118 198.174
 119 165.506
 120 115.553
 121 118.414
 122 50.4149
 123 43.5134
 124 38.6052
 125 31.7418
 126 44.0366
 127 25.2729
 128 84.3846
 129 55.5128
 130 49.7993
 131 21.306
 132 19.8558
 133 20.0481
 134 29.27
 135 8.95428
 136 41.2093
 137 10.8512
 138 9.34347
 139 8.65006
 140 11.529
 141 11.0728
 142 8.8379
 143 8.75798
 144 17.6556
 145 15.9426
 146 11.5155
 147 10.3213
 148 16.9854
 149 16.1766
 150 11.4611
 151 13.3524
 152 19.7433
 153 25.6672
 154 14.0738
 155 19.1867
 156 20.9611
 157 34.3675
 158 0.300624
 159 0.124065
 160 2.73365
 161 18.6623
 162 54.0233
 163 63.6026
 164 132.333
 165 2.1832
