 1 67687.7
 2 609.221
 3 1.96076
 4 419470
 5 719.125
 6 16.5035
 7 1.32364e+06
 8 56.1618
 9 1586.65
 10 2778.6
 11 31.3053
 12 748.401
 13 1.51221e+06
 14 11500.6
 15 0.814104
 16 879452
 17 5677.35
 18 0.937127
 19 211898
 20 3096.85
 21 14.4163
 22 407662
 23 4316.16
 24 3.54395
 25 242.452
 26 317.39
 27 8.29505
 28 3575.33
 29 455.313
 30 98.5086
 31 473.664
 32 231.754
 33 432.757
 34 219.121
 35 312.529
 36 147.118
 37 1522.95
 38 3176.51
 39 3.61773
 40 945.672
 41 5117.88
 42 1.8197
 43 639.779
 44 1501.64
 45 11.9697
 46 4919.6
 47 2951.81
 48 270.488
 49 1880.35
 50 188.575
 51 421.648
 52 180.19
 53 3415.21
 54 334.756
 55 155.902
 56 354.229
 57 680.797
 58 87.5864
 59 183.011
 60 127.019
 61 22.2279
 62 1.78396
 63 468.27
 64 212.896
 65 1.93005
 66 582.19
 67 3374.86
 68 429.527
 69 110565
 70 508953
 71 3213.52
 72 4.75941
 73 20397.6
 74 377.359
 75 4406.67
 76 5338.19
 77 13.5708
 78 1522.2
 79 8028.87
 80 166.546
 81 2276.01
 82 2505
 83 654.51
 84 2.23099
 85 151.8
 86 2.71954
 87 3248.17
 88 1.79599
 89 1.69925
 90 2.00574
 91 8.67887
 92 578.545
 93 1228.61
 94 617.332
 95 1367.8
 96 1648.27
 97 320.4
 98 274.031
 99 138.046
 100 986.389
 101 1618.14
 102 110.583
 103 181.938
 104 159.506
 105 140.604
 106 178.323
 107 177.19
 108 180.468
 109 132.75
 110 97.4556
 111 196.966
 112 209.867
 113 195.763
 114 181.043
 115 179.503
 116 136.653
 117 188.141
 118 198.447
 119 165.687
 120 116.374
 121 119.019
 122 50.8748
 123 43.7912
 124 38.8774
 125 32.2432
 126 44.5228
 127 26.2136
 128 85.1377
 129 56.0123
 130 50.5735
 131 21.4793
 132 20.0189
 133 20.2133
 134 29.8057
 135 9.1036
 136 41.5169
 137 11.0343
 138 9.4831
 139 8.8217
 140 11.7272
 141 11.478
 142 9.04824
 143 8.96281
 144 17.8931
 145 16.159
 146 11.7192
 147 10.5589
 148 17.2471
 149 16.452
 150 11.6476
 151 13.5922
 152 20.0287
 153 26.3201
 154 14.3949
 155 19.4181
 156 21.1198
 157 34.6
 158 0.3681
 159 0.127558
 160 2.79547
 161 19.8991
 162 62.67
 163 66.6616
 164 134.931
 165 2.19944
