 Smallest eigenvalues
  6.6128e-07   (9 1) 
  7.5549e-07   (46 0.717) (45 -0.499) (47 0.336) (38 0.228) (40 0.131) (49 0.109) (41 -0.0768) (59 -0.0633) (32 -0.0614) (53 -0.0542) (52 0.0502) (44 0.0459) (157 0.0422) (37 0.0408) (77 -0.039) (39 0.0356) (42 -0.0355) (50 -0.0353) (54 0.0351) (14 -0.0335) (76 0.0304) (31 -0.0301) (18 0.0297) (57 -0.0291) (21 -0.0274) (26 0.0264) (73 -0.0233) (27 -0.0218) (11 -0.0217) (20 -0.0209) (30 0.0196) (36 -0.0183) (95 0.0178) (51 -0.017) (74 0.0151) (23 0.0124) (16 -0.0118) (29 -0.0115) (28 -0.0114) (68 0.0111) (75 -0.011) (17 -0.0104) (60 -0.0102) 
  1.1371e-06   (157 0.999) (46 -0.0303) (45 0.0211) (47 -0.0141) 
  1.9648e-06   (5 -1) 
   2.384e-06   (43 -0.784) (42 -0.317) (38 0.294) (45 0.258) (40 0.176) (41 -0.156) (154 -0.145) (39 0.136) (47 0.0886) (44 0.0764) (46 -0.0686) (32 -0.0625) (37 0.0442) (59 -0.0346) (76 0.0324) (26 0.0307) (14 -0.0294) (18 0.0286) (49 0.0273) (50 -0.0273) (31 -0.0243) (21 -0.0235) (11 -0.0187) (20 -0.0169) (27 -0.0166) (53 -0.0163) (73 -0.0147) (33 -0.0146) (57 -0.0143) (95 0.0141) (77 -0.0139) (51 0.0136) (55 -0.013) (23 0.0115) (34 0.0105) 
   2.453e-06   (154 -0.989) (43 0.115) (42 0.0466) (38 -0.0432) (45 -0.0379) (40 -0.0259) (41 0.0229) (39 -0.02) (47 -0.013) (44 -0.0112) (46 0.0101) 
  4.7193e-06   (2 -1) 
  9.0223e-06   (152 0.983) (34 0.17) (32 -0.0516) (31 -0.0272) (38 -0.0145) (36 0.0131) (26 0.0111) (30 0.0104) 
  1.4774e-05   (34 -0.914) (32 0.277) (152 0.183) (31 0.146) (38 0.078) (36 -0.0702) (26 -0.0597) (30 -0.0558) (33 -0.0508) (29 -0.0413) (37 0.0363) (18 -0.0332) (50 0.0313) (21 0.0288) (27 0.0248) (52 0.0248) (14 0.024) (20 0.0225) (76 -0.0198) (45 -0.0181) (39 0.0163) (43 -0.016) (47 -0.0152) (48 -0.015) (40 0.0143) (23 -0.0129) (41 -0.0126) (53 -0.0126) (11 0.0125) (51 0.0118) (22 -0.0116) (54 0.0112) (59 0.0112) (16 0.011) (95 -0.0105) (35 0.0104) (73 0.0104) 
  4.3838e-05   (24 -0.689) (25 -0.477) (23 0.347) (49 -0.3) (19 0.123) (21 -0.112) (52 0.0994) (51 -0.0975) (50 0.0768) (26 -0.0749) (33 0.0701) (18 -0.0492) (22 -0.0429) (56 -0.0419) (47 -0.0412) (39 0.0411) (30 0.035) (27 -0.0319) (54 -0.0319) (71 0.0318) (46 0.0295) (36 0.0294) (29 -0.0291) (77 -0.0274) (40 0.0263) (59 -0.0262) (13 0.026) (55 -0.0244) (28 -0.0201) (45 -0.0184) (76 0.0163) (20 -0.0146) (41 -0.0138) (66 -0.0131) (63 -0.0119) (67 -0.0117) (61 0.0116) (80 0.0114) (32 -0.0113) (48 0.0111) (79 -0.0104) 
  8.5491e-05   (151 -0.981) (49 -0.149) (52 0.0564) (51 -0.0545) (24 0.0523) (50 0.0419) (25 0.0366) (23 -0.0253) (56 -0.0237) (54 -0.0208) (38 0.02) (55 -0.0178) (47 -0.0176) (59 -0.014) (46 0.0138) 
  0.00011529   (49 0.75) (52 -0.284) (51 0.274) (24 -0.257) (50 -0.211) (151 -0.195) (25 -0.18) (23 0.124) (56 0.12) (54 0.105) (38 -0.101) (55 0.0897) (47 0.0888) (59 0.0706) (46 -0.0694) (71 -0.0496) (26 -0.0472) (19 0.042) (77 0.0384) (18 -0.0342) (33 0.0331) (39 -0.0282) (57 0.028) (41 0.0279) (76 -0.0275) (45 0.0257) (21 -0.0256) (32 0.0249) (37 -0.0244) (81 0.0225) (40 -0.0225) (75 0.0224) (42 0.0217) (95 -0.0214) (79 0.0199) (36 -0.0192) (67 0.0191) (73 0.0171) (61 -0.0168) (68 -0.0167) (53 -0.0163) (63 0.0159) (44 0.0151) (69 -0.015) (70 -0.0146) (22 -0.0146) (14 0.0141) (78 0.0131) (65 -0.0123) (13 0.0122) (66 0.0121) (43 -0.0112) (30 0.011) (72 -0.0108) 
  0.00016265   (1 -1) 
  0.00016994   (11 -0.985) (14 0.137) (15 -0.048) (17 0.0381) (18 -0.0377) (13 0.0336) (21 0.0336) (20 0.0264) (38 -0.025) (32 0.0232) (23 -0.0205) (26 -0.0141) (27 0.0128) (39 -0.0125) (16 0.0124) (24 -0.0118) (37 -0.01) 
   0.0001736   (161 1) 
  0.00018645   (3 -1) 
   0.0002326   (14 -0.705) (16 0.592) (15 0.318) (13 -0.115) (17 0.106) (11 -0.0957) (18 -0.0788) (21 0.0615) (20 0.0456) (23 -0.0393) (32 0.0314) (38 -0.0267) (24 -0.0262) (27 0.0215) (26 -0.0189) (19 -0.0175) (33 0.0158) (28 0.0136) (39 -0.0121) (45 0.0115) (31 0.0109) (37 -0.0102) 
  0.00027076   (160 1) 
  0.00027872   (7 -1) 
  0.00028216   (25 -0.759) (24 0.593) (21 -0.143) (20 -0.0948) (30 -0.0814) (23 0.0799) (26 -0.0742) (18 0.0662) (155 0.0659) (36 0.0656) (14 -0.0451) (27 0.0423) (22 0.0359) (31 0.032) (32 0.0286) (11 -0.0269) (19 0.026) (52 0.0182) (38 -0.0174) (28 0.0166) (17 -0.0164) (15 0.0156) (50 0.0144) (35 -0.0139) (51 0.0128) (45 0.0106) 
  0.00028811   (155 0.998) (25 0.0502) (24 -0.0392) 
  0.00030656   (6 -1) 
   0.0003154   (17 -0.984) (14 -0.0953) (21 0.0847) (20 0.065) (15 0.0627) (11 -0.0474) (18 -0.0422) (158 -0.025) (27 0.0194) (28 0.0192) (36 0.0192) (13 -0.0166) (31 0.0154) (23 0.0144) (45 0.0122) (30 -0.0118) (38 -0.0117) (24 -0.0114) 
  0.00031988   (158 -1) (17 0.0246) 
  0.00032263   (73 -0.745) (59 0.445) (57 0.292) (76 -0.228) (74 -0.201) (38 0.0949) (54 -0.0926) (39 0.0662) (47 -0.0645) (50 0.0606) (40 0.0596) (45 -0.0508) (32 -0.0468) (75 0.0465) (77 0.0452) (72 -0.0449) (43 0.0439) (53 0.0421) (37 0.0399) (96 0.0397) (18 0.036) (58 0.0344) (68 0.0332) (69 -0.0327) (49 0.0315) (26 0.031) (42 -0.0301) (51 -0.0292) (56 -0.0284) (14 -0.026) (41 -0.0254) (88 0.0252) (87 -0.023) (48 0.0212) (92 0.0209) (46 -0.0196) (122 0.019) (78 -0.0177) (20 -0.0164) (102 -0.0163) (120 -0.0161) (11 -0.0159) (124 -0.0158) (113 0.0155) (36 -0.0154) (70 0.0152) (21 -0.0152) (66 0.0151) (99 0.0143) (112 -0.0138) (89 0.0134) (16 -0.0128) (44 0.0123) (61 -0.0117) (31 -0.0114) (64 -0.0112) (13 -0.0109) (127 -0.0107) (153 0.0103) (80 0.01) 
  0.00038704   (59 0.571) (73 0.511) (57 0.364) (70 -0.219) (68 0.185) (38 0.162) (153 0.145) (47 -0.141) (76 0.141) (74 0.13) (45 -0.104) (39 0.0953) (50 0.0901) (69 -0.0836) (71 0.0801) (32 -0.0735) (54 -0.0734) (52 -0.071) (40 0.0708) (37 0.05) (41 -0.0497) (58 0.0435) (51 -0.0435) (26 0.043) (66 0.0422) (18 0.0419) (14 -0.0411) (21 -0.0315) (67 0.0308) (43 0.0307) (75 -0.0303) (122 -0.0285) (53 0.0283) (20 -0.0269) (11 -0.0268) (83 -0.0261) (31 -0.0241) (77 -0.0236) (46 -0.021) (113 0.02) (16 -0.0199) (44 0.0187) (42 0.0186) (127 -0.0174) (61 -0.0174) (78 0.017) (88 0.017) (64 -0.0167) (36 -0.0161) (17 -0.0156) (120 -0.0153) (80 -0.0151) (48 0.0145) (28 -0.0144) (112 -0.0141) (117 0.014) (62 0.0138) (98 -0.0125) (126 -0.0124) (49 0.0124) (116 -0.0123) (133 -0.0122) (27 -0.012) (131 0.0118) (63 -0.0117) (33 -0.0111) (87 -0.0109) 
  0.00042167   (153 0.989) (59 -0.0884) (73 -0.0671) (57 -0.0566) (70 0.0316) (68 -0.0273) (38 -0.0252) (47 0.0216) (76 -0.0183) (74 -0.017) (45 0.016) (39 -0.015) (50 -0.014) (69 0.0125) (54 0.0119) (71 -0.0116) (32 0.0115) (40 -0.0113) (52 0.0104) 
   0.0004259   (19 0.729) (18 0.48) (20 0.454) (21 0.131) (47 -0.0583) (50 -0.0508) (24 0.04) (23 -0.0335) (26 -0.0259) (14 -0.0243) (51 0.0216) (52 0.0216) (22 -0.0211) (45 -0.0195) (17 0.0181) (25 0.0167) (54 0.0149) (48 -0.0147) (42 0.0113) (59 -0.011) 
  0.00049018   (47 -0.576) (50 -0.479) (150 -0.421) (52 0.249) (51 0.205) (45 -0.181) (38 0.176) (48 -0.135) (54 0.119) (39 0.106) (59 -0.0887) (40 0.0797) (32 -0.0709) (41 -0.0699) (57 -0.0627) (20 -0.0603) (19 -0.0584) (55 0.0485) (37 0.0407) (26 0.0395) (21 -0.0389) (14 -0.0333) (43 0.0295) (73 -0.0263) (31 -0.0231) (56 -0.0219) (11 -0.0213) (44 0.0182) (76 0.0174) (16 -0.0156) (42 0.0153) (36 -0.0135) (27 -0.0128) (28 -0.0113) (46 -0.0105) (33 -0.0104) 
  0.00050657   (150 -0.907) (47 0.267) (50 0.222) (52 -0.116) (51 -0.0951) (45 0.0841) (38 -0.0816) (48 0.0625) (54 -0.0552) (39 -0.049) (59 0.0411) (40 -0.037) (32 0.0329) (41 0.0325) (57 0.029) (20 0.0269) (19 0.0253) (55 -0.0225) (37 -0.0189) (26 -0.0183) (21 0.0178) (14 0.0155) (43 -0.0137) (73 0.0121) (31 0.0107) (56 0.0101) 
  0.00054018   (53 0.625) (42 -0.433) (54 0.387) (50 0.28) (51 -0.261) (47 -0.194) (49 0.149) (43 0.119) (45 -0.108) (59 -0.0998) (56 0.0927) (57 -0.0731) (52 -0.0659) (41 0.0576) (38 0.044) (44 0.0302) (40 -0.0289) (37 0.0267) (48 -0.0243) (70 -0.023) (39 0.0222) (148 -0.0192) (32 -0.0189) (18 0.0186) (26 0.0178) (46 -0.0136) (14 -0.0133) (68 0.0124) (36 -0.0111) 
  0.00056143   (148 -0.809) (42 0.481) (53 0.21) (41 -0.111) (54 0.0972) (40 0.0905) (38 0.0884) (43 -0.0811) (50 0.0678) (39 0.0639) (45 0.0637) (51 -0.0577) (49 0.0443) (59 -0.0366) (32 -0.0333) (56 0.032) (47 0.0244) (57 -0.0217) (44 -0.0216) (52 0.021) (26 0.0204) (73 -0.0198) (21 -0.0144) (14 -0.013) (20 -0.0115) (18 0.0106) (48 0.0105) (46 -0.0103) 
  0.00056313   (42 -0.648) (148 -0.587) (53 -0.309) (41 0.151) (54 -0.147) (40 -0.124) (38 -0.123) (43 0.108) (50 -0.103) (39 -0.0889) (51 0.088) (45 -0.0843) (49 -0.0659) (59 0.0536) (56 -0.047) (32 0.0465) (57 0.0322) (44 0.0288) (26 -0.0288) (73 0.0275) (47 -0.0272) (52 -0.0269) (21 0.0202) (14 0.0183) (20 0.0161) (18 -0.0153) (46 0.0147) (48 -0.0136) (70 -0.0128) (31 0.0127) (37 -0.0123) (95 -0.0117) (16 0.0108) (11 0.0103) (76 -0.0103) 
  0.00061764   (70 0.791) (71 -0.367) (72 0.303) (69 0.181) (73 0.154) (68 -0.13) (59 0.122) (38 0.0871) (50 0.0773) (47 -0.0752) (52 -0.0737) (57 0.0688) (39 0.0539) (51 -0.0452) (54 -0.0435) (83 -0.0398) (45 -0.0396) (32 -0.038) (76 -0.036) (40 0.0344) (43 0.0337) (67 0.033) (37 0.0321) (147 -0.0299) (53 -0.0298) (56 -0.0293) (18 0.0272) (26 0.0268) (55 0.0242) (49 0.0231) (14 -0.0224) (66 -0.0215) (41 -0.0208) (42 -0.0195) (120 -0.0194) (46 -0.0182) (88 0.0175) (127 -0.0157) (21 -0.0156) (102 -0.0153) (20 -0.0152) (124 -0.014) (113 0.0135) (89 -0.0135) (31 -0.0135) (36 -0.0124) (11 -0.0122) (94 -0.0118) (80 -0.0116) (112 -0.0115) (95 -0.0114) (91 -0.0113) (44 0.0112) (58 0.011) (90 0.0105) (16 -0.0104) (99 0.0104) (126 -0.0102) (122 0.01) 
  0.00065532   (147 -0.561) (52 -0.489) (53 -0.383) (47 -0.288) (50 0.221) (51 -0.197) (57 -0.156) (59 -0.134) (55 0.119) (38 0.118) (45 -0.111) (70 -0.0806) (39 0.0734) (73 -0.0701) (40 0.07) (42 0.069) (41 -0.0559) (72 -0.0507) (54 0.0498) (71 0.0472) (32 -0.045) (37 0.0276) (26 0.0275) (46 -0.0248) (14 -0.0239) (69 -0.0234) (21 -0.0234) (44 0.0218) (18 0.0198) (20 -0.0186) (122 -0.0185) (95 0.0136) (16 -0.0134) (31 -0.0133) (11 -0.013) (58 -0.0115) (48 -0.0113) (74 -0.0113) (67 -0.0102) 
  0.00070068   (147 -0.828) (52 0.334) (53 0.26) (47 0.198) (50 -0.153) (51 0.135) (57 0.103) (59 0.0863) (38 -0.0836) (55 -0.0816) (45 0.0767) (39 -0.0519) (40 -0.0488) (42 -0.046) (73 0.0419) (41 0.0387) (32 0.032) (54 -0.032) (70 0.0259) (72 0.0234) (37 -0.02) (26 -0.0197) (71 -0.0186) (46 0.0175) (14 0.0171) (21 0.0165) (44 -0.0152) (18 -0.0145) (20 0.0132) (122 0.0126) 
  0.00078892   (37 0.9) (38 -0.205) (21 -0.192) (18 0.177) (20 -0.14) (23 -0.128) (39 -0.111) (36 -0.0765) (32 -0.0655) (14 -0.0619) (24 -0.0589) (40 -0.0545) (43 -0.0381) (16 -0.0336) (45 0.0298) (11 -0.0279) (17 -0.0266) (41 0.0249) (42 0.023) (47 0.0214) (26 -0.0189) (22 -0.018) (59 -0.0179) (54 0.0178) (31 -0.0178) (57 -0.0174) (13 -0.0169) (34 -0.0166) (50 -0.0152) (25 0.0148) (46 0.0126) (15 0.0116) 
    0.001077   (21 -0.528) (23 -0.422) (18 0.408) (20 -0.362) (37 -0.329) (26 -0.231) (24 -0.161) (32 0.135) (14 -0.106) (17 -0.0702) (22 -0.0613) (16 -0.0605) (25 0.0555) (28 0.0472) (31 0.044) (36 0.0415) (11 -0.0408) (27 0.0402) (13 -0.0253) (19 0.024) (145 0.0228) (15 0.0213) (33 0.0185) (30 -0.0177) (29 0.0137) (47 0.0101) 
   0.0011311   (145 0.981) (144 -0.192) (21 0.0132) (23 0.0104) (18 -0.0104) 
   0.0012349   (46 -0.622) (47 0.442) (45 -0.398) (38 0.258) (16 -0.198) (43 0.166) (14 -0.159) (39 0.147) (50 -0.114) (54 0.112) (41 -0.0903) (49 -0.0892) (59 -0.0821) (37 0.0623) (32 -0.0599) (42 -0.051) (55 0.0495) (57 -0.0477) (48 0.0466) (11 -0.0412) (53 -0.0369) (15 0.0352) (26 0.0318) (13 -0.0302) (76 -0.0285) (51 0.0278) (31 -0.0272) (40 0.0263) (70 -0.0262) (56 -0.0241) (36 -0.0237) (83 -0.0232) (95 -0.0145) (80 -0.0144) (17 0.0134) (33 -0.0127) (21 -0.0124) (52 0.0123) (34 -0.0114) 
   0.0013063   (16 -0.767) (14 -0.502) (18 -0.162) (46 0.148) (13 -0.121) (15 0.117) (45 0.106) (38 -0.101) (20 0.0983) (21 0.0974) (47 -0.0925) (17 0.0903) (26 -0.0708) (32 0.0695) (11 -0.0654) (39 -0.0578) (43 -0.0463) (41 0.0355) (37 -0.0333) (31 0.0237) (40 -0.0227) (50 0.0223) (23 -0.0215) (54 -0.0208) (28 0.0198) (49 0.0191) (27 0.019) (36 0.0145) (59 0.0135) (48 -0.0119) (55 -0.0111) (42 0.0108) (33 0.0107) 
   0.0014224   (146 -1) 
   0.0014487   (54 -0.602) (55 0.507) (32 -0.357) (56 0.339) (53 0.181) (34 -0.137) (57 -0.121) (59 -0.115) (52 0.0973) (31 -0.0803) (26 0.0711) (49 0.0706) (50 0.0683) (18 0.0539) (33 -0.0464) (36 0.0457) (48 0.0434) (14 -0.0428) (37 -0.0412) (42 -0.0406) (21 -0.0362) (20 -0.0331) (47 -0.0318) (43 0.031) (69 -0.0274) (46 -0.0259) (70 -0.0253) (28 -0.024) (76 -0.0239) (30 0.0227) (68 0.0221) (11 -0.0216) (16 -0.0212) (73 0.0205) (45 -0.0201) (51 -0.0192) (27 -0.0177) (38 -0.0166) (139 0.0141) (71 0.0128) (67 -0.0126) (13 -0.0119) (58 -0.0116) (77 0.0107) (96 0.0105) 
   0.0015916   (32 -0.745) (34 -0.305) (54 0.276) (38 -0.213) (55 -0.212) (37 -0.167) (31 -0.163) (56 -0.147) (36 0.134) (39 -0.118) (26 0.11) (33 -0.0979) (53 -0.087) (139 0.0762) (40 -0.0677) (18 0.0654) (21 -0.0602) (41 0.057) (14 -0.0562) (47 0.0518) (20 -0.0489) (45 0.0448) (52 -0.0439) (30 0.0424) (50 -0.0423) (28 -0.0412) (49 -0.0382) (43 -0.0375) (57 0.0342) (59 0.0338) (27 -0.0326) (11 -0.0274) (16 -0.026) (48 -0.0186) (46 0.0166) (51 0.0148) (13 -0.0128) (23 0.0125) (24 0.0116) (15 0.0114) (73 -0.0103) (69 0.0101) 
   0.0016638   (139 0.997) (32 0.0621) (34 0.0252) (38 0.0162) (31 0.0137) (37 0.0132) (54 -0.0124) (36 -0.0109) 
   0.0017997   (15 -0.794) (28 -0.357) (14 -0.335) (27 -0.3) (26 0.103) (29 0.0882) (32 0.0743) (16 0.0653) (13 0.0539) (17 -0.0344) (31 0.0327) (38 -0.0301) (136 0.0287) (18 0.0281) (20 -0.0278) (23 0.0221) (37 -0.0178) (44 -0.0177) (30 -0.0176) (24 0.0148) (11 -0.0137) (39 -0.0135) (33 0.0123) (21 -0.0118) 
   0.0020259   (28 -0.583) (27 -0.491) (15 0.462) (136 0.299) (26 0.185) (29 0.162) (14 0.129) (32 0.112) (18 0.0624) (20 -0.0586) (16 -0.0564) (21 -0.0535) (31 0.0439) (38 -0.0435) (13 -0.0426) (30 -0.0296) (24 0.0294) (23 0.029) (37 -0.0246) (40 -0.0231) (11 -0.0219) (19 0.0211) (39 -0.021) (33 0.0156) (17 -0.0123) (45 0.0119) (36 0.0101) 
   0.0021165   (136 0.954) (28 0.194) (27 0.163) (15 -0.121) (26 -0.0613) (29 -0.0536) (32 -0.0374) (14 -0.0304) (18 -0.0205) (20 0.0193) (21 0.0172) (16 0.0158) (31 -0.0148) (38 0.0145) (13 0.0118) 
   0.0022793   (29 -0.919) (51 -0.21) (28 -0.144) (52 0.118) (48 -0.11) (27 -0.0985) (49 0.0846) (53 -0.0836) (30 0.0807) (31 -0.0782) (72 -0.0702) (45 0.0549) (32 0.0499) (50 -0.0436) (40 -0.0349) (34 0.033) (54 0.0317) (70 0.0314) (39 -0.0313) (56 0.0303) (55 0.028) (24 0.0248) (47 0.024) (46 -0.0232) (71 0.0224) (22 0.0218) (59 0.0213) (74 0.0211) (44 -0.0201) (132 0.02) (35 0.0182) (26 0.0165) (20 -0.0165) (77 0.0162) (37 -0.0158) (83 -0.0151) (18 0.015) (25 0.0149) (66 -0.0131) (60 -0.012) (14 -0.0118) (43 0.0117) (15 0.0113) (81 0.0113) (21 -0.01) 
   0.0023424   (72 -0.739) (70 0.325) (77 0.284) (132 0.236) (71 0.216) (51 0.191) (66 -0.129) (69 0.117) (83 -0.087) (53 0.0865) (52 -0.0844) (67 0.0813) (131 0.0796) (55 -0.0747) (38 0.0689) (74 0.0635) (49 -0.0615) (48 0.061) (54 -0.0576) (50 0.0553) (57 -0.0536) (76 0.0535) (79 0.0508) (59 0.0498) (73 0.0488) (96 -0.0474) (82 0.0411) (89 -0.0406) (81 0.0405) (95 -0.0393) (39 -0.0392) (63 -0.0366) (84 0.0329) (62 -0.0315) (45 -0.0311) (78 0.0298) (75 -0.0295) (91 -0.0207) (128 -0.0201) (58 0.0184) (60 -0.0165) (31 -0.0165) (88 0.0161) (47 -0.0154) (80 0.0153) (92 -0.0153) (85 0.014) (98 -0.014) (101 -0.0139) (117 -0.0133) (29 0.0131) (42 -0.0124) (68 -0.0119) (94 0.0117) (21 -0.0113) (32 -0.0111) (61 0.011) (119 0.0106) (37 0.0101) 
   0.0023678   (51 0.512) (132 0.465) (48 0.291) (52 -0.283) (72 0.27) (29 -0.257) (53 0.215) (49 -0.193) (131 0.134) (70 -0.128) (50 0.104) (55 -0.0971) (56 -0.0906) (71 -0.0891) (54 -0.0865) (40 0.0849) (59 -0.0817) (77 -0.0799) (45 -0.0772) (47 -0.0648) (44 0.057) (28 -0.0527) (83 0.0507) (39 -0.0503) (74 -0.0498) (27 -0.0346) (46 0.0318) (66 0.0278) (73 -0.0254) (81 -0.0254) (69 -0.0223) (41 -0.022) (60 0.0199) (68 0.0197) (30 0.0189) (79 -0.0188) (63 0.0184) (96 0.0177) (89 0.0176) (95 0.0173) (128 -0.0171) (18 0.017) (76 -0.0169) (75 0.0162) (24 0.0148) (57 -0.0139) (33 -0.0124) (43 -0.0123) (61 -0.0122) (87 -0.0121) (116 0.012) (32 0.012) (65 0.0113) (102 0.0108) (19 -0.0106) (13 -0.0106) (62 0.0106) (78 -0.0104) 
   0.0024033   (132 0.812) (51 -0.347) (131 0.209) (52 0.185) (48 -0.183) (29 0.168) (53 -0.148) (49 0.128) (55 0.0777) (50 -0.0756) (54 0.0664) (72 0.0657) (45 0.0526) (40 -0.0495) (56 0.0493) (39 0.0417) (47 0.0414) (77 -0.0384) (28 0.0355) (59 0.0314) (44 -0.0308) (27 0.0243) (57 0.0241) (70 -0.0241) (66 0.0227) (69 -0.0223) (128 -0.0212) (46 -0.019) (67 -0.019) (38 -0.0188) (133 -0.0178) (41 0.0138) (71 -0.0136) (30 -0.0126) (84 -0.0115) 
   0.0025072   (18 0.615) (21 0.49) (19 -0.45) (22 0.225) (13 -0.141) (55 0.137) (56 -0.135) (26 -0.103) (24 -0.102) (25 -0.0966) (23 0.0908) (57 -0.0893) (59 0.0638) (40 -0.0597) (20 -0.0501) (54 0.0489) (31 -0.0479) (32 0.0395) (16 -0.0295) (12 -0.0272) (39 -0.0225) (83 0.0221) (37 -0.0216) (47 0.0205) (33 -0.0202) (43 -0.0197) (17 0.0197) (72 -0.0173) (49 -0.0151) (122 0.0149) (96 0.0144) (42 0.0141) (46 0.014) (28 0.014) (29 0.0136) (27 -0.0131) (14 -0.013) (45 0.0128) (41 0.0128) (95 0.0124) (126 -0.0121) (68 0.012) (50 -0.0109) (44 -0.0109) (53 0.0108) (11 -0.0105) 
   0.0026366   (57 0.795) (59 -0.554) (18 0.0803) (72 -0.0749) (40 0.0731) (96 0.0618) (83 0.0561) (21 0.0536) (19 -0.0528) (49 0.0471) (58 -0.0444) (67 0.0429) (54 -0.0408) (51 -0.0385) (69 0.0382) (68 0.0372) (47 -0.0371) (126 -0.0302) (70 0.0301) (134 -0.0297) (13 -0.0293) (53 -0.0285) (71 0.0274) (77 0.0264) (78 -0.0257) (89 0.0257) (43 0.0254) (22 0.0252) (63 -0.0233) (50 0.0212) (73 0.0207) (46 -0.0199) (52 -0.0193) (39 0.0189) (79 0.0188) (98 0.0186) (91 0.0174) (106 0.0171) (87 -0.0169) (44 0.0159) (80 0.0157) (95 0.0155) (97 -0.0155) (66 -0.0152) (38 -0.0143) (48 0.0142) (94 -0.014) (92 0.0137) (34 -0.0137) (76 -0.0133) (24 -0.011) (122 -0.0107) (64 0.0106) (127 -0.0106) 
     0.00275   (134 -0.817) (55 -0.365) (56 0.353) (133 -0.162) (54 -0.0936) (18 0.0735) (48 -0.0722) (38 0.0718) (40 -0.0662) (19 -0.0471) (57 -0.0455) (21 0.0451) (72 0.0382) (83 -0.0339) (53 -0.0338) (47 -0.0273) (22 0.0238) (44 -0.0226) (31 -0.0222) (46 -0.0202) (68 -0.0199) (43 0.0194) (50 0.0191) (67 -0.0187) (39 0.0178) (45 -0.0174) (24 -0.0171) (76 -0.0169) (95 -0.0155) (96 -0.0144) (41 -0.0141) (69 -0.0138) (70 -0.0136) (23 0.0133) (25 -0.013) (20 -0.0129) (73 -0.0126) (71 -0.0124) (32 -0.0117) (14 -0.011) (89 -0.0106) (52 -0.0104) (80 -0.0103) 
   0.0028161   (55 0.549) (134 -0.542) (56 -0.531) (54 0.143) (18 -0.115) (48 0.107) (38 -0.106) (133 -0.104) (40 0.094) (19 0.0738) (21 -0.0707) (72 -0.0541) (53 0.0525) (83 0.051) (126 -0.0469) (59 0.0461) (47 0.0434) (22 -0.0372) (44 0.0327) (31 0.0326) (46 0.0317) (43 -0.0307) (50 -0.03) (68 0.0281) (39 -0.028) (96 0.0279) (45 0.0264) (95 0.0263) (76 0.0263) (24 0.0262) (67 0.0259) (122 0.0217) (41 0.0213) (57 0.0211) (23 -0.0202) (25 0.0199) (20 0.0198) (70 0.0189) (69 0.0189) (73 0.0182) (32 0.0181) (71 0.0173) (89 0.0172) (98 0.0172) (52 0.0167) (14 0.0167) (49 -0.0159) (80 0.0151) (33 0.0142) (37 -0.0139) (91 0.0138) (124 -0.0132) (13 0.0124) (51 -0.0124) (16 0.0118) 
   0.0034108   (41 0.829) (68 0.341) (38 0.212) (40 0.208) (39 0.156) (83 0.126) (45 0.103) (67 0.0886) (69 -0.0825) (42 0.0812) (57 -0.073) (70 0.0697) (44 0.0661) (59 -0.0485) (85 -0.0448) (47 0.0426) (89 -0.0394) (37 0.0388) (55 -0.0376) (48 0.0342) (130 0.0331) (95 -0.03) (53 -0.0286) (96 -0.0281) (32 -0.0249) (50 -0.0232) (71 -0.0187) (43 0.0168) (73 -0.0168) (52 0.0168) (56 0.0155) (54 0.0149) (22 0.014) (66 0.0131) (31 -0.0127) (92 -0.0125) (29 -0.012) (26 0.0119) (18 0.0109) (21 -0.0108) (14 -0.0106) (124 -0.0104) (91 -0.0103) (99 0.0103) (36 -0.0102) (20 -0.01) 
    0.003659   (83 0.818) (130 0.316) (68 -0.303) (85 -0.171) (89 -0.157) (95 -0.13) (96 -0.12) (69 0.101) (91 -0.0769) (59 0.0653) (80 0.0598) (67 -0.0595) (72 -0.0488) (92 -0.0481) (70 -0.0361) (38 0.0353) (90 0.0344) (97 0.0324) (112 -0.0318) (98 -0.0305) (113 0.0291) (106 0.029) (76 0.0282) (73 0.0276) (88 0.0259) (81 -0.0247) (101 -0.0231) (56 0.0208) (87 0.0202) (110 -0.0199) (102 -0.0199) (40 -0.0198) (103 0.0192) (54 -0.0191) (124 -0.0187) (105 0.0187) (41 -0.0186) (45 -0.0186) (71 0.0173) (86 0.0171) (57 0.0153) (116 -0.0143) (111 0.0135) (66 -0.0134) (79 0.013) (94 0.0127) (100 0.0127) (39 0.0124) (120 -0.0123) (55 -0.0122) (107 0.0121) (117 0.012) (32 -0.0118) (114 -0.0117) (84 0.0112) (51 -0.0112) (82 -0.0112) (99 0.0111) (37 0.011) (42 -0.0109) (77 0.0104) 
   0.0037257   (68 -0.575) (130 0.549) (83 -0.384) (41 0.271) (67 -0.171) (70 -0.141) (40 0.125) (69 0.114) (89 0.107) (85 0.0983) (48 0.0906) (96 0.0822) (95 0.0704) (38 0.06) (39 0.0591) (44 0.0569) (57 0.0548) (71 0.0425) (59 0.0367) (92 0.0332) (73 0.0322) (91 0.0311) (106 -0.0304) (66 -0.023) (42 0.0229) (74 0.0227) (87 -0.0207) (18 0.0199) (37 0.0175) (131 -0.0175) (101 0.0171) (51 -0.0157) (47 -0.0154) (79 -0.0147) (45 0.0146) (32 -0.0144) (110 0.0137) (97 -0.0133) (94 -0.0129) (127 -0.0125) (52 0.0123) (13 -0.012) (55 0.012) (105 -0.0104) (75 -0.0101) 
   0.0039099   (130 0.772) (68 0.519) (41 -0.221) (67 0.142) (69 -0.12) (70 0.112) (40 -0.0894) (83 -0.071) (38 -0.0674) (48 -0.0635) (39 -0.0543) (59 -0.0517) (57 -0.042) (44 -0.0414) (71 -0.0364) (73 -0.0336) (131 -0.0252) (80 -0.0227) (66 0.0213) (72 0.021) (37 -0.0189) (74 -0.0182) (32 0.0165) (18 -0.0156) (51 0.0155) (42 -0.0151) (52 -0.0131) (76 -0.0129) (96 -0.0127) (89 -0.0124) (47 0.0123) (88 -0.0122) (106 0.0116) 
   0.0039234   (98 -0.376) (99 -0.353) (112 0.304) (100 0.293) (108 0.282) (106 0.276) (107 -0.262) (102 -0.23) (124 -0.21) (103 -0.19) (125 0.18) (101 -0.158) (113 0.142) (95 0.131) (123 0.117) (115 -0.114) (110 0.11) (111 -0.0969) (149 0.0944) (121 0.0741) (92 -0.07) (89 0.0605) (104 0.0532) (76 -0.0524) (105 0.0502) (48 0.0497) (97 0.0488) (142 0.0469) (126 0.042) (109 0.0409) (96 0.0391) (116 -0.0324) (118 -0.0318) (90 -0.0278) (80 0.0265) (67 0.0258) (87 0.0237) (69 0.0227) (91 0.0226) (78 0.0217) (119 0.0203) (81 -0.0203) (83 0.0201) (51 -0.0198) (114 0.0194) (141 -0.0189) (122 -0.018) (73 0.0178) (82 -0.0172) (120 -0.0168) (52 0.0161) (117 0.015) (68 0.0142) (74 -0.0137) (75 0.0123) (77 0.0117) (86 0.0104) (44 0.0104) (88 0.0101) 
   0.0040489   (142 0.88) (149 -0.407) (141 -0.242) (124 -0.0174) (125 0.0143) (98 0.012) (99 0.01) 
   0.0040979   (48 0.808) (51 -0.266) (52 0.214) (44 0.191) (49 0.146) (53 -0.129) (55 -0.128) (67 0.115) (47 -0.109) (40 0.107) (76 -0.0989) (41 -0.0988) (50 -0.0982) (38 -0.0939) (56 0.0857) (68 0.0845) (69 0.0819) (57 -0.081) (125 -0.055) (124 0.0494) (73 0.0448) (106 -0.0424) (83 0.0422) (108 -0.0412) (72 -0.0401) (80 0.0387) (54 0.0341) (22 -0.0335) (121 -0.0311) (123 -0.0308) (74 -0.0306) (89 0.0299) (46 -0.0296) (45 -0.0294) (78 0.0278) (75 0.0277) (39 -0.027) (112 -0.0264) (19 -0.0258) (77 0.0257) (100 -0.0241) (81 -0.0234) (65 -0.0234) (13 -0.0233) (18 0.0221) (102 0.0216) (126 -0.0216) (31 0.0188) (21 0.0179) (111 0.0172) (95 0.0172) (149 -0.0167) (43 0.0167) (66 0.0166) (85 0.0164) (42 -0.016) (122 0.0156) (103 0.0151) (82 -0.0142) (105 -0.0132) (20 0.0114) (71 -0.0112) (60 -0.0104) 
   0.0041638   (69 0.42) (81 -0.362) (67 0.36) (44 0.306) (82 -0.28) (79 0.272) (74 -0.215) (91 -0.209) (48 -0.208) (77 -0.158) (70 -0.146) (75 0.133) (71 -0.122) (78 0.107) (111 0.0963) (72 -0.0874) (40 0.0861) (101 -0.0816) (92 -0.0794) (85 0.0765) (107 0.0651) (65 -0.0648) (105 -0.0611) (98 0.0573) (66 0.0532) (43 0.0513) (73 0.0502) (83 -0.0489) (80 0.0482) (87 0.0472) (84 0.0452) (47 0.0349) (38 -0.034) (57 -0.0329) (54 -0.0313) (156 -0.0313) (86 0.0309) (99 0.029) (89 0.0278) (49 -0.0271) (45 0.0268) (96 0.0262) (50 0.0244) (125 0.0243) (64 -0.023) (121 0.0223) (41 -0.0221) (116 -0.0197) (112 0.0192) (51 0.0189) (60 -0.0177) (61 -0.0176) (59 0.0172) (113 -0.0163) (123 0.0161) (68 0.0158) (46 -0.0153) (56 0.0144) (76 -0.0129) (108 -0.012) (52 -0.0113) (53 0.0109) (149 0.0102) 
   0.0043226   (156 -0.999) (44 -0.034) (48 0.013) (149 0.0105) (40 -0.0105) 
   0.0045841   (44 0.819) (40 0.259) (48 -0.208) (69 -0.194) (38 -0.168) (67 -0.166) (81 0.134) (41 -0.101) (79 -0.101) (43 0.1) (82 0.0909) (74 0.0875) (70 0.0849) (77 0.066) (71 0.0607) (111 -0.0587) (85 -0.0546) (47 0.0519) (80 -0.0499) (75 -0.0498) (56 0.0463) (83 0.0458) (107 -0.0455) (46 -0.0442) (105 0.0396) (101 0.0383) (45 0.0372) (49 -0.0358) (96 0.0345) (95 0.0345) (65 0.0337) (31 0.0318) (39 -0.0297) (156 -0.0295) (66 -0.0293) (13 -0.0264) (55 -0.0262) (91 0.026) (57 -0.0256) (19 -0.0235) (21 0.0232) (18 0.021) (125 -0.0197) (92 0.0182) (15 -0.0163) (59 0.0161) (99 -0.0158) (94 -0.0152) (104 -0.015) (32 0.015) (121 -0.0148) (84 -0.0143) (42 0.0141) (90 0.0135) (37 -0.0135) (103 -0.013) (87 -0.0129) (33 0.0125) (64 0.0123) (123 -0.0118) (89 -0.0117) (73 -0.0116) (124 0.0114) (116 0.0114) (68 0.0112) (22 -0.0111) (72 0.0103) 
   0.0048019   (20 -0.696) (21 0.466) (19 0.404) (135 0.339) (22 -0.0939) (18 -0.0899) (8 0.0481) (26 -0.0241) (23 -0.0213) (13 0.0184) (28 0.0182) 
   0.0048921   (135 0.941) (20 0.25) (21 -0.168) (19 -0.145) (22 0.0338) (18 0.0324) (8 -0.0144) 
   0.0050041   (8 -0.999) (20 -0.0375) (21 0.0235) (19 0.0226) 
   0.0053153   (4 1) 
    0.005406   (23 0.795) (25 0.366) (21 -0.27) (24 0.2) (20 -0.182) (18 0.169) (26 -0.147) (27 0.102) (14 -0.0896) (32 0.0642) (19 0.0605) (11 -0.0458) (22 0.0418) (38 -0.0393) (143 0.0308) (31 0.0273) (33 0.0265) (15 0.0252) (39 -0.0221) (16 -0.0208) (37 -0.0191) (45 0.0185) (17 -0.0152) (13 -0.0142) (76 0.0128) (28 0.0119) (40 -0.0103) 
   0.0057389   (143 0.999) (23 -0.0245) (144 0.0166) (25 -0.0113) 
   0.0058846   (10 -0.939) (27 -0.242) (28 0.232) (26 0.0597) (23 0.0189) (32 0.0155) (31 0.0151) (21 -0.015) (30 -0.0117) (29 -0.0115) (38 -0.0105) 
   0.0060376   (137 -0.961) (27 -0.182) (28 0.173) (10 0.0978) (26 0.0444) (23 0.0157) (21 -0.0122) (18 0.0104) (32 0.0102) 
   0.0063071   (27 0.638) (28 -0.609) (10 -0.329) (137 -0.275) (26 -0.156) (23 -0.0551) (21 0.0427) (18 -0.0363) (32 -0.036) (30 0.0349) (31 -0.0341) (29 0.0264) (14 0.0246) (20 0.0222) (38 0.0222) (24 -0.0209) (34 0.0151) (11 0.0148) (33 -0.0101) 
   0.0064375   (13 0.897) (40 -0.271) (44 0.166) (38 0.151) (14 -0.138) (15 0.114) (18 0.0854) (19 -0.0644) (12 0.0593) (48 0.0584) (39 -0.0546) (21 0.0469) (16 -0.0438) (56 -0.0392) (55 0.0385) (42 0.0375) (57 0.0368) (45 0.0326) (83 -0.0253) (96 -0.0238) (46 0.023) (41 0.0218) (59 -0.0214) (31 -0.0203) (89 -0.0186) (72 0.0178) (95 -0.0145) (80 -0.0145) (22 -0.0141) (73 -0.0126) (60 -0.0123) (65 0.0122) (47 -0.0116) (26 -0.0112) (70 -0.011) 
   0.0067694   (140 0.997) (40 -0.0558) (13 -0.0336) (38 0.0304) (44 0.0267) 
   0.0080108   (40 0.712) (38 -0.388) (13 0.353) (44 -0.344) (48 -0.102) (39 0.0939) (42 -0.0893) (140 0.0802) (18 0.0779) (31 0.0761) (45 -0.074) (56 0.0709) (19 -0.0688) (55 -0.0678) (21 0.0651) (41 -0.0633) (57 -0.0592) (46 -0.0519) (15 0.0507) (14 -0.0444) (59 0.0393) (83 0.0384) (96 0.0348) (72 -0.0313) (60 0.0287) (65 -0.0263) (33 0.024) (37 -0.0227) (78 -0.022) (43 0.0217) (95 0.0209) (16 -0.0208) (89 0.0199) (73 0.0198) (47 0.0168) (71 -0.0164) (79 -0.0152) (75 0.0149) (68 0.0145) (98 0.0141) (12 0.0137) (70 0.0136) (81 -0.0129) (52 0.0126) (50 0.0124) (80 0.0122) (84 0.0121) (29 -0.0116) (20 0.0115) (24 0.0113) (62 -0.011) (27 0.0106) 
   0.0083978   (12 0.951) (31 -0.231) (33 -0.167) (32 0.0755) (13 -0.0579) (38 -0.0317) (39 0.0257) (40 0.0241) (29 0.024) (63 0.0233) (138 0.0197) (26 -0.0158) (27 -0.0126) (23 0.0108) (22 -0.0105) 
   0.0090588   (138 0.97) (31 -0.176) (33 -0.12) (12 -0.0908) (32 0.0544) (39 0.0234) (38 -0.0203) (26 -0.0156) (29 0.0155) (18 -0.0114) (13 0.01) 

 Largest eigenvalues
      21.446   (163 0.976) 
       14.13   (76 0.761) (95 -0.345) 
      7.7048   (76 -0.398) (95 -0.677) (96 0.421) 
        3.23   (95 0.427) (96 0.669) 
      1.2286   (124 0.446) (125 -0.571) 
      1.2201   (142 -0.371) (149 -0.898) 
      1.1882   (164 0.996) 
      1.1813   (165 0.995) 
      1.1491   (91 -0.293) (92 0.788) (102 0.37) 
      1.1141   (92 0.334) (102 -0.42) (109 -0.767) 
      1.1091   (102 -0.608) (109 0.491) (114 0.316) (116 0.331) 
     0.99093   (102 -0.362) (114 -0.348) (116 -0.553) (117 -0.39) 
     0.97387   (99 0.611) (100 0.654) 
     0.94411   (103 -0.286) (105 0.551) (107 0.503) 
     0.92792   (113 0.488) (114 0.533) 
     0.74388   (114 -0.482) (117 0.548) (120 -0.298) 
     0.67973   (108 0.42) (110 0.627) (112 -0.393) 
      0.6637   (107 -0.326) (108 -0.488) (112 -0.505) 
     0.66125   (115 0.555) (123 0.415) (125 -0.438) 
     0.60399   (115 -0.736) (123 0.305) 
     0.58742   (108 0.577) (110 -0.483) (112 -0.351) (113 -0.294) 
     0.58691   (106 0.743) (108 -0.335) 
     0.58516   (122 0.389) (126 0.371) (127 -0.328) (128 0.587) 
     0.55118   (126 -0.813) (128 0.398) 
     0.54241   (120 -0.302) (122 -0.733) (126 0.372) 
     0.53805   (117 0.33) (118 -0.532) (120 0.637) 
     0.53382   (121 -0.526) (123 0.526) (127 0.481) 
      0.4288   (118 -0.371) (120 -0.392) (121 0.482) (127 0.296) (133 0.311) 
     0.42295   (118 0.639) (133 0.332) 
     0.39918   (90 0.942) 
       0.398   (121 -0.385) (124 -0.376) (127 -0.464) (133 0.443) 
       0.321   (96 0.209) (97 0.917) 
     0.31826   (104 -0.625) (105 -0.314) (107 0.444) 
     0.26198   (103 0.813) (105 0.23) 
     0.25246   (101 -0.508) (113 0.315) (124 0.345) 
     0.23833   (80 -0.274) (85 0.671) (101 0.248) (103 -0.215) (124 0.243) 
     0.23029   (78 -0.286) (80 0.423) (85 -0.3) (101 0.558) 
     0.21685   (78 0.363) (80 -0.563) (85 -0.51) 
     0.16635   (101 -0.301) (111 0.637) 
     0.14482   (89 0.576) (91 0.435) (96 -0.321) 
     0.13475   (89 -0.447) (94 -0.509) (104 -0.314) (105 0.303) 
     0.12628   (87 -0.331) (91 -0.597) 
     0.12028   (87 0.598) (88 0.5) (89 0.311) (94 0.367) 
      0.1121   (86 -0.634) (89 -0.302) (91 0.36) (94 0.362) 
     0.10984   (67 0.34) (69 0.341) (81 0.318) (82 0.534) 
     0.10055   (65 0.205) (67 -0.352) (74 -0.24) (77 -0.229) (79 0.278) (81 -0.221) (84 -0.23) (86 0.297) (94 0.266) (111 -0.203) 
    0.096023   (60 -0.278) (61 -0.267) (65 -0.395) (74 0.272) (86 0.254) 
    0.094487   (58 -0.573) (60 0.335) (61 0.307) 
    0.091751   (58 0.634) (65 0.367) 
    0.089336   (58 -0.368) (60 -0.268) (61 -0.253) (74 -0.27) (94 -0.296) (104 0.244) (105 -0.242) (119 0.223) 
    0.087015   (58 0.262) (60 0.429) (61 0.382) (65 -0.292) (69 -0.246) 
    0.082033   (60 -0.329) (64 0.437) (65 0.405) (82 0.268) 
    0.078162   (64 -0.702) (65 0.254) (69 0.223) (74 0.207) (82 0.21) 
    0.073349   (60 0.346) (61 -0.347) (62 -0.314) (64 0.307) (65 -0.38) (67 -0.306) 
    0.067899   (60 -0.461) (61 0.54) 
    0.066132   (60 0.204) (61 -0.246) (65 0.189) (67 0.191) (69 -0.223) (74 -0.222) (79 -0.232) (98 0.193) (111 0.223) (116 0.326) (117 -0.263) (119 0.198) 
    0.063655   (66 -0.298) (71 0.304) (77 -0.36) 
    0.058273   (62 0.536) (66 0.355) 
    0.056054   (62 -0.55) (71 -0.355) (84 0.29) 
    0.055169   (62 0.341) (66 -0.61) (74 -0.294) 
    0.053105   (63 0.331) (66 0.291) (71 0.398) (81 -0.308) (98 -0.243) 
    0.052713   (62 0.205) (63 -0.584) (74 0.285) (77 -0.264) (81 -0.207) (98 -0.242) 
    0.049936   (63 0.601) (66 -0.312) (71 -0.311) 
     0.04609   (74 -0.26) (81 0.302) (82 -0.277) (84 -0.401) (119 -0.312) 
    0.041159   (31 -0.524) (33 0.727) (39 -0.331) 
     0.04087   (33 -0.389) (38 0.313) (39 -0.751) 
    0.039539   (75 0.416) (84 0.265) (119 -0.443) 
    0.038826   (50 -0.434) (51 -0.303) (52 -0.347) (75 -0.331) (119 -0.283) 
    0.034484   (50 0.394) (52 0.298) (75 -0.517) 
    0.033595   (30 -0.78) (36 0.49) 
    0.030434   (30 0.567) (35 -0.363) (36 0.539) 
    0.030097   (35 0.473) (36 -0.31) (87 0.296) (88 -0.389) 
    0.029446   (35 -0.754) (36 -0.418) 
    0.026806   (35 0.249) (36 0.328) (43 -0.255) (45 -0.379) (54 -0.283) (56 -0.298) (75 0.245) (88 -0.23) 
    0.026031   (131 -0.865) (132 0.226) 
    0.024416   (129 -0.578) (159 0.806) 
    0.021819   (129 -0.577) (159 -0.293) (162 -0.762) 
    0.020838   (129 -0.577) (159 -0.514) (162 0.634) 
    0.020109   (22 -0.956) 
    0.017949   (141 -0.956) (142 -0.281) 
