 1 49690.2
 2 618.173
 3 27.9216
 4 175496
 5 503.962
 6 332.142
 7 471770
 8 39.2154
 9 12918.4
 10 2499.03
 11 3.97398
 12 1645.05
 13 302647
 14 4133.53
 15 0.845234
 16 315290
 17 3658.16
 18 8.94885
 19 120258
 20 2062.07
 21 391.563
 22 164341
 23 3233.53
 24 150.097
 25 264.952
 26 322.848
 27 22.459
 28 2880.06
 29 246.752
 30 311.964
 31 516.955
 32 71.4365
 33 1020.1
 34 222.169
 35 157.943
 36 417.787
 37 1530.01
 38 2956.08
 39 7.95845
 40 980.088
 41 4311.85
 42 2.12335
 43 676.093
 44 1466.42
 45 29.2928
 46 13051.8
 47 951.217
 48 1860.06
 49 1841.9
 50 191.247
 51 323.743
 52 204.911
 53 2905.53
 54 307.899
 55 213.969
 56 315.364
 57 925.912
 58 88.5967
 59 135.791
 60 199.277
 61 22.4698
 62 1.81518
 63 471.558
 64 323.198
 65 1.67196
 66 494.093
 67 3123.72
 68 253.617
 69 160641
 70 170108
 71 2192.01
 72 237.776
 73 17578.8
 74 24.5139
 75 14075.4
 76 8359.66
 77 5.65631
 78 1862.53
 79 8793.74
 80 56.0789
 81 2695.55
 82 1567.43
 83 244.086
 84 3.02612
 85 137.475
 86 3.10361
 87 4774.72
 88 1.7099
 89 1.6378
 90 1.90362
 91 10.1826
 92 496.175
 93 1647.4
 94 1471.39
 95 2515.35
 96 2387.12
 97 322.312
 98 336.159
 99 127.965
 100 1070.05
 101 1539.82
 102 130.612
 103 153.94
 104 136.46
 105 135.18
 106 161.709
 107 166.774
 108 171.96
 109 128.651
 110 100.208
 111 183.821
 112 205.184
 113 191.248
 114 174.928
 115 184.081
 116 149.01
 117 173.855
 118 195.221
 119 155.175
 120 88.0633
 121 124.055
 122 48.943
 123 66.8935
 124 38.0813
 125 29.792
 126 52.4253
 127 27.3018
 128 91.2424
 129 66.4468
 130 62.0423
 131 20.3324
 132 21.0901
 133 22.7125
 134 36.4104
 135 8.72978
 136 46.8785
 137 9.85271
 138 9.19187
 139 9.23124
 140 10.8137
 141 11.2612
 142 8.90514
 143 9.41267
 144 15.2297
 145 15.2708
 146 12.679
 147 10.3432
 148 29.5947
 149 16.4097
 150 12.0491
 151 13.9113
 152 23.916
 153 21.4561
 154 13.5619
 155 20.1281
 156 24.3242
 157 46.7964
 158 0.175357
 159 0.105111
 160 0.503361
 161 25.802
 162 26.3509
 163 1056.66
 164 1339.7
 165 7.03965
