 1 31.6228
 2 21.5151
 3 1.93028
 4 31.6228
 5 16.0625
 6 10.9856
 7 31.6195
 8 1.03081
 9 31.4156
 10 29.7888
 11 0.982991
 12 27.7711
 13 31.6228
 14 31.5849
 15 0.904166
 16 31.6228
 17 31.537
 18 1.00342
 19 31.6228
 20 26.699
 21 5.98615
 22 31.6228
 23 30.2381
 24 2.39129
 25 15.2503
 26 14.8934
 27 1.96953
 28 31.3562
 29 9.78732
 30 12.1451
 31 21.7446
 32 2.87793
 33 27.4443
 34 14.4547
 35 6.9489
 36 16.4374
 37 31.4166
 38 31.5531
 39 1.38751
 40 24.4712
 41 31.1032
 42 1.29497
 43 21.7604
 44 28.8358
 45 1.90845
 46 31.583
 47 10.7268
 48 22.6083
 49 30.5725
 50 13.1599
 51 13.8275
 52 9.27862
 53 30.6972
 54 16.3292
 55 9.01789
 56 12.0951
 57 29.1808
 58 8.69542
 59 8.48737
 60 11.0626
 61 4.41059
 62 1.3361
 63 20.8189
 64 16.5177
 65 0.968293
 66 21.0445
 67 29.4182
 68 3.73974
 69 31.6175
 70 31.6228
 71 28.6539
 72 4.47257
 73 31.6143
 74 1.36081
 75 31.5655
 76 31.3455
 77 1.37264
 78 29.5711
 79 31.6017
 80 1.90914
 81 31.0585
 82 31.4141
 83 14.5469
 84 1.41303
 85 10.1319
 86 1.44229
 87 31.3679
 88 1.09506
 89 1.04071
 90 1.24231
 91 2.45942
 92 18.0334
 93 26.8845
 94 25.2262
 95 29.8299
 96 30.493
 97 16.032
 98 16.2139
 99 8.88008
 100 28.8475
 101 30.6591
 102 10.2202
 103 11.5666
 104 10.8384
 105 10.9309
 106 12.2659
 107 12.3809
 108 12.5177
 109 10.3837
 110 8.40229
 111 12.8233
 112 13.9582
 113 13.3994
 114 12.6419
 115 12.7614
 116 11.0039
 117 12.2902
 118 13.274
 119 11.6571
 120 8.52757
 121 10.7139
 122 6.70945
 123 7.73191
 124 5.5288
 125 5.09822
 126 6.89279
 127 4.48014
 128 8.83914
 129 7.22481
 130 7.23156
 131 4.06794
 132 4.43881
 133 4.57723
 134 5.84284
 135 2.62616
 136 6.73793
 137 2.84094
 138 2.7864
 139 2.79371
 140 3.03847
 141 2.97787
 142 2.64279
 143 2.75931
 144 3.68101
 145 3.73371
 146 3.33799
 147 2.86556
 148 5.1696
 149 3.80095
 150 3.22076
 151 3.46639
 152 4.72219
 153 4.41801
 154 3.49612
 155 4.36331
 156 4.81305
 157 6.75108
 158 0.136871
 159 0.241924
 160 0.271461
 161 3.74222
 162 4.38477
 163 17.3917
 164 25.3584
 165 0.54801
