 1 1000
 2 490.192
 3 22.3093
 4 1000
 5 406.971
 6 268.275
 7 999.848
 8 3.80033
 9 991.561
 10 896.341
 11 2.31864
 12 784.152
 13 1000
 14 998.034
 15 0.823805
 16 1000
 17 996.916
 18 3.07296
 19 1000
 20 837.337
 21 159.621
 22 1000
 23 954.21
 24 45.0214
 25 244.568
 26 252.874
 27 17.698
 28 986.405
 29 194.655
 30 247.479
 31 495.576
 32 57.8678
 33 822.149
 34 215.401
 35 138.542
 36 364.366
 37 988.38
 38 997.494
 39 3.74811
 40 613.262
 41 971.367
 42 1.77341
 43 498.504
 44 864.624
 45 17.6546
 46 998.522
 47 302.728
 48 698.657
 49 947.529
 50 187.601
 51 271.814
 52 172.334
 53 953.826
 54 273.643
 55 160.074
 56 230.379
 57 887.117
 58 87.6534
 59 131.426
 60 191.473
 61 22.3264
 62 1.81395
 63 447.92
 64 318.88
 65 1.66379
 66 486.777
 67 926.798
 68 75.2728
 69 999.816
 70 1000
 71 900.74
 72 98.9399
 73 999.618
 74 3.17231
 75 997.936
 76 983.819
 77 3.34089
 78 880.29
 79 999.093
 80 18.2454
 81 980.273
 82 990.024
 83 227.46
 84 2.91252
 85 108.001
 86 2.75304
 87 988.989
 88 1.70967
 89 1.63778
 90 1.90332
 91 9.17922
 92 430.992
 93 809.607
 94 729.388
 95 924.081
 96 952.199
 97 305.039
 98 320.318
 99 126.227
 100 873.038
 101 957.14
 102 126.422
 103 150.747
 104 135.137
 105 134.25
 106 161.038
 107 166.059
 108 171.062
 109 127.54
 110 98.2568
 111 182.702
 112 204.207
 113 190.508
 114 174.417
 115 183.544
 116 148.06
 117 173.265
 118 194.75
 119 154.15
 120 86.1404
 121 123.404
 122 48.0945
 123 62.6254
 124 37.2212
 125 28.9683
 126 51.8972
 127 25.7277
 128 88.6598
 129 65.259
 130 61.1696
 131 19.9728
 132 20.7972
 133 22.3352
 134 35.3813
 135 8.44297
 136 46.4833
 137 9.5016
 138 8.85602
 139 8.88845
 140 10.2819
 141 10.549
 142 8.42681
 143 8.98031
 144 14.8049
 145 14.9393
 146 12.3217
 147 9.8587
 148 28.8237
 149 15.9153
 150 11.7301
 151 13.5491
 152 23.4237
 153 20.6722
 154 13.1568
 155 19.8106
 156 24.0664
 157 46.5079
 158 0.140525
 159 0.100803
 160 0.390395
 161 21.844
 162 24.3217
 163 384.746
 164 706.37
 165 6.49892
