 Smallest eigenvalues
  2.0722e-06   (9 -1) 
  3.1717e-06   (51 0.58) (48 -0.57) (49 -0.276) (154 -0.204) (52 -0.191) (55 -0.152) (44 -0.147) (47 -0.134) (14 -0.125) (42 -0.115) (77 -0.105) (37 -0.1) (53 0.0991) (54 0.0841) (78 0.0803) (38 0.08) (50 0.0784) (46 0.0611) (27 -0.061) (56 0.0591) (40 0.0545) (43 0.0534) (39 -0.0414) (70 0.0381) (68 0.0361) (60 -0.0336) (26 0.0296) (67 -0.0289) (61 0.0281) (63 -0.0271) (35 -0.0267) (33 0.0258) (17 -0.025) (36 0.0241) (41 0.0238) (65 -0.0235) (64 0.023) (45 0.0228) (76 0.022) (32 -0.0185) (72 0.0171) (30 -0.0169) (22 -0.0163) (28 0.0155) (66 0.0149) (75 0.0141) (84 0.0137) (88 0.0134) (69 -0.0134) (25 0.0132) (73 -0.013) (80 0.0127) (16 -0.0125) (23 -0.0124) (11 0.012) (57 0.012) (20 0.0112) (71 -0.0109) 
  3.3042e-06   (154 -0.979) (51 -0.121) (48 0.119) (49 0.0575) (52 0.0396) (55 0.0317) (44 0.0306) (47 0.028) (14 0.0261) (42 0.0241) (77 0.0216) (37 0.0209) (53 -0.0206) (54 -0.0175) (38 -0.0167) (78 -0.0165) (50 -0.0163) (27 0.0128) (46 -0.0128) (56 -0.0123) (40 -0.0114) (43 -0.0111) 
  5.6981e-06   (4 -1) 
  5.8786e-06   (148 0.63) (47 0.548) (44 -0.348) (46 0.253) (45 -0.179) (37 -0.126) (42 -0.109) (14 -0.104) (48 0.0892) (38 0.0865) (77 -0.0691) (39 -0.0673) (27 -0.0652) (40 0.061) (51 -0.0472) (43 0.0378) (78 0.0351) (49 -0.0336) (53 -0.0305) (35 -0.0277) (52 -0.0265) (56 0.0258) (28 0.0257) (70 0.0231) (17 -0.021) (41 -0.0202) (36 0.0199) (60 -0.0198) (33 0.019) (16 -0.017) (54 0.0153) (26 0.0149) (25 0.0148) (23 -0.0136) (20 0.0116) (73 -0.0116) (65 -0.0107) (11 0.0103) (32 -0.0101) 
  6.0849e-06   (148 0.777) (47 -0.444) (44 0.282) (46 -0.205) (45 0.145) (37 0.102) (42 0.0888) (14 0.0841) (48 -0.0724) (38 -0.0702) (77 0.056) (39 0.0546) (27 0.0529) (40 -0.0495) (51 0.0382) (43 -0.0307) (78 -0.0284) (49 0.0273) (53 0.0247) (35 0.0224) (52 0.0214) (56 -0.021) (28 -0.0209) (70 -0.0187) (17 0.017) (41 0.0164) (36 -0.0161) (60 0.0161) (33 -0.0154) (16 0.0138) (54 -0.0124) (26 -0.0121) (25 -0.012) (23 0.011) 
  6.2226e-06   (1 0.989) (31 0.0731) (29 0.0618) (32 -0.0591) (27 -0.0529) (37 0.0507) (28 0.0427) (35 0.0268) (14 -0.0191) (38 -0.0187) (26 0.0124) (30 0.0123) (33 -0.0114) 
  8.3154e-06   (155 -0.999) (31 0.0256) (29 0.0215) (32 -0.0205) (27 -0.0195) (37 0.017) (28 0.0149) (14 -0.012) 
  2.0125e-05   (31 -0.472) (29 -0.396) (32 0.378) (27 0.36) (37 -0.314) (28 -0.275) (14 0.22) (35 -0.17) (1 0.149) (38 0.111) (26 -0.0834) (30 -0.081) (33 0.0803) (16 0.064) (25 -0.0627) (20 -0.0591) (23 0.0585) (155 -0.0541) (42 -0.0523) (39 -0.0501) (77 0.0491) (17 0.0447) (22 0.0439) (21 -0.0424) (36 0.0417) (44 -0.035) (11 -0.0254) (19 0.0249) (40 0.0246) (78 -0.0246) (15 0.0219) (34 -0.0208) (24 -0.0204) (48 -0.0201) (51 0.0172) (49 0.0165) (70 -0.0164) (56 -0.0155) (60 0.0154) (53 0.0142) (54 -0.013) (43 -0.0121) (75 0.0116) (57 0.0116) (73 0.0108) 
  3.6759e-05   (18 -0.693) (46 -0.404) (45 0.287) (20 -0.275) (23 -0.265) (21 -0.15) (44 -0.139) (42 -0.13) (19 0.0942) (47 0.0907) (43 0.0907) (24 0.0773) (37 -0.0644) (22 -0.0639) (48 0.0566) (27 -0.0527) (38 0.0526) (29 0.0453) (36 0.041) (77 -0.0408) (30 -0.0377) (17 -0.0372) (78 0.0343) (16 -0.0339) (15 -0.0304) (40 0.029) (25 -0.0287) (26 0.0282) (35 -0.025) (53 -0.0242) (34 -0.0223) (14 -0.0206) (72 0.0198) (68 0.0195) (50 0.0194) (39 -0.019) (51 -0.0187) (74 -0.0186) (32 -0.018) (70 0.0152) (62 0.015) (61 0.0149) (79 0.0147) (33 0.014) (56 0.0124) (66 -0.0123) (73 0.0122) (60 -0.0119) 
  7.0451e-05   (158 -0.999) (46 -0.0249) (18 0.021) (45 0.0172) 
  0.00010388   (46 0.588) (18 -0.478) (45 -0.407) (20 -0.21) (44 0.188) (42 0.167) (23 -0.133) (37 0.133) (21 -0.121) (48 -0.116) (14 0.115) (47 -0.11) (38 -0.0873) (39 0.081) (77 0.0795) (43 -0.0778) (19 0.0728) (40 -0.065) (27 0.0631) (41 -0.0482) (24 0.046) (158 -0.0428) (78 -0.0401) (22 -0.04) (25 -0.0396) (28 -0.0341) (56 -0.033) (51 0.0315) (34 -0.0296) (30 -0.0279) (68 -0.027) (70 -0.0258) (35 0.0255) (49 0.0255) (67 0.0248) (53 0.0239) (54 -0.0237) (72 -0.0205) (74 0.0177) (50 -0.0173) (65 0.016) (60 0.0159) (61 -0.014) (15 -0.0138) (80 -0.0136) (11 -0.0127) (81 0.0125) (62 -0.0124) (57 0.0117) (36 -0.0101) 
  0.00010753   (3 -1) 
   0.0001322   (20 -0.549) (14 -0.445) (22 0.369) (17 -0.338) (27 0.254) (21 0.242) (19 0.23) (23 0.124) (18 0.116) (26 -0.0912) (25 -0.0815) (33 -0.0727) (37 0.0601) (38 -0.0592) (24 0.0497) (30 0.0489) (44 0.045) (28 -0.0445) (47 0.03) (11 0.0292) (36 -0.029) (32 0.029) (40 -0.0262) (35 0.0261) (12 0.0234) (29 0.023) (43 -0.0207) (46 -0.0194) (31 0.0182) (77 -0.018) (39 0.0169) (42 0.0166) (15 0.0149) (13 -0.0131) (57 0.0108) (52 -0.0105) 
  0.00020495   (159 1) 
  0.00022012   (2 1) 
  0.00024567   (21 -0.622) (20 0.433) (14 -0.32) (22 0.318) (27 0.273) (17 -0.245) (19 -0.191) (18 -0.111) (25 -0.105) (16 -0.069) (37 0.0646) (26 -0.0546) (24 -0.0509) (157 0.0469) (38 -0.0387) (23 0.034) (29 0.0319) (35 0.0297) (32 0.0291) (33 -0.0285) (44 0.0262) (36 -0.0242) (11 0.0221) (28 -0.0214) (30 0.0205) (39 0.0194) (40 -0.0188) (77 -0.0173) (12 0.017) (15 -0.0137) (47 0.0126) (46 -0.0112) (13 -0.0107) 
  0.00029173   (157 0.999) (21 0.0292) (20 -0.0203) (14 0.0151) (22 -0.0149) (27 -0.0128) (17 0.0115) 
  0.00030065   (8 -1) 
  0.00030191   (28 -0.767) (150 -0.399) (27 -0.313) (26 0.234) (14 -0.16) (37 0.149) (31 -0.0797) (32 0.0764) (29 0.0714) (35 0.0647) (17 -0.0602) (38 -0.0536) (48 0.0517) (20 0.0511) (16 -0.0478) (22 -0.044) (25 0.0432) (23 0.0405) (39 0.039) (51 0.0364) (21 0.0353) (42 0.0324) (18 -0.025) (19 -0.0246) (15 -0.0228) (49 0.0226) (24 -0.0226) (34 0.0196) (75 0.0192) (77 -0.0169) (36 -0.0169) (40 -0.0156) (11 0.0147) (78 0.0143) (47 0.0111) (68 0.0101) 
  0.00031417   (150 -0.917) (28 0.334) (27 0.136) (26 -0.102) (14 0.0698) (37 -0.0647) (31 0.0347) (32 -0.0332) (29 -0.0311) (35 -0.0282) (17 0.0262) (38 0.0233) (48 -0.0225) (20 -0.0223) (16 0.0208) (22 0.0192) (25 -0.0188) (23 -0.0176) (39 -0.017) (51 -0.0158) (21 -0.0154) (42 -0.0141) (18 0.0109) (19 0.0107) 
  0.00032062   (6 1) 
  0.00033231   (22 -0.577) (27 0.37) (21 0.35) (24 0.301) (20 0.268) (14 -0.26) (153 -0.21) (26 -0.188) (17 -0.167) (18 -0.119) (19 -0.115) (25 -0.102) (37 0.0939) (16 -0.0831) (39 0.0516) (35 0.0501) (15 -0.0439) (28 -0.0353) (32 0.033) (33 0.0325) (38 -0.0325) (77 -0.0215) (31 -0.0212) (48 0.0206) (23 -0.0202) (42 0.0191) (73 -0.0169) (43 0.0169) (11 0.0162) (29 0.016) (36 -0.0148) (40 -0.0131) (30 -0.0131) (47 0.0127) (78 0.0124) (56 0.0119) (52 0.0105) 
  0.00033396   (153 -0.978) (22 0.124) (27 -0.0795) (21 -0.0751) (24 -0.0645) (20 -0.0576) (14 0.0559) (26 0.0403) (17 0.0359) (18 0.0255) (19 0.0247) (25 0.0219) (37 -0.0201) (16 0.0178) (39 -0.0111) (35 -0.0107) 
  0.00034151   (73 -0.506) (57 -0.489) (70 0.415) (74 -0.274) (67 0.226) (60 0.209) (77 0.165) (52 0.164) (44 -0.13) (69 0.0965) (66 -0.0921) (68 -0.0897) (56 0.0854) (47 -0.0793) (43 0.0716) (33 0.0694) (63 0.067) (78 -0.0662) (61 -0.0652) (64 -0.0639) (54 0.0428) (37 0.0413) (46 0.0377) (50 0.0371) (16 0.0333) (76 -0.0328) (40 0.0321) (75 0.0319) (79 0.0312) (51 0.031) (21 -0.0289) (20 -0.0276) (71 0.0248) (72 0.0245) (14 -0.0241) (38 0.024) (65 -0.0221) (59 -0.0221) (62 -0.0211) (123 -0.0208) (30 -0.0197) (88 0.0196) (18 0.0193) (39 0.0185) (15 0.018) (126 0.0171) (121 0.0163) (36 -0.0155) (120 0.0154) (109 0.0154) (84 0.0146) (42 -0.0145) (48 0.0145) (27 0.0145) (124 0.0139) (104 0.0133) (89 -0.013) (100 0.0128) (152 -0.0127) (35 0.0126) (91 -0.0125) (19 0.0122) (55 0.0115) (34 -0.0113) (22 -0.0111) (41 0.0108) (106 -0.0107) (101 0.0105) (80 -0.0104) 
  0.00036915   (73 0.622) (57 -0.405) (67 0.29) (74 0.267) (152 -0.243) (44 -0.175) (68 -0.151) (52 0.137) (47 -0.13) (60 0.126) (66 -0.11) (71 0.103) (49 0.0988) (72 -0.0903) (33 0.0882) (14 -0.0862) (56 0.084) (43 0.0825) (70 -0.0813) (63 0.0809) (64 -0.075) (69 0.0721) (55 0.0648) (46 0.0591) (38 0.0569) (61 -0.0521) (39 0.047) (40 0.0416) (120 0.0371) (53 -0.0348) (48 -0.0341) (16 0.0327) (30 -0.0298) (77 -0.0297) (79 -0.027) (22 -0.0266) (18 0.0246) (59 -0.024) (84 0.0224) (75 -0.0221) (121 -0.0212) (32 -0.0202) (62 -0.0201) (20 -0.0185) (42 -0.0179) (15 0.0169) (21 -0.0163) (127 -0.0161) (51 0.0161) (125 -0.016) (88 0.0149) (65 -0.0148) (24 -0.0142) (41 0.0136) (119 -0.0134) (17 -0.0134) (124 0.0128) (89 -0.0126) (131 -0.0124) (122 0.0122) (45 0.0121) (34 -0.0107) (78 0.0104) (80 0.0101) 
  0.00037956   (152 -0.97) (73 -0.15) (57 0.109) (67 -0.0757) (74 -0.0635) (44 0.0462) (68 0.039) (52 -0.037) (60 -0.0344) (47 0.0341) (66 0.0288) (71 -0.0262) (49 -0.025) (33 -0.0235) (56 -0.0224) (72 0.0223) (14 0.0223) (43 -0.022) (63 -0.0212) (64 0.0197) (69 -0.0193) (55 -0.0165) (46 -0.0155) (70 0.0152) (38 -0.0148) (61 0.014) (39 -0.0122) (40 -0.0111) 
  0.00045027   (25 0.953) (24 0.169) (27 0.146) (54 -0.0868) (26 -0.0771) (52 0.0634) (21 -0.0521) (53 -0.0502) (56 -0.0498) (14 -0.048) (23 -0.0477) (22 0.0455) (57 0.034) (47 -0.0326) (49 0.0318) (55 -0.0314) (16 -0.0309) (44 -0.0284) (28 -0.0265) (33 0.0234) (17 -0.0212) (39 0.0206) (30 -0.0164) (77 -0.0151) (46 0.0128) (48 -0.0121) (60 -0.012) (15 -0.0117) (29 -0.0107) (43 0.0105) (31 -0.0101) 
  0.00049508   (147 0.749) (54 -0.376) (52 0.299) (56 -0.228) (53 -0.19) (44 -0.138) (55 -0.137) (57 0.13) (47 -0.116) (49 0.103) (25 -0.0959) (14 -0.0598) (43 0.0592) (33 0.0518) (48 -0.0494) (46 0.0493) (60 -0.0472) (51 0.0469) (38 0.0417) (73 -0.0378) (27 -0.0345) (40 0.0325) (77 -0.0296) (24 -0.0289) (37 -0.0265) (70 0.0257) (42 -0.0224) (50 -0.0222) (67 -0.0175) (16 0.0166) (78 0.0156) (22 -0.015) (28 0.0148) (26 0.0139) (71 -0.0136) (120 0.0132) (18 0.0131) (30 -0.0124) (61 0.0122) (68 0.0118) (32 -0.0112) (45 0.01) 
  0.00049934   (147 0.663) (54 0.425) (52 -0.338) (56 0.258) (53 0.215) (44 0.156) (55 0.155) (57 -0.148) (47 0.131) (49 -0.117) (25 0.103) (14 0.0679) (43 -0.0669) (33 -0.0587) (48 0.0559) (46 -0.0558) (60 0.0534) (51 -0.053) (38 -0.0472) (73 0.0428) (27 0.0382) (40 -0.0367) (77 0.0334) (24 0.0317) (37 0.0299) (70 -0.0291) (42 0.0253) (50 0.0251) (67 0.0198) (16 -0.0186) (78 -0.0176) (22 0.0167) (28 -0.0166) (71 0.0154) (26 -0.0153) (120 -0.0148) (18 -0.0147) (30 0.0141) (61 -0.0138) (68 -0.0133) (32 0.0127) (45 -0.0114) (63 0.0112) (15 -0.0101) 
  0.00050465   (53 0.645) (55 0.489) (39 -0.36) (52 0.273) (57 0.16) (54 -0.141) (44 -0.139) (40 0.129) (37 0.118) (47 -0.0825) (38 -0.0803) (49 0.0687) (43 0.0664) (60 -0.0612) (42 -0.0562) (56 0.0543) (48 -0.0461) (77 -0.0456) (46 0.044) (70 0.0405) (41 -0.0355) (78 0.0258) (36 -0.0216) (50 -0.021) (151 -0.0188) (27 0.0174) (73 -0.0165) (35 0.016) (61 0.0137) (69 0.0131) (45 0.013) (71 -0.0129) (51 0.0126) (20 -0.012) (21 -0.0114) 
  0.00050893   (151 -0.968) (39 0.194) (37 -0.0767) (38 0.0624) (53 0.0615) (40 -0.0536) (55 0.0507) (52 0.0317) (33 0.0295) (14 -0.0265) (27 -0.02) (57 0.0172) (42 0.017) (41 0.0164) (44 0.0157) (49 -0.0135) (77 -0.0125) (73 -0.0102) (54 -0.0101) (35 -0.0101) 
  0.00056002   (39 -0.727) (37 0.289) (53 -0.288) (151 -0.249) (38 -0.237) (55 -0.234) (40 0.199) (52 -0.144) (33 -0.114) (14 0.103) (57 -0.0785) (27 0.0765) (42 -0.0617) (41 -0.0612) (77 0.0524) (44 -0.0504) (54 0.05) (49 0.0476) (73 0.0413) (56 -0.0408) (35 0.038) (60 0.0358) (48 -0.0342) (28 -0.0328) (24 0.0315) (70 -0.0289) (78 -0.0285) (36 -0.0244) (51 -0.0238) (29 -0.0234) (26 -0.0231) (32 0.0221) (71 0.021) (43 0.0197) (47 -0.0193) (23 0.0192) (34 0.0185) (18 -0.0176) (67 0.0171) (50 -0.0156) (68 -0.0151) (45 0.0141) (31 -0.014) (17 0.0106) (22 0.0106) 
  0.00057269   (70 -0.821) (57 -0.279) (71 -0.253) (73 -0.249) (52 0.155) (69 -0.135) (49 -0.134) (60 0.0918) (74 -0.0886) (72 0.0794) (51 0.0718) (48 0.0679) (50 0.0574) (76 -0.0519) (75 0.0464) (44 -0.0454) (68 0.0409) (43 0.0386) (65 -0.0379) (33 0.0377) (149 0.0327) (54 -0.0318) (55 0.0316) (78 0.0296) (84 0.0289) (37 0.0286) (61 -0.0268) (56 0.0238) (40 0.023) (124 0.0209) (21 -0.0208) (16 0.0194) (88 0.0181) (20 -0.0178) (47 -0.0161) (79 -0.0138) (126 0.0138) (127 -0.0137) (36 -0.0124) (46 0.0119) (90 0.0117) (123 -0.0113) (14 -0.0113) (120 0.0109) (125 -0.0107) (97 -0.0104) 
  0.00061593   (149 0.853) (49 0.361) (48 -0.154) (52 -0.146) (51 -0.143) (44 -0.118) (54 0.114) (50 -0.114) (47 -0.0981) (73 -0.0697) (14 -0.0475) (46 0.043) (70 -0.04) (71 -0.0381) (39 0.0369) (38 0.0362) (33 0.0352) (43 0.0342) (77 -0.0333) (37 -0.0324) (67 -0.0321) (45 0.0262) (53 0.0253) (68 0.0243) (27 -0.0193) (42 -0.0191) (78 0.0187) (55 -0.0185) (72 0.0184) (74 -0.0178) (40 0.0151) (57 0.0145) (24 -0.013) (69 -0.0125) (22 -0.0121) (63 -0.0107) (32 -0.0106) (30 -0.0103) 
  0.00065874   (49 -0.584) (149 0.521) (48 0.248) (51 0.23) (52 0.229) (44 0.196) (54 -0.185) (50 0.183) (47 0.162) (73 0.13) (70 0.117) (14 0.0787) (71 0.0784) (46 -0.0713) (33 -0.0603) (38 -0.0601) (39 -0.0598) (43 -0.0587) (77 0.0552) (67 0.053) (37 0.0511) (45 -0.0427) (68 -0.0425) (53 -0.042) (72 -0.0352) (74 0.0348) (78 -0.0325) (42 0.0317) (27 0.0311) (69 0.0291) (55 0.0282) (40 -0.0263) (24 0.0213) (22 0.0201) (32 0.0177) (30 0.0174) (63 0.0171) (18 -0.0163) (16 -0.0156) (64 -0.0155) (79 0.015) (66 -0.0146) (65 0.0126) (120 -0.0122) (76 0.0116) (23 0.0114) (75 -0.0107) (56 -0.0105) 
  0.00072987   (38 0.782) (37 0.371) (24 -0.185) (39 -0.179) (22 -0.171) (44 0.136) (21 -0.131) (43 -0.126) (33 0.124) (40 -0.117) (20 -0.105) (23 -0.101) (18 0.0977) (36 -0.0957) (16 0.0828) (14 -0.0718) (27 0.0616) (47 0.0549) (19 0.0515) (35 0.0495) (41 -0.0448) (52 -0.0435) (15 0.0394) (57 0.0344) (26 -0.0268) (46 -0.0262) (34 -0.0249) (25 0.0225) (30 -0.0175) (56 -0.0163) (31 -0.0147) (17 -0.0143) (28 -0.0112) (54 -0.0106) (77 0.0106) 
  0.00080286   (24 -0.532) (22 -0.47) (38 -0.3) (23 -0.291) (21 -0.268) (33 -0.242) (18 0.209) (20 -0.191) (14 -0.176) (37 -0.132) (16 0.112) (19 0.0977) (30 0.0958) (27 0.0763) (25 0.0753) (26 -0.0569) (15 0.0548) (32 0.0515) (17 -0.0486) (143 -0.0411) (36 0.0394) (34 0.033) (35 -0.0309) (28 -0.0261) (44 0.0242) (39 0.0214) (31 0.0156) (11 0.0151) (142 -0.0148) (49 -0.014) (40 0.0138) (29 -0.0133) (47 0.0127) (12 0.0125) 
  0.00091604   (143 -0.933) (142 -0.325) (141 0.143) (140 0.025) (24 0.0246) (22 0.0218) (23 0.0135) (21 0.0127) 
  0.00097221   (52 -0.409) (47 -0.406) (44 -0.405) (48 0.364) (49 -0.327) (16 0.244) (43 0.192) (51 -0.164) (57 0.144) (50 0.135) (46 0.131) (14 -0.11) (17 0.109) (56 -0.104) (33 0.095) (37 0.0887) (15 0.0722) (39 0.0718) (53 0.0597) (40 0.0542) (41 0.0518) (77 0.0485) (54 -0.044) (27 0.0397) (60 -0.034) (36 -0.0292) (35 0.0256) (30 -0.0237) (78 -0.0219) (38 0.0218) (42 0.0197) (34 -0.0164) (31 -0.014) (74 -0.0134) (84 0.0132) (18 -0.0131) (65 0.0131) (20 -0.0127) (21 -0.0125) (22 0.0121) (120 0.0112) (71 0.0107) (55 -0.0106) (68 -0.0105) (26 -0.0104) 
   0.0010547   (16 0.722) (17 0.42) (14 -0.306) (15 0.193) (18 -0.164) (44 0.152) (47 0.129) (33 -0.123) (20 0.118) (21 0.107) (22 0.0994) (52 0.0914) (48 -0.0894) (43 -0.079) (49 0.0751) (24 0.0635) (19 -0.0557) (30 0.0496) (46 -0.0466) (39 -0.0385) (51 0.038) (50 -0.0358) (23 0.0329) (38 -0.0327) (40 -0.0279) (57 -0.0268) (32 0.0241) (37 -0.0229) (56 0.0224) (12 0.0209) (41 -0.0202) (27 0.0202) (11 0.02) (28 -0.0189) (34 0.0164) (25 0.0136) (77 -0.0134) (31 0.0133) (35 -0.0132) (13 -0.0127) (53 -0.0112) (54 0.0108) 
   0.0011576   (146 -0.998) (141 0.0445) (142 -0.036) (143 0.0224) (140 0.017) 
   0.0011849   (54 0.69) (52 0.385) (33 0.365) (56 -0.311) (57 0.229) (36 0.146) (35 0.0922) (53 -0.0856) (38 -0.0807) (50 0.074) (30 -0.0678) (34 -0.059) (51 0.0542) (16 0.0537) (39 -0.051) (14 -0.0494) (48 0.0493) (21 -0.0484) (49 -0.0466) (77 0.0443) (60 -0.0442) (44 -0.0405) (47 -0.0396) (20 -0.0389) (32 -0.0376) (18 0.0371) (15 0.0296) (24 -0.0246) (78 -0.0229) (22 -0.0225) (67 0.0204) (46 0.0194) (19 0.0188) (68 -0.0182) (71 0.0178) (137 0.0178) (73 0.0151) (72 0.0144) (43 0.0123) (31 -0.0111) (29 0.0106) (28 0.0103) (70 -0.0101) 
   0.0013751   (33 0.674) (36 0.367) (54 -0.302) (52 -0.224) (38 -0.192) (44 0.19) (35 0.165) (39 -0.156) (43 -0.129) (137 0.128) (56 0.125) (37 -0.122) (30 -0.111) (14 -0.109) (34 -0.108) (57 -0.0737) (47 0.0733) (32 -0.0724) (40 -0.0668) (16 0.0488) (18 0.0458) (51 -0.0429) (21 -0.0428) (53 0.0428) (24 -0.0421) (41 -0.0407) (46 -0.04) (22 -0.0363) (20 -0.0307) (27 -0.0306) (50 -0.0291) (28 0.0268) (15 0.0235) (42 0.0233) (77 -0.0229) (29 0.0226) (17 -0.0178) (23 -0.0175) (19 0.0165) (73 -0.0153) (26 0.015) (60 0.0148) (78 0.0124) (70 0.0112) (31 -0.0109) (11 0.0106) (67 -0.0103) 
   0.0015103   (137 0.991) (33 -0.0939) (36 -0.0501) (54 0.0268) (38 0.0262) (141 -0.025) (44 -0.0235) (35 -0.023) (52 0.0218) (39 0.0209) (142 0.0166) (43 0.0163) (140 -0.0161) (30 0.0157) (37 0.0156) (14 0.0151) (34 0.015) (56 -0.0108) (32 0.0101) 
   0.0015275   (11 0.952) (35 -0.27) (33 0.0614) (37 0.059) (30 -0.0546) (36 -0.0455) (14 0.0444) (38 -0.0393) (32 -0.0374) (133 -0.0309) (34 0.0166) (44 0.0154) (15 0.0151) (40 -0.0119) (72 -0.0112) 
   0.0016231   (133 -0.836) (35 -0.463) (11 -0.184) (33 0.109) (37 0.0938) (30 -0.0864) (36 -0.0791) (14 -0.072) (38 -0.0627) (32 -0.0618) (27 -0.0385) (34 0.0261) (44 0.0258) (40 -0.0198) (42 0.0174) (28 0.0156) (17 -0.0156) (22 -0.0138) (55 -0.0134) (46 -0.0122) (45 -0.0114) (26 0.0108) 
   0.0018972   (35 0.721) (133 -0.548) (11 0.227) (33 -0.17) (37 -0.146) (30 0.135) (36 0.123) (14 0.107) (38 0.0978) (32 0.0963) (27 0.0593) (34 -0.0407) (44 -0.0402) (40 0.0309) (42 -0.027) (17 0.0242) (28 -0.024) (22 0.0214) (55 0.0207) (46 0.0191) (45 0.0178) (26 -0.0167) (43 0.0153) (47 -0.0149) (20 -0.0136) (53 -0.0135) (19 -0.0134) (77 0.0122) (51 0.012) (18 -0.0109) (48 -0.0107) (29 0.0106) 
   0.0020038   (30 -0.733) (32 -0.495) (33 -0.218) (55 -0.19) (53 0.152) (35 0.152) (29 -0.133) (34 0.122) (31 -0.0898) (28 -0.0851) (37 -0.0792) (50 -0.0675) (71 -0.067) (27 0.0624) (51 -0.052) (52 0.0415) (16 0.0364) (49 -0.0359) (74 0.0351) (18 0.0323) (72 0.0277) (60 0.0245) (68 0.0244) (47 0.0238) (21 -0.0232) (48 0.0227) (69 0.0227) (40 -0.0225) (25 -0.022) (56 -0.0207) (130 0.0202) (57 -0.0185) (41 0.0185) (46 -0.0176) (26 -0.0174) (78 -0.0173) (42 0.0172) (70 0.0168) (43 -0.0162) (24 -0.0152) (23 0.0146) (73 0.0144) (65 0.0141) (19 0.0141) (77 0.0138) (39 -0.0128) (44 0.0128) (20 -0.0118) (38 0.0112) (84 0.01) 
   0.0021073   (71 -0.637) (74 0.332) (68 0.323) (130 0.265) (78 -0.222) (72 0.217) (70 0.197) (67 -0.186) (69 0.166) (77 0.145) (55 0.141) (53 -0.125) (60 0.0874) (73 0.0699) (57 -0.0697) (56 0.0609) (51 0.0602) (41 0.0585) (83 -0.058) (62 0.0532) (80 -0.0523) (64 0.0443) (63 -0.0361) (30 0.0342) (47 -0.0339) (33 0.0335) (61 0.0313) (86 -0.0308) (107 -0.0292) (40 0.0271) (44 -0.0259) (48 0.023) (42 -0.0224) (85 -0.0224) (59 0.0219) (109 -0.0209) (46 0.0202) (52 0.0197) (96 0.0181) (37 0.018) (120 -0.0171) (84 0.017) (89 -0.0169) (54 0.0167) (32 0.0156) (87 -0.0153) (79 0.0129) (81 0.0125) (35 -0.0124) (58 -0.0118) (76 -0.0117) (16 0.0115) (100 0.0114) (93 -0.0111) (65 -0.0111) (134 -0.011) (127 0.0106) (75 -0.0104) (124 -0.0104) 
   0.0022183   (130 0.572) (55 0.522) (53 -0.404) (71 0.219) (50 0.196) (30 -0.174) (74 -0.123) (32 -0.112) (72 -0.0934) (51 0.0881) (69 -0.0876) (52 -0.0872) (56 0.0788) (49 0.0757) (60 -0.0716) (57 0.0692) (73 -0.0582) (70 -0.0531) (65 -0.0527) (68 -0.0524) (48 -0.0522) (42 -0.0502) (78 0.0494) (34 0.0432) (46 0.0374) (33 -0.0371) (77 -0.0368) (41 0.035) (84 -0.0326) (47 -0.0311) (43 -0.0308) (29 -0.0294) (81 -0.0249) (28 -0.0244) (54 -0.0236) (31 -0.0213) (88 0.0186) (67 0.0185) (45 0.0177) (127 0.0174) (18 0.017) (80 0.0167) (27 0.0165) (120 -0.0164) (134 0.0162) (63 -0.016) (14 -0.0157) (64 0.015) (124 -0.0144) (16 0.0135) (37 -0.0128) (131 0.0124) (90 -0.0123) (35 0.0122) (107 0.0107) (123 0.0105) (15 0.0103) 
   0.0023514   (130 0.774) (55 -0.428) (53 0.337) (50 -0.143) (30 0.136) (32 0.0902) (51 -0.0845) (56 -0.0785) (68 -0.0721) (71 0.057) (52 0.0564) (49 -0.0529) (67 0.0501) (134 0.048) (41 -0.0466) (42 0.0443) (65 0.0422) (78 0.0388) (131 0.0387) (46 -0.0341) (47 0.0341) (34 -0.0336) (48 0.0299) (70 -0.0285) (57 -0.0265) (64 -0.0262) (63 0.0241) (74 -0.0232) (29 0.0231) (43 0.0223) (77 -0.0222) (60 0.0221) (33 0.0214) (28 0.0192) (83 0.0192) (73 0.0187) (84 0.0182) (31 0.018) (127 0.0158) (27 -0.0153) (16 -0.015) (81 0.014) (88 -0.0138) (18 -0.0136) (44 0.013) (14 0.0127) (85 0.0124) (86 0.012) (62 -0.012) (79 -0.0115) (54 0.0115) (45 -0.0106) (21 0.0101) (59 -0.01) 
   0.0025998   (24 0.661) (21 -0.465) (18 0.258) (22 -0.25) (20 -0.237) (56 -0.22) (27 -0.143) (23 0.121) (15 0.115) (33 -0.095) (25 -0.0912) (52 -0.0812) (16 0.0718) (57 -0.0677) (19 0.067) (37 -0.0624) (30 0.0546) (44 0.0533) (55 0.051) (26 0.0504) (47 0.035) (53 0.034) (60 0.0338) (36 0.0338) (29 -0.0292) (43 -0.0287) (35 -0.0273) (77 -0.027) (13 -0.0219) (12 0.0207) (46 -0.0199) (48 -0.0196) (42 0.0174) (54 -0.017) (14 -0.0157) (70 0.0153) (39 -0.0151) (34 0.0144) (120 -0.0135) (65 -0.0128) (74 0.0125) (124 0.0113) (68 0.0111) (78 0.0106) 
   0.0026574   (60 -0.869) (56 0.31) (57 -0.189) (61 0.164) (55 -0.121) (52 0.118) (77 0.102) (47 -0.0706) (24 0.0697) (21 -0.0663) (59 -0.0575) (132 0.0555) (78 -0.052) (54 0.0432) (48 0.0412) (20 -0.0408) (51 -0.0374) (71 -0.0364) (46 0.0354) (18 0.0346) (79 0.0313) (22 -0.0308) (62 0.0284) (53 -0.0272) (15 0.0251) (84 -0.0232) (16 0.0224) (44 -0.0219) (108 -0.0209) (109 0.0203) (43 0.0193) (72 -0.0189) (107 0.018) (124 0.0176) (64 0.0167) (33 0.0159) (69 0.0158) (80 -0.0156) (74 -0.0152) (49 0.0139) (125 -0.0138) (119 -0.0137) (23 0.013) (19 0.0129) (73 -0.0127) (50 0.0124) (68 0.012) (66 -0.0116) (65 -0.0115) (25 -0.0114) (123 0.0113) (90 -0.0112) (118 0.0107) (40 0.0104) (82 0.01) 
   0.0027294   (132 0.763) (56 0.453) (57 0.278) (60 0.203) (52 0.124) (50 -0.121) (24 0.0908) (55 -0.0907) (53 -0.0864) (21 -0.0846) (44 -0.0568) (43 0.0509) (20 -0.0502) (47 -0.047) (18 0.0444) (48 0.04) (22 -0.0394) (131 -0.039) (61 -0.0387) (77 0.0379) (51 0.033) (70 -0.0314) (42 0.031) (16 0.0304) (65 0.0295) (68 -0.0275) (71 0.0266) (33 0.0219) (41 0.0216) (15 0.0214) (74 -0.0194) (84 0.0191) (37 0.019) (67 0.0189) (120 0.0178) (19 0.0177) (64 -0.0173) (59 0.0172) (40 0.0172) (25 -0.0166) (54 0.0158) (23 0.0155) (63 0.0141) (78 -0.0135) (45 -0.0126) (49 -0.0126) (27 -0.0116) 
   0.0028796   (132 0.642) (56 -0.564) (57 -0.312) (60 -0.165) (52 -0.157) (50 0.142) (55 0.118) (24 -0.114) (21 0.106) (53 0.105) (44 0.0693) (20 0.0632) (47 0.0622) (43 -0.062) (18 -0.0557) (77 -0.0534) (48 -0.0511) (22 0.0495) (16 -0.038) (70 0.037) (42 -0.0363) (51 -0.0355) (65 -0.034) (68 0.0316) (124 0.0315) (61 0.0315) (131 -0.0308) (120 -0.0292) (71 -0.0286) (15 -0.0277) (33 -0.0275) (41 -0.0247) (74 0.0244) (67 -0.0231) (54 -0.0227) (37 -0.0226) (19 -0.0221) (84 -0.0215) (40 -0.0213) (25 0.0206) (78 0.0203) (23 -0.0196) (125 -0.0193) (64 0.0191) (122 0.0184) (63 -0.0167) (123 0.0165) (59 -0.0154) (45 0.0153) (107 0.0143) (27 0.0141) (49 0.0135) (127 -0.0129) (39 -0.0105) 
   0.0035779   (40 0.851) (39 0.235) (65 -0.228) (41 -0.179) (44 0.161) (67 0.154) (43 -0.139) (84 -0.136) (57 0.0795) (66 -0.0742) (37 0.0725) (64 0.0663) (33 0.0613) (63 -0.0609) (38 0.053) (87 0.0399) (47 0.0389) (52 -0.0351) (71 -0.0345) (129 0.0279) (30 -0.0276) (50 0.0262) (51 -0.026) (42 -0.0253) (55 -0.0252) (69 0.0247) (32 -0.0243) (16 0.0221) (96 0.0205) (73 -0.0183) (15 -0.0172) (90 0.0156) (21 -0.0152) (77 -0.0146) (107 -0.0143) (53 0.014) (91 0.0139) (109 -0.0131) (24 -0.0129) (27 0.0123) (20 -0.0123) (127 -0.0116) (78 0.0114) (14 -0.0107) (46 -0.0105) (82 0.0104) (29 -0.0102) 
   0.0037503   (84 -0.86) (129 0.328) (65 0.183) (87 0.17) (67 -0.135) (127 -0.121) (90 0.0713) (57 -0.0712) (77 -0.0678) (66 0.0618) (107 -0.0591) (85 0.054) (64 -0.0531) (63 0.0486) (40 -0.0485) (109 -0.0453) (44 -0.0406) (96 0.0405) (92 0.0393) (86 -0.0391) (52 0.0385) (60 0.0376) (91 0.0355) (43 0.0332) (120 0.033) (78 0.0287) (123 -0.0274) (47 -0.0271) (103 -0.0258) (88 0.0248) (50 -0.0227) (69 -0.0208) (56 0.0206) (126 0.0201) (93 -0.0197) (39 -0.0193) (94 -0.0192) (83 0.0182) (41 0.0174) (79 0.0168) (48 0.0166) (89 -0.0162) (72 -0.0149) (54 0.014) (102 0.0139) (49 -0.0134) (33 0.0133) (42 0.0131) (112 0.0131) (51 0.0116) (114 0.0115) (105 -0.0108) (70 0.0106) (55 -0.0105) (111 -0.0104) (61 -0.0104) 
   0.0039322   (129 0.661) (84 0.387) (65 0.386) (67 -0.275) (127 -0.228) (40 0.199) (66 0.132) (64 -0.107) (63 0.0973) (50 0.0965) (71 0.0847) (87 -0.0838) (57 -0.0827) (39 0.0593) (69 -0.0489) (41 -0.0469) (77 0.0468) (90 -0.0446) (43 -0.0361) (78 -0.0338) (73 0.0336) (96 -0.0299) (107 0.0295) (109 0.0292) (85 -0.0287) (91 -0.0279) (42 -0.0273) (52 0.0259) (74 -0.0224) (33 0.021) (49 0.0202) (76 0.0192) (86 0.0184) (37 0.0183) (92 -0.0183) (68 -0.0173) (48 -0.0173) (38 0.0169) (46 0.0159) (103 0.0156) (44 0.0151) (45 0.0151) (56 0.0148) (60 0.0143) (94 0.013) (14 -0.0127) (51 -0.0124) (82 -0.0119) (30 -0.0118) 
   0.0040647   (129 0.592) (65 -0.525) (67 0.376) (40 -0.237) (127 -0.194) (66 -0.179) (64 0.147) (63 -0.134) (57 0.129) (50 -0.0951) (71 -0.0931) (39 -0.0671) (69 0.0654) (84 0.0577) (41 0.0514) (52 -0.0494) (73 -0.039) (60 -0.0374) (33 -0.0344) (43 0.0281) (56 -0.0281) (37 -0.0256) (38 -0.0249) (42 0.0239) (76 -0.0228) (46 -0.021) (78 0.0207) (74 0.0193) (79 -0.0174) (14 0.017) (68 0.0168) (109 -0.0161) (70 -0.0158) (30 0.0152) (47 0.0151) (61 0.0149) (21 0.0147) (49 -0.0141) (45 -0.0137) (96 0.0135) (75 0.0133) (93 0.013) (77 -0.0125) (83 -0.0123) (16 -0.0121) (91 0.0119) (59 0.0114) (82 0.011) (120 -0.011) (90 0.0109) (80 0.0102) 
   0.0041183   (105 0.593) (96 -0.321) (103 0.281) (123 -0.262) (101 0.204) (110 -0.195) (108 -0.192) (106 -0.172) (107 -0.167) (112 -0.154) (98 -0.153) (119 -0.152) (122 0.14) (99 -0.14) (120 -0.138) (117 -0.127) (102 -0.113) (97 -0.104) (114 -0.0876) (121 -0.0797) (111 -0.073) (109 -0.0703) (50 0.0688) (91 0.0575) (124 -0.0542) (100 -0.0529) (115 -0.0524) (94 0.0502) (90 -0.0493) (113 -0.0321) (116 -0.0318) (84 -0.0298) (82 -0.0283) (72 -0.0283) (55 -0.0223) (92 -0.0217) (93 -0.0209) (71 -0.0207) (118 0.0205) (51 -0.0202) (89 0.0151) (60 0.0149) (80 -0.0143) (65 -0.0142) (81 -0.014) (85 -0.0139) (56 0.0138) (125 -0.0128) (79 0.0117) (53 0.0116) (86 0.0109) (83 0.0103) (49 0.0102) (141 0.0101) 
   0.0042573   (142 0.777) (141 0.602) (143 -0.177) (140 0.0442) (123 -0.0227) (96 0.0132) (105 -0.0112) (122 0.0104) 
   0.0043757   (50 0.837) (55 -0.226) (51 -0.216) (49 0.15) (56 0.146) (72 -0.126) (53 0.122) (48 -0.118) (60 0.0981) (71 -0.0956) (40 -0.092) (57 0.0893) (65 -0.084) (52 0.077) (42 -0.0746) (123 0.071) (45 0.0688) (15 0.0651) (84 -0.0611) (46 0.057) (107 0.057) (82 -0.0507) (105 -0.0503) (43 -0.048) (119 0.0446) (96 -0.0419) (122 -0.0383) (120 0.0354) (63 -0.035) (64 0.0348) (117 0.0341) (80 -0.0315) (74 0.0298) (109 0.0298) (68 0.0291) (90 -0.0276) (54 -0.0268) (87 -0.026) (124 0.0259) (47 0.0257) (81 -0.0253) (24 0.0239) (121 0.0237) (108 0.0225) (103 -0.0224) (79 0.0223) (32 0.0211) (101 -0.021) (66 -0.0208) (92 0.0199) (38 -0.0194) (112 -0.0189) (67 0.0187) (59 0.0182) (115 0.0178) (83 0.0164) (111 -0.0159) (110 0.0157) (16 -0.015) (41 -0.0149) (118 -0.0147) (61 -0.014) (33 -0.0136) (104 -0.0133) (14 0.0122) (44 0.0118) (12 0.0117) (97 -0.0113) (13 -0.0113) (98 0.011) (21 -0.0101) (106 0.0101) 
   0.0044143   (72 -0.572) (45 0.451) (81 -0.31) (46 0.305) (80 -0.283) (50 -0.177) (83 0.165) (71 -0.159) (93 -0.154) (87 -0.129) (78 0.0798) (76 -0.0755) (79 0.075) (98 -0.0706) (48 0.0652) (42 -0.0641) (44 0.0568) (69 -0.0566) (49 -0.0552) (113 0.0519) (109 -0.0514) (97 0.0501) (100 0.049) (67 -0.0478) (107 0.0398) (105 -0.0396) (89 0.0352) (43 -0.0344) (51 0.033) (85 -0.0322) (70 0.0306) (68 0.0304) (60 0.0303) (47 0.0292) (90 0.0288) (75 0.0285) (156 0.0255) (123 -0.0239) (41 -0.0236) (73 -0.0234) (54 0.022) (96 0.022) (77 0.0197) (114 0.0193) (119 -0.0186) (101 -0.0184) (74 0.0182) (82 -0.0182) (122 0.0171) (57 -0.017) (115 -0.0163) (117 -0.0157) (63 -0.0156) (99 0.0148) (91 0.0146) (65 -0.0144) (118 0.0135) (64 0.0131) (52 0.0131) (103 0.0131) (66 0.0128) (19 -0.0123) (104 0.0122) (39 0.0113) (112 0.0111) (88 -0.0106) (35 -0.0103) (110 0.0101) 
   0.0045486   (156 0.999) (45 -0.0272) (46 -0.0185) 
   0.0046854   (45 0.637) (72 0.487) (46 0.438) (80 0.148) (81 0.139) (79 -0.133) (71 0.13) (42 -0.108) (44 0.0985) (87 0.0953) (43 -0.0772) (109 0.0743) (83 -0.0718) (47 0.0654) (40 -0.0624) (90 0.0594) (67 0.0565) (69 0.049) (113 -0.0401) (98 0.0378) (48 0.0375) (85 0.0352) (100 -0.0336) (76 0.0315) (38 -0.0303) (105 0.0292) (96 -0.0277) (41 -0.0276) (49 -0.0261) (68 -0.0258) (156 0.0238) (15 0.0237) (37 0.0236) (78 -0.0236) (57 0.0231) (75 -0.0221) (123 0.0215) (63 0.0214) (39 0.0213) (86 -0.0198) (70 -0.0191) (107 -0.0189) (122 -0.0185) (73 0.0184) (114 -0.0178) (66 -0.0177) (14 0.0176) (64 -0.0175) (118 -0.0174) (93 -0.0161) (115 0.0154) (117 0.0153) (110 -0.0145) (54 -0.0135) (35 -0.0134) (97 -0.0133) (60 -0.0131) (112 -0.0121) (56 0.0119) (24 0.0115) (101 0.0114) (65 0.0112) (84 -0.0112) (55 -0.011) (82 -0.0105) (119 0.0103) (104 -0.0102) (102 0.0101) 
   0.0047184   (19 0.887) (20 0.366) (136 -0.27) (15 -0.0361) (24 0.0298) (16 0.0275) (23 0.0244) (18 -0.0235) (17 -0.0229) (21 -0.0194) (7 -0.0163) (45 0.0131) (35 0.0129) (30 0.0114) (36 0.0108) (14 0.0104) 
   0.0049242   (136 -0.963) (19 -0.249) (20 -0.103) (15 0.0102) 
   0.0051314   (7 1) (19 0.0131) (136 -0.0114) 
    0.005338   (5 -1) 
   0.0053906   (29 -0.383) (27 -0.376) (28 0.363) (32 0.345) (31 -0.329) (135 0.311) (37 0.279) (14 -0.235) (30 -0.198) (35 0.152) (38 -0.122) (26 0.087) (39 0.0812) (17 -0.0729) (36 -0.0622) (25 0.0513) (16 -0.046) (33 -0.0441) (23 -0.0413) (34 -0.0398) (20 0.038) (40 -0.0362) (77 -0.0323) (21 0.032) (18 -0.0302) (44 0.0284) (42 0.0266) (47 0.0263) (41 0.0237) (11 0.022) (15 -0.0185) (78 0.0177) (22 -0.0154) (19 -0.0143) (12 0.0133) (71 -0.0106) 
   0.0054193   (135 0.95) (29 0.126) (27 0.123) (28 -0.119) (32 -0.113) (31 0.108) (37 -0.0915) (14 0.0771) (30 0.0647) (35 -0.0499) (38 0.0399) (26 -0.0285) (39 -0.0266) (17 0.0239) (36 0.0204) (25 -0.0168) (16 0.0151) (33 0.0145) (23 0.0135) (34 0.013) (20 -0.0124) (40 0.0118) (21 -0.0105) (77 0.0104) 
   0.0056644   (10 0.759) (17 0.49) (16 -0.331) (14 -0.213) (27 0.0926) (15 -0.0764) (20 -0.0617) (19 0.0484) (21 -0.0481) (37 0.0344) (25 -0.0297) (26 -0.0275) (23 0.0266) (28 -0.0188) (18 0.0148) (38 -0.014) (11 0.0136) (22 0.0112) (35 0.0111) 
   0.0057638   (145 -0.999) (10 -0.0268) (17 0.0205) (16 -0.0137) 
   0.0060972   (10 0.65) (17 -0.578) (16 0.386) (14 0.226) (27 -0.112) (15 0.082) (20 0.0769) (21 0.0604) (19 -0.0578) (37 -0.0433) (145 -0.0378) (26 0.0364) (25 0.035) (23 -0.0345) (28 0.0216) (11 -0.02) (18 -0.0179) (38 0.0163) (12 -0.0156) (77 0.0148) (35 -0.014) (22 -0.0135) (39 -0.0119) (29 0.0115) (30 0.0109) (42 -0.0107) 
   0.0064142   (13 0.862) (12 -0.369) (42 0.246) (41 0.154) (43 0.105) (45 0.064) (40 0.06) (14 -0.0542) (47 0.0522) (50 0.0442) (15 0.0434) (39 -0.0425) (38 0.0329) (37 -0.0309) (48 -0.0262) (44 0.0228) (46 0.0193) (36 0.0151) (30 0.0145) (29 -0.0123) (49 0.0122) (32 -0.0111) (60 -0.0108) (21 -0.01) 
    0.006784   (144 0.999) (42 0.0292) (41 0.0164) (13 -0.0152) (43 0.0128) 
   0.0069443   (42 -0.702) (41 -0.393) (13 0.312) (43 -0.307) (40 -0.173) (45 -0.155) (47 -0.131) (12 -0.129) (39 0.126) (37 0.102) (38 -0.0991) (50 -0.0897) (44 -0.0721) (48 0.0589) (46 -0.0437) (144 0.0423) (15 0.0401) (36 -0.0391) (74 0.0314) (18 0.0295) (32 0.0289) (30 -0.0275) (27 0.0272) (49 -0.0262) (29 0.0261) (14 0.0261) (24 0.0243) (59 -0.0236) (35 0.0233) (60 0.0221) (80 0.019) (21 -0.0174) (64 0.0174) (109 0.0172) (56 0.0168) (52 0.0167) (79 0.0166) (67 0.0159) (31 0.0156) (34 0.0147) (81 -0.0144) (55 -0.0142) (61 -0.0142) (107 0.0141) (17 0.014) (84 -0.0139) (78 0.0116) (68 0.0114) (28 -0.0111) (23 0.0111) (62 0.0106) (75 -0.0104) (86 -0.0102) 
   0.0076635   (12 -0.869) (13 -0.375) (32 -0.196) (30 0.167) (29 -0.137) (31 -0.107) (14 -0.047) (36 -0.0348) (41 -0.0286) (33 0.0241) (66 0.0173) (35 0.017) (15 0.0168) (138 0.014) (40 -0.0138) (18 -0.013) (37 0.0122) (38 -0.012) (68 0.0116) (27 -0.0115) (42 -0.0113) (43 0.0102) 
   0.0083811   (138 0.992) (32 -0.0728) (30 0.0605) (29 -0.0497) (12 0.0495) (31 -0.0379) (13 0.0208) (41 -0.0121) (36 -0.0103) 

 Largest eigenvalues
       71.98   (162 0.239) (164 0.959) 
       28.53   (37 0.435) (39 0.292) (47 0.331) (77 0.339) 
      18.942   (77 0.67) (78 -0.347) 
      15.545   (107 0.584) (109 0.667) 
      4.5819   (96 -0.287) (119 0.303) (120 0.294) (122 -0.291) (123 0.555) 
       1.467   (162 0.971) (164 -0.236) 
      1.2238   (163 -0.997) 
      1.1473   (165 0.997) 
      1.1416   (90 0.246) (91 -0.882) (101 -0.25) 
       1.135   (101 0.772) (106 0.498) 
      1.1289   (101 0.354) (106 -0.79) 
     0.92023   (111 0.35) (115 -0.771) 
     0.91417   (103 -0.278) (104 0.841) (105 0.254) 
     0.86166   (98 -0.339) (99 -0.586) (100 -0.451) 
      0.8517   (111 -0.585) (112 0.312) 
     0.75871   (110 -0.48) (111 0.323) (115 0.361) (120 0.286) 
     0.67167   (110 0.715) (111 0.302) 
     0.67076   (96 -0.745) (97 -0.248) (99 0.264) (110 0.225) 
     0.66353   (114 -0.496) (125 0.332) (126 0.442) (141 0.293) 
     0.59956   (111 -0.331) (112 -0.546) (114 0.473) 
     0.57639   (108 0.59) (112 0.336) (114 0.512) 
      0.5726   (108 -0.675) (110 -0.289) (112 0.401) 
     0.56817   (114 -0.355) (121 0.321) (123 -0.428) (134 0.376) 
     0.56553   (122 0.395) (124 0.532) (125 -0.356) (134 0.319) 
      0.5607   (118 0.341) (119 -0.378) (120 0.552) (124 -0.303) 
     0.54716   (117 -0.691) (118 -0.429) 
     0.53092   (116 0.433) (117 0.329) (119 0.361) (122 0.397) (125 0.316) (134 0.314) 
     0.49786   (116 -0.654) (118 0.262) (121 0.25) (124 0.246) (126 0.28) (127 0.218) (134 0.275) (141 -0.223) 
     0.49363   (116 0.538) (117 -0.317) (122 -0.298) (126 0.393) 
     0.42083   (92 0.972) 
     0.40967   (118 -0.316) (121 -0.346) (123 -0.241) (125 -0.293) (126 0.249) (127 -0.354) (141 -0.3) 
     0.33598   (94 -0.926) (103 0.215) 
     0.33296   (94 0.33) (103 0.681) (104 0.338) (105 -0.404) 
     0.30306   (102 -0.817) 
     0.29086   (98 -0.437) (113 -0.332) (127 -0.26) 
     0.24945   (79 -0.351) (87 -0.66) 
     0.23073   (79 0.508) (98 0.522) 
     0.23029   (79 -0.516) (87 0.598) 
     0.22854   (98 -0.363) (107 0.322) (113 0.562) 
     0.17643   (90 -0.797) (93 0.406) 
     0.15689   (90 0.356) (97 -0.529) (107 -0.301) (109 0.317) 
     0.14824   (93 -0.621) (107 -0.288) 
     0.13634   (85 -0.622) (86 0.636) 
     0.12934   (89 -0.721) (93 0.342) (97 0.291) 
     0.12341   (72 -0.373) (79 0.394) (80 0.286) (81 0.498) (83 -0.416) 
     0.11602   (76 -0.258) (78 0.292) (80 -0.31) (89 0.251) 
     0.11146   (59 0.355) (69 0.349) (76 0.285) 
     0.10665   (58 0.492) (59 -0.583) 
      0.1019   (58 -0.564) (63 0.327) 
     0.09447   (58 0.46) (59 0.325) (63 -0.273) (76 -0.263) (97 -0.274) 
    0.089771   (58 -0.411) (59 -0.553) 
    0.079859   (59 0.301) (63 0.576) (83 -0.291) 
    0.077857   (63 -0.379) (64 -0.687) 
    0.073918   (61 -0.483) (62 0.424) (64 0.369) 
    0.072848   (61 0.656) (62 -0.234) (64 0.244) (69 -0.228) 
    0.066308   (61 -0.318) (118 0.264) (119 0.277) 
    0.063209   (68 0.292) (74 -0.32) (78 0.332) 
     0.06108   (61 -0.278) (62 -0.581) (69 -0.243) (76 0.21) (80 -0.259) (81 0.211) (85 -0.206) 
    0.058891   (62 0.533) (68 -0.293) (74 0.297) 
    0.055631   (62 -0.256) (66 -0.294) (68 0.409) (69 0.316) (71 0.308) (76 -0.303) (78 -0.269) 
    0.053326   (66 0.433) (74 -0.341) (80 0.261) (81 -0.332) 
    0.049829   (66 -0.507) (76 0.318) 
    0.047747   (66 0.475) (68 0.332) (69 0.273) 
    0.046243   (76 -0.338) (81 0.325) (83 0.276) 
    0.044066   (34 -0.854) (41 0.37) 
    0.042139   (34 0.456) (41 0.686) (43 -0.375) 
    0.041429   (75 -0.444) (88 0.269) (121 0.267) 
    0.040781   (48 -0.39) (49 -0.35) (51 -0.489) (75 0.403) 
    0.032278   (48 0.345) (49 0.293) (51 0.404) (75 0.57) 
    0.031708   (23 -0.34) (26 -0.694) 
    0.029444   (23 -0.648) (26 0.477) 
    0.027569   (23 0.428) (29 0.277) (31 -0.277) (42 -0.268) (43 0.4) (88 -0.307) 
     0.02624   (26 -0.295) (29 -0.513) (31 0.571) 
    0.021527   (42 0.305) (43 -0.44) (44 -0.277) (75 -0.324) (88 -0.44) 
    0.020711   (120 -0.341) (126 -0.293) (131 0.688) (134 0.365) 
    0.020598   (128 0.578) (160 -0.809) 
    0.019174   (128 0.577) (160 0.312) (161 0.755) 
    0.017276   (128 0.577) (160 0.498) (161 -0.647) 
    0.015425   (15 0.945) (16 -0.268) 
    0.014809   (139 -0.996) 
