 1 31.6228
 2 23.432
 3 1.73198
 4 31.6228
 5 16.7274
 6 11.6867
 7 31.6189
 8 0.999168
 9 31.4507
 10 29.3033
 11 0.99415
 12 28.0504
 13 31.6228
 14 31.5833
 15 0.904283
 16 31.6228
 17 31.5534
 18 0.983725
 19 31.6228
 20 27.293
 21 5.40337
 22 31.6228
 23 29.9826
 24 2.66407
 25 14.9138
 26 15.3915
 27 1.66133
 28 31.338
 29 11.3962
 30 11.0348
 31 21.4513
 32 2.62362
 33 28.3071
 34 14.1685
 35 7.63569
 36 16.4205
 37 31.4304
 38 31.5744
 39 1.36122
 40 24.1679
 41 30.9864
 42 1.28835
 43 21.603
 44 28.652
 45 1.74322
 46 31.5634
 47 17.7158
 48 15.6823
 49 30.189
 50 14.1719
 51 15.3554
 52 8.41122
 53 30.6144
 54 16.5157
 55 10.2106
 56 10.8139
 57 29.3856
 58 9.4494
 59 10.4446
 60 8.43413
 61 4.36321
 62 1.30104
 63 22.972
 64 15.6323
 65 0.980584
 66 21.5437
 67 30.6035
 68 2.47631
 69 31.6223
 70 31.6228
 71 27.8742
 72 5.2862
 73 31.6123
 74 1.3488
 75 31.5748
 76 31.4268
 77 1.41799
 78 30.3697
 79 31.6055
 80 2.76492
 81 30.28
 82 31.3689
 83 18.2471
 84 1.35111
 85 10.1749
 86 1.3615
 87 31.4026
 88 1.12192
 89 1.0638
 90 1.2845
 91 2.42702
 92 17.7609
 93 26.8857
 94 19.2715
 95 25.9831
 96 29.4756
 97 16.4959
 98 13.2229
 99 9.26532
 100 21.4828
 101 29.9211
 102 8.82978
 103 11.6072
 104 10.4482
 105 10.2673
 106 12.0945
 107 12.1095
 108 12.0958
 109 9.92631
 110 8.08406
 111 12.2536
 112 13.9207
 113 13.0865
 114 12.2197
 115 11.9517
 116 10.1829
 117 11.9511
 118 12.8469
 119 11.0058
 120 8.33446
 121 10.5357
 122 6.63301
 123 7.63085
 124 5.44944
 125 5.13378
 126 6.92153
 127 4.5366
 128 8.63608
 129 7.43188
 130 6.9885
 131 4.16667
 132 4.44536
 133 4.54489
 134 5.82422
 135 2.71479
 136 6.57883
 137 2.93643
 138 2.88843
 139 2.90673
 140 3.12223
 141 3.10759
 142 2.69978
 143 2.8375
 144 3.70505
 145 3.77862
 146 3.42
 147 2.94042
 148 5.1783
 149 3.79147
 150 3.30194
 151 3.56534
 152 4.67696
 153 4.27786
 154 3.52693
 155 4.38143
 156 4.81532
 157 6.79413
 158 0.249385
 159 0.480929
 160 0.270332
 161 3.74841
 162 4.43158
 163 17.3504
 164 25.6335
 165 0.571988
