 1 60010.7
 2 746.044
 3 24.6559
 4 177935
 5 575.128
 6 388.721
 7 634446
 8 47.1175
 9 21833.1
 10 2329.19
 11 5.08545
 12 1924.4
 13 269830
 14 3586.83
 15 0.844125
 16 403775
 17 3924.54
 18 7.53073
 19 126651
 20 2428.85
 21 397.326
 22 158021
 23 3516.51
 24 196.37
 25 252.368
 26 325.139
 27 15.2611
 28 2537.19
 29 288.635
 30 276.983
 31 509.661
 32 68.8533
 33 1175.08
 34 211.481
 35 179.631
 36 424.855
 37 1518.21
 38 3098.96
 39 6.34453
 40 975.202
 41 4392.94
 42 1.90527
 43 710.206
 44 1578.97
 45 22.7868
 46 4410.83
 47 1367.67
 48 1109.11
 49 1940.64
 50 215.084
 51 427.754
 52 214.482
 53 3015.23
 54 324.036
 55 254.584
 56 280.184
 57 1136.28
 58 101.039
 59 197.56
 60 156.214
 61 21.623
 62 1.70831
 63 592.607
 64 286.201
 65 1.92745
 66 512.838
 67 3872.95
 68 135.182
 69 127797
 70 194928
 71 2371.67
 72 335.742
 73 16316
 74 26.3916
 75 18963.7
 76 8458.49
 77 8.40522
 78 2064.55
 79 8110.38
 80 135.741
 81 2764.93
 82 1568.74
 83 378.066
 84 2.44253
 85 139.251
 86 2.2752
 87 6027.92
 88 1.74653
 89 1.66475
 90 1.97407
 91 8.9343
 92 410.439
 93 1043.7
 94 585.865
 95 1027.04
 96 1450.53
 97 323.134
 98 223.248
 99 124.304
 100 573.332
 101 1335.31
 102 99.9874
 103 150.46
 104 125.222
 105 119.919
 106 156.704
 107 159.365
 108 159.939
 109 114.237
 110 89.4847
 111 168.479
 112 204.776
 113 183.516
 114 163.412
 115 160.684
 116 126.473
 117 162.57
 118 182.278
 119 136.937
 120 80.7624
 121 118.845
 122 46.7688
 123 61.0031
 124 35.1544
 125 28.9496
 126 52.3318
 127 26.4821
 128 86.2541
 129 68.1039
 130 57.5467
 131 20.3394
 132 20.7496
 133 21.9918
 134 35.8809
 135 8.77716
 136 44.4072
 137 10.0098
 138 9.35056
 139 9.56941
 140 11.115
 141 11.9725
 142 8.91152
 143 9.51177
 144 15.1271
 145 15.2702
 146 12.8227
 147 10.4205
 148 29.8748
 149 16.006
 150 12.1709
 151 14.2375
 152 23.251
 153 19.8911
 154 13.5465
 155 20.1263
 156 24.0729
 157 47.1071
 158 0.382218
 159 0.353452
 160 0.57918
 161 29.4329
 162 27.9291
 163 1108.2
 164 1278.39
 165 7.66947
