 1 1000
 2 573.994
 3 19.1587
 4 1000
 5 446.195
 6 301.635
 7 999.82
 8 2.95668
 9 992.846
 10 869.602
 11 2.59804
 12 801.138
 13 1000
 14 997.964
 15 0.824637
 16 1000
 17 997.478
 18 2.5591
 19 1000
 20 857.241
 21 140.919
 22 1000
 23 945.953
 24 53.5886
 25 235.763
 26 263.992
 27 12.5169
 28 985.359
 29 235.156
 30 226.56
 31 478.108
 32 50.6998
 33 860.524
 34 205.346
 35 157.94
 36 372.074
 37 989.161
 38 998.305
 39 3.15698
 40 597.646
 41 965.168
 42 1.70893
 43 494.953
 44 854.673
 45 12.9659
 46 997.748
 47 535.277
 48 467.396
 49 926.633
 50 213.161
 51 326.312
 52 164.719
 53 949.446
 54 281.01
 55 186.764
 56 202.194
 57 897.387
 58 99.7941
 59 176.816
 60 140.206
 61 21.5465
 62 1.70775
 63 545.328
 64 285.129
 65 1.91587
 66 505.347
 67 966.251
 68 35.7734
 69 999.983
 70 1000
 71 874.905
 72 125.173
 73 999.525
 74 2.89583
 75 998.26
 76 988.595
 77 4.49646
 78 928.215
 79 999.237
 80 44.4843
 81 954.532
 82 987.89
 83 352.441
 84 2.37625
 85 107.855
 86 2.09888
 87 990.301
 88 1.74634
 89 1.66474
 90 1.97389
 91 8.4398
 92 381.555
 93 813.829
 94 499.715
 95 761.443
 96 910.067
 97 312.256
 98 217.633
 99 123.213
 100 508.006
 101 921.27
 102 96.5793
 103 148.464
 104 124.29
 105 119.393
 106 156.232
 107 158.664
 108 159.101
 109 113.532
 110 87.9668
 111 167.522
 112 203.978
 113 182.959
 114 163.148
 115 160.385
 116 125.928
 117 162.156
 118 182.122
 119 136.675
 120 80.233
 121 118.458
 122 46.4606
 123 60.5414
 124 35.0126
 125 28.5495
 126 52.0228
 127 25.4768
 128 83.7192
 129 66.8164
 130 56.6128
 131 20.1305
 132 20.592
 133 21.7706
 134 34.954
 135 8.64981
 136 44.2027
 137 9.78141
 138 9.17094
 139 9.35513
 140 10.7193
 141 11.3323
 142 8.56987
 143 9.22795
 144 14.8115
 145 15.0847
 146 12.6261
 147 10.0197
 148 28.9866
 149 15.6404
 150 11.9757
 151 13.9927
 152 22.8865
 153 19.3193
 154 13.2449
 155 19.9311
 156 23.973
 157 46.9758
 158 0.325621
 159 0.344005
 160 0.416331
 161 23.1187
 162 24.4977
 163 380.459
 164 716.905
 165 7.0669
