 Smallest eigenvalues
  1.5296e-06   (9 -1) 
  2.4766e-06   (46 -0.739) (47 0.239) (43 0.235) (45 -0.224) (48 0.217) (42 -0.216) (50 -0.186) (54 0.177) (154 -0.175) (13 0.137) (35 -0.137) (39 -0.124) (75 -0.118) (44 0.0611) (73 -0.0553) (49 0.0496) (52 -0.0494) (55 0.0493) (60 0.048) (24 0.0469) (37 0.0449) (53 0.0327) (76 0.0322) (17 -0.0316) (23 -0.0305) (32 0.0288) (58 0.0283) (30 -0.0275) (26 0.0251) (11 -0.0233) (69 -0.0217) (33 -0.0216) (57 0.0202) (68 0.0192) (28 -0.019) (72 0.016) (12 -0.0158) (40 0.0147) (74 0.0146) (34 0.0134) (56 0.0127) (78 0.0117) (71 -0.0114) (16 0.0112) (83 -0.0105) (70 0.0105) (21 -0.0102) (79 0.0102) 
   3.706e-06   (154 -0.985) (46 0.131) (47 -0.0424) (43 -0.0419) (45 0.0398) (48 -0.0386) (42 0.0385) (50 0.033) (54 -0.0313) (13 -0.0246) (35 0.0244) (39 0.0222) (75 0.0206) (44 -0.0109) 
  5.1301e-06   (5 1) 
    5.62e-06   (149 0.635) (43 -0.51) (42 -0.459) (45 0.171) (35 -0.155) (39 -0.155) (13 0.114) (44 0.0942) (75 -0.0747) (46 0.0513) (24 0.0455) (48 0.0431) (37 0.0407) (40 0.0401) (73 -0.0332) (52 0.0326) (26 0.0311) (23 -0.0289) (32 0.0267) (17 -0.0264) (51 -0.025) (60 0.0245) (33 -0.0229) (11 -0.0197) (30 -0.0186) (54 0.0185) (56 0.0183) (53 -0.0175) (31 -0.0168) (74 0.0164) (16 0.0157) (38 0.0155) (76 0.0149) (69 -0.0144) (25 0.014) (12 -0.0132) (55 -0.0131) (41 -0.0131) (49 0.0122) (70 0.0114) (72 0.0108) 
  6.3283e-06   (149 0.773) (43 0.419) (42 0.377) (45 -0.141) (35 0.128) (39 0.127) (13 -0.0938) (44 -0.0773) (75 0.0612) (46 -0.0422) (24 -0.0374) (48 -0.0354) (37 -0.0334) (40 -0.0329) (73 0.0272) (52 -0.0268) (26 -0.0256) (23 0.0238) (32 -0.0219) (17 0.0217) (51 0.0205) (60 -0.0201) (33 0.0188) (11 0.0162) (30 0.0153) (54 -0.0152) (56 -0.015) (53 0.0144) (31 0.0138) (74 -0.0134) (16 -0.0129) (38 -0.0127) (76 -0.0122) (69 0.0118) (25 -0.0115) (12 0.0108) (41 0.0108) (55 0.0108) (49 -0.01) 
  7.8212e-06   (1 0.985) (27 0.124) (26 0.068) (24 0.0568) (35 0.0481) (13 0.0334) (23 -0.0225) (25 0.0222) (32 -0.0216) (39 0.0178) (30 0.0156) (17 -0.0113) (33 0.01) 
  7.8957e-06   (157 -0.999) (27 0.0317) (26 0.0174) (24 0.0151) (13 0.0123) (35 0.0117) 
  1.6664e-05   (27 -0.691) (26 -0.38) (24 -0.33) (13 -0.267) (35 -0.257) (1 0.171) (23 0.134) (25 -0.129) (32 0.119) (30 -0.0951) (39 -0.0933) (17 0.0752) (16 -0.0638) (20 -0.0576) (75 0.0503) (42 -0.0495) (33 -0.0484) (157 -0.0458) (31 -0.0421) (11 0.0408) (19 0.0371) (37 0.0356) (12 0.0307) (22 0.0274) (46 -0.0257) (73 0.0239) (48 -0.0203) (29 -0.0189) (60 -0.0183) (34 0.0181) (43 0.0169) (28 0.0166) (40 0.0148) (52 -0.014) (10 0.0131) (38 0.0124) (76 -0.0121) (54 -0.0121) (15 0.0103) (14 0.0102) (55 0.01) 
  3.2597e-05   (19 0.618) (21 -0.45) (43 0.376) (45 0.375) (42 -0.183) (46 0.144) (44 -0.112) (35 -0.106) (24 0.0963) (49 0.0893) (39 -0.0821) (50 -0.0685) (75 -0.0624) (20 0.0596) (40 -0.0566) (48 0.0413) (23 -0.0407) (26 0.0404) (52 0.0335) (28 -0.031) (27 0.0308) (31 -0.0266) (37 0.0253) (30 -0.0232) (79 0.0231) (60 0.0223) (54 0.0216) (51 0.0214) (72 0.021) (32 0.0193) (22 0.0178) (69 -0.0178) (33 -0.0176) (67 -0.0171) (74 -0.0171) (73 -0.0158) (34 0.0152) (47 -0.015) (64 -0.0137) (29 -0.0134) (17 0.0134) (36 -0.0129) (15 -0.0115) (38 0.0111) (16 0.0103) 
  0.00010344   (156 0.999) (19 -0.0237) (45 0.0213) (43 0.0211) (21 0.0169) 
  0.00011201   (19 0.502) (45 -0.467) (43 -0.463) (21 -0.358) (42 0.192) (46 -0.186) (13 -0.152) (44 0.149) (39 0.123) (35 0.114) (75 0.0931) (49 -0.0683) (48 -0.0653) (50 0.064) (156 0.0462) (17 0.0413) (54 -0.0402) (73 0.0349) (20 0.0321) (60 -0.0307) (22 0.0291) (58 -0.0268) (11 0.0265) (41 -0.0253) (31 0.0239) (52 -0.0238) (28 -0.0231) (27 0.0226) (37 -0.022) (47 0.022) (72 -0.02) (38 -0.0199) (40 0.0198) (69 0.0194) (56 -0.0193) (67 0.017) (16 -0.0164) (55 0.0163) (12 0.0162) (29 -0.0162) (25 -0.0156) (32 -0.0148) (34 0.0143) (51 -0.0138) (57 0.0135) (68 -0.013) (26 -0.0123) (24 0.0111) (63 0.011) (82 -0.0101) 
  0.00012408   (3 -1) 
  0.00016312   (24 -0.639) (23 -0.572) (13 0.34) (17 -0.199) (21 -0.197) (26 -0.119) (28 0.102) (35 0.0934) (30 0.0892) (22 -0.0773) (39 0.0643) (11 -0.0548) (42 0.0423) (12 -0.0406) (27 0.0386) (37 -0.0382) (32 -0.0371) (45 0.036) (25 -0.0349) (20 -0.0328) (15 -0.0321) (33 0.028) (19 -0.0264) (43 -0.0234) (75 -0.0194) (40 -0.0193) (29 -0.0166) (51 -0.0134) (44 -0.0122) (57 0.0119) (73 -0.0114) (49 0.0104) (10 -0.01) 
  0.00019904   (159 -1) 
  0.00021487   (2 -1) 
  0.00024175   (20 -0.579) (19 0.394) (23 0.368) (21 0.363) (13 0.323) (17 -0.304) (24 -0.118) (22 0.0759) (35 0.07) (16 0.0547) (11 -0.0516) (26 -0.05) (39 0.0413) (158 -0.0412) (12 -0.0378) (15 -0.0359) (28 0.0326) (30 0.0292) (33 0.0281) (32 -0.0274) (29 -0.0225) (42 0.0209) (37 -0.0206) (25 -0.0177) (75 -0.0176) (27 0.0155) (40 -0.014) (45 0.0113) (31 0.01) 
  0.00025358   (158 -0.999) (20 0.0238) (19 -0.0162) (23 -0.0151) (21 -0.015) (13 -0.0134) (17 0.0125) 
  0.00028952   (8 -1) 
  0.00029311   (26 -0.605) (24 0.447) (25 -0.429) (150 -0.374) (13 0.186) (23 -0.16) (35 0.135) (17 -0.0792) (32 -0.0617) (39 0.0598) (20 0.0494) (22 -0.0492) (16 0.0487) (31 -0.0452) (54 0.0333) (29 -0.0288) (33 0.0276) (11 -0.0266) (51 0.0231) (34 -0.023) (75 -0.0205) (46 0.0202) (12 -0.0189) (50 -0.0188) (43 -0.0154) (40 -0.015) (55 0.0146) (15 -0.0137) (37 -0.0132) (73 -0.0126) (49 -0.0125) (53 0.0122) (52 -0.012) (38 -0.0114) (45 0.0112) (30 0.011) (28 0.0109) (42 0.0103) 
  0.00029747   (150 -0.927) (26 0.244) (24 -0.18) (25 0.173) (13 -0.0752) (23 0.0647) (35 -0.0544) (17 0.032) (32 0.0249) (39 -0.0241) (20 -0.02) (22 0.0199) (16 -0.0197) (31 0.0183) (54 -0.0134) (29 0.0116) (33 -0.0111) (11 0.0107) 
  0.00031424   (6 1) 
  0.00032133   (20 0.658) (23 0.463) (22 0.305) (13 0.281) (152 -0.229) (17 -0.214) (24 -0.208) (35 0.0964) (26 -0.0874) (16 0.0831) (39 0.0569) (32 -0.045) (21 -0.0426) (15 -0.0425) (11 -0.0401) (33 0.03) (12 -0.0295) (29 -0.0216) (75 -0.0209) (73 -0.019) (30 -0.0169) (34 -0.0166) (14 -0.0164) (40 -0.0148) (54 0.0146) (38 -0.0136) (74 0.0128) (46 0.0123) (48 0.0117) (41 0.0105) (10 -0.0102) 
  0.00035544   (152 -0.973) (20 -0.155) (23 -0.109) (22 -0.0719) (13 -0.0661) (17 0.0504) (24 0.049) (35 -0.0227) (26 0.0206) (16 -0.0196) (39 -0.0134) (32 0.0106) (21 0.01) (15 0.01) 
  0.00038884   (73 -0.664) (57 -0.463) (75 0.322) (58 -0.212) (60 -0.171) (74 -0.168) (63 0.138) (69 -0.129) (42 -0.114) (45 -0.113) (51 0.112) (55 -0.0929) (46 0.0725) (50 0.0668) (54 0.0643) (43 0.0635) (70 0.0627) (53 0.0592) (64 -0.0591) (72 0.0582) (30 -0.0572) (44 0.0473) (76 -0.0411) (37 0.0355) (35 0.03) (48 0.0297) (16 -0.0293) (21 -0.0285) (56 0.0284) (33 0.0277) (38 -0.0264) (20 -0.0245) (99 -0.0241) (52 -0.0235) (13 0.0229) (79 0.0221) (122 0.0202) (104 0.0198) (88 0.0193) (68 -0.0192) (115 -0.0187) (40 0.0187) (124 0.0178) (83 -0.0177) (92 0.0177) (59 0.0174) (100 0.0167) (41 0.0165) (28 -0.0163) (71 -0.0163) (19 -0.0152) (108 -0.0151) (89 -0.0145) (91 -0.0142) (24 -0.0138) (118 0.013) (47 0.0123) (77 0.0118) (78 -0.0113) (90 -0.0111) (126 0.0108) 
  0.00040063   (73 0.588) (57 -0.478) (58 -0.266) (63 0.221) (153 0.2) (60 -0.176) (45 -0.166) (69 -0.161) (75 -0.161) (68 -0.154) (42 -0.143) (51 0.128) (74 0.105) (43 0.0937) (64 -0.0935) (55 -0.0847) (13 0.0773) (46 0.0773) (30 -0.0734) (48 -0.0678) (37 0.0647) (44 0.061) (50 0.0585) (72 -0.056) (56 0.0537) (53 0.0536) (38 -0.034) (54 0.0333) (21 -0.031) (28 -0.0303) (16 -0.0294) (67 0.0263) (41 0.0259) (79 -0.0256) (122 -0.0252) (19 -0.0236) (59 0.0231) (40 0.0216) (83 -0.021) (118 0.021) (35 -0.0209) (70 -0.0198) (115 -0.0196) (17 -0.0174) (76 0.0173) (126 -0.0154) (127 0.0151) (121 -0.0148) (92 0.0148) (33 0.0144) (99 -0.0142) (11 -0.0134) (78 0.0133) (20 -0.0126) (91 -0.0125) (135 0.0124) (125 -0.0123) (112 0.012) (114 0.0115) (49 0.0114) (120 0.0113) (89 -0.0108) (101 -0.0105) (104 0.0101) (39 -0.01) 
  0.00044818   (153 0.98) (73 -0.115) (57 0.102) (58 0.0563) (63 -0.0461) (60 0.0374) (45 0.0355) (69 0.0338) (68 0.0315) (42 0.0308) (75 0.0306) (51 -0.0275) (74 -0.0202) (43 -0.02) (64 0.0196) (55 0.0183) (46 -0.0167) (13 -0.0163) (30 0.0158) (37 -0.0137) (48 0.0137) (44 -0.0131) (50 -0.0127) (53 -0.0116) (56 -0.0113) (72 0.011) 
  0.00046173   (25 0.856) (26 -0.458) (24 0.139) (53 -0.0897) (51 0.0868) (23 -0.0686) (13 0.0658) (54 -0.0424) (45 -0.0381) (28 -0.0333) (57 0.0315) (52 -0.0305) (48 -0.0302) (55 0.0302) (39 0.0261) (50 0.0227) (27 -0.0223) (20 -0.0218) (17 -0.0206) (56 -0.0199) (75 -0.0192) (16 0.018) (21 -0.0178) (43 0.017) (46 0.0149) (32 -0.0134) (42 -0.0131) (60 0.0113) (11 -0.0111) (30 -0.0109) (73 -0.0107) 
  0.00047777   (147 0.701) (51 0.397) (53 -0.372) (54 -0.192) (52 -0.156) (45 -0.155) (55 0.138) (57 0.122) (42 -0.12) (50 0.116) (56 -0.107) (25 -0.098) (43 0.0882) (48 -0.0856) (26 0.0653) (13 0.0583) (46 0.0576) (30 -0.0479) (60 0.047) (44 0.0469) (73 -0.0401) (37 0.0393) (35 -0.0385) (39 -0.0329) (58 0.0311) (75 -0.0297) (49 0.026) (47 -0.0221) (40 0.0219) (16 -0.0152) (41 0.0147) (38 -0.0147) (19 -0.0125) (21 -0.0124) (17 -0.0112) (68 0.0108) (28 -0.0105) (70 0.0102) (11 -0.01) 
  0.00051729   (147 0.713) (51 -0.391) (53 0.366) (54 0.189) (52 0.153) (45 0.153) (55 -0.136) (57 -0.12) (42 0.118) (50 -0.114) (56 0.105) (25 0.0925) (43 -0.0868) (48 0.0843) (26 -0.0621) (13 -0.0576) (46 -0.0566) (30 0.0472) (60 -0.0462) (44 -0.0462) (73 0.0394) (37 -0.0387) (35 0.0379) (39 0.0323) (58 -0.0306) (75 0.0291) (49 -0.0256) (47 0.0217) (40 -0.0215) (16 0.0149) (38 0.0145) (41 -0.0145) (19 0.0123) (21 0.0123) (17 0.0111) (68 -0.0106) (28 0.0105) (70 -0.0101) 
  0.00056719   (53 0.696) (54 -0.447) (52 -0.27) (39 -0.269) (35 0.154) (51 0.153) (57 0.148) (37 -0.127) (38 0.124) (42 -0.121) (50 0.105) (56 0.101) (45 -0.0948) (43 0.0665) (55 0.0564) (75 -0.0517) (49 0.0514) (40 0.0491) (60 0.0432) (69 -0.0348) (44 0.0321) (46 0.0283) (73 -0.0261) (33 0.0228) (47 -0.0216) (48 -0.0174) (70 0.0157) (151 0.0152) (58 0.0151) (21 -0.0117) (74 0.0111) (32 -0.0107) (25 0.0104) 
  0.00057117   (151 0.973) (39 0.14) (35 -0.105) (37 0.0908) (38 -0.0786) (53 0.0554) (54 -0.0318) (30 -0.027) (13 0.0259) (52 -0.0187) (40 -0.017) (48 0.0167) (42 0.0138) (51 0.0133) (57 0.0132) (24 0.0108) (75 -0.0105) (73 -0.0104) (26 0.0103) 
  0.00062481   (39 -0.575) (35 0.432) (37 -0.376) (38 0.324) (53 -0.281) (151 0.23) (54 0.164) (30 0.114) (13 -0.11) (52 0.0971) (48 -0.07) (40 0.0685) (51 -0.0664) (57 -0.0655) (42 -0.0505) (75 0.0478) (73 0.0461) (24 -0.0452) (50 -0.0435) (26 -0.043) (56 -0.0422) (32 -0.0385) (22 0.0312) (60 -0.0294) (36 0.0276) (43 0.0268) (23 0.0228) (19 0.0218) (17 0.0209) (34 -0.0202) (45 -0.0201) (31 0.0197) (11 0.0174) (27 -0.0164) (46 -0.0164) (33 0.0161) (68 -0.0149) (58 -0.0129) (70 -0.0126) (21 0.0124) (12 0.0124) (28 0.012) 
  0.00068078   (69 0.897) (68 0.258) (57 -0.213) (70 -0.186) (48 0.0952) (51 0.0884) (42 -0.0564) (71 0.0487) (58 -0.0481) (53 0.0448) (75 -0.0444) (50 0.0422) (60 -0.0413) (45 -0.0382) (67 -0.0373) (83 -0.0336) (30 -0.0327) (46 0.0327) (55 -0.0283) (148 0.0269) (52 -0.0239) (43 0.0239) (49 -0.0226) (35 0.0218) (73 0.0206) (33 0.0193) (21 -0.019) (44 0.0172) (20 -0.0169) (125 -0.0168) (37 0.0166) (16 -0.0164) (115 -0.0157) (104 0.0155) (89 -0.0153) (124 0.0152) (39 -0.0151) (127 0.015) (100 0.0147) (97 -0.0141) (13 0.014) (78 0.0135) (122 0.0132) (88 0.0132) (92 0.0127) (40 0.0125) (99 -0.0124) (63 -0.0122) (41 0.0121) (91 -0.0116) (54 0.0111) (90 0.0109) (118 0.0104) (107 -0.0102) (38 -0.0102) (79 -0.0101) 
  0.00070136   (148 0.839) (48 -0.422) (51 -0.192) (49 0.146) (45 -0.128) (42 -0.1) (43 0.0809) (44 0.0533) (54 0.0518) (73 -0.0511) (13 0.0486) (35 -0.0431) (57 0.0426) (37 0.0386) (46 0.0327) (52 0.0325) (53 0.0316) (58 0.0312) (30 -0.0309) (75 -0.0299) (68 0.0284) (69 0.0262) (56 -0.0246) (63 -0.0196) (38 -0.017) (55 -0.0163) (60 0.0158) (28 -0.0122) (19 -0.0113) (24 0.0112) (22 -0.0109) 
  0.00076049   (48 0.647) (148 0.544) (51 0.292) (49 -0.224) (45 0.2) (42 0.158) (43 -0.126) (69 -0.0851) (44 -0.0832) (54 -0.0805) (73 0.078) (13 -0.0757) (35 0.0652) (37 -0.0604) (68 -0.0568) (57 -0.0546) (46 -0.0522) (53 -0.0513) (30 0.0495) (52 -0.0488) (75 0.0484) (58 -0.0457) (56 0.0383) (63 0.0309) (38 0.0268) (55 0.0267) (60 -0.0222) (28 0.0193) (19 0.0178) (24 -0.017) (22 0.0166) (17 0.0149) (40 -0.0148) (41 -0.0145) (50 0.0131) (72 -0.0128) (21 0.0127) (16 0.0125) (11 0.0123) (64 -0.0122) (26 -0.0116) (121 0.0115) (67 0.0111) 
  0.00078105   (38 -0.704) (39 -0.449) (37 0.239) (21 -0.238) (35 0.206) (23 0.158) (42 0.148) (19 -0.136) (22 -0.132) (20 -0.114) (33 0.0928) (40 -0.0828) (41 -0.0786) (16 -0.0754) (45 0.0747) (13 0.0595) (30 -0.0532) (43 -0.0515) (46 -0.0348) (36 -0.0347) (44 -0.0306) (57 0.03) (51 -0.0278) (17 -0.027) (34 -0.0212) (32 -0.0204) (50 -0.0199) (26 -0.0195) (55 0.0171) (24 -0.0152) (54 -0.0147) (48 -0.0128) (53 -0.0123) (11 -0.0106) (75 0.0105) 
   0.0008302   (21 -0.555) (23 0.415) (22 -0.378) (19 -0.323) (38 0.283) (20 -0.219) (30 0.184) (39 0.164) (13 0.16) (37 -0.137) (16 -0.107) (28 0.0835) (17 -0.0791) (35 -0.0701) (33 -0.0619) (24 0.0405) (143 -0.0375) (11 -0.0266) (27 -0.023) (36 0.0193) (12 -0.0188) (40 0.0178) (26 -0.0139) (48 0.0131) (41 0.0128) (34 0.0117) (29 0.0106) (45 0.0101) (32 0.0101) 
  0.00086133   (143 -0.999) (142 0.0385) (21 0.0217) (23 -0.0161) (22 0.0147) (19 0.0126) 
   0.0009589   (45 -0.366) (50 -0.358) (51 -0.345) (46 0.338) (49 -0.33) (48 0.309) (42 -0.28) (16 -0.276) (43 0.167) (57 0.133) (54 -0.11) (44 0.0999) (17 0.0973) (47 -0.0971) (55 0.0942) (13 0.0876) (35 0.0859) (41 0.0855) (30 -0.0658) (53 -0.0544) (56 -0.0536) (37 0.0521) (75 0.048) (33 0.0467) (38 -0.0448) (39 0.0372) (24 -0.0303) (52 0.0274) (68 -0.0206) (58 0.0201) (60 0.0191) (40 0.0183) (83 -0.0159) (73 0.0155) (32 -0.0154) (26 -0.0151) (19 0.0151) (28 -0.0139) (74 -0.013) (11 -0.0128) (23 0.0117) (69 -0.0111) (112 0.0103) (114 0.0102) 
   0.0010592   (16 -0.813) (17 0.344) (13 0.264) (21 0.149) (45 0.133) (19 0.12) (42 0.12) (46 -0.105) (30 0.101) (20 0.0961) (50 0.0943) (49 0.0928) (51 0.085) (48 -0.0822) (43 -0.0663) (28 0.0482) (37 -0.0426) (11 -0.0424) (44 -0.0404) (41 -0.0331) (12 -0.0308) (38 0.0301) (54 0.0282) (57 -0.0281) (47 0.0271) (33 -0.0264) (55 -0.0224) (22 0.022) (14 0.018) (24 0.0166) (26 -0.0163) (23 0.0161) (40 -0.0148) (75 -0.0145) (35 -0.0144) (56 0.0135) (53 0.0127) 
   0.0012688   (146 -1) 
   0.0014626   (55 -0.629) (56 -0.446) (30 -0.408) (57 0.265) (54 0.239) (51 0.149) (53 0.122) (32 -0.108) (33 -0.107) (48 0.0817) (50 0.0751) (37 -0.0702) (28 -0.0673) (46 0.0608) (16 -0.0486) (75 0.0472) (21 -0.0467) (20 -0.0438) (13 0.0423) (52 -0.0415) (45 -0.0401) (73 0.039) (35 0.0369) (68 -0.032) (19 -0.0316) (38 0.0265) (31 0.0232) (58 0.0214) (47 0.0211) (44 0.0204) (63 0.0187) (27 0.0184) (72 0.0178) (24 -0.0169) (60 0.0168) (70 -0.0155) (29 -0.0153) (42 -0.0132) (43 0.0119) (139 0.0117) (74 -0.0117) (69 -0.0109) 
   0.0015216   (30 -0.745) (55 0.314) (33 -0.276) (56 0.209) (32 -0.201) (37 -0.176) (42 0.159) (54 -0.123) (28 -0.114) (51 -0.11) (139 0.109) (57 -0.104) (38 0.0988) (13 0.0987) (45 0.0938) (53 -0.0644) (43 -0.0596) (50 -0.0584) (21 -0.0528) (46 -0.0496) (16 -0.0462) (41 -0.0459) (19 -0.045) (31 0.0415) (20 -0.0408) (44 -0.038) (39 -0.0321) (27 0.0314) (48 -0.0313) (40 -0.0286) (52 0.0277) (17 -0.026) (73 -0.0259) (35 -0.025) (22 -0.0246) (75 -0.0243) (36 0.0242) (34 0.022) (29 -0.0219) (26 0.0212) (11 -0.0167) (68 0.0145) (12 -0.0116) (63 -0.0109) 
   0.0015597   (139 0.994) (30 0.0868) (33 0.0315) (55 -0.0269) (32 0.0233) (37 0.0201) (56 -0.0177) (42 -0.017) (28 0.0134) (13 -0.0114) (38 -0.0111) (54 0.0107) (51 0.0101) 
   0.0017695   (15 0.882) (32 0.41) (13 0.112) (28 -0.0906) (14 -0.0853) (35 0.0839) (30 -0.0784) (31 -0.0747) (134 -0.0358) (37 -0.0352) (39 0.0296) (42 0.0252) (17 -0.0233) (33 0.0189) (16 0.0179) (72 -0.0139) (26 0.0137) (44 -0.0128) (43 -0.0122) (19 0.0117) (11 -0.0108) (12 -0.0107) (45 0.0106) (20 0.0101) 
    0.001794   (134 -0.682) (32 0.585) (15 -0.352) (30 -0.128) (35 0.12) (28 -0.111) (31 -0.107) (37 -0.0517) (13 0.0474) (39 0.034) (33 0.0336) (14 0.0325) (42 0.0323) (24 0.0299) (26 0.0247) (23 -0.0204) (17 -0.0204) (19 -0.0196) (43 -0.0165) (44 -0.0158) (21 -0.0126) (51 -0.0119) (52 -0.0114) (38 0.0109) (45 0.0108) (11 -0.0103) (75 -0.0102) 
   0.0019273   (134 -0.73) (32 -0.566) (15 0.286) (30 0.123) (35 -0.116) (28 0.109) (31 0.104) (37 0.05) (13 -0.0499) (39 -0.0332) (33 -0.0323) (42 -0.0313) (24 -0.0279) (14 -0.0261) (26 -0.0237) (17 0.0202) (23 0.0194) (19 0.0177) (43 0.016) (44 0.0153) (21 0.0121) (51 0.0114) (52 0.0108) (38 -0.0106) (45 -0.0106) (11 0.0101) 
   0.0019731   (28 -0.89) (52 -0.269) (30 0.197) (32 -0.124) (51 -0.119) (47 -0.0853) (24 -0.0841) (68 0.0818) (29 0.0804) (49 0.0788) (48 0.0554) (35 -0.0526) (26 -0.0507) (31 0.0478) (70 0.047) (54 0.0454) (25 -0.0452) (53 -0.0439) (50 0.0436) (44 -0.0363) (16 -0.0341) (20 -0.0303) (72 0.0288) (19 -0.0282) (45 0.0272) (73 0.0232) (27 0.023) (37 -0.0215) (43 -0.0205) (66 0.0196) (60 -0.0196) (75 0.0177) (41 0.0165) (69 -0.0165) (36 0.0157) (58 -0.0156) (14 -0.0154) (57 -0.0143) (21 -0.0142) (33 -0.0137) (42 0.0135) (15 -0.0127) (17 -0.0126) (82 -0.0115) (74 0.0113) (132 -0.0107) (63 -0.0104) (56 -0.0103) 
   0.0021686   (68 0.702) (70 0.385) (52 0.247) (72 0.193) (132 -0.184) (67 -0.161) (75 0.159) (73 0.159) (49 -0.15) (69 -0.143) (66 0.142) (51 0.132) (78 -0.0943) (74 0.0925) (71 -0.0899) (58 0.0788) (63 -0.0755) (53 0.0599) (47 0.0548) (60 -0.0512) (79 -0.05) (82 -0.0437) (48 -0.0411) (42 -0.0378) (130 0.0359) (56 0.034) (83 -0.0331) (57 -0.0326) (64 -0.032) (87 0.0285) (43 0.0267) (84 0.0263) (107 -0.0253) (80 -0.0249) (76 -0.0243) (108 0.0216) (45 -0.0201) (50 0.0199) (30 -0.019) (44 0.019) (41 0.019) (62 -0.0189) (55 -0.0171) (96 -0.0162) (118 -0.0154) (92 0.0152) (106 0.0145) (35 0.0141) (37 0.0119) (16 -0.0113) (59 0.0111) (65 -0.0109) (86 0.0106) (129 -0.0106) 
   0.0023237   (52 0.568) (132 -0.532) (28 -0.276) (68 -0.259) (51 0.235) (47 0.197) (49 -0.169) (70 -0.165) (54 -0.106) (53 0.0967) (48 -0.0959) (72 -0.0928) (73 -0.0831) (58 0.0765) (44 0.0754) (66 -0.0612) (60 0.0605) (130 0.0587) (69 0.0548) (30 0.0548) (50 -0.0539) (67 0.0521) (75 -0.0499) (57 0.0459) (74 -0.0378) (56 0.0377) (41 -0.0324) (24 -0.0309) (83 0.0294) (63 0.0281) (35 -0.0278) (43 0.0277) (82 0.0264) (71 0.0209) (29 0.0205) (46 0.0186) (79 0.0182) (32 -0.018) (13 0.0179) (61 -0.0179) (25 -0.0177) (45 -0.0172) (34 -0.0167) (16 -0.0166) (19 -0.0159) (26 -0.0158) (78 0.0154) (20 -0.0146) (37 -0.0142) (92 0.0136) (64 0.0128) (62 0.0127) (112 -0.0124) (118 -0.0122) (17 -0.0109) (115 0.0108) (39 -0.0104) (114 -0.0102) 
   0.0024152   (132 -0.821) (52 -0.422) (28 0.193) (51 -0.182) (49 0.144) (47 -0.139) (53 -0.076) (48 0.0711) (54 0.0685) (58 -0.0673) (130 0.0648) (44 -0.0528) (30 -0.0337) (56 -0.0321) (50 0.0298) (60 -0.0272) (43 -0.0239) (24 0.0234) (57 -0.022) (70 0.0192) (73 0.0178) (41 0.0163) (72 0.0162) (29 -0.0157) (45 0.0155) (35 0.0154) (129 -0.0151) (16 0.0139) (135 0.0128) (13 -0.0127) (32 0.0121) (25 0.0121) (83 -0.0119) (20 0.0118) (26 0.0116) (46 -0.0114) (92 -0.0113) (34 0.0111) (19 0.0111) (78 0.0109) (61 0.01) 
   0.0025582   (22 0.813) (20 -0.292) (21 -0.286) (19 -0.224) (56 -0.223) (24 0.106) (54 -0.0867) (23 -0.0774) (55 0.0742) (14 0.0724) (16 -0.072) (57 -0.0674) (30 0.0629) (45 0.0479) (51 -0.0469) (29 0.0462) (46 -0.0398) (50 -0.039) (33 -0.0373) (42 0.0362) (35 -0.0326) (11 -0.032) (25 -0.031) (28 0.0308) (44 -0.0261) (18 0.0242) (75 -0.0227) (43 -0.0219) (38 0.0214) (48 -0.0195) (41 0.018) (26 0.0174) (52 0.0169) (27 -0.0156) (125 -0.0137) (68 0.0135) (69 -0.0134) (53 0.0124) (70 0.0123) (121 0.0122) (40 -0.0121) (60 -0.012) (13 0.0119) (120 -0.0114) (32 0.0112) (83 0.0112) 
   0.0026278   (60 0.859) (56 0.346) (54 0.16) (58 -0.138) (75 0.134) (55 -0.129) (22 0.105) (45 -0.0837) (50 0.079) (46 0.077) (57 -0.0612) (20 -0.0497) (73 0.0496) (21 -0.0495) (52 -0.0432) (51 0.0408) (64 -0.0402) (133 -0.039) (63 0.0376) (19 -0.0323) (74 -0.0316) (72 -0.0293) (44 0.0279) (68 0.0241) (43 0.0237) (108 -0.0233) (53 -0.023) (83 0.0227) (16 -0.0225) (125 -0.0223) (76 -0.022) (79 0.0205) (61 0.0203) (48 0.0179) (107 0.0178) (47 -0.0177) (121 -0.0173) (14 0.017) (59 -0.0162) (109 0.0158) (30 -0.015) (99 -0.0136) (78 -0.013) (62 -0.0121) (40 0.0116) (39 -0.0106) (106 -0.0104) 
   0.0027545   (133 -0.717) (56 0.476) (60 -0.293) (57 0.243) (54 0.162) (22 0.134) (55 -0.129) (51 0.0888) (47 -0.0852) (42 -0.0652) (20 -0.0637) (21 -0.0616) (50 0.0599) (41 0.0597) (45 -0.0513) (58 0.0443) (53 -0.0426) (19 -0.0426) (68 -0.0389) (16 -0.0291) (35 0.029) (70 -0.0275) (43 0.0268) (69 0.0253) (83 -0.0242) (30 -0.0228) (44 -0.0221) (75 0.0204) (49 -0.0193) (52 -0.018) (64 0.0179) (37 0.0178) (63 -0.0172) (39 0.0171) (125 0.0148) (67 0.0116) (29 0.0115) (135 -0.0109) (118 0.0107) (123 0.0107) (38 -0.0105) (71 0.0104) 
   0.0028628   (133 -0.696) (56 -0.508) (60 0.252) (57 -0.246) (54 -0.176) (22 -0.144) (55 0.14) (51 -0.0936) (47 0.0883) (20 0.0683) (42 0.0669) (50 -0.0663) (21 0.0662) (41 -0.0605) (45 0.0579) (19 0.0456) (53 0.045) (125 -0.0404) (68 0.0388) (58 -0.0375) (16 0.0313) (35 -0.0296) (43 -0.029) (70 0.0278) (75 -0.0277) (69 -0.0258) (83 0.0244) (30 0.0243) (52 0.0212) (44 0.0208) (49 0.0199) (37 -0.0188) (123 -0.017) (39 -0.0168) (64 -0.0162) (63 0.0156) (46 -0.0147) (135 -0.0143) (107 0.013) (127 0.0129) (118 -0.0123) (29 -0.0117) (67 -0.0114) (74 0.0112) (38 0.011) (71 -0.0102) (23 0.01) 
   0.0034584   (37 0.753) (38 0.467) (63 0.266) (35 0.181) (83 0.131) (64 -0.129) (42 0.126) (39 -0.124) (41 -0.092) (30 -0.076) (57 0.0732) (36 -0.0684) (58 0.0673) (45 0.0451) (28 -0.0415) (51 -0.0369) (33 0.0356) (86 -0.0354) (43 -0.0305) (14 -0.0293) (68 0.0282) (55 0.0254) (47 0.0247) (73 -0.0202) (96 -0.0201) (20 -0.0177) (16 -0.0175) (21 -0.0167) (69 0.0167) (62 0.0166) (24 -0.0162) (90 0.0161) (48 0.014) (131 0.0136) (75 -0.0135) (29 0.0134) (88 -0.0134) (108 0.0127) (84 0.0127) (53 -0.0118) (107 -0.0117) (34 -0.0115) (22 -0.0115) (49 0.0114) 
   0.0038404   (83 0.856) (63 -0.323) (131 0.248) (64 0.156) (86 -0.15) (57 -0.0814) (90 0.0752) (58 -0.0709) (84 0.0644) (85 0.0543) (107 -0.0492) (91 -0.0434) (108 0.0412) (89 -0.0393) (60 -0.0349) (55 -0.0344) (96 -0.0339) (106 0.0334) (112 0.0332) (42 -0.0325) (75 -0.0324) (45 -0.0314) (103 -0.0292) (51 0.0283) (115 -0.0278) (114 0.0251) (72 -0.0239) (88 -0.0239) (97 -0.0218) (102 0.0199) (62 -0.0195) (87 -0.0194) (93 0.019) (41 0.0189) (118 0.0189) (124 0.0187) (79 0.0185) (109 0.0174) (46 0.0173) (78 -0.0173) (30 -0.017) (70 0.0168) (104 0.0167) (101 -0.0165) (54 0.0161) (52 -0.0157) (43 0.0156) (48 0.0149) (130 0.0148) (110 0.0139) (69 -0.0139) (92 0.0137) (56 0.0132) (38 -0.0129) (116 0.0125) (126 0.0121) (71 -0.0119) (100 0.0117) (81 0.0109) (127 0.0108) (47 -0.0108) (74 0.0106) 
   0.0039959   (131 0.601) (63 -0.525) (83 -0.405) (64 0.256) (37 0.211) (38 0.126) (58 -0.103) (57 -0.094) (47 0.0822) (86 0.0788) (68 -0.0746) (41 -0.0542) (44 0.0494) (90 -0.0484) (39 -0.0452) (75 0.044) (73 0.0434) (69 -0.0422) (46 0.0417) (35 0.04) (84 -0.0384) (96 0.0326) (62 -0.0309) (108 -0.0306) (42 0.03) (85 -0.0296) (88 0.0291) (107 0.0284) (130 0.0269) (30 -0.025) (55 -0.0244) (51 0.021) (36 -0.0199) (103 0.0195) (49 0.0191) (106 -0.0186) (91 0.0186) (70 -0.018) (66 -0.0177) (89 0.0165) (109 -0.0158) (28 -0.0153) (13 0.0147) (48 0.0144) (61 0.0141) (59 0.0137) (94 0.0136) (74 -0.0123) (102 -0.0117) (45 -0.0116) (127 0.0115) (93 -0.0113) (99 -0.0113) (87 0.0109) (112 -0.0107) (20 -0.0102) 
   0.0040947   (131 0.758) (63 0.517) (64 -0.252) (37 -0.182) (58 0.104) (38 -0.104) (57 0.1) (47 -0.0611) (68 0.0589) (44 -0.0402) (39 0.0397) (46 -0.0386) (35 -0.0384) (41 0.0377) (69 0.0375) (83 0.0357) (73 -0.0353) (130 0.0323) (62 0.0307) (55 0.0306) (30 0.0272) (51 -0.0256) (75 -0.0233) (45 0.0192) (36 0.0175) (96 -0.0168) (48 -0.0167) (108 0.0164) (60 0.0161) (88 -0.0154) (66 0.0153) (90 0.0147) (42 -0.0147) (59 -0.014) (28 0.014) (61 -0.0139) (86 -0.0138) (13 -0.0133) (49 -0.0133) (107 -0.0124) (94 -0.0122) (20 0.011) (52 0.0107) (21 0.0107) 
   0.0041582   (105 0.542) (96 0.345) (103 0.294) (124 0.269) (109 0.242) (104 -0.23) (99 -0.217) (107 -0.2) (123 -0.187) (110 -0.187) (101 0.17) (120 -0.142) (121 -0.13) (113 0.13) (125 0.123) (100 -0.102) (102 -0.0921) (98 -0.086) (115 -0.0744) (112 -0.0713) (94 0.0651) (89 0.054) (47 0.0473) (93 -0.0421) (118 0.0365) (111 0.0349) (92 0.0346) (116 -0.0344) (83 0.0309) (81 0.0303) (145 0.0276) (126 -0.0271) (72 -0.027) (46 0.0242) (119 0.0206) (85 -0.0193) (88 -0.0191) (108 0.019) (117 0.0181) (44 0.0172) (80 -0.0172) (49 0.0172) (90 -0.0142) (63 0.0139) (68 0.0139) (52 -0.0134) (70 0.0125) (60 -0.0125) (48 0.0122) (79 0.012) (135 0.0112) (42 0.0106) (114 -0.0103) 
   0.0043289   (145 -0.999) (124 0.0334) (123 -0.0201) (125 0.0139) (135 0.0105) (120 -0.0102) (113 0.0102) 
   0.0044294   (47 0.737) (46 0.323) (44 0.295) (49 0.263) (52 -0.152) (41 -0.15) (48 0.144) (42 0.112) (72 -0.11) (56 0.0972) (60 -0.0889) (37 -0.0857) (14 0.081) (63 0.0782) (57 0.0748) (68 0.0674) (51 -0.066) (124 -0.0627) (83 0.0597) (70 0.0548) (81 0.0539) (54 0.0492) (123 0.0485) (58 0.0484) (96 0.0462) (35 -0.0457) (53 -0.0457) (125 -0.0434) (107 0.0424) (121 0.0409) (105 -0.0396) (64 -0.0375) (22 0.0351) (55 0.0342) (38 -0.034) (120 0.0339) (80 -0.0319) (71 -0.0302) (109 -0.0287) (106 -0.0264) (30 0.0258) (113 0.0234) (86 0.0228) (29 -0.0221) (73 0.0217) (11 -0.0215) (108 -0.0209) (79 0.0208) (111 0.0195) (103 -0.0183) (91 -0.0179) (66 0.0178) (90 -0.0177) (99 0.0168) (45 -0.0156) (28 0.0153) (88 0.0151) (85 -0.0146) (75 0.0144) (110 0.0133) (43 0.0127) (33 -0.0126) (67 -0.0125) (89 0.0125) (39 -0.0124) (101 -0.0118) (82 0.0115) (78 -0.0107) (102 -0.0105) 
   0.0044433   (72 -0.616) (44 0.426) (80 -0.379) (47 -0.27) (82 0.166) (79 0.159) (70 0.142) (71 -0.142) (94 0.138) (45 0.125) (86 0.119) (84 -0.0927) (46 -0.084) (98 -0.0832) (68 0.079) (43 0.0739) (76 -0.0675) (90 0.0647) (77 -0.0581) (111 0.0558) (41 -0.0548) (49 -0.0532) (96 -0.0456) (113 -0.0455) (93 0.0445) (108 0.0435) (78 0.038) (73 -0.035) (107 0.032) (85 -0.0319) (105 -0.0313) (60 -0.0306) (81 0.0279) (42 0.0269) (104 0.0268) (55 -0.0241) (121 -0.0234) (74 0.0233) (92 -0.0232) (66 0.0206) (123 -0.0206) (101 -0.0205) (100 0.0191) (97 0.0184) (58 0.0177) (87 0.0172) (124 0.0172) (155 -0.0171) (103 0.0162) (54 0.0158) (125 0.0151) (106 -0.0141) (89 0.0129) (75 -0.0128) (110 0.0121) (112 0.0112) (67 -0.0109) (120 -0.0107) 
    0.004534   (155 -0.999) (44 -0.0348) (47 0.0129) 
   0.0049264   (44 0.748) (72 0.454) (47 -0.22) (45 0.199) (80 0.149) (41 -0.134) (79 -0.132) (70 -0.102) (43 0.101) (71 0.096) (42 0.091) (86 -0.0815) (46 -0.0687) (108 -0.0674) (82 -0.0632) (90 0.0514) (68 -0.0486) (111 -0.0447) (85 0.0407) (84 0.0403) (98 0.04) (89 -0.0394) (37 -0.0388) (113 0.0368) (155 -0.0361) (78 0.0327) (49 -0.0318) (96 0.0273) (39 0.0268) (14 0.0246) (73 0.0242) (58 -0.0238) (50 -0.0225) (105 0.0193) (112 -0.0186) (104 -0.0183) (101 0.0175) (52 -0.0171) (66 -0.0163) (76 0.0162) (107 -0.0161) (121 0.016) (94 0.0159) (110 -0.0157) (56 0.0156) (22 0.0156) (124 -0.0154) (123 0.0151) (13 -0.0146) (87 -0.0144) (114 -0.0141) (115 0.0138) (30 0.0138) (100 -0.0135) (32 0.0129) (125 -0.0126) (83 0.0123) (38 -0.0122) (119 -0.0122) (29 -0.0116) (57 0.0109) (54 -0.0103) (15 0.0103) (63 0.0101) 
   0.0049877   (18 -0.979) (138 -0.184) (17 -0.048) (14 -0.0395) (16 -0.0294) (22 0.0246) (7 0.0218) (13 -0.0151) 
   0.0051088   (138 -0.983) (18 0.183) 
   0.0053188   (7 -1) (18 -0.0214) 
   0.0054321   (4 -1) 
   0.0056547   (27 -0.654) (26 0.367) (136 -0.351) (35 0.27) (24 0.266) (13 0.247) (23 -0.159) (32 -0.132) (39 0.129) (25 0.0924) (17 -0.0849) (29 -0.0838) (33 0.077) (28 -0.0652) (31 0.0465) (16 0.0461) (11 -0.0411) (20 0.0405) (22 -0.0356) (75 -0.0353) (30 0.0336) (12 -0.0327) (40 -0.0284) (37 -0.0255) (38 -0.0201) (34 -0.0176) (43 -0.0175) (15 -0.0158) (45 0.0156) (73 -0.0147) (21 -0.0144) (42 0.0139) (19 0.0126) (76 0.0114) (54 0.0109) (41 0.0107) (52 0.0103) 
   0.0056721   (136 -0.936) (27 0.245) (26 -0.138) (35 -0.101) (24 -0.0998) (13 -0.0926) (23 0.0596) (32 0.0496) (39 -0.0485) (25 -0.0347) (17 0.0318) (29 0.0314) (33 -0.0288) (28 0.0244) (31 -0.0174) (16 -0.0173) (11 0.0154) (20 -0.0152) (22 0.0134) (75 0.013) (30 -0.0126) (12 0.0123) (40 0.0106) 
   0.0059963   (10 0.668) (17 0.589) (16 0.325) (13 0.272) (24 -0.0849) (23 0.069) (20 -0.0628) (18 -0.0437) (35 0.043) (11 -0.0367) (26 -0.0349) (12 -0.0335) (15 -0.0259) (22 0.0216) (14 -0.021) (21 -0.0209) (39 0.0207) (25 -0.0159) (75 -0.0141) (32 -0.0122) 
   0.0063856   (144 0.999) (10 -0.0272) (17 0.017) 
   0.0067121   (10 0.743) (17 -0.544) (16 -0.292) (13 -0.201) (24 0.0839) (23 -0.0656) (20 0.0623) (35 -0.0445) (18 0.0393) (26 0.0343) (144 0.0342) (11 0.032) (12 0.0267) (22 -0.0228) (21 0.0223) (39 -0.0205) (15 0.0191) (75 0.016) (25 0.0144) (32 0.0128) (14 0.0116) 
   0.0071244   (11 0.903) (41 0.335) (12 -0.175) (13 0.137) (44 0.0742) (14 0.0685) (42 0.0641) (39 -0.046) (47 0.0398) (49 0.0309) (35 -0.0239) (45 0.0237) (37 0.0206) (34 0.0193) (29 0.0175) (43 -0.0146) (33 -0.013) (60 0.0125) (40 0.0106) 
   0.0074128   (141 -0.999) (41 0.0467) (11 -0.0207) 
   0.0077956   (41 -0.874) (11 0.352) (42 -0.164) (44 -0.161) (39 0.114) (49 -0.0838) (47 -0.0679) (12 -0.0671) (37 -0.0609) (141 -0.054) (45 -0.0509) (35 0.0507) (14 0.0494) (34 -0.0474) (43 0.0424) (29 -0.0416) (22 0.0351) (40 -0.0271) (50 0.0258) (52 -0.0248) (48 -0.0245) (60 -0.0244) (33 0.0239) (61 -0.0221) (19 -0.0208) (62 0.0196) (30 0.017) (56 0.0167) (108 -0.0164) (74 0.0157) (83 0.0151) (20 -0.0133) (46 -0.0132) (82 0.0131) (13 0.0131) (107 0.0121) (77 -0.0117) (38 -0.0112) (67 0.011) (79 0.0108) (66 0.0107) (26 -0.0101) (32 -0.01) 
   0.0080478   (12 0.914) (29 0.335) (11 0.153) (13 0.147) (33 0.0377) (14 0.0377) (27 -0.0284) (28 0.0266) (30 -0.0227) (34 -0.0227) (41 -0.0221) (19 0.0138) (67 0.0135) (37 -0.0132) (49 0.0122) (137 -0.0111) 
   0.0091051   (137 -0.979) (29 0.185) (12 -0.0797) (33 0.0185) (11 -0.0143) (27 -0.0134) (28 0.0131) (30 -0.0121) (34 -0.0114) 

 Largest eigenvalues
      26.934   (163 0.28) (165 0.947) 
      22.584   (35 0.435) (39 0.363) (42 -0.369) (75 0.345) 
      15.698   (35 -0.295) (75 0.716) 
      5.0616   (106 -0.339) (107 0.508) (108 -0.635) 
       4.068   (96 0.293) (121 0.328) (123 0.38) (124 -0.517) (125 -0.342) 
      1.2628   (163 0.959) (165 -0.278) 
      1.2235   (162 0.991) 
      1.1518   (164 0.994) 
      1.1436   (88 0.619) (89 -0.655) 
      1.1414   (99 -0.355) (100 0.55) (101 0.452) (106 0.39) 
       1.128   (100 0.402) (104 0.331) (106 -0.631) 
     0.95353   (115 -0.45) (116 -0.656) 
     0.91124   (104 0.556) (105 0.478) (106 0.446) 
      0.8937   (99 -0.505) (100 -0.549) (103 -0.338) 
     0.87412   (103 0.206) (104 -0.228) (112 0.646) (113 0.217) (129 -0.24) (135 0.211) 
     0.77402   (110 -0.507) (116 0.402) (118 0.332) 
     0.66998   (110 0.701) (112 -0.298) 
     0.66854   (96 0.774) (99 0.315) 
      0.6615   (114 -0.41) (115 -0.324) (126 0.57) (135 0.394) 
     0.60404   (113 0.507) (114 0.637) (126 0.295) 
     0.59464   (109 -0.59) (113 -0.366) (114 0.324) (115 0.299) 
     0.57985   (109 0.675) (112 0.316) (113 -0.372) 
     0.57557   (122 0.355) (123 0.325) (124 0.316) (129 0.498) 
     0.57276   (123 -0.353) (125 -0.683) (129 0.412) 
     0.56292   (120 0.449) (121 -0.496) (122 -0.433) 
     0.55981   (118 0.414) (120 -0.646) (122 -0.32) 
     0.51117   (117 -0.429) (121 0.46) (123 -0.431) 
     0.46958   (117 0.601) (122 0.337) (126 0.328) (135 -0.331) 
     0.45232   (117 -0.498) (121 -0.301) (123 0.327) (126 0.34) (135 -0.377) 
     0.39488   (91 -0.939) (92 -0.26) 
     0.34517   (122 -0.333) (124 0.345) (127 0.494) (129 -0.282) (135 -0.408) 
     0.31884   (93 0.911) (103 0.214) 
     0.30687   (93 -0.318) (103 0.675) (104 0.423) (105 -0.303) 
     0.27227   (102 -0.82) (103 -0.239) 
     0.25101   (98 -0.496) (124 -0.299) 
     0.24153   (79 -0.315) (86 0.651) (98 0.314) 
     0.23048   (79 0.506) (98 0.573) 
     0.23029   (78 0.302) (79 -0.473) (86 -0.606) 
     0.18014   (98 -0.395) (111 0.576) 
     0.15226   (88 0.329) (89 0.496) (90 -0.656) (94 -0.324) 
     0.14501   (90 0.301) (94 -0.364) (97 -0.55) (108 -0.308) 
     0.13341   (85 0.308) (94 0.622) 
     0.12723   (85 -0.878) (97 0.226) 
     0.11742   (85 0.267) (87 0.274) (88 -0.466) (89 -0.385) (90 -0.34) (94 -0.291) (97 0.339) 
     0.10674   (72 -0.385) (78 -0.292) (80 0.582) (82 -0.356) (84 0.306) 
     0.10301   (76 -0.277) (77 -0.26) (78 0.284) (80 -0.271) (84 0.307) (87 -0.285) (97 0.311) 
     0.10058   (59 0.283) (66 0.307) (71 0.325) (76 0.285) 
    0.096512   (59 -0.659) (62 0.289) 
    0.094838   (59 0.584) (66 -0.321) (71 -0.294) 
     0.08972   (59 -0.298) (62 -0.325) (66 0.294) (76 -0.26) (97 -0.306) 
     0.08508   (62 0.594) (71 0.343) 
    0.078376   (62 -0.559) (66 -0.4) (84 0.289) 
    0.074267   (61 0.3) (62 0.288) (65 -0.603) 
    0.073653   (61 -0.796) (71 -0.309) 
    0.071978   (61 0.479) (65 0.42) 
    0.067594   (66 -0.229) (71 0.324) (76 -0.232) (82 0.226) (111 0.218) (118 -0.362) 
    0.061996   (64 -0.224) (70 -0.253) (74 -0.373) (76 0.276) (78 0.306) (82 -0.264) (84 -0.236) (118 -0.236) 
    0.060316   (64 0.494) (82 -0.305) (87 0.286) 
    0.057174   (64 -0.497) (65 -0.342) (74 0.37) (87 0.289) 
    0.055906   (64 0.268) (66 0.263) (70 -0.45) (71 0.294) (76 -0.296) (78 -0.26) 
    0.054167   (67 0.344) (74 -0.435) (82 0.325) (84 0.285) (101 -0.292) 
    0.051802   (67 -0.466) (76 0.31) (82 0.287) (101 -0.298) 
    0.048713   (67 0.475) (68 0.336) (70 -0.296) (74 0.321) 
    0.046489   (76 -0.289) (82 -0.347) (84 -0.358) (87 -0.35) (119 0.318) 
    0.044603   (34 0.924) (49 -0.239) 
    0.042583   (34 -0.347) (49 -0.642) (50 0.29) 
    0.042443   (77 -0.431) (92 0.308) (119 0.401) 
    0.039929   (54 -0.389) (55 -0.336) (77 0.394) 
    0.033598   (50 -0.345) (54 0.405) (77 0.4) 
     0.03214   (31 -0.813) (40 -0.436) 
    0.029446   (31 0.51) (40 -0.56) 
     0.02821   (36 0.472) (40 0.412) (92 -0.438) 
    0.027823   (36 -0.798) (40 0.344) 
    0.024103   (50 -0.395) (58 0.38) (92 -0.316) 
    0.022476   (118 -0.211) (129 -0.284) (130 -0.823) 
    0.021308   (128 -0.578) (160 -0.809) 
    0.020324   (128 -0.577) (160 0.314) (161 -0.754) 
    0.020011   (128 -0.577) (160 0.496) (161 0.649) 
    0.017217   (14 0.978) 
    0.016032   (140 -0.999) 
