 1 31.6228
 2 21.388
 3 1.93767
 4 31.6228
 5 16.1068
 6 10.8423
 7 31.6196
 8 1.03523
 9 31.4109
 10 29.8302
 11 0.982927
 12 27.7392
 13 31.6228
 14 31.5858
 15 0.904094
 16 31.6228
 17 31.5374
 18 1.00305
 19 31.6228
 20 26.6783
 21 6.00628
 22 31.6228
 23 30.2736
 24 2.35402
 25 15.2754
 26 14.9061
 27 1.97407
 28 31.36
 29 9.80108
 30 12.1078
 31 21.757
 32 2.93927
 33 27.3401
 34 14.4674
 35 6.98797
 36 16.3233
 37 31.4203
 38 31.5529
 39 1.38719
 40 24.4821
 41 31.1095
 42 1.29518
 43 21.77
 44 28.854
 45 1.90881
 46 31.5868
 47 10.2036
 48 23.1202
 49 30.6018
 50 13.0748
 51 13.7321
 52 9.29896
 53 30.6997
 54 16.3201
 55 9.00493
 56 12.1021
 57 29.1448
 58 8.64982
 59 8.37598
 60 11.229
 61 4.41263
 62 1.34006
 63 20.6679
 64 16.5908
 65 0.968192
 66 21.0043
 67 29.2642
 68 3.90566
 69 31.6142
 70 31.6228
 71 28.7735
 72 4.34857
 73 31.6146
 74 1.36195
 75 31.5647
 76 31.3411
 77 1.37002
 78 29.5107
 79 31.6018
 80 1.87017
 81 31.0978
 82 31.4167
 83 14.1897
 84 1.4189
 85 10.1263
 86 1.4519
 87 31.3652
 88 1.09524
 89 1.04097
 90 1.24307
 91 2.45837
 92 17.8708
 93 26.9831
 94 26.4557
 95 30.157
 96 30.6209
 97 15.8999
 98 16.4954
 99 8.8247
 100 29.4518
 101 30.806
 102 10.3048
 103 11.5413
 104 10.855
 105 10.9642
 106 12.2662
 107 12.3897
 108 12.5347
 109 10.4081
 110 8.4296
 111 12.8539
 112 13.9518
 113 13.407
 114 12.6547
 115 12.8095
 116 11.0685
 117 12.3054
 118 13.2942
 119 11.7004
 120 8.53359
 121 10.7242
 122 6.7114
 123 7.74495
 124 5.5302
 125 5.08949
 126 6.88804
 127 4.46943
 128 8.84478
 129 7.19617
 130 7.24567
 131 4.05461
 132 4.43552
 133 4.57681
 134 5.83964
 135 2.61431
 136 6.74726
 137 2.82847
 138 2.77466
 139 2.78164
 140 3.02875
 141 2.96259
 142 2.63497
 143 2.74935
 144 3.67613
 145 3.72663
 146 3.32737
 147 2.85499
 148 5.16734
 149 3.79829
 150 3.20916
 151 3.45276
 152 4.72252
 153 4.42457
 154 3.48997
 155 4.36103
 156 4.81241
 157 6.74705
 158 0.128437
 159 0.233281
 160 0.271516
 161 3.74225
 162 4.40224
 163 17.3346
 164 25.5177
 165 0.547
