 1 1000
 2 484.614
 3 22.3566
 4 1000
 5 406.618
 6 263.353
 7 999.849
 8 3.92015
 9 991.389
 10 898.633
 11 2.3148
 12 782.173
 13 1000
 14 998.081
 15 0.823282
 16 1000
 17 996.933
 18 3.06328
 19 1000
 20 836.648
 21 160.268
 22 1000
 23 955.372
 24 43.8554
 25 245.255
 26 253.459
 27 17.8022
 28 986.603
 29 194.773
 30 246.397
 31 496.411
 32 59.6811
 33 818.069
 34 215.818
 35 139.075
 36 360.599
 37 988.624
 38 997.475
 39 3.73804
 40 613.808
 41 971.703
 42 1.77549
 43 498.722
 44 865.484
 45 17.6678
 46 998.66
 47 285.463
 48 715.782
 49 949.126
 50 185.672
 51 268.061
 52 171.565
 53 953.955
 54 273.369
 55 159.656
 56 230.434
 57 885.178
 58 87.145
 59 128.802
 60 194.779
 61 22.3722
 62 1.82765
 63 441.566
 64 321.736
 65 1.66024
 66 485.351
 67 921.647
 68 80.4672
 69 999.703
 70 1000
 71 904.726
 72 94.9631
 73 999.628
 74 3.19927
 75 997.912
 76 983.564
 77 3.27717
 78 876.729
 79 999.108
 80 17.0871
 81 981.73
 82 990.165
 83 216.558
 84 2.94803
 85 107.994
 86 2.83698
 87 988.886
 88 1.71009
 89 1.63818
 90 1.90483
 91 9.22419
 92 436.243
 93 813.925
 94 787.158
 95 940.099
 96 959.019
 97 301.701
 98 330.579
 99 125.814
 100 907.474
 101 965.881
 102 128.233
 103 150.43
 104 135.699
 105 135.04
 106 161.115
 107 166.361
 108 171.647
 109 128.513
 110 99.1521
 111 183.566
 112 204.014
 113 190.71
 114 174.831
 115 184.996
 116 149.822
 117 173.888
 118 195.442
 119 155.44
 120 86.542
 121 123.749
 122 48.2094
 123 62.9133
 124 37.4259
 125 28.9873
 126 51.8851
 127 25.7244
 128 88.9007
 129 64.9878
 130 61.4858
 131 19.9497
 132 20.815
 133 22.3759
 134 35.3842
 135 8.42645
 136 46.6403
 137 9.47714
 138 8.84301
 139 8.86673
 140 10.2495
 141 10.4702
 142 8.42156
 143 8.96736
 144 14.8103
 145 14.927
 146 12.2998
 147 9.85048
 148 28.83
 149 15.9381
 150 11.7038
 151 13.499
 152 23.4528
 153 20.7528
 154 13.1443
 155 19.8103
 156 24.0873
 157 46.4796
 158 0.129473
 159 0.0942314
 160 0.387061
 161 21.7675
 162 24.5084
 163 382.734
 164 715.186
 165 6.52829
