 1 46443
 2 614.392
 3 28.1262
 4 175574
 5 506.068
 6 327.69
 7 459121
 8 38.8976
 9 12310
 10 2512.85
 11 3.93038
 12 1621.94
 13 307431
 14 4239.15
 15 0.84406
 16 310159
 17 3682.13
 18 8.96631
 19 118275
 20 2046.27
 21 390.475
 22 164580
 23 3234.99
 24 146.04
 25 265.954
 26 324.339
 27 22.6416
 28 2902.76
 29 247.461
 30 311.289
 31 515.797
 32 72.8671
 33 1003.91
 34 222.693
 35 158.618
 36 413.632
 37 1530.93
 38 2950.26
 39 7.91884
 40 981.626
 41 4318.3
 42 2.12933
 43 675.046
 44 1462.11
 45 29.2159
 46 15175.2
 47 936.16
 48 1970.98
 49 1835.75
 50 189.612
 51 317.171
 52 202.747
 53 2906.38
 54 307.475
 55 213.551
 56 315.842
 57 912.658
 58 88.0231
 59 132.459
 60 201.84
 61 22.5453
 62 1.82923
 63 464.421
 64 326.93
 65 1.66873
 66 492.944
 67 2996.29
 68 276.008
 69 162358
 70 170641
 71 2212.55
 72 229.216
 73 17687.7
 74 24.34
 75 13713.2
 76 8354.11
 77 5.50704
 78 1846.75
 79 8848.81
 80 52.5192
 81 2680.95
 82 1560.48
 83 233.444
 84 3.06994
 85 137.368
 86 3.20934
 87 4699.09
 88 1.71034
 89 1.6382
 90 1.90515
 91 10.2568
 92 497.449
 93 1707.86
 94 1663.32
 95 2710.14
 96 2467.26
 97 319.196
 98 346.929
 99 127.728
 100 1126.88
 101 1554.04
 102 132.464
 103 153.708
 104 137.043
 105 135.987
 106 161.788
 107 167.064
 108 172.543
 109 129.656
 110 101.106
 111 184.701
 112 205.008
 113 191.476
 114 175.364
 115 185.536
 116 150.796
 117 174.488
 118 195.996
 119 156.772
 120 88.8981
 121 124.387
 122 49.2907
 123 68.6442
 124 38.5332
 125 29.8656
 126 52.4437
 127 27.3842
 128 91.5236
 129 66.1612
 130 62.3273
 131 20.3132
 132 21.114
 133 22.7604
 134 36.4081
 135 8.7179
 136 47.0492
 137 9.83843
 138 9.18652
 139 9.21437
 140 10.8017
 141 11.1775
 142 8.90305
 143 9.40967
 144 15.2441
 145 15.2628
 146 12.6597
 147 10.3421
 148 29.6032
 149 16.4484
 150 12.0259
 151 13.8598
 152 23.9439
 153 21.5681
 154 13.5555
 155 20.1354
 156 24.3494
 157 46.7716
 158 0.162382
 159 0.0983925
 160 0.493443
 161 25.7092
 162 26.5231
 163 1103.88
 164 1452.42
 165 7.21102
