 Smallest eigenvalues
  2.1305e-06   (9 -1) 
  3.2242e-06   (51 0.616) (48 -0.557) (154 -0.205) (49 -0.202) (52 -0.191) (44 -0.169) (55 -0.161) (50 0.137) (14 0.124) (47 -0.114) (78 0.106) (37 -0.098) (54 0.0896) (53 0.0863) (77 -0.0771) (38 0.0736) (42 0.0681) (46 0.0676) (27 0.0659) (40 0.0637) (56 0.0583) (43 0.0546) (68 0.0427) (70 0.0393) (60 -0.033) (61 0.0303) (67 -0.0295) (39 -0.0287) (76 0.0276) (41 0.0263) (35 -0.0262) (36 0.026) (33 0.0232) (63 -0.0222) (17 0.0222) (65 -0.0218) (69 -0.0208) (32 -0.0207) (23 0.0204) (71 -0.0177) (30 -0.0165) (75 0.0163) (26 0.0162) (45 0.0153) (64 0.0151) (19 0.015) (80 0.0141) (25 -0.0141) (84 0.0138) (28 0.0133) (88 0.0132) (57 -0.013) (16 -0.012) (74 -0.0116) (11 -0.0106) (66 0.0101) 
  3.2528e-06   (154 -0.979) (51 -0.129) (48 0.117) (49 0.0424) (52 0.0401) (44 0.0354) (55 0.0338) (50 -0.0286) (14 -0.0262) (47 0.0239) (78 -0.0218) (37 0.0206) (54 -0.0188) (53 -0.0181) (77 0.0159) (38 -0.0155) (42 -0.0143) (46 -0.0142) (27 -0.0139) (40 -0.0134) (56 -0.0122) (43 -0.0115) 
  5.6956e-06   (4 1) 
  5.8602e-06   (149 0.627) (47 0.572) (44 -0.34) (46 0.23) (45 -0.183) (37 -0.123) (14 0.104) (48 0.0951) (38 0.0791) (27 0.0676) (43 0.0643) (77 -0.0563) (40 0.0561) (42 0.0547) (78 0.0535) (39 -0.0514) (51 -0.0497) (49 -0.0449) (53 -0.0314) (35 -0.0275) (56 0.0262) (52 -0.0261) (28 0.0248) (70 0.0234) (36 0.022) (60 -0.02) (17 0.0186) (41 -0.0181) (33 0.0176) (19 0.0171) (16 -0.0165) (25 -0.0154) (23 0.0146) (54 0.0143) (32 -0.0128) (68 0.0117) (31 0.011) (73 -0.0106) 
  6.0761e-06   (149 0.779) (47 -0.459) (44 0.274) (46 -0.185) (45 0.147) (37 0.0991) (14 -0.0839) (48 -0.0764) (38 -0.0636) (27 -0.0544) (43 -0.0517) (77 0.0451) (40 -0.0451) (42 -0.044) (78 -0.0429) (39 0.0413) (51 0.04) (49 0.0361) (53 0.0253) (35 0.0221) (56 -0.0211) (52 0.021) (28 -0.02) (70 -0.0188) (36 -0.0177) (60 0.0161) (17 -0.0149) (41 0.0146) (33 -0.0141) (19 -0.0137) (16 0.0133) (25 0.0124) (23 -0.0118) (54 -0.0115) (32 0.0103) 
  6.1567e-06   (1 -0.989) (31 0.0891) (32 -0.067) (37 0.0537) (27 0.0511) (28 0.0384) (35 0.0289) (14 0.0173) (38 -0.017) (29 0.0125) (30 0.0111) 
  8.4548e-06   (155 -0.998) (31 0.0322) (32 -0.024) (27 0.0196) (37 0.0186) (28 0.0139) (14 0.0121) (35 0.0102) 
  2.1532e-05   (31 -0.582) (32 0.435) (27 -0.353) (37 -0.338) (28 -0.251) (14 -0.217) (35 -0.185) (1 -0.147) (38 0.102) (29 -0.0798) (30 -0.0749) (19 -0.0722) (23 -0.0639) (33 0.0624) (25 0.0614) (16 0.0601) (155 -0.0552) (43 0.0474) (36 0.047) (34 -0.0443) (22 -0.0403) (77 0.0399) (44 -0.0395) (78 -0.0372) (17 -0.0363) (39 -0.0351) (15 0.0275) (40 0.0261) (11 0.0227) (20 0.0203) (49 0.0198) (48 -0.0183) (51 0.0182) (70 -0.0167) (56 -0.0159) (60 0.0156) (53 0.0145) (42 0.0144) (54 -0.0121) (75 0.0116) (57 -0.0115) (26 -0.0112) (18 0.0109) (41 0.0107) (73 0.0106) (80 -0.0104) 
  3.7098e-05   (18 0.604) (46 -0.395) (22 -0.309) (20 -0.307) (45 0.29) (23 0.257) (19 -0.212) (44 -0.185) (42 0.115) (21 -0.0838) (47 0.0632) (37 -0.0578) (48 0.0553) (38 0.0467) (27 0.0466) (43 0.0455) (78 0.044) (17 0.0425) (30 -0.0412) (36 0.0411) (29 0.0384) (15 -0.038) (16 -0.0359) (26 0.0317) (40 0.0308) (77 -0.0287) (14 0.0274) (34 -0.0272) (31 0.0264) (51 -0.0238) (53 -0.0236) (35 -0.0232) (32 -0.0196) (71 -0.0195) (68 0.0195) (25 0.0177) (74 -0.0175) (61 0.0162) (50 0.0153) (70 0.0152) (62 0.0144) (79 0.014) (73 0.0138) (66 -0.0136) (56 0.0123) (60 -0.0109) 
  6.0973e-05   (158 -0.999) (46 -0.0246) (18 -0.0185) (45 0.0177) (44 -0.0107) 
  0.00010346   (46 0.583) (18 0.42) (45 -0.419) (44 0.253) (22 -0.213) (20 -0.176) (19 -0.175) (23 0.146) (37 0.134) (48 -0.114) (14 -0.111) (42 -0.0991) (38 -0.0819) (40 -0.0796) (43 -0.0745) (47 -0.0711) (27 -0.0693) (39 0.065) (77 0.064) (78 -0.0601) (21 -0.0483) (41 -0.0481) (158 -0.0428) (51 0.0372) (49 0.0366) (25 0.0351) (28 -0.0349) (56 -0.033) (68 -0.0305) (30 -0.0293) (34 -0.029) (35 0.0265) (70 -0.0264) (53 0.0245) (26 0.023) (54 -0.0218) (67 0.0205) (71 0.0205) (74 0.0177) (15 -0.0159) (60 0.0156) (61 -0.0152) (80 -0.0149) (36 -0.0126) (81 0.0124) (62 -0.012) (65 0.0117) (69 0.011) (50 -0.0109) (17 0.0109) (11 0.0109) (57 -0.0107) (66 0.0104) 
  0.00010767   (3 -1) 
  0.00012964   (19 -0.609) (14 0.454) (17 0.346) (23 -0.329) (27 -0.254) (20 -0.221) (18 -0.166) (21 -0.0962) (25 0.0824) (22 0.0817) (33 -0.0669) (24 0.0636) (37 0.0615) (38 -0.0556) (44 0.0487) (30 0.0443) (28 -0.0396) (36 -0.0316) (26 -0.0308) (32 0.0278) (47 0.0275) (35 0.0254) (31 0.0251) (11 -0.0251) (40 -0.0244) (46 -0.0218) (12 -0.0211) (15 0.0194) (34 0.0168) (42 -0.0162) (77 -0.0151) (78 0.0123) (13 0.0123) (29 0.012) (39 0.0113) (57 -0.0104) (52 -0.0101) 
  0.00020763   (159 1) 
  0.00021989   (2 1) 
  0.00024476   (22 -0.579) (19 0.498) (14 0.32) (23 -0.302) (27 -0.285) (17 0.231) (20 0.19) (18 0.105) (25 0.102) (21 0.0836) (16 -0.0698) (37 0.0657) (24 -0.0499) (157 0.0468) (38 -0.0356) (32 0.0302) (35 0.03) (33 -0.0272) (44 0.0263) (36 -0.0261) (26 0.0255) (29 0.0237) (31 0.0214) (15 -0.0202) (11 -0.0189) (30 0.0183) (40 -0.0174) (28 -0.0153) (39 0.0152) (77 -0.0151) (12 -0.0148) (46 -0.0124) (43 -0.0115) (47 0.0104) (78 0.0102) 
  0.00028862   (157 0.999) (22 0.0271) (19 -0.0233) (14 -0.015) (23 0.0141) (27 0.0134) (17 -0.0109) 
  0.00029841   (8 -1) 
  0.00030852   (28 -0.763) (150 -0.4) (27 0.337) (29 0.176) (14 0.16) (37 0.157) (26 0.132) (32 0.0957) (35 0.0688) (22 0.0642) (48 0.056) (17 0.0545) (19 0.0525) (38 -0.0496) (16 -0.0454) (31 -0.0426) (25 -0.0384) (18 0.0379) (20 0.0347) (51 0.0319) (39 0.0319) (15 -0.0277) (33 0.0244) (42 -0.024) (49 0.0223) (43 -0.0212) (36 -0.0204) (75 0.0202) (78 0.0184) (23 0.0169) (40 -0.0151) (34 0.0135) (11 -0.0128) (77 -0.012) (68 0.0116) 
  0.00031079   (150 -0.917) (28 0.333) (27 -0.147) (29 -0.0768) (14 -0.0696) (37 -0.0684) (26 -0.0575) (32 -0.0417) (35 -0.03) (22 -0.028) (48 -0.0244) (17 -0.0238) (19 -0.0229) (38 0.0216) (16 0.0198) (31 0.0186) (25 0.0168) (18 -0.0165) (20 -0.0152) (39 -0.0139) (51 -0.0139) (15 0.0121) (33 -0.0106) (42 0.0105) 
  0.00031455   (6 -1) 
  0.00032191   (23 0.502) (22 0.445) (27 -0.427) (24 0.282) (19 0.276) (14 0.258) (153 -0.207) (17 0.154) (25 0.129) (18 0.126) (26 -0.116) (37 0.0969) (16 -0.0795) (15 -0.0532) (35 0.0519) (39 0.048) (32 0.0375) (33 0.036) (38 -0.0301) (29 0.0257) (43 -0.0256) (28 -0.0253) (48 0.0214) (78 0.0179) (77 -0.017) (73 -0.0167) (36 -0.0161) (30 -0.0157) (20 0.0146) (11 -0.0137) (34 -0.0125) (56 0.0121) (52 0.0113) (47 0.0109) (40 -0.0105) (75 0.0102) 
   0.0003343   (153 -0.978) (23 -0.106) (22 -0.0942) (27 0.0903) (24 -0.0597) (19 -0.0584) (14 -0.0547) (17 -0.0326) (25 -0.0274) (18 -0.0268) (26 0.0246) (37 -0.0205) (16 0.0168) (15 0.0113) (35 -0.011) (39 -0.0102) 
  0.00033897   (57 0.496) (73 -0.479) (70 0.435) (74 -0.285) (60 0.212) (67 0.205) (52 0.166) (44 -0.139) (77 0.136) (69 0.119) (68 -0.119) (78 -0.101) (56 0.088) (47 -0.078) (61 -0.076) (33 0.0648) (65 -0.0612) (66 -0.0516) (63 0.049) (76 -0.0476) (46 0.0463) (64 -0.0411) (37 0.0378) (54 0.0372) (50 0.0371) (42 0.0362) (75 0.036) (40 0.0359) (16 0.0325) (79 0.0323) (34 -0.0301) (43 -0.03) (19 -0.0284) (51 0.0263) (38 0.026) (22 -0.0255) (72 -0.0248) (59 -0.0228) (15 0.0226) (14 0.0224) (62 -0.021) (30 -0.0201) (88 0.0187) (123 -0.0187) (20 0.0178) (18 -0.0177) (126 0.0176) (39 0.0175) (124 0.0172) (121 0.0171) (71 -0.0153) (27 -0.015) (109 0.0147) (36 -0.0141) (84 0.0139) (120 0.0137) (23 0.0136) (48 0.0133) (35 0.0132) (152 -0.013) (104 0.0128) (91 0.0124) (100 0.012) (89 -0.0118) (80 -0.0115) (106 -0.0107) (55 0.0105) (129 -0.0104) (101 0.0104) 
  0.00035575   (73 0.608) (57 0.407) (74 0.292) (67 0.27) (152 -0.244) (68 -0.194) (44 -0.187) (52 0.137) (60 0.125) (47 -0.125) (70 -0.114) (69 0.113) (49 0.104) (71 0.0908) (56 0.0865) (14 0.0853) (33 0.0828) (46 0.0713) (55 0.0686) (72 -0.0685) (63 0.0613) (66 -0.0596) (61 -0.0574) (65 -0.057) (38 0.0544) (39 0.0518) (64 -0.0488) (40 0.0459) (42 0.0377) (34 -0.0345) (43 -0.034) (48 -0.0339) (120 0.0332) (16 0.0323) (30 -0.0299) (53 -0.0298) (23 0.0281) (79 -0.0266) (75 -0.0265) (59 -0.0233) (121 -0.0231) (77 -0.0228) (18 -0.0222) (84 0.0221) (15 0.0217) (32 -0.0211) (62 -0.0195) (20 0.0195) (19 -0.0187) (124 0.0175) (129 -0.0172) (119 -0.0171) (24 -0.0167) (78 0.0151) (88 0.0144) (125 -0.0128) (122 0.0125) (17 0.012) (131 -0.0119) (89 -0.0117) (145 0.0115) (76 0.0114) (37 -0.0108) (80 0.0107) 
  0.00037704   (152 -0.97) (73 -0.146) (57 -0.109) (67 -0.0706) (74 -0.0696) (68 0.0502) (44 0.0496) (52 -0.037) (60 -0.0344) (47 0.0328) (69 -0.03) (49 -0.0262) (70 0.0232) (56 -0.0231) (71 -0.0226) (33 -0.0221) (14 -0.0221) (46 -0.0188) (72 0.0175) (55 -0.0175) (63 -0.0161) (66 0.0157) (61 0.0155) (65 0.0151) (38 -0.0142) (39 -0.0134) (64 0.0128) (40 -0.0122) (145 0.0113) (42 -0.0102) 
  0.00045166   (25 -0.94) (24 0.235) (27 -0.152) (54 -0.0888) (22 -0.0735) (26 -0.0655) (52 0.0612) (56 -0.0507) (53 -0.0482) (14 0.0471) (57 -0.0339) (49 0.0329) (47 -0.0307) (16 -0.0299) (44 -0.029) (55 -0.0263) (28 -0.0241) (33 0.022) (39 0.0204) (17 0.0192) (30 -0.0157) (31 -0.0153) (46 0.0151) (15 -0.0147) (78 0.0124) (23 -0.0123) (48 -0.0119) (60 -0.0119) (77 -0.0118) 
  0.00048317   (147 0.748) (54 -0.388) (52 0.292) (56 -0.234) (53 -0.184) (44 -0.147) (57 -0.131) (55 -0.118) (49 0.11) (47 -0.109) (25 0.0926) (14 0.0596) (46 0.059) (48 -0.0499) (33 0.0479) (60 -0.047) (51 0.0425) (38 0.0395) (73 -0.0375) (24 -0.037) (27 0.0361) (40 0.0331) (42 0.0328) (70 0.0279) (37 -0.0277) (78 0.0238) (77 -0.0238) (50 -0.0224) (34 -0.021) (16 0.0163) (67 -0.0163) (43 -0.0157) (61 0.0146) (68 0.0145) (28 0.0142) (23 0.0131) (39 0.0131) (32 -0.0127) (30 -0.0125) (120 0.0124) (18 -0.0117) (72 0.0115) (15 0.0114) 
  0.00050144   (147 0.664) (54 0.437) (52 -0.33) (56 0.264) (53 0.207) (44 0.166) (57 0.148) (55 0.133) (49 -0.125) (47 0.123) (25 -0.0993) (14 -0.0675) (46 -0.0666) (48 0.0563) (33 -0.0542) (60 0.0531) (51 -0.048) (38 -0.0446) (73 0.0423) (24 0.0404) (27 -0.0399) (40 -0.0373) (42 -0.0369) (70 -0.0314) (37 0.0312) (78 -0.0269) (77 0.0268) (50 0.0252) (34 0.0238) (67 0.0184) (16 -0.0183) (43 0.0177) (61 -0.0165) (68 -0.0163) (28 -0.0159) (39 -0.0149) (23 -0.0147) (32 0.0143) (30 0.0142) (120 -0.0139) (18 0.0131) (72 -0.013) (15 -0.0128) (20 -0.0108) (74 0.0102) 
  0.00050367   (53 0.685) (55 0.438) (39 -0.372) (52 0.267) (57 -0.16) (44 -0.153) (54 -0.114) (40 0.113) (37 0.103) (47 -0.077) (49 0.0749) (42 0.0694) (60 -0.0614) (41 -0.0584) (38 -0.0578) (56 0.0569) (46 0.0524) (48 -0.0469) (70 0.0409) (78 0.0383) (77 -0.0357) (50 -0.0234) (36 -0.0221) (151 -0.0191) (27 -0.0179) (61 0.0172) (73 -0.0167) (35 0.0158) (72 0.0123) (19 -0.0121) (69 0.0119) (22 -0.0115) 
   0.0005118   (151 -0.967) (39 0.204) (37 -0.0707) (53 0.0673) (38 0.0498) (55 0.0472) (40 -0.0457) (52 0.0325) (14 0.0264) (33 0.0263) (41 0.0263) (27 0.0213) (44 0.0187) (42 -0.0181) (57 -0.0177) (49 -0.0141) (34 -0.0126) (43 -0.0108) (78 0.0105) (73 -0.0104) (77 -0.0103) (56 0.0102) 
  0.00055989   (39 -0.752) (53 -0.309) (37 0.262) (151 -0.253) (55 -0.213) (38 -0.186) (40 0.166) (52 -0.145) (14 -0.101) (33 -0.1) (41 -0.0961) (27 -0.0798) (57 0.0793) (42 0.064) (44 -0.0596) (49 0.0485) (34 0.048) (56 -0.0434) (78 -0.043) (77 0.0421) (73 0.0413) (43 0.0405) (54 0.0393) (35 0.0368) (60 0.0361) (24 0.0352) (48 -0.0325) (70 -0.0311) (28 -0.031) (36 -0.0282) (31 -0.0274) (32 0.0266) (51 -0.0233) (72 -0.0183) (68 -0.018) (47 -0.0165) (18 0.0163) (67 0.0156) (23 -0.0155) (50 -0.0149) (45 0.0126) (61 -0.0107) 
  0.00056647   (70 -0.803) (57 0.282) (73 -0.278) (72 0.236) (69 -0.166) (52 0.157) (49 -0.136) (74 -0.102) (60 0.0922) (71 -0.0893) (51 0.0723) (76 -0.064) (48 0.0632) (50 0.0613) (68 0.0543) (75 0.0537) (44 -0.051) (65 -0.0471) (54 -0.0374) (33 0.0352) (78 0.0334) (148 0.033) (61 -0.0319) (55 0.0318) (84 0.0282) (37 0.0261) (56 0.0247) (40 0.0242) (124 0.0235) (42 0.0214) (22 -0.0195) (16 0.0192) (43 -0.0189) (19 -0.0186) (47 -0.0179) (88 0.0173) (67 -0.0172) (34 -0.0169) (46 0.0146) (129 -0.0145) (126 0.0143) (79 -0.0131) (38 0.0119) (53 0.0117) (36 -0.0117) (90 0.0111) (15 0.0106) (39 -0.0104) (14 0.0102) 
   0.0006134   (148 0.851) (49 0.363) (51 -0.149) (52 -0.147) (48 -0.143) (50 -0.123) (44 -0.122) (54 0.12) (47 -0.0896) (73 -0.0725) (46 0.051) (14 0.0471) (39 0.042) (70 -0.0372) (72 0.0336) (33 0.0327) (38 0.0326) (67 -0.032) (37 -0.0318) (68 0.0311) (78 0.028) (77 -0.0266) (55 -0.0212) (69 -0.021) (74 -0.0208) (27 0.0201) (71 -0.0195) (45 0.018) (53 0.0174) (42 0.017) (40 0.0164) (24 -0.0146) (57 -0.0146) (34 -0.0131) (23 0.0124) (32 -0.0117) (30 -0.0103) 
  0.00065888   (49 -0.582) (148 0.523) (51 0.238) (52 0.229) (48 0.228) (44 0.202) (50 0.196) (54 -0.194) (47 0.147) (73 0.136) (70 0.111) (46 -0.0841) (14 -0.0774) (72 -0.0697) (39 -0.0676) (33 -0.0557) (68 -0.0542) (38 -0.0539) (67 0.0532) (37 0.0498) (78 -0.0478) (69 0.0448) (77 0.0432) (74 0.0403) (71 0.0374) (55 0.0325) (27 -0.0322) (53 -0.0292) (42 -0.0292) (45 -0.0289) (40 -0.0284) (24 0.0239) (34 0.0225) (23 -0.0208) (32 0.0193) (30 0.0173) (16 -0.0157) (79 0.0155) (18 0.0143) (63 0.0132) (75 -0.013) (56 -0.013) (76 0.0126) (20 -0.0111) (120 -0.0111) 
  0.00071991   (38 0.809) (37 0.315) (24 -0.202) (23 0.182) (39 -0.16) (44 0.151) (40 -0.129) (33 0.117) (20 0.105) (19 -0.101) (36 -0.0932) (22 -0.0913) (18 -0.0841) (16 0.0813) (43 0.0766) (42 -0.0737) (14 0.0684) (27 -0.0657) (34 -0.0601) (47 0.0547) (35 0.0511) (15 0.0507) (52 -0.0439) (21 0.0431) (25 -0.0414) (57 -0.0345) (46 -0.0335) (26 -0.0191) (30 -0.0191) (56 -0.0168) (31 -0.0155) (17 0.0121) (41 -0.0105) 
  0.00080001   (24 -0.578) (23 0.496) (38 -0.306) (20 0.241) (33 -0.23) (18 -0.175) (19 -0.175) (14 0.171) (22 -0.162) (25 -0.129) (37 -0.112) (16 0.11) (21 0.102) (34 0.0992) (30 0.0975) (27 -0.0844) (15 0.0707) (26 -0.0567) (32 0.053) (142 -0.0441) (17 0.0414) (36 0.0356) (35 -0.0337) (44 0.0268) (28 -0.0255) (49 -0.0149) (40 0.0136) (11 -0.0128) (39 0.0122) (29 -0.012) (47 0.0119) (12 -0.0114) 
  0.00092182   (142 -0.998) (145 -0.0458) (24 0.0267) (23 -0.023) (146 0.0211) (141 -0.0139) (140 0.0131) (20 -0.0113) 
  0.00098133   (44 -0.423) (52 -0.41) (47 -0.407) (49 -0.346) (48 0.338) (16 0.239) (46 0.168) (51 -0.16) (57 -0.144) (43 -0.129) (50 0.124) (56 -0.106) (14 0.105) (17 -0.104) (15 0.1) (33 0.09) (37 0.0843) (39 0.0695) (40 0.0678) (53 0.0587) (42 0.0582) (34 -0.0428) (27 -0.0419) (77 0.0402) (54 -0.0346) (78 -0.0342) (60 -0.0338) (36 -0.0279) (35 0.0269) (38 0.025) (30 -0.0247) (45 -0.0241) (41 0.0168) (22 -0.0165) (31 -0.0158) (19 -0.0148) (65 0.0147) (74 -0.0136) (84 0.013) (18 0.013) (68 -0.0129) (55 -0.0128) (23 -0.0109) (61 0.0105) (120 0.0105) 
   0.0010119   (16 0.706) (17 -0.405) (14 0.295) (15 0.272) (44 0.161) (18 0.158) (47 0.128) (19 0.124) (33 -0.116) (20 -0.109) (23 -0.107) (52 0.0908) (48 -0.0822) (49 0.079) (22 0.0768) (24 0.0748) (46 -0.0587) (34 0.0499) (30 0.0496) (43 0.0452) (39 -0.0398) (51 0.037) (21 -0.0366) (40 -0.0338) (50 -0.0328) (38 -0.0325) (42 -0.0317) (57 0.0267) (32 0.0242) (56 0.0225) (27 -0.0214) (37 -0.0208) (12 -0.0192) (28 -0.0186) (11 -0.0166) (35 -0.0146) (31 0.0136) (13 0.0126) (53 -0.0112) (77 -0.0109) 
    0.001083   (146 0.871) (145 0.492) 
   0.0011608   (54 0.683) (52 0.402) (33 0.332) (56 -0.3) (57 -0.226) (34 -0.156) (36 0.148) (53 -0.113) (35 0.0908) (38 -0.0775) (50 0.0763) (30 -0.0687) (39 -0.0569) (16 0.0526) (49 -0.0494) (48 0.0475) (51 0.047) (14 0.0466) (60 -0.0435) (47 -0.0415) (44 -0.0406) (22 -0.0405) (19 -0.04) (32 -0.039) (15 0.037) (77 0.036) (78 -0.0337) (18 -0.0336) (20 0.0334) (24 -0.0277) (23 0.0259) (46 0.0241) (68 -0.0227) (67 0.021) (137 0.018) (71 -0.0139) (73 0.0139) (69 0.013) (21 0.0128) (72 -0.0126) (61 0.012) (70 -0.011) (40 -0.0105) (79 0.0104) (43 -0.0102) 
   0.0013581   (33 0.612) (36 0.372) (54 -0.296) (34 -0.287) (52 -0.231) (44 0.21) (38 -0.193) (39 -0.163) (35 0.161) (37 -0.138) (137 0.128) (56 0.119) (30 -0.113) (14 0.107) (40 -0.0823) (32 -0.0773) (47 0.0719) (57 0.0719) (42 -0.0717) (43 0.0627) (53 0.054) (46 -0.0503) (16 0.0485) (24 -0.047) (18 -0.041) (23 0.0394) (51 -0.0391) (20 0.0386) (27 0.0313) (22 -0.0308) (15 0.0306) (50 -0.0305) (19 -0.0304) (28 0.0252) (41 -0.0197) (77 -0.0182) (78 0.0182) (21 0.0158) (17 0.0153) (60 0.0146) (73 -0.0145) (29 0.012) (70 0.0119) 
   0.0015074   (137 0.991) (33 -0.0852) (36 -0.0508) (34 0.04) (38 0.0262) (44 -0.026) (54 0.0259) (35 -0.0224) (52 0.0223) (39 0.022) (145 -0.0206) (37 0.0178) (30 0.0159) (14 -0.0148) (146 0.0109) (40 0.0107) (32 0.0107) (56 -0.0101) 
   0.0015253   (11 -0.957) (35 -0.256) (33 0.0625) (37 0.06) (30 -0.054) (36 -0.0463) (32 -0.0384) (14 -0.0364) (38 -0.0352) (133 0.0293) (44 0.0165) (15 0.0133) (40 -0.0113) (71 0.0108) (31 -0.0103) (46 -0.0102) 
   0.0016234   (133 0.846) (35 -0.448) (11 0.173) (33 0.112) (37 0.097) (30 -0.0877) (36 -0.0814) (14 0.0677) (32 -0.0657) (38 -0.0567) (27 0.0388) (44 0.0279) (40 -0.0202) (23 0.0141) (21 0.014) (55 -0.0138) (28 0.0137) (17 0.0137) (46 -0.0133) (31 -0.0113) (42 -0.0111) (39 -0.0105) (45 -0.01) 
   0.0018974   (35 0.727) (133 0.532) (11 -0.222) (33 -0.181) (37 -0.158) (30 0.142) (36 0.132) (32 0.107) (14 -0.106) (38 0.0921) (27 -0.0623) (44 -0.0453) (40 0.0328) (23 -0.0228) (21 -0.0226) (55 0.0223) (17 -0.0223) (28 -0.0221) (46 0.0217) (31 0.0185) (42 0.018) (39 0.0167) (45 0.0164) (47 -0.0134) (53 -0.0122) (51 0.0116) (43 0.0115) (48 -0.0106) (25 0.0102) 
   0.0020062   (30 -0.726) (32 -0.477) (31 -0.207) (34 0.201) (55 -0.196) (33 -0.175) (35 0.161) (53 0.135) (28 -0.0856) (37 -0.0848) (50 -0.0706) (72 0.066) (27 -0.0631) (29 -0.0447) (51 -0.0434) (74 0.0402) (52 0.0389) (49 -0.0384) (16 0.0366) (18 -0.0268) (20 0.0267) (42 -0.0264) (68 0.0258) (71 -0.0257) (60 0.0256) (56 -0.0237) (41 0.0236) (47 0.0213) (130 -0.021) (25 0.0207) (78 -0.0203) (48 0.0198) (57 0.0193) (46 -0.0179) (40 -0.0177) (19 -0.0172) (21 0.017) (70 0.0169) (69 0.0156) (44 0.0149) (65 0.0133) (24 -0.0127) (22 -0.0127) (84 0.0102) 
    0.002131   (72 0.617) (74 0.38) (68 0.359) (130 -0.27) (78 -0.251) (70 0.208) (71 -0.201) (67 -0.171) (55 0.143) (53 -0.111) (60 0.0886) (69 0.0797) (77 0.0741) (57 0.0691) (56 0.0624) (83 -0.0597) (51 0.0575) (80 -0.0557) (62 0.0509) (41 0.0475) (40 0.0426) (30 0.0362) (66 -0.0359) (64 0.034) (33 0.032) (47 -0.0315) (107 -0.0314) (76 -0.0292) (61 0.0288) (86 -0.0287) (44 -0.0286) (63 -0.0284) (73 0.0277) (85 -0.0262) (48 0.0227) (52 0.022) (46 0.0216) (59 0.0202) (129 0.0196) (96 0.0184) (109 -0.0184) (37 0.0178) (89 -0.0172) (120 -0.0165) (32 0.0164) (84 0.0163) (79 0.0161) (87 -0.015) (34 -0.0143) (35 -0.0131) (75 0.0126) (134 -0.0125) (16 0.0117) (93 -0.0116) (54 0.0116) (58 -0.0113) (100 0.0113) (124 -0.0106) (104 -0.01) 
   0.0022181   (130 -0.572) (55 0.551) (53 -0.366) (72 -0.218) (50 0.203) (30 -0.168) (74 -0.141) (32 -0.105) (56 0.0891) (71 0.0875) (52 -0.0822) (49 0.0804) (60 -0.0753) (57 -0.0738) (69 -0.0671) (51 0.0661) (34 0.0558) (78 0.0557) (68 -0.0549) (70 -0.0527) (43 0.0519) (65 -0.0503) (48 -0.0483) (31 -0.0463) (73 -0.0426) (41 0.0399) (46 0.037) (129 0.0354) (54 -0.0344) (84 -0.0334) (47 -0.0259) (81 -0.0244) (28 -0.0241) (33 -0.0223) (77 -0.0202) (88 0.0191) (67 0.0176) (80 0.0174) (27 -0.0166) (45 0.0166) (124 -0.0156) (120 -0.0151) (14 0.0146) (18 -0.0146) (35 0.0131) (134 0.0129) (20 0.0127) (37 -0.0126) (16 0.0123) (15 0.0118) (90 -0.0116) (107 0.011) (66 0.0108) (125 -0.0105) (87 0.0101) 
   0.0023535   (130 -0.77) (55 -0.453) (53 0.307) (50 -0.151) (30 0.132) (56 -0.0875) (68 -0.086) (32 0.0853) (51 -0.0683) (49 -0.0565) (72 -0.0562) (52 0.0521) (41 -0.0472) (67 0.0471) (78 0.0463) (134 0.0439) (34 -0.0418) (43 -0.041) (31 0.0379) (129 0.0379) (65 0.0354) (46 -0.0346) (70 -0.0341) (131 0.0335) (47 0.0299) (57 0.0297) (74 -0.0292) (48 0.0272) (60 0.0239) (73 0.0216) (69 0.0213) (54 0.0211) (83 0.0203) (40 -0.02) (28 0.019) (84 0.019) (27 0.0157) (44 0.0152) (81 0.0149) (64 -0.0146) (16 -0.0144) (85 0.0143) (63 0.014) (88 -0.0139) (79 -0.0127) (62 -0.0126) (18 0.012) (14 -0.0117) (86 0.0116) (77 -0.011) (59 -0.01) 
    0.002612   (24 0.657) (22 -0.372) (20 0.31) (23 0.275) (18 -0.219) (56 -0.219) (19 -0.214) (27 0.158) (25 0.15) (15 0.127) (33 -0.0904) (52 -0.0813) (57 0.0666) (16 0.0613) (37 -0.0602) (44 0.0574) (30 0.0556) (21 0.0538) (55 0.052) (34 0.0403) (53 0.0371) (47 0.035) (36 0.0331) (60 0.0327) (35 -0.0288) (46 -0.0235) (13 0.0233) (77 -0.0228) (26 0.0227) (31 -0.0225) (42 -0.0222) (12 -0.0195) (48 -0.0186) (78 0.0174) (70 0.015) (29 -0.0138) (14 0.0135) (120 -0.0135) (68 0.0135) (74 0.0133) (39 -0.0128) (65 -0.0126) (124 0.0107) (54 -0.0107) 
   0.0026568   (60 -0.859) (56 0.31) (61 0.209) (57 0.191) (55 -0.127) (52 0.118) (77 0.0821) (78 -0.0762) (47 -0.07) (24 0.0688) (132 0.0556) (22 -0.0546) (59 -0.0467) (20 0.042) (51 -0.0416) (46 0.0396) (72 0.039) (48 0.0388) (19 -0.0382) (53 -0.0357) (23 0.0344) (54 0.034) (79 0.0323) (18 -0.0293) (62 0.0281) (15 0.028) (84 -0.0236) (44 -0.0233) (108 -0.021) (71 0.0202) (107 0.0201) (16 0.0199) (109 0.0187) (124 0.0186) (25 0.0174) (80 -0.017) (73 -0.0169) (76 -0.0157) (69 0.0147) (131 -0.0134) (33 0.0134) (123 0.0134) (119 -0.0127) (74 -0.0126) (42 0.0121) (118 0.012) (90 -0.0116) (67 0.011) (64 0.0107) (66 -0.0107) (68 0.0105) (125 -0.0102) (38 0.0101) (82 0.01) (121 -0.01) 
   0.0027519   (132 0.751) (56 0.451) (57 -0.277) (60 0.203) (131 -0.14) (50 -0.125) (52 0.123) (53 -0.0912) (55 -0.0903) (24 0.089) (22 -0.0703) (44 -0.0595) (43 -0.0564) (20 0.0525) (61 -0.0495) (47 -0.0479) (19 -0.0476) (23 0.0447) (51 0.0416) (18 -0.0381) (48 0.038) (77 0.0327) (68 -0.0326) (70 -0.0317) (16 0.0288) (65 0.0282) (15 0.0256) (25 0.0243) (78 -0.0232) (72 -0.023) (74 -0.0211) (40 0.021) (67 0.0203) (33 0.0199) (84 0.0191) (37 0.0178) (120 0.0177) (59 0.0154) (45 -0.0153) (49 -0.0149) (27 0.0134) (21 0.0115) (34 -0.0106) (64 -0.0105) (129 -0.01) 
    0.002883   (132 0.632) (56 -0.564) (57 0.31) (60 -0.163) (52 -0.156) (50 0.147) (55 0.119) (131 -0.115) (24 -0.112) (53 0.111) (22 0.0884) (44 0.0727) (43 0.0673) (20 -0.0662) (47 0.0633) (19 0.06) (23 -0.0562) (48 -0.0486) (18 0.048) (77 -0.0457) (51 -0.0452) (61 0.0399) (68 0.0378) (70 0.0371) (16 -0.036) (78 0.0339) (15 -0.033) (65 -0.0327) (124 0.0306) (25 -0.0305) (120 -0.03) (74 0.0263) (40 -0.0256) (67 -0.0251) (33 -0.0248) (72 0.024) (123 0.0228) (84 -0.0215) (37 -0.021) (45 0.0189) (49 0.0167) (122 0.0166) (27 -0.0165) (107 0.0152) (21 -0.0144) (129 -0.0142) (59 -0.014) (125 -0.0137) (34 0.0133) (46 -0.0125) (64 0.0115) (63 -0.0107) 
   0.0035861   (40 0.771) (41 -0.409) (65 -0.265) (39 0.209) (44 0.181) (84 -0.137) (43 0.128) (67 0.119) (57 -0.0812) (42 -0.066) (37 0.0647) (33 0.0567) (38 0.0492) (63 -0.043) (66 -0.0427) (87 0.0401) (64 0.0393) (47 0.0383) (52 -0.0353) (72 0.0337) (127 -0.0318) (51 -0.0275) (30 -0.0272) (55 -0.0266) (16 0.0241) (50 0.0235) (32 -0.0232) (69 0.0225) (34 -0.0217) (96 0.0206) (73 -0.0197) (46 -0.018) (90 0.017) (31 -0.0159) (78 0.0156) (107 -0.0155) (15 -0.014) (19 -0.0134) (24 -0.0131) (27 -0.0131) (22 -0.013) (53 0.0125) (91 -0.0123) (45 0.012) (109 -0.0119) (49 -0.0114) (77 -0.0106) (82 0.0105) 
   0.0037354   (84 -0.858) (127 -0.356) (65 0.207) (87 0.17) (67 -0.104) (90 0.0744) (57 0.0711) (107 -0.0634) (77 -0.0578) (85 0.0539) (78 0.0482) (40 -0.0457) (86 -0.0441) (44 -0.0436) (109 -0.0409) (96 0.0409) (92 0.04) (60 0.0385) (52 0.0379) (66 0.034) (63 0.0334) (43 -0.0325) (64 -0.0306) (120 0.0294) (41 0.0288) (123 -0.0287) (91 -0.0283) (47 -0.0268) (103 -0.0259) (88 0.0256) (129 0.0246) (50 -0.0239) (69 -0.023) (126 0.0213) (93 -0.0203) (56 0.0201) (94 -0.0195) (39 -0.0185) (83 0.017) (79 0.016) (48 0.0154) (89 -0.0144) (71 0.0141) (49 -0.0139) (102 0.0139) (51 0.0138) (122 0.0131) (54 0.0124) (112 0.0124) (61 -0.0117) (33 0.0115) (55 -0.0113) (101 -0.0109) (105 -0.0103) (114 0.01) 
    0.003913   (127 -0.701) (65 0.446) (84 0.388) (67 -0.21) (40 0.178) (41 -0.0959) (50 0.0954) (87 -0.0843) (57 0.0833) (72 -0.0817) (66 0.0749) (63 0.0678) (129 0.065) (64 -0.0628) (39 0.0532) (43 0.0495) (78 -0.0475) (90 -0.0472) (69 -0.0427) (73 0.0371) (77 0.0351) (107 0.0321) (96 -0.0298) (85 -0.0287) (109 0.0268) (52 0.0264) (74 -0.0263) (91 0.0235) (86 0.0211) (49 0.0206) (51 -0.0204) (76 0.0204) (33 0.0196) (92 -0.0189) (44 0.0181) (60 0.0166) (37 0.0164) (48 -0.0161) (56 0.016) (38 0.0156) (103 0.0156) (46 0.0149) (45 0.0146) (94 0.013) (75 -0.0125) (82 -0.0122) (14 0.0121) (30 -0.0116) (71 -0.011) 
   0.0040692   (65 -0.618) (127 -0.61) (67 0.296) (40 -0.218) (57 -0.133) (41 0.115) (66 -0.103) (63 -0.095) (50 -0.0949) (72 0.0931) (64 0.0878) (129 0.0664) (84 0.0642) (69 0.0613) (39 -0.0611) (52 -0.0509) (73 -0.044) (43 -0.0436) (60 -0.0416) (33 -0.0325) (56 -0.03) (76 -0.026) (78 0.0247) (38 -0.0243) (74 0.0242) (37 -0.0231) (46 -0.0215) (79 -0.0181) (75 0.0165) (14 -0.0164) (51 0.0163) (61 0.0156) (30 0.0152) (109 -0.015) (49 -0.0143) (47 0.0136) (96 0.0132) (93 0.0131) (83 -0.0128) (34 0.0127) (70 -0.0127) (45 -0.0123) (22 0.0122) (90 0.0118) (16 -0.0116) (15 -0.0113) (120 -0.0111) (80 0.011) (91 -0.011) (82 0.011) (19 0.0106) (107 -0.0101) 
   0.0041116   (105 0.594) (96 -0.319) (103 0.28) (123 -0.255) (101 0.207) (110 -0.198) (108 -0.191) (120 -0.177) (98 -0.17) (106 -0.169) (107 -0.164) (112 -0.155) (119 -0.136) (117 -0.132) (99 -0.123) (122 0.115) (102 -0.111) (97 -0.107) (114 -0.0904) (121 -0.084) (111 -0.0742) (50 0.0678) (91 -0.0633) (109 -0.0595) (118 0.0544) (115 -0.0526) (94 0.0503) (90 -0.0448) (100 -0.0373) (116 -0.0333) (84 -0.03) (71 0.0289) (82 -0.0281) (51 -0.0261) (55 -0.0238) (124 -0.0237) (104 0.0236) (92 -0.0209) (113 -0.0205) (93 -0.0192) (72 0.019) (65 -0.0165) (60 0.015) (81 -0.0146) (56 0.0142) (80 -0.014) (125 -0.0137) (89 0.0135) (85 -0.0126) (86 0.0119) (141 -0.0119) (79 0.0115) (83 0.0104) (53 0.0102) 
    0.004252   (141 -0.996) (145 -0.0647) (146 0.0313) (123 -0.0212) (140 0.0196) (142 0.0178) (96 0.0142) (105 -0.0132) (120 -0.0102) 
   0.0043729   (50 0.816) (51 -0.283) (55 -0.239) (56 0.148) (49 0.145) (71 0.13) (53 0.107) (48 -0.106) (60 0.0987) (65 -0.0959) (57 -0.092) (72 0.0882) (43 0.0874) (40 -0.0872) (52 0.0827) (123 0.0716) (45 0.0639) (15 0.0625) (84 -0.0617) (107 0.0592) (105 -0.0514) (46 0.0511) (82 -0.0504) (120 0.0452) (96 -0.0416) (119 0.0393) (74 0.0355) (68 0.0354) (117 0.0351) (80 -0.0312) (122 -0.0312) (47 0.0295) (54 -0.029) (90 -0.0288) (63 -0.0281) (81 -0.0269) (87 -0.0262) (41 0.0254) (109 0.0251) (121 0.025) (118 -0.0241) (24 0.024) (64 0.023) (108 0.0229) (103 -0.0221) (79 0.0218) (16 -0.0214) (101 -0.0209) (32 0.0204) (61 -0.02) (92 0.0199) (38 -0.0189) (112 -0.0186) (115 0.0183) (124 0.018) (110 0.0169) (59 0.0168) (83 0.0167) (111 -0.0158) (104 -0.015) (66 -0.0149) (42 0.0142) (14 -0.0126) (98 0.0124) (13 0.012) (33 -0.0118) (97 -0.0117) (69 -0.0115) (12 -0.011) (106 0.0104) (20 0.0101) 
   0.0044192   (71 0.57) (45 0.452) (81 -0.32) (46 0.314) (80 -0.27) (50 -0.172) (83 0.17) (93 -0.155) (72 0.13) (87 -0.129) (69 -0.0835) (76 -0.0781) (78 0.0773) (43 0.0761) (79 0.0675) (98 -0.0653) (48 0.0599) (49 -0.0559) (109 -0.0554) (100 0.0535) (67 -0.0529) (97 0.0515) (44 0.0486) (113 0.0476) (51 0.0469) (68 0.0425) (105 -0.0405) (77 0.0392) (89 0.0348) (107 0.0344) (85 -0.0335) (47 0.0325) (60 0.0294) (75 0.0293) (90 0.0278) (73 -0.0264) (156 0.0263) (70 0.0254) (123 -0.0234) (114 0.0226) (74 0.0225) (99 0.0219) (54 0.0211) (96 0.0207) (101 -0.0189) (57 0.0175) (42 0.0173) (118 0.0173) (82 -0.0171) (122 0.0169) (115 -0.0166) (119 -0.0156) (117 -0.0154) (21 -0.0148) (88 -0.0131) (91 -0.0127) (112 0.0127) (63 -0.0126) (103 0.0123) (52 0.0117) (40 -0.0116) (104 0.0114) (65 -0.011) (35 -0.0107) (39 0.01) 
   0.0045713   (156 0.999) (45 -0.0269) (46 -0.0188) 
   0.0046776   (45 0.631) (71 -0.491) (46 0.443) (80 0.146) (81 0.146) (43 0.135) (79 -0.131) (72 -0.107) (87 0.0962) (44 0.0888) (109 0.0766) (83 -0.0746) (69 0.0729) (47 0.0708) (67 0.0614) (40 -0.0612) (90 0.0587) (68 -0.0392) (113 -0.0364) (100 -0.036) (98 0.035) (76 0.0349) (85 0.0341) (48 0.0341) (105 0.03) (38 -0.0292) (96 -0.0278) (78 -0.0278) (49 -0.0261) (37 0.025) (75 -0.024) (15 0.0233) (57 -0.0231) (156 0.023) (86 -0.0223) (123 0.0222) (73 0.0214) (114 -0.0202) (122 -0.0193) (118 -0.0192) (39 0.0187) (63 0.018) (14 -0.0178) (42 0.0171) (93 -0.0162) (115 0.0154) (70 -0.0152) (97 -0.014) (117 0.0139) (110 -0.0139) (54 -0.0137) (35 -0.0134) (112 -0.0133) (60 -0.0124) (56 0.0122) (24 0.012) (64 -0.0119) (101 0.0118) (55 -0.0117) (107 -0.0113) (82 -0.0113) (84 -0.011) (36 -0.0105) (102 0.0103) 
   0.0047495   (21 0.921) (136 -0.279) (20 -0.256) (24 0.0501) (19 -0.0344) (15 -0.0321) (16 0.0293) (17 0.0205) (22 0.0201) (23 -0.0176) (45 0.0142) (35 0.0139) (7 0.0134) (30 0.0127) (27 0.0127) (36 0.0115) (33 -0.0108) (46 0.0105) (14 -0.01) 
   0.0049246   (136 -0.96) (21 -0.268) (20 0.0745) (24 -0.0146) (7 0.0117) (19 0.01) 
   0.0051281   (7 -1) (136 -0.015) 
   0.0053341   (5 1) 
   0.0054041   (31 -0.439) (27 0.39) (32 0.374) (28 0.358) (135 -0.305) (37 0.295) (14 0.237) (29 -0.204) (30 -0.189) (35 0.159) (38 -0.115) (36 -0.0699) (39 0.0675) (17 0.0669) (25 -0.0528) (19 0.0525) (16 -0.0447) (33 -0.0367) (34 -0.0359) (23 0.0359) (44 0.0318) (20 -0.0291) (18 0.0259) (40 -0.0259) (41 0.0259) (77 -0.0258) (78 0.0258) (22 0.0257) (43 -0.0246) (47 0.0239) (15 -0.0234) (11 -0.0194) (26 0.0128) (12 -0.0116) (42 -0.011) (46 -0.0102) (72 0.0102) 
   0.0054195   (135 -0.952) (31 0.141) (27 -0.125) (32 -0.12) (28 -0.115) (37 -0.0944) (14 -0.0761) (29 0.0654) (30 0.0606) (35 -0.0508) (38 0.0367) (36 0.0224) (39 -0.0216) (17 -0.0214) (25 0.0169) (19 -0.0168) (16 0.0143) (33 0.0117) (23 -0.0115) (34 0.0115) (44 -0.0101) 
    0.005652   (10 0.766) (17 -0.493) (16 -0.304) (14 0.205) (15 -0.101) (27 -0.0972) (19 -0.0879) (22 -0.0421) (37 0.0343) (25 0.0308) (20 0.0265) (21 0.0258) (23 -0.0224) (28 -0.0174) (38 -0.0125) (35 0.0111) (18 -0.0101) 
    0.005742   (144 0.999) (10 -0.0267) (17 -0.0213) (16 -0.013) 
   0.0060503   (10 0.642) (17 0.594) (16 0.364) (14 -0.223) (27 0.121) (15 0.113) (19 0.11) (22 0.0535) (37 -0.0437) (144 0.0382) (25 -0.0373) (20 -0.035) (21 -0.0311) (23 0.0283) (28 0.0203) (11 0.0186) (31 0.0148) (38 0.0147) (12 0.0142) (35 -0.0141) (26 0.0122) (77 0.0121) (18 0.012) (30 0.0112) (78 -0.0106) 
   0.0063941   (13 -0.884) (12 0.316) (43 -0.279) (42 -0.0861) (40 0.0805) (41 0.0797) (45 0.0657) (47 0.0517) (14 0.0469) (50 0.0442) (15 0.0432) (39 -0.0379) (38 0.0304) (37 -0.0301) (44 0.0254) (48 -0.0239) (46 0.0172) (36 0.0155) (30 0.0154) (31 -0.0135) (49 0.0133) (32 -0.0107) (60 -0.0105) 
   0.0067866   (143 -0.999) (43 -0.0326) (13 0.0153) 
   0.0069353   (43 0.798) (13 -0.317) (42 0.229) (40 -0.221) (41 -0.187) (45 -0.161) (47 -0.129) (39 0.114) (12 0.109) (37 0.103) (38 -0.0935) (50 -0.0904) (44 -0.0801) (48 0.054) (143 -0.0416) (36 -0.041) (15 0.041) (46 -0.0385) (74 0.032) (14 -0.0303) (27 -0.0292) (30 -0.0291) (31 0.029) (49 -0.0289) (32 0.0285) (18 -0.0265) (24 0.0255) (35 0.0241) (59 -0.0235) (60 0.0213) (80 0.0199) (20 0.0195) (64 0.0186) (79 0.0174) (109 0.016) (56 0.0159) (107 0.0157) (67 0.0154) (52 0.0154) (61 -0.0146) (55 -0.0146) (81 -0.0142) (84 -0.014) (17 -0.0135) (34 0.0127) (22 -0.0118) (63 -0.0115) (62 0.0109) (29 0.0108) (19 -0.0105) (28 -0.0104) (68 0.0103) (78 0.0103) (66 0.0103) 
   0.0076489   (12 0.891) (13 0.321) (32 -0.18) (31 -0.18) (30 0.169) (14 0.0445) (29 -0.0375) (36 -0.0343) (33 0.0253) (42 0.0225) (41 -0.0214) (40 -0.0199) (35 0.0174) (66 0.0173) (15 0.0161) (138 0.0142) (68 0.0122) (37 0.012) (18 0.0113) (38 -0.011) 
   0.0083288   (138 0.992) (32 -0.0651) (31 -0.0629) (30 0.0594) (12 -0.0491) (13 -0.0172) (29 -0.0134) 

 Largest eigenvalues
       81.37   (162 0.234) (164 0.96) 
      28.793   (37 0.453) (47 0.32) 
      20.312   (77 0.543) (78 -0.524) 
      15.532   (107 0.641) (109 0.617) 
      4.5799   (96 -0.286) (120 0.36) (123 0.554) 
      1.4637   (162 0.972) (164 -0.231) 
      1.2239   (163 -0.997) 
      1.1473   (165 0.997) 
      1.1418   (91 0.904) (101 -0.251) 
      1.1351   (101 0.775) (106 0.495) 
      1.1271   (101 0.352) (106 -0.795) 
     0.91876   (111 0.354) (115 -0.766) 
     0.91721   (103 -0.3) (104 0.841) 
       0.861   (98 -0.423) (99 -0.561) (100 -0.417) 
     0.84747   (111 -0.586) (112 0.304) (124 0.293) 
     0.75822   (110 -0.481) (111 0.325) (115 0.371) (124 0.299) 
     0.67134   (110 0.714) (111 0.303) 
     0.67052   (96 -0.743) (97 -0.255) (98 0.226) (99 0.244) (110 0.225) 
     0.66343   (114 -0.488) (125 0.308) (126 0.428) (145 0.337) 
     0.60065   (111 -0.325) (112 -0.561) (114 0.446) 
     0.59492   (108 0.587) (112 0.33) (114 0.509) 
     0.57608   (108 -0.676) (110 -0.289) (112 0.399) 
     0.57322   (114 -0.357) (121 0.362) (123 -0.423) (129 -0.295) (134 0.373) 
     0.56767   (121 -0.336) (122 0.359) (123 0.332) (124 0.546) (134 0.318) 
     0.56068   (118 0.353) (119 -0.392) (120 0.543) 
     0.54556   (117 -0.705) (118 -0.407) 
      0.5281   (116 0.436) (117 0.327) (119 0.31) (122 0.398) (125 0.323) (134 0.318) 
     0.50084   (116 -0.655) (118 0.257) (121 0.25) (125 0.256) (126 0.273) (129 0.219) (134 0.283) (145 -0.252) 
      0.4935   (116 0.533) (117 -0.324) (126 0.393) (145 -0.298) 
     0.41486   (92 0.972) 
     0.41227   (118 -0.347) (121 -0.354) (129 -0.363) (145 -0.337) 
     0.35167   (94 -0.926) (103 0.213) 
      0.3361   (94 0.331) (103 0.673) (104 0.341) (105 -0.409) 
      0.3027   (102 -0.812) 
     0.29937   (98 -0.407) (100 0.255) (113 -0.328) (119 0.251) (129 -0.277) 
     0.24804   (79 -0.347) (87 -0.661) 
      0.2366   (79 0.499) (98 0.492) 
     0.23029   (79 -0.509) (87 0.598) 
     0.22946   (98 -0.343) (107 0.293) (109 -0.321) (113 0.542) 
     0.18049   (90 -0.807) (93 0.414) 
     0.16125   (90 0.374) (97 -0.525) (109 0.342) 
     0.15151   (86 -0.287) (93 -0.62) 
     0.13763   (85 -0.56) (86 0.691) 
     0.13084   (89 -0.733) (93 0.34) (97 0.289) 
     0.12498   (79 0.404) (81 0.503) (83 -0.423) 
     0.11891   (77 0.241) (80 -0.301) (89 0.259) (93 0.245) 
     0.11276   (59 0.366) (63 -0.309) (69 0.359) 
     0.10754   (58 0.468) (59 -0.604) 
     0.10222   (58 -0.558) (63 0.36) 
    0.094481   (58 0.476) (59 0.311) (63 -0.288) (97 -0.272) 
    0.090187   (58 -0.432) (59 -0.538) 
    0.080077   (63 0.603) (83 -0.29) 
    0.078686   (63 -0.345) (64 -0.698) 
    0.073944   (61 -0.441) (62 0.43) (64 0.434) 
    0.072847   (61 0.646) (62 -0.274) (64 0.251) (69 -0.21) 
    0.066233   (61 -0.327) (67 -0.287) (119 0.313) 
    0.063288   (61 0.271) (68 0.263) (74 -0.3) (78 0.281) (81 0.252) 
    0.061025   (61 -0.296) (62 -0.575) 
    0.058944   (62 0.525) (68 -0.28) (74 0.273) (85 -0.211) 
    0.055672   (62 -0.25) (66 -0.316) (68 0.425) (69 0.313) (72 -0.294) (76 -0.306) 
    0.053365   (66 0.45) (74 -0.318) (80 0.273) (81 -0.326) 
    0.049706   (66 -0.531) (76 0.327) 
    0.047709   (66 0.496) (68 0.325) 
     0.04625   (74 -0.255) (76 -0.354) (77 -0.214) (80 -0.274) (81 0.315) (83 0.27) (88 0.264) 
    0.044137   (33 -0.369) (34 -0.772) (41 0.368) 
    0.042168   (34 0.422) (41 0.634) (42 -0.304) (43 0.297) 
    0.041427   (75 -0.431) (85 -0.264) (88 0.259) 
    0.040895   (48 -0.437) (49 -0.364) (51 -0.449) (75 0.389) 
    0.032269   (48 0.376) (49 0.297) (51 0.355) (75 0.574) 
    0.031687   (20 -0.298) (26 -0.691) (29 0.419) 
    0.029444   (18 -0.394) (20 -0.515) (26 0.52) 
     0.02758   (20 0.361) (26 0.278) (29 0.387) (42 0.477) (88 -0.282) 
    0.026134   (26 -0.35) (29 -0.696) 
    0.021459   (42 -0.517) (75 -0.324) (88 -0.452) 
    0.020707   (120 -0.305) (126 -0.304) (131 0.67) (134 0.352) 
    0.020565   (128 -0.578) (160 -0.809) 
    0.019071   (128 -0.577) (160 0.312) (161 0.755) 
    0.016978   (128 -0.577) (160 0.497) (161 -0.647) 
    0.015404   (15 0.91) (16 -0.368) 
    0.014714   (139 -0.996) 
