 1 1000
 2 496.791
 3 21.9804
 4 1000
 5 407.629
 6 275.249
 7 999.841
 8 3.62131
 9 991.723
 10 892.1
 11 2.33036
 12 786.516
 13 1000
 14 997.974
 15 0.82451
 16 1000
 17 996.91
 18 3.06068
 19 1000
 20 838.727
 21 158.371
 22 1000
 23 952.406
 24 46.9432
 25 242.565
 26 252.849
 27 17.3129
 28 986.141
 29 196.063
 30 247.741
 31 492.891
 32 55.4585
 33 828.515
 34 214.264
 35 138.736
 36 369.224
 37 988.896
 38 997.547
 39 3.72793
 40 608.794
 41 970.45
 42 1.76703
 43 497.302
 44 863.351
 45 17.3957
 46 998.309
 47 332.442
 48 669.075
 49 944.66
 50 190.603
 51 278.187
 52 173.545
 53 953.242
 54 274.062
 55 161.416
 56 228.299
 57 890.301
 58 88.5589
 59 136.388
 60 185.295
 61 22.2302
 62 1.79307
 63 458.2
 64 314.411
 65 1.67415
 66 489.355
 67 934.201
 68 67.8652
 69 999.902
 70 1000
 71 894.875
 72 104.934
 73 999.609
 74 3.12693
 75 997.998
 76 984.081
 77 3.45667
 78 884.611
 79 999.094
 80 20.5706
 81 977.699
 82 990.124
 83 243.666
 84 2.83119
 85 107.952
 86 2.6252
 87 989.201
 88 1.71148
 89 1.63906
 90 1.90656
 91 9.01221
 92 421.282
 93 811.746
 94 648.946
 95 898.152
 96 944.76
 97 308.998
 98 303.525
 99 126.427
 100 816.618
 101 946.364
 102 121.804
 103 149.621
 104 132.873
 105 131.868
 106 159.884
 107 164.755
 108 169.258
 109 125.619
 110 96.5525
 111 182.157
 112 206.207
 113 191.237
 114 173.524
 115 180.101
 116 145.007
 117 172.136
 118 194.365
 119 152.824
 120 85.6167
 121 123.125
 122 47.933
 123 62.3082
 124 36.8971
 125 28.9381
 126 51.9737
 127 25.7443
 128 88.5016
 129 65.7135
 130 60.6353
 131 20.0172
 132 20.7674
 133 22.2626
 134 35.3655
 135 8.47682
 136 46.1621
 137 9.53453
 138 8.88514
 139 8.93097
 140 10.3187
 141 10.6754
 142 8.44801
 143 9.0192
 144 14.8048
 145 14.9593
 146 12.3676
 147 9.8742
 148 28.8815
 149 15.8826
 150 11.7617
 151 13.6206
 152 23.3467
 153 20.4762
 154 13.1728
 155 19.8245
 156 24.0477
 157 46.6047
 158 0.157638
 159 0.251463
 160 0.362205
 161 21.7712
 162 23.5255
 163 331.161
 164 799.969
 165 7.35187
