 1 31.6228
 2 21.7036
 3 1.91136
 4 31.6228
 5 16.0246
 6 11.1993
 7 31.6194
 8 1.02418
 9 31.4229
 10 29.72
 11 0.983409
 12 27.8248
 13 31.6228
 14 31.5841
 15 0.904261
 16 31.6228
 17 31.5372
 18 1.00296
 19 31.6228
 20 26.7402
 21 5.94716
 22 31.6228
 23 30.1818
 24 2.45259
 25 15.1921
 26 14.906
 27 1.94834
 28 31.3514
 29 9.83704
 30 12.1405
 31 21.7005
 32 2.79618
 33 27.6041
 34 14.4239
 35 6.93365
 36 16.5753
 37 31.425
 38 31.5542
 39 1.38649
 40 24.3994
 41 31.0868
 42 1.29434
 43 21.7314
 44 28.8092
 45 1.89945
 46 31.5774
 47 11.6258
 48 21.7247
 49 30.5194
 50 13.2967
 51 13.9889
 52 9.2413
 53 30.6864
 54 16.3434
 55 9.08418
 56 12.0143
 57 29.2402
 58 8.77613
 59 8.70088
 60 10.7505
 61 4.40566
 62 1.32992
 63 21.0643
 64 16.4002
 65 0.968668
 66 21.1153
 67 29.64
 68 3.50376
 69 31.62
 70 31.6228
 71 28.477
 72 4.65906
 73 31.6142
 74 1.35888
 75 31.5673
 76 31.3511
 77 1.37746
 78 29.6489
 79 31.602
 80 1.98688
 81 30.9852
 82 31.4146
 83 15.0927
 84 1.40266
 85 10.139
 86 1.42745
 87 31.3733
 88 1.09652
 89 1.04188
 90 1.24448
 91 2.45196
 92 18.1772
 93 26.8973
 94 23.4181
 95 29.2723
 96 30.3369
 97 16.2012
 98 15.7466
 99 8.95668
 100 27.8318
 101 30.4717
 102 10.0142
 103 11.5456
 104 10.758
 105 10.8325
 106 12.2275
 107 12.3385
 108 12.4597
 109 10.3312
 110 8.33857
 111 12.8025
 112 14.0269
 113 13.4234
 114 12.6089
 115 12.6401
 116 10.8943
 117 12.2601
 118 13.2639
 119 11.6121
 120 8.51909
 121 10.7078
 122 6.70574
 123 7.71803
 124 5.52262
 125 5.10936
 126 6.90244
 127 4.49563
 128 8.84067
 129 7.26876
 130 7.20533
 131 4.08762
 132 4.44232
 133 4.5758
 134 5.84512
 135 2.64348
 136 6.71681
 137 2.8587
 138 2.80415
 139 2.81246
 140 3.0528
 141 3.00112
 142 2.65429
 143 2.77433
 144 3.68725
 145 3.74363
 146 3.35372
 147 2.88056
 148 5.17349
 149 3.80247
 150 3.23701
 151 3.48567
 152 4.71822
 153 4.40211
 154 3.50432
 155 4.36668
 156 4.81417
 157 6.76038
 158 0.151003
 159 0.3982
 160 0.271553
 161 3.73672
 162 4.31755
 163 15.9992
 164 27.1412
 165 0.562889
