 1 52548.2
 2 665.662
 3 29.1789
 4 176041
 5 537.282
 6 362.715
 7 497169
 8 39.9139
 9 14004
 10 2524.75
 11 4.03297
 12 1669.24
 13 295950
 14 4159.06
 15 0.848066
 16 326555
 17 3747.25
 18 9.10141
 19 120214
 20 2152.73
 21 404.856
 22 163764
 23 3344.12
 24 162.235
 25 264.239
 26 326.653
 27 22.1826
 28 2837.87
 29 253.026
 30 318.082
 31 518.083
 32 70.2053
 33 1054.32
 34 221.201
 35 158.385
 36 423.774
 37 1529.4
 38 2969.13
 39 7.91664
 40 979.973
 41 4317.13
 42 2.10335
 43 680.987
 44 1473.74
 45 28.991
 46 10517.7
 47 987.217
 48 1710.08
 49 1852.96
 50 193.821
 51 335.083
 52 208.629
 53 2914.68
 54 307.614
 55 218.525
 56 315.97
 57 951.44
 58 89.6406
 59 142.054
 60 194.377
 61 22.713
 62 1.79672
 63 483.217
 64 317.589
 65 1.6842
 66 499.477
 67 3298.53
 68 231.686
 69 151326
 70 171772
 71 2320.7
 72 268.833
 73 17416.2
 74 24.7888
 75 14714.2
 76 8378.39
 77 5.95687
 78 1901.08
 79 8705.16
 80 63.2919
 81 2722.18
 82 1573.53
 83 270.374
 84 2.98496
 85 138.447
 86 2.95009
 87 4913.2
 88 1.71173
 89 1.63909
 90 1.90685
 91 10.0296
 92 491.224
 93 1551.75
 94 1225.5
 95 2210.38
 96 2252.47
 97 325.579
 98 318.046
 99 127.915
 100 982.755
 101 1517.58
 102 126.09
 103 152.603
 104 134.165
 105 132.767
 106 160.544
 107 165.486
 108 170.193
 109 126.706
 110 98.4709
 111 183.409
 112 207.168
 113 191.969
 114 174.005
 115 180.628
 116 145.955
 117 172.715
 118 194.753
 119 153.543
 120 87.0774
 121 123.822
 122 48.5489
 123 65.146
 124 37.5721
 125 29.7818
 126 52.44
 127 27.2031
 128 91.1337
 129 66.889
 130 61.5441
 131 20.3768
 132 21.0509
 133 22.6423
 134 36.3717
 135 8.76565
 136 46.6677
 137 9.94362
 138 9.21715
 139 9.24058
 140 10.9881
 141 11.4014
 142 8.89846
 143 9.53068
 144 15.3325
 145 15.2712
 146 12.7286
 147 10.4663
 148 30.2523
 149 16.6561
 150 12.08
 151 13.9526
 152 23.8335
 153 21.5752
 154 13.5883
 155 20.2185
 156 24.2972
 157 46.8843
 158 0.19507
 159 0.263253
 160 0.405332
 161 27.0206
 162 25.5234
 163 1623.1
 164 3486.55
 165 14.696
