 Smallest eigenvalues
  1.9641e-06   (9 1) 
  3.0623e-06   (48 -0.619) (51 0.48) (49 -0.392) (154 -0.201) (43 0.183) (52 -0.182) (55 -0.133) (53 0.127) (42 -0.126) (78 0.119) (12 0.107) (47 -0.0944) (54 0.0689) (46 0.0653) (35 -0.0628) (56 0.0545) (63 -0.0482) (14 -0.0481) (44 -0.0477) (11 0.0467) (25 -0.0411) (40 0.0376) (38 0.0352) (41 0.0308) (24 -0.0288) (60 -0.0273) (13 0.0268) (79 -0.0263) (68 0.0261) (61 0.0256) (50 0.0251) (36 0.0251) (71 -0.0208) (66 0.0206) (29 -0.0184) (70 0.0179) (39 0.0178) (57 0.0178) (17 -0.0177) (72 0.0172) (76 -0.0169) (80 0.016) (30 -0.0159) (73 -0.0154) (31 0.0149) (84 0.0146) (88 0.0134) (34 0.0131) (22 0.0121) (74 -0.0112) (37 -0.011) (65 -0.0104) (75 -0.0102) 
   3.379e-06   (154 -0.98) (48 0.127) (51 -0.0984) (49 0.0804) (43 -0.0375) (52 0.0374) (55 0.0273) (53 -0.026) (42 0.0259) (78 -0.0241) (12 -0.0222) (47 0.0194) (54 -0.0141) (46 -0.0134) (35 0.013) (56 -0.0112) 
  5.6805e-06   (4 1) 
  5.8217e-06   (148 0.635) (47 0.504) (44 -0.415) (43 0.265) (46 0.145) (42 -0.131) (48 0.121) (45 -0.103) (12 0.0928) (78 0.0707) (35 -0.0649) (51 -0.0476) (25 -0.0426) (40 0.0424) (14 -0.0413) (11 0.0405) (24 -0.0325) (38 0.0315) (36 0.0307) (53 -0.027) (52 -0.0268) (56 0.0242) (13 0.0228) (37 -0.0221) (49 -0.0207) (28 0.0182) (34 0.0181) (54 0.0173) (60 -0.017) (17 -0.0157) (79 -0.0134) (71 -0.0129) (77 -0.0127) (41 0.0118) (70 0.0115) (27 -0.0113) (29 -0.0109) (63 -0.0103) (20 0.0101) 
  6.1063e-06   (148 0.773) (47 -0.413) (44 0.341) (43 -0.218) (46 -0.119) (42 0.108) (48 -0.0993) (45 0.0849) (12 -0.0762) (78 -0.0579) (35 0.0533) (51 0.039) (25 0.035) (40 -0.0348) (14 0.0339) (11 -0.0333) (24 0.0267) (38 -0.0259) (36 -0.0252) (53 0.0222) (52 0.022) (56 -0.0199) (13 -0.0187) (37 0.0182) (49 0.017) (28 -0.015) (34 -0.0149) (54 -0.0142) (60 0.0139) (17 0.0129) (79 0.011) (71 0.0106) (77 0.0104) 
  6.6054e-06   (1 -0.988) (29 -0.104) (31 0.0555) (35 0.0541) (30 0.0537) (25 -0.0293) (28 0.0288) (33 0.0228) (24 -0.0197) (36 -0.0137) (34 -0.0125) (37 0.0122) (12 0.01) 
  8.3185e-06   (155 -0.999) (29 -0.0344) (31 0.0182) (35 0.0179) (30 0.0178) (25 -0.0101) 
   1.903e-05   (29 0.654) (31 -0.347) (35 -0.342) (30 -0.339) (25 0.191) (28 -0.181) (12 -0.175) (1 -0.151) (33 -0.14) (24 0.138) (36 0.0828) (11 -0.0803) (37 -0.0802) (14 0.0771) (34 0.0648) (20 -0.0568) (42 -0.0556) (27 0.0526) (155 -0.0525) (78 -0.0485) (13 -0.042) (43 0.0376) (21 0.037) (22 -0.0358) (44 -0.0333) (16 -0.0314) (39 0.0302) (26 0.0288) (48 -0.0258) (17 0.023) (79 0.0188) (45 0.0163) (51 0.0159) (54 -0.0139) (60 0.0138) (56 -0.0136) (38 0.0128) (53 0.0124) (50 -0.0121) (40 0.0113) (75 -0.0112) (49 0.0111) (71 0.011) (80 -0.0103) 
  3.6193e-05   (20 -0.553) (18 0.53) (45 0.392) (46 -0.314) (43 0.22) (26 -0.129) (22 0.128) (42 -0.125) (21 0.125) (16 0.0838) (48 0.0792) (17 -0.0768) (29 -0.068) (12 0.0656) (19 0.0551) (78 0.0524) (15 0.0418) (47 -0.0334) (32 -0.0317) (39 0.0311) (35 -0.0286) (37 0.0276) (50 0.0258) (28 -0.0248) (53 -0.0238) (11 0.0238) (74 -0.0235) (14 -0.0228) (72 0.0201) (30 -0.0181) (40 0.0175) (68 0.0168) (62 0.0164) (24 0.0158) (38 0.0155) (67 -0.0153) (13 0.0139) (51 -0.0137) (34 -0.0127) (61 0.012) (56 0.0117) (41 0.0111) (60 -0.011) (31 0.0109) 
  8.5117e-05   (158 -0.999) (45 0.023) (46 -0.0189) (20 0.018) (18 -0.0161) (43 0.0107) 
  0.00010175   (45 -0.542) (46 0.446) (20 -0.409) (18 0.365) (43 -0.254) (42 0.199) (48 -0.144) (21 0.103) (22 0.0837) (78 -0.0816) (12 -0.0704) (47 0.0689) (41 -0.0683) (25 0.0678) (24 0.0619) (35 0.0576) (26 -0.0517) (158 -0.0429) (34 -0.0408) (16 0.0402) (40 -0.0395) (19 0.039) (17 -0.0381) (28 -0.0375) (14 0.0354) (36 -0.0352) (37 0.0343) (11 -0.0342) (29 -0.0322) (27 0.0308) (38 -0.0308) (56 -0.0306) (33 0.0283) (15 0.0268) (50 -0.0267) (54 -0.0261) (51 0.025) (74 0.0216) (72 -0.0206) (68 -0.0202) (32 -0.0198) (53 0.0197) (63 0.0195) (13 -0.0188) (30 -0.0187) (67 0.0165) (77 0.0154) (80 -0.0149) (65 0.0147) (66 -0.0145) (44 0.0142) (62 -0.014) (70 -0.0138) (81 0.0137) (60 0.0129) (49 0.0126) (71 0.0121) (61 -0.0119) (79 0.0114) (76 -0.0105) 
  0.00010475   (3 -1) 
  0.00010836   (22 -0.498) (20 -0.446) (18 -0.332) (21 -0.319) (12 0.31) (25 0.262) (24 0.221) (17 -0.201) (14 -0.144) (11 0.123) (35 0.0922) (23 0.0849) (13 0.0844) (16 -0.0782) (30 0.0701) (43 -0.0492) (15 -0.0411) (38 -0.0382) (32 0.0339) (31 -0.0335) (36 -0.0319) (47 0.0299) (34 -0.0296) (28 -0.0279) (26 -0.0247) (29 0.0236) (46 -0.0221) (40 -0.0218) (44 0.018) (78 0.0174) (33 -0.0171) (42 0.0169) (27 0.0137) (57 0.0122) (52 -0.0109) 
  0.00019922   (159 1) 
  0.00021246   (2 1) 
  0.00024155   (21 0.866) (12 0.238) (25 0.208) (24 0.183) (17 -0.167) (20 0.143) (22 -0.118) (14 -0.111) (18 -0.102) (11 0.0953) (35 0.0658) (13 0.0642) (157 0.0468) (23 -0.0455) (26 -0.0395) (30 0.037) (27 0.0369) (31 -0.0321) (44 0.0215) (34 -0.0208) (36 -0.0207) (42 0.0185) (38 -0.0163) (78 0.0157) (43 -0.0153) (40 -0.0144) (47 0.0127) (16 0.0109) (46 -0.0107) (28 -0.0103) 
  0.00028292   (157 0.999) (21 -0.0406) (12 -0.0112) 
  0.00028829   (8 1) 
  0.00030254   (28 -0.799) (150 -0.397) (27 0.202) (25 -0.202) (26 0.15) (35 0.148) (12 0.141) (32 -0.118) (24 -0.1) (14 -0.061) (11 0.0596) (31 -0.0546) (20 0.0505) (36 -0.0488) (17 -0.0468) (48 0.0466) (37 0.0463) (51 0.0424) (33 0.0398) (16 0.0345) (13 0.0308) (21 -0.0277) (42 0.0242) (43 -0.0239) (29 -0.0234) (78 0.0207) (49 0.0203) (18 0.0198) (22 0.0176) (75 -0.0175) (15 0.0169) (34 -0.0111) 
  0.00031252   (150 -0.918) (28 0.346) (27 -0.0874) (25 0.0873) (26 -0.0651) (35 -0.0641) (12 -0.0613) (32 0.0512) (24 0.0434) (14 0.0264) (11 -0.0258) (31 0.0237) (20 -0.0219) (36 0.0211) (17 0.0203) (48 -0.0202) (37 -0.02) (51 -0.0183) (33 -0.0173) (16 -0.015) (13 -0.0133) (21 0.012) (42 -0.0105) (43 0.0103) (29 0.0101) 
  0.00032184   (6 1) 
  0.00033228   (22 0.575) (25 0.487) (24 0.316) (21 -0.248) (20 0.246) (23 0.218) (12 0.215) (153 -0.214) (17 -0.131) (14 -0.0945) (11 0.0824) (26 -0.0781) (35 0.0749) (18 0.0725) (32 -0.0715) (16 0.0542) (13 0.0497) (28 -0.0427) (33 0.0369) (15 0.0309) (78 0.0234) (31 -0.023) (42 0.0226) (48 0.0225) (39 0.0221) (37 0.0211) (29 -0.02) (36 -0.0177) (73 -0.0151) (56 0.0113) (34 -0.0112) (30 -0.0112) (51 0.0102) 
  0.00034443   (153 -0.977) (22 -0.126) (25 -0.107) (24 -0.0694) (21 0.0545) (20 -0.054) (23 -0.0478) (12 -0.0472) (17 0.0287) (14 0.0208) (11 -0.0181) (26 0.0171) (35 -0.0164) (18 -0.0159) (32 0.0157) (16 -0.0119) (13 -0.0109) 
  0.00035508   (73 -0.591) (57 -0.484) (70 0.331) (66 -0.241) (60 0.182) (71 -0.173) (74 -0.168) (63 0.165) (52 0.161) (78 -0.14) (43 0.121) (47 -0.0999) (56 0.0806) (69 -0.064) (68 -0.062) (61 -0.0618) (79 0.0584) (46 0.0569) (72 0.0564) (54 0.0551) (32 -0.0498) (16 -0.0445) (38 0.0388) (50 0.0374) (18 -0.0369) (51 0.0349) (77 0.0349) (64 -0.0346) (20 -0.033) (44 -0.0324) (33 0.0316) (45 -0.0308) (40 0.0304) (62 -0.0288) (59 -0.0246) (75 -0.0246) (29 -0.0223) (123 -0.022) (76 0.0217) (15 -0.0215) (67 0.0214) (30 -0.0206) (88 0.02) (35 -0.019) (48 0.0182) (41 0.0179) (109 0.0166) (126 0.0162) (89 -0.0161) (100 0.016) (120 0.0152) (65 -0.0152) (80 -0.0151) (84 0.0146) (104 0.0143) (121 0.0133) (152 -0.0122) (91 0.0119) (122 -0.0116) (25 0.0113) (37 -0.0113) (119 -0.0113) (55 0.0112) (22 0.0108) (21 0.0106) (106 -0.0105) (127 -0.0101) 
  0.00037876   (73 0.662) (57 -0.409) (66 -0.299) (152 -0.241) (63 0.186) (43 0.156) (47 -0.148) (74 0.146) (52 0.136) (71 0.121) (68 -0.112) (60 0.106) (72 -0.0962) (49 0.0928) (46 0.0822) (56 0.0797) (44 -0.0581) (55 0.0575) (12 0.0574) (70 0.057) (39 0.0545) (32 -0.0517) (61 -0.0512) (35 -0.0511) (16 -0.0492) (38 0.047) (18 -0.0419) (53 -0.0416) (48 -0.041) (120 0.0401) (40 0.0378) (64 -0.0376) (67 0.0344) (29 -0.0328) (45 -0.0325) (33 0.032) (59 -0.0308) (30 -0.0298) (62 -0.0291) (79 -0.0288) (14 -0.0281) (41 0.0278) (11 0.0266) (51 0.0254) (15 -0.0228) (84 0.0225) (22 0.0224) (20 -0.0219) (31 0.0215) (121 -0.0195) (36 0.0195) (125 -0.0182) (54 0.0175) (13 0.0173) (127 -0.0166) (42 -0.0151) (75 0.0149) (89 -0.0149) (88 0.0147) (65 -0.0145) (23 -0.0134) (37 -0.0131) (122 0.013) (139 0.0128) (69 -0.0128) (131 -0.0126) (78 0.0111) (34 0.0111) (80 0.01) 
  0.00039056   (152 -0.97) (73 -0.157) (57 0.108) (66 0.0771) (63 -0.0483) (43 -0.0409) (47 0.0384) (52 -0.0362) (74 -0.0341) (60 -0.0286) (68 0.0286) (71 -0.028) (49 -0.0232) (72 0.0231) (46 -0.0214) (56 -0.021) (70 -0.018) (44 0.015) (55 -0.0145) (12 -0.0144) (32 0.0137) (39 -0.0137) (61 0.0135) (35 0.0131) (16 0.0131) (38 -0.0124) (18 0.0111) (53 0.0105) 
  0.00044443   (24 -0.82) (25 0.536) (23 0.0954) (54 -0.0851) (52 0.0665) (53 -0.0524) (56 -0.0472) (55 -0.0371) (22 -0.0365) (57 0.0353) (21 0.0351) (47 -0.0347) (12 0.0346) (49 0.0304) (20 -0.0265) (28 -0.0247) (30 -0.0219) (11 0.0212) (39 0.0207) (43 0.0203) (16 0.0178) (46 0.0172) (14 -0.0166) (48 -0.0155) (78 0.015) (60 -0.0107) (18 -0.0107) (32 -0.0106) (51 0.0104) (44 -0.0101) 
  0.00049096   (147 0.748) (54 -0.365) (52 0.31) (56 -0.215) (53 -0.198) (55 -0.156) (57 0.132) (43 0.126) (47 -0.123) (49 0.0955) (24 0.0784) (25 -0.0695) (46 0.0653) (48 -0.0611) (51 0.0588) (44 -0.052) (12 0.045) (60 -0.0421) (35 -0.0411) (73 -0.0377) (78 0.029) (38 0.0286) (32 -0.0279) (40 0.0275) (16 -0.0253) (50 -0.024) (39 0.0234) (63 -0.022) (45 -0.0218) (14 -0.021) (29 -0.0209) (23 -0.0208) (71 -0.0197) (11 0.0192) (18 -0.0192) (42 -0.018) (33 0.0173) (36 0.0172) (41 0.015) (66 0.0148) (120 0.0132) (13 0.0127) (15 -0.0123) (22 0.0117) (31 0.0114) (61 0.0113) (30 -0.0108) (37 -0.0107) 
  0.00049514   (147 0.664) (54 0.412) (52 -0.35) (56 0.242) (53 0.224) (55 0.176) (57 -0.149) (43 -0.142) (47 0.138) (49 -0.108) (24 -0.0839) (25 0.0755) (46 -0.0736) (48 0.069) (51 -0.0663) (44 0.0587) (12 -0.0509) (60 0.0475) (35 0.0464) (73 0.0425) (78 -0.0327) (38 -0.0323) (32 0.0315) (40 -0.031) (16 0.0285) (50 0.0271) (39 -0.0265) (63 0.0249) (45 0.0246) (14 0.0237) (29 0.0236) (23 0.023) (71 0.0222) (11 -0.0218) (18 0.0216) (42 0.0202) (33 -0.0195) (36 -0.0194) (41 -0.0169) (66 -0.0166) (120 -0.0147) (13 -0.0143) (15 0.0138) (22 -0.013) (31 -0.0129) (61 -0.0128) (30 0.0123) (37 0.0121) (70 -0.0106) (28 -0.0102) (79 0.0101) 
  0.00050327   (55 0.586) (53 0.554) (39 -0.384) (52 0.289) (57 0.167) (54 -0.15) (43 0.15) (40 0.105) (47 -0.0856) (49 0.0603) (44 -0.0555) (60 -0.0551) (46 0.0543) (48 -0.0506) (78 0.0452) (56 0.0421) (42 -0.0368) (35 0.0348) (70 0.0253) (71 -0.0244) (51 0.0205) (36 -0.0205) (50 -0.0186) (151 -0.0183) (20 -0.0155) (25 0.0148) (73 -0.0142) (69 -0.0136) (61 0.0118) 
  0.00052441   (151 -0.97) (39 0.213) (55 0.0574) (53 0.0504) (40 -0.0433) (35 -0.0381) (52 0.031) (43 -0.0207) (12 0.02) (57 0.0174) (36 0.0169) (37 -0.0151) (25 -0.015) (32 -0.0129) (49 -0.0126) (78 0.0122) (38 0.0117) (42 0.0115) (29 -0.0112) (48 0.0112) 
   0.0005333   (39 -0.821) (55 -0.273) (151 -0.243) (53 -0.242) (40 0.165) (35 0.149) (52 -0.146) (57 -0.0818) (12 -0.0794) (43 0.0713) (36 -0.0659) (37 0.0599) (25 0.0586) (78 -0.0521) (32 0.052) (54 0.0509) (38 -0.047) (49 0.0458) (29 0.0444) (42 -0.0432) (48 -0.041) (73 0.0394) (14 0.036) (11 -0.033) (56 -0.0324) (23 0.0317) (60 0.0315) (44 -0.0306) (34 -0.0274) (33 -0.0268) (24 0.0259) (71 0.0258) (16 0.0248) (51 -0.0242) (18 0.0218) (31 -0.0207) (13 -0.0201) (28 -0.0188) (50 -0.0178) (47 -0.0175) (79 0.0167) (45 0.016) (66 -0.0148) (68 -0.01) 
  0.00058401   (70 -0.866) (57 -0.277) (71 0.214) (73 -0.189) (52 0.152) (49 -0.127) (69 0.0829) (60 0.0789) (48 0.0754) (51 0.0685) (50 0.0542) (43 0.0531) (68 0.0499) (74 -0.0492) (76 0.0375) (75 -0.0354) (149 0.0321) (55 0.0317) (72 0.0297) (84 0.0294) (32 -0.0268) (16 -0.0248) (47 -0.0243) (65 -0.0241) (61 -0.024) (56 0.0229) (38 0.0225) (20 -0.0224) (40 0.0212) (63 0.0208) (18 -0.0195) (88 0.0188) (45 -0.0187) (54 -0.0184) (46 0.0177) (77 0.0174) (39 -0.0167) (125 -0.0166) (33 0.0164) (123 -0.0157) (127 -0.0145) (124 -0.0133) (120 0.0129) (79 -0.0128) (126 0.0127) (29 -0.0126) (90 0.012) (100 0.0112) (97 -0.0112) (104 0.0106) (66 -0.0101) (35 -0.01) 
  0.00058929   (149 0.854) (49 0.357) (48 -0.177) (52 -0.147) (51 -0.132) (47 -0.109) (50 -0.109) (54 0.102) (43 0.0947) (73 -0.0636) (46 0.0607) (70 -0.0603) (44 -0.059) (39 0.052) (53 0.0401) (12 0.0333) (78 0.0319) (35 -0.0291) (66 0.0272) (63 -0.0215) (42 -0.0202) (32 -0.0198) (68 0.0183) (57 0.0178) (29 -0.0176) (38 0.0172) (16 -0.0171) (55 -0.0163) (14 -0.0156) (72 0.0153) (79 -0.015) (18 -0.0142) (11 0.014) (23 -0.0132) (40 0.0129) (25 -0.0124) (33 0.0116) (41 0.0109) (36 0.0104) (31 0.0104) (22 0.01) 
  0.00063003   (49 -0.58) (149 0.519) (48 0.286) (52 0.233) (51 0.214) (47 0.181) (50 0.176) (54 -0.167) (43 -0.16) (70 0.153) (73 0.117) (46 -0.101) (44 0.0975) (39 -0.0845) (53 -0.0661) (12 -0.0549) (78 -0.0528) (35 0.0487) (66 -0.0443) (32 0.0345) (63 0.0341) (68 -0.0333) (42 0.0332) (16 0.03) (29 0.0299) (38 -0.0299) (72 -0.0271) (14 0.0258) (79 0.0256) (55 0.0249) (18 0.0247) (11 -0.0233) (40 -0.0228) (23 0.0219) (33 -0.0202) (25 0.02) (41 -0.0186) (31 -0.0175) (36 -0.0172) (22 -0.017) (37 0.016) (74 0.0158) (13 -0.015) (30 0.0149) (120 -0.0142) (15 0.0125) (57 -0.0114) (34 -0.011) (67 0.0101) 
  0.00066662   (38 0.884) (23 -0.198) (22 0.175) (18 -0.165) (43 -0.155) (20 -0.138) (40 -0.135) (39 -0.121) (16 -0.115) (47 0.0742) (32 -0.0726) (37 -0.0592) (41 -0.0576) (15 -0.0495) (33 0.0466) (46 -0.0426) (52 -0.0426) (57 0.0339) (24 -0.0292) (44 0.0283) (45 0.0254) (21 0.0225) (12 0.0212) (30 -0.0193) (14 -0.0157) (56 -0.0155) (36 -0.0141) (54 -0.0133) (35 -0.0128) (11 0.0124) (13 0.012) (78 -0.0113) (51 -0.0104) 
  0.00079504   (23 -0.57) (22 0.476) (38 -0.334) (18 -0.333) (20 -0.263) (32 0.188) (16 -0.171) (29 0.125) (24 -0.119) (33 -0.114) (30 0.0961) (12 0.0933) (35 0.0763) (15 -0.0734) (31 -0.0633) (25 -0.0574) (14 -0.0497) (142 -0.0438) (11 0.0428) (37 0.0356) (13 0.0312) (27 -0.0312) (40 0.022) (43 -0.0195) (21 0.0186) (28 0.0164) (47 0.0139) (17 -0.0134) (34 -0.013) (49 -0.0127) (36 -0.0125) (48 0.0113) (44 0.0112) 
  0.00087352   (142 -0.994) (143 -0.0968) (23 0.0263) (139 0.0243) (22 -0.022) (18 0.0157) (20 0.0124) 
  0.00094917   (47 -0.474) (52 -0.405) (48 0.389) (43 0.307) (49 -0.292) (16 -0.28) (46 0.204) (51 -0.156) (50 0.145) (57 0.142) (45 -0.14) (44 -0.111) (56 -0.101) (15 -0.0872) (41 0.0759) (32 -0.0728) (54 -0.0653) (17 0.0647) (53 0.0595) (38 0.0521) (40 0.0511) (78 -0.0504) (33 0.0461) (12 0.0361) (39 0.0347) (60 -0.0318) (18 0.0316) (25 0.0312) (30 -0.0282) (42 0.0252) (14 -0.0236) (29 -0.0215) (11 0.0174) (13 0.0167) (24 0.0148) (31 0.0146) (20 -0.0143) (84 0.0127) (37 -0.012) (70 0.0116) (77 0.0109) (120 0.0106) (21 0.0103) 
   0.0010914   (16 -0.78) (18 0.347) (15 -0.227) (17 0.222) (12 0.153) (47 0.153) (20 0.145) (43 -0.129) (48 -0.0964) (32 0.0926) (52 0.0918) (22 -0.0823) (14 -0.0821) (46 -0.0714) (49 0.0682) (11 0.0647) (23 0.0582) (33 -0.0565) (30 0.055) (13 0.0518) (29 0.0518) (35 0.0447) (45 0.0439) (44 0.043) (50 -0.0388) (38 -0.0373) (51 0.0358) (39 -0.0329) (41 -0.031) (31 -0.0308) (57 -0.0267) (40 -0.0258) (56 0.0222) (21 -0.0191) (54 0.0153) (78 0.0138) (37 0.0128) (25 0.0127) (36 -0.0111) (53 -0.0107) 
   0.0011984   (146 -1) (139 0.026) 
   0.0012712   (54 0.7) (52 0.357) (56 -0.324) (57 0.231) (32 -0.215) (35 -0.202) (36 0.184) (33 0.148) (29 -0.0948) (37 0.0931) (39 -0.0814) (16 -0.0752) (50 0.0724) (30 -0.0698) (18 -0.0686) (48 0.0594) (51 0.0565) (38 -0.0538) (47 -0.0535) (31 0.051) (53 -0.0502) (20 -0.05) (78 -0.0451) (49 -0.0424) (60 -0.0423) (55 -0.0377) (15 -0.0365) (34 0.0314) (46 0.0299) (45 -0.0255) (23 -0.0221) (71 0.0214) (22 0.0213) (79 0.0195) (21 0.0194) (43 0.0194) (138 -0.0175) (66 -0.0158) (73 0.0148) (72 0.0142) (68 -0.0136) (12 0.0118) (25 0.011) (14 -0.0108) (123 -0.0101) 
   0.0014332   (35 -0.43) (36 0.411) (32 -0.37) (54 -0.313) (33 0.26) (37 0.224) (52 -0.212) (43 -0.194) (38 -0.18) (39 -0.173) (29 -0.166) (56 0.133) (138 -0.127) (30 -0.113) (47 0.0998) (31 0.0933) (18 -0.0831) (16 -0.0793) (57 -0.0752) (34 0.072) (40 -0.0635) (46 -0.0601) (12 0.0594) (41 -0.0549) (44 0.0544) (51 -0.0436) (20 -0.0435) (23 -0.0402) (15 -0.0338) (14 -0.0315) (22 0.0311) (45 0.0307) (53 0.0288) (50 -0.0285) (11 0.0282) (78 0.0234) (13 0.0196) (42 0.0162) (73 -0.0154) (60 0.0147) (139 -0.0137) (55 0.0134) (21 0.0133) (71 -0.0123) (48 -0.0113) (27 0.0102) 
   0.0015123   (138 -0.986) (139 -0.11) (35 0.0588) (36 -0.0559) (32 0.0514) (33 -0.036) (37 -0.0303) (54 0.0282) (43 0.0242) (38 0.024) (39 0.0235) (29 0.0231) (52 0.0208) (30 0.0158) (31 -0.0129) (18 0.012) (47 -0.0117) (16 0.0116) (56 -0.0116) 
   0.0015234   (11 0.895) (12 -0.293) (36 -0.268) (35 -0.141) (14 0.0768) (30 -0.0556) (34 0.0549) (13 -0.0522) (134 -0.033) (29 -0.0324) (31 0.0317) (38 -0.0243) (43 -0.0202) (37 0.0198) (15 -0.0198) (39 -0.0142) (46 -0.0126) (32 -0.0123) (72 -0.0115) (40 -0.0105) 
   0.0015876   (134 -0.818) (36 -0.443) (35 -0.242) (11 -0.178) (12 0.115) (34 0.0913) (30 -0.0831) (29 -0.0563) (31 0.0508) (14 -0.0396) (38 -0.0373) (39 -0.031) (43 -0.03) (37 0.028) (13 0.0246) (32 -0.0237) (25 -0.0187) (42 0.0183) (40 -0.0177) (18 -0.0164) (46 -0.0163) (33 0.0141) (24 -0.0131) (55 -0.0121) (47 0.0112) (22 0.0112) (16 -0.0109) (53 0.0108) (44 0.0104) 
   0.0018793   (36 0.646) (134 -0.575) (35 0.353) (11 0.202) (12 -0.146) (34 -0.133) (30 0.121) (29 0.082) (31 -0.0741) (38 0.0544) (14 0.052) (39 0.0449) (43 0.0438) (37 -0.041) (32 0.0345) (13 -0.032) (25 0.0267) (42 -0.0265) (40 0.0258) (46 0.0239) (18 0.0239) (33 -0.0205) (24 0.0182) (55 0.0176) (47 -0.0164) (22 -0.0162) (16 0.0156) (53 -0.0156) (44 -0.0152) (19 -0.0141) (17 0.0139) (48 -0.0125) (78 -0.0122) (51 0.0121) 
   0.0019995   (30 -0.711) (31 0.372) (32 0.311) (29 -0.244) (33 -0.239) (53 0.183) (55 -0.171) (36 0.142) (35 0.116) (28 -0.0832) (51 -0.0638) (50 -0.0634) (71 -0.0628) (18 -0.0525) (52 0.0478) (16 -0.0467) (34 0.0449) (24 0.0428) (25 0.0422) (37 -0.0395) (69 -0.0379) (72 0.0327) (49 -0.0317) (48 0.0301) (74 0.027) (40 -0.026) (68 0.0249) (46 -0.0231) (47 0.0231) (60 0.0223) (73 0.0214) (43 -0.0194) (130 0.0188) (70 -0.0188) (20 -0.0177) (56 -0.0177) (41 0.0173) (78 -0.0172) (57 -0.0169) (21 0.0135) (65 0.0135) (76 -0.0108) (54 -0.0108) 
   0.0020686   (71 -0.621) (69 -0.329) (68 0.299) (74 0.269) (72 0.262) (130 0.254) (78 -0.183) (70 -0.158) (53 -0.151) (73 0.131) (55 0.131) (66 0.129) (67 -0.105) (77 -0.101) (60 0.0869) (57 -0.0693) (63 -0.0677) (51 0.0666) (62 0.0637) (56 0.0584) (80 -0.0544) (83 -0.0541) (42 -0.0484) (41 0.0465) (79 0.041) (47 -0.0366) (86 -0.0339) (54 0.0336) (75 0.0322) (59 0.0275) (32 -0.0271) (30 0.027) (45 -0.0268) (46 0.0259) (109 -0.0254) (107 -0.0237) (61 0.0223) (81 0.0221) (40 0.0212) (48 0.0195) (96 0.0178) (35 -0.017) (33 0.0165) (84 0.0165) (120 -0.0165) (87 -0.0164) (89 -0.016) (58 -0.0137) (85 -0.0133) (16 -0.0128) (52 0.0124) (91 -0.0117) (36 -0.0114) (38 0.0109) (43 0.0108) (100 0.0105) (93 -0.0102) 
    0.002223   (130 0.57) (53 -0.47) (55 0.456) (71 0.202) (50 0.183) (30 -0.175) (69 0.133) (51 0.117) (72 -0.108) (52 -0.1) (74 -0.0934) (31 0.0868) (73 -0.0815) (42 -0.071) (32 0.0701) (49 0.0688) (56 0.0681) (48 -0.0626) (60 -0.0624) (29 -0.0619) (70 0.0611) (57 0.0609) (63 -0.0576) (68 -0.0559) (33 -0.0541) (78 0.0472) (46 0.0465) (65 -0.0414) (84 -0.0309) (34 0.03) (47 -0.0274) (81 -0.0266) (18 -0.0256) (28 -0.0252) (133 0.0241) (131 0.0237) (67 0.0221) (54 0.0213) (77 0.0195) (16 -0.0194) (88 0.0171) (35 0.017) (120 -0.0169) (80 0.0163) (24 0.0154) (43 -0.0153) (64 0.0148) (90 -0.0142) (75 -0.0142) (36 0.0137) (15 -0.0123) (66 -0.0118) (123 0.0112) (62 -0.0112) (25 0.011) (41 0.0104) (37 -0.0101) (127 0.0101) (124 0.0101) 
   0.0023504   (130 0.777) (53 0.388) (55 -0.372) (30 0.136) (50 -0.133) (51 -0.106) (31 -0.0703) (56 -0.0684) (52 0.0679) (42 0.0677) (63 0.0638) (133 0.058) (68 -0.0571) (71 0.0557) (131 0.0542) (32 -0.0497) (29 0.0487) (49 -0.0478) (46 -0.0419) (33 0.0398) (48 0.0385) (66 -0.0335) (47 0.0316) (65 0.03) (54 -0.0264) (78 0.0246) (34 -0.0245) (41 -0.0235) (18 0.0214) (57 -0.0212) (28 0.0199) (16 0.0196) (74 -0.0195) (77 0.0183) (67 0.0181) (83 0.0173) (84 0.0172) (60 0.0166) (73 0.0163) (79 -0.0141) (64 -0.0138) (86 0.013) (62 -0.0127) (88 -0.0126) (81 0.0122) (24 -0.0122) (69 0.0111) (59 -0.0103) 
   0.0025784   (23 0.72) (18 -0.311) (22 0.288) (25 -0.269) (20 -0.257) (56 -0.223) (21 0.177) (15 -0.117) (16 -0.0991) (24 -0.0936) (32 0.089) (29 0.0832) (52 -0.0799) (57 -0.0671) (33 -0.0584) (55 0.0511) (43 -0.0494) (47 0.044) (30 0.0379) (60 0.0342) (19 -0.0334) (46 -0.0295) (12 -0.0288) (17 0.0278) (54 -0.0264) (78 0.0262) (53 0.0261) (38 -0.0244) (27 -0.0223) (48 -0.0222) (37 0.0162) (13 0.0155) (45 0.0154) (71 -0.0153) (26 0.015) (120 -0.0147) (28 0.014) (14 -0.0135) (63 -0.0123) (124 -0.0109) (36 0.0104) 
    0.002658   (60 -0.873) (56 0.311) (57 -0.17) (61 0.157) (55 -0.113) (52 0.113) (59 -0.094) (78 -0.0876) (23 0.079) (47 -0.0652) (63 -0.0542) (132 0.0533) (54 0.0495) (79 0.0475) (20 -0.0432) (18 -0.0429) (46 0.0419) (71 -0.0393) (48 0.0376) (62 0.0361) (22 0.0359) (25 -0.0315) (45 -0.0314) (51 -0.0264) (15 -0.0246) (21 0.0242) (43 0.0241) (16 -0.0236) (109 0.0231) (49 0.023) (35 -0.0229) (84 -0.0228) (69 -0.0221) (108 -0.02) (64 0.0185) (125 -0.0184) (80 -0.0176) (68 0.0167) (73 -0.016) (50 0.0155) (124 -0.0152) (72 -0.0145) (77 0.0141) (119 0.0139) (58 0.0134) (65 -0.0131) (38 0.013) (107 0.0127) (29 0.0127) (24 -0.0118) (44 0.0115) (40 0.0113) (110 -0.0111) (36 0.0108) (82 0.0101) 
   0.0026962   (132 0.761) (56 0.463) (57 0.27) (60 0.206) (52 0.124) (50 -0.113) (23 0.102) (55 -0.0948) (53 -0.0733) (18 -0.0608) (47 -0.0591) (20 -0.057) (43 0.055) (22 0.0462) (48 0.0438) (63 0.0404) (78 -0.0404) (71 0.0386) (16 -0.0384) (61 -0.0374) (41 0.0373) (25 -0.0361) (54 0.0356) (21 0.0335) (45 -0.0305) (42 0.0289) (59 0.0249) (51 0.0243) (15 -0.0232) (68 -0.0217) (65 0.0198) (131 -0.0194) (84 0.0184) (120 0.0173) (40 0.0153) (74 -0.0145) (32 -0.0133) (69 0.0132) (38 0.0118) (77 0.0117) (12 -0.0116) (70 -0.0113) (62 -0.0112) (64 -0.0102) (46 0.0101) 
   0.0028767   (132 0.646) (56 -0.57) (57 -0.303) (60 -0.169) (52 -0.155) (50 0.131) (23 -0.126) (55 0.121) (53 0.0866) (18 0.0751) (47 0.0751) (20 0.0707) (43 -0.0666) (22 -0.0574) (48 -0.0547) (78 0.0543) (16 0.0472) (54 -0.0461) (25 0.0451) (63 -0.0431) (41 -0.0428) (71 -0.0424) (21 -0.0414) (45 0.0385) (42 -0.0344) (61 0.0308) (124 -0.0302) (15 0.0295) (125 -0.0279) (120 -0.0268) (51 -0.0262) (68 0.0242) (65 -0.0223) (59 -0.0213) (84 -0.0207) (40 -0.0189) (122 0.0185) (74 0.0178) (46 -0.0157) (32 0.0156) (38 -0.015) (77 -0.0149) (131 -0.0147) (12 0.0142) (70 0.0139) (69 -0.0138) (127 -0.0128) (35 0.0125) (24 0.0124) (107 0.0118) (64 0.0105) (33 -0.0103) (109 0.0102) (62 0.0102) 
   0.0035689   (40 0.884) (66 -0.229) (43 -0.162) (39 0.151) (41 -0.146) (65 -0.143) (84 -0.135) (63 -0.125) (38 0.0842) (57 0.0759) (44 0.0613) (47 0.0595) (32 -0.0468) (87 0.0395) (30 -0.0348) (52 -0.0345) (33 0.0338) (64 0.0328) (16 -0.0317) (31 0.0291) (50 0.029) (129 0.0273) (69 -0.0272) (18 -0.0236) (51 -0.0227) (70 -0.0223) (55 -0.0223) (45 0.0215) (29 -0.0209) (71 -0.0207) (96 0.0206) (46 -0.0192) (20 -0.0188) (78 0.0174) (91 -0.0174) (53 0.0165) (25 0.0158) (73 -0.0157) (109 -0.0151) (15 0.0146) (37 0.0135) (23 -0.013) (67 0.012) (68 0.0119) (107 -0.0112) (90 0.0109) (59 0.0103) (36 -0.0102) (82 0.0102) 
   0.0037712   (84 -0.86) (129 0.335) (66 0.203) (87 0.169) (65 0.122) (63 0.107) (78 0.0876) (57 -0.071) (90 0.0576) (85 0.0561) (91 -0.054) (109 -0.0515) (107 -0.0483) (40 -0.0456) (43 0.0397) (96 0.0389) (52 0.0387) (92 -0.0378) (120 0.0329) (47 -0.0325) (86 -0.0313) (60 0.0313) (64 -0.0281) (103 -0.0253) (127 -0.0246) (123 -0.0239) (41 0.0221) (88 0.0214) (83 0.0208) (77 -0.0208) (56 0.0202) (89 -0.0202) (50 -0.0196) (94 -0.0187) (126 0.0184) (93 -0.018) (69 0.0171) (48 0.0168) (54 0.0159) (117 -0.0151) (45 -0.0148) (72 -0.0148) (112 0.0145) (110 0.0138) (114 0.0136) (119 -0.0134) (39 -0.0133) (67 -0.0131) (102 0.0127) (111 -0.0124) (49 -0.0124) (61 -0.0116) (44 -0.0116) (105 -0.0115) (42 0.0114) (100 0.0107) (46 0.0106) (97 -0.0104) 
   0.0039655   (129 0.689) (66 0.413) (84 0.386) (65 0.248) (40 0.211) (63 0.202) (50 0.0966) (87 -0.0833) (57 -0.0815) (78 -0.0583) (69 0.0576) (70 0.0557) (71 0.055) (64 -0.0537) (41 -0.0468) (39 0.0402) (91 0.0386) (127 -0.0349) (90 -0.0348) (109 0.0329) (96 -0.03) (85 -0.0295) (73 0.0268) (52 0.0249) (38 0.0246) (43 -0.024) (68 -0.0238) (107 0.0234) (67 -0.0214) (42 -0.0208) (79 0.0206) (49 0.0203) (46 0.0199) (74 -0.0191) (48 -0.0188) (92 0.0172) (76 -0.0166) (103 0.0155) (32 -0.0143) (86 0.0141) (18 -0.0138) (59 -0.0136) (94 0.0129) (30 -0.0127) (56 0.0124) (45 0.0121) (33 0.0114) (80 -0.0114) (82 -0.0113) (61 -0.0107) (15 -0.0105) 
   0.0040582   (129 0.64) (66 -0.541) (65 -0.324) (63 -0.268) (40 -0.242) (57 0.122) (50 -0.0932) (64 0.0711) (69 -0.0695) (70 -0.0633) (71 -0.0529) (52 -0.0461) (84 0.0453) (41 0.0445) (39 -0.0427) (38 -0.0345) (73 -0.0308) (67 0.0294) (46 -0.0261) (68 0.0257) (56 -0.0241) (127 -0.0223) (32 0.0216) (60 -0.021) (79 -0.0189) (76 0.0187) (109 -0.0181) (59 0.0176) (18 0.0175) (61 0.0174) (16 0.0171) (30 0.017) (74 0.0163) (33 -0.0162) (42 0.016) (47 0.0148) (49 -0.0146) (96 0.0145) (78 0.0144) (91 -0.014) (20 0.0132) (35 0.013) (93 0.0127) (54 -0.0117) (83 -0.0116) (43 0.0114) (82 0.0111) (15 0.0109) (29 0.0108) (48 0.0106) (80 0.0101) 
   0.0041103   (105 0.588) (96 -0.33) (103 0.283) (123 -0.266) (101 0.202) (108 -0.195) (110 -0.185) (119 0.175) (106 -0.174) (107 -0.165) (99 -0.16) (112 -0.15) (122 0.142) (98 -0.136) (124 0.116) (102 -0.115) (117 -0.107) (109 -0.0986) (114 -0.0829) (97 -0.0817) (111 -0.0736) (50 0.0684) (121 -0.0666) (120 -0.0657) (90 -0.0594) (115 -0.0531) (94 0.0507) (100 -0.0474) (113 0.0446) (118 -0.0444) (91 -0.0404) (104 -0.036) (116 -0.0297) (84 -0.0296) (82 -0.0288) (72 -0.0269) (93 -0.024) (92 0.0233) (89 0.0203) (71 -0.0199) (55 -0.0191) (85 -0.0161) (80 -0.0151) (53 0.0146) (60 0.0144) (51 -0.013) (81 -0.013) (56 0.0126) (49 0.0119) (66 -0.0109) (83 0.0103) 
   0.0042777   (143 -0.993) (142 0.0978) (139 0.0461) (123 -0.0244) (96 0.0117) (122 0.0108) 
   0.0043364   (50 0.854) (55 -0.197) (49 0.163) (53 0.149) (51 -0.143) (56 0.14) (48 -0.122) (72 -0.118) (60 0.0969) (71 -0.0934) (40 -0.0893) (57 0.0815) (46 0.0813) (42 -0.0702) (52 0.0691) (123 0.0683) (15 -0.0648) (63 -0.0599) (84 -0.0594) (45 0.0593) (41 -0.059) (66 -0.0546) (119 -0.0524) (82 -0.0513) (107 0.0509) (105 -0.0484) (65 -0.0474) (96 -0.0428) (70 -0.0406) (124 -0.0402) (122 -0.0397) (109 0.0392) (54 -0.0367) (80 -0.0324) (43 -0.0295) (117 0.029) (23 0.0261) (87 -0.0256) (69 -0.0252) (68 0.0241) (59 0.0237) (90 -0.0235) (103 -0.0228) (31 -0.0227) (81 -0.0226) (108 0.0225) (47 0.022) (101 -0.0212) (74 0.0212) (92 -0.0199) (121 0.0197) (79 0.0193) (112 -0.0191) (16 0.0189) (115 0.0172) (120 0.0164) (38 -0.0164) (73 0.0163) (83 0.016) (111 -0.0156) (12 -0.0154) (91 0.0137) (64 0.0136) (61 -0.0119) (78 0.0119) (39 -0.0118) (110 0.0114) (99 0.011) (85 -0.0109) (104 -0.0105) 
   0.0043821   (72 -0.564) (46 0.406) (45 0.342) (80 -0.311) (81 -0.29) (71 -0.212) (50 -0.181) (83 0.156) (93 -0.154) (87 -0.129) (44 0.0965) (98 -0.0764) (76 0.0712) (48 0.0689) (79 0.0689) (77 0.0645) (78 0.0603) (113 -0.0563) (49 -0.0539) (42 -0.0531) (41 -0.0509) (107 0.0497) (70 -0.0495) (97 0.0451) (109 -0.0406) (100 0.0388) (105 -0.0386) (89 0.0357) (66 0.0323) (60 0.0306) (90 0.0294) (85 -0.0286) (43 -0.0272) (96 0.0272) (47 0.027) (75 -0.0267) (63 -0.0251) (123 -0.025) (156 0.0242) (119 0.0225) (54 0.0224) (73 -0.0216) (68 0.0211) (91 -0.0209) (82 -0.0202) (74 0.0196) (51 0.0192) (101 -0.0186) (69 0.0184) (114 0.0174) (99 0.0168) (115 -0.0159) (57 -0.0157) (117 -0.0153) (122 0.0143) (103 0.0143) (52 0.0139) (104 0.0138) (110 0.0119) (19 -0.0109) (36 -0.0104) 
   0.0045359   (156 0.999) (46 -0.0251) (45 -0.0211) 
   0.0046664   (46 0.591) (45 0.494) (72 0.472) (71 0.168) (80 0.156) (44 0.139) (81 0.126) (79 -0.126) (42 -0.0968) (87 0.0938) (41 -0.0866) (43 -0.0724) (83 -0.0671) (109 0.0657) (47 0.0619) (90 0.0579) (40 -0.0534) (78 -0.0487) (48 0.0451) (113 0.0441) (70 0.0435) (66 -0.0433) (98 0.041) (85 0.0366) (63 0.036) (107 -0.0343) (100 -0.0285) (105 0.0282) (96 -0.0278) (36 -0.027) (49 -0.0261) (76 -0.0261) (12 -0.026) (156 0.0252) (15 -0.0234) (57 0.0228) (38 -0.0214) (123 0.0205) (75 0.0186) (110 -0.0181) (117 0.0181) (73 0.018) (91 -0.0178) (114 -0.0168) (50 -0.0168) (69 -0.0165) (93 -0.0162) (115 0.0155) (122 -0.0152) (68 -0.0151) (86 -0.0148) (60 -0.0141) (35 0.0134) (54 -0.0133) (118 -0.0123) (119 -0.0123) (23 0.0122) (56 0.0117) (104 -0.0117) (101 0.0116) (97 -0.0109) (84 -0.0108) (124 -0.0105) (102 0.0105) (59 -0.01) 
   0.0047533   (19 0.961) (136 -0.256) (18 -0.0527) (20 0.0436) (15 0.0366) (23 0.0277) (16 -0.0272) (17 -0.0266) (7 -0.0194) (25 -0.0174) (36 0.015) (12 -0.0125) (30 0.0111) (46 0.0106) 
   0.0049659   (136 -0.967) (19 -0.255) (18 0.014) (20 -0.0116) 
   0.0051511   (7 1) (19 0.0179) 
   0.0053478   (5 -1) 
   0.0053844   (30 -0.452) (35 0.392) (32 -0.356) (135 0.321) (28 0.284) (25 -0.23) (31 -0.218) (29 0.217) (33 0.217) (12 0.207) (24 -0.138) (36 -0.122) (34 -0.122) (14 -0.0898) (11 0.0885) (37 0.0774) (27 -0.0657) (17 -0.0615) (13 0.0539) (38 -0.0414) (18 0.0356) (78 0.0336) (21 -0.0319) (16 0.0319) (43 -0.0318) (20 0.031) (42 0.0264) (40 -0.0253) (44 0.0228) (47 0.0195) (48 0.0128) (39 0.0127) (79 -0.012) (15 0.0114) (71 -0.0104) 
   0.0054438   (135 0.947) (30 0.153) (35 -0.133) (32 0.121) (28 -0.0962) (25 0.078) (31 0.0739) (29 -0.0737) (33 -0.0734) (12 -0.0701) (24 0.0469) (36 0.0414) (34 0.0413) (14 0.0305) (11 -0.03) (37 -0.0262) (27 0.0223) (17 0.0208) (13 -0.0183) (38 0.014) (18 -0.0121) (78 -0.0111) (16 -0.0108) (21 0.0108) (43 0.0107) (20 -0.0105) 
    0.005701   (10 -0.746) (17 0.6) (16 0.169) (12 0.16) (25 0.0685) (20 -0.0674) (14 -0.0656) (11 0.0633) (24 0.0583) (15 0.0469) (18 -0.0427) (13 0.038) (21 0.0308) (19 0.0253) (35 0.0172) (28 -0.0124) (78 0.0109) (30 -0.0108) 
    0.005843   (145 -0.999) (10 0.0269) (17 0.0236) 
   0.0062064   (17 -0.679) (10 -0.665) (16 -0.19) (12 -0.147) (20 0.0802) (25 -0.0798) (14 0.069) (24 -0.0667) (11 -0.063) (18 0.0493) (15 -0.0463) (13 -0.0449) (145 -0.0373) (21 -0.0364) (19 -0.0279) (35 -0.0199) (78 -0.0144) (30 0.0138) (28 0.0128) (37 -0.0124) 
   0.0064775   (14 0.774) (12 0.418) (13 -0.32) (41 0.268) (42 0.178) (45 0.0636) (11 0.0519) (15 -0.0495) (47 0.0463) (50 0.044) (40 0.0391) (46 0.0308) (48 -0.0227) (38 0.0188) (35 -0.0186) (29 0.0156) (31 0.0144) (60 -0.0111) (36 0.0107) (109 -0.0105) (16 -0.0105) (20 -0.01) 
   0.0069864   (144 -0.999) (41 0.0308) (42 0.0224) (14 -0.0152) 
   0.0073188   (41 -0.715) (42 -0.522) (14 0.307) (45 -0.155) (13 -0.125) (47 -0.118) (40 -0.116) (12 0.0932) (50 -0.0884) (35 0.0715) (46 -0.069) (38 -0.0568) (48 0.0506) (144 -0.0437) (15 -0.0434) (36 -0.0422) (29 -0.0409) (18 -0.0387) (39 0.035) (44 -0.03) (74 0.0295) (31 -0.0295) (25 0.028) (23 0.0254) (59 -0.0238) (60 0.0227) (32 -0.0218) (17 0.0217) (33 0.0213) (49 -0.0195) (109 0.019) (80 0.017) (56 0.0167) (24 0.0166) (28 -0.0165) (16 -0.0163) (52 0.0161) (61 -0.0154) (81 -0.0152) (79 0.0148) (65 0.0145) (55 -0.0134) (84 -0.0134) (67 0.0121) (21 0.0115) (75 0.0115) (68 0.0114) (66 -0.011) (86 -0.0109) (107 0.0103) (77 0.0101) 
   0.0077084   (13 -0.86) (14 -0.39) (31 0.251) (29 0.175) (32 -0.0735) (12 0.0613) (30 0.0438) (41 -0.0288) (37 -0.0273) (35 0.0243) (15 -0.0195) (67 0.0162) (137 -0.0136) (68 0.0111) (40 -0.0101) 
   0.0084722   (137 -0.991) (31 0.0975) (29 0.0669) (13 0.053) (32 -0.0259) (14 0.0203) (30 0.017) (41 -0.0114) 

 Largest eigenvalues
      59.495   (163 0.245) (164 0.957) 
      28.149   (12 -0.399) (25 0.234) (32 -0.265) (35 0.275) (78 -0.32) 
      15.304   (12 0.289) (78 -0.741) 
      7.2874   (107 0.445) (109 0.751) 
      4.5524   (96 -0.292) (119 -0.39) (122 -0.289) (123 0.544) (124 -0.304) 
      1.4547   (163 0.969) (164 -0.242) 
      1.2236   (162 0.993) 
      1.1471   (165 0.997) 
      1.1418   (90 0.446) (91 0.778) 
      1.1349   (101 0.758) (106 0.499) 
      1.1318   (101 0.348) (106 -0.784) 
     0.92332   (111 0.341) (115 -0.776) 
     0.90931   (104 0.832) (105 0.298) 
     0.86472   (99 -0.646) (100 -0.402) (103 -0.29) 
     0.85769   (111 -0.576) (112 0.332) 
     0.75968   (110 -0.471) (111 0.315) (115 0.34) (120 0.301) (139 0.289) 
     0.67288   (110 0.709) (111 0.299) 
     0.67001   (96 -0.761) (99 0.287) 
     0.66343   (114 -0.497) (125 0.317) (126 0.464) (139 0.386) 
     0.59988   (111 -0.345) (112 -0.512) (114 0.501) 
     0.57692   (108 0.596) (112 0.342) (114 0.506) 
     0.57144   (108 -0.674) (112 0.402) 
     0.56876   (114 -0.345) (122 -0.376) (123 -0.366) (127 -0.289) (133 0.384) 
     0.56813   (122 0.429) (124 -0.48) (125 -0.493) 
     0.55235   (118 0.345) (120 0.603) (121 -0.315) (124 0.29) 
     0.53548   (117 -0.632) (118 -0.509) 
     0.51437   (116 0.428) (117 0.311) (119 -0.436) (122 0.355) (125 0.287) (127 0.306) (133 0.307) 
     0.49447   (116 -0.648) (126 0.292) (139 -0.3) 
     0.49226   (116 0.545) (122 -0.328) (126 0.391) (139 -0.35) 
     0.42904   (92 -0.969) 
     0.40596   (121 -0.319) (124 0.234) (125 -0.262) (127 -0.394) (139 -0.39) 
     0.32846   (94 -0.926) (103 0.217) 
     0.31398   (94 0.328) (103 0.689) (104 0.336) (105 -0.395) 
     0.30367   (102 -0.825) 
     0.27804   (98 -0.463) (113 0.327) (127 -0.267) 
     0.25189   (79 -0.33) (87 -0.657) 
     0.23236   (79 0.483) (98 0.549) 
     0.23029   (79 -0.486) (87 0.596) 
     0.21813   (98 -0.382) (107 0.373) (113 -0.574) 
     0.17089   (90 -0.727) (91 0.371) (93 0.392) 
     0.15234   (90 0.298) (97 -0.543) (107 -0.358) 
     0.14382   (93 -0.626) (107 -0.331) 
     0.13385   (85 -0.748) (86 0.479) 
     0.12769   (88 -0.325) (89 -0.682) (93 0.339) (97 0.304) 
     0.12062   (72 -0.369) (79 0.378) (80 0.341) (81 0.48) (83 -0.402) 
     0.11182   (76 0.288) (77 0.32) (80 -0.323) (97 0.259) 
     0.10973   (59 0.329) (65 0.316) (69 -0.322) (76 -0.311) 
      0.1051   (58 0.566) (59 -0.514) 
     0.10106   (58 -0.571) (65 -0.305) 
    0.094461   (58 0.407) (59 0.376) (65 0.234) (76 0.287) (97 -0.283) 
    0.089199   (58 -0.341) (59 -0.583) 
    0.079599   (59 0.332) (63 0.347) (64 0.337) (65 -0.401) 
     0.07686   (62 -0.264) (64 -0.751) (68 0.238) (76 -0.214) (83 -0.212) 
    0.073904   (61 -0.586) (62 0.395) 
    0.072952   (61 0.666) (64 0.246) (65 0.265) (69 0.248) 
    0.066527   (61 -0.286) (76 0.247) (118 0.286) (120 -0.231) 
    0.063787   (68 0.3) (74 -0.364) (77 0.341) 
    0.061196   (62 -0.587) (64 0.217) (69 0.241) (76 -0.221) (80 -0.237) (81 0.234) (86 -0.243) 
    0.059056   (62 0.524) (68 -0.291) (74 0.344) 
    0.055594   (67 -0.335) (68 0.358) (69 -0.294) (71 0.351) (77 -0.32) 
    0.053311   (67 0.444) (74 -0.39) (81 -0.345) (100 0.263) 
    0.050101   (67 -0.538) (76 -0.289) (77 0.344) 
    0.047845   (67 0.513) (68 0.341) (74 0.288) 
    0.046276   (74 -0.278) (76 0.302) (81 0.345) (83 0.29) 
    0.043982   (34 -0.858) (42 -0.32) 
    0.042264   (34 0.426) (41 0.479) (42 -0.593) 
    0.041578   (75 0.458) (88 0.275) (121 0.308) 
    0.040617   (48 -0.292) (49 -0.309) (51 -0.554) (75 -0.418) 
    0.032426   (51 0.484) (75 -0.555) 
    0.031767   (26 -0.366) (27 -0.762) 
    0.029445   (26 -0.714) (27 0.513) 
    0.027574   (26 0.488) (33 -0.296) (44 0.416) (88 -0.333) 
    0.026457   (32 0.408) (33 0.702) 
     0.02168   (44 -0.511) (75 0.316) (88 -0.405) 
    0.020743   (120 -0.36) (131 0.697) (133 0.376) 
    0.020664   (128 -0.578) (160 -0.809) 
    0.019395   (128 -0.577) (160 0.312) (161 0.755) 
    0.017858   (128 -0.577) (160 0.498) (161 -0.647) 
    0.015458   (15 -0.936) (16 0.305) 
    0.015016   (140 0.997) 
