 1 62975.1
 2 777.021
 3 24.3625
 4 177420
 5 598.277
 6 398.024
 7 653666
 8 48.2237
 9 22997.7
 10 2307.99
 11 5.3322
 12 1978.81
 13 267725
 14 3586.49
 15 0.842927
 16 415596
 17 4010.92
 18 7.28806
 19 127783
 20 2498.98
 21 396.453
 22 156348
 23 3588.82
 24 201.343
 25 250.831
 26 328.087
 27 14.2695
 28 2494
 29 299.359
 30 269.919
 31 507.267
 32 70.0471
 33 1197.43
 34 210.206
 35 186.144
 36 425.284
 37 1518.21
 38 3126.99
 39 6.05929
 40 976.233
 41 4423.72
 42 1.87806
 43 716.3
 44 1600.97
 45 21.6817
 46 4025.05
 47 1441.31
 48 1042.19
 49 1958.81
 50 218.95
 51 444.541
 52 212.408
 53 3040.81
 54 327.947
 55 262.423
 56 273.368
 57 1167.48
 58 103.457
 59 207.788
 60 149.826
 61 21.5288
 62 1.7004
 63 614.752
 64 281.5
 65 2.00005
 66 515.164
 67 3924.79
 68 123.512
 69 126904
 70 200013
 71 2439.28
 72 348.261
 73 16163.3
 74 26.5883
 75 19699.3
 76 8516.97
 77 8.8987
 78 2091.61
 79 8021.81
 80 151.562
 81 2763.68
 82 1571.69
 83 396.313
 84 2.38179
 85 139.828
 86 2.21087
 87 6212.06
 88 1.75387
 89 1.67014
 90 1.98773
 91 8.78321
 92 395.304
 93 979.875
 94 541.434
 95 933.541
 96 1339.72
 97 321.241
 98 212.051
 99 123.597
 100 529.954
 101 1296.26
 102 97.6623
 103 152.775
 104 125.759
 105 118.99
 106 157.354
 107 159.244
 108 159.021
 109 112.585
 110 88.4365
 111 164.101
 112 200.252
 113 179.336
 114 161.72
 115 158.917
 116 123.56
 117 160.498
 118 178.085
 119 132.99
 120 79.6514
 121 117.551
 122 46.4844
 123 60.5221
 124 34.8615
 125 28.846
 126 52.158
 127 26.3155
 128 84.8658
 129 68.0615
 130 56.9059
 131 20.3195
 132 20.7041
 133 21.8939
 134 35.7957
 135 8.7709
 136 44.1435
 137 10.0242
 138 9.37621
 139 9.63168
 140 11.1453
 141 12.0106
 142 8.91477
 143 9.5117
 144 15.1115
 145 15.2478
 146 12.8197
 147 10.4194
 148 29.8864
 149 15.9561
 150 12.1665
 151 14.2717
 152 23.1507
 153 19.671
 154 13.5287
 155 20.1182
 156 24.0243
 157 47.0029
 158 0.419097
 159 0.0893223
 160 0.671328
 161 30.0632
 162 29.1114
 163 1163.13
 164 1288.92
 165 8.7796
