 1 1000
 2 587.405
 3 18.6172
 4 1000
 5 456.008
 6 303.438
 7 999.784
 8 2.89619
 9 992.041
 10 867.354
 11 2.65816
 12 804.495
 13 1000
 14 997.939
 15 0.824248
 16 1000
 17 997.499
 18 2.46116
 19 1000
 20 860.877
 21 137.271
 22 1000
 23 945.59
 24 53.8204
 25 234.778
 26 266.5
 27 11.7223
 28 985.383
 29 244.282
 30 221.06
 31 475.584
 32 50.8128
 33 863.587
 34 204.067
 35 162.726
 36 370.354
 37 989.317
 38 998.403
 39 3.0556
 40 595.393
 41 964.331
 42 1.70108
 43 494.432
 44 853.409
 45 12.2244
 46 997.709
 47 565.97
 48 436.712
 49 924.171
 50 216.862
 51 334.427
 52 160.946
 53 948.869
 54 282.484
 55 191.783
 56 196.682
 57 897.856
 58 102.182
 59 183.85
 60 133.142
 61 21.4611
 62 1.69984
 63 561.656
 64 280.481
 65 1.98627
 66 507.037
 67 969.528
 68 32.473
 69 999.984
 70 1000
 71 873.704
 72 126.08
 73 999.462
 74 2.86245
 75 998.233
 76 989.526
 77 4.70441
 78 935.624
 79 999.252
 80 49.6825
 81 949.515
 82 985.87
 83 368.53
 84 2.31901
 85 107.995
 86 2.04876
 87 990.442
 88 1.75367
 89 1.67013
 90 1.98755
 91 8.34199
 92 374.258
 93 804.517
 94 487.794
 95 726.428
 96 891.959
 97 311.024
 98 207.164
 99 122.474
 100 472.855
 101 919.171
 102 94.3305
 103 150.824
 104 124.835
 105 118.511
 106 156.896
 107 158.539
 108 158.191
 109 111.913
 110 86.9755
 111 163.172
 112 199.492
 113 178.814
 114 161.474
 115 158.651
 116 123.047
 117 160.103
 118 177.944
 119 132.75
 120 79.1854
 121 117.187
 122 46.1773
 123 60.1247
 124 34.732
 125 28.4732
 126 51.8603
 127 25.3598
 128 82.3498
 129 66.7733
 130 55.982
 131 20.124
 132 20.5557
 133 21.6862
 134 34.8679
 135 8.65849
 136 43.9548
 137 9.80126
 138 9.20241
 139 9.41119
 140 10.7523
 141 11.3848
 142 8.57494
 143 9.24152
 144 14.8031
 145 15.0738
 146 12.6397
 147 10.0245
 148 28.9983
 149 15.6023
 150 11.9839
 151 14.0266
 152 22.7981
 153 19.1198
 154 13.2306
 155 19.931
 156 23.9392
 157 46.8856
 158 0.358233
 159 0.0870868
 160 0.46011
 161 23.3699
 162 25.3609
 163 384.836
 164 747.03
 165 7.92184
