 1 31.6228
 2 23.718
 3 1.70108
 4 31.6228
 5 16.949
 6 11.6693
 7 31.6182
 8 0.996892
 9 31.4366
 10 29.2616
 11 0.996509
 12 28.1028
 13 31.6228
 14 31.5827
 15 0.904232
 16 31.6228
 17 31.5548
 18 0.979909
 19 31.6228
 20 27.4037
 21 5.28998
 22 31.6228
 23 29.9729
 24 2.67152
 25 14.8727
 26 15.4894
 27 1.61283
 28 31.3388
 29 11.7581
 30 10.7628
 31 21.4085
 32 2.62574
 33 28.3681
 34 14.1313
 35 7.81759
 36 16.3103
 37 31.4329
 38 31.5773
 39 1.35666
 40 24.1239
 41 30.9704
 42 1.28746
 43 21.5796
 44 28.629
 45 1.71656
 46 31.5629
 47 18.6339
 48 14.7611
 49 30.1448
 50 14.2997
 51 15.6024
 52 8.20577
 53 30.6037
 54 16.5472
 55 10.4382
 56 10.5646
 57 29.3963
 58 9.5666
 59 10.7416
 60 8.06724
 61 4.35686
 62 1.29785
 63 23.3076
 64 15.5121
 65 0.984205
 66 21.5931
 67 30.7023
 68 2.36908
 69 31.6223
 70 31.6228
 71 27.8408
 72 5.31465
 73 31.611
 74 1.34731
 75 31.5747
 76 31.4417
 77 1.42573
 78 30.4876
 79 31.6059
 80 2.93097
 81 30.127
 82 31.3348
 83 18.6732
 84 1.34537
 85 10.1849
 86 1.35453
 87 31.4063
 88 1.12709
 89 1.06827
 90 1.29223
 91 2.4313
 92 17.5819
 93 26.7072
 94 18.9929
 95 25.2585
 96 29.1214
 97 16.4842
 98 12.8975
 99 9.2989
 100 20.633
 101 29.8582
 102 8.70835
 103 11.7102
 104 10.4736
 105 10.2174
 106 12.1165
 107 12.0977
 108 12.0575
 109 9.86311
 110 8.07184
 111 12.0919
 112 13.7573
 113 12.9274
 114 12.1595
 115 11.8979
 116 10.0695
 117 11.8826
 118 12.7011
 119 10.8535
 120 8.29472
 121 10.4848
 122 6.61709
 123 7.60744
 124 5.43658
 125 5.13427
 126 6.91375
 127 4.53546
 128 8.5699
 129 7.44397
 130 6.95319
 131 4.1742
 132 4.44416
 133 4.53808
 134 5.81861
 135 2.72143
 136 6.56154
 137 2.94484
 138 2.8977
 139 2.91698
 140 3.12936
 141 3.11781
 142 2.70395
 143 2.84337
 144 3.70616
 145 3.77946
 146 3.42584
 147 2.94601
 148 5.17438
 149 3.78954
 150 3.30739
 151 3.57252
 152 4.66833
 153 4.25761
 154 3.52739
 155 4.38263
 156 4.8134
 157 6.78864
 158 0.265927
 159 0.229131
 160 0.271664
 161 3.75241
 162 4.49716
 163 17.5778
 164 26.3073
 165 0.595556
