 Smallest eigenvalues
  1.4836e-06   (9 -1) 
  2.4062e-06   (46 -0.721) (47 0.285) (43 0.275) (42 -0.231) (48 0.216) (45 -0.204) (54 0.175) (154 -0.17) (50 -0.139) (13 0.137) (34 -0.136) (39 -0.117) (73 -0.096) (75 -0.0755) (44 -0.075) (74 0.0674) (55 0.061) (36 -0.0508) (60 0.0489) (24 0.0421) (23 -0.0349) (12 -0.0337) (17 -0.0306) (11 -0.0295) (69 -0.0275) (30 -0.0273) (33 -0.0271) (35 -0.0265) (31 -0.0262) (38 0.0261) (52 -0.0252) (68 0.0248) (70 0.0245) (76 0.024) (71 -0.0236) (58 0.0234) (57 0.0225) (25 0.0223) (28 -0.0184) (26 0.0143) (67 -0.0125) (79 0.0124) (19 0.0121) (15 -0.0117) (22 -0.0101) 
  3.7352e-06   (154 -0.985) (46 0.125) (47 -0.0493) (43 -0.0476) (42 0.04) (48 -0.0374) (45 0.0353) (54 -0.0301) (50 0.0241) (13 -0.0239) (34 0.0237) (39 0.0202) (73 0.0164) (44 0.013) (75 0.0128) (74 -0.0114) (55 -0.0105) 
  4.9997e-06   (5 1) 
  5.6363e-06   (149 0.632) (43 -0.509) (42 -0.481) (34 -0.152) (39 -0.142) (13 0.115) (45 0.111) (44 -0.0813) (46 0.0669) (73 -0.0596) (36 -0.0487) (48 0.0482) (74 0.0481) (75 -0.0447) (38 0.0445) (24 0.0409) (52 0.0357) (35 -0.0351) (23 -0.0329) (33 -0.0328) (25 0.0307) (12 -0.0283) (31 -0.0275) (60 0.0256) (17 -0.0255) (51 -0.0253) (11 -0.025) (41 -0.0236) (54 0.0225) (53 -0.0223) (70 0.0197) (30 -0.0188) (69 -0.0186) (56 0.0182) (15 -0.0161) (71 -0.0153) (26 0.015) (68 0.014) (49 0.0135) (55 -0.0127) 
   6.396e-06   (149 0.775) (43 0.415) (42 0.392) (34 0.124) (39 0.116) (13 -0.0934) (45 -0.0903) (44 0.0662) (46 -0.0545) (73 0.0485) (36 0.0397) (48 -0.0393) (74 -0.0391) (75 0.0364) (38 -0.0363) (24 -0.0333) (52 -0.0291) (35 0.0286) (23 0.0268) (33 0.0267) (25 -0.0251) (12 0.023) (31 0.0224) (60 -0.0208) (17 0.0208) (51 0.0206) (11 0.0204) (41 0.0193) (54 -0.0184) (53 0.0182) (70 -0.016) (30 0.0153) (69 0.0151) (56 -0.0148) (15 0.0131) (71 0.0124) (26 -0.0123) (68 -0.0114) (49 -0.011) (55 0.0103) 
  7.8258e-06   (1 -0.985) (27 0.125) (25 0.0604) (24 0.0549) (34 0.0446) (26 0.0415) (13 0.0346) (23 -0.027) (31 0.022) (30 0.0172) (39 0.0152) (33 0.0132) (42 0.0124) (35 0.012) (17 -0.0113) (19 0.0111) 
  7.8764e-06   (157 0.999) (27 0.0311) (25 0.0153) (24 0.0142) (13 0.0123) (34 0.0107) (26 0.0102) 
  1.5879e-05   (27 -0.689) (25 -0.338) (24 -0.314) (13 -0.271) (34 -0.237) (26 -0.226) (1 -0.173) (23 0.158) (31 -0.118) (30 -0.102) (39 -0.0777) (17 0.0738) (12 0.0664) (42 -0.065) (33 -0.064) (15 0.0638) (19 -0.0619) (35 -0.054) (11 0.0534) (36 -0.0474) (157 0.0451) (73 0.0404) (20 -0.037) (22 0.0336) (74 -0.0302) (75 0.03) (46 -0.0292) (38 0.0289) (48 -0.022) (43 0.0198) (60 -0.0188) (52 -0.0155) (10 0.0154) (54 -0.0153) (70 -0.0138) (45 0.013) (69 0.0118) (68 -0.0108) 
   3.203e-05   (21 -0.515) (19 -0.478) (45 0.388) (43 0.364) (20 0.284) (42 -0.194) (46 0.171) (34 -0.101) (44 0.0986) (24 0.0968) (41 0.0807) (50 -0.0698) (39 -0.068) (23 -0.0664) (49 0.0584) (75 -0.0573) (52 0.0475) (51 0.0381) (73 -0.0353) (25 0.0343) (36 -0.034) (27 0.0337) (28 -0.0307) (33 -0.0298) (54 0.0295) (48 0.0284) (26 0.0265) (71 -0.025) (60 0.0246) (30 -0.0246) (79 0.0238) (31 -0.0226) (69 -0.021) (32 -0.0207) (38 0.0206) (74 0.0183) (17 0.0167) (35 -0.0157) (64 0.0155) (68 0.0153) (16 -0.0138) (29 -0.0134) (22 0.0134) (66 0.013) (13 -0.0109) 
  0.00010249   (156 0.999) (45 0.0218) (43 0.0202) (21 0.0201) (19 0.0193) (20 -0.0106) (46 0.0101) 
  0.00011292   (45 -0.47) (43 -0.438) (21 -0.42) (19 -0.404) (20 0.221) (46 -0.219) (42 0.194) (13 -0.155) (44 -0.132) (39 0.107) (34 0.101) (75 0.072) (73 0.0641) (50 0.0611) (48 -0.0595) (41 -0.0585) (54 -0.0516) (49 -0.0473) (156 0.0468) (35 0.0439) (17 0.0431) (38 -0.0416) (52 -0.039) (74 -0.0384) (12 0.0368) (11 0.0344) (60 -0.0325) (58 -0.0293) (36 0.0284) (22 0.0271) (27 0.0256) (71 0.0256) (51 -0.0247) (69 0.024) (32 0.0236) (28 -0.0233) (40 0.0218) (68 -0.0217) (24 0.0197) (29 -0.0173) (31 0.0173) (15 0.0172) (56 -0.0164) (25 -0.0154) (66 -0.0129) (47 0.0126) (64 -0.0117) (33 0.0113) (57 0.0108) (23 -0.0107) (70 -0.01) 
  0.00011933   (3 -1) 
  0.00015835   (24 -0.682) (23 -0.533) (13 0.321) (17 -0.185) (21 -0.18) (25 -0.12) (28 0.107) (34 0.0943) (30 0.0897) (12 -0.0802) (26 -0.069) (22 -0.0666) (11 -0.0661) (39 0.0647) (42 0.0415) (36 0.0397) (20 -0.0376) (27 0.0373) (31 0.0363) (45 0.0346) (19 0.0339) (33 0.0318) (16 -0.0288) (43 -0.0265) (35 0.0226) (73 -0.0179) (29 -0.0149) (41 0.0135) (44 0.0132) (74 0.0126) (10 -0.0116) (50 -0.0108) (57 0.0106) (75 -0.0106) (51 -0.0104) 
  0.00021343   (159 -1) 
   0.0002171   (2 -1) 
  0.00024052   (19 -0.635) (20 -0.383) (23 0.371) (13 0.315) (17 -0.307) (21 0.27) (24 -0.0884) (22 0.0793) (12 -0.0779) (34 0.0685) (11 -0.0642) (15 -0.0589) (25 -0.0469) (158 -0.04) (39 0.038) (28 0.0324) (33 0.0313) (30 0.0296) (16 -0.0283) (31 0.027) (26 -0.0255) (42 0.0237) (36 0.0236) (29 -0.0214) (73 -0.0145) (74 0.0144) (27 0.0131) (10 -0.0116) (49 0.0112) (35 0.0109) (43 -0.0104) 
   0.0002508   (158 -0.999) (19 0.0254) (20 0.0153) (23 -0.0148) (13 -0.0126) (17 0.0123) (21 -0.0108) 
  0.00028737   (7 -1) 
  0.00028967   (25 -0.684) (24 0.452) (150 -0.37) (26 -0.266) (23 -0.19) (13 0.186) (34 0.134) (17 -0.0775) (22 -0.0555) (39 0.0527) (15 -0.0495) (31 0.0491) (32 -0.0453) (12 -0.0429) (20 0.0428) (54 0.0351) (11 -0.0347) (29 -0.028) (19 0.0268) (33 0.0264) (38 -0.0253) (51 0.0211) (46 0.0201) (73 -0.0196) (36 0.0191) (55 0.0184) (35 0.0173) (43 -0.0167) (49 -0.0151) (42 0.0151) (74 0.0141) (30 0.0121) (52 -0.0112) (28 0.011) 
  0.00029546   (150 -0.929) (25 0.272) (24 -0.18) (26 0.106) (23 0.0755) (13 -0.0739) (34 -0.0532) (17 0.0308) (22 0.0221) (39 -0.0209) (15 0.0197) (31 -0.0195) (32 0.018) (12 0.0171) (20 -0.017) (54 -0.0139) (11 0.0138) (29 0.0111) (19 -0.0107) (33 -0.0105) (38 0.0101) 
  0.00031102   (6 1) 
  0.00031889   (20 0.606) (23 0.477) (22 0.307) (13 0.276) (19 0.253) (152 -0.23) (17 -0.211) (24 -0.175) (34 0.0959) (15 -0.0879) (26 -0.0654) (12 -0.0648) (25 -0.0538) (11 -0.0516) (39 0.0493) (31 0.0425) (33 0.0344) (16 -0.033) (21 -0.0296) (38 -0.0272) (73 -0.0261) (29 -0.0212) (74 0.0174) (54 0.0172) (30 -0.0149) (46 0.0143) (48 0.0131) (10 -0.0119) (35 0.0118) (32 -0.0115) (14 0.0114) 
  0.00035303   (152 -0.973) (20 -0.143) (23 -0.113) (22 -0.0726) (13 -0.0653) (19 -0.0598) (17 0.0498) (24 0.0413) (34 -0.0226) (15 0.0208) (26 0.0154) (12 0.0153) (25 0.0127) (11 0.0122) (39 -0.0116) (31 -0.01) 
  0.00038887   (73 -0.499) (74 -0.498) (57 -0.486) (75 0.291) (60 -0.156) (58 -0.15) (45 -0.121) (69 -0.115) (63 0.105) (42 -0.0964) (54 0.0957) (62 -0.0944) (51 0.0875) (50 0.0843) (46 0.0813) (55 -0.08) (43 0.0714) (71 -0.0685) (70 0.066) (53 0.0616) (44 -0.0559) (30 -0.0551) (33 0.0311) (48 0.0302) (99 0.0297) (36 -0.0296) (38 -0.0288) (15 0.0288) (20 -0.0278) (21 -0.0268) (34 0.0257) (49 0.0231) (59 0.0227) (88 0.0222) (13 0.021) (41 -0.0204) (104 0.0203) (40 -0.0203) (92 0.0194) (76 -0.0193) (122 -0.0191) (39 -0.018) (124 0.0175) (83 -0.0174) (115 -0.0174) (79 0.0168) (72 0.0163) (28 -0.0156) (24 -0.0139) (56 0.0138) (108 -0.0137) (91 -0.0135) (78 -0.0132) (77 0.013) (52 -0.0129) (123 0.0122) (117 -0.0113) (106 -0.0111) (90 -0.0108) (68 -0.0108) (126 0.0102) (112 0.0101) 
  0.00040152   (57 -0.523) (73 0.481) (74 0.329) (58 -0.204) (153 0.193) (75 -0.179) (63 0.175) (45 -0.172) (60 -0.169) (69 -0.157) (68 -0.157) (62 -0.154) (42 -0.123) (51 0.107) (43 0.106) (46 0.0849) (50 0.0837) (55 -0.0787) (13 0.0737) (30 -0.0709) (44 -0.0708) (71 0.0704) (54 0.0688) (48 -0.0662) (53 0.0603) (36 -0.0583) (56 0.0424) (38 -0.0387) (70 -0.0368) (40 -0.0309) (28 -0.0293) (15 0.0287) (59 0.0284) (21 -0.0283) (122 0.0257) (67 0.0228) (34 -0.0226) (72 -0.022) (79 -0.0215) (41 -0.0214) (39 -0.0206) (83 -0.0205) (19 0.0204) (20 -0.0203) (12 -0.0186) (117 -0.0184) (115 -0.018) (78 0.0176) (17 -0.0173) (11 -0.0161) (66 -0.0159) (33 0.0159) (126 -0.0159) (92 0.0156) (127 0.0152) (121 -0.0142) (99 0.0142) (112 0.0139) (118 0.013) (135 0.0123) (114 0.012) (91 -0.0116) (125 -0.0114) (120 0.0108) (101 -0.0107) (130 0.0101) 
  0.00044008   (153 0.981) (57 0.107) (73 -0.0905) (74 -0.0611) (58 0.0413) (45 0.0353) (63 -0.0352) (60 0.0344) (75 0.033) (69 0.0314) (62 0.0309) (68 0.0307) (42 0.0254) (51 -0.0219) (43 -0.0216) (46 -0.0176) (50 -0.0173) (55 0.0162) (13 -0.0149) (30 0.0147) (44 0.0146) (54 -0.0144) (71 -0.0133) (48 0.0128) (53 -0.0124) (36 0.0119) 
  0.00045528   (26 -0.866) (25 0.446) (24 0.0991) (51 0.0884) (53 -0.0801) (23 -0.068) (13 0.067) (54 -0.0501) (28 -0.0392) (45 -0.0386) (52 -0.0385) (50 0.0366) (27 -0.0332) (57 0.0304) (48 -0.0301) (39 0.0238) (20 -0.0203) (17 -0.0196) (55 0.0187) (43 0.0186) (73 -0.0175) (21 -0.0175) (12 -0.0164) (31 0.0159) (38 -0.0157) (46 0.0155) (15 -0.0152) (11 -0.0143) (56 -0.0143) (74 0.0119) (75 -0.0117) (60 0.011) (44 -0.0109) (16 0.0106) 
  0.00047404   (147 0.69) (51 0.409) (53 -0.331) (54 -0.23) (52 -0.191) (50 0.177) (45 -0.158) (57 0.121) (26 0.111) (42 -0.109) (43 0.101) (48 -0.0909) (55 0.0901) (56 -0.0844) (46 0.0603) (13 0.0568) (44 -0.0548) (73 -0.049) (30 -0.0476) (60 0.0459) (25 -0.0445) (34 -0.0397) (49 0.0378) (36 -0.0378) (39 -0.0369) (47 -0.0318) (40 -0.0207) (58 0.0202) (41 -0.0196) (75 -0.016) (15 0.0146) (70 0.0145) (12 -0.0144) (68 0.014) (11 -0.0124) (38 -0.0117) (17 -0.0112) (21 -0.0111) (74 0.011) (35 -0.0109) (19 0.0109) (69 -0.0105) 
  0.00051049   (147 0.724) (51 -0.389) (53 0.315) (54 0.219) (52 0.182) (50 -0.169) (45 0.151) (57 -0.115) (42 0.104) (26 -0.101) (43 -0.0966) (48 0.0866) (55 -0.0858) (56 0.0804) (46 -0.0575) (13 -0.0544) (44 0.0522) (73 0.0466) (30 0.0453) (60 -0.0437) (25 0.0404) (34 0.0378) (49 -0.036) (36 0.036) (39 0.0351) (47 0.0304) (40 0.0197) (58 -0.0193) (41 0.0187) (75 0.0152) (70 -0.0138) (15 -0.0138) (12 0.0138) (68 -0.0134) (11 0.0119) (38 0.0112) (17 0.0108) (21 0.0107) (74 -0.0105) (35 0.0104) (19 -0.0103) 
  0.00055936   (53 0.764) (54 -0.348) (52 -0.248) (39 -0.231) (38 0.187) (34 0.144) (57 0.141) (51 0.132) (56 0.121) (42 -0.12) (36 0.109) (50 0.099) (45 -0.0884) (49 0.0862) (43 0.0747) (73 -0.0448) (60 0.0413) (69 -0.0392) (44 -0.0359) (35 0.0358) (74 0.0334) (75 -0.032) (33 0.0279) (48 -0.0269) (46 0.0255) (41 -0.025) (70 0.0205) (47 -0.019) (40 -0.0181) (151 0.0148) (26 -0.0137) (55 0.0121) (21 -0.0118) 
  0.00060523   (151 0.973) (39 0.12) (38 -0.116) (34 -0.101) (36 -0.0812) (53 0.0588) (30 -0.0263) (13 0.0257) (35 -0.0257) (54 -0.0227) (48 0.0172) (42 0.017) (52 -0.0165) (73 -0.0134) (57 0.0126) (51 0.0104) 
  0.00062571   (39 -0.493) (38 0.48) (34 0.418) (36 0.337) (53 -0.298) (151 0.23) (54 0.118) (30 0.111) (13 -0.109) (35 0.106) (52 0.0857) (48 -0.0713) (42 -0.0642) (57 -0.0621) (73 0.06) (51 -0.0524) (56 -0.0475) (50 -0.0453) (24 -0.0406) (26 -0.0358) (31 0.0358) (22 0.0315) (43 0.0303) (33 0.0299) (60 -0.029) (12 0.0265) (23 0.0264) (75 0.0256) (74 -0.0222) (11 0.0221) (49 -0.0214) (17 0.0207) (25 -0.0206) (41 -0.0204) (46 -0.0202) (19 -0.0202) (68 -0.0186) (70 -0.0177) (27 -0.017) (45 -0.0149) (32 0.0149) (20 0.014) (28 0.0112) (69 0.0106) 
  0.00069528   (69 0.904) (68 0.252) (57 -0.205) (70 -0.177) (48 0.0854) (51 0.0665) (50 0.0536) (75 -0.0527) (74 0.0518) (42 -0.0503) (53 0.0497) (45 -0.0448) (46 0.0379) (83 -0.0338) (30 -0.0318) (60 -0.0315) (43 0.0288) (67 -0.0276) (54 0.0266) (72 0.0263) (148 0.0261) (55 -0.0219) (33 0.0212) (44 -0.0212) (66 0.0199) (58 -0.0187) (39 -0.0187) (34 0.0182) (21 -0.0181) (20 -0.0181) (99 0.0176) (52 -0.0173) (15 0.0163) (124 0.0161) (125 -0.016) (104 0.0157) (127 0.0152) (56 -0.0151) (40 -0.0149) (78 0.0148) (88 0.0148) (97 -0.0146) (36 -0.0145) (115 -0.0143) (92 0.0139) (13 0.0139) (89 -0.0132) (63 -0.0131) (73 -0.013) (122 -0.0127) (41 -0.0115) (91 -0.011) (90 0.0109) (62 0.0108) 
  0.00070224   (148 0.834) (48 -0.449) (51 -0.187) (45 -0.124) (42 -0.0951) (43 0.0913) (49 0.0641) (44 -0.0607) (73 -0.0586) (50 -0.0582) (57 0.0507) (13 0.0481) (54 0.0479) (34 -0.0417) (52 0.0396) (36 -0.0367) (30 -0.0302) (68 0.0292) (46 0.0273) (56 -0.0264) (58 0.0259) (38 -0.021) (60 0.0168) (69 0.0166) (53 0.0162) (63 -0.0162) (62 0.0134) (75 -0.0133) (40 -0.0123) (70 0.0122) (28 -0.0119) (12 -0.0119) (71 -0.0117) (35 -0.0114) (19 0.0114) (22 -0.011) (24 0.0102) 
    0.000764   (48 0.676) (148 0.551) (51 0.281) (45 0.191) (42 0.147) (43 -0.14) (49 -0.0976) (44 0.0931) (73 0.0896) (50 0.0854) (54 -0.074) (13 -0.0736) (69 -0.0682) (57 -0.0666) (34 0.0622) (52 -0.0592) (36 0.0564) (68 -0.0564) (30 0.0475) (46 -0.0433) (56 0.0408) (58 -0.0384) (38 0.0323) (53 -0.0272) (63 0.0253) (60 -0.0239) (75 0.0227) (62 -0.0208) (40 0.0195) (28 0.0185) (12 0.0182) (71 0.0179) (19 -0.0175) (35 0.0172) (22 0.0165) (24 -0.0153) (11 0.0152) (17 0.0146) (74 -0.0135) (55 0.0126) (26 -0.0122) (41 0.0117) (15 -0.0114) (47 0.0113) (121 0.0113) (21 0.0102) (70 -0.0101) 
  0.00080807   (38 -0.628) (39 -0.594) (21 -0.231) (34 0.175) (20 -0.161) (23 0.154) (42 0.134) (36 -0.134) (22 -0.13) (19 0.112) (33 0.101) (40 0.0938) (45 0.0813) (15 0.074) (43 -0.0579) (13 0.0545) (37 -0.0481) (30 -0.0455) (41 0.0441) (46 -0.0418) (44 0.0363) (35 0.0319) (57 0.0299) (17 -0.0283) (50 -0.0237) (54 -0.0207) (51 -0.0206) (31 0.0185) (26 -0.016) (48 -0.0147) (55 0.014) (12 -0.0138) (32 -0.0133) (53 -0.0123) (11 -0.0122) (73 0.011) 
   0.0008283   (21 -0.535) (23 0.398) (22 -0.371) (20 -0.336) (19 0.283) (38 0.263) (39 0.226) (30 0.176) (13 0.151) (15 0.105) (36 0.0944) (17 -0.0803) (28 0.08) (33 -0.0679) (34 -0.0581) (24 0.0511) (12 -0.0374) (143 0.0362) (11 -0.0319) (27 -0.0277) (37 0.0203) (40 -0.0162) (48 0.0139) (29 0.0132) (25 -0.0121) (32 0.0115) (14 -0.0112) (31 -0.011) 
  0.00085495   (143 0.997) (142 -0.0613) (21 0.0202) (23 -0.015) (22 0.0139) (20 0.0128) (19 -0.0107) 
    0.001047   (50 -0.399) (45 -0.384) (48 0.357) (46 0.338) (49 -0.295) (15 0.279) (51 -0.265) (42 -0.224) (43 0.183) (54 -0.153) (47 -0.134) (57 0.134) (44 -0.115) (17 0.0913) (40 -0.0883) (13 0.0795) (34 0.0795) (55 0.0745) (30 -0.0618) (38 -0.0601) (53 -0.0547) (33 0.0534) (56 -0.0412) (36 -0.0398) (73 0.0331) (74 -0.0329) (16 -0.0308) (24 -0.0279) (75 0.0276) (68 -0.0247) (39 0.0206) (12 -0.0192) (19 -0.0179) (83 -0.0163) (60 0.0159) (31 0.0153) (35 0.0151) (11 -0.0149) (41 -0.0147) (23 0.0137) (28 -0.0127) (26 -0.0117) (112 0.0115) (70 -0.0109) 
   0.0010558   (15 0.82) (17 0.322) (13 0.243) (45 0.139) (21 0.135) (20 0.131) (46 -0.107) (16 -0.105) (50 0.105) (42 0.101) (30 0.0978) (48 -0.0972) (19 -0.0906) (49 0.0833) (43 -0.0735) (51 0.0654) (12 -0.0601) (11 -0.0503) (28 0.0468) (44 0.0464) (47 0.0396) (54 0.0391) (36 0.0361) (40 0.036) (38 0.0359) (33 -0.0297) (57 -0.0289) (14 -0.0227) (23 0.0206) (24 0.0203) (22 0.0193) (55 -0.018) (26 -0.0144) (53 0.0127) (73 -0.0121) (41 0.012) (34 -0.0116) (56 0.0109) 
   0.0012368   (146 -1) 
   0.0014545   (55 -0.589) (56 -0.466) (30 -0.411) (54 0.306) (57 0.27) (31 0.12) (53 0.108) (51 0.107) (33 -0.0954) (50 0.0952) (48 0.0832) (36 0.0668) (46 0.0654) (28 -0.0651) (73 0.0568) (20 -0.0518) (15 0.0474) (45 -0.0446) (21 -0.0434) (13 0.0391) (68 -0.0372) (34 0.0363) (38 0.0335) (74 -0.0262) (32 0.0257) (75 0.0241) (44 -0.0236) (27 0.0219) (49 0.0217) (70 -0.0209) (52 -0.0195) (29 -0.0192) (19 0.0184) (24 -0.0177) (63 0.0175) (71 -0.0146) (47 0.0145) (62 -0.0142) (35 0.0142) (43 0.012) (139 0.011) (60 0.0104) (12 -0.0102) 
   0.0015188   (30 -0.748) (55 0.295) (33 -0.256) (56 0.223) (31 0.222) (54 -0.162) (36 0.155) (42 0.141) (38 0.118) (28 -0.11) (57 -0.109) (139 0.106) (45 0.0989) (13 0.0948) (51 -0.0829) (50 -0.0737) (43 -0.0661) (32 0.0596) (53 -0.0591) (46 -0.0569) (20 -0.0547) (40 0.0512) (21 -0.048) (15 0.0452) (44 0.044) (27 0.0369) (73 -0.0344) (19 0.0328) (48 -0.0327) (29 -0.0285) (17 -0.0262) (22 -0.0237) (12 -0.0234) (49 -0.0216) (41 0.0215) (26 0.0203) (11 -0.0203) (68 0.0174) (34 -0.0166) (52 0.0154) (35 0.0126) (75 -0.0123) (70 0.0118) (74 0.0115) (23 -0.0109) 
   0.0015525   (139 0.994) (30 0.0842) (33 0.0282) (31 -0.025) (55 -0.0248) (56 -0.0185) (36 -0.0172) (42 -0.0147) (54 0.0137) (38 -0.0128) (28 0.0125) (13 -0.0106) 
   0.0017338   (16 0.868) (31 -0.437) (13 0.0988) (15 0.0983) (28 -0.098) (30 -0.089) (34 0.0786) (14 0.0523) (36 0.0367) (134 -0.0352) (17 -0.0339) (39 0.03) (42 0.0272) (12 -0.022) (35 0.022) (20 0.0187) (33 0.0178) (26 0.0164) (11 -0.0138) (71 0.0136) (43 -0.0135) (44 0.0131) (40 0.0101) 
   0.0017707   (134 -0.659) (31 -0.602) (16 -0.375) (30 -0.14) (28 -0.115) (34 0.109) (36 0.0524) (13 0.0522) (15 -0.0405) (42 0.0334) (39 0.0332) (33 0.0321) (35 0.0314) (24 0.0276) (23 -0.0249) (25 0.0236) (14 -0.0225) (19 0.0215) (43 -0.0177) (44 0.016) (17 -0.0158) (20 -0.0143) (12 -0.0139) (26 0.0139) (11 -0.0133) (22 -0.0121) (21 -0.0106) (51 -0.0103) (52 -0.0103) 
   0.0019177   (134 -0.751) (31 0.549) (16 0.289) (30 0.127) (28 0.105) (34 -0.0991) (13 -0.0505) (36 -0.0477) (15 0.031) (42 -0.0306) (39 -0.0305) (33 -0.029) (35 -0.0286) (24 -0.0241) (23 0.0222) (25 -0.0208) (19 -0.0184) (14 0.0173) (43 0.0161) (17 0.0155) (44 -0.0146) (12 0.0133) (26 -0.0129) (11 0.0123) (20 0.0117) (22 0.0103) 
   0.0020494   (28 -0.888) (52 -0.256) (30 0.197) (49 0.155) (31 0.133) (51 -0.11) (24 -0.0838) (68 0.0795) (47 -0.0728) (25 -0.0687) (29 0.057) (34 -0.0478) (70 0.047) (48 0.0462) (27 0.0438) (53 -0.0433) (44 0.0422) (20 -0.0385) (54 0.0378) (73 0.0329) (50 -0.0323) (15 0.0312) (67 -0.0275) (45 0.0261) (36 0.0241) (71 -0.0239) (43 -0.0214) (75 0.0195) (40 -0.0189) (60 -0.0184) (16 -0.0182) (57 -0.0178) (32 0.0175) (66 0.017) (19 0.0163) (14 0.0159) (69 -0.0156) (17 -0.0133) (35 -0.0133) (58 -0.0125) (33 -0.0118) (42 0.0117) (21 -0.0117) (82 -0.0112) (37 0.0107) 
   0.0022102   (68 0.69) (70 0.374) (73 0.247) (52 0.234) (49 -0.198) (66 0.176) (132 -0.175) (75 0.171) (67 -0.164) (71 -0.15) (69 -0.136) (50 0.11) (51 0.0991) (58 0.0807) (78 -0.0764) (79 -0.0668) (53 0.0565) (64 0.0521) (62 0.0506) (60 -0.0504) (82 -0.0429) (83 -0.0344) (72 -0.0343) (47 0.0325) (42 -0.0312) (130 0.0294) (63 -0.0282) (43 0.0278) (56 0.0274) (45 -0.0272) (76 -0.0269) (87 0.0267) (106 0.0248) (80 -0.0244) (84 0.0244) (44 -0.0217) (107 -0.0199) (108 0.0179) (59 0.0177) (40 -0.0176) (30 -0.0168) (96 -0.0162) (57 -0.0161) (28 -0.0152) (92 0.0149) (128 -0.0137) (48 -0.0131) (117 0.0122) (34 0.012) (36 -0.0112) (54 0.0111) (86 0.011) (119 -0.0109) (15 0.0108) (118 -0.0101) 
    0.002333   (52 0.531) (132 -0.525) (49 -0.306) (28 -0.284) (68 -0.26) (51 0.204) (47 0.164) (70 -0.163) (73 -0.114) (50 0.0991) (53 0.0937) (54 -0.0871) (44 -0.0857) (71 0.0763) (48 -0.0728) (67 0.0728) (66 -0.0688) (58 0.0638) (57 0.0596) (75 -0.057) (30 0.0566) (60 0.0562) (69 0.0535) (130 0.0467) (40 0.0347) (56 0.0332) (24 -0.0319) (83 0.0298) (46 0.0283) (82 0.0256) (25 -0.0252) (43 0.0248) (35 -0.0234) (34 -0.0232) (62 -0.0228) (31 0.0213) (79 0.0213) (20 -0.0199) (64 -0.0194) (13 0.0173) (45 -0.0164) (61 -0.0162) (15 0.0153) (112 -0.0149) (36 0.0141) (29 0.0138) (92 0.0129) (27 0.0128) (55 0.0124) (128 -0.0119) (99 -0.0111) (17 -0.011) (89 0.0108) (16 -0.0108) (59 -0.0108) (106 -0.0107) (78 0.0104) (39 -0.0104) (74 -0.0103) (117 0.0103) (19 0.0101) 
   0.0024231   (132 -0.829) (52 -0.384) (49 0.235) (28 0.194) (51 -0.149) (47 -0.11) (50 -0.0863) (53 -0.071) (44 0.0584) (58 -0.0574) (54 0.0522) (130 0.0495) (48 0.0484) (30 -0.0345) (57 -0.0339) (56 -0.0268) (60 -0.0244) (24 0.0234) (70 0.0227) (43 -0.0215) (46 -0.0198) (73 0.0197) (40 -0.0178) (25 0.0173) (128 -0.0168) (68 0.0165) (135 0.0162) (71 -0.0161) (45 0.0161) (20 0.0148) (35 0.0143) (31 -0.014) (34 0.0126) (15 -0.0125) (13 -0.012) (83 -0.0119) (67 -0.0107) (29 -0.0107) (92 -0.0104) 
   0.0025484   (22 0.814) (20 -0.353) (21 -0.263) (56 -0.219) (19 0.132) (54 -0.109) (24 0.108) (23 -0.0957) (14 -0.0728) (15 0.0722) (55 0.0655) (57 -0.0641) (30 0.0588) (45 0.0515) (29 0.0491) (50 -0.0457) (46 -0.0438) (33 -0.0391) (51 -0.0331) (11 -0.0324) (44 0.0298) (26 0.0285) (34 -0.0278) (28 0.0277) (18 0.0258) (42 0.0257) (43 -0.0236) (48 -0.0222) (74 0.0186) (41 0.0185) (38 0.0181) (40 -0.0173) (53 0.0159) (68 0.0157) (27 -0.0147) (69 -0.0147) (70 0.0144) (39 0.0144) (125 -0.0136) (75 -0.013) (52 0.0121) (121 0.012) (49 -0.0119) (83 0.0115) (120 -0.0114) (31 -0.0108) (25 -0.0107) (58 0.0101) 
   0.0026338   (60 0.849) (56 0.345) (54 0.197) (55 -0.113) (22 0.108) (73 0.107) (58 -0.105) (74 -0.0938) (45 -0.0872) (59 -0.087) (75 0.085) (50 0.0791) (46 0.0782) (63 0.0608) (20 -0.0587) (57 -0.0571) (21 -0.0471) (71 0.0418) (133 -0.037) (62 -0.0351) (52 -0.0334) (53 -0.0314) (44 -0.0306) (49 0.0298) (47 -0.0275) (43 0.0258) (83 0.0233) (15 0.0228) (125 -0.0218) (48 0.0213) (108 -0.0202) (64 0.02) (106 -0.0186) (51 0.0182) (41 -0.0179) (14 -0.0173) (19 0.0172) (121 -0.0172) (109 0.0167) (72 -0.0161) (79 0.016) (78 -0.0154) (65 0.0147) (30 -0.0144) (107 0.0144) (39 -0.0141) (68 0.0139) (99 0.0131) (61 0.0123) (42 0.0118) (76 -0.0113) (23 -0.0101) 
   0.0027888   (133 -0.707) (56 0.471) (60 -0.307) (57 0.236) (54 0.203) (22 0.137) (55 -0.114) (47 -0.0875) (50 0.0768) (20 -0.0754) (51 0.0662) (40 -0.0618) (45 -0.0591) (21 -0.0581) (42 -0.0563) (53 -0.0498) (68 -0.0423) (59 0.0356) (43 0.0323) (70 -0.0294) (15 0.029) (34 0.0276) (69 0.0264) (83 -0.0254) (44 0.025) (63 -0.0246) (19 0.0232) (30 -0.0225) (58 0.0211) (135 -0.0193) (38 -0.018) (62 0.0172) (125 0.0159) (74 -0.0158) (36 -0.0155) (46 0.0147) (39 0.0137) (23 -0.0126) (52 -0.0125) (71 -0.0122) (29 0.0122) (66 -0.0119) (33 0.0118) (106 0.0109) (123 0.0101) 
   0.0028628   (133 -0.705) (56 -0.489) (60 0.262) (57 -0.233) (54 -0.214) (22 -0.143) (55 0.121) (47 0.0887) (50 -0.0812) (20 0.0786) (51 -0.0671) (45 0.0641) (40 0.0612) (21 0.0606) (42 0.0554) (53 0.0514) (68 0.0416) (125 -0.0397) (43 -0.0338) (59 -0.0309) (15 -0.0303) (70 0.0297) (34 -0.0273) (69 -0.0266) (83 0.025) (19 -0.0241) (30 0.0233) (44 -0.023) (135 -0.0229) (63 0.0214) (74 0.0203) (46 -0.0194) (38 0.0181) (36 0.0159) (62 -0.0154) (58 -0.0154) (123 -0.0152) (52 0.0144) (106 -0.0142) (127 0.0131) (23 0.0131) (39 -0.0128) (75 -0.0122) (29 -0.012) (33 -0.0118) (66 0.0115) (122 -0.0109) (117 0.0107) (112 -0.0103) (71 0.0102) 
   0.0034563   (36 -0.809) (38 0.362) (63 0.217) (34 0.203) (62 -0.203) (83 0.131) (42 0.118) (40 0.0919) (57 0.0804) (30 -0.0775) (37 0.0644) (58 0.0553) (33 0.0529) (39 -0.0528) (45 0.0486) (35 0.0483) (28 -0.0423) (43 -0.0357) (86 -0.0346) (51 -0.0327) (14 0.0302) (47 0.027) (68 0.0266) (55 0.0259) (64 0.0235) (73 -0.0228) (96 -0.02) (20 -0.019) (15 0.0166) (21 -0.0164) (69 0.0162) (24 -0.0159) (90 0.0151) (53 -0.0143) (88 -0.0135) (29 0.0127) (106 0.0125) (49 0.0122) (131 0.0122) (22 -0.0117) (71 -0.0115) (108 0.0113) (50 -0.0113) (31 0.0111) (13 0.0107) (85 0.0101) 
   0.0039031   (83 0.854) (63 -0.274) (62 0.255) (131 0.235) (86 -0.147) (57 -0.0911) (90 0.0723) (58 -0.0597) (85 0.0562) (106 0.0551) (89 -0.0495) (84 0.0455) (91 -0.0418) (112 0.0374) (108 0.0356) (107 -0.0348) (96 -0.0341) (45 -0.0339) (55 -0.0337) (103 -0.0306) (64 -0.0287) (71 0.0267) (42 -0.0262) (54 0.0253) (115 -0.0252) (114 0.0249) (51 0.0247) (60 -0.0235) (74 0.0229) (97 -0.0226) (102 0.0224) (88 -0.0223) (78 -0.0213) (46 0.0204) (40 -0.0189) (70 0.0187) (93 0.0183) (124 0.0181) (43 0.018) (87 -0.0178) (101 -0.0173) (48 0.0173) (30 -0.0171) (117 -0.016) (109 0.016) (104 0.0158) (92 0.0156) (79 0.0155) (110 0.0151) (69 -0.015) (75 -0.0146) (52 -0.0129) (50 0.0128) (81 0.0126) (118 0.0119) (126 0.0116) (61 0.0114) (130 0.0114) (47 -0.0106) (56 0.0105) (100 0.0105) (127 0.0104) 
   0.0040661   (131 0.586) (63 -0.434) (83 -0.411) (62 0.403) (36 -0.23) (57 -0.106) (38 0.102) (58 -0.0893) (47 0.0795) (86 0.0784) (68 -0.0726) (44 -0.0574) (40 0.0553) (73 0.055) (64 -0.0478) (34 0.0468) (90 -0.0466) (46 0.0428) (69 -0.0414) (96 0.0334) (42 0.0324) (106 -0.032) (85 -0.0311) (88 0.0296) (84 -0.0293) (108 -0.0278) (39 -0.0274) (89 0.0262) (55 -0.0258) (30 -0.0256) (67 0.0223) (107 0.0216) (103 0.0208) (74 -0.0202) (70 -0.0201) (51 0.0201) (75 0.0184) (91 0.0182) (61 0.0181) (130 0.0178) (37 0.0169) (28 -0.0155) (109 -0.015) (41 -0.0142) (13 0.0137) (94 0.0136) (102 -0.0134) (66 -0.0133) (60 0.0129) (112 -0.0128) (20 -0.0124) (93 -0.0124) (33 0.0122) (49 0.0112) (127 0.0111) (35 0.0101) 
   0.0041047   (131 0.775) (63 0.408) (62 -0.378) (36 0.189) (57 0.107) (58 0.0849) (38 -0.0799) (47 -0.0562) (68 0.0534) (83 0.0466) (44 0.0449) (64 0.0445) (34 -0.0416) (73 -0.0403) (46 -0.0385) (40 -0.0368) (69 0.0354) (55 0.0297) (30 0.0262) (39 0.0243) (51 -0.0224) (130 0.0224) (67 -0.0182) (42 -0.0177) (45 0.0172) (61 -0.017) (96 -0.0168) (88 -0.0158) (86 -0.0153) (108 0.0148) (90 0.0142) (54 -0.0142) (106 0.0136) (28 0.0135) (37 -0.0133) (33 -0.0126) (20 0.0121) (13 -0.0119) (94 -0.0118) (41 0.0118) (48 -0.0114) (59 -0.0105) (71 -0.0103) 
    0.004229   (105 0.532) (96 0.345) (103 0.296) (124 0.281) (104 -0.243) (109 0.242) (110 -0.189) (100 -0.183) (101 0.176) (107 -0.169) (123 -0.164) (99 0.156) (120 -0.144) (125 0.133) (121 -0.128) (106 0.112) (113 0.107) (112 -0.0941) (102 -0.0849) (98 -0.0808) (115 -0.0752) (94 0.0682) (89 0.0496) (93 -0.0463) (47 0.0463) (116 0.0431) (118 0.0394) (92 0.0342) (145 0.0312) (83 0.0309) (81 0.0306) (126 -0.0295) (88 -0.0282) (71 0.0278) (46 0.024) (111 0.0225) (44 -0.0206) (85 -0.0195) (80 -0.0165) (49 0.0147) (68 0.0134) (60 -0.0128) (90 -0.0123) (70 0.0118) (135 0.0118) (63 0.0114) (52 -0.0114) (79 0.0113) (42 0.0111) (91 0.0101) 
   0.0043813   (145 -0.999) (124 0.0356) (123 -0.0178) (125 0.0159) (120 -0.0108) (105 0.0106) 
   0.0043895   (47 0.735) (44 -0.358) (46 0.332) (49 0.202) (40 0.16) (52 -0.127) (42 0.123) (71 0.113) (56 0.0941) (60 -0.0929) (36 0.0908) (14 -0.0838) (57 0.0767) (63 0.065) (124 -0.0645) (68 0.0643) (48 0.0636) (50 -0.06) (83 0.0597) (62 -0.0561) (81 0.0543) (34 -0.0503) (70 0.0496) (96 0.0466) (125 -0.0453) (53 -0.0452) (51 -0.0447) (106 -0.0441) (41 -0.0436) (123 0.0434) (121 0.0404) (54 0.0388) (105 -0.0372) (22 0.0366) (58 0.0362) (120 0.0345) (55 0.0321) (80 -0.0297) (109 -0.0275) (107 0.0275) (30 0.0269) (113 0.0241) (73 0.0229) (29 -0.0228) (86 0.0223) (11 -0.0221) (72 -0.0214) (39 -0.021) (67 -0.0192) (79 0.0188) (91 -0.0182) (33 -0.0181) (111 0.0178) (66 0.0177) (103 -0.0173) (89 0.0162) (28 0.016) (90 -0.0158) (99 -0.0156) (35 -0.0155) (85 -0.0151) (108 -0.0151) (110 0.0137) (88 0.0135) (78 -0.0134) (75 0.0124) (38 -0.0123) (59 0.0122) (102 -0.0119) (13 -0.0115) (101 -0.0115) (27 -0.0113) (112 -0.0106) (82 0.0101) 
   0.0044475   (71 0.631) (44 -0.396) (80 -0.368) (47 -0.298) (79 0.184) (82 0.153) (94 0.139) (45 0.136) (70 0.131) (86 0.118) (72 -0.114) (46 -0.103) (84 -0.0839) (98 -0.0827) (68 0.0777) (76 -0.075) (77 -0.0703) (73 -0.0686) (90 0.0676) (111 0.0613) (40 0.0516) (43 0.0512) (96 -0.0479) (108 0.0465) (113 -0.0379) (93 0.0364) (85 -0.0352) (81 0.0338) (60 -0.0324) (105 -0.0295) (104 0.0279) (92 -0.0256) (49 -0.0245) (67 -0.0244) (121 -0.0239) (55 -0.021) (42 0.0208) (106 -0.0207) (101 -0.0201) (74 0.02) (54 0.0199) (66 0.0195) (123 -0.019) (100 0.019) (107 0.0188) (112 0.0188) (124 0.0183) (58 0.0176) (97 0.0164) (155 0.0161) (125 0.0158) (103 0.0157) (110 0.0136) (87 0.0136) (75 0.0128) (83 -0.0127) (48 0.0123) (116 0.0119) (120 -0.0117) (16 -0.0108) (41 -0.0108) 
   0.0045968   (155 0.999) (44 0.0347) (47 0.0157) (45 -0.011) 
   0.0049276   (44 -0.728) (71 -0.455) (47 -0.275) (45 0.225) (80 0.14) (40 0.135) (79 -0.126) (46 -0.101) (70 -0.0897) (42 0.0823) (86 -0.0796) (72 0.0734) (108 -0.0688) (43 0.0617) (82 -0.0572) (78 0.055) (111 -0.0496) (90 0.0477) (73 0.0475) (68 -0.0449) (89 -0.0441) (85 0.0424) (36 0.0404) (98 0.0386) (155 0.0382) (84 0.0368) (113 0.0289) (96 0.0275) (41 -0.0261) (112 -0.0255) (14 -0.0253) (39 0.0236) (58 -0.0213) (50 -0.0211) (49 -0.0199) (76 0.0185) (67 0.0185) (104 -0.0179) (105 0.0177) (52 -0.0176) (101 0.0173) (56 0.0172) (110 -0.017) (121 0.0166) (22 0.0163) (94 0.0159) (48 0.0159) (124 -0.0159) (13 -0.0159) (83 0.0145) (123 0.0137) (30 0.0136) (87 -0.0135) (125 -0.0131) (31 -0.0127) (66 -0.0122) (29 -0.0121) (114 -0.012) (100 -0.0108) (119 -0.0107) (38 -0.0104) (115 0.0102) 
   0.0050292   (18 -0.981) (138 -0.174) (17 -0.0538) (14 0.0396) (15 0.0286) (22 0.0262) (8 0.0212) (13 -0.0125) (33 -0.0106) (34 -0.01) 
   0.0050958   (138 -0.985) (18 0.174) 
   0.0053119   (8 -1) (18 -0.0208) 
   0.0054347   (4 1) 
   0.0057092   (27 -0.654) (136 -0.352) (25 0.289) (34 0.258) (26 0.25) (24 0.246) (13 0.243) (23 -0.181) (31 0.133) (39 0.116) (33 0.0941) (17 -0.082) (29 -0.0757) (28 -0.0746) (12 -0.0643) (35 0.0578) (11 -0.0516) (38 -0.0506) (15 -0.0472) (20 0.0422) (22 -0.0393) (36 0.0358) (30 0.0329) (73 -0.0265) (75 -0.0241) (42 0.0203) (43 -0.0193) (74 0.0188) (41 0.0149) (21 -0.0147) (54 0.013) (52 0.0116) (10 -0.0106) (70 0.0101) 
   0.0057614   (136 -0.936) (27 0.246) (25 -0.109) (34 -0.0969) (26 -0.0941) (24 -0.0925) (13 -0.0917) (23 0.068) (31 -0.0502) (39 -0.0436) (33 -0.0354) (17 0.0309) (29 0.0285) (28 0.0281) (12 0.0242) (35 -0.0218) (11 0.0194) (38 0.019) (15 0.0178) (20 -0.0159) (22 0.0148) (36 -0.0135) (30 -0.0124) 
   0.0059519   (10 0.656) (17 0.607) (15 -0.308) (13 0.27) (23 0.0798) (24 -0.0789) (12 -0.0686) (20 -0.0561) (11 -0.049) (18 -0.0472) (34 0.0417) (25 -0.0369) (19 -0.0352) (16 0.0275) (22 0.0254) (21 -0.0238) (39 0.0178) (26 -0.0173) (14 0.0155) (31 0.0133) (42 0.0105) 
    0.006394   (144 0.999) (10 -0.0271) (17 0.0167) 
   0.0065011   (10 0.753) (17 -0.545) (15 0.268) (13 -0.187) (24 0.0761) (23 -0.074) (20 0.0541) (12 0.0493) (34 -0.0419) (18 0.0412) (11 0.038) (25 0.0344) (144 0.0337) (19 0.0333) (16 -0.0273) (22 -0.0259) (21 0.0246) (26 0.0172) (39 -0.0166) (31 -0.0134) (42 -0.0122) (73 0.0121) (74 -0.0108) 
   0.0072563   (11 0.899) (40 -0.328) (12 -0.179) (13 0.152) (44 -0.0793) (14 -0.0756) (42 0.0693) (41 0.0624) (39 -0.0441) (47 0.0432) (34 -0.0286) (45 0.0275) (36 -0.0213) (43 -0.0201) (49 0.02) (29 0.0173) (35 0.0144) (33 -0.0139) (60 0.0131) 
   0.0076268   (140 0.998) (40 -0.0472) (11 -0.0213) 
    0.007942   (40 0.854) (11 0.353) (42 -0.177) (44 0.17) (41 -0.163) (39 0.108) (47 -0.0795) (12 -0.0642) (36 0.0629) (34 0.0615) (45 -0.0595) (49 -0.0559) (140 0.0557) (43 0.0542) (14 -0.0522) (29 -0.0421) (35 -0.0374) (22 0.0364) (50 0.0313) (52 -0.031) (33 0.0257) (60 -0.0254) (38 -0.023) (61 -0.0214) (20 -0.0208) (13 0.0188) (51 -0.0181) (62 -0.0177) (30 0.0171) (56 0.0163) (67 -0.0158) (83 0.0155) (106 -0.0148) (108 -0.0146) (19 0.0143) (75 0.0142) (82 0.0123) (77 -0.0104) 
    0.008183   (12 0.89) (29 0.338) (13 0.263) (11 0.13) (14 -0.0449) (33 0.037) (27 -0.0234) (30 -0.0229) (40 0.0212) (35 -0.0209) (28 0.0176) (66 -0.0165) (36 0.0147) (49 0.0121) (19 -0.0111) (137 -0.0107) (41 -0.0101) 
   0.0092606   (137 -0.976) (29 0.197) (12 -0.083) (33 0.0194) (13 -0.0145) (11 -0.0133) (30 -0.013) (27 -0.0111) (35 -0.0106) 

 Largest eigenvalues
      26.836   (162 0.283) (165 0.946) 
      21.004   (34 0.436) (39 0.352) (42 -0.401) 
      19.955   (73 0.483) (74 -0.434) (75 0.409) 
      15.678   (106 -0.566) (107 0.377) (108 -0.553) 
      3.9757   (96 0.292) (121 0.33) (123 0.339) (124 -0.533) (125 -0.362) 
      1.2302   (162 0.958) (165 -0.28) 
      1.2236   (164 0.997) 
      1.1539   (163 0.994) 
      1.1447   (88 0.747) (89 -0.517) 
      1.1402   (99 0.539) (100 0.37) (101 0.447) (105 -0.298) (106 0.291) 
      1.1259   (99 0.293) (100 0.316) (104 0.352) (106 -0.442) (107 -0.468) 
     0.95894   (115 -0.358) (116 0.698) 
     0.92039   (104 0.505) (105 0.451) (107 0.526) 
     0.89317   (100 -0.697) (102 0.289) (103 -0.344) 
     0.87457   (112 0.567) (113 0.367) 
     0.77724   (110 -0.506) (116 -0.357) (117 -0.319) 
     0.67046   (109 0.245) (110 0.696) (112 -0.252) (113 -0.251) (116 -0.223) (135 0.226) 
     0.66709   (96 0.77) (99 -0.229) (100 0.277) (110 0.222) 
     0.66187   (114 -0.386) (115 -0.343) (126 0.58) (135 0.395) 
     0.60469   (113 0.503) (114 0.639) (126 0.298) 
     0.59796   (109 -0.589) (112 0.335) (113 -0.311) (115 0.344) 
     0.58031   (109 0.678) (112 0.393) (113 -0.293) 
     0.57698   (122 -0.333) (123 0.362) (128 0.516) 
     0.57525   (123 -0.343) (125 -0.675) (126 -0.303) (128 0.426) 
     0.56293   (120 0.452) (121 -0.487) (122 0.453) 
     0.56146   (118 0.396) (120 -0.656) (122 0.329) 
     0.51425   (117 -0.314) (118 -0.314) (121 0.464) (123 -0.425) (127 -0.379) 
     0.47506   (117 0.355) (118 0.56) (122 -0.331) (126 0.326) (135 -0.332) 
     0.44609   (117 -0.366) (118 -0.365) (135 -0.378) 
     0.39441   (91 -0.954) 
     0.33017   (121 0.29) (122 0.336) (124 0.331) (127 0.505) (135 -0.411) 
     0.31993   (93 0.916) (103 0.213) 
     0.30754   (93 -0.324) (103 0.666) (104 0.436) (105 -0.293) 
     0.27585   (102 -0.813) (103 -0.246) 
     0.25503   (98 -0.498) (124 -0.299) 
     0.23958   (86 0.651) (98 0.318) 
     0.23029   (78 -0.377) (79 0.445) (98 0.572) 
     0.22425   (78 0.388) (79 -0.399) (86 -0.61) 
     0.17665   (98 -0.392) (111 0.599) 
     0.15063   (89 0.594) (90 -0.605) (94 -0.323) 
     0.14484   (94 -0.373) (97 -0.551) (108 -0.344) 
     0.13258   (85 0.309) (94 0.623) 
     0.12684   (85 -0.878) (97 0.227) 
     0.11642   (88 -0.366) (89 -0.438) (90 -0.389) 
     0.10649   (71 0.391) (78 -0.307) (80 0.596) (82 -0.344) (84 0.294) 
     0.10287   (76 -0.277) (77 -0.289) (84 0.312) (87 -0.289) (97 0.311) 
    0.098306   (67 -0.347) (72 0.345) (76 0.279) 
    0.095654   (59 -0.645) (62 -0.219) (67 0.229) (82 0.214) (84 -0.226) 
    0.094188   (59 0.593) (67 0.352) (72 -0.308) 
    0.089224   (59 -0.308) (67 -0.32) (97 -0.306) 
    0.084307   (62 -0.424) (63 -0.41) (72 0.362) 
    0.078208   (62 0.421) (63 0.399) (67 0.405) 
     0.07435   (61 0.326) (65 -0.64) 
    0.073525   (61 -0.799) (72 -0.325) 
    0.071449   (61 0.463) (65 0.48) (67 -0.307) 
    0.067704   (67 0.24) (72 0.36) (76 -0.226) (82 0.23) (111 0.223) (116 -0.213) (117 0.342) 
    0.062134   (75 -0.276) (76 0.316) (82 -0.265) 
    0.059626   (64 -0.587) (70 0.331) (82 -0.308) 
    0.056946   (64 0.626) (87 0.288) 
     0.05567   (64 -0.356) (66 0.303) (70 -0.514) (76 -0.309) 
    0.054348   (66 -0.397) (75 -0.347) (82 0.32) 
    0.051981   (66 0.523) (76 0.324) (101 -0.295) 
     0.04887   (66 -0.534) (70 -0.32) 
    0.046526   (82 -0.335) (84 -0.361) (87 -0.363) (119 0.328) 
     0.04466   (34 -0.219) (35 0.903) 
    0.042711   (35 -0.334) (49 -0.554) (50 0.4) (51 -0.291) (52 -0.366) 
    0.042386   (77 -0.414) (87 0.238) (92 0.313) (99 -0.246) (119 0.406) 
    0.039878   (54 -0.355) (55 -0.373) (77 0.372) 
    0.033648   (49 -0.264) (51 0.295) (54 0.424) (55 0.318) (77 0.369) 
    0.032231   (32 -0.801) (41 0.428) 
    0.029446   (32 0.483) (41 0.559) (58 -0.303) 
    0.028479   (37 0.452) (41 -0.441) (92 -0.452) 
    0.027887   (37 -0.813) (41 -0.303) 
    0.024744   (37 0.273) (41 0.301) (50 -0.305) (58 0.477) (92 -0.315) 
    0.022618   (130 -0.875) 
    0.021444   (129 0.578) (160 -0.809) 
    0.020424   (129 0.577) (160 0.314) (161 0.754) 
    0.020143   (129 0.577) (160 0.496) (161 -0.649) 
    0.017562   (14 -0.979) 
    0.016182   (141 -0.999) 
