 1 46377.6
 2 614.466
 3 28.1152
 4 175670
 5 506.264
 6 327.579
 7 458690
 8 38.9051
 9 12302.7
 10 2513.32
 11 3.92989
 12 1622.18
 13 307384
 14 4241.31
 15 0.84399
 16 309980
 17 3684.09
 18 8.95766
 19 118465
 20 2046.81
 21 390.513
 22 164596
 23 3236.25
 24 146.025
 25 266.001
 26 324.447
 27 22.6113
 28 2902.55
 29 247.674
 30 311.049
 31 515.696
 32 72.9448
 33 1003.5
 34 222.688
 35 158.737
 36 413.404
 37 1530.98
 38 2950.53
 39 7.90823
 40 981.802
 41 4318.94
 42 2.12838
 43 675.208
 44 1462.42
 45 29.1835
 46 15232.8
 47 936.431
 48 1974.03
 49 1834.83
 50 189.585
 51 316.96
 52 202.884
 53 2906.94
 54 307.538
 55 213.74
 56 315.7
 57 912.602
 58 88.0232
 59 132.476
 60 201.817
 61 22.5458
 62 1.82952
 63 464.323
 64 327.166
 65 1.66874
 66 493.132
 67 2994.67
 68 276.641
 69 162475
 70 170724
 71 2213.95
 72 228.874
 73 17688.3
 74 24.338
 75 13712.3
 76 8351.47
 77 5.50817
 78 1846.25
 79 8852.73
 80 52.5783
 81 2679.86
 82 1558.88
 83 233.189
 84 3.0677
 85 137.393
 86 3.21156
 87 4699.5
 88 1.71077
 89 1.63853
 90 1.90617
 91 10.2599
 92 497.456
 93 1709.04
 94 1665.75
 95 2711.73
 96 2467.75
 97 319.055
 98 347.058
 99 127.672
 100 1129.09
 101 1555.11
 102 132.012
 103 153.164
 104 136.618
 105 135.671
 106 161.455
 107 166.817
 108 172.302
 109 129.598
 110 101.036
 111 185.106
 112 205.618
 113 191.908
 114 175.374
 115 185.284
 116 150.827
 117 174.5
 118 196.317
 119 157.131
 120 89.0051
 121 124.523
 122 49.3024
 123 68.6934
 124 38.5448
 125 29.8655
 126 52.4698
 127 27.393
 128 91.6592
 129 66.1728
 130 62.3377
 131 20.3129
 132 21.1129
 133 22.7589
 134 36.4036
 135 8.7167
 136 47.0354
 137 9.83654
 138 9.18594
 139 9.21416
 140 10.8016
 141 11.1748
 142 8.9025
 143 9.40869
 144 15.2426
 145 15.261
 146 12.6581
 147 10.3407
 148 29.598
 149 16.4457
 150 12.0232
 151 13.8558
 152 23.9374
 153 21.5647
 154 13.5546
 155 20.1354
 156 24.3502
 157 46.7797
 158 0.162044
 159 0.143579
 160 0.493798
 161 25.7073
 162 26.5246
 163 1104.48
 164 1453.51
 165 7.21874
