 1 31.6228
 2 21.3902
 3 1.93726
 4 31.6228
 5 16.112
 6 10.8386
 7 31.6196
 8 1.03532
 9 31.4107
 10 29.8309
 11 0.982909
 12 27.7405
 13 31.6228
 14 31.5858
 15 0.90409
 16 31.6228
 17 31.5376
 18 1.00292
 19 31.6228
 20 26.679
 21 6.00561
 22 31.6228
 23 30.2742
 24 2.35337
 25 15.2764
 26 14.9102
 27 1.97268
 28 31.3602
 29 9.80956
 30 12.1006
 31 21.7563
 32 2.94201
 33 27.3382
 34 14.4673
 35 6.99329
 36 16.3173
 37 31.4201
 38 31.553
 39 1.38703
 40 24.4823
 41 31.1094
 42 1.29516
 43 21.7707
 44 28.8541
 45 1.90803
 46 31.5869
 47 10.1952
 48 23.1283
 49 30.6016
 50 13.0734
 51 13.7266
 52 9.30548
 53 30.6995
 54 16.3205
 55 9.01045
 56 12.0958
 57 29.1458
 58 8.6497
 59 8.37714
 60 11.2282
 61 4.41259
 62 1.34014
 63 20.666
 64 16.595
 65 0.968176
 66 21.0075
 67 29.2579
 68 3.91223
 69 31.6142
 70 31.6228
 71 28.7789
 72 4.34295
 73 31.6146
 74 1.36196
 75 31.5647
 76 31.3405
 77 1.37004
 78 29.5071
 79 31.6018
 80 1.87098
 81 31.0976
 82 31.4161
 83 14.1818
 84 1.4188
 85 10.1267
 86 1.45209
 87 31.3652
 88 1.09553
 89 1.04125
 90 1.24367
 91 2.45669
 92 17.8672
 93 26.9875
 94 26.4687
 95 30.1595
 96 30.6221
 97 15.8951
 98 16.4991
 99 8.82132
 100 29.4778
 101 30.8144
 102 10.2877
 103 11.5214
 104 10.8386
 105 10.9523
 106 12.2543
 107 12.3817
 108 12.5265
 109 10.4064
 110 8.42318
 111 12.868
 112 13.9732
 113 13.4223
 114 12.654
 115 12.7991
 116 11.0702
 117 12.3053
 118 13.3044
 119 11.7127
 120 8.53689
 121 10.7294
 122 6.71148
 123 7.74584
 124 5.5295
 125 5.08893
 126 6.88934
 127 4.4691
 128 8.85095
 129 7.19561
 130 7.24586
 131 4.05416
 132 4.43518
 133 4.57642
 134 5.83914
 135 2.61377
 136 6.74614
 137 2.82785
 138 2.77422
 139 2.78127
 140 3.02844
 141 2.96206
 142 2.63461
 143 2.7489
 144 3.6757
 145 3.72615
 146 3.32689
 147 2.85446
 148 5.16675
 149 3.79772
 150 3.20849
 151 3.45195
 152 4.72174
 153 4.42407
 154 3.4897
 155 4.36092
 156 4.81237
 157 6.74758
 158 0.128186
 159 0.285495
 160 0.271527
 161 3.74227
 162 4.40228
 163 17.3364
 164 25.5233
 165 0.547137
