 1 1000
 2 484.697
 3 22.3491
 4 1000
 5 406.781
 6 263.268
 7 999.849
 8 3.92256
 9 991.382
 10 898.668
 11 2.31446
 12 782.236
 13 1000
 14 998.083
 15 0.823259
 16 1000
 17 996.938
 18 3.05975
 19 1000
 20 836.671
 21 160.246
 22 1000
 23 955.391
 24 43.8351
 25 245.294
 26 253.581
 27 17.7814
 28 986.61
 29 194.973
 30 246.248
 31 496.372
 32 59.7651
 33 818.023
 34 215.809
 35 139.194
 36 360.443
 37 988.616
 38 997.479
 39 3.73435
 40 613.823
 41 971.696
 42 1.77522
 43 498.758
 44 865.474
 45 17.6455
 46 998.663
 47 285.186
 48 716.055
 49 949.116
 50 185.643
 51 267.931
 52 171.712
 53 953.945
 54 273.391
 55 159.771
 56 230.292
 57 885.245
 58 87.1459
 59 128.826
 60 194.77
 61 22.3724
 62 1.82794
 63 441.485
 64 321.933
 65 1.66021
 66 485.53
 67 921.437
 68 80.6759
 69 999.701
 70 1000
 71 904.906
 72 94.783
 73 999.628
 74 3.19934
 75 997.911
 76 983.532
 77 3.27755
 78 876.513
 79 999.112
 80 17.1111
 81 981.733
 82 990.139
 83 216.314
 84 2.94598
 85 108.004
 86 2.83866
 87 988.885
 88 1.71052
 89 1.63851
 90 1.90584
 91 9.22704
 92 436.236
 93 814.12
 94 787.787
 95 940.233
 96 959.092
 97 301.559
 98 330.71
 99 125.747
 100 908.941
 101 966.358
 102 127.798
 103 149.907
 104 135.28
 105 134.725
 106 160.783
 107 166.115
 108 171.406
 109 128.456
 110 99.0817
 111 183.968
 112 204.62
 113 191.137
 114 174.839
 115 184.743
 116 149.852
 117 173.9
 118 195.762
 119 155.792
 120 86.6374
 121 123.884
 122 48.2187
 123 62.9336
 124 37.4297
 125 28.9866
 126 51.9096
 127 25.7299
 128 89.0316
 129 64.9975
 130 61.4961
 131 19.9495
 132 20.8139
 133 22.3745
 134 35.3798
 135 8.42539
 136 46.6264
 137 9.47524
 138 8.84251
 139 8.86658
 140 10.249
 141 10.468
 142 8.42116
 143 8.96654
 144 14.8088
 145 14.9253
 146 12.2985
 147 9.84932
 148 28.8253
 149 15.9355
 150 11.7013
 151 13.4952
 152 23.4467
 153 20.7493
 154 13.1436
 155 19.8104
 156 24.0882
 157 46.4879
 158 0.129207
 159 0.137496
 160 0.387334
 161 21.7666
 162 24.5102
 163 382.766
 164 715.438
 165 6.53414
