 Smallest eigenvalues
  2.1325e-06   (9 -1) 
   3.226e-06   (51 0.616) (48 -0.557) (154 -0.205) (49 -0.202) (52 -0.19) (44 -0.169) (55 -0.162) (50 0.138) (14 0.124) (47 -0.113) (78 0.106) (37 -0.098) (54 0.0896) (53 0.0862) (77 -0.0765) (38 0.0735) (42 0.0676) (46 0.0674) (27 0.0659) (40 0.0642) (56 0.0583) (43 0.0547) (68 0.0433) (70 0.0391) (60 -0.0322) (61 0.031) (67 -0.029) (39 -0.0286) (76 0.0279) (36 0.0263) (35 -0.0262) (41 0.0249) (33 0.0231) (17 0.0221) (65 -0.0219) (63 -0.021) (32 -0.0208) (23 0.0204) (69 -0.0195) (71 -0.0177) (64 0.0164) (30 -0.0163) (75 0.0163) (45 0.0162) (26 0.0162) (19 -0.015) (80 0.0142) (25 -0.0141) (84 0.0137) (28 0.0133) (88 0.0131) (57 -0.013) (74 -0.012) (16 -0.0119) (66 0.0117) (11 -0.0106) 
  3.2533e-06   (154 -0.979) (51 -0.129) (48 0.117) (49 0.0424) (52 0.0398) (44 0.0354) (55 0.0338) (50 -0.0289) (14 -0.0262) (47 0.0238) (78 -0.0219) (37 0.0206) (54 -0.0187) (53 -0.018) (77 0.0158) (38 -0.0155) (42 -0.0142) (46 -0.0141) (27 -0.0139) (40 -0.0135) (56 -0.0122) (43 -0.0115) 
  5.6925e-06   (4 -1) 
  5.8574e-06   (149 0.626) (47 0.572) (44 -0.341) (46 0.233) (45 -0.179) (37 -0.123) (14 0.104) (48 0.0954) (38 0.0789) (27 0.0676) (43 0.0646) (77 -0.0561) (40 0.0557) (42 0.0541) (78 0.0537) (39 -0.0511) (51 -0.0496) (49 -0.045) (53 -0.0314) (35 -0.0275) (56 0.0262) (52 -0.0261) (28 0.0248) (70 0.0234) (36 0.0224) (60 -0.0198) (41 -0.0192) (17 0.0185) (33 0.0176) (19 -0.0171) (16 -0.0165) (25 -0.0154) (23 0.0146) (54 0.0143) (32 -0.0126) (68 0.012) (31 0.0113) (73 -0.0102) 
  6.0755e-06   (149 0.779) (47 -0.459) (44 0.274) (46 -0.187) (45 0.144) (37 0.0991) (14 -0.0839) (48 -0.0767) (38 -0.0635) (27 -0.0543) (43 -0.0519) (77 0.045) (40 -0.0448) (42 -0.0435) (78 -0.0431) (39 0.0411) (51 0.0399) (49 0.0361) (53 0.0253) (35 0.0221) (56 -0.0211) (52 0.021) (28 -0.0199) (70 -0.0188) (36 -0.018) (60 0.0159) (41 0.0155) (17 -0.0149) (33 -0.0141) (19 0.0137) (16 0.0132) (25 0.0124) (23 -0.0117) (54 -0.0115) (32 0.0101) 
  6.1522e-06   (1 -0.989) (31 0.0902) (32 -0.0652) (37 0.0537) (27 0.0511) (28 0.0383) (35 0.0289) (14 0.0172) (38 -0.017) (30 0.013) (29 0.0125) 
  8.4413e-06   (155 -0.998) (31 0.0326) (32 -0.0234) (27 0.0196) (37 0.0187) (28 0.0139) (14 0.0121) (35 0.0103) 
  2.1562e-05   (31 -0.589) (32 0.423) (27 -0.353) (37 -0.338) (28 -0.25) (14 -0.217) (35 -0.185) (1 -0.147) (38 0.102) (30 -0.0875) (29 -0.0796) (19 0.0722) (23 -0.0637) (33 0.0619) (25 0.0617) (16 0.06) (155 -0.0553) (36 0.0484) (43 0.0474) (34 -0.0454) (22 -0.0408) (77 0.0398) (44 -0.0396) (78 -0.0373) (17 -0.0362) (39 -0.0348) (15 0.0276) (40 0.0264) (11 0.0226) (20 0.0203) (49 0.0199) (48 -0.0183) (51 0.0183) (70 -0.0166) (56 -0.0159) (60 0.0155) (53 0.0144) (42 0.0141) (54 -0.0122) (75 0.0115) (57 -0.0114) (26 -0.0111) (18 0.011) (41 0.0105) (80 -0.0104) (73 0.0103) 
  3.7101e-05   (18 0.603) (46 -0.399) (20 -0.313) (22 -0.308) (45 0.285) (23 0.258) (19 0.211) (44 -0.186) (42 0.115) (21 -0.0749) (47 0.0627) (37 -0.0577) (48 0.0554) (38 0.0466) (27 0.0465) (43 0.0461) (78 0.044) (17 0.0426) (36 0.0412) (30 -0.0407) (29 0.0384) (15 -0.038) (16 -0.0358) (26 0.0318) (40 0.0307) (77 -0.0288) (31 0.0276) (14 0.0275) (34 -0.0274) (51 -0.0238) (53 -0.0236) (35 -0.023) (68 0.0193) (32 -0.0193) (71 -0.0191) (74 -0.0182) (25 0.0175) (61 0.0159) (50 0.0153) (62 0.015) (70 0.0148) (79 0.014) (66 -0.0135) (73 0.0131) (56 0.0123) (60 -0.0105) 
   6.075e-05   (158 -0.999) (46 -0.0249) (18 -0.0185) (45 0.0173) (44 -0.0107) 
  0.00010343   (46 0.589) (18 0.419) (45 -0.411) (44 0.253) (22 -0.213) (20 -0.179) (19 0.174) (23 0.147) (37 0.134) (48 -0.114) (14 -0.111) (42 -0.0984) (38 -0.0818) (40 -0.0806) (43 -0.0747) (47 -0.0703) (27 -0.0693) (39 0.0648) (77 0.0641) (78 -0.0601) (41 -0.0464) (21 -0.0432) (158 -0.0427) (51 0.0372) (49 0.0367) (25 0.035) (28 -0.0349) (56 -0.033) (68 -0.0305) (30 -0.0293) (34 -0.0288) (35 0.0266) (70 -0.0261) (53 0.0245) (26 0.0231) (54 -0.0218) (67 0.0215) (71 0.0203) (74 0.018) (15 -0.0159) (60 0.0153) (61 -0.0152) (80 -0.0148) (36 -0.0131) (62 -0.0126) (81 0.0125) (65 0.0119) (17 0.011) (50 -0.0109) (11 0.0108) (57 -0.0107) 
  0.00010769   (3 -1) 
  0.00012962   (19 0.61) (14 0.454) (17 0.346) (23 -0.329) (27 -0.254) (20 -0.223) (18 -0.167) (21 -0.0889) (25 0.0823) (22 0.0796) (33 -0.0665) (24 -0.0644) (37 0.0615) (38 -0.0556) (44 0.0487) (30 0.0444) (28 -0.0396) (36 -0.0317) (26 -0.0308) (32 0.0286) (47 0.0275) (35 0.0253) (11 -0.025) (40 -0.0242) (31 0.0237) (46 -0.0219) (12 -0.0208) (15 0.0196) (34 0.0179) (42 -0.0161) (77 -0.015) (13 0.0124) (78 0.0123) (29 0.012) (39 0.0112) (57 -0.0104) (52 -0.01) 
   0.0002076   (159 1) 
  0.00021983   (2 1) 
  0.00024466   (22 -0.58) (19 -0.498) (14 0.32) (23 -0.3) (27 -0.285) (17 0.232) (20 0.192) (18 0.105) (25 0.102) (21 0.0777) (16 -0.0697) (37 0.0657) (24 0.0486) (157 0.0468) (38 -0.0355) (32 0.0308) (35 0.0299) (33 -0.0271) (36 -0.0263) (44 0.0263) (26 0.0257) (29 0.0236) (31 0.0204) (15 -0.0203) (11 -0.0188) (30 0.0184) (40 -0.0174) (28 -0.0153) (39 0.0151) (77 -0.015) (12 -0.0147) (46 -0.0125) (43 -0.0114) (47 0.0104) (78 0.0103) (13 0.01) 
  0.00028851   (157 0.999) (22 0.0271) (19 0.0233) (14 -0.015) (23 0.014) (27 0.0133) (17 -0.0108) 
  0.00029826   (8 -1) 
  0.00030837   (28 -0.763) (150 -0.4) (27 0.337) (29 0.176) (14 0.16) (37 0.157) (26 0.132) (32 0.0951) (35 0.0688) (22 0.0643) (48 0.0559) (17 0.0545) (19 -0.0523) (38 -0.0494) (16 -0.0454) (31 -0.0448) (25 -0.0387) (18 0.038) (20 0.035) (51 0.0319) (39 0.0318) (15 -0.0277) (33 0.0248) (42 -0.0238) (49 0.0223) (43 -0.0213) (36 -0.021) (75 0.0202) (78 0.0185) (23 0.0167) (40 -0.0151) (34 0.013) (11 -0.0127) (77 -0.0118) (68 0.0116) (30 -0.0106) 
  0.00031091   (150 -0.917) (28 0.333) (27 -0.147) (29 -0.0769) (14 -0.0696) (37 -0.0684) (26 -0.0574) (32 -0.0415) (35 -0.03) (22 -0.0281) (48 -0.0244) (17 -0.0238) (19 0.0228) (38 0.0215) (16 0.0198) (31 0.0195) (25 0.0169) (18 -0.0166) (20 -0.0153) (51 -0.0139) (39 -0.0138) (15 0.0121) (33 -0.0108) (42 0.0104) 
  0.00031442   (6 -1) 
  0.00032181   (23 0.5) (22 0.448) (27 -0.427) (24 -0.282) (19 -0.276) (14 0.258) (153 -0.207) (17 0.154) (25 0.128) (18 0.127) (26 -0.116) (37 0.0969) (16 -0.0794) (15 -0.0534) (35 0.052) (39 0.048) (32 0.0373) (33 0.036) (38 -0.03) (29 0.0256) (43 -0.0256) (28 -0.0252) (48 0.0214) (78 0.018) (77 -0.0169) (36 -0.0165) (73 -0.0164) (30 -0.0161) (20 0.0144) (11 -0.0136) (34 -0.0132) (56 0.0121) (52 0.0114) (47 0.0108) (40 -0.0104) (75 0.0103) (31 -0.0101) 
  0.00033424   (153 -0.978) (23 -0.106) (22 -0.0948) (27 0.0903) (24 0.0596) (19 0.0584) (14 -0.0547) (17 -0.0326) (25 -0.0272) (18 -0.0268) (26 0.0245) (37 -0.0205) (16 0.0168) (15 0.0113) (35 -0.011) (39 -0.0101) 
  0.00033898   (57 0.496) (73 -0.491) (70 0.434) (74 -0.266) (60 0.209) (67 0.201) (52 0.166) (44 -0.139) (77 0.135) (68 -0.119) (69 0.119) (78 -0.102) (56 0.0881) (61 -0.0808) (47 -0.0782) (66 -0.0646) (33 0.0643) (65 -0.0613) (76 -0.0502) (46 0.0465) (63 0.0456) (64 -0.044) (37 0.0377) (54 0.0374) (50 0.0371) (42 0.0362) (40 0.0358) (75 0.0353) (79 0.0325) (16 0.0325) (34 -0.0311) (43 -0.0298) (19 0.0284) (38 0.0261) (51 0.026) (22 -0.0256) (59 -0.0235) (15 0.0227) (62 -0.0226) (14 0.0223) (30 -0.0202) (71 -0.0189) (88 0.0187) (123 -0.0186) (20 0.0179) (18 -0.0177) (126 0.0176) (39 0.0175) (124 0.0173) (121 0.0171) (72 -0.0156) (27 -0.015) (109 0.0147) (36 -0.0144) (84 0.0139) (23 0.0138) (120 0.0137) (48 0.0133) (35 0.0133) (152 -0.013) (104 0.0128) (100 0.0124) (91 0.0124) (89 -0.0118) (80 -0.0115) (106 -0.0107) (55 0.0105) (129 -0.0104) (101 0.0103) 
  0.00035561   (73 0.618) (57 0.407) (74 0.268) (67 0.266) (152 -0.244) (68 -0.196) (44 -0.187) (52 0.137) (47 -0.125) (60 0.124) (70 -0.113) (69 0.11) (49 0.104) (71 0.0886) (56 0.0866) (14 0.0853) (33 0.0822) (72 -0.0784) (66 -0.0768) (46 0.0715) (55 0.0687) (61 -0.0599) (63 0.0575) (65 -0.057) (38 0.0544) (64 -0.0526) (39 0.0519) (40 0.0458) (42 0.0376) (34 -0.0358) (48 -0.034) (43 -0.0338) (120 0.033) (16 0.0324) (30 -0.0299) (53 -0.0298) (23 0.0282) (79 -0.0266) (75 -0.0261) (59 -0.024) (121 -0.0231) (77 -0.0229) (18 -0.0222) (84 0.0221) (15 0.0218) (32 -0.0214) (62 -0.0212) (20 0.0197) (19 0.0186) (124 0.0176) (119 -0.0174) (129 -0.0172) (24 0.0168) (78 0.0153) (88 0.0144) (125 -0.0127) (122 0.0125) (76 0.0123) (17 0.0119) (131 -0.0119) (89 -0.0117) (37 -0.0109) (145 0.0109) (80 0.0108) 
   0.0003769   (152 -0.97) (73 -0.149) (57 -0.11) (67 -0.0694) (74 -0.0638) (68 0.0507) (44 0.0496) (52 -0.037) (60 -0.0339) (47 0.0328) (69 -0.029) (49 -0.0262) (56 -0.0231) (70 0.0227) (14 -0.022) (71 -0.0219) (33 -0.0219) (66 0.0201) (72 0.0198) (46 -0.0188) (55 -0.0175) (61 0.0162) (65 0.0151) (63 -0.0151) (38 -0.0142) (64 0.0138) (39 -0.0134) (40 -0.0122) (145 0.0107) (42 -0.0101) 
  0.00045152   (25 -0.941) (24 -0.229) (27 -0.152) (54 -0.0888) (22 -0.0731) (26 -0.0662) (52 0.0612) (56 -0.0506) (53 -0.0483) (14 0.0472) (57 -0.0339) (49 0.033) (47 -0.0307) (16 -0.0298) (44 -0.029) (55 -0.0262) (28 -0.0241) (33 0.0218) (39 0.0204) (17 0.0192) (30 -0.0159) (46 0.0152) (31 -0.015) (15 -0.0147) (78 0.0125) (48 -0.0119) (77 -0.0118) (60 -0.0118) (23 -0.0116) 
  0.00048298   (147 0.748) (54 -0.388) (52 0.293) (56 -0.233) (53 -0.184) (44 -0.147) (57 -0.131) (55 -0.118) (49 0.111) (47 -0.109) (25 0.0928) (14 0.0596) (46 0.0591) (48 -0.05) (33 0.0476) (60 -0.0466) (51 0.0422) (38 0.0395) (73 -0.0377) (24 0.0365) (27 0.0362) (40 0.0329) (42 0.0326) (37 -0.0277) (70 0.0277) (78 0.0239) (77 -0.0238) (50 -0.0225) (34 -0.0218) (16 0.0164) (67 -0.0163) (61 0.0157) (43 -0.0155) (68 0.0145) (28 0.0142) (39 0.0132) (23 0.0131) (32 -0.0127) (72 0.0125) (120 0.0124) (30 -0.0123) (18 -0.0116) (15 0.0114) 
  0.00050161   (147 0.664) (54 0.437) (52 -0.33) (56 0.263) (53 0.208) (44 0.166) (57 0.148) (55 0.132) (49 -0.125) (47 0.123) (25 -0.0995) (14 -0.0674) (46 -0.0667) (48 0.0564) (33 -0.0538) (60 0.0525) (51 -0.0475) (38 -0.0446) (73 0.0425) (27 -0.04) (24 -0.0399) (40 -0.037) (42 -0.0367) (37 0.0312) (70 -0.0312) (78 -0.0269) (77 0.0268) (50 0.0253) (34 0.0246) (67 0.0184) (16 -0.0183) (61 -0.0177) (43 0.0175) (68 -0.0163) (28 -0.0159) (39 -0.0149) (23 -0.0147) (32 0.0144) (72 -0.014) (30 0.014) (120 -0.0138) (18 0.0131) (15 -0.0128) (20 -0.011) 
  0.00050365   (53 0.685) (55 0.438) (39 -0.372) (52 0.267) (57 -0.16) (44 -0.153) (54 -0.115) (40 0.111) (37 0.103) (47 -0.077) (49 0.075) (42 0.0692) (41 -0.0612) (60 -0.0608) (38 -0.0573) (56 0.0572) (46 0.0524) (48 -0.047) (70 0.0408) (78 0.0383) (77 -0.0357) (50 -0.0236) (36 -0.0224) (151 -0.0191) (61 0.0186) (27 -0.0179) (73 -0.0163) (35 0.0158) (72 0.0127) (69 0.0123) (19 0.0121) (22 -0.0115) 
  0.00051188   (151 -0.967) (39 0.204) (37 -0.0707) (53 0.0674) (38 0.0496) (55 0.0471) (40 -0.0452) (52 0.0325) (41 0.0274) (14 0.0264) (33 0.0261) (27 0.0213) (44 0.0187) (42 -0.0181) (57 -0.0177) (49 -0.0141) (34 -0.013) (43 -0.0109) (78 0.0105) (73 -0.0104) (77 -0.0103) (56 0.0103) 
  0.00055976   (39 -0.752) (53 -0.309) (37 0.262) (151 -0.253) (55 -0.213) (38 -0.185) (40 0.164) (52 -0.145) (14 -0.101) (41 -0.1) (33 -0.0995) (27 -0.0798) (57 0.0793) (42 0.0638) (44 -0.0597) (34 0.0496) (49 0.0485) (56 -0.0435) (78 -0.0431) (77 0.042) (73 0.0413) (43 0.041) (54 0.0396) (35 0.0368) (60 0.0357) (24 -0.0353) (48 -0.0326) (28 -0.0309) (70 -0.0308) (36 -0.0285) (31 -0.0281) (32 0.0263) (51 -0.0231) (72 -0.0191) (68 -0.0181) (47 -0.0164) (18 0.0163) (67 0.0156) (23 -0.0155) (50 -0.0149) (45 0.0127) (61 -0.0115) 
  0.00056623   (70 -0.807) (57 0.282) (73 -0.281) (72 0.231) (69 -0.165) (52 0.157) (49 -0.135) (60 0.091) (74 -0.0899) (71 -0.0726) (51 0.0719) (76 -0.0651) (48 0.0631) (50 0.0613) (68 0.0578) (75 0.0533) (44 -0.051) (65 -0.0472) (54 -0.0373) (33 0.0349) (61 -0.0339) (78 0.0333) (148 0.033) (55 0.0319) (84 0.0281) (37 0.026) (56 0.0248) (40 0.0241) (124 0.0235) (42 0.0214) (22 -0.0195) (16 0.0192) (43 -0.0188) (19 0.0185) (47 -0.018) (67 -0.0177) (34 -0.0174) (88 0.0172) (46 0.0148) (129 -0.0145) (126 0.0143) (79 -0.0132) (38 0.0119) (36 -0.0119) (53 0.0118) (90 0.0111) (15 0.0107) (39 -0.0104) (14 0.0102) 
  0.00061326   (148 0.851) (49 0.363) (51 -0.149) (52 -0.147) (48 -0.143) (50 -0.124) (44 -0.122) (54 0.121) (47 -0.0895) (73 -0.073) (46 0.0508) (14 0.0471) (39 0.0421) (70 -0.0377) (72 0.0345) (38 0.0326) (33 0.0325) (67 -0.0318) (37 -0.0318) (68 0.0316) (78 0.0281) (77 -0.0266) (55 -0.0213) (69 -0.0203) (27 0.0201) (45 0.0187) (74 -0.0179) (71 -0.0176) (53 0.0175) (42 0.0168) (40 0.0163) (57 -0.0147) (24 0.0146) (34 -0.0136) (23 0.0124) (32 -0.0117) (30 -0.0101) 
  0.00065926   (49 -0.582) (148 0.524) (51 0.238) (52 0.229) (48 0.228) (44 0.202) (50 0.197) (54 -0.194) (47 0.147) (73 0.137) (70 0.112) (46 -0.0837) (14 -0.0773) (72 -0.0708) (39 -0.0678) (68 -0.0553) (33 -0.0552) (38 -0.0538) (67 0.053) (37 0.0499) (78 -0.0478) (69 0.0436) (77 0.0432) (74 0.0348) (71 0.0332) (55 0.0326) (27 -0.0322) (45 -0.03) (53 -0.0293) (42 -0.0289) (40 -0.0283) (24 -0.0239) (34 0.0233) (23 -0.0208) (32 0.0193) (30 0.0171) (16 -0.0157) (79 0.0155) (18 0.0143) (75 -0.013) (56 -0.013) (63 0.0125) (76 0.0124) (20 -0.0113) (120 -0.011) (64 -0.0107) 
  0.00071975   (38 0.809) (37 0.313) (24 0.202) (23 0.183) (39 -0.16) (44 0.151) (40 -0.129) (33 0.116) (20 0.106) (19 0.101) (36 -0.0948) (22 -0.091) (18 -0.0839) (16 0.0813) (43 0.0765) (42 -0.0742) (14 0.0683) (27 -0.0657) (34 -0.0618) (47 0.0548) (35 0.051) (15 0.051) (52 -0.0439) (21 0.0402) (25 -0.0401) (57 -0.0345) (46 -0.0337) (30 -0.0195) (26 -0.0192) (56 -0.0168) (31 -0.0153) (17 0.012) 
      0.0008   (24 0.58) (23 0.496) (38 -0.306) (20 0.243) (33 -0.229) (18 -0.174) (19 0.174) (14 0.171) (22 -0.161) (25 -0.126) (37 -0.111) (16 0.11) (34 0.103) (30 0.0973) (21 0.0955) (27 -0.0847) (15 0.071) (26 -0.0569) (32 0.0538) (142 -0.044) (17 0.0411) (36 0.0365) (35 -0.0338) (44 0.0268) (28 -0.0256) (49 -0.015) (40 0.0136) (11 -0.0128) (39 0.0121) (47 0.0119) (29 -0.0117) (12 -0.0113) 
  0.00092199   (142 -0.998) (145 -0.0419) (24 -0.0268) (146 0.0246) (23 -0.023) (141 -0.0132) (140 0.0129) (20 -0.0114) 
  0.00098111   (44 -0.422) (52 -0.411) (47 -0.407) (49 -0.346) (48 0.338) (16 0.239) (46 0.169) (51 -0.159) (57 -0.144) (43 -0.129) (50 0.124) (56 -0.106) (14 0.105) (17 -0.104) (15 0.101) (33 0.0893) (37 0.0841) (39 0.0694) (40 0.0679) (53 0.0587) (42 0.0584) (34 -0.0442) (27 -0.0419) (77 0.0401) (54 -0.0349) (78 -0.0343) (60 -0.0334) (36 -0.0285) (35 0.0269) (38 0.0251) (30 -0.025) (45 -0.0219) (22 -0.0166) (31 -0.0153) (19 0.0148) (65 0.0147) (41 0.0145) (74 -0.0133) (68 -0.0131) (84 0.013) (18 0.013) (55 -0.0128) (61 0.0114) (23 -0.0108) (120 0.0104) 
   0.0010105   (16 0.705) (17 -0.405) (14 0.295) (15 0.273) (44 0.161) (18 0.158) (47 0.128) (19 -0.124) (33 -0.115) (20 -0.11) (23 -0.108) (52 0.091) (48 -0.0822) (49 0.0789) (22 0.0768) (24 -0.0749) (46 -0.0589) (34 0.0517) (30 0.0497) (43 0.0451) (39 -0.0398) (51 0.0369) (40 -0.0338) (21 -0.0336) (50 -0.0328) (38 -0.0325) (42 -0.0318) (57 0.0267) (32 0.0248) (56 0.0225) (27 -0.0215) (37 -0.0207) (12 -0.019) (28 -0.0187) (11 -0.0165) (35 -0.0147) (13 0.0127) (31 0.0123) (53 -0.0112) (77 -0.0109) 
   0.0010819   (146 0.818) (145 0.576) 
   0.0011605   (54 0.682) (52 0.402) (33 0.33) (56 -0.3) (57 -0.226) (34 -0.161) (36 0.147) (53 -0.112) (35 0.0913) (38 -0.0774) (50 0.0763) (30 -0.0687) (39 -0.0569) (16 0.0525) (49 -0.0495) (48 0.0476) (14 0.0465) (51 0.0463) (60 -0.043) (47 -0.0416) (22 -0.0405) (44 -0.0405) (19 0.0399) (32 -0.0398) (15 0.0371) (77 0.0359) (78 -0.0338) (20 0.0338) (18 -0.0335) (24 0.0277) (23 0.0261) (46 0.0243) (68 -0.0231) (67 0.0209) (137 0.018) (71 -0.0144) (73 0.0134) (61 0.0131) (69 0.0126) (72 -0.0121) (21 0.0119) (70 -0.011) (40 -0.0105) (79 0.0104) (43 -0.0101) 
   0.0013578   (33 0.608) (36 0.371) (34 -0.297) (54 -0.296) (52 -0.231) (44 0.21) (38 -0.193) (39 -0.163) (35 0.162) (37 -0.137) (137 0.128) (56 0.12) (30 -0.112) (14 0.107) (40 -0.0825) (32 -0.0783) (47 0.072) (57 0.072) (42 -0.0718) (43 0.0625) (53 0.0536) (46 -0.0505) (16 0.0486) (24 0.0471) (18 -0.0409) (23 0.0396) (20 0.0391) (51 -0.0387) (27 0.0313) (22 -0.0308) (15 0.0308) (50 -0.0305) (19 0.0303) (28 0.0252) (78 0.0182) (77 -0.0182) (41 -0.0174) (17 0.0152) (21 0.0147) (73 -0.0145) (60 0.0144) (70 0.0119) (29 0.0118) 
   0.0015067   (137 0.991) (33 -0.0846) (36 -0.0505) (34 0.0413) (38 0.0262) (44 -0.026) (54 0.0259) (35 -0.0226) (52 0.0223) (39 0.022) (145 -0.0192) (37 0.0177) (30 0.0158) (14 -0.0147) (146 0.0128) (32 0.0109) (40 0.0108) (56 -0.0102) 
   0.0015248   (11 -0.957) (35 -0.256) (33 0.0624) (37 0.06) (30 -0.0541) (36 -0.0459) (32 -0.0391) (14 -0.0362) (38 -0.0351) (133 0.0293) (44 0.0165) (15 0.0132) (40 -0.0113) (71 0.011) (46 -0.0101) 
    0.001623   (133 0.846) (35 -0.448) (11 0.172) (33 0.111) (37 0.0969) (30 -0.0877) (36 -0.0808) (14 0.0676) (32 -0.0667) (38 -0.0566) (27 0.0388) (44 0.0279) (40 -0.0202) (23 0.0141) (21 0.0139) (55 -0.0138) (28 0.0137) (17 0.0137) (46 -0.0132) (42 -0.011) (39 -0.0105) (45 -0.0102) 
   0.0018972   (35 0.727) (133 0.532) (11 -0.222) (33 -0.181) (37 -0.158) (30 0.143) (36 0.131) (32 0.108) (14 -0.106) (38 0.092) (27 -0.0623) (44 -0.0453) (40 0.0328) (23 -0.0228) (21 -0.0224) (55 0.0223) (17 -0.0222) (28 -0.0221) (46 0.0215) (42 0.0179) (39 0.0168) (45 0.0167) (31 0.0141) (47 -0.0134) (53 -0.0122) (34 0.0117) (51 0.0116) (43 0.0116) (48 -0.0107) (25 0.0102) 
   0.0020063   (30 -0.726) (32 -0.484) (34 0.205) (55 -0.196) (31 -0.186) (33 -0.172) (35 0.162) (53 0.135) (28 -0.0851) (37 -0.085) (50 -0.0707) (72 0.0674) (27 -0.0629) (29 -0.0444) (51 -0.0433) (74 0.0392) (52 0.0389) (49 -0.0384) (16 0.0365) (20 0.0272) (18 -0.0267) (42 -0.0264) (68 0.0259) (60 0.0257) (41 0.0242) (56 -0.0239) (71 -0.0221) (47 0.0212) (130 -0.021) (25 0.0208) (78 -0.0202) (48 0.0199) (57 0.0194) (46 -0.0178) (69 0.0173) (40 -0.0172) (19 0.0171) (21 0.0163) (70 0.0156) (44 0.0148) (65 0.0131) (22 -0.0128) (24 0.0126) (73 0.0119) (84 0.0102) 
   0.0021312   (72 0.629) (74 0.373) (68 0.36) (130 -0.27) (78 -0.251) (70 0.196) (67 -0.178) (71 -0.167) (55 0.143) (53 -0.111) (69 0.0966) (60 0.0888) (77 0.0736) (57 0.069) (56 0.0624) (83 -0.0596) (51 0.0575) (80 -0.0562) (62 0.0538) (73 0.0488) (41 0.0465) (40 0.0436) (30 0.0363) (64 0.0338) (33 0.0318) (107 -0.0315) (47 -0.0315) (86 -0.0289) (44 -0.0286) (66 -0.027) (63 -0.0267) (76 -0.0262) (85 -0.0261) (61 0.0243) (48 0.0227) (52 0.022) (46 0.0217) (129 0.0203) (59 0.02) (96 0.0185) (109 -0.0182) (37 0.0178) (89 -0.0172) (32 0.0167) (120 -0.0165) (84 0.0162) (79 0.0161) (87 -0.015) (34 -0.0148) (75 0.0137) (35 -0.0132) (134 -0.0125) (54 0.0117) (16 0.0117) (93 -0.0116) (58 -0.0116) (100 0.011) (124 -0.0105) (104 -0.0101) 
   0.0022179   (130 -0.572) (55 0.551) (53 -0.365) (72 -0.222) (50 0.204) (30 -0.169) (74 -0.138) (32 -0.107) (56 0.0894) (52 -0.0821) (49 0.0805) (71 0.0755) (60 -0.0753) (57 -0.0739) (69 -0.0719) (51 0.0657) (34 0.0565) (78 0.0557) (68 -0.0546) (43 0.0516) (73 -0.0502) (65 -0.0496) (48 -0.0485) (70 -0.0485) (31 -0.0414) (41 0.04) (129 0.0369) (46 0.0366) (54 -0.034) (84 -0.0334) (47 -0.0257) (81 -0.0246) (28 -0.024) (33 -0.0215) (77 -0.0203) (67 0.0201) (88 0.0191) (80 0.0174) (45 0.0171) (27 -0.0165) (124 -0.0156) (120 -0.0151) (14 0.0145) (18 -0.0145) (35 0.0132) (20 0.0128) (134 0.0128) (37 -0.0126) (16 0.0122) (15 0.0118) (90 -0.0116) (107 0.011) (125 -0.0106) (87 0.0101) (66 0.01) 
   0.0023534   (130 -0.77) (55 -0.454) (53 0.306) (50 -0.151) (30 0.132) (56 -0.0878) (32 0.0866) (68 -0.0865) (51 -0.0681) (72 -0.0572) (49 -0.0566) (52 0.052) (67 0.0478) (41 -0.047) (78 0.0465) (134 0.0437) (34 -0.0423) (43 -0.0407) (129 0.0398) (65 0.0354) (46 -0.0344) (31 0.034) (131 0.0338) (70 -0.0332) (57 0.0298) (47 0.0298) (74 -0.0295) (48 0.0273) (60 0.0238) (40 -0.021) (54 0.0208) (83 0.0203) (73 0.0197) (84 0.019) (28 0.0189) (69 0.0189) (27 0.0157) (64 -0.0152) (44 0.0151) (81 0.0148) (16 -0.0143) (85 0.0143) (88 -0.0138) (62 -0.0129) (63 0.0129) (79 -0.0127) (18 0.012) (86 0.0117) (14 -0.0116) (77 -0.0107) (45 -0.0101) 
    0.002612   (24 -0.658) (22 -0.372) (20 0.311) (23 0.278) (56 -0.219) (18 -0.219) (19 0.213) (27 0.158) (25 0.146) (15 0.127) (33 -0.0898) (52 -0.0813) (57 0.0667) (16 0.0611) (37 -0.06) (44 0.0574) (30 0.0551) (55 0.052) (21 0.0449) (34 0.0416) (53 0.0372) (47 0.0351) (36 0.0335) (60 0.0323) (35 -0.0288) (46 -0.0236) (31 -0.0234) (13 0.0234) (26 0.0228) (77 -0.0227) (42 -0.0221) (12 -0.0193) (48 -0.0187) (78 0.0174) (70 0.0149) (29 -0.0136) (68 0.0136) (120 -0.0135) (14 0.0134) (74 0.0129) (39 -0.0127) (65 -0.0126) (54 -0.0108) (124 0.0107) 
   0.0026567   (60 -0.853) (56 0.31) (61 0.232) (57 0.19) (55 -0.127) (52 0.118) (77 0.0818) (78 -0.0765) (47 -0.07) (24 -0.0689) (132 0.0556) (22 -0.0546) (59 -0.046) (20 0.0421) (51 -0.0418) (46 0.0398) (48 0.0389) (19 0.038) (72 0.0378) (53 -0.0358) (23 0.0348) (54 0.0342) (79 0.0324) (62 0.0303) (18 -0.0292) (15 0.0281) (84 -0.0236) (44 -0.0233) (71 0.0224) (108 -0.021) (107 0.0202) (16 0.0199) (124 0.0186) (109 0.0185) (80 -0.0171) (73 -0.0171) (25 0.017) (76 -0.0167) (69 0.0156) (131 -0.0135) (123 0.0134) (33 0.0133) (119 -0.0126) (118 0.0121) (42 0.012) (74 -0.0119) (90 -0.0116) (66 -0.0115) (41 -0.0102) (38 0.0101) (125 -0.0101) (82 0.0101) (121 -0.01) (68 0.01) 
   0.0027519   (132 0.75) (56 0.451) (57 -0.277) (60 0.202) (131 -0.141) (50 -0.125) (52 0.123) (53 -0.0912) (55 -0.0903) (24 -0.0891) (22 -0.0702) (44 -0.0595) (43 -0.0565) (61 -0.055) (20 0.0527) (47 -0.0479) (19 0.0475) (23 0.0452) (51 0.0417) (48 0.0381) (18 -0.038) (68 -0.0328) (77 0.0326) (70 -0.0314) (16 0.0288) (65 0.0283) (15 0.0257) (25 0.0238) (78 -0.0233) (72 -0.0231) (40 0.021) (67 0.0207) (74 -0.0206) (33 0.0197) (84 0.0191) (37 0.0178) (120 0.0177) (59 0.0152) (45 -0.0152) (49 -0.015) (27 0.0134) (64 -0.0109) (34 -0.0109) (129 -0.0101) (21 0.0101) 
   0.0028828   (132 0.632) (56 -0.563) (57 0.31) (60 -0.163) (52 -0.156) (50 0.147) (55 0.119) (131 -0.117) (24 0.112) (53 0.111) (22 0.0883) (44 0.0726) (43 0.0673) (20 -0.0664) (47 0.0634) (19 -0.0598) (23 -0.0568) (48 -0.0487) (18 0.0478) (77 -0.0456) (51 -0.0453) (61 0.0443) (68 0.038) (70 0.0368) (16 -0.036) (78 0.034) (15 -0.0331) (65 -0.0328) (124 0.0305) (120 -0.03) (25 -0.0298) (40 -0.0257) (74 0.0256) (67 -0.0255) (33 -0.0246) (72 0.0242) (123 0.023) (84 -0.0215) (37 -0.021) (45 0.0187) (49 0.0168) (27 -0.0165) (122 0.0165) (107 0.0153) (129 -0.0142) (59 -0.0139) (34 0.0137) (125 -0.0136) (46 -0.013) (21 -0.0125) (64 0.0121) 
   0.0035857   (40 0.762) (41 -0.424) (65 -0.265) (39 0.209) (44 0.182) (84 -0.137) (43 0.128) (67 0.116) (57 -0.0812) (42 -0.0675) (37 0.0645) (33 0.0563) (66 -0.0504) (38 0.0494) (64 0.0421) (87 0.0402) (63 -0.04) (47 0.0384) (52 -0.0354) (72 0.0337) (127 -0.0319) (51 -0.0275) (30 -0.0274) (55 -0.0266) (16 0.0241) (32 -0.0237) (50 0.0235) (69 0.0233) (34 -0.0225) (96 0.0206) (73 -0.0191) (46 -0.0183) (90 0.017) (78 0.0156) (107 -0.0156) (31 -0.0151) (15 -0.014) (19 0.0134) (24 0.0131) (27 -0.0131) (22 -0.013) (53 0.0125) (91 -0.0123) (109 -0.0118) (45 0.0117) (49 -0.0114) (77 -0.0107) (82 0.0105) 
   0.0037341   (84 -0.858) (127 -0.356) (65 0.207) (87 0.17) (67 -0.101) (90 0.0745) (57 0.0711) (107 -0.0637) (77 -0.0575) (85 0.054) (78 0.0483) (40 -0.0451) (44 -0.0436) (86 -0.0435) (96 0.0408) (66 0.0407) (109 -0.0405) (92 0.0399) (60 0.0381) (52 0.0379) (64 -0.0329) (43 -0.0325) (63 0.031) (41 0.0295) (120 0.0293) (123 -0.0287) (91 -0.0282) (47 -0.0268) (103 -0.0259) (88 0.0255) (50 -0.0239) (69 -0.0232) (129 0.023) (126 0.0213) (93 -0.0201) (56 0.0201) (94 -0.0195) (39 -0.0185) (83 0.0172) (79 0.016) (48 0.0154) (89 -0.0148) (49 -0.0139) (102 0.0138) (51 0.0137) (71 0.0136) (122 0.0133) (61 -0.0127) (54 0.0125) (112 0.0124) (33 0.0114) (55 -0.0114) (101 -0.011) (105 -0.0102) 
   0.0039108   (127 -0.701) (65 0.446) (84 0.388) (67 -0.204) (40 0.176) (41 -0.0993) (50 0.0953) (66 0.0886) (87 -0.0844) (57 0.0833) (72 -0.0806) (64 -0.0673) (63 0.063) (129 0.0619) (39 0.0532) (43 0.0496) (78 -0.0475) (90 -0.0473) (69 -0.0442) (73 0.0355) (77 0.0352) (107 0.0323) (96 -0.0299) (85 -0.0287) (74 -0.0277) (109 0.0266) (52 0.0264) (91 0.0235) (86 0.0208) (51 -0.0206) (49 0.0206) (76 0.0202) (33 0.0195) (92 -0.0189) (44 0.0181) (37 0.0164) (60 0.0163) (48 -0.0161) (56 0.016) (71 -0.0158) (38 0.0156) (103 0.0156) (45 0.0147) (46 0.0146) (94 0.013) (75 -0.0126) (82 -0.0122) (14 0.0121) (30 -0.0116) 
   0.0040693   (65 -0.618) (127 -0.61) (67 0.287) (40 -0.215) (57 -0.133) (66 -0.123) (41 0.119) (50 -0.0949) (64 0.0941) (72 0.0922) (63 -0.0883) (84 0.0641) (129 0.0637) (69 0.063) (39 -0.0612) (52 -0.0509) (43 -0.0438) (73 -0.0425) (60 -0.041) (33 -0.0323) (56 -0.03) (76 -0.0262) (74 0.0259) (78 0.0246) (38 -0.0244) (37 -0.023) (46 -0.0213) (79 -0.0182) (61 0.0168) (75 0.0166) (51 0.0166) (14 -0.0163) (30 0.0153) (109 -0.0149) (49 -0.0143) (70 -0.0142) (47 0.0136) (96 0.0133) (34 0.0132) (93 0.0131) (83 -0.0129) (45 -0.0125) (22 0.0123) (90 0.0118) (16 -0.0116) (15 -0.0113) (120 -0.0111) (80 0.011) (82 0.011) (91 -0.011) (19 -0.0106) (59 0.0103) (107 -0.0102) 
   0.0041068   (105 0.594) (96 -0.321) (103 0.28) (123 -0.254) (101 0.207) (110 -0.198) (108 -0.191) (120 -0.178) (98 -0.172) (106 -0.169) (107 -0.163) (112 -0.155) (119 -0.135) (117 -0.132) (99 -0.122) (122 0.114) (102 -0.11) (97 -0.101) (114 -0.0907) (121 -0.0836) (111 -0.0746) (50 0.0677) (91 -0.0633) (109 -0.0589) (118 0.057) (115 -0.0526) (94 0.0503) (90 -0.0446) (116 -0.0334) (100 -0.032) (84 -0.03) (71 0.0299) (82 -0.0281) (51 -0.0262) (55 -0.0238) (104 0.0235) (124 -0.0229) (92 -0.0209) (93 -0.0193) (113 -0.0186) (72 0.0174) (65 -0.0166) (60 0.015) (81 -0.0146) (56 0.0141) (80 -0.0141) (89 0.0137) (125 -0.0137) (85 -0.0127) (141 -0.0119) (86 0.0118) (79 0.0114) (83 0.0104) (53 0.0101) 
   0.0042547   (141 -0.996) (145 -0.0592) (146 0.0363) (123 -0.0211) (140 0.0194) (142 0.0169) (96 0.0143) (105 -0.0133) (120 -0.0102) 
   0.0043716   (50 0.815) (51 -0.285) (55 -0.24) (56 0.148) (49 0.145) (71 0.135) (53 0.107) (48 -0.106) (60 0.0983) (65 -0.096) (57 -0.0919) (43 0.0875) (40 -0.0864) (52 0.0828) (72 0.081) (123 0.0716) (45 0.0644) (15 0.0625) (84 -0.0617) (107 0.0593) (105 -0.0515) (82 -0.0504) (46 0.0499) (120 0.0456) (96 -0.0418) (119 0.0389) (68 0.0359) (117 0.0351) (74 0.0349) (80 -0.0315) (122 -0.031) (47 0.0296) (54 -0.029) (90 -0.0288) (41 0.0276) (81 -0.0269) (63 -0.0265) (87 -0.0262) (121 0.0249) (64 0.0249) (118 -0.0248) (109 0.0247) (24 -0.024) (108 0.0229) (61 -0.0227) (103 -0.0221) (79 0.0218) (16 -0.0215) (101 -0.021) (32 0.0206) (92 0.0199) (38 -0.0189) (112 -0.0186) (115 0.0183) (124 0.0178) (59 0.017) (110 0.0169) (83 0.0167) (111 -0.0158) (66 -0.0152) (104 -0.015) (42 0.0138) (14 -0.0126) (98 0.0125) (13 0.0121) (33 -0.0117) (97 -0.011) (12 -0.0109) (106 0.0104) (69 -0.0103) (20 0.01) 
    0.004415   (71 0.575) (45 0.457) (81 -0.32) (46 0.308) (80 -0.272) (50 -0.172) (83 0.17) (93 -0.155) (87 -0.129) (72 0.0994) (69 -0.0841) (76 -0.0784) (43 0.0764) (78 0.0764) (79 0.0666) (98 -0.0652) (48 0.0598) (49 -0.0558) (109 -0.0557) (67 -0.0528) (100 0.052) (97 0.0509) (44 0.0487) (51 0.0472) (113 0.047) (68 0.0442) (105 -0.0407) (77 0.0376) (89 0.0347) (107 0.0339) (85 -0.0333) (47 0.0325) (60 0.0292) (75 0.0291) (90 0.0281) (70 0.0275) (156 0.0263) (99 0.0254) (73 -0.0253) (74 0.0239) (123 -0.0233) (114 0.0232) (96 0.0216) (54 0.0211) (101 -0.0192) (118 0.0176) (57 0.0175) (82 -0.0171) (42 0.0169) (122 0.0169) (115 -0.0166) (117 -0.0154) (119 -0.0153) (21 -0.015) (88 -0.0131) (112 0.0129) (91 -0.0127) (103 0.0124) (63 -0.0123) (40 -0.0117) (52 0.0117) (104 0.0114) (65 -0.011) (35 -0.0107) (39 0.01) 
   0.0045713   (156 0.999) (45 -0.0272) (46 -0.0184) 
   0.0046911   (45 0.638) (71 -0.496) (46 0.433) (80 0.148) (81 0.146) (43 0.135) (79 -0.13) (87 0.0963) (44 0.0889) (72 -0.0812) (109 0.0767) (83 -0.0748) (69 0.0737) (47 0.0709) (67 0.061) (40 -0.0608) (90 0.0587) (68 -0.0406) (113 -0.0358) (100 -0.0353) (98 0.0351) (76 0.0348) (85 0.0341) (48 0.0339) (105 0.0301) (38 -0.0292) (96 -0.028) (78 -0.0276) (49 -0.0259) (37 0.0251) (75 -0.024) (15 0.0233) (57 -0.0232) (156 0.023) (123 0.0222) (86 -0.0219) (73 0.021) (114 -0.0207) (122 -0.0194) (118 -0.0194) (39 0.0186) (14 -0.0178) (63 0.0175) (70 -0.017) (42 0.0165) (93 -0.0163) (115 0.0154) (110 -0.0139) (117 0.0139) (54 -0.0137) (66 -0.0137) (97 -0.0136) (112 -0.0135) (35 -0.0135) (64 -0.0134) (60 -0.0124) (56 0.0122) (101 0.012) (24 -0.012) (55 -0.0117) (99 -0.0113) (82 -0.0113) (41 0.0112) (84 -0.0109) (107 -0.0107) (36 -0.0105) (102 0.0104) 
   0.0047491   (21 0.928) (136 -0.28) (20 -0.229) (24 -0.0504) (19 0.0333) (15 -0.032) (16 0.0292) (22 0.0208) (17 0.0204) (23 -0.0178) (45 0.0144) (35 0.0139) (7 -0.0134) (30 0.0128) (27 0.0127) (36 0.0115) (33 -0.0107) (46 0.0104) (14 -0.01) 
    0.004931   (136 -0.96) (21 -0.271) (20 0.0667) (24 0.0147) (7 -0.0117) 
   0.0051287   (7 1) (136 -0.015) 
    0.005334   (5 -1) 
   0.0054016   (31 -0.443) (27 0.39) (32 0.364) (28 0.358) (135 -0.305) (37 0.295) (14 0.237) (29 -0.204) (30 -0.198) (35 0.159) (38 -0.115) (36 -0.0711) (39 0.0672) (17 0.0669) (25 -0.0531) (19 -0.0525) (16 -0.0445) (33 -0.0371) (23 0.0358) (34 -0.0351) (44 0.0317) (20 -0.0293) (41 0.0263) (22 0.026) (78 0.0259) (18 0.0258) (77 -0.0256) (40 -0.0253) (43 -0.0247) (47 0.0239) (15 -0.0234) (11 -0.0194) (26 0.0128) (12 -0.0115) (42 -0.0107) (72 0.0103) (46 -0.0103) 
   0.0054232   (135 -0.952) (31 0.142) (27 -0.125) (32 -0.117) (28 -0.115) (37 -0.0943) (14 -0.076) (29 0.0654) (30 0.0635) (35 -0.0507) (38 0.0366) (36 0.0227) (39 -0.0215) (17 -0.0214) (25 0.017) (19 0.0168) (16 0.0143) (33 0.0119) (23 -0.0115) (34 0.0112) (44 -0.0101) 
   0.0056545   (10 0.766) (17 -0.493) (16 -0.304) (14 0.205) (15 -0.101) (27 -0.0972) (19 0.0879) (22 -0.0425) (37 0.0343) (25 0.0309) (20 0.0271) (21 0.0251) (23 -0.0222) (28 -0.0174) (38 -0.0124) (35 0.0111) (18 -0.01) 
   0.0057478   (144 0.999) (10 -0.0267) (17 -0.0213) (16 -0.013) 
   0.0060509   (10 0.642) (17 0.594) (16 0.364) (14 -0.223) (27 0.121) (15 0.114) (19 -0.11) (22 0.0539) (37 -0.0437) (144 0.0382) (25 -0.0375) (20 -0.0358) (21 -0.0301) (23 0.0281) (28 0.0202) (11 0.0185) (31 0.0149) (38 0.0146) (12 0.0142) (35 -0.0141) (26 0.0122) (77 0.0121) (18 0.0118) (30 0.0115) (78 -0.0106) 
   0.0063961   (13 -0.886) (12 0.311) (43 -0.28) (42 -0.0841) (40 0.0815) (41 0.0766) (45 0.0661) (47 0.0517) (14 0.0467) (50 0.0442) (15 0.0432) (39 -0.0379) (38 0.0304) (37 -0.0301) (44 0.0254) (48 -0.024) (46 0.0162) (36 0.0156) (30 0.0152) (31 -0.0135) (49 0.0133) (32 -0.0109) (60 -0.0104) 
   0.0067828   (143 -0.999) (43 -0.0327) (13 0.0153) 
   0.0069319   (43 0.801) (13 -0.318) (42 0.224) (40 -0.223) (41 -0.179) (45 -0.161) (47 -0.13) (39 0.113) (12 0.107) (37 0.103) (38 -0.0934) (50 -0.0904) (44 -0.08) (48 0.054) (143 -0.0416) (36 -0.0414) (15 0.041) (46 -0.0362) (74 0.0323) (14 -0.0303) (27 -0.0292) (32 0.029) (49 -0.0289) (31 0.0289) (30 -0.0288) (18 -0.0264) (24 -0.0255) (35 0.0241) (59 -0.0237) (60 0.0209) (80 0.0198) (20 0.0196) (64 0.0193) (79 0.0174) (67 0.0159) (109 0.0159) (56 0.0159) (107 0.0158) (61 -0.0155) (52 0.0154) (55 -0.0146) (81 -0.0143) (84 -0.014) (17 -0.0135) (34 0.0126) (22 -0.0118) (62 0.0108) (29 0.0107) (68 0.0105) (19 0.0104) (28 -0.0104) (63 -0.0104) (78 0.0103) 
   0.0076422   (12 0.893) (13 0.316) (32 -0.183) (31 -0.179) (30 0.167) (14 0.0441) (29 -0.0369) (36 -0.0343) (33 0.0251) (42 0.0224) (41 -0.021) (40 -0.0204) (35 0.0174) (66 0.0169) (15 0.0161) (138 0.0142) (68 0.0123) (37 0.0119) (18 0.0112) (38 -0.011) 
   0.0083242   (138 0.992) (32 -0.0661) (31 -0.0628) (30 0.0587) (12 -0.0493) (13 -0.0169) (29 -0.0132) 

 Largest eigenvalues
      81.678   (163 0.234) (164 0.96) 
      28.801   (37 0.453) (47 0.32) 
      15.531   (77 0.542) (78 -0.525) 
      13.781   (107 0.645) (109 0.613) 
      4.5745   (96 -0.288) (120 0.362) (123 0.553) 
      1.4605   (163 0.972) (164 -0.231) 
      1.2239   (162 0.996) 
      1.1473   (165 0.997) 
      1.1419   (91 0.904) (101 -0.251) 
      1.1351   (101 0.774) (106 0.495) 
       1.127   (101 0.35) (106 -0.795) 
     0.91881   (111 0.354) (115 -0.766) 
     0.91727   (103 -0.3) (104 0.842) 
      0.8612   (98 -0.431) (99 -0.569) (100 -0.396) 
      0.8473   (111 -0.585) (112 0.305) (124 0.294) 
     0.75824   (110 -0.482) (111 0.324) (115 0.371) (124 0.299) 
     0.67136   (110 0.714) (111 0.303) 
     0.67044   (96 -0.747) (97 -0.243) (98 0.231) (99 0.242) (110 0.225) 
     0.66341   (114 -0.486) (125 0.307) (126 0.428) (145 0.317) 
     0.60101   (111 -0.327) (112 -0.561) (114 0.443) 
     0.59579   (108 0.587) (112 0.329) (114 0.507) 
     0.57608   (108 -0.676) (110 -0.289) (112 0.399) 
     0.57321   (114 -0.356) (121 0.364) (123 -0.423) (129 -0.295) (134 0.374) 
     0.56771   (121 -0.338) (122 0.357) (123 0.334) (124 0.546) (134 0.319) 
     0.56063   (118 0.354) (119 -0.392) (120 0.541) 
     0.54559   (117 -0.707) (118 -0.405) 
     0.52805   (116 0.437) (117 0.326) (119 0.306) (122 0.398) (125 0.322) (134 0.319) 
     0.50078   (116 -0.655) (118 0.256) (121 0.25) (125 0.257) (126 0.272) (129 0.219) (134 0.283) (145 -0.237) 
     0.49357   (116 0.532) (117 -0.324) (126 0.393) 
     0.41468   (92 0.972) 
     0.41239   (118 -0.348) (121 -0.353) (129 -0.363) 
     0.35219   (94 -0.926) (103 0.213) 
     0.33616   (94 0.331) (103 0.672) (104 0.341) (105 -0.409) 
     0.30269   (102 -0.812) 
     0.29939   (98 -0.404) (100 0.244) (113 -0.326) (119 0.252) (129 -0.277) 
     0.24799   (79 -0.346) (87 -0.661) 
     0.23696   (79 0.498) (98 0.49) 
     0.23029   (79 -0.509) (87 0.597) 
     0.22945   (98 -0.343) (107 0.292) (109 -0.324) (113 0.539) 
     0.18066   (90 -0.807) (93 0.413) 
     0.16144   (90 0.374) (97 -0.527) (109 0.343) 
     0.15163   (86 -0.286) (93 -0.621) 
     0.13767   (85 -0.565) (86 0.687) 
     0.13092   (89 -0.732) (93 0.339) (97 0.291) 
     0.12505   (79 0.406) (81 0.501) (83 -0.423) 
     0.11898   (76 -0.243) (80 -0.301) (89 0.257) (93 0.244) (97 0.242) 
     0.11286   (59 0.365) (63 -0.298) (69 0.356) 
      0.1076   (58 0.482) (59 -0.594) 
     0.10224   (58 -0.56) (63 0.346) 
    0.094484   (58 0.469) (59 0.323) (63 -0.278) (97 -0.274) 
    0.090208   (58 -0.421) (59 -0.544) 
    0.080096   (59 0.288) (63 0.602) (83 -0.29) 
     0.07878   (63 -0.392) (64 -0.671) 
    0.073956   (61 -0.456) (62 0.426) (64 0.413) 
    0.072858   (61 0.654) (62 -0.236) (64 0.258) (69 -0.213) 
    0.066242   (61 -0.324) (67 -0.28) (119 0.316) 
    0.063324   (61 0.259) (68 0.26) (74 -0.308) (78 0.283) (81 0.252) 
    0.061028   (61 -0.268) (62 -0.585) (69 -0.239) (76 0.208) (80 -0.265) (81 0.204) (85 -0.218) 
    0.058974   (62 0.527) (68 -0.28) (74 0.281) (85 -0.209) 
    0.055674   (62 -0.248) (66 -0.32) (68 0.41) (69 0.318) (72 -0.307) (76 -0.301) 
    0.053371   (66 0.445) (74 -0.327) (80 0.271) (81 -0.327) 
    0.049715   (66 -0.515) (76 0.323) 
    0.047715   (66 0.477) (68 0.325) (69 0.276) 
    0.046251   (74 -0.26) (76 -0.352) (77 -0.22) (80 -0.272) (81 0.317) (83 0.271) (88 0.264) 
    0.044142   (33 -0.381) (34 -0.766) (41 0.366) 
    0.042206   (34 0.418) (40 0.288) (41 0.63) (42 -0.304) (43 0.291) 
    0.041464   (75 -0.429) (85 -0.263) (88 0.258) 
    0.040907   (48 -0.436) (49 -0.365) (51 -0.45) (75 0.388) 
    0.032303   (48 0.376) (49 0.297) (51 0.355) (75 0.572) 
    0.031696   (20 -0.3) (26 -0.691) (29 0.42) 
    0.029444   (18 -0.396) (20 -0.518) (26 0.52) 
    0.027584   (20 0.363) (26 0.278) (29 0.387) (42 0.478) (88 -0.281) 
    0.026137   (26 -0.351) (29 -0.695) 
    0.021465   (42 -0.518) (75 -0.323) (88 -0.451) 
    0.020705   (120 -0.304) (126 -0.305) (131 0.669) (134 0.348) 
    0.020563   (128 -0.578) (160 -0.809) 
    0.019074   (128 -0.577) (160 0.312) (161 0.754) 
    0.016984   (128 -0.577) (160 0.497) (161 -0.648) 
    0.015398   (15 0.91) (16 -0.369) 
    0.014713   (139 -0.996) 
