 1 1000
 2 624.887
 3 15.3443
 4 1000
 5 510.146
 6 287.383
 7 999.868
 8 2.75347
 9 994.607
 10 858.135
 11 3.00902
 12 807.768
 13 1000
 14 998.155
 15 0.821897
 16 1000
 17 998.163
 18 2.00568
 19 1000
 20 884.492
 21 114.49
 22 1000
 23 951.455
 24 48.5389
 25 230.809
 26 277.636
 27 9.0454
 28 986.512
 29 284.747
 30 195.293
 31 466.827
 32 55.4742
 33 870.386
 34 200.557
 35 185.287
 36 350.817
 37 990.453
 38 998.83
 39 2.69496
 40 583.814
 41 961.532
 42 1.67744
 43 490.619
 44 848.916
 45 9.6645
 46 997.919
 47 667.401
 48 335.345
 49 916.375
 50 228.057
 51 359.628
 52 147.395
 53 947.105
 54 282.223
 55 205.879
 56 174.905
 57 898.278
 58 110.359
 59 205.623
 60 108.979
 61 21.1981
 62 1.67972
 63 588.28
 64 267.74
 65 2.27578
 66 505.672
 67 977.438
 68 24.4907
 69 999.987
 70 1000
 71 887.97
 72 112.419
 73 999.621
 74 2.88141
 75 998.472
 76 990.347
 77 5.55839
 78 941.383
 79 999.394
 80 74.0293
 81 925.994
 82 983.422
 83 419.508
 84 2.12272
 85 108.98
 86 1.9216
 87 990.869
 88 1.79007
 89 1.69659
 90 2.05127
 91 7.83606
 92 346.647
 93 777.988
 94 420.773
 95 607.679
 96 816.21
 97 297.255
 98 178.853
 99 118.742
 100 388.834
 101 916.564
 102 83.6061
 103 149.198
 104 120.612
 105 111.52
 106 154.405
 107 154.975
 108 152.619
 109 106.555
 110 83.3068
 111 155.088
 112 195.037
 113 171.339
 114 154.843
 115 149.222
 116 114.592
 117 154.469
 118 169.925
 119 124.897
 120 77.0163
 121 114.572
 122 45.1931
 123 58.9276
 124 33.9081
 125 28.2135
 126 51.4734
 127 25.0062
 128 79.8061
 129 66.2206
 130 53.8535
 131 20.0735
 132 20.3565
 133 21.3523
 134 34.3969
 135 8.68213
 136 42.9189
 137 9.78185
 138 9.24409
 139 9.45253
 140 10.7233
 141 11.462
 142 8.56249
 143 9.25214
 144 14.7116
 145 14.9644
 146 12.6388
 147 9.97082
 148 28.3786
 149 15.3688
 150 11.905
 151 13.9793
 152 22.3199
 153 18.3496
 154 13.1705
 155 19.9079
 156 23.7998
 157 46.6786
 158 0.431067
 159 0.0603011
 160 0.422443
 161 22.4491
 162 16.6516
 163 152.463
 164 682.367
 165 8.60991
