 1 32956.9
 2 654.287
 3 16.0273
 4 195000
 5 528.15
 6 297.512
 7 795106
 8 56.4363
 9 29076.4
 10 2262.13
 11 5.95153
 12 1895.24
 13 288766
 14 3231.04
 15 0.833501
 16 396414
 17 3941.57
 18 5.39251
 19 130138
 20 2532.16
 21 325.744
 22 145163
 23 3450.87
 24 173.295
 25 246.599
 26 313.613
 27 10.1437
 28 2339.08
 29 319.949
 30 218.55
 31 496.518
 32 71.8472
 33 1130.12
 34 206.576
 35 194.309
 36 368.692
 37 1520.1
 38 3174.07
 39 4.95375
 40 982.087
 41 4485.24
 42 1.79297
 43 738.354
 44 1644.52
 45 17.28
 46 3192.32
 47 1703.59
 48 818.564
 49 2016.78
 50 231.564
 51 498.741
 52 202.815
 53 3085.78
 54 328.618
 55 287.7
 56 247.209
 57 1273.25
 58 112.01
 59 242.395
 60 127.261
 61 21.2176
 62 1.67999
 63 634.392
 64 268.421
 65 2.28631
 66 510.407
 67 4070.56
 68 94.5677
 69 124645
 70 88256.6
 71 2251.71
 72 281.739
 73 15856.8
 74 28.291
 75 20891.6
 76 8560.17
 77 10.9291
 78 2135.38
 79 7752.84
 80 220.869
 81 2669.04
 82 1571.94
 83 438.537
 84 2.15235
 85 142.564
 86 2.04399
 87 6631.57
 88 1.79015
 89 1.6966
 90 2.05136
 91 8.15616
 92 350.004
 93 800.932
 94 427.331
 95 704.583
 96 1015.99
 97 304.723
 98 181.845
 99 119.447
 100 424.01
 101 1188.41
 102 86.113
 103 150.821
 104 121.433
 105 111.891
 106 154.859
 107 155.705
 108 153.38
 109 107.076
 110 84.5562
 111 155.767
 112 195.732
 113 171.8
 114 155.026
 115 149.431
 116 114.89
 117 154.835
 118 170.03
 119 125.076
 120 77.3651
 121 114.846
 122 45.4563
 123 59.1444
 124 34.0443
 125 28.51
 126 51.6878
 127 25.8573
 128 81.9149
 129 67.3369
 130 54.7413
 131 20.2267
 132 20.4955
 133 21.5195
 134 35.2649
 135 8.75597
 136 43.071
 137 9.90251
 138 9.3368
 139 9.58462
 140 10.9141
 141 12.0519
 142 8.78898
 143 9.40674
 144 14.9176
 145 15.0953
 146 12.7879
 147 10.2539
 148 29.0046
 149 15.6392
 150 12.0595
 151 14.1466
 152 22.614
 153 18.7773
 154 13.46
 155 20.0726
 156 23.858
 157 46.7728
 158 0.489086
 159 0.0615425
 160 0.469645
 161 26.2612
 162 17.7007
 163 174.756
 164 701.376
 165 9.30126
