 1 31.6228
 2 24.6201
 3 1.54974
 4 31.6228
 5 18.4484
 6 10.9014
 7 31.6201
 8 0.991342
 9 31.4929
 10 29.1137
 11 1.01112
 12 28.1871
 13 31.6228
 14 31.5879
 15 0.903906
 16 31.6228
 17 31.5734
 18 0.961779
 19 31.6228
 20 28.1156
 21 4.57943
 22 31.6228
 23 30.1468
 24 2.50314
 25 14.7163
 26 15.88
 27 1.4467
 28 31.3631
 29 13.3556
 30 9.53274
 31 21.2559
 32 2.77169
 33 28.4605
 34 14.0224
 35 8.74097
 36 15.4883
 37 31.4527
 38 31.5893
 39 1.34016
 40 23.9167
 41 30.9184
 42 1.28461
 43 21.4624
 44 28.5501
 45 1.62315
 46 31.5694
 47 21.6637
 48 11.708
 49 30.0058
 50 14.6632
 51 16.3799
 52 7.51869
 53 30.5712
 54 16.5349
 55 11.1606
 56 9.64238
 57 29.4108
 58 9.93015
 59 11.6902
 60 6.83806
 61 4.33656
 62 1.28921
 63 23.9317
 64 15.173
 65 0.999334
 66 21.6163
 67 30.9411
 68 2.10733
 69 31.6224
 70 31.6228
 71 28.266
 72 4.89104
 73 31.6144
 74 1.34799
 75 31.5795
 76 31.4579
 77 1.45859
 78 30.5788
 79 31.6089
 80 3.70072
 81 29.4115
 82 31.2865
 83 20.0149
 84 1.32722
 85 10.2388
 86 1.33582
 87 31.4162
 88 1.15217
 89 1.08984
 90 1.3268
 91 2.41149
 92 16.9069
 93 26.1479
 94 17.6331
 95 22.7596
 96 27.5884
 97 16.1784
 98 12.0044
 99 9.31262
 100 18.472
 101 29.7518
 102 8.16588
 103 11.6825
 104 10.3137
 105 9.8883
 106 12.0179
 107 11.9542
 108 11.8412
 109 9.6575
 110 7.96575
 111 11.7807
 112 13.5814
 113 12.6239
 114 11.9024
 115 11.5567
 116 9.74204
 117 11.6907
 118 12.411
 119 10.5357
 120 8.20885
 121 10.3765
 122 6.55659
 123 7.53834
 124 5.39278
 125 5.1291
 126 6.89479
 127 4.52459
 128 8.45083
 129 7.44643
 130 6.82909
 131 4.1918
 132 4.43043
 133 4.50893
 134 5.78323
 135 2.73827
 136 6.48833
 137 2.96402
 138 2.92103
 139 2.94006
 140 3.14663
 141 3.13797
 142 2.7106
 143 2.85589
 144 3.70591
 145 3.77469
 146 3.43761
 147 2.95834
 148 5.12878
 149 3.7755
 150 3.31354
 151 3.58157
 152 4.62466
 153 4.19082
 154 3.52926
 155 4.38472
 156 4.80331
 157 6.77665
 158 0.318132
 159 0.191525
 160 0.269043
 161 3.72291
 162 3.64434
 163 11.2739
 164 25.6478
 165 0.602197
