 Smallest eigenvalues
   1.217e-06   (9 -1) 
  2.5226e-06   (46 -0.698) (43 -0.397) (45 -0.361) (40 -0.311) (41 -0.15) (154 -0.15) (48 0.118) (50 0.095) (47 -0.0909) (56 -0.0813) (54 0.0726) (79 -0.0689) (42 0.0686) (44 -0.0644) (14 0.0588) (39 -0.0518) (57 0.0501) (36 -0.0435) (53 0.0401) (55 -0.0391) (30 -0.0381) (25 0.0377) (81 -0.0349) (80 0.0311) (37 0.0281) (17 -0.0266) (23 0.0253) (33 0.0226) (16 0.022) (77 -0.0207) (15 -0.0192) (19 -0.0189) (24 -0.0183) (60 -0.0179) (28 -0.0176) (78 0.0164) (83 -0.0155) (49 0.0152) (73 -0.014) (32 0.0134) (52 0.0127) (20 -0.0119) (92 0.0102) 
   3.463e-06   (154 -0.989) (46 0.106) (43 0.0602) (45 0.0547) (40 0.0473) (41 0.0227) (48 -0.0178) (50 -0.0144) (47 0.0138) (56 0.0122) (54 -0.0109) (42 -0.0104) (79 0.0101) 
  5.1282e-06   (4 -1) 
  6.8888e-06   (40 -0.627) (149 0.6) (43 0.395) (41 0.236) (39 -0.0856) (42 -0.0787) (79 -0.0468) (14 0.0435) (48 0.0413) (44 -0.0404) (36 -0.0404) (25 0.0376) (51 -0.0317) (30 -0.0316) (46 0.0291) (45 0.027) (52 0.0268) (81 -0.0243) (80 0.0229) (17 -0.0217) (37 0.0215) (47 -0.0209) (33 0.0195) (23 0.0194) (15 -0.0176) (57 0.0176) (55 0.0169) (32 0.0168) (16 0.0159) (77 -0.0129) (38 0.0121) (50 0.0119) (19 -0.0118) (24 -0.0112) (76 0.0108) (53 0.0102) (20 -0.01) 
  7.6841e-06   (149 0.8) (40 0.47) (43 -0.296) (41 -0.177) (39 0.0642) (42 0.059) (79 0.035) (14 -0.0326) (48 -0.031) (44 0.0303) (36 0.0303) (25 -0.0282) (51 0.0237) (30 0.0237) (46 -0.0218) (45 -0.0203) (52 -0.0201) (81 0.0182) (80 -0.0171) (17 0.0163) (37 -0.0161) (47 0.0156) (33 -0.0146) (23 -0.0146) (15 0.0132) (57 -0.0132) (55 -0.0126) (32 -0.0126) (16 -0.0119) 
  8.0196e-06   (1 0.984) (25 0.121) (26 0.111) (27 0.0471) (30 0.0318) (24 -0.0214) (14 0.0201) (23 0.0159) (40 0.0148) (19 -0.0125) (15 -0.0115) (17 -0.0106) 
  1.1331e-05   (158 0.999) (25 0.0287) (26 0.0262) (27 0.0109) 
  3.0343e-05   (25 -0.66) (26 -0.602) (27 -0.251) (1 0.18) (30 -0.177) (24 0.121) (14 -0.116) (23 -0.0912) (40 -0.0748) (15 0.0699) (19 0.0696) (17 0.0638) (16 -0.0544) (36 -0.046) (28 -0.0451) (20 0.0442) (158 0.0435) (41 -0.0407) (79 0.0329) (29 0.0329) (32 0.0313) (18 0.0267) (21 0.0253) (46 -0.0183) (31 0.0174) (48 -0.0168) (81 0.0163) (80 -0.0159) (33 0.0146) (51 0.0142) 
   3.094e-05   (21 0.669) (45 0.474) (43 -0.248) (42 0.244) (20 0.213) (40 -0.208) (19 0.201) (41 -0.145) (18 0.0852) (53 0.0824) (25 0.0821) (46 0.062) (17 0.061) (14 -0.0578) (24 -0.0554) (23 0.0544) (16 -0.0439) (15 0.0428) (36 -0.0389) (26 0.0362) (79 -0.0357) (30 -0.0338) (28 -0.0322) (50 0.0292) (74 -0.0275) (39 -0.0248) (35 -0.0247) (77 -0.0212) (47 0.0211) (78 0.0204) (22 -0.0202) (48 0.0189) (71 -0.0165) (44 0.0163) (69 -0.0142) (27 0.0141) (52 0.0135) (29 0.0133) (76 0.0124) (33 0.0124) (56 -0.0124) (70 -0.012) (72 -0.0119) (66 0.0115) (63 0.0115) (60 -0.0113) (37 0.0112) (57 0.0108) (81 -0.0106) (34 0.0104) 
  0.00010216   (157 -0.999) (21 -0.0297) (45 0.0284) (43 -0.0158) (42 0.0133) (40 -0.0105) (20 -0.0102) 
  0.00011721   (21 0.571) (45 -0.563) (43 0.312) (42 -0.262) (40 0.207) (20 0.196) (19 0.186) (41 0.113) (14 -0.0964) (46 -0.077) (18 0.0746) (17 0.0721) (39 0.0667) (53 -0.0662) (15 0.0576) (16 -0.0545) (79 0.0524) (157 -0.0511) (48 -0.0441) (50 -0.0359) (24 -0.0324) (44 -0.0307) (32 -0.0281) (34 -0.0269) (26 0.0258) (23 0.0257) (28 -0.0249) (62 -0.0233) (74 0.023) (22 -0.0228) (81 0.0228) (80 -0.0223) (25 0.0214) (77 0.0196) (57 -0.0164) (27 0.0158) (29 0.0144) (76 -0.0143) (56 0.0142) (52 -0.013) (71 0.0128) (54 -0.0126) (60 0.0126) (37 -0.0123) (69 0.0121) (35 0.012) (47 -0.0113) (83 0.0105) (66 -0.01) 
  0.00014871   (3 -1) 
  0.00018691   (23 0.816) (24 0.302) (14 0.231) (25 -0.229) (17 -0.202) (16 0.153) (21 0.123) (19 -0.117) (28 0.112) (30 0.105) (20 -0.0764) (15 -0.0711) (40 0.0539) (43 0.0375) (26 0.0349) (37 -0.0243) (39 0.0231) (33 -0.0224) (36 0.0204) (45 0.0192) (46 -0.0156) (50 0.0148) (42 0.014) (79 -0.0134) (57 0.0123) (13 -0.0114) (32 -0.0103) 
  0.00022244   (160 -1) 
  0.00024297   (2 -1) 
  0.00024359   (19 0.612) (17 -0.53) (16 0.401) (14 0.267) (23 -0.231) (15 -0.155) (20 0.102) (18 0.0805) (21 -0.0759) (25 -0.0637) (30 0.0423) (159 -0.0339) (40 0.0334) (24 0.0311) (28 0.0299) (36 0.0152) (29 0.0142) (43 0.0135) (33 -0.0129) (79 -0.0119) (22 -0.0109) (13 -0.0108) (39 0.0101) (11 -0.01) 
  0.00026813   (159 -0.999) (19 -0.0208) (17 0.018) (16 -0.0136) 
  0.00027462   (6 -1) 
  0.00028425   (24 -0.879) (150 -0.337) (25 -0.219) (23 0.192) (14 0.0796) (17 -0.0656) (30 0.0508) (16 0.0506) (15 -0.045) (19 -0.0425) (22 0.0408) (40 0.0296) (20 -0.0294) (56 -0.0262) (54 0.0251) (27 -0.0223) (26 -0.0196) (34 0.0193) (36 0.0172) (43 0.017) (35 -0.017) (55 -0.0167) (29 0.0152) (79 -0.015) (28 0.015) (49 0.0116) (32 -0.011) 
   0.0002901   (150 -0.941) (24 0.315) (25 0.0783) (23 -0.0687) (14 -0.0285) (17 0.0235) (30 -0.0182) (16 -0.0181) (15 0.0161) (19 0.0152) (22 -0.0146) (40 -0.0106) (20 0.0105) 
  0.00030343   (5 -1) 
  0.00032052   (20 0.702) (19 -0.559) (152 -0.218) (17 -0.201) (23 -0.162) (16 0.156) (14 0.144) (22 -0.133) (15 -0.0798) (18 0.0789) (25 -0.0364) (27 -0.0236) (40 0.023) (24 0.0164) (30 0.0163) (79 -0.0162) (31 -0.0148) (29 0.0148) (26 -0.0141) (48 0.0132) (54 0.0121) (43 0.0106) 
  0.00035244   (152 -0.976) (20 -0.157) (19 0.125) (17 0.0449) (23 0.0362) (16 -0.0348) (14 -0.0323) (22 0.0298) (15 0.0178) (18 -0.0176) 
  0.00038502   (73 -0.778) (57 -0.509) (58 -0.136) (54 0.13) (46 0.108) (43 -0.0882) (50 -0.0859) (79 0.0849) (52 -0.0744) (40 -0.0741) (45 -0.0702) (41 -0.0689) (42 -0.0665) (56 0.066) (69 -0.051) (60 0.0489) (81 0.0481) (62 -0.0466) (53 0.0441) (14 0.0433) (30 -0.0425) (37 0.042) (74 -0.0395) (80 -0.0376) (48 0.0346) (55 -0.0339) (70 0.0316) (32 0.0307) (49 -0.0294) (99 -0.0279) (47 0.0263) (71 -0.024) (33 0.0238) (68 -0.0237) (88 0.023) (20 -0.0217) (92 0.0214) (104 0.0199) (123 0.0188) (59 -0.0167) (122 -0.0165) (39 -0.0165) (111 -0.0163) (83 -0.0156) (21 0.0156) (17 -0.015) (101 -0.0145) (124 0.0143) (109 -0.014) (28 -0.0133) (19 -0.0125) (114 -0.0124) (72 0.0123) (91 -0.0123) (94 -0.0118) (75 0.0117) (16 0.0115) (113 -0.0108) (23 0.0103) (77 0.0103) (25 0.0102) 
  0.00041218   (57 -0.611) (73 0.588) (58 -0.217) (153 0.165) (67 0.153) (46 0.147) (43 -0.142) (54 0.128) (69 -0.112) (45 -0.111) (40 -0.109) (62 -0.104) (68 -0.101) (50 -0.0993) (52 -0.0842) (42 -0.0737) (14 0.0683) (41 -0.0678) (56 0.0672) (30 -0.0596) (48 -0.0569) (53 0.0517) (36 -0.0474) (37 0.0441) (39 -0.039) (33 0.0344) (32 0.0307) (19 -0.028) (122 0.0274) (17 -0.0266) (60 0.0253) (28 -0.0253) (74 0.0252) (66 -0.0243) (47 0.0239) (79 -0.0231) (16 0.0209) (20 -0.0202) (23 0.0184) (81 -0.0179) (126 0.0176) (117 0.0174) (83 -0.017) (111 -0.0168) (25 0.0167) (92 0.0159) (51 0.0158) (59 -0.0154) (71 0.0153) (127 0.0152) (31 -0.0148) (21 0.0145) (49 -0.0138) (121 0.0128) (109 -0.0127) (101 -0.0126) (133 0.0119) (77 0.0117) (72 -0.0111) (61 -0.0105) (130 0.0104) (120 0.0104) 
   0.0004219   (153 0.986) (57 0.105) (73 -0.0939) (58 0.0369) (46 -0.0255) (67 -0.0253) (43 0.0246) (54 -0.0223) (45 0.0193) (40 0.019) (69 0.0188) (62 0.0175) (50 0.0173) (68 0.0169) (52 0.0146) (42 0.0129) (41 0.012) (14 -0.0119) (56 -0.0117) (30 0.0104) 
  0.00043487   (27 -0.943) (26 0.192) (25 0.162) (28 -0.122) (51 0.103) (50 -0.0679) (52 0.0474) (54 -0.0378) (14 0.0353) (30 0.0352) (23 0.0334) (46 0.0317) (57 0.0316) (20 -0.0316) (48 -0.0308) (43 -0.0277) (45 -0.026) (36 -0.0235) (17 -0.0218) (32 -0.021) (18 -0.0204) (15 -0.02) (16 0.0178) (29 -0.0176) (31 -0.0157) (53 -0.0137) (22 -0.0137) (21 0.0129) (79 -0.0123) 
  0.00046991   (148 0.638) (51 0.506) (50 -0.351) (52 0.201) (54 -0.182) (43 -0.147) (46 0.145) (57 0.13) (27 0.119) (40 -0.115) (45 -0.112) (48 -0.0971) (49 -0.0754) (42 -0.0631) (53 -0.0629) (41 -0.0594) (30 -0.0507) (14 0.0444) (39 -0.036) (56 -0.0315) (36 -0.0295) (37 0.0293) (55 -0.0275) (32 0.0236) (73 -0.0235) (60 -0.0233) (33 0.0225) (79 -0.0208) (26 -0.0206) (17 -0.0161) (19 -0.0145) (16 0.0127) (20 -0.0116) (23 0.0108) (81 -0.0103) 
  0.00048918   (148 0.77) (51 -0.419) (50 0.291) (52 -0.166) (54 0.151) (43 0.122) (46 -0.12) (57 -0.108) (27 -0.0952) (40 0.095) (45 0.0929) (48 0.0805) (49 0.0625) (42 0.0523) (53 0.0521) (41 0.0493) (30 0.0419) (14 -0.037) (39 0.0298) (56 0.0261) (36 0.0245) (37 -0.0242) (55 0.0228) (73 0.0195) (32 -0.0195) (60 0.0193) (33 -0.0186) (79 0.0171) (26 0.0164) (17 0.0134) (19 0.012) (16 -0.0106) 
  0.00051865   (52 -0.865) (36 0.32) (54 -0.176) (57 0.157) (55 0.144) (40 -0.114) (49 -0.112) (50 -0.0936) (41 -0.0812) (51 0.0806) (53 -0.0677) (46 0.0669) (43 -0.0663) (42 -0.0469) (45 -0.0463) (56 -0.0438) (79 -0.0253) (69 -0.023) (39 -0.0223) (37 0.0206) (47 0.0168) (68 -0.0159) (67 0.0148) (151 0.0135) (27 -0.0133) (80 0.0133) (81 -0.0113) (60 -0.0106) (34 -0.0102) (21 0.01) 
  0.00062876   (151 0.971) (36 -0.223) (52 -0.0637) (30 -0.0269) (40 0.0257) (48 0.0181) (32 0.0169) (57 0.0154) (33 0.0147) (14 0.0144) (54 -0.011) 
  0.00070255   (36 0.886) (52 0.307) (151 0.24) (30 0.108) (40 -0.0977) (48 -0.0738) (57 -0.0711) (32 -0.0688) (33 -0.0591) (14 -0.0587) (54 0.0542) (55 -0.0477) (50 0.0392) (25 -0.0387) (41 -0.0301) (79 0.0297) (20 0.029) (49 0.0285) (39 -0.0276) (43 -0.0273) (34 -0.0267) (73 0.0237) (35 -0.0235) (27 -0.0224) (53 0.022) (22 -0.0218) (17 0.0202) (31 0.0194) (19 0.0187) (51 -0.0177) (16 -0.0174) (45 -0.0156) (81 0.0156) (23 -0.0151) (80 -0.015) (24 0.0143) (15 0.0117) (26 -0.0115) 
  0.00076652   (69 0.706) (68 0.473) (67 -0.434) (57 -0.167) (70 -0.122) (73 0.0935) (66 0.0638) (62 0.0547) (46 0.0527) (52 -0.0512) (40 -0.0427) (50 -0.0422) (43 -0.0407) (55 -0.0397) (41 -0.0393) (54 0.0386) (48 0.0382) (42 -0.0365) (58 0.0325) (83 -0.0297) (45 -0.0278) (30 -0.0256) (14 0.0253) (37 0.0249) (147 0.0231) (56 0.0223) (49 -0.0221) (32 0.0213) (99 -0.0201) (88 0.0179) (53 0.0167) (92 0.0159) (104 0.0158) (20 -0.0158) (97 -0.0157) (127 0.0155) (71 0.0155) (124 0.0154) (33 0.0146) (60 -0.0137) (125 0.0137) (21 0.0115) (111 -0.0108) (90 0.0106) (122 -0.0102) (117 0.0102) (39 -0.0101) 
  0.00077085   (147 0.809) (48 -0.462) (50 0.179) (51 -0.152) (46 0.126) (45 -0.1) (43 -0.0929) (41 -0.0911) (40 -0.0873) (57 0.0843) (49 -0.0738) (36 -0.0509) (47 0.039) (42 -0.0384) (73 -0.0376) (14 0.0326) (30 -0.0292) (55 -0.027) (44 -0.0233) (79 -0.0233) (52 0.0177) (58 0.0166) (33 0.0162) (32 0.0152) (37 0.0144) (19 -0.014) (53 -0.0139) (39 -0.0138) (81 -0.0136) (17 -0.0118) (25 0.0116) (54 -0.0114) (28 -0.0108) (62 0.0106) (80 0.0105) 
   0.0007841   (48 0.634) (147 0.587) (50 -0.245) (51 0.209) (46 -0.176) (45 0.139) (43 0.13) (41 0.127) (40 0.122) (57 -0.109) (49 0.103) (36 0.0697) (42 0.0546) (47 -0.0541) (73 0.0483) (14 -0.046) (30 0.0415) (55 0.039) (44 0.0323) (79 0.0319) (67 0.0287) (58 -0.0242) (33 -0.023) (52 -0.0221) (32 -0.0219) (37 -0.021) (19 0.0195) (39 0.0194) (81 0.0186) (53 0.0184) (62 -0.0168) (17 0.0166) (68 -0.0165) (25 -0.0164) (69 -0.0157) (28 0.0151) (80 -0.0146) (16 -0.0141) (54 0.014) (20 0.0132) (22 -0.0124) (24 0.0117) (121 -0.0106) (122 -0.0102) 
  0.00085271   (37 0.899) (20 -0.191) (21 0.164) (19 -0.15) (23 -0.132) (22 0.119) (14 0.119) (40 0.0967) (41 0.0804) (17 -0.0746) (32 0.0701) (42 0.0671) (43 0.061) (16 0.059) (46 -0.0588) (33 0.0577) (36 0.0508) (39 0.0496) (18 -0.0437) (45 0.0416) (35 0.0353) (25 -0.0305) (57 0.0265) (38 -0.0257) (54 -0.0225) (24 0.0214) (50 0.0211) (48 -0.0203) (30 -0.0165) (52 0.0135) (47 -0.0113) (15 -0.0111) 
  0.00097708   (20 -0.435) (21 0.38) (37 -0.372) (23 -0.368) (19 -0.362) (22 0.34) (14 0.219) (17 -0.163) (30 0.134) (16 0.129) (25 -0.101) (18 -0.0937) (32 -0.0654) (28 0.065) (33 -0.0504) (24 0.0443) (15 -0.0347) (143 -0.0311) (31 0.0266) (29 -0.0223) (35 -0.0203) (26 -0.0165) (13 -0.0138) (48 0.0131) (36 0.0125) 
   0.0010356   (143 -0.996) (144 -0.0893) (20 0.0141) (21 -0.0123) (23 0.0118) (19 0.0117) (22 -0.0109) 
   0.0011714   (48 0.421) (46 0.418) (50 0.412) (49 0.393) (14 0.271) (41 -0.223) (45 -0.219) (42 -0.172) (54 -0.162) (43 -0.157) (57 0.125) (15 0.115) (40 -0.0974) (17 0.0721) (52 0.0687) (16 -0.0583) (37 0.0536) (53 -0.0502) (44 0.043) (56 -0.0393) (30 -0.0369) (47 0.0365) (32 0.0363) (39 -0.0342) (79 0.0342) (33 0.0278) (19 0.0237) (67 0.0216) (80 -0.0168) (77 0.0141) (81 0.014) (51 -0.0135) (68 -0.0124) (111 -0.0117) (83 -0.0113) (62 -0.0109) (69 -0.0109) (76 -0.0105) 
   0.0013748   (14 0.742) (15 0.387) (17 0.306) (16 -0.25) (46 -0.141) (19 0.128) (48 -0.121) (49 -0.114) (20 0.112) (50 -0.11) (41 0.0844) (45 0.0812) (30 0.0771) (43 0.07) (42 0.0665) (21 -0.0629) (23 -0.0605) (40 0.0597) (18 0.0504) (25 -0.0417) (54 0.0416) (28 0.0387) (37 -0.0337) (32 -0.0327) (57 -0.0281) (13 -0.0245) (33 -0.0215) (36 0.0212) (39 0.0201) (52 -0.0172) (31 0.0163) (47 -0.0131) (53 0.0118) (11 -0.0118) (79 -0.0111) (29 -0.0109) (44 -0.0108) 
   0.0013849   (145 1) (146 0.0123) 
   0.0014481   (56 0.598) (55 -0.44) (30 -0.38) (54 0.329) (57 0.279) (31 -0.213) (53 0.0989) (52 -0.0879) (48 0.0835) (50 -0.08) (14 0.0763) (32 -0.0735) (36 0.0638) (28 -0.0527) (46 0.0491) (25 0.0478) (20 -0.0439) (29 0.0439) (33 -0.0393) (67 0.0352) (17 -0.0307) (79 0.0285) (23 0.0255) (19 -0.025) (71 -0.0246) (16 0.0245) (49 -0.0244) (47 0.0243) (42 -0.0233) (73 0.0229) (21 0.0221) (62 -0.0217) (81 0.0199) (58 -0.0196) (45 -0.0177) (60 -0.0156) (80 -0.0156) (68 -0.0152) (43 -0.0135) (40 0.0131) (41 -0.0126) (69 -0.0115) (18 -0.0113) (70 -0.0109) (37 -0.0107) 
   0.0015129   (30 -0.695) (31 -0.403) (56 -0.306) (55 0.222) (32 -0.188) (54 -0.185) (57 -0.119) (14 0.107) (36 0.102) (40 0.0982) (33 -0.0971) (139 0.0925) (28 -0.0889) (25 0.0865) (41 0.0851) (37 -0.0791) (29 0.0738) (46 -0.0711) (50 0.0697) (42 0.0624) (43 0.0619) (53 -0.0559) (20 -0.0534) (52 0.0527) (45 0.0499) (17 -0.0494) (23 0.0445) (19 -0.043) (48 -0.0403) (16 0.0394) (49 0.0258) (39 0.0256) (35 -0.0219) (24 -0.0218) (21 0.0211) (47 -0.0207) (27 0.0202) (18 -0.0167) (73 -0.016) (67 -0.015) (79 -0.0149) (26 0.0142) (15 -0.0133) (58 0.0108) (81 -0.0107) (71 0.0105) (22 0.0104) 
   0.0015822   (139 0.996) (30 0.0679) (31 0.0393) (56 0.0232) (32 0.018) (55 -0.0168) (54 0.0142) (14 -0.0107) 
   0.0016839   (18 -0.815) (31 0.484) (30 -0.21) (20 0.138) (28 -0.137) (14 0.0682) (19 0.0606) (21 0.0388) (32 -0.0334) (23 0.0326) (135 0.0315) (15 -0.0304) (40 0.0296) (25 0.0257) (27 0.0237) (36 0.0211) (33 -0.0206) (13 0.0202) (17 -0.0188) (37 -0.0174) (71 0.0154) (41 0.0142) (43 0.0135) (16 0.0134) (29 0.013) (39 0.0124) 
   0.0017131   (31 0.585) (135 0.577) (18 0.453) (30 -0.27) (28 -0.132) (20 -0.0973) (19 -0.0666) (25 0.0639) (40 0.0365) (14 0.0357) (16 0.0356) (36 0.0329) (32 -0.0313) (33 -0.0292) (23 0.0268) (17 -0.0248) (24 -0.0201) (43 0.0166) (21 -0.0157) (37 -0.0157) (29 0.0155) (41 0.0147) (13 -0.0141) (50 0.0131) (44 0.0105) 
   0.0019114   (135 0.816) (31 -0.432) (18 -0.288) (30 0.199) (28 0.0989) (20 0.0635) (25 -0.0462) (19 0.0448) (14 -0.0279) (40 -0.0269) (16 -0.0257) (36 -0.024) (32 0.0234) (33 0.0214) (23 -0.0202) (17 0.0182) (24 0.0144) (43 -0.0122) (37 0.0118) (29 -0.0115) (41 -0.0109) 
   0.0020849   (28 -0.873) (49 -0.233) (30 0.203) (50 0.197) (31 -0.135) (51 0.132) (27 0.117) (53 -0.0989) (67 -0.084) (25 -0.0776) (48 0.0607) (47 -0.055) (70 0.0465) (44 0.0463) (54 0.0454) (69 -0.0439) (29 -0.0392) (45 0.0381) (14 0.037) (33 -0.0321) (23 0.031) (71 -0.0288) (20 -0.0281) (24 0.0277) (43 0.025) (55 -0.0233) (17 -0.0225) (66 0.0225) (57 -0.0221) (26 0.0216) (16 0.021) (19 -0.0202) (18 0.0182) (39 -0.017) (42 -0.0162) (60 0.0158) (13 0.0157) (40 0.0155) (74 0.0128) (73 0.0124) (34 -0.0117) (41 0.0115) (82 -0.0112) 
   0.0022308   (67 -0.653) (69 -0.38) (70 0.349) (50 -0.25) (49 0.24) (66 0.217) (71 -0.179) (51 -0.172) (132 0.147) (74 0.0905) (62 0.0874) (78 -0.0819) (73 0.0707) (79 0.0585) (60 0.0525) (82 -0.0467) (63 0.044) (76 0.0422) (53 0.0395) (43 -0.0394) (28 -0.0382) (59 -0.034) (45 -0.0311) (81 0.0281) (48 -0.0277) (47 0.0226) (40 -0.0221) (87 0.0221) (65 0.0216) (46 0.021) (115 -0.0209) (130 0.0194) (75 -0.0184) (83 -0.0175) (77 0.0169) (133 0.0164) (44 -0.0164) (84 0.0155) (61 0.0145) (58 0.0142) (14 0.0139) (128 0.0138) (39 -0.0136) (57 0.0135) (92 0.0132) (96 -0.0127) (72 0.0125) (114 0.0122) (118 -0.0122) (55 0.012) (56 -0.0118) (86 -0.0116) (52 -0.0111) (112 0.0108) (85 0.0104) 
   0.0023412   (132 0.493) (49 0.414) (50 -0.389) (28 -0.308) (51 -0.279) (67 0.277) (53 0.181) (70 -0.163) (69 0.157) (47 0.117) (44 -0.101) (54 -0.0977) (71 0.0951) (66 -0.0914) (48 -0.0898) (57 0.0736) (133 0.0711) (30 0.0606) (55 0.0583) (73 -0.0489) (60 -0.0457) (27 0.0435) (45 -0.041) (43 -0.0408) (74 -0.0385) (31 -0.0326) (25 -0.0311) (42 0.0306) (130 0.0273) (82 0.0258) (14 0.0255) (79 -0.0253) (63 -0.023) (83 0.021) (78 0.0199) (41 0.0188) (40 -0.0169) (62 0.0168) (33 -0.0165) (17 -0.0164) (72 -0.0164) (34 0.0161) (23 0.0159) (20 -0.0158) (39 0.0146) (99 0.0146) (111 0.0143) (65 -0.0131) (77 -0.0131) (24 0.012) (19 -0.0116) (116 -0.0112) (59 0.0112) (16 0.0111) (68 0.0109) (29 -0.0108) (117 -0.0105) (56 -0.0104) 
   0.0025254   (132 0.844) (49 -0.282) (50 0.269) (28 0.194) (51 0.192) (133 0.125) (53 -0.111) (47 -0.0718) (44 0.0615) (48 0.0567) (54 0.0553) (67 -0.0468) (57 -0.0449) (55 -0.0358) (30 -0.0357) (70 0.0338) (43 0.0306) (45 0.0291) (27 -0.0271) (130 0.0258) (69 -0.0253) (62 -0.025) (71 -0.0241) (31 0.0202) (25 0.0195) (42 -0.0178) (14 -0.0177) (60 0.0172) (73 0.0161) (66 0.0151) (40 0.0137) (128 0.0122) (17 0.0108) (20 0.0107) (23 -0.0106) (41 -0.0101) 
   0.0027149   (22 -0.881) (20 -0.288) (54 -0.192) (55 -0.186) (21 0.124) (23 -0.104) (19 -0.0861) (14 0.072) (17 -0.0559) (57 -0.0528) (46 -0.0496) (13 -0.0493) (18 -0.0489) (30 0.0448) (25 -0.0367) (50 0.0338) (29 -0.0337) (32 -0.0331) (43 0.0313) (42 0.0285) (24 -0.0276) (37 -0.0268) (45 0.0267) (48 -0.0256) (28 0.0252) (26 -0.0246) (16 0.0215) (11 -0.0212) (49 0.0209) (40 0.0207) (41 0.0182) (27 0.0152) (79 -0.0145) (36 -0.0142) (69 -0.0134) (53 -0.0123) (125 0.0122) (52 -0.0119) (120 -0.0117) (31 0.0111) (121 -0.011) (122 -0.0109) 
   0.0027324   (60 -0.818) (54 0.329) (55 0.311) (58 0.197) (59 0.188) (22 -0.122) (46 0.0875) (43 -0.0626) (79 0.0567) (49 -0.0522) (20 -0.0494) (45 -0.0461) (69 -0.0427) (42 -0.0336) (50 -0.032) (134 -0.0304) (61 0.0269) (21 0.0268) (41 0.0258) (80 -0.0228) (52 0.0211) (70 0.0205) (48 0.0193) (125 0.0184) (83 0.0182) (108 -0.0182) (67 -0.0181) (115 0.017) (14 0.0167) (121 0.0166) (68 -0.0166) (81 0.0161) (71 0.0157) (23 -0.0154) (39 -0.0151) (30 -0.0143) (63 0.0141) (126 0.0132) (66 0.0118) (19 -0.0117) (47 -0.0116) (13 -0.0111) (25 -0.0109) (37 0.0106) 
   0.0028718   (134 -0.672) (55 0.408) (54 0.385) (60 0.348) (57 0.179) (22 -0.164) (59 -0.0792) (58 -0.0735) (46 0.0673) (50 -0.0663) (20 -0.0647) (44 0.0591) (47 -0.0531) (41 -0.0505) (52 0.0455) (42 -0.0423) (69 0.0389) (39 -0.0342) (21 0.031) (45 -0.0305) (49 -0.0292) (133 0.0286) (14 0.0283) (56 -0.0275) (43 -0.0273) (67 0.0255) (53 0.0248) (62 -0.0227) (70 -0.0225) (79 0.0211) (125 -0.0186) (19 -0.0177) (23 -0.0176) (83 -0.0172) (30 -0.0143) (81 0.0136) (48 0.0133) (122 0.0132) (61 -0.0131) (80 -0.0126) (17 -0.0126) (51 0.0122) (40 -0.0118) (68 0.0117) (37 0.0116) (66 -0.0113) (18 -0.0112) (124 -0.0106) (77 0.0102) (117 0.01) 
   0.0028902   (134 -0.738) (55 -0.383) (54 -0.364) (60 -0.282) (57 -0.163) (22 0.155) (46 -0.0651) (59 0.064) (50 0.0616) (20 0.0609) (58 0.0584) (44 -0.0539) (47 0.0486) (41 0.0445) (52 -0.0421) (42 0.0399) (125 0.0347) (69 -0.0337) (39 0.0316) (45 0.0298) (21 -0.0293) (49 0.0289) (133 0.0279) (43 0.0278) (14 -0.0265) (56 0.0251) (53 -0.0227) (67 -0.0224) (79 -0.0208) (62 0.0202) (70 0.0197) (126 0.0173) (23 0.0166) (19 0.0166) (83 0.0154) (127 0.0143) (124 0.0139) (30 0.0137) (122 -0.0131) (48 -0.013) (81 -0.0128) (80 0.0122) (17 0.0118) (117 -0.0116) (37 -0.0111) (51 -0.011) (40 0.0107) (61 0.0107) (18 0.0106) 
   0.0033951   (33 0.911) (58 -0.3) (83 0.13) (37 -0.104) (36 0.0876) (57 0.0803) (60 -0.0739) (41 0.067) (40 0.0669) (30 -0.0637) (32 0.0558) (28 -0.0412) (44 -0.0359) (86 0.0331) (42 0.0319) (39 0.0314) (13 0.0289) (14 0.0283) (46 -0.0265) (45 0.0236) (56 -0.0233) (43 0.0223) (67 -0.0223) (52 0.0213) (50 0.0208) (47 0.0176) (96 -0.0175) (81 -0.0173) (54 -0.0173) (35 -0.0166) (79 -0.0164) (20 -0.0158) (31 -0.0151) (51 -0.0144) (49 -0.0136) (16 0.0131) (89 -0.013) (69 0.0125) (73 -0.0123) (17 -0.0119) (85 0.0116) (25 0.0113) (68 0.011) (21 0.0106) (53 -0.0105) (23 0.0105) 
   0.0042026   (83 0.836) (58 0.41) (131 0.194) (86 0.14) (60 0.132) (79 -0.106) (57 -0.1) (85 0.064) (80 0.0542) (89 -0.0511) (90 0.0475) (115 -0.045) (81 -0.0441) (91 -0.0393) (54 0.0388) (84 0.0322) (111 -0.0312) (46 0.0304) (56 0.0294) (117 0.0294) (43 -0.0285) (33 0.0266) (97 -0.0255) (96 -0.0242) (71 0.0234) (103 -0.0232) (114 0.022) (82 0.0212) (101 -0.0203) (48 0.0198) (77 -0.0192) (45 -0.0189) (52 -0.0188) (92 0.0186) (69 -0.0181) (99 -0.018) (40 -0.0169) (62 0.0164) (42 -0.0163) (70 0.0163) (104 0.0162) (30 -0.0149) (51 0.0148) (87 -0.0147) (120 0.014) (76 0.0139) (124 0.0139) (108 -0.0135) (39 -0.0135) (50 -0.0132) (93 0.0124) (126 -0.0123) (106 0.0123) (14 0.0121) (37 0.0114) (113 -0.0108) (112 0.0107) 
   0.0042212   (58 0.608) (131 0.528) (83 -0.435) (33 0.278) (60 0.159) (57 -0.112) (86 -0.0801) (47 0.0718) (44 -0.0718) (67 0.0661) (79 0.0645) (81 0.0414) (89 0.0382) (85 -0.0372) (41 0.0339) (90 -0.03) (69 -0.0294) (96 0.0289) (68 -0.0283) (56 0.0275) (73 0.0261) (30 -0.0249) (37 -0.0247) (36 0.0242) (43 -0.0241) (84 -0.0232) (80 -0.0226) (115 0.022) (39 0.0209) (114 -0.0209) (54 0.0204) (32 0.0184) (91 0.0183) (14 0.0179) (62 0.0178) (52 -0.0174) (103 0.0172) (94 -0.0166) (28 -0.0164) (88 0.0144) (108 0.0139) (66 -0.0134) (112 -0.013) (59 0.0128) (45 -0.0126) (51 0.0125) (50 -0.0122) (109 -0.0119) (93 -0.0115) (20 -0.011) (46 0.0109) (48 0.0108) (133 -0.0107) (127 0.0105) (63 -0.0105) (53 0.0102) 
   0.0042356   (131 0.827) (58 -0.481) (33 -0.193) (60 -0.132) (57 0.0951) (83 0.0789) (47 -0.0467) (44 0.0454) (67 -0.0427) (56 -0.0245) (69 0.0228) (54 -0.0224) (43 0.0222) (41 -0.0207) (30 0.0203) (68 0.0194) (86 0.019) (36 -0.0176) (73 -0.0169) (52 0.0155) (81 -0.0154) (62 -0.0152) (79 -0.015) (14 -0.0148) (32 -0.0144) (46 -0.0143) (96 -0.014) (37 0.0139) (89 -0.0129) (115 -0.0126) (45 0.0124) (114 0.012) (48 -0.0119) (28 0.0117) (51 -0.0114) (94 0.011) (50 0.0108) (130 0.0107) (133 -0.0102) (39 -0.0101) 
   0.0042804   (105 0.515) (96 0.348) (103 0.344) (124 0.309) (100 0.257) (108 -0.241) (104 -0.213) (109 0.211) (101 0.169) (125 -0.153) (121 0.13) (120 -0.121) (107 -0.115) (115 -0.0926) (112 -0.0884) (94 -0.0873) (123 -0.087) (102 -0.0841) (99 -0.0762) (106 0.0752) (111 0.0707) (116 0.0698) (98 -0.0677) (93 -0.0527) (110 -0.0472) (88 -0.0468) (113 -0.0448) (47 0.0445) (146 -0.0415) (119 -0.0381) (117 0.0358) (44 -0.0303) (92 0.0303) (83 0.0283) (89 0.0275) (81 0.0272) (71 0.0271) (85 -0.0195) (80 0.018) (114 -0.017) (58 -0.0167) (41 0.0164) (97 0.0145) (122 0.0139) (133 0.0132) (49 -0.0129) (91 0.0128) (67 -0.0122) (70 0.0116) (126 0.0106) (79 -0.0104) (118 -0.0102) 
   0.0044139   (146 0.998) (124 0.0417) (125 -0.0205) (105 0.016) (145 -0.0124) (120 -0.0107) 
   0.0045392   (47 0.718) (44 -0.54) (41 0.177) (49 -0.167) (48 0.122) (58 -0.101) (71 0.0997) (43 -0.0961) (50 0.0901) (33 -0.0862) (39 0.0837) (13 -0.0789) (42 0.0754) (124 -0.0694) (54 0.0613) (55 0.0572) (67 -0.056) (51 0.05) (70 0.05) (81 0.0494) (125 0.0488) (83 0.0478) (57 0.0465) (96 0.0436) (45 -0.0433) (121 -0.0405) (60 0.0385) (56 -0.0379) (52 0.0346) (105 -0.0307) (109 -0.0303) (22 -0.03) (112 -0.0298) (80 0.0283) (46 0.0277) (123 0.0271) (120 0.0271) (108 0.0249) (53 -0.0245) (115 0.0244) (106 -0.021) (103 -0.0208) (86 -0.0208) (59 -0.0202) (69 -0.0187) (66 0.0183) (89 0.018) (110 -0.0178) (91 -0.0177) (99 0.0171) (30 0.0161) (11 -0.0161) (85 -0.0155) (77 -0.0153) (79 -0.015) (111 0.0143) (29 0.0137) (107 0.0135) (100 -0.0133) (28 0.0132) (114 -0.0118) (94 -0.0115) (73 0.011) (32 -0.0109) (12 -0.01) (116 -0.01) 
   0.0045704   (71 0.652) (47 -0.378) (44 -0.33) (80 0.3) (77 -0.179) (78 0.162) (70 0.161) (79 0.149) (94 -0.132) (82 0.121) (86 -0.113) (75 -0.1) (81 0.0903) (98 -0.0818) (67 -0.0733) (72 -0.0726) (90 0.0715) (46 0.0699) (84 -0.0624) (96 -0.053) (110 -0.0481) (39 0.0464) (112 0.0425) (107 0.0412) (85 -0.041) (41 -0.0397) (93 0.0384) (76 -0.0365) (74 0.0361) (92 -0.0339) (69 -0.0314) (104 0.0306) (106 -0.03) (109 -0.0288) (114 0.0278) (105 -0.0276) (121 0.0249) (60 0.0233) (66 0.0231) (45 0.0229) (124 0.0214) (101 -0.0193) (54 0.0189) (125 -0.0177) (56 0.0173) (62 0.0164) (116 0.016) (55 -0.015) (58 -0.0138) (123 -0.0138) (103 0.0136) (59 -0.0135) (100 -0.0135) (156 0.0133) (68 -0.0123) (18 0.0117) (99 -0.0114) (115 -0.0111) (49 0.0105) (89 -0.0101) (40 0.0101) 
   0.0048129   (156 0.999) (44 0.0365) (47 0.0265) (71 0.0107) 
   0.0050615   (44 -0.692) (47 -0.458) (71 -0.445) (77 0.112) (39 0.111) (70 -0.108) (80 -0.1) (46 0.1) (86 0.0741) (78 -0.0714) (79 -0.0688) (89 -0.0586) (107 -0.0459) (156 0.0458) (76 -0.0446) (67 0.0436) (82 -0.0431) (85 0.043) (42 0.0402) (72 0.0398) (90 0.0381) (98 0.0371) (112 -0.0364) (41 -0.034) (115 0.0334) (40 0.033) (110 0.0327) (33 -0.0297) (106 0.0294) (84 0.0289) (114 -0.0272) (81 -0.0265) (51 0.0238) (96 0.0233) (109 0.0219) (45 0.0217) (13 -0.0212) (75 0.0209) (49 0.0201) (50 0.02) (104 -0.0189) (101 0.0178) (121 -0.0172) (124 -0.0165) (62 -0.0163) (105 0.0162) (94 -0.0159) (55 0.015) (125 0.0148) (88 0.0146) (99 0.0144) (66 -0.0138) (69 0.0134) (102 0.0134) (31 0.0133) (74 -0.0115) (68 0.0113) (22 -0.0111) (117 -0.0107) 
    0.005161   (16 0.793) (17 0.587) (138 -0.15) (15 0.0507) (13 0.0319) (7 -0.0201) (22 -0.0181) (18 -0.0104) 
   0.0053072   (138 -0.989) (16 -0.12) (17 -0.089) 
   0.0053701   (7 1) (16 0.0159) (17 0.0118) 
   0.0055933   (8 1) 
   0.0058194   (26 -0.716) (25 0.558) (136 -0.332) (30 0.13) (23 0.126) (14 0.0989) (24 -0.0619) (17 -0.0578) (40 0.0508) (16 0.0463) (15 -0.0419) (20 -0.0304) (29 0.0296) (27 -0.0292) (28 -0.0284) (43 0.028) (31 -0.0265) (39 0.0247) (19 -0.0238) (79 -0.023) (21 0.0216) (36 0.0198) (22 0.0166) (32 -0.016) (41 -0.0133) (80 0.0128) (81 -0.0121) (51 -0.0108) 
   0.0061144   (136 -0.943) (26 0.252) (25 -0.197) (30 -0.0459) (23 -0.0443) (14 -0.0349) (24 0.0218) (17 0.0204) (40 -0.0179) (16 -0.0163) (15 0.0148) (20 0.0107) (29 -0.0104) (27 0.0103) (28 0.01) 
   0.0063988   (15 -0.679) (10 0.64) (17 0.259) (14 0.181) (16 -0.148) (19 0.0468) (25 -0.0449) (23 -0.0358) (18 0.0339) (24 0.0235) (21 0.0205) (40 0.0156) (20 0.0135) 
   0.0067894   (142 0.999) (10 -0.0277) (15 -0.0174) 
   0.0076828   (10 0.768) (15 0.563) (17 -0.218) (14 -0.144) (16 0.126) (19 -0.0414) (25 0.0409) (142 0.034) (23 0.0311) (18 -0.0266) (24 -0.0223) (21 -0.0203) (40 -0.0154) (22 0.0107) (20 -0.0104) (79 0.0102) 
    0.008121   (11 0.925) (39 -0.342) (44 -0.0759) (41 -0.0663) (13 -0.0599) (40 0.0589) (43 0.0556) (12 -0.0543) (34 -0.0254) (47 0.0246) (14 0.0242) (46 -0.0186) (29 -0.0146) (35 -0.0134) (37 0.0125) (53 0.0116) 
   0.0083767   (140 0.998) (39 -0.0543) (11 -0.0245) 
    0.008689   (39 0.867) (11 0.366) (44 0.159) (40 -0.159) (41 0.149) (43 -0.133) (140 0.063) (34 0.0608) (53 -0.0423) (47 -0.0423) (46 0.0413) (13 -0.0355) (35 0.0323) (29 0.0297) (37 -0.0295) (12 -0.0248) (22 -0.024) (33 -0.023) (61 -0.0197) (54 0.0185) (64 0.0185) (38 -0.0174) (45 -0.0168) (30 0.0162) (60 0.0139) (21 -0.0135) (115 0.0124) (74 0.0124) (77 -0.0118) (42 -0.0116) (32 0.0113) (49 0.0109) (82 0.0108) (36 0.0102) (65 0.0101) 
   0.0095826   (12 0.934) (29 -0.34) (13 -0.0581) (11 0.0507) (30 -0.0388) (32 0.0352) (26 -0.0179) (39 0.0162) (66 -0.0159) (34 0.0142) (14 0.0141) (35 0.0116) (15 -0.0115) (33 -0.0106) 
   0.0096476   (137 -0.963) (29 -0.244) (12 -0.101) (30 -0.0275) (32 0.0221) (26 -0.0104) 

 Largest eigenvalues
      29.662   (163 0.293) (164 -0.943) 
      26.426   (41 -0.765) (43 0.437) 
      15.686   (79 0.738) (80 -0.352) (81 0.378) 
      13.979   (114 -0.453) (115 0.681) (117 -0.299) 
      3.5534   (96 0.29) (121 -0.339) (124 -0.58) (125 0.407) 
      1.2244   (163 0.952) (164 0.292) 
      1.1649   (165 -0.998) 
      1.1476   (162 0.99) 
      1.1329   (88 0.922) (99 0.25) 
      1.1177   (99 -0.693) (101 0.376) (105 -0.376) 
      1.0989   (99 -0.427) (104 0.396) (105 0.381) (106 -0.508) 
     0.98498   (113 -0.315) (116 0.658) (117 -0.389) 
     0.95573   (104 0.391) (105 0.31) (106 0.612) (107 0.453) 
     0.90548   (100 0.745) (103 -0.396) 
     0.86662   (109 -0.347) (111 -0.41) (112 -0.372) (113 0.301) 
     0.79987   (109 0.398) (113 -0.37) (117 0.464) 
     0.67667   (109 -0.55) (110 0.412) 
     0.66715   (96 0.762) (100 -0.353) 
     0.65951   (113 0.295) (114 -0.365) (126 -0.577) (133 0.393) 
     0.60754   (112 -0.506) (113 -0.541) (114 0.387) (126 -0.303) 
     0.60685   (108 0.584) (111 -0.371) (112 0.291) (114 0.373) 
     0.58341   (108 -0.685) (111 -0.374) 
     0.58229   (123 0.425) (125 -0.35) (128 -0.531) 
      0.5802   (125 0.566) (126 0.466) (128 -0.442) 
     0.57205   (120 0.42) (121 0.444) (122 0.498) 
     0.55548   (119 -0.32) (120 -0.68) (122 0.315) 
     0.52592   (119 0.418) (121 -0.487) (123 -0.382) (127 -0.396) 
     0.49039   (119 -0.66) (122 -0.293) (133 -0.333) 
     0.42269   (119 0.478) (121 0.313) (123 0.394) (125 0.3) (133 -0.379) 
     0.40166   (91 -0.968) 
     0.32861   (121 -0.325) (122 0.34) (127 0.536) (133 -0.414) 
     0.31047   (92 0.293) (93 0.884) 
     0.29386   (93 -0.328) (103 0.612) (104 0.474) (105 -0.294) 
     0.28789   (102 -0.856) 
     0.27078   (98 -0.508) (122 -0.296) 
     0.23102   (86 -0.649) (98 0.325) 
     0.23029   (76 0.394) (77 -0.422) (98 0.566) 
     0.20828   (76 -0.409) (77 0.376) (86 0.612) 
     0.16878   (98 -0.382) (110 -0.463) 
     0.14724   (89 0.791) (90 -0.428) (94 0.309) 
     0.14481   (94 0.421) (97 -0.525) (107 -0.378) 
      0.1311   (85 0.309) (94 -0.607) (107 -0.343) 
     0.12561   (85 -0.867) (90 -0.218) (97 0.217) 
     0.11412   (85 0.312) (87 0.337) (89 -0.413) (90 -0.506) (97 0.353) 
     0.10591   (71 0.393) (76 0.349) (80 -0.551) (82 -0.316) 
     0.10361   (75 -0.325) (76 -0.288) (84 0.323) (87 -0.299) (97 0.326) 
    0.095536   (59 -0.262) (65 -0.205) (68 -0.327) (69 0.211) (72 0.346) (74 -0.204) (75 0.277) (77 0.199) (80 0.273) (82 0.214) (90 0.246) 
     0.09263   (59 0.651) (64 0.211) (65 0.249) (68 0.229) (82 0.237) 
    0.092126   (59 -0.586) (68 0.329) (72 -0.308) 
    0.087872   (59 0.274) (65 -0.321) (68 -0.302) (75 -0.267) (97 -0.308) (107 0.266) 
    0.085424   (64 0.49) (65 0.421) (72 0.384) 
    0.081736   (64 -0.605) (68 0.353) 
    0.077901   (61 0.381) (64 0.366) (65 -0.533) 
    0.074755   (61 -0.808) (72 -0.317) 
    0.072596   (61 0.411) (65 0.485) (68 -0.284) 
    0.069853   (65 -0.221) (68 0.235) (72 0.379) (75 -0.223) (82 0.253) (115 -0.236) (116 -0.294) (117 -0.234) 
    0.067349   (72 -0.288) (74 -0.326) (75 0.319) (84 -0.275) 
    0.062601   (63 -0.548) (70 0.373) (74 0.293) (82 -0.317) 
    0.058215   (63 0.621) (74 0.339) 
    0.057401   (63 -0.374) (70 -0.551) (75 -0.3) 
    0.054875   (66 -0.377) (70 0.267) (74 -0.45) (82 0.287) (84 0.307) (101 -0.306) 
    0.052573   (66 0.53) (74 0.287) (75 0.322) (82 0.288) (101 -0.302) 
    0.049603   (66 -0.563) (67 -0.321) (70 -0.343) (74 0.332) 
    0.047331   (84 -0.362) (87 -0.392) (118 0.344) 
    0.045614   (34 -0.829) (35 -0.432) 
     0.04346   (34 0.288) (53 -0.789) 
    0.042577   (53 0.387) (78 -0.355) (118 0.4) 
    0.039982   (54 -0.23) (55 0.277) (56 0.392) (62 0.315) (77 0.246) (78 0.398) (101 0.259) (118 0.296) 
    0.034432   (54 0.361) (55 -0.336) (56 -0.458) (78 0.363) 
    0.032852   (34 0.384) (35 -0.71) (42 0.354) 
    0.029446   (35 0.505) (42 0.474) (62 -0.375) 
    0.029362   (38 -0.41) (42 -0.449) (92 -0.448) 
    0.028264   (38 0.837) (92 -0.269) 
    0.026903   (38 -0.319) (42 0.309) (62 0.617) 
    0.023159   (130 -0.908) 
    0.022228   (129 -0.578) (155 0.809) 
    0.020904   (129 -0.577) (155 -0.314) (161 0.754) 
    0.020384   (129 -0.577) (155 -0.496) (161 -0.649) 
    0.018907   (13 -0.985) 
    0.016602   (141 0.999) 
