 1 1000
 2 603.209
 3 4.00844
 4 1000
 5 662.902
 6 46.28
 7 999.949
 8 15.3631
 9 979.473
 10 901.009
 11 5.57059
 12 744.537
 13 1000
 14 999.436
 15 0.81451
 16 1000
 17 999.279
 18 0.954663
 19 1000
 20 983.028
 21 15.3303
 22 1000
 23 995.65
 24 4.03868
 25 232.925
 26 275.925
 27 8.62535
 28 994.122
 29 360.579
 30 132.544
 31 515.867
 32 125.401
 33 742.612
 34 211.552
 35 215.882
 36 255.045
 37 991.075
 38 998.795
 39 2.75942
 40 581.04
 41 971.301
 42 1.70568
 43 478.765
 44 868.875
 45 11.5898
 46 998.188
 47 825.268
 48 177.346
 49 955.353
 50 191.206
 51 305.003
 52 186.354
 53 967.222
 54 274.242
 55 126.216
 56 227.951
 57 950.249
 58 83.3058
 59 150.165
 60 126.272
 61 28.7207
 62 1.72337
 63 221.157
 64 365.897
 65 2.23003
 66 419.152
 67 968.524
 68 33.5589
 69 999.958
 70 1000
 71 993.947
 72 5.96719
 73 999.727
 74 12.6195
 75 988.6
 76 988.954
 77 7.35033
 78 809.586
 79 999.357
 80 70.225
 81 927.874
 82 988.736
 83 533.055
 84 2.12263
 85 132.59
 86 2.15823
 87 969.78
 88 1.74079
 89 1.6619
 90 1.93184
 91 8.31622
 92 406.715
 93 825.027
 94 500.565
 95 745.916
 96 898.91
 97 373.343
 98 229.399
 99 140.038
 100 556.972
 101 930.451
 102 98.2467
 103 160.76
 104 140.752
 105 131.623
 106 165.635
 107 167.218
 108 168.135
 109 121.523
 110 89.5051
 111 180.519
 112 203.741
 113 183.066
 114 165.634
 115 170.164
 116 128.248
 117 173.222
 118 190.453
 119 144.001
 120 88.9839
 121 122.368
 122 48.0604
 123 58.901
 124 36.9644
 125 30.1809
 126 49.8994
 127 27.2002
 128 95.667
 129 68.4403
 130 59.441
 131 19.9873
 132 20.5252
 133 22.6871
 134 35.8994
 135 8.98894
 136 46.2901
 137 10.3519
 138 9.44766
 139 9.3405
 140 10.983
 141 11.748
 142 8.7553
 143 9.29501
 144 14.9477
 145 14.8557
 146 12.5753
 147 10.0919
 148 24.5162
 149 16.4476
 150 12.3321
 151 13.8576
 152 22.7545
 153 21.0232
 154 14.4055
 155 19.7832
 156 23.6972
 157 46.7332
 158 0.345181
 159 0.11743
 160 0.195279
 161 6.01847
 162 19.7975
 163 167.633
 164 451.906
 165 12.1716
