 1 31.6228
 2 24.3379
 3 1.074
 4 31.6228
 5 24.8765
 6 2.69507
 7 31.6217
 8 1.42967
 9 31.056
 10 29.8518
 11 1.12156
 12 26.9806
 13 31.6228
 14 31.6117
 15 0.90241
 16 31.6228
 17 31.6066
 18 0.914024
 19 31.6228
 20 31.1305
 21 1.42792
 22 31.6228
 23 31.5007
 24 1.03934
 25 14.8486
 26 15.8429
 27 1.42296
 28 31.5101
 29 16.4131
 30 6.75462
 31 22.3067
 32 5.12299
 33 25.1048
 34 14.3933
 35 10.5343
 36 12.2153
 37 31.4656
 38 31.5882
 39 1.34493
 40 23.8634
 41 31.0969
 42 1.28874
 43 21.2696
 44 28.9428
 45 1.69214
 46 31.5748
 47 26.3842
 48 6.91379
 49 30.7634
 50 13.51
 51 14.5812
 52 9.43227
 53 30.9574
 54 16.4104
 55 7.70019
 56 12.5354
 57 30.5381
 58 8.71166
 59 9.84788
 60 8.32115
 61 4.80426
 62 1.30494
 63 14.5357
 64 17.7622
 65 0.999946
 66 19.3284
 67 30.6717
 68 2.4065
 69 31.6215
 70 31.6228
 71 31.4571
 72 1.46817
 73 31.6168
 74 1.70738
 75 31.2834
 76 31.4336
 77 1.5439
 78 28.308
 79 31.6083
 80 3.58269
 81 29.488
 82 31.4031
 83 22.5026
 84 1.32264
 85 10.8793
 86 1.35565
 87 30.9064
 88 1.12155
 89 1.06435
 90 1.26033
 91 2.42389
 92 18.4038
 93 27.2174
 94 19.2648
 95 25.598
 96 29.2131
 97 18.0198
 98 13.4627
 99 9.83172
 100 22.5583
 101 30.1227
 102 8.84294
 103 12.0546
 104 11.1395
 105 10.7699
 106 12.4228
 107 12.3977
 108 12.4169
 109 10.2474
 110 8.14651
 111 12.7757
 112 13.9134
 113 13.0962
 114 12.3196
 115 12.3248
 116 10.2244
 117 12.3701
 118 13.1492
 119 11.305
 120 8.75821
 121 10.6432
 122 6.74221
 123 7.54964
 124 5.62997
 125 5.26665
 126 6.78911
 127 4.63051
 128 9.21231
 129 7.46611
 130 7.16523
 131 4.14458
 132 4.44156
 133 4.64524
 134 5.90288
 135 2.76519
 136 6.7383
 137 3.04378
 138 2.93771
 139 2.92065
 140 3.19427
 141 3.17265
 142 2.71251
 143 2.86056
 144 3.75138
 145 3.75887
 146 3.41953
 147 3.00279
 148 4.87298
 149 3.93363
 150 3.36039
 151 3.55631
 152 4.67657
 153 4.48758
 154 3.68324
 155 4.36304
 156 4.76927
 157 6.76148
 158 0.261393
 159 0.269636
 160 0.279142
 161 1.52213
 162 4.13976
 163 11.9802
 164 20.8134
 165 1.15538
