 1 66125.6
 2 641.601
 3 4.21105
 4 258015
 5 693.308
 6 48.3655
 7 992944
 8 127.533
 9 8574.73
 10 2718.19
 11 10.3426
 12 1492.67
 13 872004
 14 7394.9
 15 0.815646
 16 828275
 17 5211
 18 1.48787
 19 185821
 20 3009.41
 21 44.9553
 22 284093
 23 4055.94
 24 13.7314
 25 247.206
 26 312.712
 27 9.71274
 28 3218.15
 29 401.593
 30 146.881
 31 517.928
 32 129.479
 33 767.942
 34 218.164
 35 226.449
 36 268.306
 37 1530.7
 38 3208.47
 39 5.25205
 40 934.999
 41 5045.07
 42 1.87901
 43 668.105
 44 1575.66
 45 19.9503
 46 4612.46
 47 2386.19
 48 476.011
 49 2096.28
 50 192.188
 51 366.092
 52 226.027
 53 3058.85
 54 301.779
 55 155.975
 56 285.605
 57 1549.28
 58 84.4119
 59 173.39
 60 146
 61 28.7412
 62 1.7235
 63 222.027
 64 367.788
 65 2.23373
 66 420.468
 67 3977.13
 68 132.197
 69 93760.5
 70 398718
 71 3237.03
 72 15.3937
 73 20917.4
 74 132.83
 75 11470.9
 76 10328.3
 77 11.4673
 78 1352.47
 79 10377.7
 80 175.536
 81 2198.45
 82 2380.47
 83 594.037
 84 2.21198
 85 173.933
 86 2.39753
 87 2305.54
 88 1.74088
 89 1.66191
 90 1.93195
 91 8.74218
 92 452.585
 93 1151.8
 94 593.167
 95 1007.06
 96 1456.71
 97 386.889
 98 235.322
 99 141.244
 100 633.398
 101 1447.26
 102 101.706
 103 163.073
 104 142.25
 105 132.316
 106 166.407
 107 168.188
 108 168.958
 109 122.184
 110 91.0137
 111 181.323
 112 204.604
 113 183.703
 114 165.893
 115 170.523
 116 128.727
 117 173.557
 118 190.667
 119 144.232
 120 89.6271
 121 122.785
 122 48.4191
 123 59.2411
 124 37.1674
 125 30.5583
 126 50.1046
 127 28.2121
 128 97.2025
 129 69.4916
 130 60.5293
 131 20.1783
 132 20.6739
 133 22.8863
 134 36.5911
 135 9.13562
 136 46.5073
 137 10.4772
 138 9.5998
 139 9.47473
 140 11.1906
 141 12.2697
 142 8.98947
 143 9.48047
 144 15.0956
 145 15.0274
 146 12.782
 147 10.3201
 148 24.7748
 149 16.7341
 150 12.5417
 151 14.0872
 152 23.0599
 153 21.5639
 154 14.6469
 155 19.9496
 156 23.8245
 157 46.9025
 158 0.397884
 159 0.120092
 160 0.220273
 161 6.64387
 162 20.6823
 163 203.765
 164 463.592
 165 13.8262
