 Smallest eigenvalues
  1.0004e-06   (9 -1) 
  1.1468e-06   (45 0.701) (46 0.392) (40 -0.249) (41 0.239) (47 0.209) (49 -0.2) (50 -0.197) (43 0.158) (39 0.149) (79 -0.0973) (51 0.089) (53 0.0852) (44 -0.0746) (155 0.0714) (42 -0.0646) (48 -0.055) (78 0.0544) (13 0.0468) (30 -0.0421) (59 -0.0375) (31 -0.0365) (57 0.0358) (14 -0.0337) (17 -0.0336) (20 -0.0314) (26 -0.0309) (37 -0.0293) (28 -0.0259) (56 -0.0251) (23 0.0227) (29 0.0223) (21 -0.0203) (74 0.0201) (16 -0.0154) (24 -0.0153) (75 0.015) (66 -0.015) (84 0.0147) (73 -0.0127) (38 -0.0127) (72 0.0125) (25 0.0123) (52 0.0123) (71 -0.0115) (54 -0.0114) (60 -0.0113) (27 0.011) (92 0.0108) (22 -0.0106) (80 0.0105) 
  1.2073e-06   (155 0.997) (45 -0.0503) (46 -0.0281) (40 0.0179) (41 -0.0172) (47 -0.015) (49 0.0143) (50 0.0141) (43 -0.0113) (39 -0.0107) 
   2.508e-06   (6 -1) 
    3.52e-06   (42 -0.466) (43 -0.455) (44 0.386) (41 0.349) (40 -0.34) (150 -0.253) (45 -0.219) (39 0.168) (47 0.112) (79 -0.0765) (46 -0.0764) (49 -0.0672) (48 -0.0563) (30 -0.0414) (13 0.0407) (78 0.0354) (26 -0.0313) (31 -0.0308) (17 -0.0297) (14 -0.029) (29 0.0287) (20 -0.0284) (53 0.0268) (51 -0.0265) (37 -0.0246) (59 -0.0227) (57 0.022) (55 -0.0193) (23 0.0187) (50 0.0175) (77 -0.0162) (28 -0.0161) (21 -0.016) (16 -0.0159) (24 -0.0142) (73 -0.0127) (22 -0.0123) (38 -0.0122) (74 0.0113) (33 0.0108) (72 0.0107) (84 0.0105) (27 0.0103) 
  3.8757e-06   (150 -0.968) (42 0.122) (43 0.119) (44 -0.101) (41 -0.0912) (40 0.0888) (45 0.0572) (39 -0.0438) (47 -0.0292) (46 0.0199) (79 0.0196) (49 0.0175) (48 0.0147) (30 0.0108) (13 -0.0107) 
  5.3815e-06   (1 -0.997) (30 -0.0702) (29 0.0255) (31 0.0211) (26 -0.0125) 
  1.0663e-05   (152 -0.993) (30 -0.103) (29 0.0375) (31 0.0311) (26 -0.0176) (27 0.0118) (39 -0.0114) (17 -0.0105) 
  1.5123e-05   (30 0.852) (29 -0.309) (31 -0.257) (26 0.145) (152 -0.12) (27 -0.097) (39 0.0939) (17 0.0862) (1 -0.0806) (20 0.0796) (28 0.0707) (13 -0.0627) (40 -0.0626) (23 -0.0576) (41 0.0531) (14 0.0512) (79 0.0485) (24 0.0483) (42 -0.0464) (34 -0.0386) (22 0.0339) (49 0.0323) (16 0.0319) (25 -0.027) (45 0.0237) (32 -0.0231) (48 -0.0205) (18 0.0196) (21 0.0185) (43 0.0172) (51 0.0155) (33 0.0147) (78 -0.0138) (59 0.0132) (19 -0.0131) (38 -0.0118) 
  3.5113e-05   (21 -0.639) (20 0.521) (43 0.303) (45 -0.255) (44 -0.184) (42 -0.139) (40 -0.129) (41 0.121) (17 0.116) (47 -0.106) (46 0.0967) (39 0.0859) (38 -0.0695) (24 -0.0675) (48 -0.0595) (30 -0.0586) (25 0.0491) (27 0.0488) (50 -0.0438) (23 0.0396) (28 -0.0393) (78 0.038) (14 0.0336) (79 -0.0306) (29 0.026) (51 -0.0233) (33 0.0217) (35 -0.0216) (73 0.0215) (18 0.0184) (74 0.0182) (16 0.0177) (26 -0.0172) (70 -0.017) (72 0.0169) (13 -0.0164) (62 0.015) (68 0.0139) (53 0.0137) (59 -0.0135) (55 -0.0121) (65 0.0107) (49 -0.0102) 
  9.1081e-05   (154 -0.997) (43 0.0391) (45 -0.0328) (21 0.0305) (20 -0.0279) (44 -0.0236) (40 -0.0175) (42 -0.0169) (41 0.0127) (47 -0.0114) 
  9.2261e-05   (43 -0.498) (45 0.418) (21 -0.382) (20 0.349) (44 0.3) (40 0.222) (42 0.214) (41 -0.162) (47 0.145) (46 -0.122) (17 0.1) (39 -0.0976) (154 -0.0787) (79 0.07) (50 0.0683) (49 0.0625) (38 0.0596) (78 -0.0446) (14 0.0438) (48 0.0436) (13 -0.0427) (24 -0.0297) (74 -0.0289) (55 0.0277) (25 0.026) (59 0.0243) (56 -0.0241) (16 0.0237) (57 -0.0227) (72 -0.0206) (26 0.0195) (77 0.0194) (32 0.019) (53 -0.0186) (18 0.0177) (73 -0.0177) (51 0.0177) (27 0.0168) (35 -0.0164) (68 -0.0161) (54 -0.0159) (62 -0.0149) (70 0.0148) (82 -0.0135) (28 -0.0134) (33 -0.0131) (29 -0.0128) (65 -0.0122) (80 -0.0121) (61 -0.0106) (37 0.0105) 
  0.00012741   (2 1) 
   0.0001803   (13 0.91) (14 0.347) (16 0.149) (17 0.101) (20 0.0625) (21 0.0485) (15 -0.0474) (23 -0.0401) (24 0.0302) (40 0.0298) (18 0.0288) (11 -0.0259) (31 0.0253) (39 -0.0243) (26 0.0237) (28 0.0233) (19 0.0219) (41 -0.0213) (30 0.0194) (22 0.0181) (29 -0.0153) (25 -0.0146) (79 -0.0128) (37 0.0127) (12 -0.012) 
  0.00019255   (159 1) 
    0.000196   (3 1) 
  0.00024051   (16 -0.823) (14 -0.391) (17 0.254) (13 0.238) (15 0.135) (20 0.0983) (23 -0.0635) (18 0.0609) (21 0.0543) (24 0.0425) (22 0.0353) (19 0.0311) (28 0.0288) (40 0.0272) (31 0.0266) (30 0.0257) (39 -0.0247) (26 0.024) (29 -0.0232) (25 -0.0225) (41 -0.0174) (79 -0.0152) (11 -0.0139) (27 -0.013) (158 -0.0112) 
  0.00024444   (158 -1) 
  0.00025179   (7 -1) 
  0.00027687   (25 0.913) (23 0.261) (24 -0.128) (153 0.12) (20 -0.12) (17 -0.095) (26 0.0883) (13 0.0697) (29 -0.0642) (30 0.0618) (33 0.061) (22 -0.0519) (21 -0.0472) (14 -0.0471) (16 -0.0462) (28 0.046) (50 -0.0429) (31 0.0326) (39 -0.0307) (40 0.0258) (18 -0.0234) (41 -0.0214) (79 -0.0212) (27 -0.02) (47 -0.0197) (46 -0.0179) (51 0.0122) (42 0.012) (38 -0.012) (45 -0.0112) (19 0.0103) (43 -0.01) 
  0.00028499   (153 0.993) (25 -0.11) (23 -0.0316) (24 0.0155) (20 0.0145) (17 0.0115) (26 -0.0107) 
  0.00030778   (5 -1) 
  0.00031194   (19 -0.736) (17 -0.559) (20 0.227) (18 -0.213) (13 0.11) (16 -0.0947) (14 -0.0839) (23 -0.0763) (157 0.0562) (21 0.0436) (15 0.0418) (29 -0.0338) (28 0.0322) (25 -0.0299) (30 0.0274) (79 -0.0212) (40 0.0176) (42 0.0172) (22 -0.0149) (24 0.0148) (32 0.0141) (41 -0.0138) (33 0.0138) (45 -0.0137) (26 0.0137) (39 -0.0131) (73 -0.0121) (50 -0.0119) 
  0.00031514   (157 0.998) (19 0.0414) (17 0.0315) (20 -0.0128) (18 0.012) 
  0.00033168   (74 0.655) (57 -0.43) (73 -0.386) (59 0.241) (56 0.16) (54 0.156) (79 0.142) (64 -0.127) (55 -0.124) (42 0.118) (69 0.108) (40 -0.0882) (41 0.0809) (72 0.0649) (47 -0.0556) (78 -0.0484) (53 -0.0479) (37 -0.0462) (66 0.0461) (70 0.0423) (71 -0.0412) (31 -0.0401) (50 -0.0386) (26 -0.0348) (39 0.0324) (46 -0.0318) (48 0.0308) (99 -0.0255) (13 0.0247) (21 -0.0245) (68 -0.0245) (20 -0.0243) (89 -0.0239) (14 -0.0229) (122 -0.0223) (38 0.0199) (77 0.0195) (115 -0.019) (58 -0.0189) (49 0.0184) (43 -0.0174) (84 0.0158) (123 -0.0156) (92 0.0152) (98 0.0149) (34 0.0138) (97 -0.0138) (67 -0.0135) (109 0.0131) (90 -0.0124) (76 0.0122) (107 -0.012) (80 -0.0115) (121 -0.0112) (81 0.0107) (104 0.0103) (108 -0.0102) (151 0.01) 
  0.00040619   (74 -0.513) (57 -0.505) (73 0.319) (59 0.263) (64 -0.224) (69 0.194) (151 0.16) (56 0.157) (55 -0.151) (54 0.147) (42 0.126) (40 -0.123) (47 -0.122) (39 0.104) (41 0.103) (49 0.0905) (68 -0.0874) (48 0.0732) (31 -0.0605) (52 0.0594) (53 -0.0592) (37 -0.0505) (72 -0.0495) (66 0.0486) (45 0.0476) (26 -0.0458) (13 0.0453) (20 -0.0391) (79 -0.0387) (14 -0.0373) (21 -0.0283) (46 -0.0276) (84 0.0248) (71 0.0235) (70 -0.0229) (17 -0.0219) (122 0.0214) (58 -0.0211) (115 -0.0206) (28 -0.0202) (30 -0.0198) (120 0.0197) (126 -0.0193) (38 0.0189) (118 0.0183) (34 0.0181) (125 0.0177) (51 -0.0166) (43 -0.0153) (99 -0.0143) (89 -0.0141) (92 0.014) (133 0.0129) (67 -0.0128) (62 -0.012) (63 -0.0113) (129 -0.0111) (97 -0.0109) (124 -0.0109) (91 -0.0107) (98 0.0101) 
  0.00041915   (151 0.987) (57 0.0863) (74 0.0762) (73 -0.0476) (59 -0.0449) (64 0.0374) (69 -0.0322) (56 -0.0271) (55 0.0259) (54 -0.0256) (42 -0.0221) (40 0.0211) (47 0.0206) (41 -0.0177) (39 -0.0174) (49 -0.0149) (68 0.0143) (48 -0.0123) (31 0.0104) (53 0.0102) 
  0.00043544   (22 -0.889) (24 0.412) (21 -0.12) (20 -0.0786) (52 -0.0697) (23 -0.053) (49 0.0403) (48 0.0355) (26 0.0346) (19 0.0311) (47 -0.0301) (17 -0.0262) (13 0.0254) (50 0.0232) (16 -0.0215) (14 -0.0195) (54 -0.017) (29 -0.0142) (39 0.0138) (57 0.0133) (53 0.0132) (45 0.0127) (79 -0.0117) (30 0.0116) (42 0.0113) (15 -0.0107) (55 0.0105) 
  0.00045289   (52 -0.589) (148 0.517) (49 0.324) (48 0.281) (47 -0.218) (50 0.15) (40 -0.142) (54 -0.125) (41 0.123) (42 0.114) (39 0.105) (55 0.103) (45 0.0882) (22 0.0789) (57 0.0762) (53 0.0755) (59 -0.0556) (31 -0.0507) (24 -0.0444) (26 -0.0412) (37 -0.0363) (13 0.0357) (79 -0.0343) (56 -0.0299) (14 -0.0298) (51 -0.028) (74 0.0262) (30 -0.0253) (20 -0.0249) (73 -0.0186) (29 0.0166) (28 -0.0159) (17 -0.0159) (38 0.0153) (23 0.0147) (78 0.0118) (43 -0.0105) (34 0.0101) 
  0.00048385   (148 0.856) (52 0.356) (49 -0.196) (48 -0.17) (47 0.132) (50 -0.0909) (40 0.0861) (54 0.0756) (41 -0.0747) (42 -0.069) (39 -0.0635) (55 -0.0624) (45 -0.0534) (57 -0.046) (53 -0.0457) (22 -0.0448) (59 0.0336) (31 0.0307) (24 0.0255) (26 0.0248) (37 0.022) (13 -0.0217) (79 0.0206) (14 0.0181) (56 0.0181) (51 0.0169) (74 -0.0158) (20 0.0153) (30 0.0153) (73 0.0112) 
  0.00053661   (53 -0.799) (39 -0.344) (51 0.246) (40 -0.236) (49 0.174) (41 0.16) (54 -0.153) (52 0.108) (57 0.0988) (56 -0.0857) (47 -0.0722) (42 0.0606) (50 -0.0521) (59 -0.0369) (45 0.0352) (79 -0.0295) (37 -0.0284) (69 0.0213) (149 -0.0176) (55 0.0173) (78 0.0142) (21 -0.0136) (38 0.0129) (26 -0.011) 
  0.00054532   (149 -0.927) (39 0.317) (53 -0.139) (40 0.109) (41 -0.0537) (51 0.0357) (31 -0.022) (50 -0.0212) (79 -0.0189) (57 0.0183) (26 -0.0181) (42 0.0175) (54 -0.0168) (56 -0.015) (30 -0.0146) (45 -0.0143) (20 -0.0142) (29 0.0129) (13 0.0122) (74 0.0112) (14 -0.0112) (59 -0.0106) (47 0.01) 
   0.0005652   (39 -0.768) (53 0.381) (149 -0.375) (40 -0.259) (41 0.125) (51 -0.1) (50 0.0549) (31 0.0548) (57 -0.0499) (54 0.0487) (79 0.0483) (42 -0.0464) (26 0.0453) (56 0.0411) (30 0.0358) (20 0.0354) (45 0.0338) (29 -0.0317) (13 -0.0306) (74 -0.0283) (14 0.028) (59 0.0279) (73 0.0216) (47 -0.0215) (43 0.0194) (17 0.0185) (78 -0.0178) (23 -0.0175) (46 0.0174) (52 -0.0167) (28 0.0146) (21 0.0134) 
  0.00061188   (69 -0.909) (68 0.2) (57 -0.182) (72 -0.167) (71 0.106) (56 0.104) (70 -0.0964) (54 0.0706) (42 0.0697) (40 -0.0593) (64 0.0592) (59 0.0524) (41 0.0499) (73 0.0446) (53 -0.0445) (50 -0.0376) (55 -0.0327) (66 -0.0327) (37 -0.0297) (147 0.0297) (84 0.0274) (31 -0.0245) (26 -0.0243) (89 -0.02) (47 -0.019) (21 -0.0189) (124 -0.0187) (46 -0.0184) (20 -0.0164) (115 -0.0162) (99 -0.0158) (14 -0.0154) (13 0.0154) (77 0.0154) (79 0.0153) (122 -0.0149) (74 -0.0145) (96 0.0139) (126 -0.0139) (67 0.0133) (39 0.0127) (38 0.0127) (52 -0.0111) (78 -0.0108) (92 0.0104) (90 0.0104) 
  0.00063153   (147 0.735) (52 0.448) (49 0.338) (50 0.179) (53 0.167) (47 -0.162) (39 0.101) (57 0.101) (45 0.0751) (55 0.0716) (41 0.0697) (40 -0.0688) (42 0.0455) (74 0.0442) (48 0.0405) (79 -0.0403) (51 0.0351) (73 -0.0335) (59 -0.03) (31 -0.0274) (56 -0.0273) (26 -0.0241) (20 -0.0236) (64 0.0227) (13 0.022) (14 -0.0211) (30 -0.0182) (37 -0.0169) (72 0.0168) (17 -0.0151) (28 -0.0113) (68 0.0109) (78 0.0106) (29 0.0103) (21 -0.0102) 
  0.00070956   (147 0.677) (52 -0.486) (49 -0.367) (50 -0.192) (53 -0.18) (47 0.177) (39 -0.111) (57 -0.101) (45 -0.0814) (41 -0.0782) (40 0.0777) (55 -0.0762) (42 -0.0528) (69 0.0489) (74 -0.0474) (48 -0.0445) (79 0.0432) (51 -0.0384) (73 0.0345) (31 0.031) (59 0.0303) (26 0.0274) (64 -0.0273) (20 0.0265) (56 0.0248) (13 -0.0247) (14 0.0237) (68 -0.0207) (30 0.02) (37 0.0198) (17 0.0166) (28 0.0125) (21 0.012) (29 -0.0114) (78 -0.0111) (72 -0.011) 
  0.00080019   (37 -0.902) (21 -0.22) (20 -0.215) (38 -0.129) (40 0.126) (42 -0.106) (24 0.0959) (22 0.0932) (41 -0.0801) (39 -0.0689) (14 -0.0594) (23 -0.0547) (13 0.0509) (17 -0.0475) (31 -0.0447) (34 0.0291) (54 -0.0257) (47 0.0242) (25 -0.0242) (57 0.0211) (46 0.0173) (30 0.0163) (18 -0.0158) (55 0.0148) (36 0.0134) (43 0.0132) (27 -0.012) (19 -0.0108) (50 0.0106) (56 -0.0106) (79 0.0102) 
  0.00091468   (21 -0.545) (20 -0.542) (37 0.348) (24 0.305) (22 0.287) (26 0.18) (17 -0.132) (23 -0.119) (14 -0.11) (31 0.109) (13 0.0885) (25 -0.0632) (28 0.0496) (18 -0.0423) (30 0.0416) (19 -0.0359) (38 0.033) (142 -0.0318) (29 -0.0278) (34 -0.0257) (39 -0.0219) (27 -0.0139) (49 -0.0116) (16 -0.0111) 
  0.00099999   (142 -0.999) (21 0.0184) (20 0.0184) (144 -0.0139) (24 -0.0102) 
   0.0011732   (49 -0.541) (47 -0.442) (42 0.352) (48 -0.292) (46 -0.252) (14 -0.226) (40 -0.175) (50 0.175) (54 -0.171) (16 0.13) (41 0.128) (55 0.118) (57 0.0902) (13 0.0798) (43 -0.0783) (37 -0.0647) (39 0.0601) (45 0.0503) (31 -0.0482) (56 -0.0472) (59 -0.0443) (79 0.0419) (53 0.0394) (38 0.0336) (26 -0.0316) (52 0.0302) (78 -0.0286) (51 -0.0283) (17 0.0239) (44 -0.0236) (15 0.0211) (66 0.0198) (69 0.0194) (77 0.016) (84 0.0155) (34 0.0126) (112 0.0111) (72 -0.0109) (113 -0.0105) (21 -0.0104) (68 -0.0103) 
    0.001261   (14 -0.767) (16 0.502) (13 0.174) (20 0.134) (49 0.13) (47 0.122) (17 0.114) (42 -0.113) (21 0.0885) (15 0.0873) (40 0.0726) (48 0.0718) (26 0.0684) (46 0.0682) (31 0.0577) (41 -0.0547) (39 -0.0424) (50 -0.0422) (54 0.0371) (37 0.0359) (18 0.0324) (24 0.0297) (55 -0.0254) (28 0.0231) (43 0.0225) (57 -0.0183) (45 -0.0181) (30 0.0166) (38 -0.0163) (11 -0.0111) (29 -0.0105) (79 -0.0105) (19 0.0101) 
   0.0014232   (145 1) 
   0.0015218   (54 0.784) (31 -0.393) (55 0.322) (57 0.179) (56 -0.167) (26 -0.0945) (50 -0.0751) (53 -0.0712) (34 -0.0648) (52 -0.0639) (30 -0.0633) (42 0.0623) (33 0.0596) (39 -0.0575) (59 -0.0525) (20 -0.0507) (32 0.0456) (79 0.0428) (21 -0.0404) (14 -0.0402) (13 0.0371) (70 -0.0352) (46 -0.0351) (29 0.0338) (28 -0.0307) (49 -0.0294) (37 0.0237) (69 0.0232) (64 -0.0227) (71 0.0219) (66 0.0202) (73 0.0191) (78 -0.0167) (45 -0.0155) (137 -0.0153) (68 -0.0146) (41 0.0141) (24 -0.014) (43 -0.0139) (74 -0.0139) (47 -0.0137) (27 0.0137) (51 0.0128) (17 -0.0118) (121 -0.0103) 
   0.0015641   (31 -0.79) (54 -0.378) (34 -0.155) (26 -0.151) (30 -0.139) (39 -0.131) (33 0.13) (55 -0.129) (37 0.127) (40 0.121) (42 -0.11) (137 -0.1) (41 -0.0938) (32 0.0908) (20 -0.0777) (29 0.0749) (56 0.0693) (57 -0.0653) (28 -0.0594) (14 -0.056) (13 0.0542) (21 -0.0495) (50 0.0414) (53 0.0391) (38 -0.0389) (52 0.036) (47 0.0354) (17 -0.0306) (27 0.029) (46 0.0266) (79 -0.0197) (24 -0.0194) (59 0.0184) (43 0.018) (23 0.018) (70 0.0146) (49 -0.0141) (25 0.0139) (51 -0.0125) (64 0.0123) (36 -0.0118) (74 0.0113) (73 -0.0111) 
    0.001706   (137 -0.995) (31 0.0857) (54 0.0258) (26 0.0167) (34 0.0166) (30 0.015) (33 -0.014) (39 0.014) (37 -0.013) (40 -0.0119) 
   0.0017786   (15 -0.876) (28 -0.314) (29 0.22) (30 0.171) (14 -0.155) (26 -0.103) (16 -0.0794) (31 0.0646) (27 0.0613) (13 0.0381) (134 -0.0319) (19 -0.0271) (40 0.0244) (39 -0.0225) (24 -0.0221) (23 0.0176) (37 0.0152) (70 0.0133) (41 -0.0127) (18 -0.0126) (21 -0.0115) (17 -0.0106) 
     0.00183   (28 -0.562) (134 -0.417) (15 0.417) (29 0.413) (30 0.3) (26 -0.199) (31 0.106) (27 0.07) (20 -0.068) (17 -0.0472) (39 -0.0435) (13 0.0399) (23 0.0389) (21 -0.0337) (40 0.0307) (24 -0.03) (41 -0.03) (18 -0.0248) (14 0.0236) (37 0.0197) (22 -0.0197) (34 -0.0155) (16 0.0148) (25 0.0147) (51 0.0112) (43 -0.011) 
   0.0020423   (134 -0.908) (28 0.269) (29 -0.198) (15 -0.161) (30 -0.144) (26 0.0953) (31 -0.0508) (27 -0.0343) (20 0.0313) (17 0.0221) (39 0.0207) (13 -0.0197) (23 -0.0185) (21 0.0159) (40 -0.0149) (24 0.0146) (41 0.0142) (18 0.0118) 
   0.0020618   (29 -0.725) (28 -0.589) (51 0.241) (30 -0.193) (50 0.0749) (26 -0.0746) (45 -0.0582) (46 0.048) (53 0.048) (72 0.0391) (27 -0.0359) (49 -0.0343) (31 0.0331) (47 0.0305) (20 -0.029) (33 -0.027) (34 -0.0254) (52 -0.0225) (41 -0.0218) (71 -0.0214) (68 0.019) (74 -0.0173) (70 0.0165) (57 -0.0154) (23 -0.0139) (131 0.0134) (59 0.0133) (32 -0.0129) (43 -0.0114) (13 0.0106) (14 -0.0103) 
   0.0022303   (72 0.659) (68 0.359) (71 -0.353) (70 0.297) (74 -0.226) (131 0.186) (73 -0.142) (51 -0.141) (77 -0.112) (78 -0.108) (66 -0.0981) (69 -0.0906) (46 -0.0876) (79 0.0802) (59 0.0673) (50 -0.0644) (64 0.0588) (65 0.053) (82 -0.0504) (62 0.0464) (48 0.0461) (55 -0.046) (80 -0.0455) (40 -0.0385) (45 0.0361) (53 -0.0359) (129 -0.0338) (67 -0.0312) (54 0.0293) (87 -0.0272) (83 -0.0272) (81 0.0233) (63 0.0224) (84 0.0211) (75 -0.0208) (60 -0.0207) (58 -0.0201) (109 -0.0189) (56 0.0183) (110 0.018) (43 0.0172) (108 0.0159) (85 0.0156) (57 0.015) (127 0.0148) (111 -0.0127) (106 0.0122) (42 0.012) (52 0.012) (41 0.0118) (29 0.0118) (92 0.0116) (86 0.0112) (31 -0.0109) (89 -0.0108) (37 -0.0104) (118 -0.0103) (119 -0.0102) 
   0.0023036   (51 -0.647) (131 0.579) (50 -0.194) (72 -0.187) (46 -0.16) (29 -0.156) (28 -0.144) (53 -0.138) (45 0.127) (49 0.0944) (71 0.0832) (57 0.0775) (68 -0.0751) (70 -0.0744) (74 0.0722) (129 -0.0681) (52 0.0567) (59 -0.0561) (43 0.0519) (42 -0.0396) (30 -0.0385) (47 -0.0367) (56 0.0353) (41 0.0301) (69 0.0292) (73 0.0256) (55 -0.0253) (54 -0.0246) (26 -0.0243) (78 0.0219) (82 0.0191) (67 0.0179) (84 -0.0173) (35 0.0172) (127 0.0171) (48 -0.0169) (20 -0.0158) (64 -0.0157) (60 0.015) (92 0.0146) (79 -0.0133) (65 -0.0126) (66 0.0125) (38 -0.0114) (118 -0.0114) (115 0.0113) (39 0.011) (85 -0.0108) (13 0.0107) (112 -0.01) 
   0.0023604   (131 0.787) (51 0.507) (50 0.157) (46 0.139) (29 0.125) (28 0.116) (53 0.11) (45 -0.102) (129 -0.0682) (49 -0.0665) (57 -0.0604) (52 -0.0443) (43 -0.0423) (68 -0.0312) (30 0.0309) (56 -0.0303) (55 0.0298) (47 0.0269) (42 0.0261) (59 0.0248) (41 -0.0247) (71 0.0236) (26 0.0211) (72 -0.0207) (77 0.0199) (127 0.0174) (70 -0.0167) (40 0.0164) (73 0.015) (66 0.0145) (20 0.0129) (92 -0.0128) (133 0.0127) (35 -0.0118) (54 0.0109) 
   0.0024527   (23 -0.656) (24 -0.643) (22 -0.224) (55 0.176) (20 -0.162) (26 0.11) (21 -0.106) (56 0.0839) (59 0.0672) (54 -0.047) (25 0.0436) (42 -0.0421) (14 -0.0309) (41 -0.0296) (37 0.0279) (31 0.0266) (13 0.0198) (32 -0.0184) (79 -0.0171) (40 0.0161) (48 -0.0149) (34 -0.0145) (47 0.0134) (46 0.0134) (120 -0.0126) (11 -0.0121) (30 0.011) (66 -0.0105) (19 0.0103) (27 -0.0101) 
   0.0027432   (59 -0.868) (57 -0.319) (55 -0.226) (66 -0.197) (54 0.0899) (79 0.0803) (23 -0.0767) (58 0.0706) (24 -0.0673) (64 -0.0653) (48 0.0604) (42 0.0556) (69 0.0324) (52 0.0311) (124 -0.0301) (132 0.0285) (110 -0.0252) (71 -0.0251) (22 -0.0238) (84 -0.023) (51 0.0229) (20 -0.0229) (47 -0.0228) (41 0.0227) (67 0.0225) (70 0.0215) (72 0.0192) (125 0.0192) (21 -0.0192) (56 -0.0188) (108 -0.0187) (65 0.0174) (46 -0.0149) (31 -0.0147) (78 -0.0142) (30 0.0141) (80 -0.014) (50 0.013) (49 -0.0114) (126 -0.011) (109 0.011) (90 -0.011) (62 0.0107) 
   0.0030413   (132 0.802) (55 -0.455) (56 -0.263) (57 0.165) (59 0.0985) (66 0.0861) (54 0.08) (23 -0.0759) (24 -0.0734) (42 0.0602) (48 0.0554) (40 -0.0398) (64 0.0316) (53 0.0316) (79 0.0308) (47 -0.0271) (20 -0.0247) (22 -0.0226) (133 -0.0221) (21 -0.0216) (72 -0.021) (69 -0.0178) (78 -0.0177) (70 -0.0162) (71 0.0162) (84 0.0153) (43 -0.0147) (31 -0.014) (39 0.0126) (37 -0.0119) (77 0.0114) (46 -0.0108) (14 -0.0106) 
   0.0032823   (55 0.622) (132 0.595) (56 0.355) (57 -0.206) (54 -0.112) (66 -0.107) (23 0.106) (24 0.102) (59 -0.0892) (42 -0.0838) (48 -0.0776) (40 0.0531) (79 -0.0447) (124 -0.044) (53 -0.0425) (64 -0.0394) (47 0.0376) (20 0.0343) (22 0.0316) (21 0.0299) (72 0.0275) (78 0.0245) (69 0.0226) (125 0.021) (70 0.0209) (133 -0.0209) (122 -0.0208) (71 -0.0207) (84 -0.0205) (43 0.0203) (31 0.0196) (39 -0.0167) (37 0.0165) (46 0.0154) (77 -0.0153) (120 -0.0147) (14 0.0145) (118 -0.0135) (123 0.0134) (51 -0.0132) (112 -0.0125) (38 -0.0119) (115 0.0115) (45 0.0114) (52 0.0113) (49 0.0113) (126 -0.0112) (67 0.0107) (68 0.0103) (13 -0.0103) (113 0.0101) 
   0.0034956   (34 0.951) (64 -0.215) (31 -0.143) (84 -0.0779) (37 0.0668) (57 0.0619) (40 0.0415) (41 -0.0313) (28 -0.0306) (69 -0.0279) (39 -0.0276) (66 0.026) (47 0.0255) (26 -0.0255) (42 -0.0252) (85 -0.0251) (21 -0.0248) (54 -0.0243) (48 -0.0213) (68 0.0202) (70 0.0187) (56 -0.0171) (53 0.0159) (130 -0.0156) (33 0.0154) (20 -0.0149) (36 -0.0139) (86 -0.0138) (38 -0.0131) (67 -0.0124) (30 0.0112) (13 0.0111) (14 -0.0105) (71 -0.0103) 
   0.0038304   (84 -0.881) (130 -0.246) (64 0.233) (85 -0.208) (86 -0.133) (79 -0.0737) (90 0.0682) (91 -0.0577) (109 -0.0565) (57 -0.0561) (66 -0.0464) (112 0.0464) (89 -0.0461) (59 0.0425) (54 0.0353) (115 -0.0351) (78 0.0336) (40 -0.0307) (42 0.0291) (113 -0.0287) (83 -0.0284) (55 -0.0266) (129 -0.0266) (93 -0.0261) (106 0.0247) (81 -0.0241) (110 0.0239) (34 -0.023) (77 -0.0229) (99 -0.0207) (108 0.0201) (96 0.02) (118 0.0183) (111 -0.0182) (47 -0.018) (80 0.0169) (48 0.0165) (125 -0.0159) (67 0.0156) (88 0.0155) (69 0.0152) (37 -0.0151) (104 0.0145) (49 -0.0139) (82 -0.0139) (97 -0.0132) (92 0.0131) (68 -0.0123) (116 0.0122) (72 0.0119) (56 0.0116) (121 -0.0108) (94 -0.0107) 
   0.0038676   (64 0.643) (130 -0.618) (84 0.321) (34 0.18) (57 -0.134) (69 0.0944) (85 0.0776) (68 -0.0653) (70 -0.0652) (66 -0.064) (129 -0.0558) (86 0.05) (54 0.0387) (79 0.0382) (67 0.0372) (90 -0.037) (71 0.0362) (109 0.0336) (31 -0.0328) (56 0.0317) (73 0.0248) (48 -0.0232) (41 0.023) (49 0.0225) (91 0.0214) (59 0.0209) (53 -0.0202) (74 -0.0159) (83 0.0157) (47 -0.0138) (45 0.0132) (81 0.0128) (112 -0.0125) (108 -0.0121) (62 0.0118) (52 -0.0112) (126 -0.0111) (63 0.0108) (26 -0.0107) (20 -0.0105) (80 -0.0105) (75 0.0104) (76 0.0103) (28 -0.0102) 
   0.0040836   (130 -0.74) (64 -0.61) (34 -0.163) (57 0.129) (69 -0.083) (66 0.0689) (129 -0.0651) (68 0.058) (70 0.0561) (54 -0.0441) (67 -0.036) (31 0.0334) (59 -0.0321) (56 -0.03) (84 0.0299) (71 -0.0295) (41 -0.0218) (53 0.0195) (73 -0.0193) (47 0.0173) (55 0.0171) (109 -0.0164) (74 0.0146) (40 0.0144) (48 0.0137) (49 -0.0137) (42 -0.0129) (26 0.0121) (62 -0.0113) (52 0.011) (20 0.0105) (21 0.0104) (63 -0.0104) (45 -0.0103) 
   0.0041661   (105 0.716) (104 -0.311) (114 -0.288) (107 0.252) (66 0.209) (113 0.178) (97 -0.165) (108 0.154) (101 -0.144) (118 0.122) (89 0.119) (106 -0.102) (121 -0.0934) (116 0.0807) (112 -0.0729) (100 -0.067) (115 0.0578) (110 -0.0562) (92 0.0545) (103 0.0517) (99 -0.0505) (146 0.0502) (119 -0.0463) (59 -0.0425) (70 0.0343) (94 0.0342) (64 0.0291) (88 -0.0271) (120 -0.0271) (67 -0.0262) (57 -0.0255) (123 -0.0255) (71 -0.0225) (111 -0.0218) (79 -0.019) (122 0.0169) (68 0.0166) (117 0.0162) (109 0.0146) (98 -0.0135) (90 0.0131) (48 -0.0129) (55 0.0127) (91 0.0118) (133 0.011) (78 0.011) (81 0.0107) 
   0.0042118   (143 0.885) (146 -0.463) (144 0.0471) (114 -0.0157) (141 -0.0131) 
   0.0043933   (66 0.874) (59 -0.195) (48 -0.194) (105 -0.171) (70 0.147) (64 0.114) (67 -0.11) (49 0.108) (57 -0.107) (71 -0.0975) (107 -0.0799) (68 0.074) (104 0.0658) (79 -0.056) (108 -0.049) (52 -0.0453) (114 0.0424) (65 -0.0406) (101 0.0403) (113 -0.04) (55 0.0372) (46 -0.0344) (50 -0.0327) (103 -0.0324) (97 0.0323) (84 -0.0322) (118 -0.0319) (146 -0.0296) (69 -0.0293) (74 -0.028) (91 -0.0264) (40 0.0244) (78 0.0243) (41 0.0232) (89 0.0218) (56 0.0217) (116 -0.0208) (99 0.0207) (102 -0.0199) (109 0.0195) (45 0.019) (51 0.019) (121 0.0186) (77 -0.0181) (47 0.0176) (122 -0.0169) (94 -0.0168) (100 0.0167) (106 0.0157) (81 0.0154) (43 0.0152) (58 0.015) (110 -0.0148) (42 -0.0146) (111 0.014) (73 -0.0129) (60 -0.0127) (119 0.0125) (85 0.0123) (115 -0.0117) (27 0.0114) (90 -0.01) 
   0.0044413   (44 0.539) (70 0.36) (43 0.356) (80 -0.347) (72 -0.296) (71 -0.213) (78 0.196) (82 0.19) (93 -0.142) (83 0.109) (85 0.0971) (86 0.0799) (66 -0.0792) (81 0.0778) (42 0.0753) (40 0.0735) (111 -0.0735) (75 -0.0727) (98 -0.0693) (41 0.0664) (76 -0.065) (106 -0.0568) (49 -0.0474) (47 -0.046) (48 0.045) (97 -0.045) (79 0.0421) (59 0.0417) (84 -0.0364) (54 0.0311) (73 -0.031) (103 0.0304) (96 -0.0294) (92 -0.0292) (64 0.0291) (74 -0.0278) (88 0.0276) (46 0.0261) (102 0.0247) (99 -0.0232) (105 -0.0232) (94 0.0214) (51 0.0196) (87 -0.0191) (27 0.0183) (50 0.0174) (57 0.0163) (45 -0.0156) (101 0.0151) (156 0.0149) (67 -0.0145) (15 0.0134) (39 -0.0126) (90 0.0105) 
   0.0045517   (156 0.999) (44 -0.0359) (43 -0.0238) (70 0.0125) (72 -0.0103) 
   0.0046547   (44 0.591) (70 -0.396) (43 0.391) (72 0.325) (71 0.218) (80 0.211) (78 -0.202) (40 0.108) (82 -0.104) (86 -0.0889) (111 0.078) (85 -0.0778) (66 0.0755) (48 -0.0698) (90 0.0683) (79 -0.0656) (77 0.0641) (41 0.0625) (106 0.062) (42 0.0618) (83 -0.0616) (156 0.0463) (81 -0.0459) (64 -0.0434) (98 0.042) (47 -0.0407) (97 0.0339) (75 0.0318) (103 -0.0297) (99 0.0245) (67 0.0234) (84 0.0231) (52 -0.0229) (109 0.0208) (74 0.0208) (54 -0.0206) (105 0.0196) (110 -0.0185) (73 0.0176) (112 -0.0171) (39 -0.017) (57 -0.0166) (59 -0.0166) (56 -0.0164) (51 0.0144) (31 0.0141) (68 0.0141) (76 0.0133) (115 0.0129) (87 0.0121) (49 0.0118) (45 0.0117) (101 -0.0114) (61 0.0109) (50 0.0108) 
   0.0047083   (18 -0.952) (17 0.221) (136 0.177) (19 0.111) (21 0.0169) (26 0.0151) (8 0.0127) (23 -0.0107) 
   0.0049301   (136 0.984) (18 0.172) (17 -0.0399) (19 -0.0201) 
   0.0050765   (8 -1) (18 -0.0114) 
   0.0052803   (4 1) 
   0.0053598   (23 0.645) (24 -0.502) (25 -0.365) (22 -0.212) (20 -0.187) (21 -0.163) (17 -0.137) (26 0.118) (13 0.11) (29 -0.0893) (14 -0.0857) (30 0.0833) (28 0.0732) (140 -0.0647) (16 -0.0601) (40 0.0427) (19 0.0418) (39 -0.0397) (18 -0.038) (31 0.0352) (79 -0.0293) (41 -0.0278) (27 -0.0232) (42 0.0181) (32 0.0156) (45 -0.0124) (47 0.0121) (11 -0.0108) (46 -0.0106) (35 -0.0104) (78 0.0103) 
   0.0054201   (140 -0.998) (23 -0.0418) (24 0.0325) (25 0.0236) (22 0.0138) (20 0.0121) (21 0.0106) 
   0.0059231   (10 0.831) (17 -0.377) (19 0.366) (20 0.132) (23 -0.0631) (16 -0.0453) (18 -0.0435) (13 0.0428) (14 -0.0425) (22 0.034) (24 0.0327) (30 0.0206) (26 0.0194) (29 -0.0187) (21 0.0173) (25 -0.014) (27 -0.0111) (39 -0.0104) 
   0.0059995   (138 0.995) (10 -0.0599) (17 -0.057) (19 0.0559) (20 0.0202) (23 -0.01) 
   0.0066224   (17 0.557) (10 0.553) (19 -0.546) (20 -0.198) (138 0.104) (23 0.0981) (16 0.0649) (14 0.0635) (18 0.0625) (13 -0.0587) (22 -0.0499) (24 -0.0484) (30 -0.0343) (26 -0.032) (29 0.0301) (25 0.0237) (21 -0.0231) (39 0.0168) (79 0.0167) (27 0.0146) (40 -0.0132) (42 -0.0128) (41 0.0115) (11 0.0102) 
   0.0068869   (12 0.775) (11 0.585) (41 -0.172) (40 -0.145) (44 0.0419) (13 0.0356) (48 -0.0239) (39 0.0205) (46 0.0143) (43 0.0131) (49 0.0125) (14 -0.012) (59 -0.0115) (32 -0.0104) 
   0.0072461   (139 -0.997) (41 -0.0596) (40 -0.0488) (12 -0.0163) (44 0.013) (11 -0.0121) 
   0.0075873   (41 0.725) (40 0.594) (12 0.187) (44 -0.159) (11 0.139) (46 -0.0825) (139 -0.0821) (39 -0.0778) (48 0.077) (32 0.0385) (49 -0.0371) (42 -0.0329) (59 0.0322) (51 0.0322) (43 -0.0296) (35 0.0268) (50 0.0255) (31 0.0247) (61 0.0244) (60 0.0242) (55 -0.0211) (45 0.0208) (37 0.0208) (67 -0.0193) (23 -0.0191) (74 -0.0182) (84 -0.0156) (108 -0.0152) (79 0.0148) (109 0.0148) (29 -0.0146) (73 -0.014) (82 0.0139) (56 -0.0129) (57 0.0126) (76 -0.0122) (21 0.0121) (80 0.0119) (47 -0.011) (87 -0.0106) 
   0.0080615   (11 0.773) (12 -0.584) (32 -0.235) (33 -0.0363) (31 -0.0316) (35 0.0298) (13 0.021) (65 -0.0183) (26 0.0151) (30 -0.0114) (29 0.0112) (40 0.0105) 
    0.008834   (135 -0.965) (32 -0.241) (11 -0.0585) (12 0.0437) (33 -0.0367) (31 -0.0327) (35 0.0276) (26 0.0215) (30 -0.0119) (46 0.0109) (29 0.0106) (40 0.0104) (42 0.0103) 

 Largest eigenvalues
      20.779   (162 -0.947) (163 0.24) 
      15.349   (48 -0.774) (49 0.399) 
      15.312   (78 -0.276) (79 0.839) 
      3.9133   (108 -0.385) (109 0.611) (110 -0.449) 
      3.8862   (143 -0.458) (146 -0.876) 
      1.3696   (162 -0.251) (163 -0.967) 
       1.228   (164 0.997) 
      1.2072   (165 -0.994) 
      1.1256   (88 0.217) (89 -0.823) (91 0.251) (92 -0.251) (100 0.221) 
      1.1147   (100 -0.536) (101 -0.324) (105 -0.35) (107 0.537) 
      1.0992   (100 -0.425) (107 -0.713) 
      1.0871   (115 -0.492) (116 -0.633) 
      1.0259   (104 0.865) (105 0.211) 
      1.0253   (100 0.54) (101 -0.707) 
     0.95595   (101 0.259) (112 0.659) (113 0.22) (123 -0.206) (125 0.237) (127 0.245) (133 0.21) 
     0.87043   (108 0.327) (112 -0.297) (113 -0.379) (116 0.403) (118 0.294) 
     0.75636   (108 -0.668) (110 0.46) 
     0.69893   (97 -0.742) (98 0.401) (99 0.391) 
     0.64094   (113 0.373) (115 -0.338) (125 -0.532) (133 0.385) 
     0.61085   (113 -0.386) (114 -0.735) (125 -0.32) 
     0.60362   (108 0.308) (109 0.492) (110 0.333) (113 -0.407) (114 0.321) 
     0.58595   (109 -0.446) (110 -0.544) (114 0.336) 
      0.5842   (122 -0.362) (123 -0.447) (127 -0.51) 
     0.57959   (124 -0.589) (125 0.518) (127 -0.456) 
     0.56314   (120 0.602) (121 0.332) (122 0.462) (124 0.383) 
     0.55551   (118 0.425) (120 -0.71) (122 0.322) 
     0.54015   (117 -0.29) (121 -0.668) (123 0.324) (126 0.392) 
     0.52288   (117 0.531) (118 0.378) (122 -0.385) (126 0.306) (133 -0.325) 
       0.515   (117 -0.549) (121 0.397) (133 -0.368) 
     0.47167   (91 -0.935) (92 -0.211) 
     0.42572   (121 -0.371) (122 0.311) (126 -0.483) (133 -0.428) 
     0.35944   (94 -0.92) 
     0.33257   (102 0.613) (103 0.647) 
     0.31638   (102 -0.756) (103 0.491) 
     0.26623   (97 -0.247) (98 -0.418) (103 -0.323) (111 0.275) (115 -0.271) (123 0.3) 
     0.24958   (78 -0.251) (85 0.598) (86 0.275) (98 0.266) (103 -0.221) (123 0.21) 
     0.24464   (77 -0.281) (78 0.411) (97 0.333) (98 0.49) 
     0.23029   (77 0.326) (78 -0.405) (85 -0.515) 
     0.22274   (98 -0.337) (106 -0.337) (111 -0.636) 
     0.17203   (90 -0.769) (93 0.446) 
     0.14492   (90 0.421) (96 0.534) (106 0.453) 
     0.13703   (93 -0.609) (106 0.39) 
     0.12519   (85 -0.381) (86 0.787) 
     0.11118   (87 -0.3) (88 -0.706) (96 -0.338) 
     0.10749   (70 0.29) (77 -0.297) (80 0.484) (82 -0.389) (83 -0.357) 
     0.10052   (75 -0.272) (76 -0.299) (77 0.271) (80 -0.278) (83 -0.28) (96 -0.319) 
    0.097777   (58 -0.261) (61 -0.26) (67 -0.396) (71 0.247) (75 0.249) (82 0.234) 
    0.093599   (58 0.654) (61 0.357) 
    0.091698   (58 -0.605) (67 0.399) 
    0.086018   (58 0.298) (61 -0.394) (67 -0.3) (75 -0.236) (96 0.311) (106 -0.315) 
    0.081393   (61 0.643) (70 0.218) (71 0.249) (96 0.243) 
    0.076695   (61 -0.419) (63 0.309) (67 0.486) (83 -0.3) 
    0.075466   (63 -0.743) (71 -0.218) (83 -0.251) 
    0.071876   (60 0.706) (63 0.259) (67 -0.252) (70 -0.247) (71 -0.249) 
    0.070482   (60 -0.605) (63 0.398) 
    0.064268   (60 0.208) (63 -0.205) (67 0.209) (70 0.219) (71 0.254) (75 -0.21) (80 0.202) (82 0.205) (99 0.188) (111 -0.214) (116 0.193) (117 0.282) (118 -0.319) 
    0.063437   (68 0.281) (73 0.295) (75 0.295) (77 0.296) (82 -0.273) 
    0.062054   (62 -0.604) (68 -0.349) (82 -0.297) 
    0.056963   (62 0.629) (73 -0.289) 
     0.05625   (62 -0.342) (68 0.518) (75 -0.306) 
     0.05379   (65 -0.416) (73 0.356) (82 0.338) 
    0.048364   (65 0.6) (75 0.302) 
    0.047935   (65 -0.571) (68 0.354) (73 -0.303) 
    0.047118   (75 -0.297) (82 -0.34) (83 0.329) (87 0.344) (119 0.33) 
    0.044564   (35 -0.925) (46 -0.251) 
    0.042479   (35 0.345) (46 -0.67) 
    0.041429   (46 0.244) (75 0.255) (76 -0.413) (87 -0.25) (92 0.307) (99 0.264) (119 0.402) 
    0.039473   (50 0.466) (76 0.381) (119 0.295) 
    0.039147   (47 -0.369) (50 -0.563) (76 0.368) 
      0.0322   (33 0.802) (38 -0.412) 
    0.029446   (33 -0.508) (38 -0.594) (56 -0.289) 
    0.027496   (36 -0.399) (38 0.495) (92 -0.429) 
     0.02658   (36 0.842) (38 0.239) (92 -0.248) 
     0.02315   (36 -0.287) (38 -0.295) (47 -0.304) (56 0.5) (92 -0.291) 
    0.021493   (129 0.871) 
    0.021197   (128 -0.578) (160 -0.808) 
     0.02017   (128 -0.577) (160 0.302) (161 0.759) 
    0.019517   (128 -0.577) (160 0.506) (161 -0.641) 
     0.01683   (27 0.946) 
    0.015717   (141 -0.998) 
