 1 54850
 2 655.755
 3 28.1146
 4 176441
 5 521.071
 6 363.22
 7 510411
 8 40.6057
 9 15088
 10 2483.74
 11 4.11888
 12 1695.16
 13 288126
 14 3934.63
 15 0.849012
 16 337239
 17 3685.61
 18 8.99359
 19 120919
 20 2155.52
 21 405.935
 22 162930
 23 3300.38
 24 169.281
 25 261.906
 26 321.977
 27 21.3299
 28 2786.59
 29 251.479
 30 313.869
 31 518.521
 32 67.7973
 33 1072.18
 34 219.753
 35 157.315
 36 424.874
 37 1526.74
 38 2977.87
 39 7.83089
 40 976.896
 41 4301.58
 42 2.08022
 43 683.651
 44 1482.35
 45 28.5387
 46 8538.95
 47 1027.7
 48 1572.2
 49 1866.2
 50 196.758
 51 348.519
 52 210.889
 53 2915.23
 54 308.434
 55 221.139
 56 311.625
 57 976.541
 58 90.8866
 59 148.998
 60 189.066
 61 22.4231
 62 1.77547
 63 493.438
 64 311.066
 65 1.70022
 66 500.257
 67 3435.59
 68 211.3
 69 143444
 70 173251
 71 2242.07
 72 282.139
 73 17185.5
 74 24.9217
 75 15356.4
 76 8340.42
 77 6.24449
 78 1930.91
 79 8573.38
 80 70.9238
 81 2746.88
 82 1580.43
 83 286.702
 84 2.89348
 85 137.915
 86 2.79495
 87 5064.39
 88 1.71317
 89 1.64009
 90 1.90933
 91 9.82029
 92 482.233
 93 1454.99
 94 1043.28
 95 1933.29
 96 2116.29
 97 328.064
 98 299.63
 99 127.857
 100 890.438
 101 1486.41
 102 123.401
 103 154.279
 104 134.08
 105 131.847
 106 161.076
 107 165.354
 108 169.429
 109 124.811
 110 97.0846
 111 180.041
 112 205.23
 113 189.82
 114 172.81
 115 178.4
 116 142.579
 117 171.186
 118 192.014
 119 149.844
 120 85.5506
 121 122.581
 122 48.1858
 123 63.8604
 124 37.0301
 125 29.6223
 126 52.2558
 127 27.0648
 128 89.9599
 129 67.2087
 130 60.9503
 131 20.3796
 132 21.0063
 133 22.5555
 134 36.3285
 135 8.78129
 136 46.3263
 137 9.93422
 138 9.22624
 139 9.27729
 140 10.9584
 141 11.5364
 142 8.89888
 143 9.51996
 144 15.2746
 145 15.2909
 146 12.7584
 147 10.4368
 148 30.1654
 149 16.5185
 150 12.1175
 151 14.0374
 152 23.7906
 153 21.2489
 154 13.5789
 155 20.1896
 156 24.2644
 157 46.9362
 158 0.221647
 159 0.120264
 160 0.417217
 161 26.5218
 162 24.118
 163 1368.35
 164 2956.67
 165 13.6773
