 1 31.6228
 2 21.9397
 3 1.89982
 4 31.6228
 5 15.9585
 6 11.4797
 7 31.6192
 8 1.01846
 9 31.4258
 10 29.6363
 11 0.984214
 12 27.8595
 13 31.6228
 14 31.5825
 15 0.904364
 16 31.6228
 17 31.5366
 18 1.00325
 19 31.6228
 20 26.7362
 21 5.95317
 22 31.6228
 23 30.1051
 24 2.53287
 25 15.1404
 26 14.9214
 27 1.92412
 28 31.3447
 29 9.89375
 30 12.1335
 31 21.6613
 32 2.71481
 33 27.7672
 34 14.388
 35 6.92754
 36 16.7028
 37 31.4258
 38 31.5558
 39 1.38495
 40 24.3688
 41 31.0719
 42 1.29364
 43 21.714
 44 28.7803
 45 1.88671
 46 31.572
 47 12.5797
 48 20.7859
 49 30.4636
 50 13.4422
 51 14.1907
 52 9.14146
 53 30.6772
 54 16.3599
 55 9.18545
 56 11.906
 57 29.2752
 58 8.86574
 59 8.9301
 60 10.4156
 61 4.39843
 62 1.32388
 63 21.2909
 64 16.2531
 65 0.969445
 66 21.1601
 67 29.864
 68 3.26678
 69 31.621
 70 31.6228
 71 28.2382
 72 4.90543
 73 31.6137
 74 1.35666
 75 31.5688
 76 31.3536
 77 1.38212
 78 29.7204
 79 31.6022
 80 2.06808
 81 30.9099
 82 31.4156
 83 15.6625
 84 1.39357
 85 10.1376
 86 1.41338
 87 31.3809
 88 1.09773
 89 1.04281
 90 1.24621
 91 2.45473
 92 18.2073
 93 26.9536
 94 22.0013
 95 28.7184
 96 30.2151
 97 16.3416
 98 15.2689
 99 9.03891
 100 26.6094
 101 30.287
 102 9.88707
 103 11.635
 104 10.7635
 105 10.7896
 106 12.2497
 107 12.3324
 108 12.4354
 109 10.2768
 110 8.31079
 111 12.684
 112 13.9576
 113 13.3448
 114 12.571
 115 12.5714
 116 10.7722
 117 12.2178
 118 13.1772
 119 11.4863
 120 8.48095
 121 10.6659
 122 6.69804
 123 7.70324
 124 5.51412
 125 5.11868
 126 6.89838
 127 4.50937
 128 8.79628
 129 7.31013
 130 7.17579
 131 4.10569
 132 4.44583
 133 4.57478
 134 5.84642
 135 2.66092
 136 6.69823
 137 2.87676
 138 2.8222
 139 2.83204
 140 3.06723
 141 3.02447
 142 2.66572
 143 2.78998
 144 3.69307
 145 3.75479
 146 3.36944
 147 2.89523
 148 5.18182
 149 3.80344
 150 3.25456
 151 3.50699
 152 4.7176
 153 4.38418
 154 3.51094
 155 4.36959
 156 4.81574
 157 6.76763
 158 0.1671
 159 0.261938
 160 0.271482
 161 3.7321
 162 4.18535
 163 15.9589
 164 27.2631
 165 0.57007
