 1 1000
 2 507.134
 3 21.9254
 4 1000
 5 408.987
 6 285.141
 7 999.83
 8 3.46754
 9 991.769
 10 887.478
 11 2.3515
 12 788.75
 13 1000
 14 997.889
 15 0.825289
 16 1000
 17 996.882
 18 3.06838
 19 1000
 20 838.628
 21 158.571
 22 1000
 23 949.895
 24 49.4612
 25 241.106
 26 252.792
 27 16.872
 28 985.789
 29 197.709
 30 248.043
 31 490.539
 32 53.0683
 33 835.165
 34 213.033
 35 139.172
 36 373.919
 37 988.934
 38 997.614
 39 3.69564
 40 607.132
 41 969.65
 42 1.76003
 43 496.951
 44 861.902
 45 17.028
 46 998.104
 47 364.055
 48 637.68
 49 941.657
 50 193.995
 51 285.456
 52 173.228
 53 952.753
 54 274.617
 55 163.684
 56 225.907
 57 892.156
 58 89.7189
 59 141.682
 60 178.696
 61 22.0872
 62 1.77324
 63 467.553
 64 308.676
 65 1.69008
 66 490.542
 67 941.669
 68 60.4141
 69 999.938
 70 1000
 71 886.906
 72 112.863
 73 999.587
 74 3.07486
 75 998.046
 76 984.168
 77 3.56982
 78 888.648
 79 999.1
 80 23.0176
 81 975.13
 82 990.221
 83 261.818
 84 2.76475
 85 107.722
 86 2.50591
 87 989.516
 88 1.71295
 89 1.64007
 90 1.90908
 91 8.91477
 92 411.658
 93 815.731
 94 590.355
 95 873.7
 96 939.637
 97 312.105
 98 286.646
 99 126.517
 100 751.442
 101 936.534
 102 119.181
 103 151.427
 104 132.838
 105 131.011
 106 160.447
 107 164.621
 108 168.515
 109 123.817
 110 95.2276
 111 178.879
 112 204.313
 113 189.141
 114 172.372
 115 177.911
 116 141.733
 117 170.634
 118 191.686
 119 149.291
 120 84.3945
 121 121.952
 122 47.6906
 123 61.9599
 124 36.5379
 125 28.8809
 126 51.8465
 127 25.7182
 128 87.43
 129 66.0458
 130 60.0258
 131 20.0472
 132 20.7455
 133 22.2019
 134 35.338
 135 8.51844
 136 45.883
 137 9.58342
 138 8.93217
 139 8.99719
 140 10.3856
 141 10.8157
 142 8.47517
 143 9.06588
 144 14.8055
 145 15.0037
 146 12.423
 147 9.90072
 148 28.9331
 149 15.8435
 150 11.8228
 151 13.7227
 152 23.3183
 153 20.2914
 154 13.1912
 155 19.8395
 156 24.0399
 157 46.6797
 158 0.181792
 159 0.115388
 160 0.370572
 161 21.7619
 162 22.1772
 163 328.582
 164 805.211
 165 7.56482
