 Smallest eigenvalues
  1.9107e-06   (9 1) 
  2.9653e-06   (48 -0.638) (49 -0.469) (51 0.356) (42 -0.228) (154 -0.199) (52 -0.193) (53 0.142) (55 -0.129) (78 0.122) (14 0.112) (46 0.0968) (43 0.0946) (34 0.0667) (11 -0.064) (56 0.0529) (62 0.0529) (44 -0.0487) (25 -0.0403) (45 0.0376) (38 0.0369) (24 0.0337) (40 0.0335) (54 0.0333) (47 -0.0323) (61 0.0288) (71 -0.0285) (36 0.0241) (60 -0.0224) (68 0.0221) (17 -0.021) (73 -0.0194) (30 -0.0174) (77 -0.0173) (79 -0.0171) (29 -0.0163) (39 0.0161) (57 0.0156) (84 0.0144) (50 0.014) (37 -0.0139) (66 0.0138) (72 0.0136) (76 -0.0133) (88 0.0126) (27 -0.0123) (80 0.0121) (31 0.0118) (21 -0.011) 
  3.4707e-06   (154 -0.98) (48 0.13) (49 0.0952) (51 -0.0722) (42 0.0464) (52 0.0391) (53 -0.0287) (55 0.0261) (78 -0.0243) (14 -0.0228) (46 -0.0197) (43 -0.0192) (34 -0.0136) (11 0.0131) (56 -0.0107) (62 -0.0107) 
  5.6676e-06   (4 -1) 
   5.772e-06   (148 -0.641) (44 0.49) (42 -0.317) (46 -0.251) (47 0.213) (45 0.21) (43 0.21) (48 0.121) (14 0.095) (34 0.0707) (78 0.0691) (11 -0.0546) (51 -0.0417) (25 -0.0405) (40 0.0384) (24 0.0371) (38 0.0327) (36 0.0299) (53 -0.0262) (37 -0.025) (52 -0.0243) (77 -0.0239) (56 0.0239) (17 -0.0186) (26 0.0178) (71 -0.0176) (27 -0.0152) (54 0.015) (55 -0.0149) (62 0.0149) (60 -0.0142) (41 -0.0121) (16 0.0118) (73 -0.0112) (28 0.0104) (50 0.0102) 
  6.1376e-06   (148 -0.768) (44 -0.409) (42 0.265) (46 0.21) (47 -0.178) (45 -0.175) (43 -0.175) (48 -0.101) (14 -0.0793) (34 -0.059) (78 -0.0576) (11 0.0456) (51 0.0348) (25 0.0338) (40 -0.032) (24 -0.031) (38 -0.0273) (36 -0.0249) (53 0.0218) (37 0.0209) (52 0.0203) (56 -0.0199) (77 0.0199) (17 0.0155) (26 -0.0148) (71 0.0147) (27 0.0127) (54 -0.0125) (55 0.0125) (62 -0.0124) (60 0.0118) (41 0.0101) 
  6.9682e-06   (1 -0.987) (29 -0.113) (34 -0.0534) (30 0.0507) (31 0.0497) (25 -0.0305) (27 -0.0282) (24 0.0251) (26 0.0168) (28 0.0162) (14 0.0149) (33 0.0136) (42 0.0129) (36 -0.0121) (37 0.0112) 
    8.27e-06   (155 -0.999) (29 -0.0353) (34 -0.0165) (30 0.0159) (31 0.0155) 
  1.8232e-05   (29 0.691) (34 0.323) (30 -0.312) (31 -0.303) (25 0.194) (14 -0.184) (27 0.17) (24 -0.169) (1 -0.156) (11 0.11) (26 -0.106) (28 -0.1) (33 -0.0838) (42 -0.0741) (37 -0.0711) (36 0.0702) (155 -0.051) (78 -0.0485) (20 -0.0484) (35 -0.0436) (21 0.0401) (16 -0.0387) (32 0.0328) (17 0.031) (39 0.0306) (48 -0.0287) (46 -0.0212) (77 0.0169) (79 0.0153) (54 -0.0143) (38 0.0135) (71 0.0131) (50 -0.013) (51 0.0129) (56 -0.0129) (19 -0.0129) (22 -0.0128) (53 0.0124) (60 0.0119) (12 0.0117) (47 -0.011) (13 0.0104) (75 -0.0101) 
  3.5619e-05   (19 -0.576) (20 -0.523) (46 -0.347) (44 -0.313) (42 -0.252) (45 -0.176) (22 0.115) (47 -0.0916) (48 0.0855) (43 0.0847) (16 0.0842) (17 -0.0791) (27 -0.0701) (28 -0.0676) (29 -0.0609) (14 0.0571) (78 0.0535) (21 0.0369) (39 0.0309) (11 -0.0305) (32 -0.0303) (37 0.0302) (50 0.0276) (15 -0.0273) (53 -0.0244) (74 -0.024) (34 0.0231) (72 0.0196) (30 -0.0191) (68 0.0179) (24 -0.0177) (38 0.0172) (35 -0.0171) (63 -0.0159) (67 -0.015) (40 0.0148) (33 -0.0125) (56 0.0124) (61 0.0121) (71 -0.0119) (54 0.0106) 
  0.00010286   (158 -0.999) (46 -0.0194) (19 0.0182) (44 -0.018) (20 0.0174) (42 -0.0146) (45 -0.0107) 
  0.00010557   (46 0.457) (44 0.424) (19 -0.41) (20 -0.393) (42 0.342) (45 0.251) (48 -0.151) (47 0.141) (22 0.0851) (78 -0.081) (14 -0.0785) (34 -0.0716) (24 -0.0688) (25 0.0657) (43 -0.0543) (11 0.0469) (158 -0.0431) (21 0.0412) (16 0.0389) (17 -0.037) (29 -0.0366) (26 -0.0364) (28 -0.0357) (36 -0.0353) (37 0.0348) (40 -0.0343) (32 -0.0324) (38 -0.031) (56 -0.0305) (50 -0.0305) (41 -0.0292) (77 0.0277) (62 -0.0268) (54 -0.026) (33 0.0222) (74 0.0213) (71 0.0191) (68 -0.0191) (53 0.019) (72 -0.0189) (15 -0.0183) (35 -0.0176) (30 -0.0163) (67 0.0153) (51 0.0148) (55 0.0144) (61 -0.0142) (81 0.0134) (66 -0.0131) (76 -0.0124) (63 0.0123) (80 -0.0119) (57 0.0105) 
  0.00010782   (3 -1) 
  0.00011694   (22 -0.591) (20 -0.344) (14 0.335) (24 -0.297) (25 0.294) (21 -0.254) (19 0.235) (17 -0.201) (11 -0.176) (23 0.139) (34 -0.103) (30 0.0791) (16 -0.0515) (42 0.046) (32 0.0423) (38 -0.0399) (43 -0.0356) (36 -0.0311) (31 -0.0307) (46 -0.0291) (28 -0.0286) (26 -0.027) (12 -0.0256) (29 0.0216) (40 -0.021) (13 -0.0209) (47 0.0207) (18 -0.0192) (15 0.0185) (78 0.0173) (27 0.0135) (57 0.0127) (37 0.0117) (45 -0.0109) (52 -0.0107) 
  0.00019402   (159 1) 
  0.00021441   (2 -1) 
  0.00024249   (21 0.874) (14 0.263) (24 -0.191) (25 0.189) (17 -0.186) (11 -0.139) (19 0.102) (22 0.0984) (34 -0.0717) (23 -0.0559) (157 0.0469) (20 0.045) (30 0.0382) (26 -0.0345) (42 0.0302) (31 -0.0297) (16 0.0262) (12 -0.02) (36 -0.0199) (28 -0.0186) (38 -0.0169) (47 0.0166) (13 -0.0158) (78 0.0155) (40 -0.0138) (48 0.0101) 
  0.00027912   (157 0.999) (21 -0.041) (14 -0.0124) 
   0.0002843   (8 1) 
  0.00030416   (28 -0.584) (27 0.451) (150 -0.398) (26 -0.367) (25 -0.238) (14 0.148) (34 -0.147) (24 0.144) (32 -0.104) (11 -0.0846) (17 -0.0547) (31 -0.0494) (20 0.0489) (37 0.0469) (51 0.0456) (36 -0.0455) (16 0.0418) (48 0.0407) (35 0.0383) (42 0.0296) (21 -0.0292) (78 0.0215) (47 -0.0157) (75 -0.0153) (19 -0.0144) (15 -0.0141) (49 0.0139) (29 -0.0124) (53 0.0109) (44 0.0108) (30 0.0105) (33 0.0102) (41 0.0102) (23 -0.0101) 
  0.00031344   (150 -0.918) (28 0.253) (27 -0.196) (26 0.159) (25 0.103) (14 -0.0641) (34 0.0636) (24 -0.0624) (32 0.0449) (11 0.0367) (17 0.0237) (31 0.0214) (20 -0.0212) (37 -0.0203) (36 0.0197) (51 -0.0197) (16 -0.0181) (48 -0.0176) (35 -0.0166) (42 -0.0128) (21 0.0126) 
  0.00032379   (6 1) 
  0.00033103   (22 0.595) (25 0.4) (21 -0.345) (24 -0.295) (20 0.263) (14 0.23) (153 -0.22) (23 0.21) (17 -0.147) (11 -0.121) (34 -0.08) (32 -0.074) (16 0.0672) (19 -0.0582) (28 -0.0533) (15 -0.0263) (31 -0.024) (78 0.0234) (48 0.022) (37 0.0219) (42 0.0216) (39 0.0202) (36 -0.018) (35 0.0165) (29 -0.016) (13 -0.016) (73 -0.0153) (51 0.0126) (26 -0.011) (56 0.0109) 
  0.00034984   (153 -0.975) (22 -0.134) (25 -0.0903) (21 0.0778) (24 0.0666) (20 -0.0593) (14 -0.052) (23 -0.0474) (17 0.0333) (11 0.0273) (34 0.018) (32 0.0167) (16 -0.0152) (19 0.0131) (28 0.012) 
  0.00035985   (73 -0.622) (57 -0.47) (71 -0.256) (62 -0.238) (66 -0.216) (70 -0.204) (74 -0.176) (52 0.153) (78 -0.146) (60 0.143) (43 0.106) (46 0.0946) (61 -0.0784) (42 -0.0753) (56 0.0753) (54 0.0676) (65 -0.0613) (32 -0.0607) (47 -0.0595) (77 0.0561) (51 0.0532) (69 -0.0531) (72 0.0486) (79 0.0478) (16 -0.0433) (38 0.0395) (68 -0.0372) (20 -0.0372) (50 0.0369) (19 0.0342) (40 0.027) (41 0.0224) (48 0.0217) (29 -0.0213) (89 -0.0203) (122 -0.0195) (88 0.0194) (45 0.0192) (30 -0.019) (119 -0.0183) (59 0.0179) (123 -0.0171) (100 0.0164) (84 0.0161) (75 -0.0161) (109 0.0155) (63 0.0154) (104 0.0154) (126 0.0154) (34 0.014) (37 -0.0139) (15 0.0137) (44 -0.0132) (25 0.013) (99 -0.0118) (152 -0.0116) (80 -0.011) (14 0.011) (64 0.0106) (125 -0.0104) (106 -0.0102) (127 0.01) 
  0.00040869   (73 0.657) (57 -0.405) (66 -0.272) (62 -0.252) (152 -0.238) (70 -0.149) (74 0.145) (43 0.135) (52 0.131) (46 0.124) (47 -0.108) (42 -0.106) (68 -0.0928) (49 0.087) (56 0.0768) (60 0.0755) (65 -0.0748) (61 -0.0747) (72 -0.0688) (14 0.0649) (32 -0.0631) (71 0.0598) (39 0.0502) (38 0.049) (34 0.0484) (51 0.0475) (53 -0.0471) (16 -0.0458) (55 0.0405) (54 0.0403) (19 0.0398) (59 0.0396) (11 -0.0374) (48 -0.0365) (45 0.0339) (40 0.0332) (120 0.0311) (41 0.0306) (29 -0.0304) (30 -0.0293) (79 -0.0289) (20 -0.0271) (84 0.0223) (119 -0.0222) (78 0.019) (67 0.0185) (121 -0.0181) (125 -0.0179) (37 -0.0177) (89 -0.0171) (127 0.0163) (31 0.0162) (63 0.0161) (36 0.0157) (122 0.0155) (44 -0.0151) (117 -0.0146) (15 0.0137) (88 0.0134) (22 0.0128) (137 0.0127) (131 -0.0126) (69 0.0124) (23 -0.0118) (99 -0.0117) (126 -0.0108) (21 -0.0108) (64 0.0102) 
  0.00043006   (152 -0.971) (73 -0.153) (57 0.105) (66 0.069) (62 0.0646) (70 0.0386) (43 -0.0348) (52 -0.0344) (74 -0.0335) (46 -0.032) (47 0.0276) (42 0.0273) (68 0.0231) (49 -0.0215) (60 -0.0202) (56 -0.0199) (61 0.0193) (65 0.019) (32 0.0165) (72 0.0163) (14 -0.0162) (38 -0.0127) (39 -0.0125) (51 -0.0124) (34 -0.0122) (16 0.012) (71 -0.0117) (53 0.0117) (54 -0.0108) (19 -0.0104) 
  0.00044778   (24 0.772) (25 0.606) (54 -0.0933) (52 0.0692) (23 0.0625) (53 -0.0493) (56 -0.0446) (22 -0.0407) (14 0.0373) (57 0.0353) (20 -0.0321) (21 0.031) (46 0.0288) (49 0.0287) (11 -0.0277) (47 -0.0275) (27 0.0227) (30 -0.0227) (55 -0.0215) (43 0.0207) (39 0.0207) (51 0.0194) (16 0.019) (28 -0.019) (26 -0.0184) (78 0.0156) (48 -0.0146) (32 -0.0132) (19 0.0109) (42 -0.0104) (50 -0.0104) 
  0.00048526   (147 0.747) (54 -0.394) (52 0.317) (56 -0.202) (53 -0.183) (57 0.13) (43 0.109) (46 0.097) (47 -0.0957) (51 0.0955) (42 -0.0908) (49 0.0874) (55 -0.0847) (25 -0.0767) (24 -0.0746) (48 -0.0571) (14 0.0489) (34 0.0402) (73 -0.0374) (60 -0.0353) (62 0.0344) (32 -0.0344) (38 0.0298) (78 0.0288) (45 0.0282) (11 -0.027) (50 -0.0264) (40 0.0244) (16 -0.0233) (39 0.0211) (29 -0.0196) (71 -0.0196) (19 0.0185) (23 -0.0167) (41 0.0156) (36 0.0147) (37 -0.014) (44 -0.0131) (61 0.013) (66 0.0126) (30 -0.0108) 
  0.00049067   (147 0.665) (54 0.442) (52 -0.356) (56 0.227) (53 0.206) (57 -0.146) (43 -0.123) (46 -0.109) (47 0.108) (51 -0.107) (42 0.102) (49 -0.0982) (55 0.0952) (25 0.083) (24 0.0797) (48 0.0641) (14 -0.0552) (34 -0.0452) (73 0.042) (60 0.0397) (32 0.0387) (62 -0.0386) (38 -0.0335) (78 -0.0324) (45 -0.0317) (11 0.0305) (50 0.0297) (40 -0.0274) (16 0.0261) (39 -0.0238) (71 0.022) (29 0.022) (19 -0.0208) (23 0.0184) (41 -0.0176) (36 -0.0166) (37 0.0157) (44 0.0147) (61 -0.0146) (66 -0.0141) (30 0.0122) (77 0.0112) (119 0.0104) 
  0.00049818   (55 0.674) (53 0.469) (39 -0.377) (52 0.296) (57 0.168) (43 0.118) (42 -0.117) (40 0.103) (46 0.0638) (47 -0.0637) (49 0.0539) (51 0.0476) (60 -0.0471) (48 -0.0469) (56 0.0457) (78 0.0448) (34 -0.0385) (71 -0.0309) (45 0.0281) (54 0.0238) (36 -0.0209) (151 -0.0178) (50 -0.017) (20 -0.0165) (25 0.0158) (62 0.0156) (73 -0.0146) (77 -0.0143) (70 -0.0143) (69 -0.0133) (44 -0.0109) (61 0.0106) 
  0.00052675   (151 -0.971) (39 0.208) (55 0.0611) (40 -0.0432) (53 0.0403) (34 0.0383) (52 0.0293) (42 0.0212) (14 0.0211) (37 -0.0176) (57 0.0167) (32 -0.0162) (38 0.0162) (36 0.0155) (25 -0.0139) (43 -0.012) (78 0.0116) (11 -0.0115) (49 -0.0115) (48 0.0113) (29 -0.0103) 
  0.00056319   (39 -0.822) (55 -0.3) (151 -0.237) (53 -0.2) (40 0.169) (34 -0.154) (52 -0.142) (14 -0.0859) (57 -0.0805) (42 -0.0777) (37 0.0712) (32 0.0668) (38 -0.066) (36 -0.0617) (25 0.0557) (78 -0.051) (11 0.0472) (49 0.0433) (48 -0.043) (29 0.0417) (43 0.0403) (73 0.039) (51 -0.034) (56 -0.0319) (23 0.0314) (54 -0.0298) (24 -0.0281) (47 -0.0264) (60 0.0263) (19 -0.0238) (71 0.0236) (35 0.0224) (50 -0.0216) (16 0.0216) (27 0.019) (77 0.0166) (62 -0.0161) (31 -0.0149) (41 -0.0145) (66 -0.0132) (26 -0.0128) (79 0.0124) (45 0.0111) (69 0.011) (68 -0.0107) 
  0.00058745   (70 0.72) (71 0.557) (57 -0.269) (52 0.141) (73 -0.13) (49 -0.119) (48 0.076) (51 0.0739) (69 0.0632) (60 0.0615) (50 0.0575) (62 -0.0542) (43 0.0463) (74 -0.0452) (68 0.043) (46 0.0373) (32 -0.0324) (149 0.0314) (55 0.0313) (84 0.03) (75 -0.0285) (42 -0.0284) (61 -0.0257) (20 -0.0252) (16 -0.0239) (76 0.0225) (38 0.0225) (56 0.0211) (65 -0.0203) (125 -0.0194) (40 0.0194) (88 0.0187) (19 0.0177) (39 -0.0166) (123 -0.0161) (127 0.0146) (72 0.0142) (77 0.0138) (79 -0.0129) (89 -0.0129) (119 -0.0128) (100 0.0125) (41 0.0122) (29 -0.0121) (97 -0.0118) (104 0.0118) (126 0.0117) (66 -0.0114) (37 -0.0103) 
  0.00059931   (149 0.855) (49 0.353) (48 -0.18) (52 -0.14) (51 -0.123) (50 -0.122) (47 -0.119) (54 0.087) (43 0.0818) (42 -0.0788) (46 0.0633) (70 0.0593) (73 -0.0576) (39 0.0496) (53 0.0447) (45 0.039) (14 0.0364) (55 -0.0336) (78 0.0315) (34 0.0285) (62 0.0249) (32 -0.0246) (66 0.0232) (11 -0.0199) (38 0.0185) (57 0.0183) (71 0.0179) (29 -0.0165) (68 0.0164) (16 -0.0156) (19 0.0146) (23 -0.0127) (79 -0.0123) (25 -0.0122) (37 -0.0111) (40 0.0108) (41 0.0103) (72 0.0101) 
  0.00062848   (49 -0.577) (149 0.517) (48 0.293) (52 0.222) (51 0.199) (50 0.199) (47 0.196) (54 -0.144) (70 -0.142) (43 -0.138) (42 0.132) (46 -0.107) (73 0.103) (39 -0.081) (53 -0.0738) (45 -0.0648) (71 -0.0634) (14 -0.0605) (55 0.0537) (78 -0.0526) (34 -0.0476) (32 0.0429) (62 -0.0379) (66 -0.0377) (11 0.0332) (38 -0.0322) (68 -0.0298) (29 0.0282) (16 0.0274) (19 -0.0253) (79 0.0212) (23 0.0211) (25 0.0198) (40 -0.0191) (37 0.019) (41 -0.0179) (72 -0.0177) (44 0.0166) (30 0.0157) (77 0.0154) (120 -0.0149) (74 0.0148) (36 -0.0142) (31 -0.0136) (57 -0.0132) (59 0.011) (60 -0.011) 
  0.00067194   (38 0.878) (23 -0.203) (20 -0.177) (19 0.164) (40 -0.148) (39 -0.142) (22 0.136) (43 -0.125) (16 -0.112) (42 0.0913) (32 -0.086) (46 -0.073) (41 -0.0681) (37 -0.0656) (52 -0.0401) (47 0.04) (21 -0.0395) (14 0.0359) (57 0.0334) (15 0.03) (36 -0.0235) (11 -0.02) (54 -0.0158) (51 -0.0156) (24 0.0153) (56 -0.0145) (30 -0.0143) (25 0.0141) (33 0.0128) (44 0.0123) (45 -0.0118) (18 -0.0117) (78 -0.0112) (48 -0.0111) 
   0.0007987   (23 -0.585) (22 0.374) (20 -0.36) (19 0.339) (38 -0.337) (32 0.219) (16 -0.164) (21 -0.133) (29 0.118) (14 0.116) (24 0.0933) (30 0.091) (11 -0.0637) (34 -0.0623) (31 -0.0454) (25 -0.0441) (15 0.0439) (142 0.0437) (37 0.0427) (40 0.0297) (26 0.0266) (33 -0.0252) (18 -0.0241) (28 0.0223) (42 0.019) (17 -0.0186) (12 -0.0161) (43 -0.0135) (47 0.0121) (49 -0.0115) (48 0.0113) 
  0.00085659   (142 0.999) (23 0.0267) (22 -0.0171) (20 0.0167) (19 -0.0158) (137 0.0125) (38 0.01) 
  0.00092589   (48 0.399) (46 0.392) (52 -0.382) (47 -0.335) (43 0.298) (16 -0.284) (49 -0.281) (51 -0.206) (50 0.164) (42 -0.156) (57 0.141) (56 -0.098) (41 0.0929) (32 -0.0863) (54 -0.0793) (17 0.0725) (53 0.0608) (14 0.0573) (38 0.0531) (78 -0.0495) (45 0.0474) (15 0.0466) (40 0.0424) (44 -0.0341) (25 0.0313) (19 -0.03) (11 -0.0298) (39 0.0294) (60 -0.0269) (30 -0.0241) (55 0.0232) (29 -0.02) (24 -0.0194) (77 0.0185) (37 -0.0148) (70 -0.0144) (33 0.0132) (84 0.0127) (20 -0.012) (36 -0.0117) (12 -0.0117) (62 0.0115) (21 0.0108) (119 -0.0105) 
   0.0011084   (16 -0.801) (19 -0.315) (17 0.246) (14 0.197) (20 0.169) (46 -0.129) (15 0.118) (43 -0.117) (32 0.11) (47 0.107) (11 -0.101) (48 -0.101) (52 0.0879) (42 0.0755) (49 0.067) (30 0.0531) (23 0.0502) (29 0.049) (51 0.0474) (50 -0.044) (22 -0.0428) (34 -0.0387) (38 -0.0384) (41 -0.0361) (39 -0.0302) (57 -0.027) (12 -0.0258) (21 0.0238) (31 -0.0225) (40 -0.0219) (56 0.0219) (18 0.0217) (45 -0.02) (54 0.0179) (37 0.0166) (24 0.0142) (78 0.0138) (33 -0.0132) (44 0.0123) (53 -0.0108) 
   0.0012515   (146 -1) (137 0.016) 
   0.0013202   (54 0.666) (56 -0.352) (52 0.321) (32 -0.28) (57 0.236) (55 -0.216) (34 0.191) (36 0.177) (29 -0.0915) (51 0.0869) (37 0.0859) (39 -0.0809) (16 -0.0732) (50 0.0707) (30 -0.0661) (19 0.0652) (48 0.062) (20 -0.0588) (33 0.0579) (46 0.0564) (38 -0.0515) (78 -0.0456) (53 -0.0382) (60 -0.0369) (49 -0.0366) (31 0.0358) (35 -0.0331) (43 0.0278) (47 -0.0241) (15 0.0237) (14 0.0235) (23 -0.0194) (72 0.0181) (73 0.017) (70 -0.0169) (79 0.0158) (139 0.0158) (71 0.0156) (77 0.0137) (66 -0.0135) (25 0.0131) (68 -0.013) (22 0.0122) (119 -0.0116) (11 -0.0116) (26 -0.0115) (28 -0.0111) (62 0.0107) (24 -0.0106) (123 -0.0102) 
    0.001496   (32 -0.488) (34 0.414) (36 0.397) (54 -0.305) (37 0.209) (52 -0.194) (38 -0.173) (39 -0.167) (29 -0.16) (43 -0.152) (56 0.147) (42 0.129) (139 0.126) (30 -0.109) (33 0.108) (55 0.096) (46 -0.0918) (19 0.0808) (57 -0.0791) (16 -0.075) (14 0.0718) (35 -0.0679) (31 0.0661) (51 -0.0628) (47 0.0598) (41 -0.058) (20 -0.0549) (40 -0.0548) (11 -0.0406) (23 -0.0365) (50 -0.0276) (53 0.0241) (78 0.0236) (45 -0.0203) (15 0.0198) (73 -0.0164) (22 0.0162) (48 -0.0148) (60 0.0132) (28 -0.013) (26 -0.0125) (71 -0.0109) (137 0.0104) (12 -0.0101) 
    0.001529   (139 0.989) (137 0.079) (32 0.0668) (34 -0.0558) (36 -0.0534) (37 -0.028) (54 0.0277) (38 0.0228) (39 0.0224) (29 0.0219) (52 0.0192) (43 0.0187) (42 -0.0163) (30 0.0149) (33 -0.0147) (56 -0.0131) (19 -0.0115) (16 0.0109) (46 0.0106) 
    0.001544   (11 -0.785) (14 -0.396) (36 -0.289) (13 0.251) (12 -0.21) (34 0.158) (30 -0.0589) (134 -0.0348) (29 -0.0314) (37 0.0287) (31 0.0279) (38 -0.0263) (15 0.0255) (42 0.0218) (32 -0.0202) (39 -0.0152) (35 0.014) (43 -0.0139) (72 -0.0129) (45 -0.0117) (40 -0.0106) 
   0.0016493   (134 -0.798) (36 -0.463) (34 0.262) (11 0.164) (14 0.155) (30 -0.0849) (13 -0.0656) (29 -0.0528) (12 0.0479) (31 0.0424) (37 0.0407) (38 -0.0392) (32 -0.0374) (42 0.0354) (39 -0.0321) (35 0.02) (25 -0.0193) (43 -0.0179) (40 -0.0174) (19 0.017) (24 0.0162) (45 -0.0147) (53 0.0122) (17 -0.0114) (47 0.0107) (18 -0.0107) (55 -0.0103) 
   0.0018659   (36 0.632) (134 -0.601) (34 -0.357) (14 -0.182) (11 -0.172) (30 0.116) (13 0.0726) (29 0.0719) (31 -0.0579) (37 -0.0556) (38 0.0535) (12 -0.0514) (32 0.0508) (42 -0.0483) (39 0.0435) (35 -0.0274) (25 0.0258) (43 0.0245) (40 0.0237) (19 -0.023) (24 -0.021) (45 0.0202) (53 -0.0164) (17 0.0155) (47 -0.0146) (18 0.0145) (55 0.014) (51 0.0121) (48 -0.012) (78 -0.0119) (16 0.0119) (46 0.0103) 
   0.0019942   (30 -0.743) (31 0.36) (32 0.34) (29 -0.236) (53 0.207) (55 -0.143) (36 0.139) (34 -0.0793) (28 -0.0784) (51 -0.0723) (33 -0.0676) (52 0.0607) (50 -0.0607) (24 -0.054) (71 -0.0522) (19 0.052) (35 0.0504) (54 -0.0496) (16 -0.046) (25 0.0438) (27 0.0435) (70 0.0421) (69 -0.0413) (48 0.0338) (37 -0.0334) (68 0.0333) (46 -0.0292) (49 -0.0283) (40 -0.0263) (72 0.0258) (74 0.0249) (20 -0.024) (26 -0.0235) (73 0.0212) (78 -0.0185) (62 -0.0184) (47 0.0179) (130 0.0173) (60 0.0171) (42 0.0164) (45 -0.016) (56 -0.016) (57 -0.0156) (65 0.0138) (41 0.0138) 
    0.002036   (71 -0.506) (70 0.388) (69 -0.363) (68 0.359) (130 0.242) (74 0.236) (78 -0.202) (72 0.189) (53 -0.176) (73 0.13) (55 0.105) (66 0.0979) (67 -0.0872) (60 0.0784) (51 0.078) (57 -0.0712) (54 0.0685) (77 -0.0671) (46 0.0605) (63 -0.0584) (56 0.0569) (42 -0.0553) (62 0.0531) (83 -0.0509) (59 -0.0498) (80 -0.0468) (75 0.0374) (65 0.0366) (86 -0.0327) (61 0.0322) (41 0.0314) (32 -0.0277) (43 -0.0267) (79 0.0267) (81 0.0259) (30 0.0236) (109 -0.0225) (48 0.0197) (87 -0.019) (110 0.0186) (40 0.0186) (96 0.0168) (107 -0.0162) (34 0.0159) (84 0.0158) (119 0.0151) (131 0.015) (89 -0.0148) (47 -0.0146) (58 -0.0143) (91 0.0122) (16 -0.012) (38 0.0114) (100 0.0112) (36 -0.0108) (113 -0.0101) 
   0.0022505   (130 0.563) (53 -0.515) (55 0.369) (30 -0.191) (50 0.173) (71 0.167) (69 0.146) (51 0.138) (70 -0.134) (52 -0.126) (54 0.122) (68 -0.0885) (31 0.0879) (62 0.0858) (72 -0.085) (74 -0.0838) (73 -0.0802) (32 0.0793) (48 -0.0659) (49 0.0655) (29 -0.0616) (56 0.0614) (43 -0.0562) (42 -0.0549) (57 0.0531) (78 0.0525) (60 -0.0459) (131 0.0447) (46 0.0432) (132 -0.0402) (45 0.0394) (65 -0.036) (84 -0.0291) (35 0.028) (81 -0.0267) (19 0.0263) (28 -0.026) (47 -0.0255) (67 0.021) (16 -0.0208) (24 -0.0191) (90 -0.0162) (75 -0.0158) (33 -0.0156) (63 0.0152) (36 0.015) (88 0.0148) (80 0.0145) (120 -0.0123) (25 0.012) (77 0.0113) (14 0.0113) (27 0.0108) (119 0.0104) (115 0.0103) (123 0.0102) 
   0.0023521   (130 0.779) (53 0.42) (55 -0.294) (30 0.146) (50 -0.124) (51 -0.122) (54 -0.108) (52 0.0896) (131 0.0814) (132 -0.0809) (62 -0.0774) (31 -0.0696) (56 -0.0614) (42 0.0564) (32 -0.0557) (46 -0.0494) (43 0.0489) (68 -0.0476) (29 0.0475) (49 -0.0448) (48 0.0404) (71 0.0365) (45 -0.03) (66 -0.0247) (70 -0.0242) (78 0.024) (47 0.0225) (19 -0.0212) (35 -0.0211) (28 0.0208) (16 0.0199) (73 0.0172) (84 0.0161) (57 -0.0156) (59 0.0153) (24 0.0153) (83 0.0152) (65 0.0143) (74 -0.0126) (90 0.0125) (86 0.0124) (77 0.0123) (67 0.0119) (61 -0.0118) (33 0.0117) (81 0.0112) (88 -0.0107) (79 -0.0106) (25 -0.0106) (36 -0.0105) 
   0.0025528   (23 0.706) (20 -0.345) (19 0.315) (22 0.275) (25 -0.245) (56 -0.223) (24 0.136) (16 -0.111) (32 0.109) (15 0.0947) (21 0.0918) (29 0.0819) (52 -0.0775) (57 -0.0709) (55 0.0602) (46 -0.0458) (43 -0.0427) (30 0.0359) (17 0.0329) (60 0.0318) (42 0.0315) (78 0.0256) (26 0.0251) (48 -0.0243) (12 -0.0243) (38 -0.0242) (54 -0.0236) (47 0.0231) (28 0.0227) (53 0.0205) (71 -0.0172) (37 0.0165) (51 -0.0158) (120 -0.0157) (11 0.0155) (36 0.015) (34 0.0146) (33 -0.014) (13 0.0136) (45 -0.0116) (125 -0.0111) (59 -0.011) (77 -0.0108) 
   0.0026597   (60 -0.834) (56 0.313) (59 0.266) (62 0.153) (57 -0.143) (61 0.129) (55 -0.121) (52 0.112) (78 -0.0898) (23 0.0784) (46 0.0764) (20 -0.0553) (133 0.0509) (19 0.0429) (48 0.0409) (79 0.0394) (54 0.0369) (22 0.0328) (43 0.0309) (49 0.0287) (47 -0.0284) (77 0.0279) (25 -0.0276) (71 -0.0265) (63 -0.0263) (16 -0.026) (34 0.0227) (125 -0.0213) (84 -0.021) (110 -0.0206) (68 0.02) (15 0.0198) (69 -0.0192) (108 -0.0185) (109 0.0172) (72 -0.0168) (24 0.0155) (70 0.0153) (120 0.0152) (58 0.0151) (50 0.0148) (29 0.0135) (44 -0.0134) (80 -0.0133) (38 0.0133) (45 0.0133) (73 -0.0129) (64 -0.0128) (21 0.0121) (124 -0.0116) (40 0.0111) (74 -0.0107) (36 0.0101) (82 0.01) 
   0.0026705   (133 0.757) (56 0.464) (57 0.27) (60 0.202) (52 0.121) (55 -0.113) (50 -0.105) (23 0.102) (20 -0.0724) (59 -0.0659) (53 -0.0619) (62 -0.0618) (19 0.0605) (43 0.0593) (46 0.057) (48 0.0477) (41 0.0448) (22 0.0433) (71 0.0395) (16 -0.0395) (78 -0.0387) (51 0.0356) (61 -0.0342) (25 -0.0328) (54 0.0302) (47 -0.0299) (68 -0.0225) (84 0.0178) (21 0.0175) (77 0.0173) (15 0.0167) (69 0.016) (32 -0.0154) (24 0.0149) (45 -0.0145) (131 -0.0142) (74 -0.0133) (40 0.0129) (38 0.0123) (42 -0.0122) (119 -0.0116) (120 0.0113) (65 0.0112) 
   0.0028699   (133 0.651) (56 -0.564) (57 -0.302) (60 -0.168) (52 -0.149) (55 0.141) (23 -0.125) (50 0.12) (20 0.0885) (19 -0.0737) (46 -0.0725) (53 0.0714) (43 -0.0713) (62 0.0597) (48 -0.0587) (59 0.0553) (22 -0.0528) (78 0.0515) (41 -0.0514) (16 0.0479) (71 -0.044) (51 -0.0405) (25 0.0402) (54 -0.0381) (47 0.0371) (125 -0.0347) (61 0.0295) (68 0.0246) (124 -0.0242) (77 -0.0222) (21 -0.0212) (15 -0.021) (84 -0.0199) (119 0.0188) (24 -0.0185) (32 0.0179) (69 -0.0172) (74 0.0163) (120 -0.0159) (40 -0.0159) (45 0.0155) (38 -0.0154) (42 0.0141) (122 0.0134) (65 -0.0125) (127 0.0125) (34 -0.0115) (17 -0.0109) (131 -0.0108) (123 -0.0104) 
   0.0035492   (40 0.887) (66 -0.238) (39 0.154) (65 -0.14) (84 -0.135) (41 -0.123) (43 -0.117) (62 0.115) (42 0.107) (38 0.106) (57 0.0711) (32 -0.0627) (47 0.0463) (46 -0.0426) (87 0.0384) (30 -0.0342) (52 -0.0319) (50 0.0308) (16 -0.028) (70 0.028) (31 0.0258) (129 0.0246) (51 -0.0243) (69 -0.0233) (19 0.0222) (29 -0.0221) (20 -0.0217) (68 0.0207) (59 -0.0207) (96 0.0202) (91 0.0196) (15 -0.0196) (53 0.0185) (61 0.0179) (78 0.0172) (55 -0.0167) (25 0.0165) (33 0.0161) (73 -0.0154) (36 -0.0143) (109 -0.0136) (54 -0.0135) (23 -0.012) (60 0.0111) (44 -0.0106) (37 0.0101) (82 0.01) 
   0.0038114   (84 -0.862) (129 0.322) (66 0.222) (87 0.164) (65 0.128) (62 -0.109) (78 0.081) (57 -0.0703) (91 0.0697) (85 0.0589) (109 -0.0423) (40 -0.04) (52 0.0383) (43 0.0377) (96 0.0368) (110 0.0365) (92 -0.0357) (86 -0.0349) (77 -0.0333) (107 -0.0324) (90 0.0308) (46 0.0299) (119 -0.0294) (83 0.0263) (103 -0.0242) (117 -0.0236) (41 0.0227) (89 -0.0212) (61 -0.0208) (60 0.0202) (56 0.0198) (47 -0.0197) (88 0.0185) (111 -0.0183) (94 -0.0181) (48 0.0179) (123 -0.0178) (126 0.0171) (120 0.017) (127 0.0167) (93 -0.0167) (72 -0.0167) (54 0.0164) (42 -0.0158) (114 0.0158) (112 0.0153) (124 0.0151) (50 -0.015) (100 0.0136) (71 -0.0133) (39 -0.0129) (55 -0.0129) (115 -0.0124) (49 -0.0122) (97 -0.0122) (105 -0.0121) (51 0.012) (104 0.0117) (69 0.0115) (108 -0.0114) (59 0.0101) 
   0.0040104   (129 0.678) (66 0.436) (84 0.387) (65 0.251) (40 0.217) (62 -0.183) (50 0.0946) (87 -0.0814) (57 -0.0778) (70 -0.0701) (78 -0.0568) (69 0.0525) (91 -0.0468) (41 -0.0449) (68 -0.0428) (39 0.0416) (85 -0.0308) (38 0.0307) (96 -0.0295) (109 0.0294) (59 0.0281) (61 -0.028) (73 0.0267) (52 0.0245) (45 0.024) (49 0.0229) (43 -0.0217) (32 -0.0203) (127 0.0202) (48 -0.0202) (71 0.0195) (110 -0.0186) (90 -0.0182) (92 0.016) (86 0.0159) (76 -0.0157) (79 0.0154) (103 0.0153) (67 -0.0145) (107 0.0142) (74 -0.0142) (64 0.014) (19 0.0137) (94 0.0129) (30 -0.0129) (77 0.0125) (82 -0.0109) (108 0.0107) (72 0.0107) (56 0.0107) (16 -0.0106) (60 -0.0105) (20 -0.0102) 
   0.0040551   (129 0.659) (66 -0.549) (65 -0.316) (40 -0.238) (62 0.237) (57 0.113) (50 -0.0897) (70 0.0731) (69 -0.0586) (68 0.0474) (52 -0.0433) (39 -0.0422) (38 -0.0396) (41 0.0392) (61 0.0384) (59 -0.0331) (84 0.0311) (73 -0.0285) (32 0.0283) (45 -0.0236) (56 -0.0208) (67 0.0195) (109 -0.018) (64 -0.0178) (49 -0.017) (78 0.0167) (16 0.0166) (19 -0.0163) (30 0.0161) (79 -0.0157) (20 0.0156) (76 0.0152) (91 0.015) (96 0.0149) (54 -0.0145) (46 -0.0137) (47 0.0134) (71 -0.0129) (93 0.0124) (63 0.0116) (119 0.0114) (48 0.0112) (14 -0.0112) (82 0.0111) (34 -0.0107) (83 -0.0106) (29 0.0106) (74 0.0105) 
   0.0041449   (105 0.579) (96 -0.332) (103 0.289) (123 -0.267) (108 -0.205) (101 0.198) (109 -0.181) (106 -0.174) (124 0.173) (99 -0.167) (119 0.156) (107 -0.154) (112 -0.14) (102 -0.121) (98 -0.12) (110 -0.113) (118 -0.101) (122 0.0983) (111 -0.0772) (104 -0.0768) (114 -0.0757) (97 -0.0742) (100 -0.073) (50 0.0665) (113 0.0661) (121 -0.0648) (90 -0.0642) (120 0.0596) (117 -0.0591) (115 -0.055) (94 0.0517) (82 -0.0293) (84 -0.0292) (72 -0.0288) (89 0.0276) (93 -0.0275) (125 0.0269) (116 -0.0262) (92 0.0252) (85 -0.0176) (53 0.0161) (91 0.016) (55 -0.0156) (80 -0.0155) (49 0.0149) (70 0.0136) (60 0.0131) (66 -0.0124) (81 -0.0117) (71 -0.0115) (56 0.0115) (79 0.011) (83 0.0102) 
   0.0042273   (144 0.999) (123 -0.0253) (137 0.0245) (124 0.017) (96 0.0101) 
   0.0042868   (50 0.854) (49 0.201) (53 0.167) (55 -0.159) (48 -0.137) (56 0.133) (72 -0.124) (45 0.11) (51 -0.107) (60 0.0899) (40 -0.0871) (52 0.0762) (41 -0.0754) (57 0.0719) (54 -0.0699) (15 0.0674) (123 0.0662) (66 -0.0637) (70 0.0612) (84 -0.057) (71 -0.0561) (43 -0.0558) (82 -0.0518) (124 -0.0513) (109 0.0475) (119 -0.0474) (105 -0.0459) (59 -0.045) (62 0.0437) (96 -0.043) (107 0.0406) (65 -0.0391) (69 -0.0334) (80 -0.0316) (42 -0.03) (122 -0.0299) (68 0.0287) (44 -0.0258) (23 0.0251) (87 -0.0247) (108 0.0247) (103 -0.0234) (101 -0.0213) (31 -0.0212) (120 -0.0207) (118 0.0205) (79 0.0199) (92 -0.0198) (81 -0.0194) (112 -0.0192) (91 -0.0186) (46 -0.0185) (38 -0.0185) (121 0.0183) (125 -0.0182) (74 0.0174) (90 -0.0169) (115 0.0165) (73 0.0162) (117 0.0161) (83 0.0155) (110 -0.0138) (12 -0.0136) (85 -0.0124) (99 0.0122) (111 -0.0117) (11 0.0113) (39 -0.0111) (32 0.0105) 
   0.0043994   (72 -0.596) (45 0.478) (80 -0.326) (81 -0.268) (44 -0.223) (50 -0.179) (93 -0.153) (83 0.145) (87 -0.128) (71 -0.126) (70 0.0909) (79 0.0903) (98 -0.0788) (48 0.0768) (76 0.0678) (77 0.0625) (113 -0.0618) (49 -0.0596) (107 0.0587) (41 -0.0579) (78 0.0556) (43 -0.0545) (46 -0.0507) (97 0.043) (105 -0.0367) (89 0.0366) (100 0.0362) (96 0.0298) (75 -0.0293) (60 0.0279) (91 0.0277) (85 -0.0271) (123 -0.0264) (90 0.0257) (82 -0.0232) (156 0.0229) (54 0.0213) (66 0.0201) (73 -0.0196) (110 0.0184) (119 0.0181) (101 -0.0176) (68 0.0175) (62 0.017) (42 -0.0166) (109 -0.0166) (120 0.0162) (114 0.0161) (59 -0.0157) (57 -0.0157) (104 0.0155) (115 -0.0153) (74 0.0149) (103 0.0149) (52 0.0139) (51 0.013) (47 -0.0126) (55 -0.0118) (124 0.0112) (117 -0.0106) (36 -0.0105) 
   0.0045687   (156 0.999) (45 -0.0306) (44 0.0137) 
   0.0046401   (45 0.717) (72 0.487) (44 -0.313) (80 0.154) (79 -0.134) (43 -0.117) (81 0.113) (41 -0.103) (71 0.0938) (87 0.0912) (46 -0.0884) (70 -0.0726) (83 -0.0616) (48 0.053) (107 -0.0508) (113 0.0503) (40 -0.049) (90 0.0488) (98 0.0418) (85 0.0383) (91 0.0383) (109 0.0369) (110 -0.0351) (78 -0.0327) (62 -0.0311) (66 -0.0301) (49 -0.0289) (36 -0.0272) (96 -0.0271) (100 -0.0271) (50 -0.027) (156 0.0267) (105 0.0264) (15 0.0232) (38 -0.0226) (57 0.0223) (76 -0.0222) (14 -0.0221) (42 -0.0213) (123 0.0204) (117 0.019) (75 0.0173) (93 -0.0165) (86 -0.0164) (114 -0.0164) (115 0.016) (120 -0.0156) (34 -0.0152) (73 0.0148) (59 0.0144) (60 -0.0136) (54 -0.0136) (124 -0.0133) (104 -0.0131) (89 -0.0123) (47 -0.0117) (102 0.0115) (23 0.0115) (56 0.0114) (101 0.0107) (68 -0.0101) 
   0.0047352   (18 -0.967) (136 -0.241) (15 -0.0389) (19 -0.0306) (17 -0.0298) (16 -0.0251) (23 0.0215) (7 0.0206) (20 0.0199) (14 -0.0147) (36 0.0143) (25 -0.0139) (45 0.0106) (24 0.01) 
   0.0049843   (136 -0.97) (18 0.241) 
   0.0051929   (7 -1) (18 -0.0196) 
   0.0053367   (5 -1) 
   0.0053753   (34 -0.427) (30 -0.415) (32 -0.378) (135 0.333) (29 0.247) (28 0.245) (25 -0.228) (31 -0.228) (14 0.214) (24 0.166) (27 -0.13) (26 0.129) (11 -0.122) (36 -0.119) (37 0.0818) (33 0.0738) (17 -0.0697) (42 0.0434) (16 0.0407) (38 -0.0395) (78 0.0339) (19 -0.0332) (21 -0.0311) (20 0.0267) (22 -0.0252) (40 -0.0247) (35 0.0241) (47 0.0201) (43 -0.0172) (13 -0.0162) (12 -0.0154) (39 0.0142) (48 0.0139) (41 0.0111) (15 -0.01) 
     0.00549   (135 0.943) (34 0.151) (30 0.147) (32 0.133) (29 -0.0872) (28 -0.0867) (25 0.0806) (31 0.0805) (14 -0.0756) (24 -0.0588) (27 0.0459) (26 -0.0454) (11 0.0431) (36 0.0419) (37 -0.0289) (33 -0.0261) (17 0.0247) (42 -0.0153) (16 -0.0144) (38 0.014) (19 0.0117) (78 -0.0117) (21 0.011) 
    0.005737   (10 0.733) (17 0.601) (16 0.209) (14 0.176) (11 -0.097) (24 -0.065) (25 0.0637) (20 -0.0627) (15 -0.0325) (18 -0.0298) (19 0.0265) (21 0.0257) (34 -0.0191) (27 0.0156) (13 -0.0154) (26 -0.0151) (78 0.0117) 
   0.0058905   (145 0.999) (10 -0.027) (17 0.0222) 
   0.0063431   (10 0.679) (17 -0.654) (16 -0.225) (14 -0.166) (11 0.0907) (20 0.0725) (24 0.0719) (25 -0.0717) (145 0.0366) (18 0.0317) (19 -0.0294) (21 -0.0292) (15 0.0286) (34 0.0212) (27 -0.0196) (12 0.018) (78 -0.0145) (26 0.0145) (42 -0.0124) (30 0.0117) (37 -0.0116) (13 0.0108) 
   0.0065776   (13 -0.644) (12 0.596) (41 0.316) (11 -0.29) (14 -0.148) (42 0.0812) (46 -0.0573) (45 0.0565) (15 0.0472) (50 0.0408) (43 0.0328) (40 0.0326) (48 -0.0246) (38 0.0204) (34 0.02) (44 -0.0197) (47 0.018) (31 0.0145) (16 -0.0143) (29 0.0143) (60 -0.0128) (39 -0.0118) (36 0.0115) (20 -0.0112) 
   0.0071076   (143 -0.999) (41 0.0373) (13 0.012) (12 -0.0112) (42 0.0111) 
   0.0072641   (41 -0.842) (42 -0.25) (13 -0.236) (12 0.22) (46 0.144) (45 -0.131) (14 -0.113) (43 -0.111) (40 -0.0968) (50 -0.0808) (34 -0.0752) (11 -0.0695) (38 -0.0598) (48 0.0546) (44 0.0508) (47 -0.0494) (143 -0.045) (36 -0.0446) (39 0.041) (29 -0.0401) (15 0.04) (19 0.0396) (32 -0.0319) (35 0.0314) (25 0.0297) (31 -0.0287) (74 0.0273) (60 0.027) (17 0.0245) (23 0.0243) (16 -0.0228) (24 -0.0203) (59 0.0187) (28 -0.0186) (49 -0.0181) (52 0.0179) (109 0.0174) (56 0.0168) (80 0.0156) (81 -0.0151) (65 0.0138) (61 -0.0138) (79 0.0135) (55 -0.0133) (66 -0.0127) (84 -0.0125) (67 0.0123) (75 0.0121) (26 -0.0116) (20 -0.011) (33 0.0107) (22 0.0106) (86 -0.0106) (68 0.0103) 
    0.007766   (12 0.693) (13 0.634) (31 0.265) (29 0.161) (14 0.0905) (32 -0.0703) (30 0.0503) (11 -0.0282) (37 -0.0253) (34 -0.0245) (41 -0.0231) (35 0.0201) (15 0.02) (67 0.0172) (33 -0.0141) (138 0.0132) (43 0.0126) (28 0.0105) (68 0.0102) 
   0.0085975   (138 0.989) (31 0.108) (29 0.0645) (12 -0.0445) (13 -0.0404) (32 -0.0257) (30 0.0203) 

 Largest eigenvalues
      48.938   (162 0.253) (164 0.955) 
      27.825   (14 -0.362) (32 -0.326) (34 -0.314) (78 -0.309) 
      16.256   (14 0.275) (77 0.245) (78 -0.736) (79 0.223) 
      15.322   (109 0.626) (110 -0.55) (111 0.305) 
      4.5283   (96 -0.292) (119 -0.392) (123 0.534) (124 -0.401) 
      1.4449   (162 0.967) (164 -0.25) 
      1.2233   (163 -0.997) 
      1.1467   (165 -0.996) 
      1.1417   (89 -0.304) (90 0.634) (91 -0.561) 
      1.1344   (100 0.292) (101 0.75) (106 0.495) 
      1.1344   (101 0.346) (106 -0.777) 
     0.92581   (111 0.326) (115 -0.777) 
     0.90318   (104 0.811) (105 0.351) 
     0.86826   (99 -0.616) (100 -0.468) (103 -0.298) 
     0.86389   (111 -0.554) (112 0.352) 
     0.75954   (109 -0.347) (110 -0.346) (111 0.31) (115 0.307) (137 0.29) 
     0.67398   (109 0.429) (110 0.59) (111 0.289) 
     0.66909   (96 -0.767) (99 0.29) 
     0.66332   (114 -0.493) (126 0.488) (137 0.389) 
     0.60033   (111 -0.348) (112 -0.45) (114 0.533) 
     0.57752   (108 0.598) (112 0.342) (114 0.494) 
     0.57361   (108 -0.674) (112 0.389) 
     0.57036   (114 -0.329) (122 -0.464) (124 0.34) (131 -0.31) (132 -0.371) 
     0.56863   (122 0.414) (124 -0.384) (125 -0.592) (132 -0.309) 
     0.55573   (118 0.315) (120 0.644) (121 -0.325) (123 0.292) 
     0.54003   (117 -0.468) (118 -0.664) 
     0.49624   (116 0.415) (119 -0.393) (123 -0.343) (127 -0.322) (132 -0.297) 
     0.48689   (116 -0.63) (126 0.307) (137 -0.309) 
     0.47072   (116 0.554) (122 -0.326) (126 0.389) (137 -0.358) 
     0.43715   (92 -0.963) 
     0.40136   (119 -0.398) (124 0.332) (127 0.414) (137 -0.395) 
     0.32464   (94 -0.925) (103 0.218) 
     0.30423   (94 0.327) (103 0.695) (104 0.339) (105 -0.384) 
     0.29445   (102 -0.835) 
     0.26794   (98 -0.477) (113 0.312) (117 -0.294) 
     0.25472   (79 -0.347) (87 -0.65) 
      0.2345   (79 0.513) (98 0.562) 
     0.23029   (79 -0.508) (87 0.592) 
     0.20807   (98 -0.388) (107 0.407) (113 -0.575) 
     0.16579   (90 -0.56) (91 -0.598) (93 0.382) 
     0.14926   (91 0.313) (97 -0.55) (107 -0.414) 
     0.14058   (93 -0.625) (107 -0.367) 
     0.13121   (85 -0.822) (86 0.339) 
     0.12594   (88 -0.408) (89 -0.618) (93 0.342) (97 0.306) 
     0.11705   (72 -0.381) (80 0.399) (81 0.466) (83 -0.387) 
     0.10907   (76 0.29) (77 0.326) (80 -0.328) (83 -0.263) (97 0.263) 
     0.10781   (59 -0.294) (65 0.326) (69 -0.34) (76 -0.313) 
     0.10355   (58 0.565) (59 0.488) 
    0.098859   (58 -0.577) (65 -0.334) (69 0.292) 
     0.09443   (58 0.404) (59 -0.356) (65 0.272) (76 0.284) (97 -0.285) (107 0.265) 
    0.088659   (58 -0.34) (59 0.543) 
    0.079375   (59 -0.326) (64 -0.395) (65 -0.415) (83 -0.295) 
    0.075705   (63 0.214) (64 0.749) (68 0.211) (69 0.218) (76 -0.211) (83 -0.218) 
     0.07379   (61 -0.609) (63 -0.369) (69 0.325) 
    0.073253   (61 0.635) (64 -0.274) (65 0.262) (69 0.246) 
    0.067196   (61 -0.261) (69 -0.269) (76 0.244) (80 0.221) (118 0.252) (120 -0.27) 
    0.065613   (68 0.317) (74 -0.361) (77 0.309) 
    0.061307   (63 0.592) (68 -0.218) (76 -0.207) (80 -0.226) (81 0.245) (86 -0.271) 
    0.059011   (63 -0.552) (74 0.348) 
    0.055596   (63 0.275) (67 -0.299) (68 0.419) (70 -0.269) (71 0.296) (76 0.273) (77 -0.287) 
    0.053333   (67 0.435) (74 -0.398) (81 -0.35) 
    0.050411   (67 -0.55) (77 0.318) 
    0.047957   (67 0.539) (68 0.358) (74 0.296) 
    0.046371   (74 -0.28) (75 -0.203) (76 0.26) (77 -0.234) (80 -0.223) (81 0.355) (83 0.3) (86 0.229) (121 0.23) 
    0.043885   (35 -0.886) (43 -0.296) 
    0.042227   (35 0.42) (42 -0.428) (43 -0.636) 
    0.041588   (75 0.461) (86 -0.265) (88 0.269) (121 0.344) 
    0.040407   (51 -0.57) (75 -0.417) 
    0.032424   (51 0.522) (75 -0.521) 
    0.031777   (26 0.741) (28 -0.495) 
    0.029445   (26 -0.433) (27 -0.706) 
    0.027587   (27 0.37) (28 0.347) (47 0.409) (88 -0.334) 
     0.02671   (33 0.819) (37 -0.24) (88 -0.252) 
    0.021828   (47 -0.542) (75 0.293) (88 -0.358) 
    0.020858   (131 0.686) (132 -0.437) 
     0.02077   (128 -0.578) (160 -0.809) 
    0.019645   (128 -0.577) (160 0.311) (161 0.755) 
     0.01843   (128 -0.577) (160 0.498) (161 -0.647) 
    0.015547   (15 0.97) 
    0.015263   (140 0.997) 
