 1 1000
 2 489.63
 3 22.308
 4 1000
 5 407.09
 6 267.621
 7 999.848
 8 3.81687
 9 991.533
 10 896.644
 11 2.3176
 12 784.002
 13 1000
 14 998.041
 15 0.82372
 16 1000
 17 996.922
 18 3.06814
 19 1000
 20 837.285
 21 159.669
 22 1000
 23 954.362
 24 44.8664
 25 244.698
 26 253.074
 27 17.69
 28 986.436
 29 194.872
 30 247.208
 31 495.631
 32 58.1619
 33 821.622
 34 215.445
 35 138.727
 36 363.77
 37 988.398
 38 997.495
 39 3.7433
 40 613.358
 41 971.401
 42 1.77337
 43 498.572
 44 864.716
 45 17.6339
 46 998.542
 47 300.375
 48 700.99
 49 947.698
 50 187.349
 51 271.217
 52 172.438
 53 953.83
 54 273.633
 55 160.146
 56 230.24
 57 886.893
 58 87.5927
 59 131.136
 60 191.85
 61 22.3318
 62 1.8158
 63 447.071
 64 319.452
 65 1.66318
 66 486.829
 67 925.987
 68 76.0833
 69 999.806
 70 1000
 71 901.402
 72 98.2796
 73 999.619
 74 3.17548
 75 997.933
 76 983.758
 77 3.33391
 78 879.665
 79 999.099
 80 18.1376
 81 980.444
 82 989.988
 83 225.901
 84 2.91437
 85 108.013
 86 2.76433
 87 988.976
 88 1.71018
 89 1.63819
 90 1.90457
 91 9.18772
 92 431.69
 93 809.959
 94 736.399
 95 926.047
 96 952.918
 97 304.505
 98 321.66
 99 126.12
 100 879.169
 101 958.704
 102 126.114
 103 150.05
 104 134.68
 105 133.953
 106 160.635
 107 165.792
 108 170.837
 109 127.587
 110 98.2735
 111 183.312
 112 204.956
 113 191.076
 114 174.477
 115 183.396
 116 148.304
 117 173.358
 118 195.243
 119 154.741
 120 86.3045
 121 123.61
 122 48.1177
 123 62.6801
 124 37.2481
 125 28.9692
 126 51.9265
 127 25.7342
 128 88.8531
 129 65.2407
 130 61.2181
 131 19.9697
 132 20.7975
 133 22.3379
 134 35.3763
 135 8.43957
 136 46.4839
 137 9.49621
 138 8.85329
 139 8.88511
 140 10.2772
 141 10.537
 142 8.42536
 143 8.97737
 144 14.8033
 145 14.9355
 146 12.3172
 147 9.85598
 148 28.8181
 149 15.9143
 150 11.7236
 151 13.5384
 152 23.4194
 153 20.6773
 154 13.1544
 155 19.8104
 156 24.0696
 157 46.5155
 158 0.138827
 159 0.155728
 160 0.390285
 161 21.8335
 162 24.3398
 163 384.579
 164 707.628
 165 6.50778
