 1 31.6228
 2 21.5025
 3 1.93076
 4 31.6228
 5 16.0727
 6 10.9655
 7 31.6195
 8 1.03142
 9 31.4149
 10 29.7943
 11 0.982954
 12 27.7689
 13 31.6228
 14 31.585
 15 0.904154
 16 31.6228
 17 31.5372
 18 1.00324
 19 31.6228
 20 26.6975
 21 5.98764
 22 31.6228
 23 30.2427
 24 2.38634
 25 15.2544
 26 14.8992
 27 1.96867
 28 31.3568
 29 9.79746
 30 12.1336
 31 21.7453
 32 2.88779
 33 27.4302
 34 14.4561
 35 6.95886
 36 16.4181
 37 31.4168
 38 31.5531
 39 1.38732
 40 24.473
 41 31.1038
 42 1.29497
 43 21.7623
 44 28.838
 45 1.90772
 46 31.5836
 47 10.6555
 48 22.678
 49 30.5755
 50 13.1486
 51 13.8096
 52 9.28938
 53 30.6973
 54 16.3285
 55 9.02214
 56 12.0893
 57 29.1766
 58 8.68988
 59 8.4753
 60 11.0813
 61 4.41079
 62 1.33664
 63 20.7989
 64 16.5314
 65 0.968252
 66 21.0437
 67 29.394
 68 3.76549
 69 31.6172
 70 31.6228
 71 28.6737
 72 4.45199
 73 31.6144
 74 1.36095
 75 31.5654
 76 31.3445
 77 1.37236
 78 29.5606
 79 31.6018
 80 1.90552
 81 31.0628
 82 31.4133
 83 14.4964
 84 1.41358
 85 10.1317
 86 1.44358
 87 31.3675
 88 1.0954
 89 1.04103
 90 1.24304
 91 2.45725
 92 18.0157
 93 26.8944
 94 25.3777
 95 29.8706
 96 30.507
 97 16.0118
 98 16.2511
 99 8.86976
 100 28.9564
 101 30.6863
 102 10.2095
 103 11.5385
 104 10.82
 105 10.9201
 106 12.2512
 107 12.3721
 108 12.5098
 109 10.3847
 110 8.39749
 111 12.8448
 112 13.9847
 113 13.4197
 114 12.6425
 115 12.7539
 116 11.0136
 117 12.2922
 118 13.2896
 119 11.6777
 120 8.53243
 121 10.7215
 122 6.70972
 123 7.73432
 124 5.52814
 125 5.09657
 126 6.89391
 127 4.47858
 128 8.84766
 129 7.22092
 130 7.23343
 131 4.06591
 132 4.43802
 133 4.57674
 134 5.84188
 135 2.62419
 136 6.73762
 137 2.83878
 138 2.78454
 139 2.79189
 140 3.03699
 141 2.97551
 142 2.64148
 143 2.75765
 144 3.67994
 145 3.73235
 146 3.33622
 147 2.86373
 148 5.16863
 149 3.79996
 150 3.21865
 151 3.46389
 152 4.7213
 153 4.41821
 154 3.49513
 155 4.36292
 156 4.81294
 157 6.75135
 158 0.135566
 159 0.305419
 160 0.271478
 161 3.74223
 162 4.38637
 163 17.3876
 164 25.3821
 165 0.548021
