 1 47270.8
 2 617.755
 3 27.9328
 4 175610
 5 504.358
 6 331.495
 7 469689
 8 39.186
 9 12836.3
 10 2501.21
 11 3.96789
 12 1642.65
 13 302869
 14 4147.41
 15 0.845025
 16 314389
 17 3662.77
 18 8.94141
 19 119608
 20 2060.78
 21 391.461
 22 164373
 23 3234.88
 24 149.61
 25 265.128
 26 323.141
 27 22.451
 28 2882.55
 29 247.047
 30 311.646
 31 516.719
 32 71.6815
 33 1017.76
 34 222.23
 35 158.142
 36 417.066
 37 1530.19
 38 2955.66
 39 7.94338
 40 980.5
 41 4313.37
 42 2.12309
 43 676.157
 44 1466.25
 45 29.252
 46 13326.6
 47 949.486
 48 1875.26
 49 1839.97
 50 191.027
 51 322.707
 52 204.84
 53 2906.18
 54 307.918
 55 214.121
 56 315.28
 57 924.264
 58 88.5284
 59 135.411
 60 199.558
 61 22.4787
 62 1.81707
 63 470.588
 64 323.906
 65 1.67142
 66 494.179
 67 3108.54
 68 256.336
 69 161324
 70 170297
 71 2195.61
 72 236.382
 73 17592.3
 74 24.4909
 75 14031.4
 76 8355.41
 77 5.63999
 78 1860.08
 79 8804.68
 80 55.7277
 81 2692.54
 82 1564.61
 83 242.534
 84 3.02864
 85 137.491
 86 3.11794
 87 4766.31
 88 1.71042
 89 1.63821
 90 1.90487
 91 10.1954
 92 496.429
 93 1655.63
 94 1493.81
 95 2539.01
 96 2396.99
 97 321.794
 98 337.563
 99 127.872
 100 1079.17
 101 1542.89
 102 130.276
 103 153.228
 104 135.996
 105 134.884
 106 161.306
 107 166.506
 108 171.735
 109 128.701
 110 100.227
 111 184.436
 112 205.939
 113 191.825
 114 174.992
 115 183.936
 116 149.259
 117 173.949
 118 195.722
 119 155.801
 120 88.2824
 121 124.263
 122 48.99
 123 67.1212
 124 38.1396
 125 29.7997
 126 52.4598
 127 27.3213
 128 91.4456
 129 66.4294
 130 62.088
 131 20.3297
 132 21.0911
 133 22.7161
 134 36.4046
 135 8.72694
 136 46.8809
 137 9.84853
 138 9.19019
 139 9.22869
 140 10.8117
 141 11.2483
 142 8.90395
 143 9.4109
 144 15.2291
 145 15.2676
 146 12.6747
 147 10.341
 148 29.5889
 149 16.4104
 150 12.0428
 151 13.9006
 152 23.9113
 153 21.4648
 154 13.5601
 155 20.1287
 156 24.3281
 157 46.8043
 158 0.173347
 159 0.16242
 160 0.502574
 161 25.7871
 162 26.3658
 163 1062.18
 164 1352.53
 165 7.06367
