 Smallest eigenvalues
  2.0815e-06   (9 -1) 
  3.1808e-06   (51 0.585) (48 -0.569) (49 -0.268) (154 -0.204) (52 -0.189) (55 -0.154) (44 -0.151) (47 -0.132) (14 0.124) (42 -0.118) (77 -0.102) (37 -0.0999) (53 0.0974) (50 0.0847) (54 0.0847) (78 0.0842) (38 0.0792) (27 -0.0622) (46 0.0616) (56 0.0591) (40 0.0548) (39 -0.0397) (70 0.0378) (68 0.0376) (60 -0.0329) (61 0.0288) (43 0.0285) (26 0.027) (35 -0.0266) (41 0.0261) (33 0.0256) (67 -0.0252) (17 -0.0246) (36 0.0245) (64 0.0245) (65 -0.0238) (63 -0.0237) (76 0.023) (45 0.0228) (66 0.0208) (32 -0.0189) (72 0.0188) (30 -0.0167) (22 0.0159) (28 0.0152) (75 0.0145) (84 0.0137) (25 0.0134) (88 0.0133) (80 0.013) (73 -0.0125) (69 0.0125) (16 -0.0124) (23 0.0124) (57 0.0122) (11 -0.0118) (19 -0.0104) 
  3.3018e-06   (154 -0.979) (51 -0.122) (48 0.119) (49 0.0558) (52 0.0394) (55 0.0319) (44 0.0315) (47 0.0274) (14 -0.0261) (42 0.0247) (37 0.0209) (77 0.0209) (53 -0.0203) (50 -0.0176) (54 -0.0176) (78 -0.0173) (38 -0.0166) (27 0.013) (46 -0.0129) (56 -0.0123) (40 -0.0115) 
  5.6944e-06   (4 1) 
  5.8721e-06   (148 0.629) (47 0.551) (44 -0.347) (46 0.253) (45 -0.176) (37 -0.125) (42 -0.11) (14 0.104) (48 0.0903) (38 0.0857) (77 -0.0678) (27 -0.0659) (39 -0.0651) (40 0.0605) (51 -0.0474) (78 0.0377) (49 -0.0349) (53 -0.0306) (35 -0.0276) (52 -0.0264) (56 0.0259) (28 0.0256) (70 0.0229) (17 -0.0207) (36 0.0204) (60 -0.0198) (33 0.0189) (41 -0.0179) (16 -0.0169) (54 0.0153) (25 0.0151) (23 0.0136) (19 -0.0131) (43 0.0123) (26 0.0123) (73 -0.011) (65 -0.0106) (68 0.0105) (32 -0.0103) (72 0.0102) (11 -0.0101) 
  6.0837e-06   (148 0.777) (47 -0.446) (44 0.281) (46 -0.205) (45 0.142) (37 0.102) (42 0.0888) (14 -0.084) (48 -0.0731) (38 -0.0694) (77 0.0548) (27 0.0534) (39 0.0527) (40 -0.049) (51 0.0384) (78 -0.0305) (49 0.0283) (53 0.0248) (35 0.0224) (52 0.0214) (56 -0.021) (28 -0.0207) (70 -0.0185) (17 0.0168) (36 -0.0165) (60 0.016) (33 -0.0153) (41 0.0145) (16 0.0137) (54 -0.0124) (25 -0.0122) (23 -0.011) (19 0.0106) 
  6.1963e-06   (1 0.989) (31 -0.08) (32 -0.0588) (29 -0.0531) (27 -0.053) (37 0.0511) (28 0.0421) (35 0.027) (14 0.0189) (38 -0.0185) (30 0.0114) (33 -0.0112) (26 0.0102) 
  8.3606e-06   (155 -0.999) (31 -0.0281) (32 -0.0205) (27 -0.0196) (29 -0.0185) (37 0.0172) (28 0.0148) (14 0.012) 
  2.1155e-05   (31 0.517) (32 0.377) (27 0.361) (29 0.34) (37 -0.317) (28 -0.272) (14 -0.22) (35 -0.171) (1 0.148) (38 0.11) (33 0.0793) (30 -0.0754) (26 -0.0685) (25 -0.0638) (16 0.0635) (23 -0.0601) (19 0.0587) (155 -0.0543) (42 -0.0485) (77 0.0482) (39 -0.0479) (17 0.0437) (36 0.0433) (21 0.0431) (22 -0.0414) (44 -0.0357) (20 0.0277) (78 -0.0263) (11 0.025) (40 0.0243) (34 -0.0233) (15 0.0225) (43 -0.0218) (48 -0.02) (51 0.0174) (49 0.0169) (70 -0.0162) (56 -0.0156) (60 0.0154) (53 0.0142) (54 -0.013) (57 0.0115) (75 0.0115) (73 0.0105) 
  3.6802e-05   (18 0.687) (46 -0.408) (23 0.297) (45 0.281) (19 0.256) (21 0.147) (44 -0.147) (42 -0.14) (20 0.138) (47 0.0871) (37 -0.0636) (43 0.0624) (48 0.0567) (27 -0.0525) (38 0.0518) (29 -0.0444) (36 0.0411) (77 -0.0397) (30 -0.0387) (17 -0.0379) (78 0.0356) (16 -0.0342) (22 0.0334) (15 -0.0312) (24 0.0301) (40 0.0288) (26 0.0272) (35 -0.0246) (53 -0.0241) (25 -0.024) (34 -0.023) (14 0.0214) (72 0.0203) (51 -0.0194) (68 0.0192) (74 -0.0191) (50 0.0189) (32 -0.0178) (39 -0.0174) (62 0.0156) (70 0.0147) (61 0.0146) (79 0.0146) (33 0.0136) (56 0.0124) (73 0.0116) (60 -0.0115) (67 -0.0107) (66 -0.0103) 
  6.9058e-05   (158 -0.999) (46 -0.0251) (18 -0.0208) (45 0.0168) 
   0.0001038   (46 0.595) (18 0.473) (45 -0.399) (44 0.199) (19 0.196) (42 0.17) (23 0.156) (37 0.133) (21 0.12) (48 -0.116) (14 -0.115) (20 0.105) (47 -0.105) (38 -0.0867) (39 0.0789) (77 0.0781) (40 -0.0654) (27 0.0639) (41 -0.0507) (158 -0.0427) (78 -0.0426) (43 -0.0425) (25 -0.0375) (28 -0.0342) (56 -0.033) (51 0.0322) (34 -0.0295) (30 -0.0282) (68 -0.0274) (49 0.0269) (67 0.0258) (35 0.0257) (70 -0.0254) (53 0.024) (54 -0.0236) (24 0.0226) (22 0.0219) (72 -0.0213) (74 0.0179) (50 -0.0166) (65 0.0159) (60 0.0157) (15 -0.014) (61 -0.0139) (80 -0.0137) (62 -0.013) (81 0.0126) (11 0.0124) (57 0.0116) (36 -0.0108) 
  0.00010758   (3 -1) 
  0.00013192   (19 0.542) (14 0.446) (22 -0.352) (17 -0.339) (27 0.256) (20 0.256) (21 -0.238) (23 -0.138) (18 -0.125) (25 -0.0823) (26 -0.0796) (33 -0.0722) (24 0.0687) (37 0.0603) (38 -0.0587) (30 0.0474) (44 0.0457) (28 -0.044) (47 0.0297) (32 0.0296) (36 -0.0294) (11 -0.0284) (40 -0.026) (35 0.0259) (12 -0.0229) (29 -0.0208) (31 -0.0206) (46 -0.0198) (42 0.0189) (77 -0.0177) (43 -0.0164) (39 0.0161) (15 0.0155) (13 0.0133) (57 0.0108) (52 -0.0105) 
  0.00020525   (159 1) 
  0.00022002   (2 1) 
  0.00024547   (21 0.611) (19 -0.436) (22 -0.328) (14 0.32) (27 0.276) (17 -0.244) (20 -0.196) (18 0.113) (25 -0.105) (16 -0.0691) (37 0.0647) (23 -0.0567) (157 0.0469) (24 -0.0441) (26 -0.0412) (38 -0.0383) (29 -0.0307) (32 0.03) (35 0.0297) (33 -0.0283) (44 0.0262) (36 -0.0246) (11 -0.0216) (28 -0.0208) (30 0.0194) (39 0.0188) (40 -0.0186) (77 -0.0171) (12 -0.0165) (15 -0.0144) (47 0.0123) (46 -0.0114) (13 0.0108) (43 0.01) 
  0.00029145   (157 0.999) (21 -0.0287) (19 0.0205) (22 0.0154) (14 -0.015) (27 -0.0129) (17 0.0115) 
  0.00030105   (8 -1) 
  0.00030219   (28 -0.768) (150 -0.399) (27 -0.321) (26 0.217) (14 0.16) (37 0.15) (29 -0.0837) (32 0.0793) (31 0.0747) (35 0.0652) (17 -0.0595) (38 -0.0531) (19 -0.0523) (48 0.0522) (22 0.0485) (16 -0.0476) (25 0.0419) (23 -0.0412) (39 0.038) (51 0.0359) (21 -0.0344) (42 0.0333) (18 0.0264) (15 -0.0233) (49 0.0226) (20 -0.0214) (75 0.0194) (34 0.0194) (36 -0.0179) (77 -0.0163) (40 -0.0153) (78 0.015) (24 -0.0148) (11 -0.0143) (33 0.0115) (47 0.0109) (68 0.0103) 
  0.00031392   (150 -0.917) (28 0.334) (27 0.14) (26 -0.0943) (14 -0.0698) (37 -0.0652) (29 0.0364) (32 -0.0345) (31 -0.0325) (35 -0.0284) (17 0.0259) (38 0.0231) (19 0.0227) (48 -0.0227) (22 -0.0211) (16 0.0207) (25 -0.0182) (23 0.018) (39 -0.0165) (51 -0.0156) (21 0.015) (42 -0.0145) (18 -0.0115) (15 0.0102) 
  0.00032019   (6 1) 
  0.00032968   (22 0.571) (27 0.38) (21 -0.345) (24 0.295) (19 -0.262) (14 0.26) (153 -0.21) (26 -0.173) (17 -0.166) (20 -0.122) (18 0.122) (23 0.114) (25 -0.103) (37 0.0943) (16 -0.0828) (39 0.0511) (35 0.0503) (15 -0.045) (28 -0.0342) (32 0.0336) (33 0.0332) (38 -0.0321) (77 -0.021) (48 0.0207) (43 0.0204) (31 0.0194) (29 -0.0175) (73 -0.0165) (11 -0.0158) (42 0.0156) (36 -0.0154) (30 -0.0139) (78 0.0133) (40 -0.0128) (47 0.0124) (56 0.012) (52 0.0106) 
  0.00033387   (153 -0.978) (22 -0.122) (27 -0.0815) (21 0.074) (24 -0.0631) (19 0.0562) (14 -0.0557) (26 0.0371) (17 0.0355) (20 0.0262) (18 -0.026) (23 -0.0243) (25 0.022) (37 -0.0202) (16 0.0178) (39 -0.0109) (35 -0.0108) 
  0.00034121   (73 -0.515) (57 -0.49) (70 0.417) (74 -0.253) (60 0.208) (67 0.196) (52 0.165) (77 0.162) (66 -0.139) (44 -0.132) (69 -0.098) (68 -0.0947) (56 0.0858) (47 -0.0794) (78 -0.0714) (61 -0.0703) (33 0.0692) (64 -0.0669) (43 0.0648) (63 0.0564) (54 0.0423) (37 0.0408) (46 0.0389) (76 -0.0378) (50 0.037) (16 0.0333) (40 0.0326) (75 0.0319) (79 0.0315) (51 0.0301) (21 0.0296) (19 0.0269) (65 -0.026) (72 0.0251) (38 0.0243) (42 -0.0239) (14 0.0238) (62 -0.0232) (59 -0.0231) (123 -0.0205) (30 -0.0198) (18 -0.0195) (88 0.0194) (15 0.0185) (39 0.0183) (126 0.0171) (121 0.0166) (36 -0.0157) (109 0.0153) (120 0.0153) (71 0.0149) (27 0.0146) (124 0.0145) (84 0.0145) (48 0.0144) (100 0.0133) (104 0.0133) (89 -0.0129) (34 -0.0129) (152 -0.0128) (35 0.0127) (91 -0.0124) (20 0.0122) (55 0.0114) (106 -0.0107) (22 0.0106) (80 -0.0106) (101 0.0104) 
  0.00036765   (73 0.631) (57 -0.406) (67 0.256) (74 0.243) (152 -0.243) (44 -0.177) (66 -0.172) (68 -0.159) (52 0.137) (47 -0.13) (60 0.124) (72 -0.104) (49 0.0995) (71 0.0935) (33 0.088) (14 0.0861) (56 0.0845) (70 -0.0817) (64 -0.0792) (43 0.0739) (69 -0.0716) (63 0.069) (55 0.0654) (46 0.0607) (38 0.0566) (61 -0.0546) (39 0.0476) (40 0.0421) (120 0.0366) (48 -0.0342) (53 -0.0341) (16 0.0328) (30 -0.0297) (77 -0.029) (42 -0.0281) (79 -0.027) (22 0.0264) (59 -0.0247) (18 -0.0247) (75 -0.0225) (84 0.0223) (62 -0.0222) (121 -0.0214) (32 -0.0206) (19 0.0189) (65 -0.0186) (15 0.0175) (21 0.0171) (125 0.0156) (24 -0.0155) (51 0.015) (88 0.0148) (119 -0.0141) (124 0.0135) (127 -0.0135) (17 -0.0131) (34 -0.0127) (89 -0.0126) (131 -0.0123) (41 0.0122) (122 0.0122) (45 0.0117) (78 0.0112) (129 -0.0105) (80 0.0103) 
  0.00037907   (152 -0.97) (73 -0.151) (57 0.109) (67 -0.0665) (74 -0.0577) (44 0.0469) (66 0.0449) (68 0.0411) (52 -0.037) (60 -0.034) (47 0.034) (72 0.0256) (49 -0.0251) (71 -0.0236) (33 -0.0234) (56 -0.0225) (14 -0.0222) (64 0.0207) (43 -0.0197) (69 0.0191) (63 -0.018) (55 -0.0166) (46 -0.0159) (70 0.0153) (38 -0.0147) (61 0.0146) (39 -0.0124) (40 -0.0112) 
  0.00045031   (25 0.954) (24 0.159) (27 0.149) (54 -0.0869) (26 -0.0723) (52 0.0632) (23 0.0529) (21 0.0513) (53 -0.0502) (56 -0.0499) (22 -0.048) (14 0.0479) (57 0.034) (47 -0.0324) (49 0.0319) (55 -0.0307) (16 -0.0307) (44 -0.0285) (28 -0.0263) (33 0.0233) (17 -0.021) (39 0.0206) (30 -0.016) (77 -0.0148) (46 0.0131) (48 -0.0121) (15 -0.012) (60 -0.0119) (31 0.0115) (43 0.0103) 
  0.00049411   (147 0.749) (54 -0.377) (52 0.298) (56 -0.229) (53 -0.191) (44 -0.14) (55 -0.135) (57 0.131) (47 -0.115) (49 0.104) (25 -0.0959) (14 0.0598) (33 0.0516) (43 0.051) (46 0.0506) (48 -0.0496) (60 -0.0468) (51 0.0458) (38 0.0415) (73 -0.038) (27 -0.0351) (40 0.0326) (42 -0.0297) (77 -0.0291) (24 -0.0288) (37 -0.0267) (70 0.0256) (50 -0.0223) (78 0.0167) (16 0.0166) (67 -0.016) (22 0.0151) (28 0.0148) (61 0.0134) (71 -0.0133) (120 0.0132) (18 -0.0131) (26 0.0126) (30 -0.0124) (68 0.0121) (32 -0.0114) 
  0.00049981   (147 0.663) (54 0.426) (52 -0.337) (56 0.258) (53 0.215) (44 0.158) (55 0.152) (57 -0.148) (47 0.13) (49 -0.118) (25 0.103) (14 -0.0678) (33 -0.0584) (43 -0.0576) (46 -0.0572) (48 0.0561) (60 0.0529) (51 -0.0517) (38 -0.0468) (73 0.0429) (27 0.0388) (40 -0.0368) (42 0.0335) (77 0.0328) (24 0.0316) (37 0.0301) (70 -0.0289) (50 0.0252) (78 -0.0188) (16 -0.0186) (67 0.0181) (22 -0.0168) (28 -0.0165) (61 -0.0151) (71 0.015) (120 -0.0147) (18 0.0147) (30 0.0141) (26 -0.0138) (68 -0.0136) (32 0.013) (45 -0.0109) (15 -0.0104) (39 -0.0104) 
  0.00050382   (53 0.65) (55 0.482) (39 -0.362) (52 0.272) (57 0.16) (44 -0.141) (54 -0.139) (40 0.127) (37 0.116) (47 -0.0819) (38 -0.077) (49 0.0695) (42 -0.0654) (60 -0.0608) (56 0.0548) (43 0.052) (48 -0.0463) (46 0.045) (77 -0.0447) (70 0.0402) (41 -0.0365) (78 0.0274) (36 -0.0218) (50 -0.0214) (151 -0.0188) (27 0.0176) (73 -0.0162) (35 0.0159) (61 0.0153) (71 -0.014) (69 -0.0135) (45 0.0127) (51 0.0117) (19 0.0116) (21 0.0115) 
  0.00050939   (151 -0.968) (39 0.196) (37 -0.076) (53 0.0623) (38 0.0607) (40 -0.0531) (55 0.0503) (52 0.0318) (33 0.0293) (14 0.0265) (27 -0.0203) (42 0.0181) (57 0.0172) (41 0.0169) (44 0.0161) (49 -0.0136) (77 -0.0124) (73 -0.0102) (35 -0.0101) (54 -0.01) 
  0.00055998   (39 -0.731) (53 -0.291) (37 0.286) (151 -0.25) (55 -0.231) (38 -0.229) (40 0.196) (52 -0.144) (33 -0.113) (14 -0.102) (57 -0.0786) (27 0.0774) (42 -0.0653) (41 -0.0626) (44 -0.0518) (77 0.0514) (54 0.0494) (49 0.0478) (73 0.0413) (56 -0.0412) (35 0.0378) (60 0.0356) (24 0.0345) (48 -0.0341) (28 -0.0325) (78 -0.0304) (70 -0.0286) (36 -0.0249) (51 -0.0235) (32 0.0223) (29 0.0214) (34 0.0212) (71 0.0211) (26 -0.0199) (47 -0.019) (31 0.0176) (18 0.0176) (67 0.0156) (50 -0.0155) (68 -0.0154) (45 0.0141) (23 -0.0136) (17 0.0102) (22 -0.0101) 
  0.00057151   (70 -0.826) (57 -0.279) (73 -0.255) (71 -0.222) (52 0.155) (69 0.137) (49 -0.134) (72 0.102) (60 0.091) (74 -0.0776) (51 0.0715) (48 0.0673) (50 0.0577) (76 -0.0544) (75 0.0469) (44 -0.0465) (68 0.0462) (65 -0.0393) (33 0.0376) (43 0.0359) (149 0.0327) (54 -0.0324) (55 0.0317) (78 0.0299) (61 -0.0291) (84 0.0287) (37 0.0283) (56 0.0239) (40 0.0231) (124 0.0214) (21 0.0211) (16 0.0194) (19 0.0185) (88 0.0179) (47 -0.0165) (79 -0.0138) (126 0.0138) (36 -0.0125) (46 0.0124) (90 0.0117) (127 -0.0114) (14 0.0111) (123 -0.0108) (120 0.0106) (97 -0.0104) (42 -0.0103) 
  0.00061555   (149 0.853) (49 0.362) (48 -0.153) (52 -0.146) (51 -0.144) (44 -0.119) (50 -0.115) (54 0.115) (47 -0.097) (73 -0.0705) (14 0.0475) (46 0.0437) (70 -0.0407) (39 0.0376) (38 0.0358) (33 0.0351) (71 -0.0346) (77 -0.0327) (37 -0.0324) (67 -0.0294) (43 0.0276) (45 0.0257) (68 0.0256) (53 0.0246) (42 -0.0226) (72 0.0226) (78 0.0199) (27 -0.0195) (55 -0.0189) (66 0.0163) (40 0.0152) (74 -0.0151) (57 0.0146) (24 -0.014) (69 0.0124) (22 0.0119) (32 -0.0108) (30 -0.0103) (64 0.0101) 
  0.00065925   (49 -0.583) (149 0.521) (48 0.246) (51 0.231) (52 0.229) (44 0.198) (54 -0.186) (50 0.184) (47 0.16) (73 0.132) (70 0.119) (14 -0.0785) (46 -0.0724) (71 0.0707) (39 -0.0609) (33 -0.06) (38 -0.0592) (77 0.0541) (37 0.051) (67 0.0488) (43 -0.0477) (68 -0.045) (72 -0.0434) (45 -0.0419) (53 -0.0408) (42 0.0377) (78 -0.0345) (27 0.0315) (74 0.0297) (69 -0.0289) (55 0.0288) (40 -0.0266) (66 -0.0263) (24 0.023) (22 -0.0199) (32 0.0179) (30 0.0174) (64 -0.0164) (18 0.0162) (16 -0.0156) (79 0.0151) (63 0.0148) (65 0.0124) (120 -0.0121) (76 0.0113) (75 -0.0109) (56 -0.0108) 
  0.00072865   (38 0.786) (37 0.363) (24 -0.2) (39 -0.176) (22 0.165) (44 0.139) (21 0.135) (33 0.124) (43 -0.121) (40 -0.118) (19 0.104) (18 -0.0977) (36 -0.0972) (16 0.0828) (23 0.0809) (14 0.0713) (27 0.0627) (47 0.0551) (35 0.0496) (52 -0.0436) (20 0.0423) (41 -0.0414) (15 0.0407) (57 0.0344) (34 -0.0278) (46 -0.0272) (26 -0.0246) (25 0.0234) (42 0.0229) (30 -0.0177) (56 -0.0164) (31 0.015) (17 -0.0139) (28 -0.011) (54 -0.0105) (77 0.0104) 
  0.00080256   (24 -0.573) (22 0.454) (38 -0.301) (21 0.277) (33 -0.242) (23 0.229) (18 -0.208) (19 0.19) (14 0.176) (37 -0.129) (16 0.112) (30 0.0958) (27 0.0786) (25 0.0781) (20 0.0731) (15 0.0566) (26 -0.0551) (32 0.0524) (17 -0.0474) (36 0.04) (34 0.0385) (142 -0.0365) (35 -0.0313) (28 -0.0262) (44 0.0246) (143 -0.0244) (39 0.02) (11 -0.0147) (49 -0.0142) (40 0.0138) (31 -0.0137) (29 0.0132) (47 0.0126) (12 -0.0123) 
  0.00091682   (142 -0.819) (143 -0.562) (141 -0.103) (24 0.0265) (22 -0.0211) (140 0.021) (21 -0.0131) (23 -0.0106) 
  0.00097361   (52 -0.41) (44 -0.409) (47 -0.406) (48 0.361) (49 -0.329) (16 0.244) (43 0.183) (51 -0.163) (57 0.144) (46 0.136) (50 0.134) (14 0.109) (17 0.109) (56 -0.104) (33 0.095) (37 0.0881) (15 0.0752) (39 0.0714) (53 0.0595) (40 0.0555) (77 0.0477) (41 0.0469) (54 -0.0433) (27 0.0402) (60 -0.0337) (36 -0.0296) (35 0.0258) (30 -0.0237) (78 -0.0236) (38 0.0222) (34 -0.0186) (31 0.0145) (19 0.0138) (65 0.0134) (84 0.0132) (18 0.0131) (74 -0.0131) (21 0.0125) (22 -0.0123) (120 0.0112) (68 -0.0111) (55 -0.0109) 
   0.0010481   (16 0.721) (17 0.419) (14 0.304) (15 0.202) (18 0.166) (44 0.154) (47 0.129) (33 -0.123) (19 -0.117) (21 -0.112) (22 -0.0985) (52 0.0915) (48 -0.0885) (49 0.0755) (43 -0.074) (24 0.0685) (20 -0.0503) (30 0.0493) (46 -0.0483) (39 -0.0387) (51 0.0377) (50 -0.0355) (38 -0.0327) (23 -0.0298) (40 -0.0285) (57 -0.0268) (32 0.0247) (37 -0.0227) (56 0.0225) (27 0.0206) (12 -0.0205) (11 -0.0194) (34 0.0193) (28 -0.019) (41 -0.0186) (31 -0.0135) (35 -0.0134) (25 0.0133) (77 -0.0131) (13 0.0129) (42 0.0129) (53 -0.0112) (54 0.0107) 
   0.0011531   (146 -0.997) (143 0.0593) (142 -0.0335) (141 -0.0263) (140 0.0143) 
   0.0011763   (54 0.689) (52 0.387) (33 0.364) (56 -0.31) (57 0.229) (36 0.145) (35 0.0926) (53 -0.0875) (38 -0.0801) (50 0.0742) (30 -0.068) (34 -0.0677) (16 0.0537) (51 0.0527) (39 -0.0518) (21 0.0497) (48 0.0492) (14 0.0491) (49 -0.0471) (60 -0.0437) (77 0.0434) (44 -0.0407) (47 -0.0399) (19 0.0388) (32 -0.0384) (18 -0.0373) (15 0.0304) (24 -0.026) (78 -0.0244) (22 0.0218) (46 0.0201) (71 0.0191) (68 -0.0191) (67 0.0188) (137 0.0178) (20 0.0161) (73 0.0145) (72 0.012) (43 0.012) (61 0.011) (66 -0.0105) (28 0.0103) (29 -0.0101) (79 0.0101) 
   0.0013719   (33 0.671) (36 0.366) (54 -0.301) (52 -0.224) (44 0.194) (38 -0.192) (35 0.165) (39 -0.157) (137 0.128) (56 0.125) (34 -0.124) (37 -0.123) (43 -0.119) (30 -0.112) (14 0.109) (32 -0.074) (57 -0.0736) (47 0.0733) (40 -0.0681) (16 0.0489) (18 -0.0459) (24 -0.0447) (21 0.0443) (53 0.0435) (51 -0.0421) (46 -0.0413) (42 0.0407) (41 -0.0386) (22 0.0358) (19 0.0314) (27 -0.031) (50 -0.0292) (28 0.0267) (15 0.0243) (77 -0.0224) (29 -0.0212) (17 -0.0174) (73 -0.0151) (60 0.0147) (26 0.0136) (78 0.0132) (23 0.0129) (20 0.0114) (70 0.0111) (11 -0.0104) 
   0.0015091   (137 0.991) (33 -0.0934) (36 -0.0499) (54 0.0267) (38 0.0261) (44 -0.024) (35 -0.0231) (143 -0.0227) (52 0.0218) (39 0.0211) (34 0.0172) (37 0.0158) (30 0.0157) (14 -0.0151) (43 0.015) (142 0.0144) (141 0.0139) (140 -0.0135) (56 -0.0107) (32 0.0103) 
   0.0015267   (11 -0.953) (35 -0.268) (33 0.0615) (37 0.0591) (30 -0.0542) (36 -0.0451) (14 -0.043) (38 -0.0388) (32 -0.0382) (133 -0.0307) (44 0.0156) (34 0.0149) (15 0.0148) (40 -0.0117) (72 -0.0106) (42 0.0102) 
   0.0016226   (133 -0.837) (35 -0.461) (11 0.183) (33 0.11) (37 0.0942) (30 -0.0862) (36 -0.0785) (14 0.0713) (32 -0.0634) (38 -0.0619) (27 -0.0389) (44 0.0262) (34 0.0232) (40 -0.0197) (42 0.018) (28 0.0154) (17 -0.0153) (22 0.0138) (55 -0.0134) (20 -0.0126) (46 -0.0122) (45 -0.0114) 
   0.0018971   (35 0.722) (133 -0.546) (11 -0.226) (33 -0.171) (37 -0.148) (30 0.135) (36 0.123) (14 -0.107) (32 0.0994) (38 0.0971) (27 0.0601) (44 -0.0411) (34 -0.0364) (40 0.0309) (42 -0.0282) (17 0.024) (28 -0.0239) (22 -0.0214) (55 0.021) (20 0.0195) (46 0.0192) (45 0.018) (47 -0.0147) (26 -0.0142) (53 -0.0133) (77 0.012) (51 0.0119) (29 -0.011) (18 0.0109) (48 -0.0108) (39 0.0104) 
   0.0020041   (30 -0.725) (32 -0.501) (33 -0.217) (55 -0.191) (35 0.154) (53 0.15) (34 0.131) (29 0.125) (31 0.116) (28 -0.0845) (37 -0.0801) (50 -0.068) (71 -0.0633) (27 0.0626) (51 -0.0511) (52 0.0411) (16 0.0364) (49 -0.0363) (72 0.035) (74 0.0343) (18 -0.0321) (60 0.0248) (68 0.0243) (69 -0.0242) (21 0.0238) (47 0.0234) (48 0.0225) (40 -0.0224) (25 -0.0222) (56 -0.0211) (130 0.0203) (42 0.0202) (41 0.0191) (57 -0.0186) (19 0.0177) (78 -0.0175) (46 -0.0175) (73 0.0161) (23 -0.0159) (26 -0.0147) (70 0.0146) (65 0.0138) (77 0.0133) (44 0.0131) (43 -0.0128) (39 -0.0124) (24 -0.0123) (38 0.0109) (84 0.01) 
   0.0021104   (71 -0.608) (74 0.328) (68 0.325) (72 0.287) (130 0.265) (78 -0.226) (67 -0.189) (69 -0.179) (70 0.179) (55 0.141) (77 0.137) (53 -0.123) (60 0.0877) (73 0.0861) (57 -0.0695) (56 0.0611) (51 0.0598) (41 0.0583) (83 -0.058) (62 0.0564) (80 -0.0533) (64 0.044) (30 0.0343) (33 0.0336) (47 -0.0335) (66 0.0317) (63 -0.0314) (86 -0.0308) (107 -0.0296) (40 0.028) (44 -0.0263) (61 0.0262) (48 0.0229) (85 -0.0227) (59 0.0214) (109 -0.0205) (46 0.0205) (52 0.02) (42 -0.0196) (96 0.0183) (37 0.018) (120 -0.017) (84 0.0169) (89 -0.0169) (54 0.0163) (32 0.0161) (87 -0.0152) (79 0.0134) (81 0.0129) (35 -0.0125) (65 -0.0123) (58 -0.0121) (16 0.0115) (134 -0.0112) (93 -0.0112) (100 0.011) (124 -0.0104) 
   0.0022178   (130 0.572) (55 0.526) (53 -0.399) (71 0.207) (50 0.197) (30 -0.172) (74 -0.12) (72 -0.117) (32 -0.113) (69 0.092) (52 -0.0865) (51 0.0856) (56 0.0802) (49 0.0763) (60 -0.0721) (57 0.0699) (73 -0.064) (48 -0.0519) (65 -0.0516) (68 -0.051) (78 0.0504) (70 -0.046) (34 0.0448) (42 -0.0424) (43 -0.0387) (46 0.037) (41 0.0367) (33 -0.0363) (77 -0.0351) (84 -0.0327) (47 -0.0302) (29 0.0276) (31 0.027) (81 -0.0251) (54 -0.0243) (28 -0.0242) (67 0.0221) (88 0.0186) (45 0.0181) (18 -0.0169) (80 0.0167) (27 0.0166) (120 -0.0163) (127 0.0157) (134 0.0157) (14 0.0155) (64 0.0153) (124 -0.0146) (16 0.0134) (129 0.0128) (37 -0.0128) (35 0.0124) (90 -0.0122) (63 -0.0122) (131 0.0121) (107 0.0107) (15 0.0104) (123 0.0103) (21 0.0101) 
   0.0023515   (130 0.773) (55 -0.432) (53 0.333) (50 -0.144) (30 0.134) (32 0.0912) (51 -0.0827) (56 -0.0797) (68 -0.0741) (71 0.0567) (52 0.0558) (49 -0.0534) (67 0.0486) (41 -0.048) (134 0.0471) (65 0.0419) (78 0.04) (131 0.0387) (42 0.0376) (34 -0.0348) (46 -0.034) (47 0.0334) (48 0.0298) (43 0.0293) (70 -0.0275) (57 -0.0271) (64 -0.0264) (74 -0.0241) (31 -0.0226) (60 0.0223) (29 -0.0215) (77 -0.0209) (33 0.0208) (63 0.0198) (83 0.0194) (28 0.0191) (84 0.0183) (73 0.0174) (27 -0.0154) (16 -0.0149) (66 -0.0146) (127 0.0145) (81 0.014) (88 -0.0137) (18 0.0136) (44 0.0132) (85 0.0126) (72 -0.0126) (14 -0.0126) (62 -0.0125) (54 0.0121) (86 0.0121) (129 0.0121) (79 -0.0116) (45 -0.011) (21 -0.0102) 
   0.0026013   (24 0.673) (21 0.471) (18 -0.257) (22 0.24) (56 -0.22) (19 0.198) (27 -0.146) (20 0.131) (15 0.116) (33 -0.095) (25 -0.0928) (52 -0.0813) (16 0.0709) (57 -0.0677) (37 -0.0621) (30 0.0551) (44 0.0541) (55 0.0511) (26 0.0446) (47 0.0351) (53 0.0344) (36 0.0341) (60 0.0333) (23 0.0284) (35 -0.0275) (77 -0.0266) (29 0.026) (43 -0.0237) (13 0.0223) (42 0.0211) (46 -0.0204) (12 -0.0203) (48 -0.0195) (34 0.0165) (54 -0.0165) (14 0.0154) (70 0.015) (39 -0.0147) (120 -0.0135) (65 -0.013) (31 0.0122) (74 0.0121) (78 0.0115) (68 0.0114) (124 0.0113) (71 -0.0102) 
   0.0026572   (60 -0.864) (56 0.31) (61 0.189) (57 -0.188) (55 -0.122) (52 0.118) (77 0.1) (24 0.0711) (47 -0.0707) (21 0.0673) (132 0.0557) (78 -0.0555) (59 -0.0548) (54 0.0424) (48 0.041) (71 -0.0385) (51 -0.0381) (46 0.0361) (19 0.0355) (18 -0.0346) (79 0.0315) (62 0.031) (22 0.0295) (53 -0.0284) (15 0.0254) (84 -0.0233) (44 -0.0223) (16 0.0222) (20 0.0215) (108 -0.0209) (109 0.02) (107 0.0183) (124 0.0178) (43 0.0176) (69 -0.0168) (80 -0.0159) (33 0.0158) (64 0.0151) (72 -0.0149) (74 -0.0143) (73 -0.0136) (119 -0.0135) (125 0.0133) (49 0.0132) (66 -0.0132) (123 0.0117) (76 -0.0117) (65 -0.0116) (50 0.0116) (25 -0.0116) (90 -0.0112) (118 0.0111) (68 0.0109) (40 0.0104) (82 0.01) 
   0.0027319   (132 0.762) (56 0.453) (57 0.278) (60 0.203) (52 0.124) (50 -0.122) (24 0.0923) (55 -0.0905) (53 -0.0871) (21 0.0859) (44 -0.0575) (43 0.0545) (47 -0.0472) (19 0.0449) (61 -0.0446) (18 -0.0444) (131 -0.0422) (48 0.0399) (22 0.0377) (77 0.0374) (51 0.0337) (70 -0.0308) (16 0.0303) (65 0.0298) (68 -0.0281) (71 0.0274) (20 0.0253) (42 0.0234) (15 0.0219) (33 0.0218) (41 0.0194) (67 0.0193) (84 0.0191) (74 -0.0191) (37 0.0189) (120 0.0178) (64 -0.0176) (40 0.0175) (25 -0.0168) (59 0.0168) (78 -0.0148) (54 0.0148) (49 -0.0129) (45 -0.0128) (27 -0.0119) (63 0.0115) 
   0.0028798   (132 0.642) (56 -0.564) (57 -0.312) (60 -0.164) (52 -0.157) (50 0.143) (55 0.118) (24 -0.116) (21 -0.108) (53 0.106) (44 0.0701) (43 -0.066) (47 0.0624) (19 -0.0564) (18 0.0557) (77 -0.0526) (48 -0.0509) (22 -0.0473) (16 -0.0378) (51 -0.0363) (70 0.0363) (61 0.0362) (65 -0.0344) (131 -0.0335) (68 0.0324) (20 -0.0319) (124 0.0315) (71 -0.0294) (120 -0.0293) (15 -0.0283) (33 -0.0273) (42 -0.027) (74 0.0239) (67 -0.0233) (37 -0.0224) (41 -0.0221) (78 0.0221) (40 -0.0217) (84 -0.0215) (54 -0.0214) (25 0.0209) (64 0.0195) (125 0.0184) (122 0.0182) (123 0.0176) (45 0.0156) (59 -0.015) (27 0.0146) (107 0.0144) (49 0.014) (63 -0.0138) (127 -0.0109) (39 -0.0102) 
   0.0035785   (40 0.849) (65 -0.234) (39 0.232) (41 -0.189) (44 0.165) (43 -0.142) (84 -0.136) (67 0.128) (66 -0.105) (57 0.0797) (37 0.0715) (64 0.0687) (33 0.061) (38 0.0525) (63 -0.0508) (87 0.04) (47 0.039) (52 -0.0351) (71 -0.0333) (30 -0.0272) (51 -0.0261) (50 0.0259) (69 -0.0257) (55 -0.0254) (32 -0.0247) (129 0.0227) (16 0.0223) (96 0.0206) (127 -0.0202) (73 -0.018) (15 -0.0168) (90 0.0158) (21 0.0156) (107 -0.0145) (77 -0.0143) (53 0.0138) (91 0.0137) (19 0.0135) (24 -0.0131) (109 -0.0129) (27 0.0125) (78 0.0119) (46 -0.0117) (31 0.0107) (14 0.0105) (82 0.0104) 
   0.0037464   (84 -0.859) (129 0.27) (127 -0.223) (65 0.187) (87 0.17) (67 -0.113) (66 0.089) (90 0.0719) (57 -0.0713) (77 -0.0668) (107 -0.06) (64 -0.0549) (85 0.0539) (40 -0.0487) (109 -0.0443) (44 -0.0412) (63 0.0404) (96 0.0404) (92 0.0393) (86 -0.039) (52 0.0384) (60 0.0374) (91 0.0345) (43 0.0344) (120 0.0327) (78 0.0312) (123 -0.0276) (47 -0.0271) (103 -0.0258) (88 0.0248) (50 -0.0228) (69 0.0214) (56 0.0205) (126 0.0202) (93 -0.0196) (94 -0.0192) (39 -0.0192) (83 0.0182) (41 0.0172) (79 0.0167) (89 -0.0165) (48 0.0165) (72 -0.0144) (54 0.0138) (102 0.0138) (49 -0.0135) (33 0.0132) (112 0.013) (51 0.0117) (61 -0.0114) (114 0.0113) (70 0.0107) (105 -0.0107) (55 -0.0106) (111 -0.0103) (122 0.0103) (101 -0.0101) 
   0.0039274   (129 0.55) (127 -0.432) (65 0.396) (84 0.387) (67 -0.228) (40 0.198) (66 0.187) (64 -0.111) (50 0.0964) (71 0.0844) (87 -0.084) (57 -0.0828) (63 0.0811) (39 0.0585) (69 0.0507) (41 -0.0483) (77 0.0458) (90 -0.045) (43 -0.0411) (78 -0.0355) (73 0.0326) (107 0.0301) (96 -0.0299) (109 0.0287) (85 -0.0287) (91 -0.0273) (52 0.026) (74 -0.0243) (42 -0.0215) (33 0.0209) (49 0.0202) (76 0.019) (86 0.0184) (92 -0.0184) (37 0.0181) (48 -0.0172) (38 0.0167) (44 0.0157) (103 0.0156) (46 0.0155) (45 0.0153) (56 0.0149) (68 -0.0148) (60 0.0143) (51 -0.0134) (94 0.013) (14 0.0126) (82 -0.0119) (30 -0.0117) (70 0.0108) (75 -0.0103) 
   0.0040654   (65 -0.539) (129 0.495) (127 -0.376) (67 0.314) (66 -0.255) (40 -0.237) (64 0.152) (57 0.13) (63 -0.112) (50 -0.0951) (71 -0.0919) (69 -0.0678) (39 -0.0663) (84 0.0584) (41 0.0538) (52 -0.0496) (73 -0.0382) (60 -0.0374) (33 -0.0344) (43 0.0331) (56 -0.0283) (37 -0.0253) (38 -0.0249) (76 -0.0233) (74 0.0215) (78 0.0211) (46 -0.0208) (42 0.0194) (70 -0.0181) (79 -0.0176) (14 -0.0169) (109 -0.0159) (61 0.0158) (30 0.0151) (21 -0.015) (47 0.0149) (49 -0.0141) (45 -0.0138) (75 0.0136) (96 0.0136) (68 0.0133) (93 0.013) (83 -0.0124) (16 -0.0121) (77 -0.012) (91 0.0118) (59 0.0116) (120 -0.0111) (82 0.011) (90 0.011) (19 -0.0107) (80 0.0103) 
   0.0041106   (105 0.593) (96 -0.323) (103 0.281) (123 -0.261) (101 0.205) (110 -0.195) (108 -0.192) (106 -0.171) (107 -0.166) (98 -0.157) (112 -0.154) (119 -0.149) (120 -0.144) (99 -0.139) (122 0.138) (117 -0.128) (102 -0.112) (97 -0.0984) (114 -0.0882) (121 -0.0807) (111 -0.0736) (50 0.0687) (109 -0.0686) (91 0.0583) (115 -0.0524) (94 0.0503) (124 -0.049) (90 -0.0486) (100 -0.0435) (116 -0.0321) (84 -0.0298) (113 -0.0293) (118 0.029) (82 -0.0283) (72 -0.0258) (71 -0.0237) (55 -0.0225) (92 -0.0217) (51 -0.0209) (93 -0.0207) (89 0.0151) (60 0.0149) (65 -0.0146) (80 -0.0144) (81 -0.0141) (56 0.0139) (85 -0.0138) (125 0.0135) (79 0.0117) (53 0.0114) (86 0.0109) (141 -0.0104) (83 0.0104) (49 0.0102) 
   0.0042601   (141 -0.893) (142 0.324) (143 -0.308) (140 0.0357) (123 -0.0225) (96 0.0134) (105 -0.0114) (122 0.0103) 
   0.0043738   (50 0.835) (55 -0.228) (51 -0.224) (49 0.149) (56 0.146) (53 0.12) (48 -0.117) (72 -0.115) (71 -0.109) (60 0.098) (40 -0.0919) (57 0.0895) (65 -0.0862) (52 0.0777) (123 0.0711) (45 0.0688) (42 -0.0657) (15 0.0648) (84 -0.0611) (43 -0.0601) (107 0.0574) (46 0.0548) (82 -0.0507) (105 -0.0505) (119 0.0436) (96 -0.042) (122 -0.0377) (64 0.0369) (120 0.0368) (117 0.0343) (80 -0.0318) (63 -0.0302) (68 0.0299) (74 0.0296) (109 0.0288) (90 -0.0277) (54 -0.027) (47 0.0263) (87 -0.026) (81 -0.0255) (124 0.0247) (24 0.0245) (121 0.024) (66 -0.0235) (108 0.0224) (103 -0.0223) (79 0.0222) (32 0.0212) (101 -0.021) (92 0.0199) (38 -0.0194) (112 -0.0188) (59 0.0181) (115 0.0179) (118 -0.017) (61 -0.017) (83 0.0165) (111 -0.0159) (110 0.0159) (16 -0.0157) (104 -0.0135) (33 -0.0134) (14 -0.0122) (12 -0.0115) (44 0.0115) (13 0.0115) (98 0.0113) (73 0.0112) (67 0.0109) (97 -0.0105) (41 -0.0104) (21 0.0102) (106 0.0101) 
    0.004411   (72 -0.548) (45 0.457) (81 -0.311) (46 0.299) (80 -0.284) (71 -0.222) (50 -0.176) (83 0.165) (93 -0.154) (87 -0.129) (78 0.0781) (76 -0.076) (79 0.0729) (98 -0.0702) (48 0.0645) (69 0.0595) (42 -0.0584) (44 0.0555) (49 -0.0551) (109 -0.0523) (113 0.0509) (97 0.0494) (100 0.0479) (43 -0.0455) (67 -0.0447) (105 -0.0399) (107 0.0388) (89 0.035) (51 0.0346) (68 0.0336) (85 -0.0321) (70 0.0305) (60 0.0301) (47 0.0295) (90 0.0291) (75 0.0283) (156 0.0256) (66 0.0241) (123 -0.0237) (96 0.0229) (73 -0.0228) (54 0.0219) (41 -0.0212) (74 0.0204) (77 0.0202) (114 0.0199) (99 0.0197) (101 -0.0188) (82 -0.0181) (119 -0.0179) (122 0.0172) (57 -0.0172) (115 -0.0163) (117 -0.0156) (118 0.0146) (64 0.0145) (91 0.0143) (65 -0.0143) (63 -0.014) (103 0.013) (52 0.0129) (20 0.0126) (104 0.0121) (112 0.0116) (39 0.0112) (88 -0.0109) (35 -0.0104) (110 0.0101) 
   0.0045512   (156 0.999) (45 -0.0274) (46 -0.0181) 
   0.0046989   (45 0.644) (72 0.469) (46 0.428) (71 0.184) (80 0.149) (81 0.14) (79 -0.133) (44 0.0971) (87 0.0955) (43 -0.0946) (42 -0.0943) (109 0.0748) (83 -0.0723) (47 0.0661) (40 -0.0624) (90 0.0594) (67 0.0519) (69 -0.0518) (113 -0.0392) (98 0.0377) (48 0.0369) (85 0.035) (100 -0.0331) (76 0.0318) (66 -0.0309) (38 -0.0302) (105 0.0294) (68 -0.0288) (96 -0.0279) (49 -0.0259) (37 0.0239) (15 0.0237) (156 0.0237) (78 -0.0236) (57 0.0232) (41 -0.0225) (75 -0.0222) (123 0.0215) (39 0.021) (86 -0.0197) (64 -0.0194) (63 0.0194) (70 -0.0192) (122 -0.0187) (73 0.0186) (114 -0.0183) (118 -0.018) (14 -0.0176) (107 -0.0175) (93 -0.0162) (115 0.0154) (117 0.015) (110 -0.0145) (54 -0.0135) (35 -0.0135) (60 -0.013) (97 -0.013) (112 -0.0126) (24 0.0122) (56 0.0119) (101 0.0117) (84 -0.0112) (55 -0.0111) (65 0.011) (82 -0.0106) (102 0.0102) (104 -0.0101) 
   0.0047248   (20 -0.865) (19 0.414) (136 -0.272) (15 -0.0357) (24 0.0347) (16 0.0276) (17 -0.0225) (21 0.0219) (23 -0.0205) (18 0.0186) (7 0.0161) (45 0.0134) (35 0.013) (30 0.0115) (36 0.0109) (14 -0.0104) (27 -0.0101) (33 -0.01) 
   0.0049312   (136 -0.962) (20 0.244) (19 -0.117) (15 0.0101) 
    0.005131   (7 -1) (136 -0.0118) (20 -0.0115) 
   0.0053375   (5 -1) 
   0.0053981   (27 -0.381) (31 0.37) (28 0.364) (29 0.35) (32 0.341) (135 0.31) (37 0.281) (14 0.235) (30 -0.191) (35 0.153) (38 -0.121) (39 0.0792) (17 -0.0722) (26 0.072) (36 -0.064) (25 0.0523) (16 -0.0458) (33 -0.0429) (23 0.0392) (34 -0.039) (19 -0.0365) (40 -0.0352) (21 -0.0329) (77 -0.0316) (18 0.0303) (44 0.0289) (47 0.026) (42 0.0254) (41 0.0232) (11 -0.0215) (20 -0.0192) (15 -0.019) (78 0.0189) (22 0.0141) (12 -0.013) (71 -0.0107) 
   0.0054147   (135 0.951) (27 0.124) (31 -0.121) (28 -0.119) (29 -0.114) (32 -0.111) (37 -0.0918) (14 -0.0769) (30 0.0625) (35 -0.0499) (38 0.0394) (39 -0.0258) (17 0.0236) (26 -0.0235) (36 0.0209) (25 -0.0171) (16 0.015) (33 0.014) (23 -0.0128) (34 0.0127) (19 0.0119) (40 0.0115) (21 0.0107) (77 0.0101) 
   0.0056656   (10 0.76) (17 0.491) (16 -0.328) (14 0.213) (27 0.0938) (15 -0.0791) (19 0.0776) (21 0.0494) (37 0.0344) (25 -0.0304) (23 -0.0271) (26 -0.0236) (28 -0.0186) (18 -0.0153) (20 0.0143) (38 -0.0138) (11 -0.013) (35 0.0111) (22 -0.0103) 
   0.0057687   (145 -0.999) (10 -0.0268) (17 0.0206) (16 -0.0136) 
   0.0060918   (10 0.649) (17 -0.579) (16 0.384) (14 -0.226) (27 -0.114) (19 -0.095) (15 0.0854) (21 -0.062) (37 -0.0434) (145 -0.0379) (25 0.036) (23 0.0348) (26 0.0317) (28 0.0214) (11 0.0197) (20 -0.0195) (18 0.0185) (38 0.0161) (12 0.0153) (77 0.0146) (35 -0.014) (22 0.0123) (39 -0.0116) (30 0.0109) (29 -0.0108) (42 -0.0108) 
   0.0064124   (13 -0.869) (12 0.354) (42 0.229) (43 0.15) (41 0.142) (45 0.0646) (40 0.061) (14 0.0533) (47 0.0523) (50 0.0442) (15 0.0435) (39 -0.0419) (38 0.0326) (37 -0.0308) (48 -0.0259) (44 0.0232) (46 0.018) (36 0.0153) (30 0.0149) (49 0.0123) (32 -0.0112) (29 0.0107) (60 -0.0107) (21 0.0102) (59 0.01) 
   0.0067813   (144 0.999) (42 0.0269) (43 0.0181) (13 0.0153) (41 0.015) (143 -0.0109) 
   0.0069374   (42 -0.648) (43 -0.437) (41 -0.361) (13 -0.314) (40 -0.175) (45 -0.157) (47 -0.131) (39 0.124) (12 0.124) (37 0.102) (38 -0.0985) (50 -0.0898) (44 -0.0732) (48 0.0583) (144 0.0422) (46 -0.0405) (15 0.0402) (36 -0.0396) (74 0.0318) (18 -0.0294) (32 0.0291) (30 -0.0284) (27 0.0276) (49 -0.0265) (14 -0.0265) (24 0.0259) (59 -0.0238) (35 0.0233) (29 -0.0227) (60 0.0216) (80 0.019) (31 -0.0189) (64 0.0186) (21 0.0177) (67 0.017) (109 0.017) (79 0.0167) (56 0.0166) (52 0.0165) (61 -0.0152) (81 -0.0145) (34 0.0145) (107 0.0144) (55 -0.0143) (17 0.0139) (84 -0.0139) (78 0.0116) (68 0.0115) (28 -0.0111) (62 0.0105) (86 -0.0102) (75 -0.01) 
   0.0076534   (12 0.875) (13 0.36) (32 -0.196) (30 0.172) (31 0.124) (29 0.115) (14 0.0464) (36 -0.0348) (41 -0.0283) (33 0.0241) (35 0.0169) (15 0.0167) (66 0.0157) (40 -0.0142) (42 -0.0141) (138 0.014) (18 0.0128) (37 0.0121) (38 -0.012) (68 0.0118) (27 -0.0113) 
   0.0083685   (138 0.992) (32 -0.0724) (30 0.062) (12 -0.0497) (31 0.0443) (29 0.0417) (13 -0.0199) (41 -0.0121) (36 -0.0103) 

 Largest eigenvalues
      73.321   (163 0.238) (164 0.959) 
      28.568   (37 0.437) (39 0.288) (47 0.33) (77 0.332) 
      15.544   (77 0.657) (78 -0.37) 
       12.11   (107 0.595) (109 0.658) 
      4.5757   (96 -0.288) (119 0.292) (120 0.303) (122 -0.288) (123 0.555) 
      1.4633   (163 0.971) (164 -0.235) 
      1.2238   (162 0.996) 
      1.1473   (165 0.997) 
      1.1417   (90 0.234) (91 -0.885) (101 -0.25) 
      1.1351   (101 0.771) (106 0.497) 
      1.1287   (101 0.352) (106 -0.791) 
     0.92011   (111 0.351) (115 -0.77) 
     0.91457   (103 -0.28) (104 0.841) (105 0.251) 
     0.86179   (98 -0.356) (99 -0.6) (100 -0.418) 
     0.85104   (111 -0.584) (112 0.312) 
     0.75868   (110 -0.48) (111 0.323) (115 0.362) 
     0.67146   (110 0.714) (111 0.302) 
     0.67085   (96 -0.75) (97 -0.234) (98 0.206) (99 0.263) (110 0.225) 
     0.66349   (114 -0.495) (125 -0.33) (126 0.44) (143 0.294) 
     0.59958   (111 -0.332) (112 -0.548) (114 0.468) 
     0.57635   (108 0.589) (112 0.334) (114 0.511) 
     0.57266   (108 -0.675) (110 -0.289) (112 0.401) 
     0.56961   (114 -0.356) (121 0.329) (123 -0.43) (134 0.378) 
       0.567   (121 -0.293) (122 0.389) (124 0.535) (125 0.34) (134 0.32) 
     0.56223   (118 0.345) (119 -0.379) (120 0.55) (124 -0.301) 
     0.54717   (117 -0.696) (118 -0.423) 
     0.53054   (116 0.434) (117 0.328) (119 0.349) (122 0.399) (125 -0.318) (134 0.315) 
     0.49813   (116 -0.654) (118 0.261) (121 0.25) (124 0.24) (125 -0.208) (126 0.278) (134 0.276) (143 -0.223) 
     0.49368   (116 0.537) (117 -0.319) (122 -0.293) (126 0.393) 
     0.41999   (92 0.972) 
      0.4101   (118 -0.325) (121 -0.348) (123 -0.246) (125 0.293) (126 0.251) (127 -0.291) (129 -0.236) (143 -0.293) 
     0.33827   (94 -0.926) (103 0.215) 
     0.33338   (94 0.33) (103 0.679) (104 0.338) (105 -0.404) 
       0.303   (102 -0.816) 
     0.29179   (98 -0.433) (113 -0.331) 
     0.24922   (79 -0.349) (87 -0.66) 
     0.23089   (79 0.506) (98 0.519) 
     0.23029   (79 -0.515) (87 0.597) 
     0.22951   (98 -0.361) (107 0.317) (109 -0.292) (113 0.558) 
     0.17707   (90 -0.798) (93 0.406) 
     0.15752   (90 0.359) (97 -0.532) (107 -0.294) (109 0.322) 
     0.14875   (86 -0.272) (93 -0.622) (97 0.226) (107 -0.284) (109 0.241) 
     0.13655   (85 -0.62) (86 0.637) 
     0.12956   (89 -0.721) (93 0.34) (97 0.294) 
      0.1237   (79 0.398) (81 0.497) (83 -0.417) 
     0.11643   (76 -0.261) (78 0.282) (80 -0.31) (89 0.249) 
     0.11172   (59 0.355) (69 -0.344) (76 0.286) 
     0.10685   (58 0.506) (59 -0.573) 
     0.10198   (58 -0.565) (63 0.308) 
    0.094475   (58 0.452) (59 0.338) (76 -0.266) (97 -0.276) 
    0.089841   (58 -0.399) (59 -0.558) 
    0.079901   (59 0.302) (63 0.576) (83 -0.291) 
    0.078063   (63 -0.451) (64 -0.637) 
    0.073937   (61 -0.497) (62 0.419) (64 0.343) 
     0.07286   (61 0.664) (64 0.248) (69 0.229) 
     0.06631   (61 -0.316) (118 0.256) (119 0.288) 
    0.063258   (68 0.283) (74 -0.327) (78 0.331) 
    0.061077   (61 -0.247) (62 -0.59) (69 0.247) (76 0.214) (80 -0.259) (81 0.213) (85 -0.206) 
    0.058945   (62 0.532) (68 -0.291) (74 0.304) 
    0.055638   (62 -0.251) (66 -0.269) (68 0.39) (69 -0.323) (71 0.309) (76 -0.297) (78 -0.27) 
    0.053337   (66 0.392) (74 -0.349) (81 -0.333) 
    0.049824   (66 -0.437) (67 -0.33) (76 0.314) (78 0.266) (100 0.26) 
    0.047749   (66 0.4) (67 0.333) (68 0.33) 
    0.046245   (76 -0.338) (81 0.326) (83 0.276) 
    0.044081   (34 -0.85) (41 0.379) 
    0.042189   (34 0.455) (41 0.696) (43 -0.397) 
    0.041472   (75 -0.441) (88 0.267) (121 0.262) 
    0.040811   (48 -0.395) (51 -0.485) (75 0.401) 
    0.032319   (48 0.348) (49 0.294) (51 0.398) (75 0.57) 
    0.031715   (23 0.339) (26 -0.7) (29 -0.289) 
    0.029444   (23 0.651) (26 0.487) 
    0.027574   (23 -0.431) (29 -0.311) (42 -0.336) (43 0.352) (88 -0.303) 
    0.026231   (26 -0.304) (29 0.58) (31 -0.498) 
    0.021528   (42 0.378) (43 -0.385) (88 -0.44) 
    0.020708   (120 -0.337) (126 -0.295) (131 0.687) (134 0.357) 
    0.020592   (128 -0.578) (160 -0.809) 
    0.019166   (128 -0.577) (160 0.312) (161 0.755) 
    0.017246   (128 -0.577) (160 0.498) (161 -0.647) 
    0.015415   (15 0.942) (16 -0.279) 
    0.014798   (139 -0.996) 
