 1 31.6228
 2 24.1782
 3 0.969007
 4 31.6228
 5 26.3286
 6 1.51154
 7 31.6228
 8 2.09549
 9 30.4933
 10 30.1901
 11 1.91604
 12 21.3027
 13 31.6228
 14 31.6188
 15 0.902181
 16 31.6228
 17 31.6154
 18 0.905758
 19 31.6228
 20 31.4835
 21 1.06828
 22 31.6228
 23 31.5952
 24 0.937375
 25 14.6092
 26 16.0625
 27 1.32115
 28 31.5405
 29 18.8059
 30 4.70031
 31 21.4301
 32 9.80115
 33 16.8175
 34 14.1702
 35 14.8455
 36 7.24006
 37 31.4975
 38 31.6038
 39 1.31967
 40 24.5079
 41 31.2165
 42 1.28749
 43 21.3333
 44 29.3178
 45 1.53297
 46 31.5837
 47 29.2156
 48 3.98102
 49 30.3972
 50 13.218
 51 16.4688
 52 7.61074
 53 30.8592
 54 17.0116
 55 7.42051
 56 14.0545
 57 25.6521
 58 8.78573
 59 11.2003
 60 7.63884
 61 4.47543
 62 1.32477
 63 21.1848
 64 13.5061
 65 0.988772
 66 23.4034
 67 28.3686
 68 4.8291
 69 31.6225
 70 31.6228
 71 31.58
 72 1.3323
 73 31.6192
 74 3.99893
 75 29.1574
 76 30.9777
 77 1.55603
 78 28.2557
 79 31.5903
 80 3.53581
 81 29.542
 82 31.4158
 83 23.6476
 84 1.31621
 85 11.176
 86 1.40321
 87 31.3696
 88 1.16968
 89 1.1038
 90 1.31171
 91 2.3631
 92 20.4557
 93 26.9409
 94 17.8631
 95 27.379
 96 29.3758
 97 15.9271
 98 14.6775
 99 9.34985
 100 27.4274
 101 30.5015
 102 8.91269
 103 12.6816
 104 11.6874
 105 10.9458
 106 12.8178
 107 12.7133
 108 12.8023
 109 10.5829
 110 8.33058
 111 13.3359
 112 14.1559
 113 13.553
 114 12.8494
 115 12.5096
 116 10.3892
 117 12.8691
 118 13.4086
 119 12.1152
 120 9.99686
 121 10.4189
 122 6.84566
 123 6.47455
 124 5.88176
 125 5.41002
 126 6.4398
 127 4.48403
 128 8.74135
 129 6.83503
 130 6.58397
 131 4.32514
 132 4.35994
 133 4.37186
 134 5.31386
 135 2.76359
 136 6.33648
 137 3.12899
 138 2.9195
 139 2.80484
 140 3.27717
 141 3.07798
 142 2.73287
 143 2.74505
 144 4.07388
 145 3.89193
 146 3.26965
 147 3.0669
 148 3.96796
 149 3.89482
 150 3.24233
 151 3.49858
 152 4.3345
 153 4.92635
 154 3.61533
 155 4.26688
 156 4.45877
 157 5.77259
 158 0.267782
 159 0.404778
 160 1.37236
 161 3.55863
 162 6.43072
 163 7.05272
 164 10.9022
 165 0.653109
