 1 69651.4
 2 614.794
 3 1.86336
 4 424739
 5 728.783
 6 15.6687
 7 1.41737e+06
 8 58.3656
 9 1587.47
 10 2754.07
 11 33.7312
 12 746.793
 13 1.50582e+06
 14 11416
 15 0.814079
 16 873761
 17 5613.14
 18 0.924789
 19 218200
 20 3133.76
 21 13.3085
 22 409805
 23 4329.74
 24 3.37212
 25 241.063
 26 317.632
 27 7.78897
 28 3555.5
 29 464.767
 30 94.0383
 31 471.029
 32 238.169
 33 430.047
 34 219.12
 35 319.549
 36 143.358
 37 1520.78
 38 3193.7
 39 3.49742
 40 944.535
 41 5152.58
 42 1.80178
 43 641.773
 44 1513.38
 45 11.4543
 46 4569.09
 47 3030.4
 48 245.824
 49 1898
 50 191.59
 51 434.603
 52 177.382
 53 3429.25
 54 335.216
 55 159.83
 56 349.425
 57 693.957
 58 89.1769
 59 189.862
 60 122.35
 61 22.2752
 62 1.77126
 63 471.123
 64 211.078
 65 1.95431
 66 586.938
 67 3422.19
 68 408.207
 69 110266
 70 514807
 71 3228.56
 72 4.51747
 73 20176.9
 74 406.777
 75 4387.22
 76 5319.59
 77 14.4142
 78 1529.88
 79 7926.5
 80 184.528
 81 2248.26
 82 2551.77
 83 697.224
 84 2.17448
 85 152.726
 86 2.6344
 87 3258.13
 88 1.80903
 89 1.70855
 90 2.02471
 91 8.54836
 92 564.29
 93 1169.82
 94 571.905
 95 1256.82
 96 1548.04
 97 321.35
 98 262.403
 99 137.258
 100 928.547
 101 1595.63
 102 106.113
 103 179.621
 104 156.428
 105 137.591
 106 177.053
 107 175.744
 108 178.597
 109 131.127
 110 96.0582
 111 196.092
 112 210.777
 113 195.438
 114 179.347
 115 176.09
 116 134.022
 117 187.107
 118 197.68
 119 164.384
 120 115.674
 121 118.569
 122 50.6217
 123 43.6939
 124 38.6149
 125 32.214
 126 44.5468
 127 26.1049
 128 85.0756
 129 55.9867
 130 50.261
 131 21.4549
 132 19.9624
 133 20.1307
 134 29.7272
 135 9.08947
 136 41.3257
 137 11.0211
 138 9.48742
 139 8.8322
 140 11.7391
 141 11.4869
 142 9.03391
 143 8.95365
 144 17.8647
 145 16.1109
 146 11.7078
 147 10.5312
 148 17.1757
 149 16.3947
 150 11.6191
 151 13.5836
 152 19.934
 153 26.0985
 154 14.3722
 155 19.3998
 156 21.0835
 157 34.5406
 158 0.393188
 159 0.248808
 160 2.7977
 161 19.8728
 162 62.2729
 163 65.6565
 164 134.229
 165 2.22834
