 1 1000
 2 590.593
 3 1.82241
 4 1000
 5 709.378
 6 15.2738
 7 1000
 8 35.772
 9 962.005
 10 925.52
 11 22.0749
 12 486.443
 13 1000
 14 999.795
 15 0.813944
 16 1000
 17 999.647
 18 0.838101
 19 1000
 20 995.157
 21 4.83596
 22 1000
 23 998.965
 24 1.42796
 25 224.957
 26 281.165
 27 6.94551
 28 995.66
 29 422.982
 30 86.0072
 31 466.907
 32 233.545
 33 421.206
 34 208.267
 35 307.035
 36 137.274
 37 992.729
 38 999.305
 39 2.22488
 40 611.108
 41 977.586
 42 1.69403
 43 478.35
 44 884.667
 45 7.29155
 46 998.486
 47 919.828
 48 82.5208
 49 937.213
 50 189.495
 51 350.699
 52 143.048
 53 962.182
 54 295.429
 55 128.116
 56 275.275
 57 689.606
 58 87.609
 59 186.914
 60 120.289
 61 22.2512
 62 1.77109
 63 460.398
 64 210.426
 65 1.94176
 66 575.583
 67 891.92
 68 110.424
 69 999.99
 70 1000
 71 998.329
 72 2.57355
 73 999.842
 74 83.7377
 75 918.082
 76 964.259
 77 7.62752
 78 812.262
 79 998.583
 80 68.4707
 81 929.363
 82 989.152
 83 588.304
 84 2.05239
 85 130.828
 86 2.49798
 87 989.147
 88 1.8089
 89 1.70854
 90 2.02453
 91 8.02613
 92 484.703
 93 811.646
 94 441.86
 95 822.637
 96 906.81
 97 300.267
 98 259.637
 99 136.506
 100 793.218
 101 948.747
 102 101.922
 103 177.328
 104 154.64
 105 136.906
 106 176.107
 107 174.735
 108 177.737
 109 130.171
 110 94.6897
 111 195.378
 112 209.95
 113 194.838
 114 179.044
 115 175.642
 116 133.475
 117 186.825
 118 197.416
 119 164.221
 120 114.9
 121 117.974
 122 50.1712
 123 43.4409
 124 38.3647
 125 31.7381
 126 44.0855
 127 25.2077
 128 84.3441
 129 55.4947
 130 49.4893
 131 21.2972
 132 19.8145
 133 19.9823
 134 29.2134
 135 8.95571
 136 41.0399
 137 10.8543
 138 9.36175
 139 8.67479
 140 11.5563
 141 11.0988
 142 8.84087
 143 8.76705
 144 17.6466
 145 15.9115
 146 11.5218
 147 10.3116
 148 16.9336
 149 16.1386
 150 11.4491
 151 13.3601
 152 19.6669
 153 25.4716
 154 14.0684
 155 19.1832
 156 20.9418
 157 34.3252
 158 0.32241
 159 0.242454
 160 2.73614
 161 18.6476
 162 53.7597
 163 62.6705
 164 131.738
 165 2.21124
