 Smallest eigenvalues
  6.6409e-07   (9 -1) 
  7.0553e-07   (46 0.67) (45 -0.572) (47 0.318) (38 0.228) (40 0.133) (49 -0.105) (41 -0.0943) (59 -0.0604) (32 -0.0554) (53 -0.0464) (50 -0.0419) (158 0.0401) (54 0.0369) (77 -0.0364) (36 -0.0362) (44 0.0352) (14 -0.0351) (51 -0.0347) (37 0.0331) (57 -0.032) (31 -0.0318) (18 0.0307) (76 0.0288) (30 0.0283) (21 -0.0272) (26 0.026) (42 -0.0241) (27 -0.0219) (73 -0.0218) (11 -0.0213) (94 0.0185) (19 0.0162) (74 0.0161) (43 0.016) (23 0.0138) (29 0.0134) (75 -0.0133) (39 -0.0117) (68 0.0116) (56 -0.0113) (52 0.0105) (99 0.0104) (20 -0.0103) (17 -0.0101) 
  1.1445e-06   (158 0.999) (46 -0.0269) (45 0.023) (47 -0.0127) 
  1.9425e-06   (5 1) 
  2.3544e-06   (43 -0.63) (42 -0.566) (38 0.32) (45 0.243) (41 -0.187) (40 0.152) (154 0.14) (39 -0.104) (47 0.0846) (44 0.0789) (32 -0.0595) (37 0.043) (46 -0.0411) (59 -0.0327) (14 -0.0308) (76 0.0302) (26 0.0298) (18 0.0294) (31 -0.0291) (50 -0.0286) (49 -0.0277) (21 -0.0231) (11 -0.0183) (57 -0.0161) (27 -0.0157) (36 -0.0146) (94 0.0146) (73 -0.014) (53 -0.0139) (34 0.0136) (19 0.0133) (23 0.0124) (55 -0.012) (77 -0.0119) (52 -0.0118) (54 0.011) (75 -0.011) 
  2.4402e-06   (154 0.99) (43 0.0894) (42 0.0804) (38 -0.0454) (45 -0.0345) (41 0.0266) (40 -0.0216) (39 0.0147) (47 -0.012) (44 -0.0112) 
   4.583e-06   (2 -1) 
  9.0469e-06   (152 -0.982) (34 0.174) (32 -0.0443) (31 -0.0281) (30 0.0211) (33 -0.0186) (38 -0.0147) (36 0.0127) (26 0.0107) 
  1.4357e-05   (34 -0.918) (32 0.233) (152 -0.187) (31 0.148) (30 -0.111) (33 0.0976) (38 0.0777) (36 -0.0667) (26 -0.0561) (18 -0.0343) (29 0.0342) (52 0.0335) (21 0.0284) (14 0.025) (37 0.0217) (76 -0.0192) (45 -0.0189) (27 0.0188) (19 -0.0183) (53 -0.0168) (50 0.0161) (41 -0.0152) (28 -0.0148) (48 -0.0144) (47 -0.0141) (23 -0.0136) (43 -0.0133) (11 0.0123) (40 0.0122) (54 0.0119) (22 0.0116) (94 -0.0109) (59 0.0107) (58 0.0105) (20 0.0104) 
  4.4257e-05   (25 -0.845) (49 0.301) (24 0.27) (23 0.191) (51 -0.118) (52 0.107) (19 0.105) (21 -0.0987) (26 -0.0934) (33 -0.0681) (18 -0.0497) (56 0.0479) (20 0.0474) (39 -0.0444) (47 -0.0433) (27 -0.043) (50 0.0421) (30 0.0322) (29 0.0317) (71 0.0309) (22 0.0308) (59 -0.0274) (36 0.0267) (13 0.0266) (77 -0.0264) (45 -0.0259) (46 0.0217) (54 -0.0195) (53 -0.0171) (55 -0.0159) (76 0.0158) (41 -0.0151) (66 -0.0131) (79 -0.0126) (68 0.0124) (72 0.012) (40 0.0116) (80 0.0108) (43 -0.0101) (63 -0.0101) (32 -0.01) 
   8.619e-05   (151 0.979) (49 0.154) (25 0.0673) (51 -0.0667) (52 0.0619) (56 0.0289) (50 0.024) (38 0.0212) (24 -0.021) (47 -0.0185) (59 -0.0146) (54 -0.0141) (23 -0.014) (55 -0.0136) (26 0.0112) (46 0.0111) 
  0.00011677   (49 -0.745) (51 0.323) (25 -0.318) (52 -0.299) (151 0.203) (56 -0.14) (50 -0.116) (38 -0.102) (24 0.0993) (47 0.0895) (59 0.071) (54 0.0682) (23 0.0661) (55 0.0659) (46 -0.0537) (26 -0.0534) (71 -0.0482) (53 0.0437) (45 0.037) (77 0.036) (18 -0.0348) (57 0.0331) (19 0.0307) (41 0.0304) (33 -0.0303) (37 -0.0288) (75 0.0253) (32 0.0244) (76 -0.0241) (94 -0.0223) (20 0.0221) (81 0.0217) (21 -0.0213) (68 -0.0211) (79 0.0209) (40 -0.0175) (63 0.0175) (72 -0.0171) (43 -0.0167) (73 0.0166) (69 -0.0155) (44 0.0154) (31 0.0152) (14 0.0143) (42 0.0138) (61 -0.0132) (65 -0.0127) (36 -0.0123) (13 0.0123) (66 0.012) (88 -0.0112) (99 -0.011) (22 0.0102) 
  0.00016303   (1 1) 
  0.00017127   (11 -0.985) (14 0.142) (18 -0.0391) (17 0.0375) (21 0.0336) (13 0.0316) (38 -0.0268) (23 -0.0227) (32 0.0217) (19 -0.0199) (27 0.0141) (26 -0.014) (20 0.0134) (15 -0.0113) (31 0.0106) 
  0.00018425   (161 1) 
  0.00018667   (3 -1) 
  0.00023185   (14 -0.705) (16 -0.571) (15 0.357) (17 0.108) (13 -0.101) (11 -0.0923) (18 -0.0823) (21 0.0618) (23 -0.0448) (19 -0.0408) (32 0.0297) (38 -0.0281) (27 0.0246) (20 0.0196) (26 -0.0191) (24 0.0185) (31 0.0143) (33 -0.0135) (45 0.0114) 
  0.00026986   (160 1) 
  0.00027825   (7 -1) 
  0.00028161   (24 -0.921) (25 -0.23) (23 0.181) (21 -0.152) (26 -0.0815) (30 -0.0781) (18 0.0728) (19 0.0705) (156 0.0628) (36 0.0548) (20 -0.0541) (14 -0.0472) (22 -0.043) (27 0.0406) (11 -0.0267) (31 0.026) (52 0.0215) (37 0.0174) (32 0.0159) (17 -0.0154) (38 -0.0135) (56 -0.0116) (45 0.0107) (40 -0.0103) (28 -0.01) 
  0.00028643   (156 0.998) (24 0.058) (25 0.0145) (23 -0.0114) 
  0.00030549   (6 -1) 
  0.00031376   (17 -0.984) (14 -0.107) (21 0.0864) (11 -0.0465) (18 -0.0456) (15 0.0444) (20 0.0411) (19 -0.037) (27 0.0264) (159 0.0241) (36 0.0174) (31 0.0152) (13 -0.0145) (30 -0.0132) (45 0.0119) (23 0.0113) 
  0.00031802   (159 1) (17 0.0238) 
  0.00032278   (73 -0.756) (59 0.421) (57 0.313) (76 -0.211) (74 -0.174) (38 0.105) (54 -0.0994) (75 0.0886) (58 0.0662) (50 0.0653) (39 -0.0595) (47 -0.0585) (43 0.0522) (45 -0.0471) (32 -0.0439) (96 0.0392) (77 0.0392) (40 0.0392) (18 0.037) (56 0.0356) (68 0.0337) (88 0.0333) (37 0.0332) (41 -0.0329) (52 0.0314) (26 0.0307) (36 -0.0305) (53 0.0288) (72 -0.0275) (14 -0.027) (46 -0.0257) (70 0.0256) (69 -0.0253) (48 0.0234) (49 -0.0215) (92 0.0201) (78 -0.0195) (122 0.0187) (87 -0.0169) (102 -0.0164) (124 -0.016) (99 0.016) (11 -0.0156) (112 -0.0155) (120 -0.0154) (21 -0.015) (113 0.0145) (31 -0.0136) (67 -0.0132) (66 0.013) (30 0.0112) (44 0.0111) (116 -0.0111) (80 0.0108) (13 -0.0107) (127 -0.0107) (64 0.0104) (42 -0.0102) 
  0.00037975   (59 0.553) (73 0.512) (57 0.397) (70 -0.222) (38 0.175) (68 0.151) (153 -0.14) (47 -0.134) (76 0.13) (50 0.123) (74 0.112) (67 -0.105) (45 -0.101) (54 -0.0868) (58 0.0865) (39 -0.0736) (32 -0.0689) (71 0.0638) (69 -0.0606) (41 -0.0579) (75 -0.057) (40 0.0444) (18 0.0435) (66 0.0431) (14 -0.0428) (26 0.0424) (37 0.0424) (46 -0.0365) (36 -0.0362) (42 0.0326) (21 -0.0316) (122 -0.0286) (53 0.0281) (31 -0.028) (11 -0.0262) (83 -0.0257) (43 0.0236) (55 -0.0208) (52 -0.02) (77 -0.0199) (88 0.0193) (113 0.0188) (78 0.018) (127 -0.0172) (64 0.0172) (19 0.0166) (44 0.0166) (30 0.0166) (112 -0.0162) (48 0.016) (27 -0.0156) (20 -0.0156) (80 -0.0154) (17 -0.0152) (116 -0.0146) (56 0.0144) (16 0.0132) (120 -0.0129) (133 -0.0124) (61 -0.0122) (126 -0.0122) (62 0.012) (131 0.012) (117 0.0117) (98 0.0107) (99 0.0102) 
  0.00041358   (153 -0.99) (59 -0.0825) (73 -0.065) (57 -0.0595) (70 0.0308) (38 -0.0264) (68 -0.0216) (47 0.0197) (50 -0.0183) (76 -0.0163) (45 0.015) (67 0.0149) (74 -0.0141) (54 0.0134) (58 -0.0129) (39 0.0113) (32 0.0104) 
  0.00042292   (20 0.762) (19 0.459) (18 0.388) (21 0.21) (47 -0.0599) (50 -0.0559) (25 0.0416) (26 -0.0299) (23 -0.0274) (24 -0.0263) (22 0.0246) (14 -0.0231) (45 -0.0198) (17 0.017) (48 -0.0169) (54 0.0133) (42 0.0107) (57 -0.0103) (59 -0.0102) 
  0.00048397   (47 -0.598) (50 -0.549) (150 0.409) (38 0.194) (45 -0.187) (48 -0.155) (54 0.106) (59 -0.0837) (39 -0.0835) (41 -0.0807) (20 -0.0765) (52 0.0723) (32 -0.0672) (57 -0.0657) (55 0.0598) (49 -0.0581) (40 0.0497) (46 -0.0466) (21 -0.0459) (26 0.0396) (14 -0.0354) (37 0.0345) (42 0.0319) (36 -0.0317) (31 -0.0273) (73 -0.0251) (43 0.0245) (19 -0.0242) (11 -0.0209) (76 0.0162) (30 0.0162) (44 0.0151) (27 -0.0149) (58 -0.014) (16 0.0111) (23 0.0105) (53 0.0103) 
  0.00053131   (150 0.913) (47 0.268) (50 0.246) (38 -0.087) (45 0.084) (48 0.0697) (54 -0.0473) (39 0.0375) (59 0.0375) (41 0.0362) (20 0.0326) (52 -0.0324) (32 0.0302) (57 0.0294) (55 -0.0268) (49 0.0261) (40 -0.0223) (46 0.0209) (21 0.0201) (26 -0.0177) (14 0.016) (37 -0.0155) (42 -0.0143) (36 0.0142) (31 0.0122) (73 0.0112) (43 -0.011) 
  0.00054272   (53 0.687) (50 0.367) (42 -0.351) (54 0.28) (43 0.255) (47 -0.178) (49 -0.135) (52 0.13) (51 -0.125) (45 -0.103) (59 -0.0943) (56 -0.087) (57 -0.079) (38 0.0493) (41 0.0454) (44 0.0278) (40 -0.0266) (46 -0.0265) (70 -0.0244) (37 0.0222) (36 -0.0204) (18 0.0189) (147 -0.0187) (26 0.0177) (32 -0.0174) (58 -0.0157) (48 -0.0157) (14 -0.0133) (68 0.0114) (31 -0.01) 
  0.00055832   (147 -0.804) (42 0.434) (43 -0.248) (53 0.212) (41 -0.109) (38 0.0983) (52 0.0724) (45 0.0696) (50 0.0666) (39 -0.0647) (40 0.0645) (54 0.0631) (49 -0.0379) (59 -0.0347) (47 0.0328) (32 -0.0318) (51 -0.0292) (56 -0.0284) (57 -0.0238) (44 -0.0215) (26 0.0203) (73 -0.0194) (21 -0.0149) (14 -0.014) (48 0.0139) (18 0.0115) (31 -0.0112) 
  0.00057063   (147 -0.594) (42 -0.577) (43 0.328) (53 -0.308) (41 0.147) (38 -0.135) (52 -0.102) (50 -0.102) (54 -0.0941) (45 -0.091) (39 0.0879) (40 -0.0865) (49 0.0557) (59 0.0498) (32 0.0437) (51 0.0435) (56 0.0412) (47 -0.0388) (57 0.0346) (44 0.0282) (26 -0.0281) (73 0.0265) (21 0.0205) (14 0.0195) (48 -0.0183) (18 -0.0162) (31 0.0155) (36 0.0132) (70 -0.0129) (94 -0.0119) (20 0.0104) 
  0.00061611   (70 0.811) (71 -0.333) (72 0.29) (69 0.166) (73 0.163) (68 -0.141) (50 0.121) (59 0.106) (38 0.0964) (47 -0.0752) (57 0.0672) (52 -0.0527) (39 -0.0424) (54 -0.0416) (83 -0.0397) (43 0.0383) (45 -0.0382) (32 -0.0356) (76 -0.0322) (53 -0.0311) (148 0.0288) (18 0.028) (55 0.0271) (37 0.0268) (56 0.0268) (26 0.0266) (41 -0.0266) (66 -0.0254) (36 -0.0248) (46 -0.0244) (14 -0.0232) (40 0.02) (120 -0.0188) (67 0.0184) (58 0.018) (88 0.0179) (89 -0.0173) (127 -0.0157) (21 -0.0156) (31 -0.0155) (102 -0.0154) (124 -0.014) (49 -0.014) (112 -0.0131) (113 0.0128) (99 0.0127) (95 -0.0123) (11 -0.012) (19 0.0119) (91 0.0113) (80 -0.0113) (94 -0.0109) (116 -0.0107) (44 0.0106) (48 0.0101) (126 -0.01) 
  0.00068772   (148 0.551) (50 0.451) (52 -0.434) (53 -0.292) (47 -0.287) (57 -0.162) (38 0.13) (59 -0.127) (45 -0.113) (55 0.112) (70 -0.0962) (42 0.0733) (73 -0.0717) (41 -0.0629) (39 -0.0628) (54 0.0594) (72 -0.0512) (71 0.0501) (40 0.0478) (46 -0.047) (32 -0.0428) (51 -0.0342) (26 0.0273) (14 -0.0257) (56 -0.0254) (69 -0.0253) (21 -0.0241) (37 0.0238) (18 0.0212) (58 -0.0211) (36 -0.02) (44 0.0199) (122 -0.0189) (43 -0.0166) (31 -0.0161) (94 0.0139) (68 0.0137) (11 -0.0127) (20 -0.0118) (48 -0.0114) (19 0.0106) (83 0.0103) 
  0.00076113   (148 0.834) (50 -0.302) (52 0.289) (53 0.194) (47 0.192) (57 0.105) (38 -0.09) (59 0.0801) (45 0.0758) (55 -0.0749) (42 -0.0483) (39 0.0432) (41 0.0426) (73 0.0418) (54 -0.0376) (70 0.0354) (40 -0.0324) (46 0.032) (32 0.0297) (72 0.0238) (51 0.0228) (71 -0.0215) (26 -0.0191) (14 0.0179) (37 -0.0168) (21 0.0166) (56 0.0158) (18 -0.0151) (36 0.0142) (44 -0.0136) (58 0.0133) (122 0.0125) (31 0.0112) (69 0.0109) 
  0.00079556   (37 0.853) (36 -0.298) (38 -0.225) (21 -0.198) (18 0.189) (23 -0.135) (20 -0.0872) (19 0.0798) (39 0.0773) (14 -0.0647) (32 -0.0578) (43 -0.0448) (24 0.0383) (41 0.0324) (40 -0.03) (11 -0.0272) (45 0.027) (17 -0.0261) (26 -0.0245) (16 0.022) (31 -0.0203) (22 0.0202) (47 0.0191) (54 0.0184) (57 -0.0181) (59 -0.0167) (50 -0.0166) (13 -0.0166) (46 0.0154) (15 -0.0141) (30 0.0125) (34 -0.0117) (35 0.0114) 
   0.0010769   (21 -0.544) (18 0.438) (23 -0.436) (37 -0.308) (26 -0.239) (20 -0.227) (19 0.206) (36 0.127) (32 0.125) (14 -0.112) (24 0.103) (17 -0.0692) (22 0.0682) (27 0.0541) (31 0.0499) (16 0.0401) (11 -0.0399) (30 -0.0334) (13 -0.025) (15 -0.0242) (144 -0.0223) (29 -0.0164) (33 -0.0107) 
   0.0011781   (144 -0.991) (145 0.128) (21 0.0132) (18 -0.0108) (23 0.0104) 
   0.0012416   (46 -0.656) (47 0.447) (45 -0.346) (38 0.273) (14 -0.181) (43 0.167) (16 0.166) (50 -0.126) (54 0.108) (41 -0.094) (39 -0.0855) (59 -0.0796) (15 -0.0751) (49 0.0646) (55 0.0622) (32 -0.0545) (57 -0.0513) (37 0.051) (36 -0.0482) (52 -0.0405) (11 -0.0403) (48 0.0352) (13 -0.0312) (26 0.0305) (31 -0.0303) (70 -0.0272) (76 -0.0266) (83 -0.0232) (53 -0.019) (51 -0.0184) (80 -0.0149) (30 0.0146) (40 -0.0144) (94 -0.0144) (58 -0.0134) (42 0.0129) (17 0.0126) (21 -0.0119) (44 -0.0108) (19 0.0103) 
   0.0012833   (16 0.655) (14 -0.588) (15 -0.283) (18 -0.166) (46 0.158) (13 -0.125) (38 -0.108) (21 0.0972) (47 -0.0951) (45 0.093) (17 0.0847) (26 -0.0712) (32 0.0646) (11 -0.0645) (20 0.0643) (19 -0.0478) (43 -0.0463) (41 0.0384) (39 0.0377) (36 0.0276) (31 0.0271) (37 -0.0269) (50 0.0246) (23 -0.0245) (27 0.0239) (54 -0.0199) (30 -0.0173) (49 -0.0142) (55 -0.0138) (59 0.0133) 
   0.0014198   (146 1) (145 -0.0107) 
   0.0014348   (54 -0.703) (55 0.365) (32 -0.355) (56 -0.353) (52 0.135) (57 -0.131) (34 -0.126) (59 -0.11) (31 -0.105) (53 0.104) (26 0.0698) (30 0.0627) (18 0.0561) (49 -0.0545) (48 0.0452) (14 -0.0448) (36 0.0423) (43 0.0423) (21 -0.0363) (50 0.0362) (33 0.0347) (68 0.0295) (37 -0.0292) (70 -0.0275) (42 -0.027) (46 -0.0265) (69 -0.0244) (27 -0.0235) (76 -0.0234) (47 -0.0228) (11 -0.021) (73 0.0209) (58 -0.0199) (20 -0.0199) (19 0.0194) (38 -0.0163) (45 -0.015) (16 0.0141) (140 0.0134) (13 -0.0116) (23 0.0103) (88 0.0102) (71 0.0101) (96 0.0101) 
   0.0015831   (32 -0.742) (54 0.322) (34 -0.281) (38 -0.225) (31 -0.215) (36 0.152) (56 0.151) (55 -0.15) (37 -0.125) (30 0.125) (26 0.108) (39 0.0823) (33 0.0744) (140 0.0741) (18 0.0688) (52 -0.0671) (41 0.065) (21 -0.0607) (14 -0.0585) (53 -0.0513) (47 0.045) (27 -0.0419) (45 0.0398) (43 -0.0387) (57 0.0384) (40 -0.0367) (59 0.0335) (19 0.0299) (50 -0.0294) (49 0.0292) (20 -0.029) (11 -0.0267) (35 -0.0247) (46 0.0209) (48 -0.0203) (16 0.0165) (23 0.0158) (29 0.0129) (13 -0.0125) (68 -0.0117) (15 -0.0105) (73 -0.0104) 
   0.0016622   (140 0.997) (32 0.06) (34 0.0226) (31 0.0175) (38 0.0166) (54 -0.0143) (36 -0.0118) (30 -0.0101) 
   0.0017965   (15 -0.749) (27 -0.481) (16 -0.379) (28 -0.123) (26 0.119) (14 -0.103) (29 -0.0851) (32 0.0683) (17 -0.0418) (18 0.0359) (31 0.0353) (38 -0.0326) (23 0.0288) (13 0.0284) (136 0.0277) (20 -0.0274) (30 -0.022) (44 -0.0178) (37 -0.0149) (21 -0.0149) (36 0.0144) (11 -0.0133) (22 0.0102) (24 -0.0101) (41 0.0101) 
   0.0020105   (27 -0.727) (15 0.454) (136 0.282) (16 0.245) (26 0.197) (28 -0.185) (29 -0.148) (32 0.0962) (18 0.0661) (21 -0.0584) (19 0.0515) (38 -0.0444) (31 0.0428) (23 0.0366) (30 -0.0315) (20 -0.0305) (13 -0.0299) (11 -0.0223) (37 -0.0193) (25 0.0183) (36 0.0183) (40 -0.0173) (39 0.0169) (24 -0.0142) (41 0.0119) (45 0.0114) (51 -0.0108) 
   0.0021059   (136 0.959) (27 0.228) (15 -0.112) (26 -0.0613) (16 -0.061) (28 0.0579) (29 0.0459) (32 -0.0302) (18 -0.0205) (21 0.0176) (19 -0.0154) (38 0.0139) (31 -0.0136) (23 -0.0116) 
   0.0022909   (29 0.925) (51 -0.247) (27 -0.147) (48 -0.113) (49 -0.106) (72 -0.0678) (53 -0.0656) (45 0.0606) (31 -0.0605) (28 -0.0568) (32 0.0551) (52 0.0366) (39 0.0326) (71 0.0322) (70 0.0318) (56 -0.0316) (30 0.0298) (47 0.0297) (25 0.0294) (40 -0.0284) (34 0.0278) (22 -0.0223) (74 0.0209) (59 0.0205) (44 -0.0195) (132 0.0194) (54 0.019) (55 0.0188) (33 -0.0177) (26 0.0172) (37 -0.0169) (18 0.0157) (83 -0.015) (14 -0.0149) (66 -0.0142) (77 0.014) (35 -0.0136) (60 -0.0136) (46 -0.0126) (20 -0.0119) (81 0.0116) (21 -0.011) (24 -0.0107) 
   0.0023314   (72 -0.709) (70 0.325) (71 0.312) (77 0.262) (132 0.234) (51 0.231) (66 -0.134) (69 0.113) (83 -0.0868) (49 0.0855) (67 -0.0792) (55 -0.0749) (48 0.0684) (74 0.0671) (53 0.0637) (68 -0.0632) (38 0.0577) (57 -0.0545) (39 0.0526) (75 -0.0515) (79 0.0499) (59 0.0492) (96 -0.049) (131 0.0483) (81 0.045) (54 -0.0434) (89 -0.042) (62 -0.039) (94 -0.0372) (82 0.0363) (73 0.0346) (45 -0.0321) (84 0.0313) (40 0.0246) (63 -0.0242) (76 0.0227) (58 0.0225) (78 0.0224) (64 0.0214) (91 0.0187) (128 -0.0187) (47 -0.0187) (31 -0.0177) (92 -0.017) (101 0.016) (80 0.0159) (60 -0.0149) (85 0.0148) (43 0.0128) (98 0.0127) (117 -0.0123) (95 0.0113) (21 -0.0113) (119 -0.0109) (50 0.0105) 
   0.0023586   (51 0.591) (132 0.47) (48 0.294) (29 0.266) (72 0.263) (49 0.242) (53 0.164) (70 -0.13) (71 -0.126) (40 0.098) (56 0.0968) (45 -0.0833) (52 -0.082) (59 -0.0783) (131 0.0753) (47 -0.0751) (77 -0.0726) (55 -0.0682) (44 0.0549) (27 -0.0545) (83 0.0505) (74 -0.0502) (54 -0.0489) (66 0.0324) (41 -0.0289) (81 -0.0257) (68 0.0248) (39 0.024) (28 -0.0221) (60 0.0218) (69 -0.0215) (75 0.021) (73 -0.0209) (79 -0.0185) (96 0.0185) (18 0.0177) (94 0.0171) (57 -0.0161) (62 0.0161) (25 0.0161) (38 -0.0159) (89 0.0157) (128 -0.0147) (64 -0.014) (88 0.0134) (116 0.0133) (46 0.0131) (32 0.0119) (58 -0.0113) (102 0.011) (33 0.0107) (133 -0.0105) (13 -0.0104) (87 -0.01) 
   0.0024097   (132 0.838) (51 -0.392) (48 -0.182) (29 -0.17) (49 -0.158) (131 0.11) (53 -0.109) (40 -0.0615) (55 0.0592) (56 -0.0558) (45 0.0547) (72 0.0538) (47 0.0469) (52 0.0468) (54 0.0394) (27 0.0365) (77 -0.033) (39 -0.0294) (59 0.0294) (44 -0.0287) (57 0.0245) (133 -0.0229) (66 0.0202) (67 0.02) (69 -0.02) (70 -0.0199) (41 0.0179) (71 -0.0179) (128 -0.0177) (28 0.0139) (84 -0.0103) (18 -0.01) 
   0.0024957   (18 0.64) (21 0.492) (19 -0.345) (20 -0.244) (22 -0.223) (55 0.168) (13 -0.141) (25 -0.135) (26 -0.107) (56 0.101) (57 -0.0823) (59 0.0666) (23 0.0579) (31 -0.047) (40 -0.0469) (54 0.0443) (39 0.0409) (32 0.0405) (12 -0.0274) (16 0.026) (43 -0.0235) (24 0.0225) (83 0.0221) (17 0.0203) (37 -0.0181) (47 0.0181) (41 0.0175) (72 -0.0169) (28 0.0158) (14 -0.0157) (122 0.0151) (46 0.0151) (36 0.015) (96 0.0148) (67 -0.0141) (53 0.014) (33 0.0139) (29 -0.0131) (49 0.013) (50 -0.0127) (126 -0.012) (94 0.0119) (58 0.0113) (44 -0.0106) (45 0.0105) (11 -0.0101) 
   0.0026672   (57 0.765) (59 -0.59) (58 -0.0926) (18 0.084) (72 -0.072) (96 0.0623) (40 0.0594) (67 -0.057) (83 0.0559) (21 0.0543) (54 -0.0451) (49 -0.0445) (39 -0.0443) (50 0.0418) (19 -0.0392) (69 0.0389) (71 0.0377) (47 -0.0338) (126 -0.03) (20 -0.0296) (134 -0.0296) (13 -0.0292) (55 -0.0283) (70 0.0281) (78 -0.028) (43 0.0262) (22 -0.0251) (53 -0.0247) (77 0.0236) (89 0.0233) (51 -0.0221) (63 -0.0219) (46 -0.0202) (98 -0.0196) (73 0.0191) (52 -0.0177) (80 0.017) (106 0.0169) (87 -0.0168) (91 -0.0158) (97 -0.015) (44 0.0147) (92 0.0146) (95 -0.0142) (66 -0.014) (79 0.0138) (94 0.0134) (34 -0.0131) (48 0.0128) (76 -0.0125) (25 -0.0122) (62 -0.0121) (88 0.0116) (122 -0.0113) (127 -0.0107) 
   0.0027671   (134 -0.827) (55 -0.443) (56 -0.267) (54 -0.079) (18 0.0779) (38 0.0736) (48 -0.0687) (40 -0.0644) (57 -0.0564) (21 0.0461) (53 -0.0395) (72 0.0378) (133 -0.0359) (83 -0.0346) (19 -0.0329) (20 -0.0314) (67 0.0272) (22 -0.0241) (47 -0.024) (31 -0.0236) (44 -0.0222) (46 -0.022) (25 -0.0213) (39 0.0206) (50 0.0204) (51 0.0181) (71 -0.018) (43 0.0155) (96 -0.0155) (76 -0.0154) (69 -0.0153) (94 -0.0153) (45 -0.0146) (70 -0.0132) (73 -0.0124) (42 0.0118) (14 -0.0117) (89 -0.0112) (80 -0.011) (98 0.0102) (122 -0.0101) 
   0.0028419   (55 0.654) (134 -0.559) (56 0.394) (18 -0.119) (54 0.119) (38 -0.107) (48 0.1) (40 0.0907) (21 -0.0708) (53 0.0596) (72 -0.0526) (83 0.0511) (19 0.0505) (20 0.0477) (126 -0.0469) (57 0.0398) (67 -0.0375) (47 0.0374) (22 0.0368) (59 0.0363) (31 0.0341) (46 0.0337) (50 -0.0325) (25 0.032) (44 0.0316) (96 0.0293) (39 -0.0273) (51 -0.0253) (94 0.0252) (71 0.0249) (43 -0.0245) (76 0.0234) (122 0.0217) (45 0.0216) (69 0.0208) (133 -0.0203) (98 -0.0182) (70 0.0181) (89 0.0179) (73 0.0175) (42 -0.0175) (14 0.0174) (80 0.0159) (32 0.0147) (41 0.0147) (124 -0.0135) (36 0.013) (91 -0.013) (23 -0.0129) (13 0.0124) (49 0.0106) (37 -0.0105) 
    0.003403   (41 0.807) (68 0.272) (38 0.256) (67 -0.239) (40 0.228) (39 -0.187) (83 0.125) (45 0.0949) (57 -0.0745) (44 0.0641) (70 0.0627) (42 0.0617) (69 -0.0457) (85 -0.0445) (59 -0.0427) (47 0.0399) (89 -0.0381) (55 -0.0356) (37 0.0355) (48 0.032) (130 0.0307) (50 -0.0294) (96 -0.0291) (94 -0.0289) (53 -0.0268) (36 -0.0251) (32 -0.0235) (54 0.0225) (66 0.0204) (73 -0.0155) (22 -0.0142) (31 -0.0141) (71 -0.0141) (92 -0.0129) (29 0.0125) (46 0.0121) (19 0.0119) (26 0.0118) (14 -0.0115) (18 0.0114) (56 -0.0113) (21 -0.0108) (43 -0.0103) (124 -0.01) 
   0.0036735   (83 0.818) (130 0.303) (68 -0.263) (67 0.201) (85 -0.171) (89 -0.158) (96 -0.125) (94 -0.125) (91 0.0701) (69 0.0693) (59 0.0631) (80 0.062) (92 -0.0526) (72 -0.0486) (38 0.0384) (112 -0.0341) (90 0.033) (87 0.0324) (97 0.0319) (70 -0.031) (106 0.0286) (113 0.0266) (98 0.0262) (76 0.0262) (73 0.0261) (100 0.0243) (110 -0.0217) (54 -0.0217) (66 -0.0205) (81 -0.0203) (102 -0.0202) (71 0.0202) (103 0.0193) (99 0.0193) (105 0.0192) (124 -0.019) (40 -0.0188) (55 -0.0185) (57 0.0178) (45 -0.017) (131 -0.0168) (84 0.0161) (116 -0.0158) (111 0.0154) (56 -0.0147) (86 0.0132) (107 0.0132) (101 0.012) (82 -0.0111) (41 -0.0111) (95 0.0109) (58 0.0109) (52 0.0109) (32 -0.0108) (120 -0.0107) (31 -0.0106) (77 0.0105) (51 -0.0101) (46 -0.01) 
   0.0037032   (130 0.536) (68 -0.449) (67 0.424) (83 -0.386) (41 0.264) (70 -0.131) (40 0.128) (89 0.104) (85 0.0988) (39 -0.0898) (48 0.0898) (96 0.0852) (38 0.0775) (94 0.068) (57 0.057) (44 0.0566) (69 0.0532) (131 -0.0386) (66 -0.0355) (92 0.0348) (59 0.0319) (71 0.0315) (73 0.0308) (106 -0.0305) (91 -0.0267) (88 0.0246) (87 -0.024) (18 0.0206) (74 0.0206) (51 -0.0205) (42 0.017) (37 0.0165) (47 -0.0162) (101 -0.0147) (32 -0.0146) (79 -0.0143) (110 0.014) (55 0.0138) (97 -0.0128) (127 -0.0124) (95 -0.0124) (13 -0.012) (45 0.0114) (105 -0.0111) (36 -0.0104) (102 0.0101) (100 -0.0101) 
   0.0039144   (130 0.784) (68 0.397) (67 -0.358) (41 -0.208) (70 0.0984) (40 -0.0882) (38 -0.0789) (39 0.0682) (69 -0.0619) (48 -0.0613) (83 -0.0601) (131 -0.057) (59 -0.0453) (57 -0.0428) (44 -0.0397) (66 0.0314) (73 -0.0306) (71 -0.0288) (80 -0.0211) (72 0.0206) (51 0.0181) (37 -0.0165) (74 -0.0157) (18 -0.0156) (32 0.0153) (88 -0.0149) (96 -0.0134) (47 0.012) (36 0.0116) (106 0.0115) (42 -0.0113) (89 -0.0109) (54 0.0105) 
   0.0039576   (98 0.483) (100 0.312) (112 0.28) (106 0.278) (108 0.277) (107 -0.259) (102 -0.224) (99 -0.222) (124 -0.206) (103 -0.193) (125 0.191) (113 0.171) (94 0.128) (110 0.12) (115 -0.116) (123 0.106) (111 -0.0979) (149 -0.0953) (121 0.0716) (92 -0.0679) (89 0.0613) (101 -0.058) (105 0.0569) (104 0.0552) (48 0.0495) (76 -0.0494) (97 0.0478) (96 0.0455) (142 -0.0444) (126 0.0418) (109 0.0389) (118 0.0371) (116 -0.0334) (67 -0.0294) (80 0.0271) (114 0.027) (90 -0.026) (51 -0.0252) (91 -0.0246) (87 0.0232) (69 0.0227) (75 0.0226) (78 0.0221) (122 -0.0213) (83 0.02) (81 -0.0194) (141 0.0192) (73 0.0171) (82 -0.0165) (120 -0.0157) (74 -0.0155) (86 0.013) (117 0.0114) (49 -0.0108) (44 0.0104) (88 0.0103) 
   0.0040705   (142 -0.871) (149 0.416) (141 0.257) (124 -0.0176) (125 0.0161) (98 -0.0133) 
   0.0041523   (48 0.807) (51 -0.338) (44 0.194) (49 -0.166) (67 -0.14) (55 -0.134) (53 -0.115) (47 -0.11) (41 -0.103) (38 -0.099) (40 0.0972) (76 -0.0919) (69 0.0829) (52 0.0825) (57 -0.0794) (50 -0.0791) (56 -0.059) (125 -0.0578) (124 0.0475) (75 0.0459) (106 -0.0423) (73 0.0422) (83 0.0416) (108 -0.041) (54 0.0409) (72 -0.04) (80 0.0395) (46 -0.0373) (22 0.0339) (74 -0.0336) (121 -0.0301) (45 -0.0299) (89 0.0299) (123 -0.0281) (78 0.0271) (19 -0.0266) (39 -0.0257) (65 -0.0247) (112 -0.0246) (13 -0.0232) (18 0.0226) (43 0.0217) (126 -0.0214) (81 -0.0214) (77 0.0212) (102 0.0212) (100 -0.0211) (66 0.0195) (31 0.0193) (21 0.0183) (111 0.0176) (122 0.0168) (149 0.0167) (94 0.0166) (85 0.016) (103 0.0155) (61 -0.0139) (105 -0.0133) (82 -0.0131) (99 -0.0109) (101 0.0108) (113 -0.01) (116 0.01) (68 0.01) 
   0.0041738   (69 0.399) (81 -0.362) (67 -0.327) (44 0.3) (79 0.289) (82 -0.262) (74 -0.222) (68 -0.215) (48 -0.206) (91 0.203) (77 -0.153) (70 -0.138) (75 0.125) (71 -0.117) (111 0.0946) (72 -0.0942) (80 0.0939) (92 -0.0932) (40 0.0758) (85 0.0757) (65 -0.0714) (78 0.0699) (98 -0.0666) (107 0.065) (66 0.061) (105 -0.0608) (100 0.059) (101 0.0538) (83 -0.0494) (43 0.0468) (87 0.0418) (86 0.0403) (39 -0.0394) (73 0.0389) (47 0.0368) (84 0.0345) (57 -0.0326) (38 -0.0321) (54 -0.0318) (155 0.03) (49 0.0296) (51 0.0288) (61 -0.0275) (41 -0.0274) (89 0.0265) (76 0.0264) (96 0.0256) (45 0.0256) (125 0.0252) (112 0.0248) (121 0.0225) (42 0.022) (116 -0.0217) (64 0.0207) (50 0.0201) (59 0.0179) (113 -0.0178) (88 -0.0155) (123 0.0152) (58 0.0119) (56 -0.0111) (108 -0.011) (46 -0.0103) (149 -0.0102) 
   0.0043623   (155 0.999) (44 -0.0344) (48 0.013) (149 -0.0106) 
   0.0046337   (44 0.819) (40 0.24) (48 -0.212) (69 -0.178) (38 -0.173) (67 0.139) (81 0.13) (41 -0.116) (68 0.113) (79 -0.0972) (43 0.0901) (39 -0.0883) (74 0.0879) (82 0.0834) (70 0.0799) (80 -0.0657) (77 0.0622) (71 0.0618) (111 -0.0577) (47 0.0543) (85 -0.0541) (42 0.0513) (83 0.0456) (107 -0.0453) (75 -0.0447) (105 0.0387) (46 -0.0386) (56 -0.0369) (65 0.0363) (55 -0.0357) (96 0.0354) (49 0.0338) (31 0.0335) (94 0.0332) (66 -0.0323) (45 0.0321) (155 0.0306) (13 -0.027) (100 -0.0269) (101 -0.0269) (57 -0.0261) (91 -0.0247) (21 0.0236) (19 -0.0224) (18 0.0218) (125 -0.0205) (92 0.0201) (59 0.0175) (78 0.0163) (104 -0.0157) (121 -0.0148) (95 -0.0146) (76 -0.0144) (72 0.0133) (61 0.0133) (103 -0.0133) (98 0.0131) (87 -0.0128) (90 0.0127) (15 -0.0124) (116 0.0123) (32 0.0117) (89 -0.0117) (37 -0.0116) (22 0.0116) (99 -0.011) (123 -0.011) (112 -0.011) (84 -0.0108) (124 0.0106) 
   0.0048244   (19 0.681) (20 -0.481) (21 0.418) (135 0.329) (18 -0.0996) (22 0.0897) (8 0.0481) (26 -0.0256) (13 0.0189) (23 -0.018) (25 0.0165) (27 0.0146) (28 0.0112) 
   0.0048752   (135 0.944) (19 -0.237) (20 0.167) (21 -0.146) (18 0.0347) (22 -0.0313) (8 -0.0139) 
   0.0050452   (8 -0.999) (19 0.0371) (20 -0.0253) (21 0.0208) 
    0.005333   (4 -1) 
   0.0054757   (23 0.83) (25 0.292) (21 -0.267) (24 0.195) (18 0.176) (26 -0.153) (19 0.142) (14 -0.0933) (27 0.089) (20 -0.0886) (32 0.0595) (22 -0.0526) (28 -0.0515) (11 -0.0447) (38 -0.0421) (31 0.0328) (143 0.0295) (33 -0.021) (45 0.0187) (37 -0.0157) (17 -0.0143) (39 0.014) (30 -0.0137) (13 -0.0135) (36 0.0135) (76 0.0119) (34 -0.0109) 
   0.0057605   (143 1) (23 -0.0245) (145 0.0103) 
   0.0059356   (10 -0.938) (28 0.333) (27 -0.0643) (26 0.0505) (23 0.0202) (31 0.0156) (21 -0.0148) (32 0.0134) (30 -0.0127) (38 -0.0114) (29 0.0107) 
   0.0061205   (137 -0.958) (28 0.257) (10 0.102) (27 -0.0498) (26 0.0387) (23 0.0174) (21 -0.0123) (18 0.0111) (30 -0.0107) (31 0.0101) 
   0.0064308   (28 -0.866) (10 -0.33) (137 -0.286) (27 0.168) (26 -0.13) (23 -0.0588) (21 0.0414) (18 -0.0374) (30 0.0361) (31 -0.0341) (32 -0.0299) (14 0.0252) (29 -0.0239) (38 0.0231) (19 -0.0185) (34 0.0159) (11 0.0145) (25 -0.0108) (36 -0.0108) 
    0.006503   (13 0.899) (40 -0.224) (39 0.173) (44 0.169) (14 -0.162) (38 0.138) (18 0.0883) (12 0.06) (48 0.0569) (19 -0.0569) (16 0.0509) (21 0.0481) (55 0.0455) (41 0.0432) (57 0.0366) (42 0.0302) (56 0.0297) (15 0.0294) (45 0.0269) (83 -0.0252) (46 0.025) (96 -0.0244) (59 -0.0232) (43 -0.0218) (31 -0.0209) (20 -0.0187) (72 0.0178) (89 -0.0177) (80 -0.0149) (22 0.0145) (94 -0.0137) (47 -0.0129) (73 -0.0122) (61 -0.0118) (65 0.0118) (70 -0.0115) (26 -0.0112) 
    0.006861   (139 -0.997) (40 -0.0488) (13 -0.0348) (39 0.0329) (38 0.0295) (44 0.0282) 
   0.0080276   (40 0.599) (39 -0.405) (38 -0.362) (13 0.356) (44 -0.35) (41 -0.118) (48 -0.0992) (139 -0.0832) (18 0.0806) (55 -0.0801) (31 0.0778) (42 -0.0694) (21 0.0654) (19 -0.0618) (45 -0.0603) (57 -0.0584) (14 -0.0566) (46 -0.0565) (43 0.0561) (56 -0.0539) (59 0.0421) (83 0.0381) (96 0.0356) (72 -0.0319) (16 0.0277) (65 -0.025) (60 0.0213) (20 -0.0208) (61 0.0207) (47 0.0197) (94 0.0195) (37 -0.0192) (78 -0.0192) (73 0.0192) (89 0.0191) (15 0.0184) (79 -0.0178) (25 0.0161) (36 0.0155) (70 0.0154) (75 0.0145) (12 0.0141) (52 0.014) (98 -0.0129) (33 -0.0126) (81 -0.0121) (80 0.0118) (84 0.0111) (62 -0.011) (68 0.0109) (71 -0.0104) (30 -0.0102) 
   0.0084785   (12 0.951) (31 -0.247) (33 0.138) (32 0.0895) (13 -0.0584) (39 -0.036) (38 -0.0247) (29 -0.0206) (138 -0.0195) (63 0.0184) (26 -0.0155) (64 -0.0144) (40 0.0127) (28 0.0115) (22 0.0104) (23 0.0101) 
   0.0090994   (138 -0.966) (31 -0.199) (33 0.104) (12 -0.0951) (32 0.0691) (39 -0.0291) (26 -0.016) (38 -0.0148) (29 -0.0137) (18 -0.0124) (13 0.0107) 

 Largest eigenvalues
      19.362   (164 -0.975) 
      7.2336   (76 0.733) (94 -0.348) 
      7.0059   (76 -0.378) (94 -0.695) (96 0.402) 
      3.1074   (94 0.405) (96 0.685) 
      1.2286   (98 0.298) (124 0.423) (125 -0.597) 
      1.2205   (142 0.377) (149 0.894) 
      1.1828   (163 -0.993) 
      1.1527   (165 0.994) 
      1.1485   (91 0.347) (92 0.76) (102 0.371) 
      1.1143   (92 0.32) (102 -0.419) (109 -0.767) 
      1.1142   (102 -0.608) (109 0.491) (114 0.31) (116 0.313) 
     0.99726   (102 -0.362) (114 -0.344) (116 -0.495) (117 -0.473) 
     0.98112   (99 0.632) (100 0.345) (101 -0.553) 
     0.94008   (105 0.556) (107 0.509) 
     0.91943   (113 0.432) (114 0.574) 
     0.75052   (114 -0.478) (117 0.574) 
     0.68065   (108 0.424) (110 0.612) (112 -0.398) 
      0.6648   (107 -0.321) (108 -0.492) (112 -0.499) 
     0.66254   (115 0.544) (123 0.414) (125 -0.434) 
     0.60456   (115 -0.742) (123 0.303) 
     0.58907   (108 0.574) (110 -0.495) (112 -0.307) (113 -0.334) 
     0.58834   (106 0.74) (108 -0.337) 
     0.58635   (122 0.384) (126 0.375) (127 -0.325) (128 0.592) 
     0.55373   (126 -0.812) (128 0.399) 
     0.54521   (122 -0.744) (126 0.37) 
     0.53607   (117 0.288) (118 0.499) (120 0.675) 
     0.53579   (121 -0.512) (123 0.532) (127 0.489) 
     0.42205   (119 0.313) (120 -0.414) (121 0.486) (127 0.297) (133 0.319) 
     0.41838   (118 -0.496) (119 -0.485) (133 0.339) 
     0.40669   (88 0.209) (90 0.935) 
     0.40157   (121 -0.398) (127 -0.474) (133 0.454) 
     0.32034   (97 0.918) 
     0.30764   (98 0.297) (104 -0.612) (105 -0.343) (107 0.44) 
     0.26529   (103 0.814) (105 0.236) 
     0.24861   (100 0.388) (101 0.322) (113 0.31) (124 0.354) 
     0.24202   (80 -0.278) (85 0.67) (100 -0.268) (103 -0.216) (124 0.249) 
     0.23029   (80 0.433) (85 -0.304) (100 -0.516) 
     0.21244   (78 0.357) (80 -0.573) (85 -0.509) 
     0.16446   (100 0.285) (105 -0.22) (111 0.62) (112 0.259) 
     0.14502   (89 0.568) (91 -0.422) (96 -0.328) 
     0.13439   (89 -0.432) (95 -0.505) (104 -0.323) (105 0.288) 
     0.12542   (87 -0.37) (91 0.581) (92 -0.313) 
     0.11979   (87 0.689) (88 0.372) (89 0.29) (95 0.36) 
     0.11182   (86 -0.645) (89 -0.301) (91 -0.348) (95 0.371) 
      0.1097   (67 -0.292) (69 0.313) (81 0.348) (82 0.525) 
     0.10003   (67 0.288) (74 -0.263) (79 0.298) (84 -0.241) (86 0.273) (95 0.275) 
    0.094861   (58 0.246) (61 -0.369) (65 -0.396) (69 -0.235) (74 0.278) (86 0.246) 
    0.094297   (58 -0.597) (61 0.4) 
    0.091508   (58 0.624) (65 0.375) 
    0.088764   (58 -0.335) (61 -0.375) (74 -0.283) (95 -0.296) (104 0.257) (105 -0.234) 
    0.087163   (61 0.559) (65 -0.296) 
    0.082012   (61 -0.391) (64 -0.298) (65 0.441) (79 0.259) (82 0.272) 
    0.077676   (63 0.488) (64 0.5) 
    0.073073   (60 0.546) (62 -0.328) (65 -0.346) 
    0.067731   (60 -0.689) (65 -0.247) 
    0.066276   (60 0.29) (69 -0.248) (74 -0.227) (79 -0.236) (111 0.228) (116 0.364) (117 -0.212) 
    0.063677   (66 -0.3) (71 0.306) (77 -0.361) 
    0.058425   (62 0.573) (66 0.359) 
    0.056156   (62 -0.564) (71 -0.364) 
    0.055238   (62 0.314) (66 -0.606) 
    0.053227   (63 0.288) (66 0.277) (71 0.401) (81 -0.308) (82 0.233) 
    0.052853   (63 -0.452) (64 0.413) (74 0.28) (77 -0.269) 
    0.049997   (63 0.457) (64 -0.432) (66 -0.316) (71 -0.301) 
    0.046037   (74 -0.249) (81 0.3) (82 -0.283) (84 -0.409) (119 0.263) 
    0.041351   (31 -0.417) (33 -0.791) 
    0.041063   (33 0.388) (39 0.678) (40 0.488) 
     0.03986   (75 0.391) (84 0.256) (88 0.234) (118 -0.272) (119 0.369) 
    0.039072   (52 -0.471) (53 0.296) (75 -0.305) 
    0.034541   (52 0.443) (75 -0.465) (77 -0.287) 
     0.03362   (30 -0.775) (36 0.448) 
    0.030419   (30 0.551) (36 0.554) 
    0.030317   (35 -0.403) (36 -0.387) (88 -0.439) 
    0.029446   (35 0.819) (36 -0.245) (88 -0.24) 
    0.026898   (35 -0.314) (36 0.284) (45 -0.324) (54 -0.259) (56 0.408) (88 -0.248) 
    0.026157   (131 -0.885) 
     0.02453   (129 -0.578) (157 -0.806) 
    0.021904   (129 -0.577) (157 0.292) (162 -0.763) 
    0.021397   (129 -0.577) (157 0.515) (162 0.634) 
    0.020283   (22 0.956) 
    0.018189   (141 0.95) (142 0.3) 
