 1 53735.8
 2 656.902
 3 28.3666
 4 176274
 5 523.549
 6 363.138
 7 506398
 8 40.3974
 9 14819.3
 10 2491.99
 11 4.09465
 12 1688.71
 13 289561
 14 3978.14
 15 0.848923
 16 334405
 17 3694.02
 18 9.03523
 19 120648
 20 2152.15
 21 405.952
 22 163110
 23 3305.97
 24 167.816
 25 262.412
 26 322.816
 27 21.5635
 28 2798.48
 29 251.373
 30 315.1
 31 518.537
 32 68.2098
 33 1068.19
 34 220.106
 35 157.298
 36 424.826
 37 1527.3
 38 2975.18
 39 7.86503
 40 977.466
 41 4303.6
 42 2.08674
 43 682.865
 44 1479.84
 45 28.6911
 46 8920.73
 47 1016.82
 48 1601.36
 49 1863.35
 50 196.061
 51 345.377
 52 210.337
 53 2914.13
 54 308.181
 55 220.349
 56 312.729
 57 970.419
 58 90.5739
 59 147.278
 60 190.376
 61 22.4808
 62 1.78002
 63 490.863
 64 312.432
 65 1.69572
 66 499.908
 67 3406.29
 68 215.591
 69 145044
 70 172692
 71 2254.65
 72 279.467
 73 17232.7
 74 24.87
 75 15209.1
 76 8347.54
 77 6.17225
 78 1924.25
 79 8600.43
 80 68.9732
 81 2742.08
 82 1579.74
 83 282.837
 84 2.91582
 85 137.982
 86 2.82858
 87 5027.94
 88 1.71249
 89 1.63959
 90 1.90801
 91 9.86722
 92 484.526
 93 1476.89
 94 1080.67
 95 1994.68
 96 2148.15
 97 327.681
 98 303.797
 99 127.915
 100 910.141
 101 1493.14
 102 124.298
 103 154.199
 104 134.332
 105 132.241
 106 161.134
 107 165.519
 108 169.74
 109 125.28
 110 97.4417
 111 180.608
 112 205.344
 113 190.095
 114 173.107
 115 179.077
 116 143.354
 117 171.536
 118 192.475
 119 150.51
 120 85.8366
 121 122.794
 122 48.2596
 123 64.1023
 124 37.1427
 125 29.6559
 126 52.2796
 127 27.0918
 128 90.1553
 129 67.1346
 130 61.0891
 131 20.379
 132 21.0174
 133 22.5769
 134 36.3421
 135 8.77837
 136 46.4114
 137 9.93555
 138 9.22344
 139 9.26814
 140 10.9617
 141 11.5069
 142 8.89883
 143 9.52156
 144 15.2864
 145 15.2875
 146 12.7522
 147 10.4421
 148 30.183
 149 16.5472
 150 12.1103
 151 14.0204
 152 23.8053
 153 21.3206
 154 13.5806
 155 20.1948
 156 24.2721
 157 46.9217
 158 0.215409
 159 0.124543
 160 0.413909
 161 26.5969
 162 24.3589
 163 1416.19
 164 3054.07
 165 13.8381
