 1 1000
 2 504.521
 3 21.9734
 4 1000
 5 408.235
 6 283.209
 7 999.832
 8 3.5011
 9 991.764
 10 888.472
 11 2.34493
 12 788.198
 13 1000
 14 997.905
 15 0.825159
 16 1000
 17 996.88
 18 3.07462
 19 1000
 20 838.392
 21 158.779
 22 1000
 23 950.374
 24 48.9819
 25 241.425
 26 252.661
 27 17.0057
 28 985.856
 29 197.007
 30 248.236
 31 491.109
 32 53.5024
 33 833.729
 34 213.345
 35 138.877
 36 373.107
 37 988.923
 38 997.594
 39 3.70822
 40 607.54
 41 969.844
 42 1.76198
 43 497.029
 44 862.233
 45 17.1451
 46 998.146
 47 356.575
 48 645.111
 49 942.364
 50 193.2
 51 283.762
 52 173.277
 53 952.872
 54 274.465
 55 163.057
 56 226.583
 57 891.745
 58 89.4232
 59 140.377
 60 180.304
 61 22.1182
 62 1.77755
 63 465.231
 64 309.897
 65 1.68564
 66 490.121
 67 940.101
 68 61.9793
 69 999.932
 70 1000
 71 888.402
 72 111.377
 73 999.592
 74 3.08492
 75 998.037
 76 984.139
 77 3.54101
 78 887.691
 79 999.095
 80 22.3876
 81 975.761
 82 990.223
 83 257.644
 84 2.78196
 85 107.757
 86 2.53195
 87 989.45
 88 1.71226
 89 1.63958
 90 1.90775
 91 8.93688
 92 413.772
 93 814.812
 94 602
 95 879.285
 96 940.759
 97 311.574
 98 290.436
 99 126.543
 100 765.518
 101 938.325
 102 120.051
 103 151.306
 104 133.075
 105 131.39
 106 160.497
 107 164.786
 108 168.821
 109 124.266
 110 95.5694
 111 179.429
 112 204.419
 113 189.407
 114 172.659
 115 178.58
 116 142.486
 117 170.977
 118 192.135
 119 149.926
 120 84.6228
 121 122.15
 122 47.7416
 123 62.0291
 124 36.6163
 125 28.8928
 126 51.8586
 127 25.7218
 128 87.6071
 129 65.9701
 130 60.1675
 131 20.0399
 132 20.751
 133 22.2168
 134 35.3475
 135 8.50904
 136 45.9548
 137 9.57236
 138 8.92069
 139 8.98102
 140 10.3694
 141 10.7841
 142 8.46865
 143 9.05529
 144 14.805
 145 14.9942
 146 12.4104
 147 9.89438
 148 28.9253
 149 15.8528
 150 11.8098
 151 13.7012
 152 23.3289
 153 20.3352
 154 13.1865
 155 19.8353
 156 24.0414
 157 46.6593
 158 0.176069
 159 0.119387
 160 0.36827
 161 21.7565
 162 22.4126
 163 329.158
 164 803.718
 165 7.50826
