 1 31.6228
 2 21.8797
 3 1.90417
 4 31.6228
 5 15.9587
 6 11.4287
 7 31.6193
 8 1.01971
 9 31.4253
 10 29.6543
 11 0.983956
 12 27.8508
 13 31.6228
 14 31.5828
 15 0.904347
 16 31.6228
 17 31.5365
 18 1.00349
 19 31.6228
 20 26.7293
 21 5.95969
 22 31.6228
 23 30.1197
 24 2.51759
 25 15.1521
 26 14.9127
 27 1.93178
 28 31.3459
 29 9.86685
 30 12.1473
 31 21.6708
 32 2.72971
 33 27.7329
 34 14.3969
 35 6.92027
 36 16.6835
 37 31.4256
 38 31.5553
 39 1.38552
 40 24.3765
 41 31.0755
 42 1.29384
 43 21.7181
 44 28.7867
 45 1.89078
 46 31.5731
 47 12.3543
 48 21.0082
 49 30.4767
 50 13.4086
 51 14.1442
 52 9.16356
 53 30.6795
 54 16.3556
 55 9.1572
 56 11.9365
 57 29.2673
 58 8.84397
 59 8.87326
 60 10.4973
 61 4.40006
 62 1.32522
 63 21.2355
 64 16.2849
 65 0.969235
 66 21.147
 67 29.8169
 68 3.31661
 69 31.6209
 70 31.6228
 71 28.283
 72 4.85928
 73 31.6138
 74 1.35709
 75 31.5685
 76 31.353
 77 1.38094
 78 29.7036
 79 31.6021
 80 2.04723
 81 30.9288
 82 31.4158
 83 15.5329
 84 1.39576
 85 10.1372
 86 1.41649
 87 31.3793
 88 1.09721
 89 1.04237
 90 1.24537
 91 2.45514
 92 18.2071
 93 26.9393
 94 22.2922
 95 28.847
 96 30.2426
 97 16.3153
 98 15.3768
 99 9.02211
 100 26.8776
 101 30.3217
 102 9.92732
 103 11.6256
 104 10.7713
 105 10.8066
 106 12.2511
 107 12.3383
 108 12.4458
 109 10.2905
 110 8.32052
 111 12.7042
 112 13.9621
 113 13.3553
 114 12.5812
 115 12.5939
 116 10.8001
 117 12.2277
 118 13.1919
 119 11.5092
 120 8.48799
 121 10.6728
 122 6.69986
 123 7.70621
 124 5.51637
 125 5.1168
 126 6.89839
 127 4.50652
 128 8.80326
 129 7.30129
 130 7.18293
 131 4.10178
 132 4.44526
 133 4.57529
 134 5.8465
 135 2.65722
 136 6.70315
 137 2.87291
 138 2.81825
 139 2.82771
 140 3.06401
 141 3.01937
 142 2.6633
 143 2.78669
 144 3.69191
 145 3.75253
 146 3.36609
 147 2.89212
 148 5.18054
 149 3.80347
 150 3.25094
 151 3.5026
 152 4.71829
 153 4.38855
 154 3.50953
 155 4.36895
 156 4.81547
 157 6.76581
 158 0.163414
 159 0.266605
 160 0.27148
 161 3.73291
 162 4.20951
 163 15.9661
 164 27.2287
 165 0.56825
