 Smallest eigenvalues
  1.9264e-06   (9 1) 
  2.9904e-06   (48 -0.633) (49 -0.456) (51 0.387) (42 -0.208) (154 -0.199) (52 -0.19) (53 0.138) (55 -0.127) (43 0.127) (78 0.122) (14 0.112) (46 0.0794) (34 0.0656) (47 -0.0605) (11 0.0591) (56 0.0535) (62 -0.0532) (54 0.0506) (25 -0.0412) (45 0.0397) (44 -0.0374) (38 0.0365) (40 0.0344) (24 0.032) (71 -0.0283) (61 0.0269) (36 0.0243) (60 -0.0239) (13 0.0236) (68 0.0225) (17 -0.0203) (79 -0.019) (73 -0.0185) (29 -0.0171) (30 -0.0169) (39 0.0164) (57 0.0162) (66 0.0153) (84 0.0145) (76 -0.0144) (72 0.014) (37 -0.0133) (80 0.0129) (88 0.0129) (31 0.0125) (35 -0.0121) (50 0.0118) (21 0.0104) 
  3.4535e-06   (154 -0.98) (48 0.129) (49 0.0928) (51 -0.0787) (42 0.0425) (52 0.0387) (53 -0.0281) (43 -0.0259) (55 0.0259) (78 -0.0244) (14 -0.023) (46 -0.0162) (34 -0.0134) (47 0.0123) (11 -0.0121) (56 -0.0109) (62 0.0108) (54 -0.0103) 
   5.673e-06   (4 1) 
  5.7906e-06   (148 0.64) (44 0.492) (47 0.291) (42 -0.274) (43 0.245) (45 0.205) (46 -0.189) (48 0.121) (14 0.0958) (78 0.0702) (34 0.0697) (11 0.0506) (51 -0.043) (25 -0.0417) (40 0.0393) (24 0.0355) (38 0.0325) (36 0.03) (53 -0.0264) (52 -0.0251) (37 -0.0245) (56 0.0239) (13 0.0202) (77 -0.0192) (17 -0.018) (71 -0.0174) (54 0.0166) (26 0.016) (28 0.0153) (60 -0.0151) (62 -0.0142) (55 -0.012) (16 -0.0112) (27 -0.0111) (73 -0.0109) (49 -0.0107) 
  6.1308e-06   (148 0.769) (44 -0.41) (47 -0.242) (42 0.228) (43 -0.204) (45 -0.17) (46 0.157) (48 -0.1) (14 -0.0797) (78 -0.0583) (34 -0.058) (11 -0.0421) (51 0.0358) (25 0.0347) (40 -0.0327) (24 -0.0295) (38 -0.027) (36 -0.025) (53 0.0219) (52 0.0209) (37 0.0204) (56 -0.0199) (13 -0.0168) (77 0.016) (17 0.015) (71 0.0145) (54 -0.0138) (26 -0.0133) (28 -0.0127) (60 0.0125) (62 0.0118) (55 0.01) 
  6.8914e-06   (1 -0.988) (29 -0.11) (34 -0.0536) (30 0.0533) (31 0.0522) (25 -0.0307) (28 0.0256) (24 0.0234) (27 -0.019) (33 0.0146) (26 0.014) (14 0.0139) (36 -0.0124) (42 0.0121) (37 0.0116) 
  8.2886e-06   (155 -0.999) (29 -0.0348) (30 0.0169) (34 -0.0167) (31 0.0164) (25 -0.0101) 
   1.861e-05   (29 0.676) (30 -0.329) (34 0.326) (31 -0.32) (25 0.196) (14 -0.184) (24 -0.159) (28 -0.158) (1 -0.155) (27 0.114) (11 -0.102) (33 -0.0903) (26 -0.0894) (37 -0.0739) (36 0.0727) (42 -0.0712) (35 -0.0603) (155 -0.0513) (20 0.0501) (78 -0.0491) (21 -0.0393) (13 -0.0387) (16 0.0372) (32 0.0353) (39 0.0303) (17 0.0293) (48 -0.028) (46 -0.0228) (43 0.0189) (22 0.0189) (79 0.016) (54 -0.0145) (51 0.0137) (77 0.0137) (38 0.0134) (71 0.0131) (56 -0.0131) (50 -0.0127) (60 0.0126) (53 0.0124) (12 -0.011) (44 0.011) (19 -0.0109) (75 -0.0104) (40 0.0102) 
  3.5752e-05   (19 -0.568) (20 0.531) (46 -0.385) (44 -0.275) (42 -0.228) (45 -0.156) (43 0.133) (22 -0.119) (27 -0.0901) (47 -0.0851) (16 -0.0848) (48 0.0843) (17 -0.0788) (29 -0.064) (14 0.0585) (78 0.0535) (21 -0.0529) (28 -0.0461) (39 0.0308) (32 -0.0305) (15 -0.0297) (37 0.0294) (11 0.0279) (50 0.0271) (53 -0.0244) (74 -0.0238) (34 0.0224) (18 0.0207) (72 0.0196) (35 -0.0191) (24 -0.0182) (68 0.0178) (30 -0.0178) (13 0.0176) (38 0.0168) (63 -0.0158) (40 0.0154) (67 -0.015) (56 0.0122) (33 -0.0122) (61 0.012) (71 -0.0117) (54 0.0105) (60 -0.0104) 
  9.9074e-05   (158 -0.999) (46 -0.0219) (19 0.0178) (20 -0.0175) (44 -0.016) (42 -0.0136) 
  0.00010529   (46 0.516) (19 -0.402) (20 0.397) (44 0.375) (42 0.321) (45 0.225) (48 -0.15) (47 0.136) (43 -0.121) (22 -0.0848) (78 -0.0821) (14 -0.0786) (34 -0.0716) (25 0.0684) (24 -0.0669) (21 -0.0525) (11 -0.0437) (158 -0.043) (16 -0.0396) (17 -0.0374) (28 -0.0371) (29 -0.0361) (41 -0.036) (40 -0.0353) (36 -0.0351) (37 0.0351) (26 -0.034) (32 -0.0312) (38 -0.031) (56 -0.0305) (50 -0.0293) (54 -0.0271) (62 0.0262) (77 0.0222) (33 0.0219) (74 0.0215) (15 -0.0198) (68 -0.0193) (53 0.0192) (72 -0.0191) (71 0.0189) (51 0.0171) (30 -0.0159) (67 0.0154) (35 -0.0149) (27 -0.0148) (18 0.0145) (81 0.0135) (61 -0.0131) (66 -0.0131) (13 -0.013) (80 -0.0126) (63 0.0119) (76 -0.0119) (60 0.0102) (57 0.0101) (65 0.01) 
  0.00010742   (3 -1) 
  0.00011423   (22 0.578) (20 0.365) (14 0.335) (25 0.292) (24 -0.275) (21 0.273) (19 0.253) (17 -0.201) (11 0.161) (23 -0.123) (34 -0.102) (30 0.077) (13 0.0698) (16 0.0574) (32 0.0416) (43 -0.0415) (42 0.0397) (38 -0.0395) (28 -0.0317) (36 -0.0312) (31 -0.031) (18 -0.0287) (46 -0.0258) (47 0.0249) (29 0.0232) (26 -0.0229) (15 0.0222) (40 -0.0213) (78 0.0176) (57 0.0126) (12 0.0118) (45 -0.0114) (52 -0.0109) (37 0.0103) 
   0.0001953   (159 1) 
  0.00021401   (2 -1) 
  0.00024236   (21 -0.877) (14 0.262) (25 0.198) (24 -0.188) (17 -0.181) (11 0.126) (19 0.102) (34 -0.0709) (20 -0.0632) (13 0.054) (22 -0.0531) (23 0.0519) (157 0.0469) (30 0.0383) (26 -0.0341) (31 -0.0299) (42 0.0282) (16 -0.0229) (36 -0.0201) (47 0.017) (38 -0.0168) (28 -0.0164) (27 -0.0157) (78 0.0157) (40 -0.0139) (43 -0.0104) (44 -0.0103) 
  0.00028102   (157 0.999) (21 0.0412) (14 -0.0123) 
  0.00028415   (8 -1) 
    0.000304   (28 -0.709) (150 -0.398) (26 -0.316) (27 0.286) (25 -0.234) (14 0.148) (34 -0.144) (24 0.13) (32 -0.107) (11 0.0771) (17 -0.0529) (31 -0.0502) (20 -0.0494) (37 0.0472) (36 -0.0462) (51 0.0452) (35 0.045) (48 0.042) (16 -0.0404) (13 0.0315) (21 0.0289) (42 0.0287) (78 0.0214) (29 -0.0169) (75 -0.0158) (49 0.0156) (19 -0.0152) (15 -0.0145) (43 -0.013) (12 0.0125) (47 -0.012) (44 0.0115) (53 0.0101) 
  0.00031358   (150 -0.917) (28 0.308) (26 0.137) (27 -0.124) (25 0.101) (14 -0.0642) (34 0.0626) (24 -0.0566) (32 0.0466) (11 -0.0335) (17 0.023) (31 0.0218) (20 0.0214) (37 -0.0204) (36 0.02) (51 -0.0196) (35 -0.0195) (48 -0.0182) (16 0.0175) (13 -0.0136) (21 -0.0125) (42 -0.0124) 
  0.00032345   (6 -1) 
  0.00033142   (22 -0.592) (25 0.424) (21 0.323) (24 -0.294) (20 -0.259) (14 0.229) (153 -0.219) (23 -0.219) (17 -0.144) (11 0.109) (34 -0.0781) (32 -0.0751) (16 -0.0647) (19 -0.0602) (28 -0.0526) (13 0.0493) (15 -0.0269) (31 -0.0237) (78 0.0236) (42 0.0222) (48 0.0221) (37 0.0219) (39 0.0207) (35 0.0197) (36 -0.0179) (29 -0.0177) (12 0.0171) (27 -0.0155) (73 -0.0154) (51 0.0121) (56 0.011) (33 0.0104) 
  0.00034866   (153 -0.976) (22 0.133) (25 -0.0953) (21 -0.0725) (24 0.0659) (20 0.0581) (14 -0.0515) (23 0.0492) (17 0.0323) (11 -0.0246) (34 0.0175) (32 0.0169) (16 0.0145) (19 0.0135) (28 0.0118) (13 -0.0111) 
  0.00035891   (73 -0.613) (57 -0.474) (71 -0.259) (62 0.225) (66 -0.224) (70 0.218) (74 -0.18) (52 0.155) (60 0.155) (78 -0.146) (43 0.115) (46 0.0845) (56 0.0766) (47 -0.0745) (61 -0.0676) (54 0.0647) (32 -0.0601) (42 -0.0592) (69 -0.0558) (79 0.0499) (72 0.0484) (51 0.0477) (77 0.0465) (65 -0.046) (16 0.0438) (68 -0.041) (38 0.0393) (50 0.0369) (20 0.0366) (19 0.0347) (40 0.0278) (41 0.022) (29 -0.0219) (48 0.0208) (45 0.0205) (59 0.0202) (88 0.0197) (89 -0.0192) (30 -0.0188) (123 -0.0187) (75 -0.0182) (122 -0.018) (119 -0.0172) (109 0.0162) (100 0.016) (84 0.0158) (126 0.0156) (104 0.0151) (15 0.015) (34 0.0148) (37 -0.0131) (64 0.0131) (25 0.0128) (63 0.0125) (80 -0.0118) (67 0.0118) (152 -0.0118) (99 -0.0115) (14 0.0104) (125 -0.0104) (91 -0.0104) (106 -0.0102) (33 0.0102) (127 0.0101) 
  0.00040475   (73 0.657) (57 -0.406) (66 -0.28) (62 0.242) (152 -0.239) (74 0.151) (43 0.147) (70 0.138) (52 0.133) (47 -0.126) (46 0.108) (68 -0.0942) (49 0.0881) (42 -0.085) (60 0.0842) (56 0.0774) (72 -0.0721) (71 0.072) (14 0.0648) (61 -0.063) (32 -0.0624) (65 -0.055) (39 0.0511) (34 0.0489) (38 0.0485) (55 0.0476) (16 0.0469) (53 -0.0461) (51 0.0413) (19 0.0402) (48 -0.0378) (45 0.0364) (59 0.0357) (120 0.0353) (11 0.0347) (40 0.0343) (54 0.0318) (29 -0.0315) (41 0.0306) (79 -0.0288) (30 -0.0288) (20 0.0264) (84 0.0224) (67 0.0217) (121 -0.0185) (125 -0.0181) (31 0.0174) (78 0.0171) (89 -0.0166) (36 0.0165) (37 -0.0165) (127 0.0163) (119 -0.0161) (15 0.0152) (22 -0.015) (122 0.0148) (88 0.0139) (117 -0.0135) (64 0.013) (137 -0.0127) (131 -0.0126) (63 0.0126) (13 0.0126) (23 0.0121) (99 -0.0115) (126 -0.0105) 
  0.00041942   (152 -0.971) (73 -0.154) (57 0.106) (66 0.0716) (62 -0.0622) (43 -0.0382) (70 -0.0363) (74 -0.0351) (52 -0.0351) (47 0.0322) (46 -0.0281) (68 0.0236) (60 -0.0227) (42 0.022) (49 -0.0218) (56 -0.0201) (72 0.0171) (32 0.0164) (61 0.0163) (14 -0.0163) (71 -0.0147) (65 0.0141) (39 -0.0128) (38 -0.0126) (34 -0.0124) (16 -0.0123) (55 -0.0118) (53 0.0115) (51 -0.0109) (19 -0.0105) 
   0.0004449   (24 0.793) (25 0.578) (54 -0.0895) (52 0.0688) (23 -0.0673) (53 -0.05) (56 -0.0454) (22 0.0402) (14 0.0376) (57 0.0354) (55 -0.0322) (21 -0.0321) (20 0.0312) (47 -0.0309) (49 0.0291) (11 0.0261) (46 0.025) (28 -0.0242) (30 -0.0226) (43 0.0217) (39 0.0207) (16 -0.0189) (51 0.0167) (27 0.0165) (78 0.0157) (26 -0.0153) (48 -0.0149) (32 -0.0131) (19 0.0107) 
   0.0004866   (147 0.747) (54 -0.379) (52 0.316) (56 -0.205) (53 -0.186) (57 0.131) (55 -0.131) (43 0.12) (47 -0.109) (49 0.089) (51 0.0843) (46 0.083) (24 -0.0767) (25 -0.0739) (42 -0.0736) (48 -0.0582) (14 0.049) (34 0.0402) (60 -0.0376) (73 -0.0374) (32 -0.0339) (62 -0.0317) (45 0.0306) (38 0.0295) (78 0.0292) (40 0.0252) (50 -0.025) (11 0.0249) (16 0.0239) (39 0.0216) (71 -0.0203) (29 -0.0201) (19 0.0187) (23 0.0174) (41 0.0158) (36 0.0152) (66 0.0132) (37 -0.0132) (61 0.0113) (30 -0.0104) (13 0.0102) (120 0.0101) 
  0.00049181   (147 0.664) (54 0.427) (52 -0.356) (56 0.231) (53 0.21) (57 -0.147) (55 0.147) (43 -0.135) (47 0.123) (49 -0.1) (51 -0.0949) (46 -0.0935) (42 0.0828) (24 0.0821) (25 0.0801) (48 0.0656) (14 -0.0553) (34 -0.0453) (60 0.0423) (73 0.0421) (32 0.0383) (62 0.0357) (45 -0.0344) (38 -0.0332) (78 -0.0328) (40 -0.0283) (50 0.0282) (11 -0.0282) (16 -0.0268) (39 -0.0244) (71 0.0229) (29 0.0226) (19 -0.021) (23 -0.0192) (41 -0.0178) (36 -0.0172) (66 -0.0148) (37 0.0148) (61 -0.0127) (30 0.0118) (13 -0.0115) (120 -0.0112) 
  0.00049934   (55 0.656) (53 0.489) (39 -0.379) (52 0.295) (57 0.167) (43 0.133) (40 0.103) (42 -0.0986) (47 -0.0748) (54 -0.0685) (49 0.0551) (46 0.0542) (60 -0.0499) (48 -0.048) (78 0.0454) (56 0.0446) (51 0.0395) (34 -0.0378) (71 -0.0309) (45 0.0305) (36 -0.0209) (151 -0.0179) (50 -0.0168) (20 0.0164) (25 0.0156) (70 0.0148) (73 -0.0145) (69 -0.0132) (62 -0.0125) (77 -0.0112) 
  0.00052674   (151 -0.971) (39 0.209) (55 0.0608) (40 -0.0429) (53 0.0425) (34 0.0381) (52 0.0297) (14 0.0212) (42 0.0191) (37 -0.017) (57 0.0168) (32 -0.0159) (36 0.0158) (43 -0.0151) (38 0.0151) (25 -0.0143) (78 0.0119) (49 -0.0118) (48 0.0113) (11 0.0106) (29 -0.0105) 
  0.00055589   (39 -0.822) (55 -0.297) (151 -0.238) (53 -0.21) (40 0.167) (34 -0.152) (52 -0.143) (14 -0.0858) (57 -0.0808) (42 -0.0703) (37 0.0685) (32 0.0653) (36 -0.0627) (38 -0.0611) (25 0.0569) (78 -0.0518) (43 0.0514) (49 0.0442) (11 -0.0432) (48 -0.0426) (29 0.0425) (73 0.0391) (56 -0.0319) (23 -0.0317) (51 -0.0307) (35 0.0294) (60 0.0281) (24 -0.0267) (47 -0.0259) (71 0.0246) (19 -0.0234) (16 -0.0224) (50 -0.0203) (13 -0.0178) (31 -0.0164) (28 -0.0153) (62 0.0144) (66 -0.0137) (41 -0.0134) (79 0.0133) (27 0.0132) (77 0.0132) (45 0.0126) (54 0.0119) (26 -0.011) (68 -0.0105) (69 0.0104) 
  0.00058803   (70 -0.733) (71 0.533) (57 -0.271) (52 0.144) (73 -0.143) (49 -0.122) (48 0.0764) (51 0.0715) (69 0.0708) (60 0.0668) (50 0.0556) (43 0.0498) (74 -0.0486) (62 0.047) (68 0.0419) (46 0.0357) (32 -0.0321) (55 0.0317) (149 0.0316) (84 0.0299) (75 -0.0299) (76 0.0252) (20 0.0249) (16 0.0242) (61 -0.0231) (38 0.0225) (56 0.0215) (42 -0.0214) (65 -0.0204) (40 0.0198) (125 -0.019) (88 0.0189) (72 0.0181) (19 0.018) (39 -0.0167) (123 -0.0165) (77 0.0149) (127 0.0146) (79 -0.0129) (66 -0.0126) (29 -0.0123) (100 0.0121) (126 0.012) (41 0.0119) (89 -0.0119) (97 -0.0117) (104 0.0115) (119 -0.0111) 
  0.00059601   (149 0.855) (49 0.355) (48 -0.18) (52 -0.142) (51 -0.124) (47 -0.122) (50 -0.115) (54 0.0925) (43 0.0906) (42 -0.065) (70 -0.06) (73 -0.0589) (39 0.0501) (46 0.0492) (53 0.0436) (45 0.0422) (14 0.0363) (78 0.0319) (34 0.0286) (62 -0.0246) (32 -0.0242) (66 0.0241) (55 -0.0233) (11 0.0183) (38 0.0182) (57 0.0181) (29 -0.017) (68 0.0163) (16 0.016) (71 0.0159) (19 0.0145) (23 0.0129) (79 -0.0128) (25 -0.0123) (40 0.0113) (72 0.0108) (37 -0.0106) (41 0.0106) 
   0.0006292   (49 -0.58) (149 0.517) (48 0.293) (52 0.226) (47 0.202) (51 0.2) (50 0.187) (43 -0.153) (54 -0.153) (70 0.144) (42 0.109) (73 0.106) (46 -0.0838) (39 -0.0818) (53 -0.0721) (45 -0.0699) (14 -0.0604) (71 -0.0588) (78 -0.0532) (34 -0.0479) (32 0.0423) (66 -0.0391) (62 0.0379) (55 0.0365) (38 -0.0316) (11 -0.0305) (68 -0.0297) (29 0.0289) (16 -0.0281) (19 -0.0252) (79 0.0221) (23 -0.0213) (40 -0.0201) (25 0.0199) (72 -0.0191) (41 -0.0184) (37 0.0182) (74 0.0162) (120 -0.0154) (30 0.015) (36 -0.0148) (31 -0.0145) (57 -0.0126) (13 -0.0122) (77 0.0118) (22 0.0117) (60 -0.0109) 
  0.00067011   (38 0.88) (23 0.201) (20 0.17) (19 0.164) (22 -0.147) (40 -0.144) (43 -0.138) (39 -0.136) (16 0.113) (32 -0.0859) (42 0.0702) (41 -0.067) (46 -0.0658) (37 -0.0631) (47 0.052) (52 -0.0409) (14 0.0347) (57 0.0335) (15 0.0333) (21 0.0275) (36 -0.0218) (11 0.0186) (24 0.018) (18 -0.0169) (33 0.0158) (54 -0.0153) (30 -0.0151) (56 -0.0147) (51 -0.0141) (25 0.0131) (45 -0.013) (78 -0.0114) (48 -0.0104) 
  0.00079781   (23 0.581) (22 -0.403) (20 0.343) (19 0.337) (38 -0.336) (32 0.219) (16 0.167) (29 0.122) (14 0.114) (21 0.103) (24 0.0969) (30 0.0896) (34 -0.0648) (11 0.0586) (31 -0.0496) (15 0.0488) (25 -0.0474) (142 0.0439) (37 0.0405) (18 -0.0345) (33 -0.0325) (40 0.0276) (26 0.0274) (13 0.0201) (28 0.0176) (17 -0.0173) (42 0.0169) (43 -0.0161) (47 0.0135) (35 0.0123) (49 -0.0118) (48 0.0113) 
  0.00086021   (142 0.999) (23 -0.0266) (22 0.0185) (20 -0.016) (19 -0.0158) (137 -0.0139) 
  0.00093143   (48 0.399) (52 -0.39) (47 -0.387) (46 0.348) (43 0.314) (16 0.284) (49 -0.282) (51 -0.191) (50 0.157) (57 0.141) (42 -0.113) (56 -0.0988) (41 0.0913) (32 -0.0859) (54 -0.0775) (17 0.0708) (53 0.0606) (14 0.0551) (15 0.0531) (38 0.0528) (45 0.0528) (78 -0.0503) (40 0.0444) (25 0.0317) (39 0.0306) (19 -0.0304) (60 -0.0286) (11 0.0271) (30 -0.0244) (29 -0.0208) (24 -0.018) (33 0.0158) (77 0.0153) (70 0.0141) (37 -0.0138) (84 0.0127) (44 -0.0125) (20 0.0125) (31 0.0108) (36 -0.0107) (21 -0.0106) (55 0.0105) 
   0.0011066   (16 0.799) (19 -0.321) (17 0.241) (14 0.193) (20 -0.166) (15 0.136) (43 -0.126) (47 0.125) (46 -0.114) (32 0.109) (48 -0.1) (11 0.0919) (52 0.0894) (49 0.067) (42 0.0577) (30 0.0524) (23 -0.052) (22 0.0517) (29 0.0507) (51 0.044) (50 -0.0422) (34 -0.0398) (38 -0.0381) (41 -0.0358) (13 0.0342) (18 0.0314) (39 -0.0308) (57 -0.0269) (31 -0.0243) (40 -0.0228) (56 0.022) (45 -0.0219) (54 0.0178) (33 -0.0168) (21 -0.0164) (37 0.0155) (78 0.014) (24 0.0135) (53 -0.0108) (25 0.01) 
   0.0012438   (146 -1) (137 -0.0174) 
    0.001306   (54 0.69) (56 -0.344) (52 0.331) (32 -0.273) (57 0.234) (34 0.191) (36 0.179) (55 -0.126) (29 -0.0935) (37 0.0878) (39 -0.0811) (51 0.0776) (16 0.0741) (50 0.0705) (19 0.0658) (30 -0.0647) (33 0.0634) (48 0.0615) (20 0.0575) (46 0.0526) (38 -0.052) (78 -0.046) (35 -0.0416) (53 -0.0406) (31 0.0394) (60 -0.0389) (49 -0.0385) (47 -0.0334) (43 0.0261) (15 0.0258) (14 0.0226) (23 0.02) (72 0.0177) (73 0.0166) (79 0.0166) (71 0.0163) (70 0.0158) (139 0.0156) (22 -0.0143) (66 -0.0138) (25 0.013) (68 -0.0128) (119 -0.0111) (26 -0.0109) (11 0.0108) (77 0.0108) (123 -0.0104) 
    0.001491   (32 -0.475) (34 0.414) (36 0.4) (54 -0.313) (37 0.213) (52 -0.199) (38 -0.175) (43 -0.171) (39 -0.168) (29 -0.163) (56 0.144) (139 0.125) (33 0.117) (30 -0.106) (42 0.105) (35 -0.0859) (46 -0.0818) (19 0.0812) (57 -0.0781) (16 0.0763) (47 0.0753) (31 0.0726) (14 0.0713) (41 -0.0583) (40 -0.057) (51 -0.057) (55 0.0543) (20 0.0532) (11 0.0377) (23 0.0373) (50 -0.0277) (53 0.0251) (78 0.0238) (45 -0.0223) (15 0.0221) (22 -0.0198) (137 -0.0165) (73 -0.0162) (48 -0.0139) (60 0.0138) (13 0.0124) (26 -0.0121) (71 -0.0113) 
    0.001528   (139 0.984) (137 -0.127) (32 0.0654) (34 -0.056) (36 -0.054) (37 -0.0286) (54 0.0285) (38 0.0231) (39 0.0228) (29 0.0224) (43 0.0211) (52 0.0197) (33 -0.016) (30 0.0146) (42 -0.0133) (56 -0.0127) (35 0.0117) (19 -0.0116) (16 -0.0111) 
   0.0015378   (11 0.844) (14 -0.346) (36 -0.284) (13 -0.194) (34 0.156) (12 -0.121) (30 -0.0576) (134 -0.0345) (29 -0.0324) (31 0.0286) (37 0.0273) (38 -0.0259) (15 0.0239) (42 0.019) (32 -0.019) (43 -0.0167) (39 -0.015) (72 -0.0127) (45 -0.0121) (40 -0.0106) 
   0.0016238   (134 -0.803) (36 -0.459) (34 0.261) (11 -0.176) (14 0.139) (30 -0.0836) (13 0.0587) (29 -0.0547) (31 0.0441) (38 -0.0388) (37 0.0387) (32 -0.0354) (42 0.0319) (39 -0.0319) (12 0.0315) (43 -0.0226) (25 -0.0195) (40 -0.0176) (19 0.0164) (45 -0.0152) (24 0.0152) (47 0.012) (53 0.0119) (18 -0.0113) (17 -0.0109) (55 -0.0109) 
   0.0018695   (36 0.636) (134 -0.595) (34 -0.362) (11 0.189) (14 -0.168) (30 0.116) (29 0.0757) (13 -0.0679) (31 -0.0611) (38 0.0538) (37 -0.0538) (32 0.0488) (42 -0.0441) (39 0.0438) (12 -0.0355) (43 0.0314) (25 0.0265) (40 0.0243) (19 -0.0225) (45 0.0212) (24 -0.0201) (47 -0.0167) (53 -0.0163) (18 0.0155) (17 0.0152) (55 0.0151) (16 -0.0127) (48 -0.0122) (78 -0.0121) (51 0.012) 
   0.0019954   (30 -0.735) (31 0.362) (32 0.345) (29 -0.248) (53 0.202) (55 -0.153) (36 0.139) (28 -0.0843) (33 -0.0812) (34 -0.0797) (51 -0.0705) (50 -0.0617) (35 0.0602) (52 0.0565) (71 -0.0539) (19 0.0518) (24 -0.0508) (16 0.0463) (25 0.0445) (70 -0.0417) (69 -0.0392) (37 -0.0352) (48 0.033) (68 0.0312) (54 -0.0307) (49 -0.0285) (46 -0.0265) (40 -0.0263) (72 0.026) (74 0.0258) (27 0.0249) (20 0.023) (73 0.0209) (47 0.0199) (26 -0.0188) (60 0.0187) (78 -0.0181) (130 0.0176) (56 -0.0163) (62 0.0163) (57 -0.0159) (45 -0.0156) (42 0.0145) (41 0.0143) (65 0.0137) (43 -0.012) (18 -0.0101) 
   0.0020441   (71 -0.526) (70 -0.384) (68 0.344) (69 -0.344) (74 0.246) (130 0.245) (78 -0.196) (72 0.193) (53 -0.17) (73 0.127) (55 0.116) (66 0.105) (67 -0.0883) (60 0.0821) (77 -0.0813) (51 0.0749) (57 -0.0709) (62 -0.0609) (42 -0.0578) (56 0.0573) (63 -0.057) (46 0.0555) (54 0.0529) (83 -0.0517) (80 -0.0483) (59 -0.0412) (75 0.0367) (41 0.034) (86 -0.0333) (61 0.0315) (79 0.0297) (32 -0.0284) (65 0.0276) (81 0.0247) (109 -0.0246) (30 0.0245) (47 -0.0216) (48 0.0196) (40 0.0191) (87 -0.0181) (107 -0.0173) (96 0.017) (43 -0.0169) (34 0.0162) (84 0.0159) (110 0.0156) (89 -0.0152) (58 -0.0139) (119 0.0135) (16 0.0122) (91 0.012) (131 0.0115) (100 0.0113) (38 0.0112) (120 -0.0112) (36 -0.0109) 
   0.0022431   (130 0.565) (53 -0.507) (55 0.398) (30 -0.187) (50 0.176) (71 0.173) (69 0.139) (51 0.134) (70 0.133) (52 -0.117) (31 0.0873) (74 -0.0872) (72 -0.0861) (68 -0.0812) (62 -0.0802) (32 0.0797) (73 -0.0794) (54 0.0735) (48 -0.0653) (49 0.0646) (29 -0.0645) (56 0.0627) (42 -0.0622) (57 0.0549) (78 0.051) (60 -0.0507) (43 -0.0463) (45 0.0386) (46 0.0383) (131 0.037) (65 -0.0368) (132 -0.0354) (84 -0.0295) (35 0.0293) (47 -0.0272) (28 -0.0268) (81 -0.0266) (19 0.0262) (16 0.0207) (67 0.0207) (33 -0.0187) (24 -0.0181) (90 -0.0159) (63 0.0158) (75 -0.0155) (88 0.0154) (77 0.0151) (80 0.015) (36 0.0145) (120 -0.0143) (25 0.0121) (14 0.0108) (123 0.0106) (115 0.0101) 
   0.0023512   (130 0.78) (53 0.414) (55 -0.32) (30 0.144) (50 -0.127) (51 -0.118) (52 0.0824) (62 0.0764) (132 -0.0741) (131 0.0711) (31 -0.0694) (54 -0.069) (42 0.0629) (56 -0.0629) (32 -0.0562) (29 0.05) (68 -0.0494) (46 -0.0447) (49 -0.0443) (71 0.0402) (48 0.0401) (43 0.0389) (45 -0.0293) (66 -0.0262) (47 0.026) (70 0.0246) (78 0.0238) (35 -0.0221) (19 -0.0213) (28 0.0212) (16 -0.0199) (65 0.0176) (73 0.0173) (57 -0.0169) (84 0.0163) (83 0.0157) (24 0.0144) (77 0.0142) (74 -0.014) (33 0.014) (59 0.0135) (67 0.0127) (86 0.0126) (90 0.0122) (81 0.0115) (79 -0.0113) (88 -0.0113) (25 -0.0108) (60 0.0103) (36 -0.0101) 
    0.002559   (23 -0.71) (20 0.33) (19 0.315) (22 -0.273) (25 -0.254) (56 -0.223) (24 0.125) (16 0.11) (21 -0.109) (32 0.108) (15 0.0987) (29 0.0834) (52 -0.0784) (57 -0.0699) (55 0.056) (43 -0.0462) (46 -0.0419) (30 0.0345) (60 0.033) (17 0.032) (47 0.0303) (54 -0.0284) (12 -0.027) (78 0.0261) (42 0.0258) (26 0.0242) (38 -0.0242) (48 -0.0238) (53 0.0218) (28 0.0188) (33 -0.0178) (71 -0.0171) (37 0.0162) (120 -0.016) (13 -0.0154) (36 0.0141) (51 -0.0129) (34 0.0129) (45 -0.0119) (11 -0.0109) (125 -0.0106) 
   0.0026596   (60 -0.859) (56 0.312) (59 0.196) (57 -0.151) (62 -0.123) (61 0.12) (55 -0.116) (52 0.112) (78 -0.0903) (23 -0.0785) (46 0.0717) (20 0.0533) (133 0.0515) (54 0.048) (19 0.0431) (79 0.0411) (48 0.04) (47 -0.0392) (22 -0.0329) (43 0.0292) (25 -0.0288) (71 -0.0284) (49 0.0274) (16 0.0258) (63 -0.0252) (34 0.0224) (77 0.022) (84 -0.0213) (125 -0.0208) (15 0.0206) (109 0.0198) (68 0.0196) (69 -0.0192) (108 -0.0187) (110 -0.0184) (72 -0.0169) (70 -0.0161) (50 0.0151) (21 -0.0146) (24 0.0145) (80 -0.0141) (58 0.014) (73 -0.0137) (64 -0.0137) (120 0.0135) (44 -0.0135) (51 -0.0134) (29 0.0133) (38 0.0132) (45 0.0128) (124 -0.0125) (40 0.0111) (74 -0.0103) (36 0.0102) (82 0.01) 
   0.0026759   (133 0.758) (56 0.464) (57 0.271) (60 0.206) (52 0.122) (50 -0.107) (55 -0.106) (23 -0.102) (20 0.0698) (53 -0.0646) (19 0.0606) (43 0.0604) (62 0.0559) (46 0.0513) (59 -0.0489) (48 0.0467) (41 0.0441) (22 -0.0432) (71 0.0398) (78 -0.0397) (16 0.0396) (47 -0.0394) (54 0.0394) (25 -0.0338) (51 0.0317) (61 -0.0309) (68 -0.0221) (21 -0.0207) (84 0.0179) (15 0.0178) (32 -0.0154) (131 -0.0151) (77 0.0148) (69 0.0148) (45 -0.014) (74 -0.0137) (120 0.0135) (24 0.0135) (40 0.0134) (65 0.0126) (38 0.0121) 
   0.0028715   (133 0.649) (56 -0.566) (57 -0.303) (60 -0.171) (52 -0.151) (55 0.133) (23 0.125) (50 0.123) (20 -0.0857) (53 0.075) (19 -0.0742) (43 -0.0727) (46 -0.0658) (48 -0.0577) (62 -0.0553) (22 0.053) (78 0.0529) (41 -0.0506) (54 -0.0499) (47 0.0492) (16 -0.0482) (71 -0.0444) (25 0.0417) (59 0.0411) (51 -0.0357) (125 -0.0334) (61 0.0264) (124 -0.0258) (21 0.0253) (68 0.0243) (15 -0.0225) (84 -0.02) (120 -0.0197) (77 -0.019) (32 0.0179) (24 -0.0169) (74 0.0168) (40 -0.0165) (69 -0.0158) (119 0.0158) (38 -0.0153) (45 0.0151) (122 0.015) (65 -0.0141) (127 0.0125) (34 -0.0114) (131 -0.0114) (17 -0.0107) 
   0.0035547   (40 0.887) (66 -0.241) (39 0.152) (84 -0.135) (43 -0.135) (65 -0.131) (41 -0.128) (62 -0.12) (38 0.1) (42 0.0859) (57 0.0723) (32 -0.061) (47 0.0533) (87 0.0387) (46 -0.0359) (30 -0.0339) (52 -0.0328) (50 0.0305) (16 0.0287) (70 -0.0283) (31 0.0265) (129 0.0252) (51 -0.0237) (69 -0.0236) (19 0.0224) (29 -0.0223) (20 0.0213) (96 0.0202) (91 0.0197) (68 0.0194) (55 -0.0191) (15 -0.0187) (53 0.0181) (44 -0.0177) (78 0.0175) (33 0.017) (25 0.0166) (59 -0.0164) (73 -0.0155) (109 -0.0147) (61 0.0134) (36 -0.0133) (23 0.0122) (37 0.0113) (64 -0.0109) (54 -0.0108) (67 0.0101) (82 0.0101) 
   0.0038033   (84 -0.862) (129 0.326) (66 0.222) (87 0.166) (65 0.117) (62 0.11) (78 0.0838) (57 -0.0706) (91 0.0695) (85 0.0586) (109 -0.0472) (40 -0.0414) (43 0.0399) (52 0.0386) (96 0.0373) (92 -0.0363) (107 -0.0346) (86 -0.0322) (90 0.032) (110 0.031) (77 -0.0281) (46 0.0268) (119 -0.0261) (83 0.0246) (103 -0.0244) (47 -0.0243) (60 0.0234) (41 0.023) (120 0.0226) (117 -0.0221) (89 -0.0207) (56 0.02) (88 0.0196) (123 -0.0193) (94 -0.0182) (127 0.0177) (48 0.0176) (126 0.0174) (54 0.0171) (93 -0.017) (111 -0.0169) (72 -0.0165) (61 -0.0163) (50 -0.0162) (114 0.0152) (112 0.0152) (124 0.0139) (100 0.0132) (39 -0.013) (69 0.0127) (71 -0.0124) (105 -0.0121) (49 -0.0121) (115 -0.0117) (97 -0.0116) (67 -0.0115) (51 0.0111) (104 0.011) (108 -0.0109) (55 -0.0108) (102 0.0104) 
   0.0040014   (129 0.681) (66 0.44) (84 0.387) (65 0.232) (40 0.216) (62 0.191) (50 0.0953) (87 -0.0819) (57 -0.0788) (70 0.0707) (78 -0.0577) (69 0.0524) (91 -0.047) (41 -0.0457) (39 0.041) (68 -0.0397) (109 0.0316) (85 -0.0307) (96 -0.0296) (38 0.029) (73 0.0267) (52 0.0247) (71 0.0239) (45 0.0238) (43 -0.0231) (59 0.0222) (127 0.022) (49 0.0214) (61 -0.0208) (48 -0.0199) (32 -0.0196) (90 -0.0183) (64 0.0181) (67 -0.018) (79 0.0165) (92 0.0163) (76 -0.0158) (107 0.0155) (103 0.0153) (74 -0.0149) (110 -0.0147) (86 0.0145) (19 0.0137) (94 0.0129) (30 -0.0126) (63 -0.012) (56 0.0111) (82 -0.011) (72 0.0106) (16 0.0106) (108 0.0104) (80 -0.0102) 
   0.0040555   (129 0.654) (66 -0.559) (65 -0.295) (62 -0.249) (40 -0.239) (57 0.115) (50 -0.0907) (70 -0.0748) (69 -0.0597) (68 0.0443) (52 -0.0441) (39 -0.0421) (41 0.0404) (38 -0.0382) (84 0.0344) (61 0.0294) (73 -0.029) (32 0.0277) (59 -0.0267) (67 0.0241) (45 -0.0237) (64 -0.0233) (56 -0.0216) (109 -0.0187) (71 -0.0179) (16 -0.0169) (19 -0.0165) (79 -0.0163) (78 0.0162) (30 0.0161) (76 0.0158) (49 -0.0156) (20 -0.0153) (63 0.0153) (91 0.0153) (96 0.0148) (47 0.0146) (54 -0.0141) (93 0.0125) (46 -0.0123) (119 0.0115) (74 0.0113) (34 -0.0113) (14 -0.0111) (82 0.0111) (48 0.0111) (29 0.0109) (83 -0.0108) (127 0.0107) 
   0.0041411   (105 0.581) (96 -0.331) (103 0.288) (123 -0.267) (108 -0.203) (101 0.198) (106 -0.175) (119 0.168) (99 -0.165) (109 -0.164) (124 0.162) (107 -0.156) (112 -0.143) (110 -0.136) (98 -0.122) (102 -0.121) (122 0.111) (118 -0.0946) (97 -0.0781) (114 -0.0774) (111 -0.076) (100 -0.0721) (117 -0.0688) (104 -0.0673) (50 0.0671) (90 -0.0658) (121 -0.0642) (113 0.0613) (115 -0.0544) (94 0.0515) (84 -0.0293) (82 -0.0292) (72 -0.0288) (120 0.0286) (116 -0.0272) (93 -0.0267) (89 0.0252) (92 0.0247) (125 0.0207) (85 -0.0173) (55 -0.0167) (91 0.0164) (53 0.0158) (80 -0.0153) (60 0.0137) (70 -0.0137) (49 0.0136) (66 -0.0124) (71 -0.0122) (81 -0.012) (56 0.0117) (79 0.0108) (51 -0.0105) (83 0.0102) 
   0.0042534   (144 0.999) (137 -0.027) (123 -0.0251) (124 0.0156) (96 0.0104) 
    0.004283   (50 0.857) (49 0.185) (55 -0.173) (53 0.164) (56 0.135) (48 -0.133) (72 -0.124) (51 -0.115) (45 0.107) (60 0.093) (40 -0.0875) (52 0.0741) (57 0.074) (41 -0.0733) (15 0.067) (123 0.0665) (66 -0.0634) (70 -0.0617) (71 -0.0593) (84 -0.0574) (82 -0.0517) (119 -0.0511) (54 -0.051) (43 -0.0503) (124 -0.0494) (62 -0.0493) (109 0.0479) (105 -0.0463) (96 -0.0429) (107 0.0422) (42 -0.0398) (65 -0.0376) (59 -0.0361) (122 -0.0327) (80 -0.0316) (69 -0.0304) (68 0.0274) (23 -0.0253) (87 -0.025) (44 -0.0243) (108 0.0243) (103 -0.0233) (31 -0.0215) (101 -0.0213) (81 -0.0202) (92 -0.0198) (79 0.0198) (112 -0.0193) (91 -0.0191) (117 0.019) (118 0.0186) (74 0.0184) (121 0.0183) (38 -0.0179) (46 -0.0169) (90 -0.0169) (115 0.0166) (125 -0.0162) (73 0.016) (83 0.0156) (12 -0.0154) (111 -0.0127) (85 -0.0121) (99 0.012) (120 -0.0113) (39 -0.0112) (16 -0.0109) (32 0.0104) 
   0.0043971   (72 -0.593) (45 0.484) (80 -0.322) (81 -0.273) (44 -0.215) (50 -0.18) (93 -0.153) (83 0.147) (71 -0.131) (87 -0.128) (70 -0.0901) (79 0.0863) (98 -0.0783) (48 0.075) (76 0.0686) (77 0.0652) (113 -0.0608) (107 0.0578) (41 -0.0576) (49 -0.0565) (78 0.0548) (46 -0.0531) (43 -0.049) (97 0.0439) (100 0.0374) (105 -0.0371) (89 0.0367) (60 0.0292) (96 0.0289) (75 -0.0286) (91 0.0282) (85 -0.0275) (123 -0.0262) (42 -0.0254) (90 0.024) (156 0.0232) (66 0.0225) (54 0.0224) (82 -0.0224) (109 -0.0214) (119 0.0207) (73 -0.0202) (62 -0.0194) (101 -0.0176) (110 0.0175) (68 0.0171) (114 0.0162) (57 -0.0157) (115 -0.0154) (74 0.0153) (104 0.015) (103 0.0147) (51 0.0141) (52 0.014) (59 -0.0129) (120 0.0123) (117 -0.012) (47 -0.0106) (124 0.0105) (36 -0.0105) 
   0.0045596   (156 0.999) (45 -0.0308) (44 0.0132) 
   0.0046455   (45 0.722) (72 0.487) (44 -0.301) (80 0.154) (79 -0.133) (81 0.116) (43 -0.109) (41 -0.102) (71 0.0979) (87 0.0919) (46 -0.0887) (70 0.0725) (83 -0.0628) (48 0.0513) (40 -0.0498) (113 0.0491) (107 -0.0489) (90 0.0488) (109 0.0439) (98 0.0416) (42 -0.0397) (85 0.0381) (91 0.038) (78 -0.0359) (66 -0.0329) (62 0.0328) (110 -0.0315) (49 -0.0278) (100 -0.0276) (36 -0.0272) (96 -0.0272) (105 0.0268) (156 0.0263) (50 -0.0247) (15 0.0233) (76 -0.0231) (57 0.0224) (38 -0.0223) (14 -0.0211) (123 0.0204) (117 0.0193) (75 0.0176) (93 -0.0164) (114 -0.0163) (115 0.0159) (73 0.0155) (86 -0.0151) (34 -0.0143) (60 -0.0142) (120 -0.0138) (54 -0.0132) (124 -0.0129) (104 -0.0127) (59 0.0124) (23 -0.0117) (56 0.0114) (102 0.0114) (89 -0.0112) (122 -0.0108) (101 0.0107) (12 -0.0106) (13 -0.0105) (68 -0.0102) 
   0.0047309   (18 -0.965) (136 -0.245) (19 -0.0577) (15 -0.0387) (17 -0.0291) (16 0.0252) (20 -0.023) (23 -0.0225) (7 -0.0204) (25 -0.0148) (36 0.0144) (14 -0.0144) (45 0.0113) (30 0.01) 
   0.0049769   (136 -0.97) (18 0.243) (19 0.0146) 
   0.0051828   (7 1) (18 -0.0192) 
   0.0053395   (5 1) 
   0.0053742   (30 -0.425) (34 -0.423) (32 -0.384) (135 0.331) (28 0.274) (29 0.232) (25 -0.232) (31 -0.231) (14 0.215) (24 0.157) (36 -0.119) (11 0.112) (26 0.108) (37 0.082) (33 0.0814) (17 -0.0679) (27 -0.0634) (13 0.0486) (35 0.0413) (38 -0.0401) (42 0.04) (16 -0.0389) (78 0.0342) (19 -0.0334) (21 0.0313) (20 -0.0276) (40 -0.0249) (43 -0.0229) (47 0.0215) (22 0.0183) (39 0.014) (48 0.0136) (15 -0.0102) (12 0.01) 
   0.0054806   (135 0.944) (30 0.149) (34 0.148) (32 0.135) (28 -0.0959) (29 -0.0814) (25 0.0813) (31 0.0808) (14 -0.0753) (24 -0.0549) (36 0.0418) (11 -0.0394) (26 -0.0379) (37 -0.0287) (33 -0.0285) (17 0.0238) (27 0.0222) (13 -0.0171) (35 -0.0145) (38 0.0141) (42 -0.014) (16 0.0137) (19 0.0117) (78 -0.0117) (21 -0.011) 
   0.0057273   (10 -0.736) (17 0.601) (16 -0.2) (14 0.173) (11 0.0869) (25 0.066) (20 0.0639) (24 -0.0626) (13 0.0411) (15 -0.0347) (18 -0.0302) (19 0.0283) (21 -0.0264) (34 -0.0186) (26 -0.0137) (27 0.0134) (12 0.0122) (78 0.0116) 
   0.0058746   (145 0.999) (10 0.027) (17 0.0225) 
   0.0063094   (10 -0.676) (17 -0.66) (16 0.218) (14 -0.165) (11 -0.0833) (25 -0.0748) (20 -0.0743) (24 0.0698) (145 0.0367) (13 -0.0354) (18 0.0325) (19 -0.0317) (15 0.0312) (21 0.0303) (34 0.0208) (27 -0.0176) (78 -0.0147) (26 0.013) (30 0.0122) (37 -0.0119) (42 -0.0115) 
   0.0065526   (13 0.636) (12 0.632) (41 0.311) (14 -0.227) (11 0.144) (42 0.0988) (45 0.0577) (46 -0.0533) (15 0.0475) (50 0.0415) (40 0.0338) (43 0.0286) (47 0.0256) (48 -0.0242) (38 0.02) (34 0.0192) (44 -0.0186) (29 0.0149) (31 0.0144) (16 0.014) (60 -0.0122) (39 -0.0115) (36 0.0113) (20 0.0111) (109 -0.0102) 
    0.007082   (143 -0.999) (41 0.0364) (42 0.0132) (12 -0.0114) (13 -0.0114) 
   0.0072796   (41 -0.828) (42 -0.301) (12 0.225) (13 0.224) (14 -0.142) (45 -0.134) (46 0.134) (40 -0.101) (43 -0.0947) (50 -0.0824) (34 -0.072) (47 -0.0683) (38 -0.0592) (48 0.0536) (44 0.0486) (143 -0.0447) (36 -0.0442) (29 -0.0409) (15 0.0406) (39 0.0399) (19 0.0394) (35 0.0334) (32 -0.031) (25 0.0299) (31 -0.0285) (74 0.0279) (60 0.0253) (23 -0.0246) (17 0.0239) (16 0.0219) (59 0.0209) (24 -0.019) (109 0.0185) (11 0.0183) (28 -0.0182) (49 -0.0175) (52 0.0175) (56 0.0168) (80 0.016) (81 -0.015) (65 0.0146) (61 -0.014) (79 0.0137) (55 -0.0133) (84 -0.0127) (67 0.0124) (75 0.0121) (66 -0.0119) (33 0.0112) (86 -0.0107) (68 0.0105) (20 0.0105) (26 -0.01) 
   0.0077558   (12 0.685) (13 -0.639) (31 0.261) (29 0.168) (14 0.121) (32 -0.0702) (30 0.0446) (37 -0.0259) (41 -0.0242) (34 -0.0225) (35 0.0205) (15 0.0198) (67 0.0171) (33 -0.0138) (138 0.0133) (43 0.0116) (68 0.0103) 
   0.0085713   (138 0.99) (31 0.105) (29 0.0664) (12 -0.0425) (13 0.0412) (32 -0.0253) (30 0.0178) 

 Largest eigenvalues
      51.089   (162 0.251) (164 0.956) 
      27.891   (14 -0.368) (32 -0.323) (34 -0.304) (78 -0.316) 
      15.714   (14 0.279) (78 -0.746) (79 0.235) 
      15.319   (109 0.693) (110 -0.467) 
      4.5387   (96 -0.292) (119 -0.414) (123 0.536) (124 -0.384) 
      1.4495   (162 0.968) (164 -0.248) 
      1.2234   (163 0.997) 
      1.1468   (165 -0.996) 
      1.1416   (90 0.652) (91 -0.567) 
      1.1345   (101 0.754) (106 0.496) 
      1.1338   (101 0.348) (106 -0.779) 
     0.92501   (111 0.329) (115 -0.778) 
     0.90433   (104 0.818) (105 0.338) 
     0.86714   (99 -0.614) (100 -0.468) (103 -0.296) 
      0.8627   (111 -0.561) (112 0.348) 
     0.75938   (109 -0.294) (110 -0.391) (111 0.312) (115 0.316) (137 -0.289) 
     0.67386   (109 0.353) (110 0.637) (111 0.292) 
     0.66923   (96 -0.764) (99 0.288) 
     0.66339   (114 -0.494) (126 0.483) (137 -0.387) 
     0.60021   (111 -0.347) (112 -0.467) (114 0.526) 
      0.5774   (108 0.598) (112 0.344) (114 0.497) 
     0.57251   (108 -0.674) (112 0.394) 
     0.57064   (114 -0.333) (122 -0.449) (124 0.318) (131 -0.304) (132 -0.374) 
     0.56846   (122 0.423) (124 -0.408) (125 -0.574) 
      0.5549   (118 0.328) (120 0.658) (121 -0.325) 
       0.539   (117 -0.501) (118 -0.638) 
     0.49593   (116 0.419) (119 -0.428) (123 -0.321) (127 -0.319) (132 -0.299) 
     0.48823   (116 -0.636) (126 0.304) (137 0.306) 
     0.47966   (116 0.553) (122 -0.331) (126 0.39) (137 0.354) 
      0.4354   (92 -0.965) 
      0.4022   (119 -0.381) (127 0.409) (137 0.392) 
     0.32544   (94 -0.926) (103 0.218) 
     0.30411   (94 0.327) (103 0.695) (104 0.338) (105 -0.387) 
     0.29852   (102 -0.833) 
      0.2702   (98 -0.474) (113 0.317) (117 -0.28) 
     0.25408   (79 -0.344) (87 -0.653) 
     0.23398   (79 0.508) (98 0.559) 
     0.23029   (79 -0.504) (87 0.595) 
     0.21013   (98 -0.386) (107 0.405) (113 -0.577) 
     0.16684   (90 -0.56) (91 -0.599) (93 0.385) 
     0.14981   (91 0.317) (97 -0.548) (107 -0.407) 
     0.14118   (93 -0.624) (107 -0.363) 
     0.13175   (85 -0.808) (86 0.371) 
     0.12636   (88 -0.384) (89 -0.639) (93 0.342) (97 0.305) 
     0.11786   (72 -0.38) (80 0.386) (81 0.471) (83 -0.391) 
     0.10951   (76 0.288) (77 0.329) (80 -0.327) 
      0.1083   (59 -0.309) (65 0.332) (69 -0.339) (76 -0.312) 
      0.1038   (58 0.559) (59 0.507) 
    0.099444   (58 -0.576) (65 -0.336) (69 0.289) 
    0.094448   (58 0.409) (59 -0.359) (65 0.271) (76 0.284) (97 -0.284) (107 0.261) 
    0.088778   (58 -0.347) (59 0.562) 
    0.079422   (59 -0.334) (64 -0.394) (65 -0.42) (83 -0.295) 
    0.075907   (64 0.752) (68 0.217) (69 0.211) (76 -0.212) (83 -0.217) 
    0.073815   (61 -0.6) (63 -0.377) (69 0.32) 
    0.073169   (61 0.645) (64 -0.263) (65 0.269) (69 0.247) 
    0.066979   (61 -0.271) (69 -0.26) (76 0.245) (118 0.258) (120 -0.285) 
    0.065319   (68 0.317) (74 -0.36) (77 0.32) 
    0.061282   (63 0.592) (68 -0.211) (76 -0.209) (80 -0.23) (81 0.242) (86 -0.267) 
    0.059053   (63 -0.549) (68 -0.288) (74 0.346) 
    0.055593   (63 0.273) (67 -0.302) (68 0.415) (70 0.251) (71 0.297) (76 0.278) (77 -0.295) 
    0.053321   (67 0.436) (74 -0.394) (81 -0.349) 
    0.050338   (67 -0.549) (77 0.325) 
    0.047929   (67 0.537) (68 0.355) (74 0.293) 
    0.046352   (74 -0.28) (76 0.272) (77 -0.241) (80 -0.228) (81 0.352) (83 0.297) (86 0.22) (121 0.223) 
    0.043901   (35 -0.879) (42 -0.263) (43 -0.263) 
    0.042211   (35 0.424) (42 -0.51) (43 -0.562) 
    0.041565   (75 0.462) (86 -0.266) (88 0.273) (121 0.337) 
    0.040448   (51 -0.57) (75 -0.418) 
    0.032403   (51 0.517) (75 -0.53) 
    0.031769   (26 0.762) (28 -0.413) 
    0.029445   (26 -0.448) (27 -0.746) 
    0.027582   (27 0.452) (33 -0.33) (47 0.369) (88 -0.338) 
    0.026649   (33 0.817) (37 -0.219) (88 -0.259) 
    0.021789   (44 0.296) (47 -0.483) (75 0.299) (88 -0.372) 
    0.020828   (131 0.69) (132 -0.425) 
    0.020742   (128 -0.578) (160 -0.809) 
    0.019581   (128 -0.577) (160 0.311) (161 0.755) 
      0.0183   (128 -0.577) (160 0.498) (161 -0.647) 
    0.015528   (15 0.966) 
    0.015199   (140 0.997) 
