 1 62510.9
 2 761.918
 3 24.4709
 4 177715
 5 586.936
 6 393.446
 7 645671
 8 47.7459
 9 22487.4
 10 2316.96
 11 5.21761
 12 1952.45
 13 268427
 14 3583.7
 15 0.843487
 16 410441
 17 3968.61
 18 7.40041
 19 127275
 20 2465.71
 21 396.769
 22 156898
 23 3553.7
 24 199.012
 25 251.462
 26 326.537
 27 14.7144
 28 2513.08
 29 294.232
 30 273.135
 31 508.393
 32 69.4176
 33 1187.03
 34 210.745
 35 182.969
 36 424.961
 37 1518.05
 38 3113.83
 39 6.18945
 40 975.489
 41 4408.85
 42 1.89021
 43 713.362
 44 1590.58
 45 22.1834
 46 4184.06
 47 1407.81
 48 1070.82
 49 1951.28
 50 217.189
 51 437.103
 52 213.235
 53 3028.69
 54 326.048
 55 258.736
 56 276.507
 57 1153.42
 58 102.335
 59 203.114
 60 152.719
 61 21.5703
 62 1.70377
 63 604.613
 64 283.439
 65 1.96676
 66 513.879
 67 3901.71
 68 128.355
 69 127287
 70 197481
 71 2405.93
 72 342.637
 73 16229.9
 74 26.526
 75 19362.3
 76 8493.88
 77 8.66945
 78 2079.98
 79 8060.37
 80 144.077
 81 2766.33
 82 1571.9
 83 388.075
 84 2.41004
 85 139.527
 86 2.23845
 87 6127.84
 88 1.75018
 89 1.66743
 90 1.98083
 91 8.84491
 92 401.945
 93 1007.62
 94 560.67
 95 973.94
 96 1388.8
 97 322.216
 98 216.889
 99 123.958
 100 548.075
 101 1312.11
 102 99.066
 103 152.468
 104 126.011
 105 119.726
 106 157.422
 107 159.548
 108 159.652
 109 113.36
 110 88.9492
 111 165.611
 112 201.435
 113 180.679
 114 162.547
 115 160.022
 116 124.802
 117 161.353
 118 179.505
 119 134.402
 120 80.0664
 121 118.002
 122 46.6069
 123 60.715
 124 34.987
 125 28.8917
 126 52.2001
 127 26.3814
 128 85.3469
 129 68.0739
 130 57.1968
 131 20.3287
 132 20.7269
 133 21.9392
 134 35.8383
 135 8.7738
 136 44.2779
 137 10.0186
 138 9.36391
 139 9.60117
 140 11.1301
 141 11.9948
 142 8.91244
 143 9.51222
 144 15.1194
 145 15.2578
 146 12.8213
 147 10.4206
 148 29.8882
 149 15.981
 150 12.1703
 151 14.2576
 152 23.2002
 153 19.7695
 154 13.5355
 155 20.1207
 156 24.0444
 157 47.0324
 158 0.402231
 159 0.133254
 160 0.623769
 161 29.7749
 162 28.5531
 163 1134.65
 164 1286.71
 165 8.22934
