 1 1000
 2 581.214
 3 18.8614
 4 1000
 5 451.423
 6 302.668
 7 999.801
 8 2.92231
 9 992.436
 10 868.346
 11 2.63155
 12 802.947
 13 1000
 14 997.956
 15 0.824437
 16 1000
 17 997.492
 18 2.50696
 19 1000
 20 859.209
 21 138.951
 22 1000
 23 945.747
 24 53.7306
 25 235.183
 26 265.304
 27 12.0838
 28 985.366
 29 240
 30 223.638
 31 476.725
 32 50.7132
 33 862.295
 34 204.623
 35 160.464
 36 371.242
 37 989.314
 38 998.36
 39 3.10185
 40 596.364
 41 964.714
 42 1.70459
 43 494.622
 44 854.005
 45 12.5615
 46 997.725
 47 552.489
 48 450.196
 49 925.297
 50 215.189
 51 330.869
 52 162.541
 53 949.135
 54 281.783
 55 189.439
 56 199.241
 57 897.674
 58 101.079
 59 180.645
 60 136.324
 61 21.4988
 62 1.70321
 63 554.221
 64 282.402
 65 1.95405
 66 506.065
 67 968.167
 68 33.8445
 69 999.984
 70 1000
 71 874.122
 72 125.816
 73 999.493
 74 2.87873
 75 998.246
 76 989.135
 77 4.60779
 78 932.469
 79 999.242
 80 47.1997
 81 951.911
 82 987.241
 83 361.393
 84 2.34582
 85 107.914
 86 2.07024
 87 990.379
 88 1.74998
 89 1.66742
 90 1.98065
 91 8.3847
 92 379.074
 93 810.308
 94 496.833
 95 747.948
 96 903.617
 97 312.096
 98 211.724
 99 122.856
 100 487.542
 101 919.814
 102 95.6768
 103 150.483
 104 125.078
 105 119.229
 106 156.961
 107 158.847
 108 158.819
 109 112.675
 110 87.464
 111 164.674
 112 200.666
 113 180.149
 114 162.295
 115 159.744
 116 124.279
 117 160.952
 118 179.359
 119 134.153
 120 79.5748
 121 117.63
 122 46.3014
 123 60.2923
 124 34.8537
 125 28.5083
 126 51.8995
 127 25.4064
 128 82.8277
 129 66.7914
 130 56.2701
 131 20.1283
 132 20.5756
 133 21.7267
 134 34.9132
 135 8.65573
 136 44.0835
 137 9.79462
 138 9.1893
 139 9.38617
 140 10.7381
 141 11.3629
 142 8.57402
 143 9.23681
 144 14.8088
 145 15.0801
 146 12.6348
 147 10.0237
 148 28.9989
 149 15.6229
 150 11.983
 151 14.015
 152 22.8436
 153 19.2105
 154 13.2372
 155 19.9315
 156 23.9539
 157 46.9098
 158 0.343532
 159 0.129817
 160 0.43845
 161 23.2544
 162 24.9563
 163 382.303
 164 733.096
 165 7.50934
