 1 31.6228
 2 23.5871
 3 1.71504
 4 31.6228
 5 16.8454
 6 11.6796
 7 31.6186
 8 0.997874
 9 31.4436
 10 29.28
 11 0.995471
 12 28.0787
 13 31.6228
 14 31.5831
 15 0.904257
 16 31.6228
 17 31.5542
 18 0.981696
 19 31.6228
 20 27.3529
 21 5.34219
 22 31.6228
 23 29.977
 24 2.66862
 25 14.8902
 26 15.4434
 27 1.63496
 28 31.3383
 29 11.5886
 30 10.8901
 31 21.4279
 32 2.62316
 33 28.3429
 34 14.1475
 35 7.73142
 36 16.3646
 37 31.4329
 38 31.576
 39 1.35874
 40 24.1429
 41 30.9777
 42 1.28786
 43 21.5892
 44 28.6398
 45 1.72869
 46 31.5631
 47 18.2307
 48 15.166
 49 30.165
 50 14.2426
 51 15.4952
 52 8.29354
 53 30.6086
 54 16.5324
 55 10.332
 56 10.6805
 57 29.3921
 58 9.51338
 59 10.6066
 60 8.23278
 61 4.35974
 62 1.29923
 63 23.1556
 64 15.5624
 65 0.982569
 66 21.5671
 67 30.6613
 68 2.41371
 69 31.6223
 70 31.6228
 71 27.852
 72 5.30626
 73 31.6116
 74 1.34804
 75 31.5747
 76 31.4355
 77 1.42213
 78 30.4376
 79 31.6057
 80 2.85174
 81 30.2001
 82 31.3579
 83 18.4849
 84 1.348
 85 10.1797
 86 1.35754
 87 31.4047
 88 1.1245
 89 1.06603
 90 1.28835
 91 2.43137
 92 17.6866
 93 26.8131
 94 19.1751
 95 25.6774
 96 29.3381
 97 16.5
 98 13.0393
 99 9.28766
 100 20.9905
 101 29.8796
 102 8.77659
 103 11.6917
 104 10.4819
 105 10.2526
 106 12.1198
 107 12.1113
 108 12.0822
 109 9.89225
 110 8.0828
 111 12.1486
 112 13.8012
 113 12.9799
 114 12.1903
 115 11.9355
 116 10.1174
 117 11.9111
 118 12.7511
 119 10.9088
 120 8.30992
 121 10.5026
 122 6.62446
 123 7.61697
 124 5.44267
 125 5.13452
 126 6.9153
 127 4.53612
 128 8.59285
 129 7.43939
 130 6.96968
 131 4.17114
 132 4.44518
 133 4.54157
 134 5.82171
 135 2.71878
 136 6.57065
 137 2.94154
 138 2.89385
 139 2.91263
 140 3.12635
 141 3.11359
 142 2.70237
 143 2.84107
 144 3.70598
 145 3.77941
 146 3.42352
 147 2.94386
 148 5.17694
 149 3.79094
 150 3.30551
 151 3.56999
 152 4.67295
 153 4.26689
 154 3.52721
 155 4.38213
 156 4.81427
 157 6.78996
 158 0.258743
 159 0.283357
 160 0.271019
 161 3.7505
 162 4.46665
 163 17.4589
 164 25.9964
 165 0.584324
