 Smallest eigenvalues
  1.5024e-06   (9 -1) 
  2.4364e-06   (46 -0.724) (47 0.291) (43 0.257) (42 -0.223) (45 -0.213) (48 0.209) (54 0.175) (154 -0.172) (50 -0.16) (13 0.138) (35 -0.133) (39 -0.121) (75 -0.11) (73 -0.0749) (44 0.0701) (55 0.0572) (60 0.0483) (36 -0.0478) (24 0.0443) (34 0.0401) (52 -0.0387) (23 -0.0331) (74 0.0316) (17 -0.0311) (30 -0.0273) (31 -0.0271) (76 0.0268) (11 0.026) (58 0.0255) (33 -0.0247) (49 0.0242) (69 -0.0233) (12 0.0225) (57 0.0218) (68 0.0216) (26 0.0203) (71 0.0195) (70 0.0189) (28 -0.0187) (53 0.0171) (25 0.0167) (38 0.0152) (79 0.0116) (16 0.0109) (83 -0.0101) 
  3.7254e-06   (154 -0.985) (46 0.127) (47 -0.0509) (43 -0.0451) (42 0.0392) (45 0.0374) (48 -0.0365) (54 -0.0306) (50 0.0279) (13 -0.0244) (35 0.0233) (39 0.0213) (75 0.0189) (73 0.0129) (44 -0.0123) 
  5.0638e-06   (5 1) 
   5.627e-06   (149 0.633) (43 -0.509) (42 -0.472) (35 -0.151) (39 -0.149) (45 0.138) (13 0.115) (44 0.0849) (75 -0.0688) (46 0.0596) (73 -0.0459) (48 0.0447) (36 -0.0444) (24 0.043) (34 0.0395) (52 0.0349) (23 -0.0312) (38 0.0305) (40 0.0305) (31 -0.0286) (33 -0.0275) (74 0.0264) (17 -0.0259) (60 0.025) (25 0.0249) (51 -0.0241) (26 0.0234) (11 0.022) (54 0.0209) (53 -0.02) (12 0.0188) (30 -0.0187) (56 0.0183) (70 0.0163) (69 -0.0155) (16 0.0154) (49 0.0146) (55 -0.0126) (71 0.0124) (32 0.0112) (76 0.0108) (68 0.0107) 
  6.3736e-06   (149 0.774) (43 0.417) (42 0.387) (35 0.123) (39 0.122) (45 -0.113) (13 -0.0942) (44 -0.0695) (75 0.0562) (46 -0.0487) (73 0.0375) (48 -0.0365) (36 0.0364) (24 -0.0352) (34 -0.0324) (52 -0.0285) (23 0.0255) (38 -0.025) (40 -0.0249) (31 0.0234) (33 0.0225) (74 -0.0216) (17 0.0212) (60 -0.0204) (25 -0.0204) (51 0.0197) (26 -0.0191) (11 -0.018) (54 -0.0171) (53 0.0163) (12 -0.0154) (30 0.0153) (56 -0.015) (70 -0.0133) (69 0.0127) (16 -0.0126) (49 -0.012) (55 0.0103) (71 -0.0102) 
  7.8527e-06   (1 0.985) (27 0.125) (26 0.0561) (24 0.0558) (35 0.046) (25 0.0459) (13 0.0343) (23 -0.025) (31 0.0224) (39 0.0165) (30 0.0164) (33 0.0116) (17 -0.0113) (42 0.0109) (34 -0.0105) 
   7.857e-06   (157 -0.999) (27 0.0314) (24 0.0146) (26 0.0141) (13 0.0123) (25 0.0118) (35 0.0109) 
  1.5997e-05   (27 -0.69) (24 -0.321) (26 -0.31) (13 -0.271) (25 -0.26) (35 -0.241) (1 0.172) (23 0.147) (31 -0.121) (30 -0.0988) (39 -0.0857) (17 0.0744) (34 0.0652) (16 -0.0634) (42 -0.0575) (33 -0.0566) (20 0.0502) (19 -0.0491) (11 -0.0462) (75 0.0459) (157 -0.0454) (12 -0.044) (36 -0.0413) (73 0.0319) (22 0.0303) (46 -0.0277) (38 0.0217) (48 -0.0212) (60 -0.0186) (43 0.0184) (74 -0.0162) (52 -0.015) (10 0.0143) (54 -0.0141) (32 0.012) (29 -0.012) (70 -0.0119) (15 -0.0104) (45 0.0104) 
  3.2287e-05   (19 -0.561) (21 -0.487) (45 0.384) (43 0.369) (42 -0.189) (20 -0.168) (46 0.156) (44 -0.106) (35 -0.0985) (24 0.0965) (49 0.0749) (39 -0.0742) (50 -0.0719) (40 -0.069) (75 -0.0633) (23 -0.0543) (52 0.0395) (26 0.035) (34 0.0341) (27 0.0323) (36 -0.0313) (28 -0.0308) (51 0.0306) (48 0.0281) (54 0.026) (73 -0.0248) (30 -0.024) (31 -0.0237) (79 0.0237) (60 0.0235) (71 0.0235) (33 -0.0232) (25 0.023) (32 0.0223) (69 -0.0193) (22 0.0159) (38 0.0158) (64 -0.0154) (17 0.0151) (15 0.0136) (29 -0.0135) (68 0.0128) (66 -0.0114) (67 -0.0104) 
  0.00010289   (156 0.999) (19 0.0221) (45 0.0217) (43 0.0206) (21 0.0187) 
  0.00011255   (45 -0.471) (19 -0.465) (43 -0.449) (21 -0.394) (46 -0.201) (42 0.193) (13 -0.155) (44 0.141) (20 -0.122) (39 0.115) (35 0.112) (75 0.0898) (50 0.0643) (49 -0.0604) (48 -0.0572) (73 0.0488) (54 -0.0469) (156 0.0465) (17 0.0422) (40 0.0371) (60 -0.0316) (38 -0.0312) (52 -0.0308) (41 -0.0306) (11 -0.03) (22 0.0283) (58 -0.0283) (36 0.0258) (27 0.0242) (12 -0.0238) (28 -0.0232) (71 -0.0226) (32 -0.0222) (69 0.0211) (51 -0.02) (31 0.0185) (68 -0.0179) (56 -0.0178) (47 0.0177) (16 -0.0175) (25 -0.0169) (29 -0.0168) (24 0.0158) (57 0.012) (55 0.012) (64 0.0113) (66 0.0109) (67 0.0103) 
   0.0001217   (3 -1) 
   0.0001605   (24 -0.663) (23 -0.551) (13 0.332) (17 -0.192) (21 -0.187) (28 0.105) (26 -0.0978) (35 0.0928) (30 0.0895) (25 -0.0873) (22 -0.0695) (39 0.0651) (11 0.0595) (12 0.0554) (42 0.0417) (36 0.0385) (27 0.0377) (31 0.0371) (45 0.0352) (19 0.0328) (20 0.0309) (33 0.0301) (15 0.0289) (43 -0.0253) (34 -0.0234) (75 -0.0174) (40 -0.0164) (29 -0.0156) (73 -0.0145) (44 -0.013) (51 -0.0121) (57 0.0112) (10 -0.0108) 
  0.00020918   (159 -1) 
  0.00021419   (2 -1) 
  0.00024115   (20 0.514) (19 -0.512) (23 0.371) (13 0.321) (21 0.308) (17 -0.305) (24 -0.102) (22 0.0765) (35 0.0664) (11 0.057) (16 0.0531) (12 0.0528) (158 -0.0405) (39 0.04) (26 -0.0385) (15 0.0378) (25 -0.0368) (28 0.0326) (33 0.0298) (30 0.0294) (31 0.0279) (34 -0.0224) (36 0.0224) (42 0.0222) (29 -0.0218) (75 -0.0153) (27 0.0142) (73 -0.0112) (49 0.0111) (40 -0.011) (10 -0.0107) (45 0.0104) (74 0.0103) 
  0.00025202   (158 -0.999) (20 -0.0209) (19 0.0208) (23 -0.015) (13 -0.0131) (21 -0.0125) (17 0.0124) 
  0.00028856   (8 1) 
  0.00029118   (25 -0.598) (24 0.45) (26 -0.43) (150 -0.372) (13 0.187) (23 -0.177) (35 0.127) (17 -0.0783) (39 0.0567) (22 -0.0521) (31 0.0495) (32 0.0494) (16 0.0481) (34 -0.0479) (20 -0.0478) (54 0.0342) (11 0.0301) (33 0.0287) (29 -0.0284) (12 0.0278) (51 0.022) (46 0.0201) (38 -0.019) (75 -0.0177) (55 0.0169) (43 -0.0162) (73 -0.016) (36 0.0159) (19 0.0147) (15 0.0144) (50 -0.0142) (49 -0.0141) (42 0.0127) (52 -0.0124) (30 0.0114) (28 0.0111) (53 0.01) 
  0.00029639   (150 -0.928) (25 0.24) (24 -0.18) (26 0.172) (13 -0.075) (23 0.0709) (35 -0.051) (17 0.0314) (39 -0.0227) (22 0.0209) (31 -0.0198) (32 -0.0198) (16 -0.0193) (34 0.0192) (20 0.0191) (54 -0.0136) (11 -0.0121) (33 -0.0115) (29 0.0114) (12 -0.0111) 
  0.00031252   (6 1) 
  0.00032009   (20 -0.647) (23 0.472) (22 0.304) (13 0.28) (152 -0.23) (17 -0.212) (24 -0.19) (19 0.114) (35 0.091) (16 0.0808) (26 -0.0799) (39 0.0535) (15 0.047) (11 0.045) (31 0.0431) (12 0.0426) (34 -0.0347) (33 0.0327) (25 -0.0306) (21 -0.0299) (73 -0.0226) (29 -0.0214) (38 -0.0212) (75 -0.0165) (54 0.0161) (30 -0.0158) (74 0.0149) (14 -0.0143) (46 0.0133) (48 0.0124) (10 -0.0111) 
  0.00035418   (152 -0.973) (20 0.153) (23 -0.111) (22 -0.0718) (13 -0.0662) (17 0.0501) (24 0.0448) (19 -0.0268) (35 -0.0215) (16 -0.0191) (26 0.0189) (39 -0.0126) (15 -0.0111) (11 -0.0106) (31 -0.0102) (12 -0.0101) 
  0.00038995   (73 -0.6) (57 -0.477) (75 0.383) (74 -0.268) (58 -0.178) (60 -0.163) (63 0.144) (69 -0.118) (45 -0.117) (42 -0.104) (51 0.1) (55 -0.085) (54 0.0834) (46 0.0778) (50 0.0762) (43 0.0684) (70 0.0684) (53 0.061) (71 0.0603) (30 -0.0561) (44 0.0527) (36 -0.0323) (48 0.0301) (33 0.0297) (38 -0.0287) (16 -0.0286) (99 0.0284) (21 -0.0278) (76 -0.0263) (35 0.026) (20 0.0257) (40 0.0223) (13 0.0221) (88 0.0209) (56 0.0208) (104 0.0201) (122 -0.0196) (52 -0.019) (79 0.019) (92 0.0187) (115 -0.018) (124 0.0177) (83 -0.0176) (59 0.0173) (64 -0.0165) (28 -0.0159) (49 0.0154) (41 0.0153) (68 -0.0149) (108 -0.0144) (24 -0.0139) (91 -0.0137) (39 -0.0137) (19 0.0129) (78 -0.0125) (89 -0.0121) (77 0.0121) (123 0.011) (90 -0.011) (62 0.0107) (118 0.0106) (106 -0.0106) (126 0.0105) 
  0.00040007   (73 0.547) (57 -0.504) (63 0.235) (58 -0.233) (75 -0.219) (153 0.196) (74 0.173) (60 -0.172) (45 -0.169) (69 -0.162) (68 -0.155) (42 -0.132) (51 0.119) (43 0.101) (46 0.0818) (55 -0.0809) (13 0.0759) (30 -0.072) (50 0.071) (44 0.0674) (48 -0.067) (36 -0.0607) (71 -0.059) (53 0.0579) (54 0.0542) (56 0.048) (38 -0.0379) (28 -0.0297) (21 -0.0296) (16 -0.029) (40 0.0257) (64 -0.0257) (122 0.0255) (70 -0.0254) (41 0.025) (79 -0.0234) (19 0.0231) (35 -0.0227) (59 0.0221) (83 -0.0207) (115 -0.0188) (17 -0.0174) (118 0.0171) (78 0.0157) (126 -0.0156) (20 0.0155) (39 -0.0155) (33 0.0155) (92 0.0153) (127 0.0152) (62 0.0149) (117 -0.0149) (99 0.0146) (11 0.0145) (121 -0.0144) (72 -0.0139) (66 0.0135) (112 0.0131) (12 0.0128) (135 0.0124) (91 -0.0119) (114 0.0118) (125 -0.0118) (76 0.0115) (120 0.0111) (101 -0.0104) (104 0.01) 
   0.0004438   (153 0.98) (57 0.105) (73 -0.105) (58 0.0482) (63 -0.048) (75 0.0411) (60 0.0357) (45 0.0353) (69 0.0332) (74 -0.0326) (68 0.031) (42 0.0278) (51 -0.0249) (43 -0.0211) (46 -0.0173) (55 0.017) (13 -0.0156) (30 0.0152) (50 -0.015) (44 -0.0141) (48 0.0132) (36 0.0126) (53 -0.0122) (54 -0.0117) (71 0.0113) 
  0.00045805   (26 -0.721) (25 0.654) (24 0.115) (51 0.0876) (53 -0.0846) (23 -0.0684) (13 0.0669) (54 -0.0484) (45 -0.0383) (28 -0.0363) (52 -0.0362) (57 0.031) (48 -0.0301) (50 0.0293) (27 -0.0272) (39 0.0252) (55 0.0229) (20 0.0207) (17 -0.02) (43 0.018) (21 -0.0179) (75 -0.0178) (16 0.0176) (56 -0.0168) (46 0.0152) (31 0.0148) (73 -0.0139) (38 -0.0129) (11 0.0125) (60 0.0111) (12 0.0108) (44 0.0107) 
  0.00047544   (147 0.695) (51 0.402) (53 -0.35) (54 -0.22) (52 -0.181) (45 -0.156) (50 0.145) (57 0.121) (42 -0.114) (55 0.107) (43 0.096) (26 0.0949) (56 -0.0943) (48 -0.0887) (25 -0.071) (46 0.0587) (13 0.0579) (44 0.0522) (30 -0.0477) (60 0.0463) (73 -0.0446) (35 -0.0392) (36 -0.0381) (39 -0.0352) (47 -0.0302) (49 0.0275) (75 -0.0255) (58 0.0251) (40 0.023) (16 -0.0152) (41 0.0147) (38 -0.0139) (70 0.0127) (68 0.0124) (19 0.0122) (21 -0.0117) (17 -0.0112) (11 0.011) 
  0.00051361   (147 0.719) (51 -0.389) (53 0.339) (54 0.213) (52 0.175) (45 0.151) (50 -0.14) (57 -0.117) (42 0.11) (55 -0.104) (43 -0.0929) (56 0.0912) (26 -0.0886) (48 0.0859) (25 0.0657) (46 -0.0568) (13 -0.0563) (44 -0.0505) (30 0.0461) (60 -0.0448) (73 0.0431) (35 0.0378) (36 0.0369) (39 0.0339) (47 0.0292) (49 -0.0266) (75 0.0246) (58 -0.0242) (40 -0.0223) (16 0.0146) (41 -0.0142) (38 0.0135) (70 -0.0123) (68 -0.012) (19 -0.0118) (21 0.0114) (17 0.0109) (11 -0.0107) 
  0.00056466   (53 0.737) (54 -0.391) (52 -0.261) (39 -0.252) (38 0.16) (35 0.147) (57 0.144) (51 0.138) (42 -0.12) (36 0.115) (56 0.112) (50 0.104) (45 -0.091) (43 0.0715) (49 0.0703) (75 -0.0482) (60 0.042) (34 -0.037) (69 -0.0362) (73 -0.0349) (40 0.0349) (44 0.0348) (55 0.0283) (46 0.0262) (33 0.0253) (48 -0.0244) (47 -0.0209) (70 0.0191) (37 -0.018) (74 0.0179) (151 0.015) (26 -0.0126) (21 -0.0118) (31 0.0105) (58 0.0104) 
  0.00058801   (151 0.973) (39 0.131) (35 -0.101) (38 -0.0997) (36 -0.084) (53 0.0576) (30 -0.0266) (54 -0.0265) (13 0.0259) (34 0.0248) (52 -0.0177) (48 0.0171) (42 0.0154) (57 0.0129) (73 -0.0119) (37 0.0118) (51 0.0115) (24 0.0102) 
  0.00062467   (39 -0.54) (35 0.42) (38 0.412) (36 0.348) (53 -0.292) (151 0.23) (54 0.138) (30 0.112) (13 -0.11) (34 -0.102) (52 0.0918) (48 -0.071) (57 -0.0636) (51 -0.0577) (42 -0.0571) (73 0.0531) (37 -0.0486) (50 -0.0454) (56 -0.0453) (24 -0.0427) (75 0.0412) (26 -0.041) (31 0.0387) (40 0.0353) (22 0.0313) (60 -0.0291) (43 0.0287) (23 0.025) (33 0.0223) (19 -0.0218) (17 0.0208) (11 -0.0194) (46 -0.0186) (12 -0.0177) (45 -0.0172) (68 -0.0167) (27 -0.0167) (70 -0.0155) (49 -0.0132) (32 -0.0131) (74 -0.0125) (28 0.0115) (21 0.0108) (58 -0.0108) (63 0.0103) (25 -0.01) 
  0.00069267   (69 0.896) (68 0.252) (70 -0.211) (57 -0.209) (48 0.0913) (51 0.0771) (75 -0.0578) (42 -0.0531) (50 0.0487) (53 0.0479) (45 -0.0417) (60 -0.0358) (46 0.0355) (83 -0.0337) (30 -0.0322) (58 -0.0318) (72 0.0307) (43 0.0268) (148 0.0265) (55 -0.0246) (52 -0.0214) (54 0.0206) (33 0.0205) (44 0.0196) (35 0.0189) (21 -0.0186) (66 -0.0179) (20 0.0172) (39 -0.0171) (125 -0.0163) (99 0.0163) (74 0.0162) (16 -0.0159) (124 0.0158) (104 0.0157) (36 -0.0155) (127 0.0151) (63 -0.0151) (115 -0.0149) (97 -0.0144) (78 0.0143) (89 -0.0141) (88 0.014) (13 0.014) (40 0.0138) (92 0.0134) (122 -0.0129) (41 0.0117) (91 -0.0112) (56 -0.0112) (90 0.0109) (100 0.0107) (38 -0.0103) 
  0.00069834   (148 0.836) (48 -0.444) (51 -0.19) (45 -0.126) (42 -0.0974) (43 0.0871) (49 0.0773) (44 0.0582) (73 -0.0552) (54 0.0506) (13 0.0486) (57 0.0472) (35 -0.0422) (52 0.0391) (36 -0.0371) (50 -0.034) (30 -0.0305) (46 0.0297) (68 0.0286) (58 0.0285) (56 -0.0257) (75 -0.0237) (53 0.0231) (69 0.0219) (63 -0.0209) (38 -0.0197) (60 0.0163) (28 -0.0121) (19 0.0117) (22 -0.0109) (55 -0.0107) (24 0.0107) 
  0.00077157   (48 0.674) (148 0.547) (51 0.287) (45 0.195) (42 0.152) (43 -0.135) (49 -0.118) (44 -0.0901) (73 0.0841) (54 -0.0784) (69 -0.077) (13 -0.075) (35 0.0634) (57 -0.0614) (52 -0.0587) (36 0.0576) (68 -0.0561) (50 0.0494) (30 0.0484) (46 -0.0474) (58 -0.0419) (56 0.0399) (75 0.0391) (53 -0.0379) (63 0.0328) (38 0.0306) (60 -0.0231) (28 0.0188) (19 -0.0182) (55 0.0177) (22 0.0165) (24 -0.0161) (40 -0.016) (41 -0.015) (17 0.0148) (34 -0.014) (71 -0.0139) (11 -0.0135) (26 -0.0127) (12 -0.0123) (16 0.0123) (121 0.0113) (21 0.0113) 
    0.000787   (38 -0.677) (39 -0.523) (21 -0.235) (35 0.182) (36 -0.175) (23 0.155) (42 0.14) (19 0.133) (22 -0.131) (20 0.131) (33 0.0974) (41 -0.0786) (45 0.0779) (16 -0.0738) (40 -0.073) (13 0.0572) (34 -0.0567) (43 -0.0555) (30 -0.0489) (46 -0.0387) (44 -0.0342) (57 0.03) (17 -0.0278) (51 -0.0243) (50 -0.022) (31 0.0196) (26 -0.0185) (54 -0.0184) (55 0.0152) (48 -0.0139) (53 -0.0124) (24 -0.0121) (11 0.0112) (15 -0.0106) 
  0.00082917   (21 -0.546) (23 0.404) (22 -0.375) (19 0.323) (38 0.278) (20 0.263) (39 0.196) (30 0.179) (13 0.156) (36 0.111) (16 -0.106) (28 0.0815) (17 -0.08) (33 -0.0656) (35 -0.0594) (24 0.0465) (143 0.0368) (11 0.0288) (27 -0.0258) (12 0.0257) (34 0.0231) (48 0.0137) (40 0.0133) (41 0.0133) (29 0.0122) (31 -0.0105) (15 -0.0103) (26 -0.0101) 
  0.00085738   (143 0.998) (142 -0.0481) (21 0.021) (23 -0.0154) (22 0.0143) (19 -0.0124) (20 -0.0102) 
   0.0010112   (50 -0.38) (45 -0.375) (48 0.355) (46 0.336) (51 -0.309) (49 -0.283) (16 -0.278) (42 -0.25) (43 0.178) (54 -0.136) (57 0.133) (47 -0.131) (44 0.11) (17 0.0938) (13 0.0838) (41 0.0833) (55 0.0819) (35 0.0797) (30 -0.0637) (53 -0.0554) (38 -0.0545) (33 0.0504) (56 -0.0471) (36 -0.0455) (75 0.0437) (40 0.0294) (24 -0.029) (39 0.0289) (34 -0.0245) (73 0.024) (68 -0.0227) (15 -0.02) (74 -0.0193) (52 0.0189) (60 0.0174) (19 -0.0167) (83 -0.0161) (31 0.0156) (26 -0.0139) (11 0.0136) (12 0.0134) (28 -0.0132) (23 0.0129) (58 0.0124) (69 -0.0111) (112 0.011) (114 0.01) 
   0.0010526   (16 -0.82) (17 0.331) (13 0.255) (21 0.142) (45 0.136) (19 -0.112) (20 -0.109) (42 0.109) (46 -0.105) (50 0.0999) (30 0.0993) (48 -0.0961) (49 0.0801) (51 0.0762) (43 -0.0709) (28 0.0474) (11 0.0457) (15 -0.045) (44 -0.0445) (12 0.0418) (36 0.0389) (47 0.0383) (54 0.0347) (38 0.0342) (41 -0.0323) (57 -0.0286) (33 -0.0284) (22 0.0204) (14 0.0198) (55 -0.0196) (23 0.0189) (24 0.0186) (40 -0.0185) (26 -0.0161) (75 -0.0133) (53 0.0129) (56 0.0121) (35 -0.0113) 
   0.0012524   (146 -1) 
   0.0014584   (55 -0.607) (56 -0.454) (30 -0.41) (54 0.284) (57 0.268) (51 0.127) (31 0.115) (53 0.115) (33 -0.102) (50 0.0862) (48 0.0829) (36 0.0677) (28 -0.0659) (46 0.0641) (73 0.0478) (16 -0.0476) (20 0.0469) (21 -0.0452) (45 -0.0424) (13 0.0409) (75 0.0409) (35 0.0382) (68 -0.0346) (52 -0.0311) (38 0.031) (19 0.0273) (44 0.0225) (63 0.0213) (27 0.0204) (70 -0.0182) (29 -0.0175) (24 -0.0174) (74 -0.0165) (71 0.0164) (47 0.016) (60 0.0134) (49 0.0125) (43 0.0122) (69 -0.0115) (139 0.0113) 
   0.0015211   (30 -0.747) (55 0.303) (33 -0.269) (56 0.215) (31 0.214) (36 0.164) (42 0.149) (54 -0.149) (38 0.112) (28 -0.112) (139 0.107) (57 -0.106) (13 0.0972) (51 -0.0963) (45 0.0963) (50 -0.0667) (43 -0.0638) (53 -0.062) (46 -0.0539) (21 -0.0505) (20 0.0463) (16 -0.0455) (41 -0.0446) (44 -0.0419) (19 0.0416) (27 0.0346) (40 -0.0327) (48 -0.032) (73 -0.0301) (17 -0.0262) (29 -0.0257) (22 -0.024) (52 0.0223) (34 0.0218) (26 0.0218) (75 -0.0208) (39 -0.0194) (32 -0.019) (11 0.0182) (12 0.016) (68 0.016) (49 -0.0151) (35 -0.0136) (63 -0.0122) (37 -0.0122) (70 0.0104) 
    0.001556   (139 0.994) (30 0.0854) (33 0.0301) (55 -0.0257) (31 -0.0245) (36 -0.0184) (56 -0.0181) (42 -0.0157) (28 0.0129) (54 0.0127) (38 -0.0124) (13 -0.011) 
   0.0017502   (15 -0.876) (31 -0.428) (13 0.104) (28 -0.0944) (30 -0.0839) (35 0.0813) (16 0.0649) (14 -0.0633) (36 0.0357) (134 -0.0355) (39 0.03) (17 -0.0277) (42 0.0262) (33 0.0178) (34 -0.0171) (26 0.0158) (32 -0.0155) (12 0.0148) (20 -0.014) (71 -0.0135) (44 -0.013) (43 -0.0129) (11 0.0119) (19 -0.0117) (45 0.0102) 
   0.0017827   (134 -0.669) (31 -0.599) (15 0.365) (30 -0.134) (35 0.114) (28 -0.113) (36 0.0515) (13 0.0507) (39 0.0337) (42 0.0328) (33 0.0322) (16 -0.0288) (24 0.0287) (14 0.0254) (34 -0.0231) (23 -0.023) (19 0.0216) (32 -0.0206) (26 0.0199) (17 -0.0186) (25 0.018) (43 -0.0172) (44 -0.016) (21 -0.0117) (11 0.0116) (51 -0.0115) (22 -0.011) (52 -0.0107) (45 0.0101) 
   0.0019231   (134 -0.742) (31 0.561) (15 -0.288) (30 0.125) (35 -0.107) (28 0.106) (13 -0.0508) (36 -0.0482) (39 -0.0318) (42 -0.0308) (33 -0.0299) (24 -0.0258) (16 0.0229) (34 0.0216) (23 0.0211) (14 -0.0199) (32 0.0193) (19 -0.0189) (26 -0.0187) (17 0.0181) (25 -0.0161) (43 0.0161) (44 0.015) (11 -0.0111) (21 0.0109) (51 0.0107) 
   0.0020197   (28 -0.889) (52 -0.261) (30 0.197) (31 0.132) (49 0.127) (51 -0.123) (24 -0.0842) (68 0.0813) (47 -0.0773) (29 0.0665) (25 -0.0625) (70 0.0502) (35 -0.0501) (48 0.0476) (53 -0.0445) (44 -0.0398) (54 0.0396) (27 0.0351) (16 -0.0344) (20 0.0341) (26 -0.0286) (73 0.027) (45 0.0267) (71 0.0265) (36 0.025) (19 0.0239) (43 -0.0211) (60 -0.0189) (75 0.0187) (66 -0.0176) (41 0.0166) (32 -0.0165) (57 -0.0163) (14 -0.0157) (67 0.0154) (58 -0.0142) (69 -0.0136) (33 -0.0135) (17 -0.0131) (21 -0.0131) (42 0.0125) (15 0.0115) (82 -0.0113) (50 0.0106) (40 0.0103) (132 -0.0102) 
   0.0021918   (68 0.704) (70 0.405) (52 0.24) (73 0.195) (49 -0.182) (132 -0.179) (66 -0.174) (71 0.174) (75 0.171) (51 0.125) (69 -0.12) (78 -0.0852) (58 0.0798) (74 0.0661) (50 0.0625) (79 -0.0598) (53 0.0591) (63 -0.0589) (67 0.0562) (60 -0.0511) (64 -0.0498) (82 -0.0429) (47 0.0398) (42 -0.0343) (83 -0.0337) (130 0.0319) (56 0.0302) (87 0.0274) (43 0.0274) (76 -0.0271) (84 0.0255) (80 -0.0246) (45 -0.0243) (57 -0.0235) (107 -0.0227) (62 -0.0216) (72 -0.0209) (44 0.0207) (106 0.0204) (108 0.0199) (41 0.0188) (48 -0.0183) (30 -0.0179) (96 -0.0162) (59 0.0152) (92 0.015) (128 -0.0131) (118 -0.0129) (35 0.0128) (36 -0.012) (28 -0.012) (16 -0.0113) (86 0.0109) (119 -0.0104) 
   0.0023272   (52 0.547) (132 -0.528) (28 -0.281) (68 -0.263) (49 -0.256) (51 0.238) (47 0.176) (70 -0.173) (53 0.0974) (73 -0.0955) (54 -0.0913) (71 -0.0837) (44 0.0815) (48 -0.0771) (58 0.0705) (66 0.0683) (60 0.0582) (30 0.0556) (57 0.0538) (75 -0.0534) (130 0.0517) (69 0.046) (56 0.0347) (41 -0.0332) (74 -0.0318) (67 -0.0318) (24 -0.0316) (35 -0.0311) (46 0.0303) (83 0.0296) (43 0.026) (82 0.0259) (25 -0.0233) (63 0.0221) (79 0.0202) (31 0.0199) (64 0.0186) (13 0.0178) (20 0.017) (16 -0.017) (45 -0.017) (61 -0.0168) (29 0.0165) (50 0.0142) (112 -0.014) (36 0.014) (19 0.0139) (92 0.0132) (78 0.0131) (62 0.0125) (128 -0.0117) (17 -0.011) (39 -0.0106) (99 -0.0104) (34 -0.0103) (89 0.0103) (118 -0.01) 
   0.0024185   (132 -0.826) (52 -0.4) (49 0.203) (28 0.194) (51 -0.179) (47 -0.12) (53 -0.0749) (58 -0.0624) (44 -0.0562) (54 0.0562) (130 0.0559) (48 0.0528) (30 -0.0341) (57 -0.0289) (56 -0.0288) (60 -0.0257) (24 0.0234) (50 -0.0232) (43 -0.0225) (70 0.0215) (46 -0.0206) (73 0.0184) (35 0.0176) (128 -0.0171) (41 0.0167) (45 0.016) (25 0.016) (71 0.0153) (135 0.0146) (16 0.0139) (20 -0.0132) (31 -0.0131) (29 -0.0127) (68 0.0126) (13 -0.0125) (83 -0.0119) (92 -0.0108) 
    0.002553   (22 0.814) (20 0.316) (21 -0.276) (56 -0.221) (19 0.193) (24 0.107) (54 -0.0998) (23 -0.085) (14 0.0726) (16 -0.0712) (55 0.0682) (57 -0.0654) (30 0.0607) (45 0.0497) (29 0.0479) (50 -0.043) (46 -0.0421) (51 -0.0401) (33 -0.0387) (11 0.0322) (42 0.0305) (28 0.029) (44 -0.0284) (35 -0.0277) (26 0.0255) (18 0.025) (43 -0.0231) (48 -0.0214) (75 -0.0211) (38 0.0202) (25 -0.0201) (41 0.0199) (27 -0.0153) (52 0.0148) (68 0.0147) (53 0.0142) (70 0.0142) (125 -0.0136) (69 -0.0134) (40 -0.0129) (34 0.0124) (15 -0.0122) (121 0.0121) (120 -0.0114) (74 0.0114) (83 0.0114) (39 0.0111) (31 -0.0109) (60 -0.0102) 
   0.0026318   (60 0.855) (56 0.346) (54 0.182) (75 0.127) (58 -0.119) (55 -0.118) (22 0.107) (45 -0.0854) (50 0.0805) (46 0.0774) (73 0.0767) (57 -0.0602) (63 0.0578) (20 0.0533) (74 -0.0509) (59 -0.0488) (21 -0.0485) (133 -0.0379) (52 -0.0379) (71 -0.0328) (44 0.0299) (51 0.0291) (53 -0.0274) (19 0.0274) (47 -0.0259) (64 -0.0255) (43 0.0252) (83 0.023) (16 -0.0223) (125 -0.022) (108 -0.0217) (48 0.0206) (68 0.0201) (79 0.0179) (121 -0.0172) (14 0.0172) (49 0.0167) (109 0.0164) (107 0.0162) (72 -0.015) (106 -0.015) (30 -0.0147) (76 -0.0147) (78 -0.0143) (61 0.014) (65 0.0137) (40 0.0136) (99 0.0133) (39 -0.0126) 
   0.0027743   (133 -0.711) (56 0.474) (60 -0.301) (57 0.239) (54 0.186) (22 0.136) (55 -0.118) (47 -0.0875) (51 0.078) (50 0.0692) (20 0.0684) (41 0.0606) (42 -0.0606) (21 -0.0601) (45 -0.0555) (53 -0.0463) (68 -0.0413) (19 0.0362) (58 0.031) (70 -0.0305) (43 0.0302) (16 -0.0288) (35 0.0281) (63 -0.0254) (83 -0.0248) (69 0.0245) (44 -0.0235) (30 -0.0226) (59 0.021) (75 0.0168) (36 -0.0166) (52 -0.0161) (39 0.0156) (125 0.0154) (38 -0.0148) (135 -0.0147) (64 0.012) (29 0.0119) (74 -0.0116) (66 0.011) (23 -0.0107) (71 0.0104) (123 0.0104) (33 0.0104) (46 0.0101) 
   0.0028631   (133 -0.701) (56 -0.499) (60 0.258) (57 -0.239) (54 -0.198) (22 -0.144) (55 0.127) (47 0.0898) (51 -0.0805) (50 -0.0747) (20 -0.0723) (21 0.0636) (45 0.0613) (42 0.0608) (41 -0.0605) (53 0.0484) (68 0.0408) (125 -0.04) (19 -0.0382) (43 -0.032) (70 0.0307) (16 0.0304) (35 -0.0282) (69 -0.0248) (58 -0.0248) (83 0.0248) (30 0.0238) (75 -0.0232) (63 0.0226) (44 0.0217) (59 -0.0186) (52 0.0185) (135 -0.0182) (36 0.0172) (123 -0.016) (38 0.0152) (46 -0.015) (39 -0.0149) (74 0.0143) (127 0.013) (29 -0.0119) (106 -0.0117) (23 0.0113) (107 0.0111) (64 -0.0108) (66 -0.0107) (33 -0.0105) (122 -0.0105) (112 -0.0101) 
   0.0034591   (36 -0.785) (38 0.402) (63 0.292) (35 0.189) (83 0.131) (42 0.121) (37 0.12) (41 -0.0912) (39 -0.0853) (57 0.0775) (30 -0.0769) (58 0.0607) (34 -0.0495) (45 0.047) (64 -0.046) (33 0.0442) (28 -0.0419) (51 -0.0351) (86 -0.0349) (43 -0.0338) (14 -0.0299) (62 0.0286) (68 0.0274) (47 0.0264) (55 0.0258) (73 -0.0217) (96 -0.0201) (20 0.0182) (16 -0.0174) (69 0.0169) (21 -0.0167) (24 -0.0161) (90 0.0156) (40 -0.0136) (88 -0.0135) (53 -0.0134) (29 0.0129) (131 0.0128) (49 0.0123) (108 0.0122) (22 -0.0116) (84 0.0106) (31 0.0105) (48 0.0105) (106 0.0102) (107 -0.0102) (75 -0.01) 
   0.0038689   (83 0.855) (63 -0.362) (131 0.241) (86 -0.148) (57 -0.0871) (90 0.0739) (58 -0.0648) (64 0.056) (85 0.0558) (84 0.0515) (106 0.0458) (89 -0.044) (91 -0.0425) (107 -0.0421) (108 0.0389) (112 0.0358) (62 -0.0348) (96 -0.0341) (55 -0.0339) (45 -0.0327) (103 -0.0299) (60 -0.0293) (42 -0.0291) (75 -0.0266) (115 -0.0265) (51 0.0263) (114 0.0252) (71 -0.0245) (88 -0.0232) (97 -0.0222) (54 0.0214) (102 0.0212) (78 -0.0195) (46 0.0188) (70 0.0188) (87 -0.0187) (93 0.0186) (124 0.0184) (41 0.0181) (43 0.0172) (79 0.0171) (30 -0.017) (101 -0.0169) (48 0.0167) (109 0.0164) (104 0.0164) (118 0.0156) (92 0.0149) (74 0.0148) (52 -0.0146) (110 0.0146) (69 -0.0139) (130 0.013) (117 -0.0127) (72 -0.0122) (56 0.0119) (81 0.0118) (126 0.0118) (47 -0.0113) (50 0.011) (100 0.011) (38 -0.0107) (127 0.0106) 
   0.0040412   (131 0.593) (63 -0.58) (83 -0.408) (36 -0.222) (38 0.111) (57 -0.101) (58 -0.0953) (64 0.0922) (47 0.0801) (86 0.0785) (68 -0.0737) (41 -0.0557) (62 -0.0551) (44 0.0539) (73 0.0495) (90 -0.0477) (46 0.0447) (69 -0.0433) (35 0.0422) (39 -0.0357) (75 0.0348) (96 0.033) (37 0.0328) (84 -0.0322) (42 0.0314) (85 -0.0307) (108 -0.0296) (88 0.0295) (106 -0.0261) (30 -0.0253) (55 -0.0252) (107 0.0251) (130 0.0218) (89 0.0212) (51 0.0205) (103 0.0202) (91 0.0184) (70 -0.0182) (61 0.0159) (28 -0.0154) (109 -0.0152) (74 -0.0146) (13 0.0143) (66 0.0141) (49 0.014) (94 0.0134) (67 -0.0128) (102 -0.0126) (34 -0.0121) (93 -0.012) (112 -0.012) (127 0.0112) (20 0.0111) (59 0.0108) (87 0.0105) (45 -0.0103) (99 0.0102) (33 0.01) 
   0.0040999   (131 0.767) (63 0.557) (36 0.186) (57 0.105) (58 0.0931) (38 -0.0887) (64 -0.088) (47 -0.0577) (68 0.0561) (62 0.053) (44 -0.043) (83 0.0418) (46 -0.0403) (35 -0.039) (41 0.0381) (73 -0.0381) (69 0.0373) (39 0.0313) (55 0.0301) (37 -0.0271) (130 0.0269) (30 0.0267) (51 -0.0239) (45 0.0179) (75 -0.0177) (96 -0.0168) (42 -0.0164) (108 0.0157) (88 -0.0157) (61 -0.0153) (86 -0.0146) (90 0.0146) (28 0.0137) (13 -0.0127) (48 -0.0125) (94 -0.0119) (67 0.0116) (20 -0.0114) (54 -0.0113) (107 -0.0112) (59 -0.0112) (106 0.011) (34 0.011) (49 -0.0109) (33 -0.0109) (66 -0.0106) (21 0.0103) 
   0.0042114   (105 0.536) (96 0.345) (103 0.295) (124 0.276) (109 0.242) (104 -0.238) (107 -0.191) (110 -0.188) (99 0.176) (101 0.175) (123 -0.174) (100 -0.161) (120 -0.144) (125 0.129) (121 -0.129) (113 0.116) (102 -0.0886) (112 -0.0874) (98 -0.0828) (115 -0.0748) (106 0.0672) (94 0.0664) (89 0.0519) (47 0.0465) (93 -0.0449) (116 -0.0398) (118 0.0396) (92 0.0344) (83 0.0309) (81 0.0305) (145 0.0296) (126 -0.0287) (71 -0.0269) (111 0.0266) (46 0.0254) (88 -0.024) (85 -0.0194) (44 0.0191) (80 -0.0167) (49 0.0157) (63 0.015) (68 0.0137) (90 -0.0134) (60 -0.0127) (70 0.0123) (52 -0.0123) (108 0.0117) (79 0.0117) (135 0.0115) (42 0.0109) 
   0.0043597   (145 -0.999) (124 0.0347) (123 -0.0188) (125 0.0151) (120 -0.0106) (135 0.0101) 
   0.0044069   (47 0.734) (46 0.348) (44 0.33) (49 0.224) (41 -0.158) (52 -0.138) (42 0.119) (71 -0.109) (56 0.0954) (60 -0.0911) (36 0.0885) (63 0.0854) (14 0.0827) (48 0.0781) (57 0.0761) (68 0.0663) (124 -0.0638) (51 -0.0601) (83 0.0597) (81 0.0541) (70 0.0532) (35 -0.0485) (96 0.0464) (53 -0.0462) (123 0.0456) (125 -0.0445) (54 0.0421) (58 0.0413) (121 0.0406) (105 -0.0382) (106 -0.0371) (22 0.0359) (72 -0.0354) (107 0.0351) (120 0.0345) (50 -0.0334) (55 0.0333) (80 -0.0305) (109 -0.0279) (30 0.0264) (113 0.0241) (73 0.0228) (86 0.0226) (29 -0.0224) (11 0.0219) (38 -0.0218) (79 0.0198) (111 0.0183) (108 -0.0183) (91 -0.0181) (66 -0.018) (103 -0.0178) (39 -0.0176) (90 -0.0168) (99 -0.0162) (28 0.0157) (33 -0.0154) (85 -0.0149) (89 0.0143) (88 0.0143) (37 -0.0142) (75 0.0139) (110 0.0135) (64 -0.0133) (78 -0.0121) (101 -0.0118) (102 -0.0112) (82 0.0106) (27 -0.0103) 
   0.0044399   (71 -0.609) (44 0.409) (80 -0.371) (47 -0.283) (72 -0.191) (79 0.176) (82 0.158) (94 0.139) (70 0.136) (45 0.134) (86 0.119) (46 -0.103) (84 -0.0876) (98 -0.0828) (68 0.0782) (76 -0.0717) (77 -0.0662) (90 0.0661) (43 0.0597) (111 0.0596) (41 -0.0535) (73 -0.0475) (96 -0.0469) (108 0.0448) (113 -0.0406) (93 0.0389) (85 -0.034) (49 -0.0334) (60 -0.0317) (81 0.0311) (105 -0.03) (104 0.0273) (107 0.0253) (74 0.0245) (92 -0.0245) (42 0.0238) (121 -0.0237) (78 0.0235) (55 -0.0224) (101 -0.0202) (123 -0.0197) (100 0.0195) (66 -0.0194) (106 -0.0191) (54 0.0184) (124 0.0178) (97 0.0178) (58 0.0175) (155 -0.0166) (112 0.0165) (103 0.0158) (125 0.0155) (87 0.0153) (110 0.0129) (67 0.0124) (120 -0.0115) (89 0.0114) (116 -0.0112) (83 -0.0111) (15 0.0101) 
     0.00457   (155 -0.999) (44 -0.0348) (47 0.0143) (45 -0.0105) 
   0.0049221   (44 0.737) (71 0.445) (47 -0.247) (45 0.218) (80 0.143) (41 -0.135) (72 0.131) (79 -0.129) (70 -0.0944) (46 -0.0939) (42 0.0869) (86 -0.0804) (43 0.0768) (108 -0.0682) (82 -0.0596) (90 0.0497) (111 -0.048) (68 -0.0464) (78 0.0444) (85 0.0419) (89 -0.0417) (36 0.0398) (98 0.0391) (84 0.0382) (155 -0.0373) (73 0.0326) (113 0.0318) (96 0.0274) (39 0.0251) (14 0.025) (112 -0.0233) (58 -0.0223) (49 -0.0222) (50 -0.0216) (105 0.0183) (104 -0.0181) (76 0.0179) (52 -0.0176) (101 0.0173) (56 0.0166) (110 -0.0164) (121 0.0164) (22 0.0159) (94 0.0159) (124 -0.0157) (13 -0.0152) (123 0.0143) (87 -0.014) (30 0.0137) (83 0.0137) (48 0.0135) (114 -0.013) (125 -0.0129) (31 -0.0128) (66 0.0128) (100 -0.012) (29 -0.0119) (115 0.0118) (107 -0.0116) (67 -0.0114) (119 -0.0113) (63 0.0107) (38 -0.0107) 
   0.0049976   (18 -0.98) (138 -0.178) (17 -0.0512) (14 -0.0395) (16 -0.0292) (22 0.0254) (7 -0.0214) (13 -0.0141) (33 -0.0104) 
   0.0050968   (138 -0.984) (18 0.178) 
   0.0053138   (7 1) (18 -0.021) 
   0.0054289   (4 1) 
   0.0056945   (27 -0.654) (136 -0.352) (26 0.314) (35 0.259) (24 0.255) (13 0.247) (25 0.214) (23 -0.171) (31 0.136) (39 0.124) (33 0.0859) (17 -0.0833) (29 -0.0795) (28 -0.0712) (34 -0.0696) (11 0.0456) (16 0.0455) (12 0.0445) (20 -0.0427) (22 -0.0371) (38 -0.0366) (75 -0.0333) (30 0.0328) (36 0.0305) (73 -0.0204) (43 -0.0185) (40 -0.0184) (42 0.017) (15 0.0158) (21 -0.0144) (32 -0.0128) (45 0.0125) (54 0.0122) (52 0.011) 
   0.0057146   (136 -0.936) (27 0.246) (26 -0.118) (35 -0.0972) (24 -0.096) (13 -0.0929) (25 -0.0805) (23 0.0644) (31 -0.0512) (39 -0.0465) (33 -0.0323) (17 0.0314) (29 0.0299) (28 0.0268) (34 0.0261) (11 -0.0172) (16 -0.0171) (12 -0.0168) (20 0.0161) (22 0.014) (38 0.0137) (30 -0.0123) (75 0.0123) (36 -0.0115) 
   0.0059886   (10 0.661) (17 0.599) (16 0.315) (13 0.273) (24 -0.0817) (23 0.0751) (20 0.0615) (12 0.0465) (18 -0.0457) (11 0.042) (35 0.0416) (15 0.0367) (25 -0.0293) (26 -0.0267) (22 0.0234) (21 -0.0228) (19 -0.0196) (39 0.0193) (14 -0.0186) (31 0.0135) (75 -0.0129) (34 -0.011) 
   0.0063946   (144 0.999) (10 -0.0272) (17 0.0169) 
   0.0065675   (10 0.748) (17 -0.545) (16 -0.278) (13 -0.195) (24 0.0796) (23 -0.0704) (20 -0.06) (35 -0.0423) (18 0.0405) (12 -0.0351) (11 -0.0345) (144 0.0339) (15 -0.0288) (25 0.0273) (26 0.0262) (22 -0.0243) (21 0.0239) (19 0.0187) (39 -0.0186) (75 0.0142) (31 -0.0137) (34 0.0113) (42 -0.0104) 
   0.0071966   (11 -0.902) (41 0.334) (12 0.17) (13 0.146) (44 0.0767) (14 0.0721) (42 0.0664) (39 -0.0451) (47 0.0425) (45 0.0261) (34 0.025) (49 0.0246) (36 -0.0207) (35 -0.0191) (43 -0.0178) (40 0.0176) (29 0.0174) (33 -0.0136) (60 0.0128) 
   0.0075367   (141 -0.998) (41 0.0474) (11 0.021) 
   0.0078826   (41 -0.871) (11 -0.353) (42 -0.17) (44 -0.165) (39 0.111) (47 -0.0767) (49 -0.0686) (12 0.0637) (36 0.0615) (34 -0.0596) (45 -0.0564) (141 -0.0549) (14 0.0508) (43 0.0494) (40 -0.0457) (29 -0.0419) (35 0.0387) (22 0.0358) (50 0.0304) (52 -0.0276) (33 0.0251) (60 -0.025) (61 -0.0217) (62 0.02) (19 0.0186) (30 0.017) (20 0.0168) (56 0.0165) (38 -0.0163) (13 0.0161) (67 0.0156) (108 -0.0156) (83 0.0153) (74 0.0144) (51 -0.0136) (82 0.0126) (106 -0.0123) (46 -0.0115) (77 -0.011) (107 0.0106) 
   0.0081277   (12 -0.908) (29 0.337) (13 0.19) (11 -0.138) (14 0.0413) (33 0.0378) (27 -0.0258) (30 -0.0229) (41 -0.0226) (34 -0.0217) (28 0.0212) (66 0.0158) (36 0.0141) (19 -0.013) (49 0.0126) (137 -0.0109) 
   0.0092025   (137 -0.977) (29 0.192) (12 0.0819) (33 0.0192) (11 0.0136) (30 -0.0126) (27 -0.0123) (34 -0.0118) (28 0.0104) 

 Largest eigenvalues
      26.872   (163 0.282) (165 0.947) 
      21.035   (35 0.425) (39 0.362) (42 -0.387) (75 0.293) 
      15.686   (73 0.373) (75 0.639) 
      13.959   (106 -0.468) (107 0.444) (108 -0.597) 
      4.0214   (96 0.292) (121 0.329) (123 0.356) (124 -0.526) (125 -0.354) 
      1.2464   (163 0.959) (165 -0.28) 
      1.2236   (162 0.996) 
      1.1529   (164 0.994) 
      1.1442   (88 0.689) (89 -0.587) 
      1.1407   (99 0.485) (100 0.43) (101 0.457) 
      1.1269   (100 0.347) (104 0.343) (106 -0.537) (107 -0.385) 
     0.95648   (115 -0.393) (116 -0.686) 
     0.91615   (104 0.527) (105 0.466) (107 0.441) 
     0.89337   (99 0.328) (100 -0.666) (103 -0.341) 
     0.87449   (112 0.602) (113 0.315) 
     0.77575   (110 -0.507) (116 0.377) (118 0.289) 
     0.67023   (109 0.245) (110 0.699) (112 -0.271) (113 -0.226) (116 0.227) (135 0.226) 
     0.66778   (96 0.772) (99 -0.257) (100 0.246) (110 0.223) 
     0.66166   (114 -0.397) (115 -0.334) (126 0.576) (135 0.395) 
     0.60439   (113 0.506) (114 0.64) (126 0.297) 
     0.59651   (109 -0.589) (112 0.301) (113 -0.336) (114 0.293) (115 0.326) 
     0.58008   (109 0.677) (112 0.367) (113 -0.324) 
     0.57634   (122 -0.342) (123 0.347) (124 0.291) (128 0.512) 
     0.57411   (123 -0.348) (125 -0.679) (126 -0.293) (128 0.423) 
     0.56214   (120 0.451) (121 -0.491) (122 0.445) 
     0.56156   (118 0.417) (120 -0.652) (122 0.326) 
     0.51283   (117 -0.376) (121 0.462) (123 -0.428) (127 -0.376) 
     0.47273   (117 0.48) (118 0.457) (122 -0.334) (126 0.327) (135 -0.331) 
       0.449   (117 -0.441) (118 -0.268) (120 -0.291) (121 -0.301) (123 0.338) (126 0.335) (135 -0.377) 
     0.39455   (91 -0.949) (92 -0.224) 
     0.33636   (122 0.335) (124 0.337) (127 0.5) (135 -0.41) 
     0.31936   (93 0.915) (103 0.213) 
     0.30723   (93 -0.322) (103 0.671) (104 0.431) (105 -0.297) 
     0.27427   (102 -0.817) (103 -0.242) 
     0.25318   (98 -0.497) (124 -0.299) 
     0.24084   (79 -0.294) (86 0.651) (98 0.316) 
     0.23029   (78 -0.336) (79 0.476) (98 0.573) 
     0.22686   (78 0.353) (79 -0.434) (86 -0.609) 
     0.17803   (98 -0.393) (111 0.593) 
     0.15125   (88 0.295) (89 0.545) (90 -0.634) (94 -0.324) 
     0.14489   (90 0.292) (94 -0.367) (97 -0.552) (108 -0.326) 
     0.13291   (85 0.309) (94 0.623) 
     0.12699   (85 -0.878) (97 0.228) 
     0.11684   (88 -0.417) (89 -0.418) (90 -0.362) (97 0.339) 
     0.10659   (71 -0.384) (78 -0.307) (80 0.591) (82 -0.35) (84 0.299) 
     0.10292   (76 -0.272) (77 -0.277) (78 0.261) (80 -0.251) (84 0.31) (87 -0.287) (97 0.31) 
     0.09924   (59 0.27) (62 -0.206) (67 0.35) (72 0.342) (76 0.279) (79 -0.208) (82 0.224) (90 0.216) 
    0.095891   (59 -0.648) (62 0.304) 
     0.09455   (59 0.592) (67 -0.358) (72 -0.303) 
    0.089399   (59 -0.309) (62 -0.307) (67 0.319) (97 -0.306) 
    0.084601   (62 0.594) (72 0.353) 
    0.078276   (62 -0.566) (67 -0.408) (84 0.287) 
     0.07429   (61 0.313) (65 -0.645) 
    0.073588   (61 -0.797) (72 -0.319) 
    0.071621   (61 0.471) (65 0.47) (67 0.318) 
    0.067646   (67 -0.231) (72 0.348) (76 -0.227) (82 0.227) (111 0.221) (116 0.204) (117 0.293) (118 -0.278) 
    0.062069   (74 -0.327) (76 0.308) (78 0.272) (82 -0.266) 
    0.059894   (64 0.58) (70 0.307) (82 -0.306) 
    0.056983   (64 -0.61) (74 0.335) (87 0.289) 
     0.05582   (64 0.342) (66 -0.314) (70 -0.49) (76 -0.307) 
    0.054265   (66 0.391) (74 -0.406) (82 0.324) (84 0.288) (101 -0.288) 
    0.051897   (66 -0.5) (76 0.321) (101 -0.294) 
    0.048795   (66 0.502) (67 0.289) (70 -0.307) (74 0.3) 
    0.046509   (76 -0.291) (82 -0.34) (84 -0.36) (87 -0.358) (119 0.325) 
    0.044577   (34 0.899) (35 0.227) (49 -0.23) 
    0.042645   (34 -0.331) (49 -0.623) (50 0.367) (52 -0.304) 
     0.04239   (77 -0.422) (92 0.313) (99 -0.248) (119 0.405) 
    0.039888   (54 -0.367) (55 -0.36) (77 0.384) 
    0.033576   (50 -0.29) (51 0.288) (54 0.413) (55 0.293) (77 0.384) 
    0.032183   (32 0.823) (40 -0.436) 
    0.029446   (32 -0.51) (40 -0.567) 
    0.028355   (37 0.463) (40 0.436) (92 -0.447) 
    0.027855   (37 -0.798) (40 0.325) 
    0.024444   (37 0.26) (40 -0.305) (50 -0.35) (55 -0.26) (58 0.436) (92 -0.317) 
    0.022547   (130 -0.862) 
    0.021375   (129 0.578) (160 -0.809) 
    0.020383   (129 0.577) (160 0.314) (161 0.754) 
    0.020092   (129 0.577) (160 0.496) (161 -0.649) 
    0.017393   (14 0.979) 
     0.01612   (140 -0.999) 
