 1 46379.5
 2 615.27
 3 28.0599
 4 175618
 5 505.914
 6 328.422
 7 460818
 8 38.9829
 9 12421.7
 10 2510.7
 11 3.93838
 12 1627.35
 13 305601
 14 4219.56
 15 0.844183
 16 309858
 17 3680.37
 18 8.9456
 19 120295
 20 2050.53
 21 390.868
 22 164674
 23 3236.93
 24 146.89
 25 265.84
 26 324.228
 27 22.5471
 28 2897.55
 29 247.701
 30 310.985
 31 515.855
 32 72.7061
 33 1006.56
 34 222.576
 35 158.695
 36 414.087
 37 1530.85
 38 2951.96
 39 7.90837
 40 981.694
 41 4318.4
 42 2.12623
 43 675.599
 44 1463.64
 45 29.1738
 46 14787
 47 939.555
 48 1951.93
 49 1834.92
 50 189.908
 51 318.103
 52 203.531
 53 2907.22
 54 307.691
 55 214.009
 56 315.477
 57 915.332
 58 88.1432
 59 133.192
 60 201.255
 61 22.5294
 62 1.82672
 63 465.71
 64 326.639
 65 1.66922
 66 493.588
 67 3022.32
 68 271.384
 69 162971
 70 169792
 71 2210.5
 72 230.339
 73 17665.2
 74 24.3729
 75 13788.3
 76 8349.53
 77 5.54097
 78 1849.08
 79 8845.09
 80 53.398
 81 2681.66
 82 1558.53
 83 235.184
 84 3.05577
 85 137.441
 86 3.19058
 87 4716.06
 88 1.71112
 89 1.63879
 90 1.90689
 91 10.248
 92 497.34
 93 1696.92
 94 1623.39
 95 2670.6
 96 2450.55
 97 319.593
 98 344.882
 99 127.66
 100 1119.21
 101 1553.55
 102 131.076
 103 152.551
 104 135.975
 105 135.117
 106 161.04
 107 166.461
 108 171.893
 109 129.32
 110 100.758
 111 185.423
 112 206.416
 113 192.403
 114 175.303
 115 184.673
 116 150.484
 117 174.389
 118 196.556
 119 157.221
 120 88.9445
 121 124.621
 122 49.2312
 123 68.3334
 124 38.4505
 125 29.8483
 126 52.4972
 127 27.3847
 128 91.7679
 129 66.2514
 130 62.2901
 131 20.3164
 132 21.1059
 133 22.7465
 134 36.3988
 135 8.71758
 136 46.9816
 137 9.83687
 138 9.18572
 139 9.21687
 140 10.8032
 141 11.1895
 142 8.90173
 143 9.40766
 144 15.237
 145 15.2603
 146 12.66
 147 10.3386
 148 29.5892
 149 16.4332
 150 12.0244
 151 13.8621
 152 23.9235
 153 21.536
 154 13.5547
 155 20.1333
 156 24.3453
 157 46.7951
 158 0.164322
 159 0.20675
 160 0.496308
 161 25.7226
 162 26.4791
 163 1094.02
 164 1428.04
 165 7.18306
