 1 31.6228
 2 21.4194
 3 1.93538
 4 31.6228
 5 16.1066
 6 10.8667
 7 31.6195
 8 1.03447
 9 31.4116
 10 29.8224
 11 0.982899
 12 27.7485
 13 31.6228
 14 31.5857
 15 0.904103
 16 31.6228
 17 31.5376
 18 1.00288
 19 31.6228
 20 26.6829
 21 6.00188
 22 31.6228
 23 30.2669
 24 2.36092
 25 15.2721
 26 14.9113
 27 1.97053
 28 31.3595
 29 9.81396
 30 12.1026
 31 21.7528
 32 2.93121
 33 27.3588
 34 14.4646
 35 6.98959
 36 16.3367
 37 31.4192
 38 31.5531
 39 1.38698
 40 24.4806
 41 31.108
 42 1.29509
 43 21.7694
 44 28.8503
 45 1.90731
 46 31.5862
 47 10.2973
 48 23.0284
 49 30.5949
 50 13.0904
 51 13.7403
 52 9.30958
 53 30.6988
 54 16.3228
 55 9.01832
 56 12.0885
 57 29.1519
 58 8.65919
 59 8.40161
 60 11.1919
 61 4.41212
 62 1.33936
 63 20.696
 64 16.5845
 65 0.968166
 66 21.0199
 67 29.2856
 68 3.88194
 69 31.6151
 70 31.6228
 71 28.7586
 72 4.36401
 73 31.6145
 74 1.36171
 75 31.5649
 76 31.3411
 77 1.37063
 78 29.5177
 79 31.6019
 80 1.88019
 81 31.089
 82 31.4144
 83 14.2505
 84 1.4174
 85 10.1284
 86 1.45017
 87 31.3657
 88 1.0958
 89 1.04148
 90 1.24413
 91 2.45496
 92 17.9072
 93 26.9594
 94 26.2125
 95 30.0924
 96 30.5923
 97 15.9197
 98 16.4428
 99 8.82992
 100 29.3906
 101 30.794
 102 10.2496
 103 11.5025
 104 10.8152
 105 10.9308
 106 12.2399
 107 12.3702
 108 12.5133
 109 10.3995
 110 8.40946
 111 12.8791
 112 14.0013
 113 13.4399
 114 12.6508
 115 12.7762
 116 11.0583
 117 12.3025
 118 13.3133
 119 11.7189
 120 8.53969
 121 10.7337
 122 6.71111
 123 7.74384
 124 5.52839
 125 5.09022
 126 6.89201
 127 4.47112
 128 8.85757
 129 7.20133
 130 7.24314
 131 4.05659
 132 4.43552
 133 4.57611
 134 5.8393
 135 2.61576
 136 6.7428
 137 2.82987
 138 2.77628
 139 2.78348
 140 3.03021
 141 2.96481
 142 2.63592
 143 2.75056
 144 3.67628
 145 3.72717
 146 3.32867
 147 2.85616
 148 5.16657
 149 3.79764
 150 3.21028
 151 3.45402
 152 4.72078
 153 4.42213
 154 3.49078
 155 4.3613
 156 4.81248
 157 6.74916
 158 0.129689
 159 0.347687
 160 0.271525
 161 3.74226
 162 4.39783
 163 17.3517
 164 25.4935
 165 0.547471
