 1 1000
 2 485.974
 3 22.3339
 4 1000
 5 406.992
 6 264.263
 7 999.849
 8 3.89941
 9 991.411
 10 898.194
 11 2.31481
 12 782.727
 13 1000
 14 998.075
 15 0.823352
 16 1000
 17 996.938
 18 3.0587
 19 1000
 20 836.8
 21 160.126
 22 1000
 23 955.154
 24 44.071
 25 245.194
 26 253.573
 27 17.7421
 28 986.574
 29 195.124
 30 246.358
 31 496.151
 32 59.4478
 33 818.849
 34 215.718
 35 139.187
 36 361.117
 37 988.557
 38 997.486
 39 3.73362
 40 613.746
 41 971.622
 42 1.77451
 43 498.751
 44 865.287
 45 17.6242
 46 998.637
 47 288.554
 48 712.713
 49 948.755
 50 186.034
 51 268.58
 52 172.074
 53 953.908
 54 273.469
 55 159.967
 56 230.153
 57 885.563
 58 87.251
 59 129.394
 60 194.05
 61 22.3626
 62 1.82521
 63 442.736
 64 321.556
 65 1.66073
 66 486.049
 67 922.364
 68 79.7326
 69 999.732
 70 1000
 71 904.229
 72 95.4582
 73 999.626
 74 3.19354
 75 997.916
 76 983.565
 77 3.29162
 78 877.135
 79 999.114
 80 17.3845
 81 981.429
 82 990.046
 83 218.394
 84 2.93617
 85 108.017
 86 2.82192
 87 988.906
 88 1.71088
 89 1.63877
 90 1.90657
 91 9.22036
 92 435.312
 93 812.748
 94 775.584
 95 936.906
 96 957.46
 97 302.165
 98 328.646
 99 125.801
 100 903.929
 101 965.092
 102 126.912
 103 149.337
 104 134.652
 105 134.176
 106 160.368
 107 165.757
 108 170.997
 109 128.185
 110 98.8028
 111 184.286
 112 205.418
 113 191.632
 114 174.772
 115 184.131
 116 149.51
 117 173.792
 118 196.023
 119 155.952
 120 86.6664
 121 123.975
 122 48.2036
 123 62.8914
 124 37.3883
 125 28.9812
 126 51.9422
 127 25.7374
 128 89.1443
 129 65.0708
 130 61.4409
 131 19.9542
 132 20.8085
 133 22.3639
 134 35.3743
 135 8.42744
 136 46.5758
 137 9.47805
 138 8.84389
 139 8.87019
 140 10.2549
 141 10.4822
 142 8.42144
 143 8.96777
 144 14.8054
 145 14.9255
 146 12.3012
 147 9.84932
 148 28.8175
 149 15.927
 150 11.7036
 151 13.5012
 152 23.4329
 153 20.728
 154 13.1454
 155 19.8102
 156 24.0842
 157 46.5043
 158 0.131172
 159 0.198037
 160 0.38832
 161 21.7812
 162 24.4634
 163 383.289
 164 713.74
 165 6.53271
