 Smallest eigenvalues
  2.1224e-06   (9 -1) 
  3.2273e-06   (51 0.609) (48 -0.561) (49 -0.218) (154 -0.205) (52 -0.189) (44 -0.166) (55 -0.16) (14 -0.124) (50 0.124) (47 -0.117) (78 0.102) (37 -0.0986) (53 0.0888) (54 0.0883) (77 -0.0824) (42 0.0789) (38 0.0749) (46 0.0658) (27 0.0655) (40 0.0601) (56 0.0586) (43 0.0518) (68 0.0427) (70 -0.0384) (61 0.0315) (60 -0.0312) (39 -0.0311) (41 0.0289) (67 -0.0271) (76 0.0269) (35 -0.0262) (36 0.026) (33 0.0239) (65 -0.0228) (17 -0.0227) (32 -0.0204) (64 0.0197) (63 -0.0197) (23 -0.0197) (45 0.0188) (26 0.0179) (66 0.0173) (71 -0.0168) (30 -0.0162) (69 -0.016) (75 0.0159) (19 -0.0143) (25 0.014) (80 0.014) (28 0.0138) (84 0.0137) (88 0.0131) (57 -0.0128) (16 0.0121) (74 -0.0118) (72 -0.0115) (11 -0.0108) 
  3.2722e-06   (154 -0.979) (51 -0.127) (48 0.118) (49 0.0457) (52 0.0394) (44 0.0348) (55 0.0333) (14 0.0262) (50 -0.026) (47 0.0246) (78 -0.021) (37 0.0207) (53 -0.0185) (54 -0.0185) (77 0.017) (42 -0.0166) (38 -0.0157) (46 -0.0138) (27 -0.0138) (40 -0.0126) (56 -0.0122) (43 -0.0109) 
  5.6942e-06   (4 1) 
  5.8896e-06   (149 0.627) (47 0.567) (44 -0.342) (46 0.241) (45 -0.175) (37 -0.124) (14 -0.104) (48 0.0946) (38 0.0806) (27 0.0674) (42 0.0633) (43 0.0624) (77 -0.0591) (40 0.0574) (39 -0.0543) (78 0.0503) (51 -0.0491) (49 -0.0425) (53 -0.0312) (35 -0.0275) (56 0.0262) (52 -0.0262) (28 0.025) (70 -0.0232) (36 0.0222) (60 -0.0196) (17 -0.0191) (33 0.018) (16 0.0166) (19 -0.0161) (41 -0.0156) (25 0.0155) (23 -0.0147) (54 0.0147) (68 0.012) (32 -0.0119) (31 0.0109) 
  6.0726e-06   (149 0.779) (47 -0.456) (44 0.276) (46 -0.194) (45 0.141) (37 0.0998) (14 0.0839) (48 -0.0761) (38 -0.0649) (27 -0.0543) (42 -0.0509) (43 -0.0502) (77 0.0475) (40 -0.0462) (39 0.0437) (78 -0.0404) (51 0.0395) (49 0.0342) (53 0.0251) (35 0.0222) (56 -0.0211) (52 0.0211) (28 -0.0201) (70 0.0186) (36 -0.0178) (60 0.0158) (17 0.0154) (33 -0.0145) (16 -0.0134) (19 0.013) (41 0.0125) (25 -0.0125) (23 0.0118) (54 -0.0118) 
  6.1335e-06   (1 -0.989) (31 0.0915) (32 -0.0622) (37 0.0531) (27 0.0517) (28 0.0392) (35 0.0285) (29 0.018) (14 -0.0176) (38 -0.0173) (30 0.0138) 
  8.3129e-06   (155 -0.998) (31 0.0328) (32 -0.0222) (27 0.0196) (37 0.0183) (28 0.0141) (14 -0.0121) (35 0.01) 
  2.1561e-05   (31 -0.596) (32 0.402) (27 -0.356) (37 -0.333) (28 -0.255) (14 0.218) (35 -0.182) (1 -0.147) (29 -0.115) (38 0.104) (30 -0.0925) (19 0.0702) (33 0.0679) (23 0.0642) (25 -0.063) (16 -0.061) (155 -0.055) (36 0.0481) (43 0.0469) (77 0.042) (34 -0.0399) (44 -0.0388) (17 0.038) (39 -0.0377) (78 -0.035) (22 0.0345) (21 -0.0322) (15 -0.0262) (40 0.0249) (11 0.0231) (26 -0.0194) (49 0.0192) (48 -0.0188) (42 0.0181) (51 0.0181) (70 0.0164) (56 -0.0159) (60 0.0154) (53 0.0144) (54 -0.0124) (57 -0.0114) (75 0.0114) (41 0.011) (80 -0.0102) (73 0.01) 
  3.7032e-05   (18 -0.632) (46 -0.406) (22 0.322) (23 -0.282) (45 0.277) (19 0.254) (44 -0.179) (21 0.152) (42 0.123) (47 0.0682) (37 -0.0592) (48 0.0559) (27 0.0485) (38 0.0478) (78 0.0422) (17 -0.0415) (43 0.0414) (36 0.0413) (30 -0.0401) (29 0.0392) (15 0.0362) (16 0.0356) (77 -0.0317) (40 0.0293) (26 0.0291) (20 -0.0283) (34 -0.0265) (31 0.0263) (14 -0.026) (53 -0.0237) (35 -0.0233) (51 -0.0228) (68 0.0191) (74 -0.019) (32 -0.0187) (71 -0.0183) (25 -0.0176) (50 0.0162) (62 0.0157) (61 0.0154) (70 -0.0143) (79 0.0141) (56 0.0124) (66 -0.0121) (73 0.0121) (60 -0.0103) 
  6.2505e-05   (158 -0.999) (46 -0.0252) (18 0.0193) (45 0.0168) (44 -0.0103) 
  0.00010349   (46 0.597) (18 -0.438) (45 -0.398) (44 0.243) (22 0.214) (19 0.201) (23 -0.161) (37 0.134) (48 -0.115) (42 -0.115) (14 0.112) (38 -0.083) (47 -0.0781) (40 -0.0739) (43 -0.071) (21 0.0695) (39 0.0681) (77 0.068) (27 -0.0679) (78 -0.0562) (41 -0.052) (158 -0.0427) (51 0.0361) (25 -0.035) (28 -0.0348) (49 0.0343) (56 -0.0331) (68 -0.0298) (30 -0.0291) (34 -0.0291) (35 0.0264) (70 0.0255) (53 0.0243) (67 0.0242) (54 -0.0223) (71 0.0195) (26 0.0195) (74 0.0182) (15 0.0154) (61 -0.015) (60 0.0149) (80 -0.0145) (62 -0.0132) (65 0.0131) (36 -0.0128) (81 0.0126) (50 -0.0123) (20 -0.0115) (11 0.0112) (57 -0.0109) 
  0.00010769   (3 -1) 
  0.00013021   (19 0.611) (14 -0.452) (17 -0.344) (23 0.326) (21 0.257) (27 -0.256) (18 0.165) (25 -0.0822) (33 -0.0684) (24 -0.0682) (37 0.0613) (38 -0.0563) (44 0.0482) (30 0.0449) (28 -0.0408) (26 -0.0387) (36 -0.0312) (32 0.0296) (47 0.028) (11 -0.0256) (35 0.0254) (40 -0.0249) (31 0.0231) (46 -0.0215) (12 0.0211) (15 -0.0186) (42 -0.0179) (77 -0.0158) (13 -0.0129) (34 0.0128) (29 0.0125) (39 0.0123) (20 -0.0115) (78 0.0114) (57 -0.0105) (52 -0.0101) 
  0.00020703   (159 1) 
   0.0002198   (2 1) 
  0.00024477   (22 0.543) (19 -0.497) (14 -0.32) (21 -0.318) (27 -0.284) (23 0.269) (17 -0.235) (18 -0.114) (25 -0.104) (16 0.0697) (37 0.0655) (157 0.0468) (24 0.0448) (38 -0.0361) (32 0.0312) (35 0.0298) (33 -0.0275) (44 0.0263) (36 -0.0261) (29 0.0244) (20 0.0232) (11 -0.0193) (31 0.0187) (15 0.0186) (30 0.0184) (40 -0.0179) (28 -0.0168) (39 0.0159) (77 -0.0156) (12 0.0149) (26 0.0125) (46 -0.0123) (43 -0.0118) (47 0.0108) (13 -0.0104) 
  0.00028951   (157 0.999) (22 -0.0254) (19 0.0232) (14 0.015) (21 0.0149) (27 0.0133) (23 -0.0126) (17 0.011) 
  0.00029899   (8 -1) 
   0.0003085   (28 -0.766) (150 -0.4) (27 0.337) (14 -0.16) (37 0.155) (29 0.151) (26 0.147) (32 0.0911) (22 -0.0718) (35 0.0679) (17 -0.0557) (48 0.055) (19 -0.0538) (31 -0.0503) (38 -0.0503) (16 0.046) (25 0.039) (18 -0.0353) (39 0.0332) (51 0.0329) (15 0.0266) (42 -0.0254) (49 0.0225) (33 0.0216) (36 -0.0207) (43 -0.0202) (75 0.0201) (78 0.0178) (21 -0.0176) (34 0.0154) (40 -0.0147) (11 -0.013) (77 -0.0129) (68 0.0114) (30 -0.0111) 
  0.00031128   (150 -0.917) (28 0.334) (27 -0.147) (14 0.0696) (37 -0.0677) (29 -0.066) (26 -0.0639) (32 -0.0397) (22 0.0313) (35 -0.0296) (17 0.0243) (48 -0.0239) (19 0.0234) (31 0.0219) (38 0.0219) (16 -0.0201) (25 -0.017) (18 0.0154) (39 -0.0145) (51 -0.0143) (15 -0.0116) (42 0.0111) 
  0.00031499   (6 -1) 
  0.00032217   (23 -0.474) (22 -0.473) (27 -0.418) (24 -0.285) (19 -0.277) (14 -0.259) (153 -0.208) (17 -0.157) (18 -0.13) (26 -0.124) (25 -0.119) (37 0.0964) (16 0.0805) (21 0.0754) (35 0.0516) (15 0.0513) (39 0.0487) (32 0.0363) (33 0.0359) (38 -0.0305) (28 -0.0276) (43 -0.0258) (29 0.0241) (48 0.0213) (77 -0.0179) (78 0.0171) (36 -0.0167) (30 -0.0162) (73 -0.0161) (11 -0.014) (20 -0.0133) (56 0.0121) (31 -0.0118) (52 0.0113) (47 0.0111) (40 -0.0111) (75 0.0102) 
   0.0003341   (153 -0.978) (23 0.101) (22 0.1) (27 0.0887) (24 0.0604) (19 0.0588) (14 0.0549) (17 0.0333) (18 0.0276) (26 0.0262) (25 0.0252) (37 -0.0204) (16 -0.0171) (21 -0.016) (35 -0.0109) (15 -0.0109) (39 -0.0103) 
  0.00033952   (73 -0.507) (57 0.495) (70 -0.43) (74 -0.242) (60 0.205) (67 0.191) (52 0.166) (77 0.142) (44 -0.138) (68 -0.115) (69 0.112) (66 -0.107) (78 -0.0957) (56 0.0877) (61 -0.0861) (47 -0.0787) (33 0.0663) (64 -0.0524) (65 -0.0523) (76 -0.0503) (46 0.0448) (63 0.0424) (42 0.0398) (54 0.0387) (37 0.0385) (50 0.037) (40 0.0351) (75 0.0338) (16 -0.0328) (79 0.0324) (43 -0.0322) (19 0.0279) (51 0.0266) (34 -0.0258) (38 0.0257) (21 -0.0253) (62 -0.0245) (59 -0.0241) (71 -0.0239) (14 -0.0227) (15 -0.0216) (30 -0.0202) (123 -0.019) (18 0.0189) (88 0.0188) (22 0.0182) (39 0.0176) (126 0.0174) (121 0.0171) (124 0.0169) (36 -0.015) (27 -0.0149) (109 0.0148) (120 0.0141) (84 0.014) (48 0.0136) (23 -0.0133) (35 0.0132) (100 0.0131) (104 0.0129) (152 -0.0129) (91 0.0124) (89 -0.0121) (80 -0.0113) (55 0.0108) (106 -0.0107) (129 -0.0104) (101 0.0102) 
  0.00035865   (73 0.63) (57 0.407) (67 0.255) (152 -0.243) (74 0.237) (68 -0.19) (44 -0.186) (52 0.137) (66 -0.133) (47 -0.126) (60 0.121) (70 0.103) (49 0.103) (72 0.101) (69 0.0946) (56 0.0862) (14 -0.0855) (33 0.0846) (71 0.0801) (46 0.0691) (55 0.0681) (64 -0.063) (61 -0.063) (38 0.055) (63 0.0537) (39 0.051) (65 -0.0468) (40 0.0451) (42 0.0428) (43 -0.0363) (48 -0.0342) (120 0.0338) (16 -0.0326) (53 -0.0307) (30 -0.0298) (34 -0.029) (79 -0.0268) (23 -0.0266) (75 -0.0249) (59 -0.0248) (77 -0.0244) (18 0.0235) (21 -0.0233) (62 -0.0232) (121 -0.0227) (84 0.0221) (32 -0.0215) (15 -0.0207) (19 0.0181) (129 -0.0171) (119 -0.0169) (124 0.0167) (24 0.0166) (78 0.0146) (88 0.0144) (125 -0.0134) (76 0.0128) (145 0.0126) (122 0.0123) (17 -0.0122) (131 -0.0121) (89 -0.012) (80 0.0108) (51 0.0106) (37 -0.0105) 
  0.00037727   (152 -0.97) (73 -0.151) (57 -0.109) (67 -0.0663) (74 -0.0563) (44 0.0491) (68 0.0491) (52 -0.037) (66 0.0346) (60 -0.0332) (47 0.0331) (49 -0.0259) (72 -0.0252) (69 -0.0251) (56 -0.023) (33 -0.0226) (14 0.0221) (70 -0.0203) (71 -0.0197) (46 -0.0182) (55 -0.0173) (61 0.017) (64 0.0165) (38 -0.0143) (63 -0.014) (39 -0.0132) (65 0.0124) (145 0.012) (40 -0.012) (42 -0.0115) 
  0.00045116   (25 0.948) (24 -0.2) (27 -0.153) (54 -0.0882) (22 0.0745) (26 -0.063) (52 0.0617) (56 -0.0504) (53 -0.049) (14 -0.0474) (57 -0.0339) (49 0.0327) (47 -0.0311) (16 0.03) (44 -0.029) (55 -0.0272) (28 -0.0246) (33 0.0224) (39 0.0205) (17 -0.0197) (30 -0.016) (46 0.0147) (31 -0.0145) (15 0.014) (77 -0.0126) (48 -0.012) (78 0.0117) (60 -0.0116) 
  0.00048582   (147 0.748) (54 -0.385) (52 0.294) (56 -0.232) (53 -0.187) (44 -0.146) (57 -0.131) (55 -0.121) (47 -0.111) (49 0.109) (25 -0.094) (14 -0.0597) (46 0.0572) (48 -0.0501) (33 0.0492) (60 -0.0459) (51 0.0424) (38 0.04) (73 -0.038) (42 0.0365) (27 0.0362) (24 0.0336) (40 0.0332) (37 -0.0275) (70 -0.0269) (77 -0.0252) (50 -0.0225) (78 0.0223) (34 -0.0179) (43 -0.0175) (61 0.017) (16 -0.0165) (67 -0.0161) (28 0.0144) (72 -0.0142) (68 0.0139) (120 0.0126) (32 -0.0125) (18 0.0123) (39 0.0123) (30 -0.0123) (23 -0.0119) (15 -0.0109) 
  0.00050139   (147 0.664) (54 0.434) (52 -0.332) (56 0.262) (53 0.211) (44 0.165) (57 0.148) (55 0.137) (47 0.125) (49 -0.123) (25 0.101) (14 0.0675) (46 -0.0645) (48 0.0565) (33 -0.0556) (60 0.0518) (51 -0.0478) (38 -0.0451) (73 0.0428) (42 -0.0411) (27 -0.04) (40 -0.0374) (24 -0.0367) (37 0.031) (70 0.0303) (77 0.0284) (50 0.0254) (78 -0.0251) (34 0.0202) (43 0.0198) (61 -0.0191) (16 0.0184) (67 0.0181) (28 -0.016) (72 0.016) (68 -0.0156) (32 0.0141) (120 -0.014) (39 -0.0139) (30 0.0139) (18 -0.0138) (23 0.0133) (15 0.0122) (21 0.0111) 
  0.00050329   (53 0.677) (55 0.448) (39 -0.37) (52 0.268) (57 -0.16) (44 -0.151) (54 -0.123) (40 0.118) (37 0.106) (47 -0.0782) (49 0.0736) (42 0.071) (38 -0.0614) (60 -0.06) (56 0.0567) (41 -0.0508) (46 0.0507) (48 -0.047) (70 -0.0405) (77 -0.0382) (78 0.036) (50 -0.0231) (36 -0.0224) (61 0.0201) (151 -0.019) (27 -0.0179) (73 -0.0159) (35 0.0158) (72 -0.0134) (69 0.013) (19 0.0122) 
   0.0005114   (151 -0.967) (39 0.203) (37 -0.0719) (53 0.0663) (38 0.052) (40 -0.0483) (55 0.0479) (52 0.0324) (33 0.0273) (14 -0.0264) (41 0.0231) (27 0.0211) (44 0.0182) (57 -0.0176) (42 -0.0174) (49 -0.014) (34 -0.0109) (77 -0.0109) (73 -0.0103) (43 -0.0101) (56 0.0101) 
  0.00055986   (39 -0.748) (53 -0.305) (37 0.267) (151 -0.253) (55 -0.217) (38 -0.194) (40 0.176) (52 -0.144) (33 -0.104) (14 0.101) (41 -0.0844) (27 -0.0795) (57 0.0792) (42 0.0612) (44 -0.0581) (49 0.0484) (77 0.0446) (56 -0.0431) (54 0.0428) (34 0.0416) (73 0.0412) (78 -0.0403) (43 0.0385) (35 0.037) (24 -0.0355) (60 0.0352) (48 -0.0331) (28 -0.0313) (70 0.0299) (36 -0.0278) (31 -0.0275) (32 0.025) (51 -0.023) (72 0.0206) (68 -0.0175) (47 -0.017) (18 -0.0168) (67 0.0155) (23 0.0153) (50 -0.015) (45 0.0132) (61 -0.0124) (29 -0.0104) 
  0.00056705   (70 0.816) (57 0.281) (73 -0.276) (72 -0.228) (52 0.157) (69 -0.156) (49 -0.135) (60 0.0894) (74 -0.0746) (51 0.0716) (48 0.0642) (76 -0.0635) (50 0.0603) (68 0.0589) (75 0.0514) (44 -0.0504) (65 -0.0456) (71 -0.0434) (61 -0.0361) (54 -0.0361) (33 0.036) (148 0.0329) (78 0.0325) (55 0.0319) (84 0.0283) (37 0.0265) (56 0.0246) (40 0.024) (124 0.0233) (42 0.0227) (43 -0.0201) (16 -0.0193) (19 0.0184) (47 -0.0178) (88 0.0174) (67 -0.0167) (21 -0.0162) (22 0.0149) (34 -0.0145) (129 -0.0145) (46 0.0144) (126 0.0141) (79 -0.0134) (36 -0.0122) (38 0.0115) (90 0.0112) (53 0.0108) (14 -0.0104) (62 -0.0102) (97 -0.0101) (39 -0.0101) (15 -0.0101) 
  0.00061375   (148 0.851) (49 0.363) (51 -0.148) (52 -0.147) (48 -0.146) (44 -0.122) (50 -0.121) (54 0.119) (47 -0.0912) (73 -0.0728) (46 0.0489) (14 -0.0472) (39 0.0411) (70 0.0391) (72 -0.0369) (33 0.0335) (38 0.0333) (37 -0.032) (68 0.0307) (67 -0.0307) (77 -0.0283) (78 0.0263) (45 0.021) (55 -0.0208) (42 0.0202) (27 0.0201) (53 0.0195) (69 -0.0172) (40 0.0162) (57 -0.0148) (24 0.0146) (74 -0.0144) (71 -0.0136) (66 0.0126) (23 -0.0118) (32 -0.0115) (34 -0.011) (30 -0.0101) 
  0.00065969   (49 -0.582) (148 0.523) (51 0.236) (48 0.233) (52 0.229) (44 0.202) (50 0.194) (54 -0.192) (47 0.15) (73 0.136) (70 -0.115) (46 -0.0806) (14 0.0775) (72 0.0746) (39 -0.0663) (33 -0.057) (38 -0.055) (68 -0.0539) (67 0.0512) (37 0.0502) (77 0.0462) (78 -0.0449) (69 0.0379) (42 -0.0345) (45 -0.0339) (53 -0.0325) (27 -0.0322) (55 0.0318) (74 0.0281) (40 -0.028) (71 0.025) (24 -0.0239) (66 -0.0203) (23 0.0198) (32 0.019) (34 0.0189) (30 0.017) (16 0.0157) (79 0.0155) (18 -0.015) (64 -0.013) (75 -0.0125) (56 -0.0125) (21 0.0123) (63 0.0118) (76 0.0117) (120 -0.0112) 
  0.00072189   (38 0.804) (37 0.324) (24 0.203) (23 -0.177) (39 -0.163) (44 0.149) (21 -0.142) (40 -0.125) (33 0.12) (19 0.0993) (36 -0.097) (18 0.0905) (16 -0.0819) (43 0.0799) (42 -0.0762) (14 -0.069) (27 -0.0655) (47 0.055) (34 -0.0518) (35 0.0507) (15 -0.0483) (52 -0.0439) (22 0.0435) (57 -0.0345) (25 0.0339) (46 -0.0323) (41 -0.0202) (30 -0.0194) (26 -0.0191) (20 0.0169) (56 -0.0167) (31 -0.015) (17 -0.0123) (28 -0.0101) 
  0.00080065   (24 0.583) (23 -0.482) (21 -0.318) (38 -0.305) (33 -0.235) (18 0.189) (14 -0.172) (19 0.171) (37 -0.115) (16 -0.111) (25 0.108) (30 0.0967) (27 -0.0843) (34 0.0838) (15 -0.0673) (32 0.0542) (26 -0.054) (22 0.0492) (142 -0.044) (17 -0.0424) (36 0.0383) (20 0.0341) (35 -0.0333) (44 0.0263) (28 -0.0258) (49 -0.0148) (39 0.0137) (40 0.0137) (11 -0.0132) (29 -0.0125) (47 0.012) (12 0.0114) 
  0.00092082   (142 -0.997) (145 -0.0595) (24 -0.0269) (23 0.0223) (141 -0.0173) (21 0.0149) (140 0.0138) (146 0.0117) 
  0.00098015   (44 -0.421) (52 -0.411) (47 -0.407) (48 0.344) (49 -0.341) (16 -0.24) (46 0.162) (51 -0.159) (57 -0.144) (43 -0.133) (50 0.127) (14 -0.106) (17 0.106) (56 -0.105) (15 -0.094) (33 0.0918) (37 0.0851) (39 0.0697) (42 0.0661) (40 0.0645) (53 0.0588) (77 0.0421) (27 -0.0417) (54 -0.0373) (34 -0.0367) (60 -0.0329) (78 -0.0321) (36 -0.0293) (35 0.0267) (30 -0.0249) (38 0.0244) (41 0.0243) (22 0.0162) (19 0.0151) (31 -0.0149) (65 0.0145) (45 -0.0137) (84 0.0131) (18 -0.013) (74 -0.0129) (68 -0.0129) (55 -0.0124) (61 0.0123) (120 0.0106) 
   0.0010177   (16 -0.71) (17 0.409) (14 -0.298) (15 -0.255) (18 -0.164) (44 0.16) (21 0.129) (47 0.128) (33 -0.119) (19 -0.118) (23 0.102) (52 0.0912) (48 -0.0837) (49 0.078) (24 -0.0737) (46 -0.0567) (30 0.0496) (43 0.0471) (34 0.0422) (39 -0.0395) (22 -0.0372) (51 0.0368) (42 -0.0353) (50 -0.0335) (38 -0.0326) (40 -0.0323) (57 0.0267) (32 0.0253) (56 0.0225) (27 -0.0215) (20 -0.0212) (37 -0.0211) (12 0.0192) (28 -0.0188) (11 -0.017) (35 -0.0144) (13 -0.013) (31 0.0117) (77 -0.0115) (53 -0.0112) (41 -0.0101) 
   0.0011007   (146 0.962) (145 0.271) 
   0.0011612   (54 0.684) (52 0.399) (33 0.342) (56 -0.303) (57 -0.227) (36 0.146) (34 -0.135) (53 -0.105) (35 0.0922) (38 -0.0779) (50 0.0757) (30 -0.0686) (39 -0.0558) (16 -0.053) (49 -0.049) (48 0.0482) (51 0.0473) (14 -0.0471) (21 -0.0456) (60 -0.0425) (47 -0.0413) (44 -0.0407) (32 -0.0401) (19 0.0389) (77 0.0378) (18 0.0357) (15 -0.0354) (78 -0.0318) (24 0.0275) (22 0.0274) (23 -0.025) (46 0.0234) (68 -0.0226) (67 0.0201) (137 0.0179) (71 -0.0156) (61 0.0144) (73 0.0133) (72 0.0122) (70 0.0106) (69 0.0105) (43 -0.0105) (79 0.0104) (28 0.0101) 
   0.0013602   (33 0.632) (36 0.369) (54 -0.297) (34 -0.248) (52 -0.229) (44 0.207) (38 -0.192) (35 0.164) (39 -0.162) (37 -0.133) (137 0.128) (56 0.121) (30 -0.112) (14 -0.107) (32 -0.0784) (40 -0.078) (42 -0.0776) (47 0.0725) (57 0.0724) (43 0.066) (53 0.0505) (16 -0.0488) (21 -0.0485) (46 -0.0485) (24 0.0467) (18 0.0435) (51 -0.0391) (23 -0.0375) (27 0.0315) (50 -0.0301) (19 0.0292) (15 -0.0291) (41 -0.0257) (28 0.0256) (77 -0.0193) (78 0.0172) (22 0.0163) (17 -0.0157) (73 -0.0145) (60 0.0143) (29 0.0139) (70 -0.0116) 
   0.0015065   (137 0.991) (33 -0.0879) (36 -0.0502) (34 0.0345) (38 0.0261) (54 0.0261) (44 -0.0257) (145 -0.0235) (35 -0.0228) (52 0.0222) (39 0.0217) (37 0.0171) (30 0.0158) (14 0.0148) (32 0.0109) (56 -0.0103) (40 0.0102) 
   0.0015248   (11 -0.956) (35 -0.259) (33 0.0624) (37 0.0597) (30 -0.054) (36 -0.0453) (32 -0.0395) (14 0.0374) (38 -0.0359) (133 0.0296) (44 0.0164) (15 -0.0136) (40 -0.0113) (71 0.0113) 
   0.0016225   (133 0.844) (35 -0.451) (11 0.175) (33 0.111) (37 0.0963) (30 -0.0872) (36 -0.0795) (14 -0.0684) (32 -0.067) (38 -0.0578) (27 0.039) (44 0.0277) (40 -0.02) (28 0.0142) (17 -0.0141) (55 -0.0137) (23 -0.0134) (46 -0.0128) (42 -0.0128) (20 -0.0108) (45 -0.0107) 
   0.0018971   (35 0.726) (133 0.535) (11 -0.223) (33 -0.179) (37 -0.155) (30 0.141) (36 0.128) (32 0.108) (14 0.106) (38 0.0932) (27 -0.0621) (44 -0.0446) (40 0.0321) (28 -0.0227) (17 0.0227) (55 0.022) (23 0.0214) (46 0.0207) (42 0.0206) (45 0.0174) (20 0.0173) (39 0.0154) (21 0.0138) (47 -0.0137) (53 -0.0125) (51 0.0117) (48 -0.0107) (43 0.0107) (31 0.0105) (77 0.0103) (25 -0.0101) (18 -0.01) 
   0.0020059   (30 -0.724) (32 -0.496) (55 -0.195) (33 -0.189) (34 0.186) (31 -0.163) (35 0.16) (53 0.138) (28 -0.0844) (37 -0.084) (50 -0.0702) (72 -0.0696) (27 -0.0628) (29 -0.0578) (51 -0.0453) (52 0.0394) (49 -0.038) (74 0.0367) (16 -0.0364) (21 -0.0323) (18 0.0289) (60 0.0257) (42 -0.0256) (68 0.0253) (56 -0.0232) (41 0.0227) (47 0.0217) (25 -0.0214) (69 0.0212) (130 -0.0209) (48 0.0207) (40 -0.0196) (78 -0.0195) (57 0.0192) (46 -0.0176) (71 -0.0158) (19 0.0154) (73 0.0153) (44 0.0145) (70 -0.014) (65 0.0131) (24 0.012) (39 -0.0105) (84 0.0101) 
   0.0021266   (72 -0.65) (74 0.353) (68 0.349) (130 -0.269) (78 -0.247) (67 -0.191) (70 -0.179) (55 0.143) (69 0.139) (53 -0.113) (71 -0.108) (77 0.0891) (60 0.0889) (73 0.0797) (57 0.069) (56 0.0621) (83 -0.0591) (51 0.0579) (62 0.0573) (80 -0.0561) (41 0.0522) (40 0.0376) (64 0.0358) (30 0.0357) (33 0.0327) (47 -0.0319) (107 -0.0311) (86 -0.0297) (44 -0.0281) (63 -0.0255) (85 -0.0252) (48 0.0227) (52 0.0215) (46 0.0215) (59 0.02) (61 0.0187) (109 -0.0187) (96 0.0185) (76 -0.0181) (129 0.0179) (37 0.0178) (89 -0.0171) (32 0.0169) (120 -0.0166) (84 0.0164) (79 0.0156) (87 -0.015) (54 0.0131) (35 -0.013) (134 -0.0122) (58 -0.012) (34 -0.012) (16 -0.0116) (93 -0.0115) (81 0.0111) (100 0.0107) (124 -0.0105) (104 -0.0101) 
   0.0022173   (130 -0.573) (55 0.545) (53 -0.373) (72 0.229) (50 0.202) (30 -0.169) (74 -0.129) (32 -0.11) (56 0.0872) (52 -0.083) (69 -0.0828) (49 0.0795) (60 -0.0745) (57 -0.0731) (51 0.0705) (73 -0.0614) (78 0.0548) (71 0.0544) (34 0.0539) (43 0.0523) (68 -0.0522) (48 -0.0496) (65 -0.0495) (70 0.0433) (41 0.0406) (31 -0.0366) (46 0.0363) (84 -0.0332) (129 0.032) (54 -0.031) (47 -0.0266) (33 -0.0265) (81 -0.0249) (77 -0.0241) (28 -0.0239) (67 0.0236) (88 0.0189) (45 0.0178) (80 0.0172) (27 -0.0166) (18 0.0154) (124 -0.0154) (120 -0.0154) (14 -0.0147) (134 0.0134) (35 0.0131) (21 -0.0129) (37 -0.0127) (16 -0.0125) (29 -0.0118) (90 -0.0117) (15 -0.0114) (107 0.0109) (87 0.0101) 
   0.0023527   (130 -0.77) (55 -0.449) (53 0.313) (50 -0.15) (30 0.132) (32 0.0892) (56 -0.0859) (68 -0.084) (51 -0.0717) (72 0.0584) (49 -0.0559) (52 0.0529) (67 0.0494) (41 -0.0493) (78 0.0453) (134 0.0442) (43 -0.0414) (34 -0.0408) (65 0.0374) (131 0.0356) (46 -0.0341) (129 0.0335) (70 0.0307) (47 0.0305) (31 0.0302) (57 0.0293) (74 -0.0282) (48 0.0281) (60 0.0233) (83 0.0201) (28 0.0189) (84 0.0189) (64 -0.0182) (54 0.0181) (73 0.0173) (27 0.0156) (40 -0.0151) (44 0.0147) (81 0.0145) (16 0.0145) (85 0.0139) (88 -0.0137) (77 -0.0132) (62 -0.0132) (33 0.0132) (63 0.0127) (18 -0.0127) (79 -0.0124) (69 0.0123) (86 0.012) (14 0.0118) (21 0.0113) (45 -0.0108) 
   0.0026095   (24 -0.663) (21 -0.401) (23 -0.269) (22 0.253) (18 0.236) (56 -0.219) (19 0.206) (27 0.156) (25 -0.126) (15 -0.124) (20 0.109) (33 -0.0921) (52 -0.0813) (57 0.067) (16 -0.0639) (37 -0.0605) (44 0.0569) (30 0.055) (55 0.0518) (53 0.0366) (47 0.0352) (34 0.0341) (36 0.034) (60 0.032) (35 -0.0285) (26 0.0253) (42 -0.0238) (77 -0.0237) (13 -0.0233) (31 -0.0229) (46 -0.0228) (12 0.0194) (48 -0.0189) (78 0.0162) (29 -0.0153) (70 -0.0148) (14 -0.0139) (120 -0.0134) (39 -0.0132) (68 0.0131) (65 -0.0128) (54 -0.0124) (74 0.0122) (124 0.0109) 
   0.0026566   (60 -0.846) (56 0.31) (61 0.258) (57 0.188) (55 -0.126) (52 0.118) (77 0.0863) (78 -0.0722) (47 -0.0703) (24 -0.0696) (132 0.0561) (21 -0.0558) (59 -0.0469) (51 -0.0411) (48 0.0395) (46 0.0391) (22 0.0382) (19 0.0372) (54 0.0365) (72 -0.0347) (53 -0.0342) (23 -0.0338) (62 0.0327) (79 0.0323) (18 0.0317) (15 -0.0274) (71 0.0259) (84 -0.0235) (44 -0.0232) (108 -0.021) (16 -0.0206) (107 0.0198) (109 0.0188) (124 0.0185) (80 -0.0169) (69 0.0169) (76 -0.0166) (73 -0.0165) (25 -0.0149) (20 0.0148) (33 0.0141) (123 0.0131) (66 -0.0131) (119 -0.0127) (42 0.0123) (118 0.012) (74 -0.0118) (90 -0.0115) (125 -0.0108) (65 -0.0106) (82 0.0101) 
   0.0027469   (132 0.758) (56 0.452) (57 -0.277) (60 0.2) (50 -0.124) (52 0.123) (53 -0.0904) (55 -0.0902) (24 -0.0902) (131 -0.0882) (21 -0.0711) (61 -0.061) (44 -0.0593) (43 -0.0569) (22 0.0494) (47 -0.0479) (19 0.0464) (23 -0.0441) (18 0.0411) (51 0.0394) (48 0.0386) (77 0.0338) (68 -0.0317) (70 0.0309) (16 -0.0293) (65 0.0291) (15 -0.0247) (72 0.0236) (78 -0.0215) (67 0.0212) (25 -0.0211) (33 0.0205) (40 0.02) (74 -0.0196) (84 0.0191) (37 0.0181) (120 0.0177) (20 0.017) (59 0.0154) (49 -0.0145) (45 -0.0145) (27 0.0132) (64 -0.0128) (41 0.0102) (62 -0.01) 
   0.0028819   (132 0.639) (56 -0.563) (57 0.311) (60 -0.162) (52 -0.156) (50 0.146) (55 0.118) (24 0.113) (53 0.11) (21 0.0894) (44 0.0724) (131 -0.0722) (43 0.0679) (47 0.0632) (22 -0.062) (19 -0.0583) (23 0.0553) (18 -0.0516) (48 -0.0494) (61 0.0492) (77 -0.0474) (51 -0.0427) (68 0.0368) (16 0.0365) (70 -0.0363) (65 -0.0336) (15 0.0319) (78 0.0315) (124 0.0308) (120 -0.0298) (25 0.0264) (67 -0.0257) (33 -0.0256) (72 -0.025) (40 -0.0245) (74 0.0244) (123 0.022) (84 -0.0215) (20 -0.0215) (37 -0.0214) (45 0.0177) (122 0.0169) (49 0.0162) (27 -0.0162) (107 0.0151) (125 -0.0145) (64 0.0144) (129 -0.014) (59 -0.014) (46 -0.0121) (54 -0.0117) (34 0.0116) (41 -0.0111) 
   0.0035836   (40 0.809) (41 -0.324) (65 -0.259) (39 0.214) (44 0.179) (84 -0.137) (43 0.128) (67 0.111) (57 -0.0809) (66 -0.0774) (42 -0.0678) (37 0.0662) (33 0.058) (64 0.0515) (38 0.0501) (87 0.0402) (47 0.0386) (63 -0.0372) (52 -0.0354) (72 -0.034) (127 -0.0315) (30 -0.0273) (51 -0.0271) (55 -0.0263) (69 0.0249) (32 -0.0244) (50 0.0241) (16 -0.0237) (96 0.0207) (73 -0.0182) (34 -0.0181) (46 -0.0171) (90 0.0167) (107 -0.0155) (78 0.0148) (15 0.0147) (21 -0.014) (31 -0.0139) (24 0.0131) (19 0.0131) (27 -0.013) (53 0.0128) (91 -0.0126) (109 -0.012) (77 -0.0117) (49 -0.0108) (82 0.0105) (45 0.0103) 
    0.003735   (84 -0.858) (127 -0.354) (65 0.204) (87 0.171) (67 -0.0981) (90 0.0741) (57 0.0712) (66 0.0644) (107 -0.0631) (77 -0.0599) (85 0.0538) (40 -0.0478) (78 0.0444) (44 -0.0433) (86 -0.0418) (109 -0.041) (96 0.0406) (64 -0.0404) (92 0.0397) (52 0.038) (60 0.0373) (43 -0.0327) (129 0.0311) (120 0.0303) (91 -0.0296) (63 0.0289) (123 -0.0284) (47 -0.0269) (103 -0.0259) (88 0.0252) (50 -0.0237) (41 0.0235) (69 -0.023) (126 0.021) (56 0.0202) (93 -0.0199) (94 -0.0194) (39 -0.0186) (83 0.0175) (79 0.0161) (48 0.0157) (89 -0.0156) (61 -0.014) (49 -0.0138) (102 0.0137) (51 0.0132) (71 0.0131) (54 0.0128) (122 0.0128) (112 0.0125) (33 0.012) (55 -0.0112) (101 -0.0108) (70 -0.0103) (105 -0.0103) (114 0.0102) 
   0.0039122   (127 -0.698) (65 0.436) (84 0.388) (67 -0.197) (40 0.187) (66 0.137) (50 0.0957) (87 -0.0845) (57 0.0832) (64 -0.0824) (72 0.0793) (129 0.0778) (41 -0.077) (63 0.0588) (39 0.0544) (43 0.0492) (69 -0.0479) (90 -0.0469) (78 -0.0448) (77 0.0383) (73 0.0331) (107 0.0319) (96 -0.0299) (85 -0.0287) (74 -0.028) (109 0.0269) (52 0.0263) (91 0.0243) (71 -0.0237) (49 0.0205) (33 0.02) (86 0.0199) (76 0.0196) (51 -0.0189) (92 -0.0187) (44 0.0177) (37 0.0168) (48 -0.0164) (38 0.0159) (56 0.0158) (103 0.0156) (60 0.0154) (45 0.0151) (46 0.0145) (94 0.013) (14 -0.0122) (75 -0.0121) (82 -0.0121) (30 -0.0116) 
   0.0040683   (127 -0.61) (65 -0.602) (67 0.276) (40 -0.228) (66 -0.189) (57 -0.133) (64 0.115) (50 -0.0949) (41 0.091) (72 -0.0905) (63 -0.0819) (129 0.0779) (69 0.0667) (84 0.0627) (39 -0.0623) (52 -0.0506) (43 -0.043) (73 -0.0398) (60 -0.0393) (33 -0.0332) (56 -0.0296) (74 0.0263) (76 -0.0256) (38 -0.0245) (78 0.0238) (37 -0.0236) (46 -0.0209) (71 0.0189) (61 0.0182) (79 -0.0182) (70 0.0168) (14 0.0164) (75 0.0159) (30 0.0152) (109 -0.0151) (51 0.0149) (49 -0.0142) (47 0.0139) (21 0.0136) (96 0.0135) (45 -0.0131) (93 0.0131) (83 -0.0128) (16 0.0118) (90 0.0116) (91 -0.0111) (120 -0.0111) (82 0.011) (15 0.0109) (80 0.0109) (59 0.0109) (34 0.0106) (19 -0.0103) (107 -0.0101) 
   0.0041013   (105 0.594) (96 -0.323) (103 0.281) (123 -0.256) (101 0.207) (110 -0.197) (108 -0.191) (120 -0.171) (98 -0.171) (106 -0.17) (107 -0.164) (112 -0.154) (119 -0.137) (117 -0.131) (99 -0.126) (122 0.121) (102 -0.11) (97 -0.0954) (114 -0.0903) (121 -0.0837) (111 -0.0748) (50 0.068) (91 -0.0622) (109 -0.0608) (118 0.054) (115 -0.0526) (94 0.0503) (90 -0.0453) (116 -0.0332) (71 0.0313) (84 -0.0299) (100 -0.0286) (82 -0.0282) (124 -0.0277) (51 -0.025) (55 -0.0235) (92 -0.0211) (113 -0.0197) (93 -0.0196) (104 0.0187) (65 -0.0162) (72 -0.0149) (60 0.0148) (81 -0.0145) (80 -0.0143) (89 0.0143) (125 -0.0141) (56 0.0141) (85 -0.013) (86 0.0115) (79 0.0115) (141 -0.0113) (53 0.0104) (83 0.0104) 
   0.0042591   (141 -0.995) (145 -0.0827) (142 0.0228) (123 -0.0214) (140 0.021) (146 0.0177) (96 0.0142) (105 -0.0129) 
   0.0043702   (50 0.821) (51 -0.27) (55 -0.237) (56 0.147) (49 0.146) (71 0.142) (53 0.11) (48 -0.108) (60 0.0974) (65 -0.0945) (57 -0.0912) (40 -0.0896) (43 0.0873) (52 0.0815) (123 0.0715) (72 -0.0694) (45 0.0659) (15 -0.0631) (84 -0.0616) (107 0.059) (105 -0.0513) (82 -0.0505) (46 0.0497) (120 0.0437) (96 -0.042) (119 0.0394) (117 0.0349) (68 0.0346) (122 -0.0329) (74 0.0327) (80 -0.0318) (64 0.03) (47 0.0289) (54 -0.0285) (90 -0.0285) (81 -0.0266) (87 -0.0262) (61 -0.0255) (109 0.0254) (121 0.0249) (63 -0.0246) (24 -0.0242) (118 -0.024) (108 0.0227) (103 -0.0221) (79 0.0219) (101 -0.021) (32 0.0209) (16 0.02) (92 0.0199) (124 0.0191) (38 -0.019) (112 -0.0185) (115 0.0182) (59 0.0173) (66 -0.0171) (83 0.0167) (110 0.0167) (42 0.0164) (111 -0.0158) (41 0.0148) (104 -0.0146) (14 0.0125) (98 0.0123) (33 -0.0122) (13 -0.012) (12 0.011) (106 0.0104) (73 0.0102) (97 -0.0101) 
   0.0044107   (71 0.582) (45 0.462) (81 -0.318) (46 0.298) (80 -0.277) (50 -0.172) (83 0.169) (93 -0.155) (87 -0.129) (69 -0.0781) (76 -0.078) (78 0.0759) (43 0.0753) (79 0.0671) (98 -0.0665) (48 0.0609) (49 -0.0555) (109 -0.0552) (72 -0.0508) (67 -0.0501) (44 0.05) (97 0.0498) (100 0.0492) (113 0.0474) (51 0.044) (68 0.0437) (105 -0.0407) (107 0.0347) (89 0.0346) (85 -0.0328) (47 0.0317) (77 0.0314) (70 -0.0305) (60 0.0291) (75 0.0289) (90 0.0288) (99 0.0276) (156 0.0261) (74 0.0244) (73 -0.0234) (123 -0.0233) (114 0.0229) (96 0.0229) (54 0.0213) (66 0.0204) (42 0.0194) (101 -0.0193) (57 0.0175) (82 -0.0174) (118 0.0173) (122 0.0172) (115 -0.0166) (119 -0.0156) (117 -0.0154) (20 0.0145) (91 -0.013) (112 0.0129) (88 -0.0126) (103 0.0126) (64 0.0121) (65 -0.0121) (52 0.0119) (41 -0.0119) (63 -0.0118) (104 0.0116) (40 -0.0109) (35 -0.0107) (39 0.0103) 
   0.0045666   (156 0.999) (45 -0.0275) (46 -0.0178) 
   0.0047071   (45 0.646) (71 -0.501) (46 0.421) (80 0.149) (81 0.145) (43 0.135) (79 -0.131) (87 0.0961) (44 0.0906) (109 0.0764) (83 -0.0743) (47 0.0697) (69 0.0686) (40 -0.0622) (90 0.059) (67 0.0574) (68 -0.0394) (72 0.0386) (113 -0.0361) (98 0.036) (48 0.0344) (85 0.0342) (76 0.034) (100 -0.0339) (105 0.0301) (38 -0.0295) (96 -0.0281) (78 -0.0263) (66 -0.026) (49 -0.0257) (37 0.0249) (75 -0.0235) (15 -0.0234) (57 -0.0233) (156 0.0231) (123 0.022) (86 -0.021) (42 0.0206) (114 -0.0204) (73 0.0199) (70 0.0195) (122 -0.0194) (118 -0.0193) (39 0.0192) (14 0.0178) (63 0.0168) (64 -0.0168) (93 -0.0163) (115 0.0154) (110 -0.0141) (117 0.014) (54 -0.0137) (35 -0.0135) (112 -0.0135) (97 -0.0131) (99 -0.0127) (60 -0.0124) (24 -0.0121) (101 0.0121) (56 0.0121) (107 -0.0119) (55 -0.0116) (82 -0.0111) (84 -0.011) (102 0.0104) (36 -0.0102) (20 0.0101) 
   0.0047446   (20 -0.938) (136 -0.278) (21 -0.184) (24 -0.0458) (19 0.0449) (15 0.033) (16 -0.0286) (22 -0.028) (17 -0.0209) (23 0.0175) (45 0.0144) (7 -0.0143) (35 0.0137) (30 0.0125) (27 0.0119) (36 0.0114) (33 -0.0105) (14 0.0101) (46 0.01) 
    0.004937   (136 -0.96) (20 0.272) (21 0.0534) (24 0.0133) (19 -0.013) (7 -0.0106) 
   0.0051295   (7 1) (136 -0.0141) (20 -0.0103) 
   0.0053348   (5 1) 
   0.0054014   (31 -0.446) (27 0.39) (28 0.362) (32 0.35) (135 -0.306) (37 0.292) (14 -0.237) (29 -0.216) (30 -0.202) (35 0.157) (38 -0.116) (36 -0.0703) (39 0.0697) (17 -0.0682) (25 0.0534) (19 -0.0483) (16 0.0449) (33 -0.0379) (23 -0.0359) (34 -0.0358) (21 0.0335) (44 0.0311) (40 -0.0288) (18 -0.0284) (77 -0.027) (78 0.0245) (47 0.0243) (43 -0.0243) (41 0.0242) (15 0.0222) (26 0.0215) (11 -0.0198) (22 -0.0181) (42 -0.0118) (12 0.0118) (24 0.0106) (72 -0.0104) 
   0.0054217   (135 -0.952) (31 0.143) (27 -0.125) (28 -0.116) (32 -0.112) (37 -0.0936) (14 0.0762) (29 0.0694) (30 0.0648) (35 -0.0504) (38 0.0372) (36 0.0226) (39 -0.0224) (17 0.0219) (25 -0.0172) (19 0.0155) (16 -0.0144) (33 0.0122) (23 0.0115) (34 0.0115) (21 -0.0108) 
   0.0056594   (10 0.765) (17 0.493) (16 0.31) (14 -0.207) (27 -0.0968) (15 0.0954) (19 0.0841) (21 -0.0464) (37 0.0344) (22 0.0315) (25 -0.0311) (23 0.0228) (28 -0.0177) (18 0.0136) (38 -0.0127) (35 0.0111) (11 -0.0101) 
   0.0057595   (144 0.999) (10 -0.0267) (17 0.0211) (16 0.0132) 
   0.0060607   (10 0.643) (17 -0.59) (16 -0.369) (14 0.224) (27 0.12) (15 -0.106) (19 -0.105) (21 0.0592) (37 -0.0437) (22 -0.0395) (144 0.0381) (25 0.0374) (23 -0.0288) (28 0.0205) (11 0.0187) (18 -0.0163) (26 0.0153) (38 0.0149) (31 0.0144) (12 -0.0144) (35 -0.0141) (77 0.0128) (30 0.0116) 
   0.0064008   (13 0.884) (12 -0.315) (43 -0.275) (41 0.0942) (42 -0.091) (40 0.0737) (45 0.0661) (47 0.052) (14 -0.0484) (50 0.0442) (15 -0.0433) (39 -0.0388) (38 0.0309) (37 -0.0303) (44 0.0249) (48 -0.0245) (36 0.0156) (46 0.0155) (30 0.0151) (49 0.013) (31 -0.013) (32 -0.0111) (60 -0.0102) (59 0.0101) 
   0.0067804   (143 -0.999) (43 -0.0323) (13 -0.0153) (42 -0.0101) 
   0.0069273   (43 0.787) (13 0.318) (42 0.246) (41 -0.227) (40 -0.205) (45 -0.161) (47 -0.13) (39 0.116) (12 -0.109) (37 0.103) (38 -0.0946) (50 -0.0903) (44 -0.0785) (48 0.0551) (143 -0.0417) (36 -0.0413) (15 -0.0408) (46 -0.0344) (74 0.0324) (32 0.0293) (14 0.0293) (27 -0.0289) (30 -0.0287) (49 -0.0284) (18 0.0278) (31 0.0277) (24 -0.0258) (59 -0.024) (35 0.0238) (60 0.0203) (64 0.0201) (21 -0.0196) (80 0.0195) (79 0.0172) (67 0.0169) (61 -0.0166) (109 0.0161) (56 0.0161) (52 0.0156) (107 0.0156) (55 -0.0145) (81 -0.0145) (84 -0.014) (17 0.0136) (34 0.0133) (29 0.012) (68 0.011) (78 0.0108) (62 0.0107) (28 -0.0106) 
   0.0076369   (12 -0.892) (13 -0.321) (32 -0.188) (31 -0.172) (30 0.168) (29 -0.0458) (14 -0.0444) (36 -0.0345) (33 0.0248) (41 -0.0244) (42 0.0206) (40 -0.018) (35 0.0172) (15 -0.0162) (66 0.0158) (138 0.0142) (68 0.0123) (37 0.012) (18 -0.0118) (38 -0.0113) (27 0.0102) 
   0.0083292   (138 0.992) (32 -0.0683) (31 -0.0606) (30 0.0596) (12 0.0495) (13 0.0173) (29 -0.0165) (41 -0.0108) 

 Largest eigenvalues
      79.863   (163 0.235) (164 0.96) 
      28.752   (37 0.45) (47 0.322) (77 0.291) 
      15.535   (77 0.572) (78 -0.491) 
      9.4483   (107 0.637) (109 0.62) 
      4.5693   (96 -0.289) (120 0.349) (123 0.553) 
       1.458   (163 0.972) (164 -0.231) 
      1.2239   (162 0.995) 
      1.1473   (165 0.997) 
      1.1419   (91 0.901) (101 -0.25) 
      1.1351   (101 0.772) (106 0.496) 
      1.1274   (101 0.349) (106 -0.794) 
     0.91917   (111 0.354) (115 -0.767) 
     0.91665   (103 -0.294) (104 0.842) 
     0.86152   (98 -0.42) (99 -0.589) (100 -0.376) 
     0.84806   (111 -0.584) (112 0.307) 
     0.75833   (110 -0.481) (111 0.323) (115 0.369) (124 0.293) 
     0.67125   (110 0.714) (111 0.303) 
     0.67062   (96 -0.752) (97 -0.229) (98 0.228) (99 0.246) (110 0.225) 
      0.6634   (114 -0.487) (125 0.314) (126 0.43) (145 0.372) 
     0.60001   (111 -0.329) (112 -0.558) (114 0.446) 
     0.59071   (108 0.588) (112 0.33) (114 0.508) 
     0.57615   (108 -0.676) (110 -0.289) (112 0.399) 
     0.57307   (114 -0.356) (121 0.358) (123 -0.426) (129 -0.294) (134 0.376) 
     0.56773   (121 -0.33) (122 0.363) (123 0.325) (124 0.544) (134 0.321) 
     0.56117   (118 0.354) (119 -0.39) (120 0.541) 
     0.54606   (117 -0.706) (118 -0.406) 
      0.5286   (116 0.436) (117 0.326) (119 0.311) (122 0.4) (125 0.322) (134 0.318) 
     0.50005   (116 -0.655) (118 0.257) (121 0.25) (124 0.204) (125 0.248) (126 0.272) (129 0.22) (134 0.281) (145 -0.279) 
     0.49366   (116 0.533) (117 -0.324) (126 0.392) (145 -0.33) 
     0.41587   (92 0.972) 
     0.41194   (118 -0.346) (121 -0.352) (129 -0.365) (145 -0.372) 
     0.34922   (94 -0.926) (103 0.214) 
     0.33553   (94 0.331) (103 0.674) (104 0.339) (105 -0.408) 
     0.30272   (102 -0.813) 
     0.29747   (98 -0.41) (113 -0.326) (119 0.251) (129 -0.276) 
     0.24823   (79 -0.346) (87 -0.661) 
     0.23563   (79 0.499) (98 0.497) 
     0.23029   (79 -0.51) (87 0.597) 
     0.22963   (98 -0.348) (107 0.297) (109 -0.32) (113 0.541) 
     0.17993   (90 -0.805) (93 0.411) 
     0.16059   (90 0.371) (97 -0.531) (109 0.339) 
     0.15105   (86 -0.281) (93 -0.622) (97 0.225) (107 -0.266) (109 0.259) (125 0.213) 
     0.13745   (85 -0.583) (86 0.671) 
     0.13064   (89 -0.728) (93 0.338) (97 0.295) 
     0.12482   (79 0.407) (81 0.498) (83 -0.422) 
     0.11843   (76 -0.253) (78 0.244) (80 -0.305) (89 0.252) (97 0.246) 
      0.1127   (59 0.362) (63 -0.27) (68 -0.243) (69 0.348) (76 0.275) 
      0.1075   (58 0.504) (59 -0.577) 
      0.1022   (58 -0.563) (63 0.315) 
    0.094485   (58 0.455) (59 0.34) (97 -0.277) 
    0.090138   (58 -0.402) (59 -0.555) 
    0.080065   (59 0.294) (63 0.59) (83 -0.291) 
    0.078709   (63 -0.469) (64 -0.616) 
    0.073965   (61 -0.479) (62 0.422) (64 0.367) (67 0.285) 
     0.07287   (61 0.658) (64 0.261) (69 -0.221) 
    0.066269   (61 -0.316) (67 -0.238) (76 -0.244) (80 0.24) (83 0.182) (88 0.183) (113 0.228) (118 0.229) (119 0.314) 
    0.063348   (68 0.261) (74 -0.321) (78 0.299) 
    0.061044   (61 -0.233) (62 -0.592) (69 -0.246) (76 0.213) (80 -0.262) (81 0.209) (85 -0.214) 
    0.059012   (62 0.527) (74 0.295) 
    0.055668   (68 0.385) (69 0.328) (72 0.325) 
    0.053368   (66 0.415) (74 -0.342) (80 0.265) (81 -0.33) (100 0.26) 
     0.04975   (66 -0.46) (67 -0.296) (76 0.315) (100 0.27) 
    0.047728   (66 0.418) (67 0.303) (68 0.325) (69 0.284) (74 0.249) 
    0.046251   (74 -0.266) (76 -0.346) (77 -0.217) (80 -0.269) (81 0.321) (83 0.273) (88 0.262) 
    0.044134   (33 -0.318) (34 -0.796) (41 0.386) 
    0.042248   (34 0.434) (41 0.675) (43 0.312) 
    0.041504   (75 -0.43) (85 -0.256) (88 0.259) (100 -0.254) 
    0.040898   (48 -0.426) (51 -0.459) (75 0.39) 
    0.032347   (48 0.369) (49 0.298) (51 0.366) (75 0.571) 
    0.031709   (26 -0.698) (29 0.404) 
    0.029444   (18 0.339) (21 0.475) (22 0.299) (26 0.516) 
    0.027584   (21 -0.322) (29 0.384) (42 0.485) (88 -0.285) 
    0.026163   (26 -0.342) (29 -0.699) 
    0.021488   (42 -0.529) (75 -0.323) (88 -0.447) 
    0.020703   (120 -0.312) (126 -0.302) (131 0.677) (134 0.345) 
    0.020568   (128 -0.578) (160 -0.809) 
      0.0191   (128 -0.577) (160 0.312) (161 0.754) 
    0.017051   (128 -0.577) (160 0.497) (161 -0.648) 
    0.015395   (15 -0.919) (16 0.346) 
    0.014733   (139 -0.996) 
