 1 31.6228
 2 22.2722
 3 1.86473
 4 31.6228
 5 16.066
 6 11.617
 7 31.6192
 8 1.01259
 9 31.4334
 10 29.5523
 11 0.986156
 12 27.9032
 13 31.6228
 14 31.5819
 15 0.9044
 16 31.6228
 17 31.5395
 18 0.999912
 19 31.6228
 20 26.843
 21 5.8487
 22 31.6228
 23 30.0604
 24 2.58084
 25 15.0764
 26 14.9958
 27 1.8728
 28 31.3408
 29 10.1237
 30 11.9796
 31 21.6132
 32 2.66483
 33 27.922
 34 14.3366
 35 7.02232
 36 16.7248
 37 31.4284
 38 31.5595
 39 1.38061
 40 24.3081
 41 31.0514
 42 1.29249
 43 21.6868
 44 28.7502
 45 1.85901
 46 31.5678
 47 13.7879
 48 19.5921
 49 30.3964
 50 13.5896
 51 14.4312
 52 9.01202
 53 30.6609
 54 16.3584
 55 9.32822
 56 11.6897
 57 29.3144
 58 8.96196
 59 9.2193
 60 9.96955
 61 4.39021
 62 1.31745
 63 21.3812
 64 16.0965
 65 0.970907
 66 21.148
 67 30.0852
 68 3.03214
 69 31.6216
 70 31.6228
 71 28.0931
 72 5.05707
 73 31.6134
 74 1.35506
 75 31.5701
 76 31.3474
 77 1.3888
 78 29.6869
 79 31.6036
 80 2.19189
 81 30.8002
 82 31.4123
 83 16.3162
 84 1.38235
 85 10.1415
 86 1.39851
 87 31.3912
 88 1.10154
 89 1.04607
 90 1.25231
 91 2.45007
 92 18.1567
 93 27.0136
 94 20.8118
 95 28.0549
 96 30.0732
 97 16.4339
 98 14.735
 99 9.11532
 100 25.2824
 101 30.1477
 102 9.65619
 103 11.6644
 104 10.7115
 105 10.6894
 106 12.2319
 107 12.2945
 108 12.373
 109 10.202
 110 8.2583
 111 12.5857
 112 13.9444
 113 13.2927
 114 12.5088
 115 12.4433
 116 10.6289
 117 12.1644
 118 13.1039
 119 11.3733
 120 8.44775
 121 10.6338
 122 6.68707
 123 7.68858
 124 5.50231
 125 5.12479
 126 6.89124
 127 4.5216
 128 8.76073
 129 7.35043
 130 7.13671
 131 4.1245
 132 4.44781
 133 4.57112
 134 5.84478
 135 2.67815
 136 6.67271
 137 2.89481
 138 2.84147
 139 2.85293
 140 3.08297
 141 3.04704
 142 2.67636
 143 2.80516
 144 3.69814
 145 3.76464
 146 3.38535
 147 2.90981
 148 5.18446
 149 3.80294
 150 3.27109
 151 3.527
 152 4.71227
 153 4.36129
 154 3.51735
 155 4.37297
 156 4.81666
 157 6.7759
 158 0.186275
 159 0.274063
 160 0.271263
 161 3.71328
 162 3.39478
 163 15.8442
 164 27.3441
 165 0.574296
