 1 55272.9
 2 649.715
 3 26.4496
 4 177729
 5 511.106
 6 358.417
 7 539841
 8 42.0732
 9 16643.7
 10 2436.14
 11 4.2703
 12 1725.69
 13 282824
 14 3744.39
 15 0.848296
 16 353929
 17 3663.22
 18 8.62223
 19 122810
 20 2181.64
 21 400.399
 22 162027
 23 3282.96
 24 173.855
 25 259.05
 26 318.114
 27 19.879
 28 2726.77
 29 254.163
 30 304.763
 31 517.646
 32 66.4309
 33 1087.83
 34 217.796
 35 158.648
 36 422.219
 37 1523.61
 38 2995.56
 39 7.55771
 40 974.532
 41 4301.39
 42 2.04051
 43 688.065
 44 1497.57
 45 27.4413
 46 7012.84
 47 1093.98
 48 1436.23
 49 1882.4
 50 199.619
 51 364.699
 52 213.171
 53 2892.91
 54 307.798
 55 226.06
 56 305.264
 57 1010.29
 58 92.0447
 59 157.752
 60 181.685
 61 22.1751
 62 1.75449
 63 492.067
 64 304.507
 65 1.72493
 66 494.921
 67 3569.06
 68 190.404
 69 136893
 70 175441
 71 2193.3
 72 289.689
 73 16966.2
 74 25.3415
 75 16093.8
 76 8244.94
 77 6.65599
 78 1959.09
 79 8445.43
 80 82.3323
 81 2758.97
 82 1583.2
 83 306.496
 84 2.77435
 85 137.831
 86 2.63835
 87 5226.15
 88 1.71821
 89 1.64382
 90 1.91918
 91 9.57037
 92 468.452
 93 1347.49
 94 883.899
 95 1645.83
 96 1954.86
 97 328.579
 98 279.047
 99 127.364
 100 797.922
 101 1452.57
 102 118.207
 103 154.201
 104 132.479
 105 129.521
 106 160.509
 107 164.304
 108 167.596
 109 122.347
 110 95.239
 111 177.298
 112 204.941
 113 188.49
 114 171.052
 115 174.616
 116 138.592
 117 169.335
 118 189.752
 119 146.631
 120 84.2678
 121 121.618
 122 47.8172
 123 62.8994
 124 36.5063
 125 29.3811
 126 52.0417
 127 26.9338
 128 88.9732
 129 67.5136
 130 60.202
 131 20.384
 132 20.9456
 133 22.4402
 134 36.2465
 135 8.79218
 136 45.8741
 137 9.92873
 138 9.2434
 139 9.31813
 140 10.9527
 141 11.6714
 142 8.89427
 143 9.51444
 144 15.221
 145 15.2985
 146 12.7828
 147 10.4162
 148 30.0823
 149 16.3873
 150 12.1469
 151 14.1094
 152 23.6986
 153 20.8971
 154 13.5699
 155 20.1682
 156 24.2235
 157 46.9995
 158 0.254407
 159 0.129432
 160 0.42089
 161 25.8806
 162 14.8251
 163 1115.81
 164 2405.29
 165 12.3305
