 1 1000
 2 521.437
 3 21.3875
 4 1000
 5 415.6
 6 291.486
 7 999.827
 8 3.31088
 9 992.062
 10 882.846
 11 2.39935
 12 791.451
 13 1000
 14 997.859
 15 0.825558
 16 1000
 17 996.981
 18 2.98041
 19 1000
 20 842.214
 21 155.218
 22 1000
 23 948.455
 24 50.9689
 25 239.384
 26 254.305
 27 16.0005
 28 985.57
 29 203.469
 30 245.241
 31 487.648
 32 51.6462
 33 841.962
 34 211.216
 35 141.919
 36 375.871
 37 989.088
 38 997.761
 39 3.59692
 40 603.925
 41 968.549
 42 1.74836
 43 496.329
 44 860.261
 45 16.2353
 46 997.938
 47 404.204
 48 597.793
 49 938.014
 50 197.339
 51 294.007
 52 172.512
 53 951.847
 54 274.652
 55 166.331
 56 220.496
 57 894.237
 58 90.882
 59 148.11
 60 169.832
 61 21.9313
 62 1.753
 63 469.713
 64 302.718
 65 1.71783
 66 488.832
 67 949.039
 68 53.0571
 69 999.96
 70 1000
 71 882.101
 72 117.758
 73 999.574
 74 3.03776
 75 998.096
 76 983.567
 77 3.72249
 78 885.906
 79 999.163
 80 26.7779
 81 971.541
 82 990.098
 83 283.313
 84 2.67043
 85 107.582
 86 2.38361
 87 989.982
 88 1.71803
 89 1.64381
 90 1.91896
 91 8.78632
 92 401.678
 93 819.289
 94 545.279
 95 845.529
 96 934.012
 97 313.546
 98 268.086
 99 126.171
 100 683.766
 101 929.752
 102 114.19
 103 151.589
 104 131.326
 105 128.764
 106 159.921
 107 163.576
 108 166.708
 109 121.458
 110 93.4648
 111 176.227
 112 204.062
 113 187.859
 114 170.668
 115 174.176
 116 137.857
 117 168.819
 118 189.48
 119 146.199
 120 83.337
 121 121.051
 122 47.4193
 123 61.6325
 124 36.164
 125 28.787
 126 51.6805
 127 25.6936
 128 86.5368
 129 66.368
 130 59.2735
 131 20.0854
 132 20.7135
 133 22.1199
 134 35.2823
 135 8.5643
 136 45.5135
 137 9.6316
 138 8.99391
 139 9.07923
 140 10.4599
 141 10.9572
 142 8.50722
 143 9.1168
 144 14.8026
 145 15.0403
 146 12.4859
 147 9.92824
 148 28.9193
 149 15.8
 150 11.8805
 151 13.82
 152 23.2495
 153 20.0614
 154 13.213
 155 19.8649
 156 24.0317
 157 46.774
 158 0.212107
 159 0.1247
 160 0.372685
 161 21.2853
 162 14.0721
 163 323.978
 164 808.467
 165 7.68273
