 Smallest eigenvalues
  1.8041e-06   (9 1) 
  2.8254e-06   (48 -0.635) (49 0.476) (42 -0.256) (47 0.255) (52 -0.207) (154 -0.194) (51 0.179) (53 0.168) (46 0.134) (78 0.111) (44 0.103) (14 0.0939) (13 -0.0853) (54 0.0841) (55 -0.0759) (33 -0.0706) (61 -0.0532) (77 -0.0527) (56 0.0455) (24 0.0434) (38 0.0426) (45 -0.0356) (25 -0.033) (40 0.0324) (36 0.031) (59 0.0274) (17 -0.026) (50 -0.0257) (71 -0.0247) (73 -0.0235) (60 -0.0224) (29 0.0199) (68 0.0189) (37 -0.0175) (57 0.0134) (27 -0.0132) (35 -0.0131) (84 0.013) (28 0.0129) (21 -0.0125) (79 -0.0118) (72 0.0117) (26 0.0116) (34 0.0109) (39 0.0107) (88 0.0104) (81 -0.0103) 
  3.5358e-06   (154 -0.981) (48 0.125) (49 -0.0941) (42 0.0506) (47 -0.0503) (52 0.0408) (51 -0.0354) (53 -0.0332) (46 -0.0265) (78 -0.0215) (44 -0.0204) (14 -0.0187) (13 0.0169) (54 -0.0166) (55 0.015) (33 0.014) (61 0.0104) (77 0.0102) 
  5.6265e-06   (4 1) 
  5.6999e-06   (148 0.642) (44 -0.526) (42 -0.414) (46 -0.209) (45 -0.157) (43 -0.138) (48 0.118) (14 0.0785) (33 -0.0749) (13 -0.0715) (78 0.0593) (24 0.0459) (77 -0.0432) (36 0.0389) (40 0.0387) (51 -0.0382) (38 0.0376) (47 0.0363) (25 -0.0313) (26 0.029) (37 -0.028) (53 -0.0233) (17 -0.0227) (56 0.0223) (55 -0.0213) (61 -0.0192) (52 -0.0178) (16 0.0156) (34 0.0152) (71 -0.0151) (50 0.0148) (73 -0.0131) (60 -0.0106) 
  6.1718e-06   (148 0.767) (44 0.44) (42 0.346) (46 0.175) (45 0.131) (43 0.115) (48 -0.0989) (14 -0.0657) (33 0.0627) (13 0.0598) (78 -0.0496) (24 -0.0384) (77 0.0361) (36 -0.0325) (40 -0.0324) (51 0.0319) (38 -0.0315) (47 -0.0304) (25 0.0262) (26 -0.0242) (37 0.0235) (53 0.0195) (17 0.019) (56 -0.0186) (55 0.0178) (61 0.0161) (52 0.0149) (16 -0.0131) (34 -0.0128) (71 0.0126) (50 -0.0124) (73 0.011) 
  7.3015e-06   (1 -0.987) (28 0.123) (33 0.051) (26 0.0397) (24 0.0355) (30 -0.0343) (29 -0.0326) (25 -0.0269) (27 -0.0251) (31 -0.0218) (14 0.0168) (36 -0.016) (42 0.0135) (13 -0.0127) (34 -0.012) 
  8.1427e-06   (156 0.999) (28 0.0362) (33 0.0148) (26 0.0119) (24 0.0113) (30 -0.0101) 
  1.8092e-05   (28 -0.731) (33 -0.3) (26 -0.24) (24 -0.229) (30 0.205) (29 0.196) (25 0.165) (1 -0.161) (14 -0.157) (13 0.149) (27 0.147) (31 0.135) (36 0.0887) (34 0.0745) (42 -0.0743) (37 -0.057) (16 -0.05) (156 0.0495) (32 0.0471) (17 0.0449) (21 0.0431) (78 -0.0419) (20 -0.041) (35 -0.0363) (48 -0.0327) (77 0.0305) (39 0.0266) (22 -0.0203) (38 0.0199) (55 0.0153) (43 0.0152) (15 -0.0151) (19 -0.015) (79 0.0133) (61 0.0128) (50 -0.0118) (40 0.0116) (56 -0.0116) (53 0.0113) (73 0.011) (46 -0.0109) (12 -0.0108) (71 0.0105) 
  3.4945e-05   (19 -0.641) (20 -0.449) (46 -0.347) (44 0.301) (42 -0.27) (45 0.16) (43 0.15) (47 -0.0953) (22 -0.0901) (28 0.0752) (48 0.0694) (16 0.067) (17 -0.0643) (31 0.0604) (78 0.0503) (14 0.036) (37 0.0349) (29 0.0294) (33 -0.0279) (39 0.0277) (50 0.0263) (74 -0.0251) (38 0.0247) (13 -0.0247) (21 -0.0235) (53 -0.0227) (77 -0.0219) (72 0.019) (68 0.0175) (63 -0.0162) (23 0.0161) (52 -0.0151) (67 -0.015) (61 -0.0148) (40 0.014) (35 -0.0137) (56 0.0128) (79 0.0125) (55 -0.0125) (71 -0.0108) (34 0.0103) 
   0.0001067   (158 -0.999) (19 0.0211) (46 -0.0187) (44 0.0171) (20 0.0154) (42 -0.0144) (43 0.0107) 
  0.00010856   (19 -0.471) (46 0.434) (44 -0.395) (20 -0.344) (42 0.334) (43 -0.249) (45 -0.221) (47 0.138) (48 -0.124) (22 -0.0798) (33 0.0722) (14 -0.0716) (24 -0.0712) (13 0.0708) (78 -0.0699) (77 0.0506) (36 -0.0478) (26 -0.0457) (158 -0.0437) (25 0.0414) (28 0.0383) (32 -0.0344) (55 0.0326) (40 -0.0326) (38 -0.0323) (61 0.0318) (37 0.0297) (56 -0.0291) (50 -0.0257) (34 -0.025) (49 -0.0248) (16 0.0244) (41 -0.0241) (17 -0.0225) (74 0.022) (29 0.0203) (72 -0.0178) (68 -0.0176) (71 0.0165) (53 0.0154) (67 0.0147) (81 0.0132) (39 0.0131) (35 -0.0126) (63 0.0126) (76 -0.0125) (57 0.0123) (66 -0.0113) (59 -0.0103) 
  0.00012342   (3 -1) 
  0.00013341   (22 0.618) (24 -0.415) (14 0.293) (20 -0.271) (25 0.259) (13 -0.25) (17 -0.218) (21 -0.173) (23 -0.156) (19 0.135) (33 0.106) (29 -0.0887) (26 -0.0595) (42 0.0558) (32 0.0477) (38 -0.0423) (36 -0.0393) (46 -0.0317) (30 0.0267) (40 -0.0207) (43 0.0204) (37 0.0202) (11 0.0195) (12 0.0188) (27 0.0158) (44 -0.0157) (78 0.0152) (16 -0.0151) (57 0.0133) (51 -0.0126) (15 0.0125) (18 -0.0124) (77 -0.0116) 
  0.00018891   (159 1) 
  0.00021679   (2 1) 
  0.00024345   (21 0.838) (22 -0.257) (14 0.238) (17 -0.226) (13 -0.203) (24 -0.199) (25 0.131) (33 0.0738) (23 0.064) (16 0.0503) (19 0.0494) (157 0.0459) (26 -0.0413) (29 -0.0369) (42 0.0319) (30 0.0286) (36 -0.0251) (38 -0.0184) (11 0.0162) (15 0.016) (12 0.0146) (37 0.0141) (40 -0.014) (46 -0.0139) (78 0.0132) (48 0.0117) (77 -0.0114) 
  0.00027074   (157 0.999) (21 -0.0385) (22 0.0118) (14 -0.011) (17 0.0104) 
  0.00028748   (8 -1) 
  0.00030426   (26 -0.697) (150 -0.393) (27 0.382) (25 -0.253) (24 0.235) (33 0.15) (14 0.128) (13 -0.115) (31 0.0776) (17 -0.0667) (32 -0.063) (36 -0.0545) (28 0.0532) (30 0.0528) (16 0.0501) (20 0.0469) (37 0.0457) (22 0.042) (51 0.0419) (35 0.0397) (47 -0.032) (21 -0.0305) (42 0.0282) (48 0.0275) (34 -0.0265) (78 0.0204) (15 0.0172) (19 -0.0167) (53 0.0166) (52 -0.016) (75 -0.0125) (40 -0.0113) (44 -0.0113) (23 0.0103) (38 -0.0102) 
  0.00031068   (150 -0.919) (26 0.298) (27 -0.164) (25 0.108) (24 -0.101) (33 -0.0642) (14 -0.0546) (13 0.049) (31 -0.0332) (17 0.0285) (32 0.027) (36 0.0233) (28 -0.0227) (30 -0.0226) (16 -0.0214) (20 -0.0201) (37 -0.0195) (22 -0.018) (51 -0.0179) (35 -0.017) (47 0.0137) (21 0.0131) (42 -0.0121) (48 -0.0117) (34 0.0113) 
  0.00032474   (6 1) 
  0.00032973   (22 -0.573) (21 -0.441) (20 0.317) (24 -0.303) (25 0.273) (153 -0.224) (14 0.205) (17 -0.175) (13 -0.17) (23 -0.151) (33 0.0887) (16 0.0834) (19 -0.0809) (32 -0.0582) (26 -0.0487) (31 0.0354) (15 0.0329) (27 0.0287) (30 0.0273) (36 -0.0268) (37 0.0223) (78 0.021) (48 0.0205) (39 0.0198) (28 0.0195) (35 0.0194) (42 0.0184) (73 -0.0149) (34 -0.0147) (51 0.0144) (77 -0.0126) (12 0.012) (56 0.01) 
  0.00035528   (153 -0.975) (22 0.131) (21 0.101) (20 -0.0727) (24 0.0696) (25 -0.0626) (14 -0.047) (17 0.0403) (13 0.039) (23 0.0346) (33 -0.0203) (16 -0.0191) (19 0.0185) (32 0.0133) (26 0.0112) 
  0.00036507   (73 -0.66) (57 -0.45) (61 0.266) (70 0.205) (65 0.188) (71 -0.179) (74 -0.155) (59 -0.137) (78 -0.137) (52 0.119) (42 -0.105) (77 0.101) (60 0.101) (51 0.101) (46 0.0922) (43 -0.0838) (66 -0.0817) (55 -0.0774) (56 0.0703) (32 -0.06) (44 0.0599) (69 -0.0436) (79 0.0413) (38 0.0402) (20 -0.0393) (16 -0.038) (62 -0.0377) (72 0.0359) (54 -0.0338) (50 0.0316) (48 0.0295) (19 0.029) (41 0.0255) (89 -0.0243) (47 -0.0234) (122 0.0233) (40 0.0221) (84 0.0214) (29 0.0208) (68 -0.0202) (31 0.0199) (100 0.0192) (37 -0.0182) (28 0.0181) (104 0.0166) (115 0.0164) (45 -0.016) (63 0.0159) (114 0.0154) (58 0.0152) (13 -0.0152) (88 0.0151) (126 0.0142) (14 0.014) (25 0.0131) (124 0.0115) (99 -0.011) (152 -0.0108) (120 0.0107) (127 0.01) 
  0.00041989   (73 0.646) (57 -0.401) (61 0.251) (65 0.244) (152 -0.231) (59 -0.187) (70 0.174) (42 -0.144) (46 0.13) (74 0.119) (66 -0.108) (43 -0.103) (52 0.101) (51 0.0955) (68 -0.0948) (44 0.0813) (49 -0.0789) (56 0.0754) (32 -0.0644) (71 0.0642) (60 0.0633) (47 -0.0627) (14 0.0579) (13 -0.0546) (69 0.0544) (38 0.054) (54 -0.0522) (53 -0.0501) (39 0.0443) (72 -0.0414) (62 -0.0402) (33 -0.0389) (16 -0.0381) (19 0.035) (48 -0.0346) (55 -0.0345) (29 0.0329) (41 0.0328) (20 -0.0307) (120 0.0298) (45 -0.0289) (79 -0.0284) (78 0.0258) (28 0.0255) (40 0.0254) (37 -0.0245) (84 0.0212) (31 0.02) (122 -0.0199) (77 -0.0195) (63 0.0188) (115 0.0183) (89 -0.0179) (121 -0.0176) (50 0.016) (58 0.016) (125 -0.0159) (127 0.0159) (21 -0.0142) (114 0.0141) (36 0.0136) (136 -0.0126) (118 0.0125) (126 -0.0123) (99 -0.0118) (17 -0.0114) (130 0.0112) (100 0.0105) (104 0.0102) 
  0.00044878   (152 -0.973) (73 -0.146) (57 0.101) (61 -0.0626) (65 -0.0599) (59 0.046) (70 -0.0432) (42 0.0358) (46 -0.0324) (74 -0.0265) (66 0.0264) (43 0.0258) (52 -0.0256) (51 -0.0241) (68 0.0227) (44 -0.0203) (56 -0.0188) (49 0.0188) (32 0.0163) (60 -0.0162) (47 0.0153) (14 -0.0141) (38 -0.0135) (71 -0.0133) (13 0.0133) (54 0.0129) (69 -0.0124) (53 0.0121) (39 -0.0106) 
  0.00047578   (25 0.762) (24 0.617) (54 0.069) (55 0.0671) (52 0.0631) (53 -0.0492) (23 -0.0482) (22 0.0458) (26 -0.0451) (51 0.044) (56 -0.0405) (13 -0.038) (57 0.0346) (20 -0.0335) (14 0.0311) (46 0.0309) (49 -0.0281) (21 0.0241) (29 0.0237) (16 0.0208) (39 0.0208) (43 -0.0195) (27 0.0192) (47 -0.0185) (44 0.0168) (48 -0.0156) (42 -0.0155) (78 0.0141) (32 -0.0138) (17 -0.0136) (61 -0.0109) 
  0.00048414   (147 0.74) (52 0.288) (55 0.287) (54 0.282) (51 0.204) (53 -0.185) (56 -0.185) (57 0.127) (42 -0.122) (46 0.105) (25 -0.0927) (49 -0.0855) (43 -0.0842) (44 0.0698) (24 -0.058) (48 -0.0563) (47 -0.0551) (61 -0.0479) (14 0.043) (13 -0.0383) (73 -0.0367) (33 -0.0362) (32 -0.0358) (38 0.0331) (78 0.0246) (60 -0.0246) (45 -0.0235) (40 0.0207) (16 -0.0191) (41 0.0189) (37 -0.0187) (77 -0.0178) (39 0.0176) (19 0.0171) (28 0.0166) (71 -0.0152) (36 0.015) (29 0.013) (59 0.0128) (26 0.0128) (50 -0.0127) (23 0.0126) (31 0.0107) (65 -0.0105) (20 -0.0102) 
  0.00049327   (147 0.673) (52 -0.318) (55 -0.316) (54 -0.311) (51 -0.225) (53 0.204) (56 0.204) (57 -0.139) (42 0.135) (46 -0.115) (25 0.0981) (49 0.0942) (43 0.0927) (44 -0.0769) (48 0.062) (47 0.0608) (24 0.0606) (61 0.0528) (14 -0.0475) (13 0.0424) (73 0.0404) (33 0.0398) (32 0.0395) (38 -0.0364) (60 0.0271) (78 -0.027) (45 0.0259) (40 -0.0227) (16 0.0209) (41 -0.0209) (37 0.0205) (77 0.0195) (39 -0.0194) (19 -0.0188) (28 -0.0182) (71 0.0167) (36 -0.0166) (29 -0.0144) (59 -0.0141) (50 0.014) (26 -0.0138) (23 -0.0136) (31 -0.0118) (65 0.0116) (20 0.0114) (69 0.0102) 
  0.00051461   (54 -0.663) (53 0.365) (39 -0.362) (55 0.317) (52 0.289) (57 0.168) (42 -0.147) (51 0.13) (40 0.117) (43 -0.0767) (46 0.0643) (44 0.0562) (49 -0.0533) (56 0.0467) (33 0.0416) (48 -0.0393) (78 0.0387) (61 -0.0375) (38 -0.0342) (60 -0.0282) (77 -0.0272) (36 -0.0265) (70 0.0235) (71 -0.0226) (47 -0.0222) (45 -0.0221) (151 -0.0171) (25 0.0166) (20 -0.0165) (37 0.0161) (73 -0.0148) (41 0.0114) (69 -0.0113) 
  0.00052879   (151 -0.972) (39 0.2) (54 -0.0594) (40 -0.053) (33 -0.0371) (38 0.0329) (53 0.0298) (52 0.0257) (55 0.0232) (42 0.0231) (37 -0.0222) (36 0.0181) (14 0.0181) (32 -0.0169) (57 0.016) (13 -0.0159) (51 0.0142) (48 0.0125) (25 -0.0119) (49 0.0109) 
   0.0005868   (39 -0.805) (54 0.296) (151 -0.234) (40 0.212) (33 0.151) (53 -0.151) (38 -0.134) (52 -0.128) (55 -0.12) (37 0.0911) (42 -0.0854) (57 -0.0786) (14 -0.075) (36 -0.0735) (32 0.0705) (51 -0.069) (13 0.0661) (48 -0.0495) (25 0.0481) (78 -0.0433) (49 -0.0417) (28 -0.0383) (73 0.0382) (24 -0.0376) (31 -0.0304) (77 0.0302) (56 -0.0292) (23 -0.0273) (35 0.0271) (61 0.0269) (26 -0.0267) (34 -0.025) (19 -0.024) (47 -0.0213) (71 0.0187) (60 0.0167) (16 0.0148) (50 -0.0141) (44 0.0139) (27 0.0125) (22 -0.0124) (17 0.0124) (69 0.0124) (65 0.0121) (20 0.0115) (68 -0.0107) (29 -0.0101) 
  0.00059976   (70 -0.842) (71 0.386) (57 -0.255) (49 0.112) (52 0.105) (51 0.105) (48 0.081) (61 0.0761) (73 -0.0643) (68 0.0574) (42 -0.0429) (59 -0.0408) (43 -0.0363) (60 0.0357) (32 -0.0323) (54 -0.0313) (149 0.0305) (50 0.0302) (74 -0.0297) (84 0.0296) (46 0.0295) (20 -0.0268) (75 -0.0229) (47 0.0225) (16 -0.0213) (44 0.0212) (38 0.0212) (125 -0.0197) (56 0.0188) (40 0.017) (89 -0.017) (88 0.0168) (39 -0.0159) (120 0.0156) (19 0.0152) (100 0.0148) (127 0.0147) (65 0.014) (104 0.0131) (97 -0.0125) (41 0.0124) (37 -0.012) (79 -0.012) (122 0.0119) (76 0.0118) (114 0.0116) (28 0.0114) (31 0.0113) (123 -0.0108) (126 0.0103) 
  0.00061659   (149 0.854) (49 -0.362) (48 -0.2) (51 -0.147) (47 -0.113) (52 -0.108) (42 -0.104) (46 0.0815) (55 -0.0793) (43 -0.0588) (44 0.0585) (70 -0.0582) (53 0.0536) (73 -0.0515) (50 -0.05) (39 0.0459) (45 -0.0327) (14 0.0323) (13 -0.0286) (78 0.0273) (33 -0.0257) (32 -0.0249) (38 0.0234) (59 0.0223) (61 -0.0201) (57 0.02) (65 -0.0195) (77 -0.0183) (68 0.0171) (54 -0.0149) (28 0.0148) (37 -0.014) (19 0.014) (41 0.0137) (16 -0.0121) (29 0.0117) (25 -0.0117) (23 0.0113) (69 -0.0113) (79 -0.0108) 
  0.00062459   (49 0.587) (149 0.52) (48 0.323) (51 0.235) (47 0.183) (42 0.173) (52 0.17) (70 0.145) (46 -0.136) (55 0.13) (43 0.099) (44 -0.0975) (73 0.0886) (53 -0.0875) (50 0.0802) (39 -0.0743) (45 0.054) (14 -0.0533) (13 0.0475) (78 -0.0455) (32 0.043) (33 0.0423) (38 -0.0399) (59 -0.0343) (71 -0.0322) (68 -0.0315) (65 0.0313) (77 0.0298) (61 0.0285) (54 0.0264) (28 -0.0251) (19 -0.0239) (37 0.0238) (41 -0.0232) (16 0.0213) (29 -0.0198) (25 0.0186) (79 0.0184) (69 0.0184) (23 -0.0184) (57 -0.0172) (66 -0.0167) (31 -0.0157) (36 -0.0151) (56 0.0144) (40 -0.0123) (120 -0.011) (21 0.0105) (72 -0.0102) (24 -0.0102) (20 0.0101) 
  0.00068874   (38 0.855) (39 -0.225) (20 -0.213) (23 0.187) (40 -0.162) (19 0.159) (42 0.129) (22 -0.112) (16 -0.0987) (43 0.0808) (32 -0.0808) (37 -0.0802) (21 -0.069) (46 -0.0663) (41 -0.0653) (44 -0.05) (36 -0.0405) (14 0.0405) (13 -0.0401) (57 0.0323) (52 -0.0299) (31 0.0297) (51 -0.0279) (33 0.0263) (25 0.0177) (55 0.0177) (48 -0.0143) (47 0.0133) (56 -0.0132) (29 0.0114) (15 -0.0105) (45 0.0101) 
  0.00080459   (23 0.546) (20 -0.454) (19 0.341) (38 -0.336) (22 -0.301) (32 0.208) (21 -0.204) (16 -0.142) (14 0.113) (13 -0.104) (28 -0.104) (29 -0.102) (24 0.0822) (31 -0.0706) (37 0.0543) (143 0.0427) (39 0.0416) (40 0.041) (17 -0.0334) (33 0.0331) (25 -0.0273) (42 0.0203) (30 0.0186) (26 0.0186) (18 -0.0177) (11 0.0121) (27 0.012) (15 -0.012) (48 0.0116) (49 0.0107) 
  0.00084216   (143 0.999) (23 -0.0243) (20 0.0205) (19 -0.0154) (22 0.0134) (141 0.0114) (38 0.0101) 
  0.00089822   (46 0.384) (48 0.367) (49 0.348) (51 -0.326) (16 -0.278) (52 -0.276) (47 -0.273) (43 -0.269) (42 -0.236) (44 0.203) (57 0.14) (55 0.103) (56 -0.0911) (17 0.0886) (41 0.0876) (32 -0.0835) (50 0.0659) (14 0.0647) (13 -0.0592) (53 0.057) (38 0.0525) (45 -0.0437) (78 -0.0416) (77 0.0314) (31 0.029) (24 -0.028) (25 0.0274) (40 0.0269) (39 0.0261) (29 0.0242) (61 -0.0239) (36 -0.0227) (19 -0.0198) (37 -0.019) (54 0.0187) (28 0.0182) (33 0.0171) (60 -0.0148) (26 -0.0145) (70 0.013) (84 0.0125) (21 0.0118) (15 -0.0105) (20 -0.0104) 
   0.0011261   (16 -0.797) (17 0.304) (19 -0.247) (14 0.204) (20 0.182) (13 -0.177) (46 -0.128) (42 0.108) (32 0.107) (43 0.0969) (48 -0.0946) (49 -0.0871) (47 0.081) (51 0.0763) (44 -0.0718) (52 0.065) (29 -0.0578) (21 0.0402) (38 -0.0401) (28 -0.04) (41 -0.0354) (31 -0.0347) (23 -0.0304) (57 -0.0274) (39 -0.0267) (55 -0.0245) (33 0.0244) (15 -0.0227) (37 0.0219) (56 0.0207) (18 0.0201) (11 0.0196) (50 -0.0192) (45 0.018) (22 0.0166) (24 0.0164) (40 -0.0147) (78 0.0118) (12 0.0107) (30 0.0105) 
   0.0012626   (146 -1) (136 -0.0113) 
   0.0014176   (55 -0.685) (56 -0.382) (32 -0.31) (57 0.242) (52 0.24) (51 0.169) (36 0.165) (33 -0.147) (54 -0.134) (31 0.0851) (28 0.0798) (29 0.0769) (39 -0.0761) (37 0.0713) (48 0.0702) (20 -0.0648) (16 -0.0645) (34 -0.062) (19 0.0584) (35 -0.0579) (50 0.0568) (38 -0.0528) (46 0.0497) (49 0.0426) (78 -0.0411) (43 -0.036) (61 -0.0293) (14 0.0277) (77 0.0265) (13 -0.0262) (53 -0.0259) (44 0.0238) (60 -0.0214) (72 0.0208) (73 0.0191) (24 -0.0171) (71 0.016) (139 0.0151) (70 0.0146) (68 -0.0144) (79 0.0137) (30 -0.0135) (25 0.0121) (26 -0.0118) (23 0.0117) (65 0.0113) (69 0.0108) (15 -0.0104) 
   0.0015026   (32 -0.55) (36 0.377) (33 -0.335) (55 0.321) (37 0.18) (38 -0.171) (42 0.168) (56 0.164) (39 -0.151) (52 -0.146) (31 0.143) (28 0.137) (29 0.128) (35 -0.127) (34 -0.125) (139 0.123) (51 -0.115) (43 0.098) (46 -0.0867) (57 -0.0846) (19 0.0742) (14 0.0671) (54 0.0646) (20 -0.0639) (13 -0.0636) (16 -0.0634) (44 -0.0587) (41 -0.0562) (40 -0.0355) (30 -0.0274) (23 0.0268) (50 -0.0246) (48 -0.0213) (78 0.021) (47 0.0193) (53 0.0192) (73 -0.0172) (27 -0.0155) (45 0.015) (77 -0.0139) (17 -0.0103) 
   0.0015382   (139 0.992) (32 0.0731) (36 -0.0493) (33 0.0438) (55 -0.0292) (136 -0.027) (37 -0.0234) (38 0.0219) (42 -0.0205) (39 0.0198) (31 -0.0191) (28 -0.0183) (29 -0.0171) (35 0.0166) (34 0.0165) (56 -0.0145) (52 0.0143) (51 0.0114) (43 -0.0114) (19 -0.0102) 
   0.0015699   (13 -0.72) (14 -0.586) (36 -0.287) (33 -0.191) (35 0.0751) (29 0.0667) (15 -0.0366) (134 -0.036) (37 0.0322) (32 -0.0295) (38 -0.0292) (42 0.027) (28 0.0235) (30 -0.0215) (34 0.0187) (39 -0.014) (72 -0.0139) (12 0.0139) (45 0.0115) (17 -0.0108) (11 0.0104) (40 -0.0104) 
   0.0017999   (134 -0.772) (36 -0.448) (33 -0.306) (14 0.216) (13 0.155) (35 0.116) (29 0.0938) (32 -0.053) (37 0.0448) (38 -0.0434) (42 0.0407) (28 0.0402) (34 0.0317) (30 -0.0304) (39 -0.0299) (24 0.022) (40 -0.0167) (19 0.0167) (25 -0.0166) (17 -0.0148) (45 0.014) (15 0.0133) (53 0.0127) (26 0.0117) (44 -0.0108) (18 -0.0103) 
   0.0018588   (134 -0.634) (36 0.562) (33 0.384) (14 -0.23) (13 -0.148) (35 -0.145) (29 -0.118) (32 0.0663) (37 -0.0563) (38 0.0545) (42 -0.051) (28 -0.0503) (34 -0.0397) (30 0.0383) (39 0.0372) (24 -0.0265) (40 0.0209) (25 0.0205) (19 -0.0204) (17 0.0186) (45 -0.0177) (53 -0.0157) (26 -0.0144) (15 -0.0142) (44 0.0136) (18 0.0128) (46 0.0124) (51 0.0123) (48 -0.0117) (54 -0.0109) 
    0.001994   (29 0.794) (30 -0.3) (32 0.273) (53 0.219) (28 0.178) (31 -0.157) (36 0.139) (54 0.125) (52 0.106) (24 -0.0721) (51 -0.0705) (33 0.0699) (50 -0.0685) (27 0.0667) (26 -0.063) (71 -0.0569) (69 -0.0513) (19 0.0499) (68 0.0428) (16 -0.0423) (46 -0.0387) (48 0.0355) (25 0.0348) (20 -0.0291) (34 0.0276) (40 -0.026) (37 -0.0233) (61 0.0227) (73 0.0225) (74 0.0223) (72 0.0221) (70 -0.022) (42 0.0186) (45 0.017) (55 -0.0165) (78 -0.0164) (47 0.016) (56 -0.0156) (15 0.014) (57 -0.0139) (131 0.0133) (65 -0.0132) (62 -0.012) (49 0.0108) (44 -0.0107) (38 -0.0103) (81 0.0103) (41 0.01) 
   0.0020303   (71 -0.528) (69 -0.451) (68 0.428) (74 0.205) (70 -0.197) (78 -0.195) (131 0.192) (53 -0.19) (72 0.149) (73 0.144) (130 0.125) (54 -0.111) (65 -0.0937) (51 0.0925) (67 -0.0826) (59 0.0817) (46 0.0782) (57 -0.0744) (63 -0.0615) (52 -0.0548) (56 0.0528) (83 -0.0461) (43 0.0438) (42 -0.0419) (80 -0.0416) (75 0.0352) (87 0.0342) (81 0.032) (60 0.0244) (115 -0.0231) (32 -0.0223) (41 0.0206) (55 -0.0204) (132 -0.0199) (48 0.018) (79 0.0179) (29 -0.0178) (77 -0.0171) (50 0.0169) (58 -0.0166) (66 0.0154) (40 0.0148) (96 0.0145) (31 0.0141) (62 -0.0139) (76 0.0137) (118 -0.0136) (91 0.0129) (86 0.0122) (45 -0.0118) (33 -0.0118) (16 -0.0117) (100 0.0115) (89 -0.011) (38 0.0105) (36 -0.0105) 
    0.002292   (53 -0.526) (131 0.466) (54 -0.309) (130 0.297) (52 -0.222) (29 0.214) (50 0.185) (71 0.181) (69 0.178) (51 0.141) (68 -0.123) (132 -0.0933) (61 -0.0864) (73 -0.0832) (30 -0.0768) (46 0.0742) (74 -0.0738) (72 -0.0729) (43 0.0707) (32 0.069) (70 0.0668) (48 -0.0584) (56 0.0578) (28 0.0492) (78 0.0488) (55 0.045) (57 0.0438) (59 0.0419) (45 -0.0394) (31 -0.0346) (62 0.0339) (65 0.0311) (42 -0.0283) (81 -0.027) (49 -0.0259) (47 -0.0252) (84 -0.025) (60 -0.025) (24 -0.0249) (19 0.0239) (36 0.0235) (67 0.0217) (27 0.0215) (35 0.0198) (16 -0.0193) (66 0.0178) (63 0.0178) (26 -0.0178) (75 -0.0161) (120 -0.0144) (90 -0.0144) (14 0.0142) (80 0.0125) (114 -0.0114) (20 -0.0109) (88 0.0104) 
   0.0023694   (131 0.667) (53 0.421) (130 0.405) (54 0.247) (52 0.17) (29 -0.161) (132 -0.157) (50 -0.133) (51 -0.125) (46 -0.0744) (43 -0.0625) (61 0.062) (30 0.0591) (56 -0.0557) (59 -0.0529) (32 -0.0474) (28 -0.0382) (68 -0.0375) (48 0.0351) (42 0.0319) (45 0.0308) (71 0.0256) (55 -0.0253) (31 0.0233) (78 0.0211) (24 0.0199) (62 -0.0196) (19 -0.0192) (47 0.0189) (16 0.018) (73 0.0169) (66 -0.0168) (27 -0.0165) (49 0.0165) (36 -0.0162) (35 -0.0149) (84 0.0148) (26 0.0133) (83 0.0129) (14 -0.0114) (90 0.0111) (20 0.011) (60 0.0104) (70 0.01) 
   0.0025235   (23 -0.751) (20 -0.381) (22 -0.263) (19 0.257) (56 -0.225) (25 -0.16) (24 0.143) (16 -0.0965) (32 0.0939) (57 -0.077) (28 -0.0654) (55 0.0647) (52 -0.0632) (15 -0.0607) (46 -0.0432) (29 -0.0417) (51 -0.041) (42 0.0399) (54 -0.0374) (43 0.0368) (31 -0.0343) (48 -0.0284) (21 0.0271) (44 -0.0261) (38 -0.0252) (78 0.0199) (37 0.0198) (26 0.0194) (11 0.0193) (17 0.0187) (59 0.0177) (33 -0.0175) (36 0.0167) (77 -0.0159) (60 0.0148) (53 0.0142) (71 -0.0138) (120 -0.0138) (125 -0.0133) (30 -0.0104) 
    0.002641   (61 -0.544) (60 -0.544) (59 -0.467) (56 0.325) (55 -0.113) (52 0.1) (57 -0.0905) (23 -0.086) (78 -0.0858) (54 0.0747) (46 0.0702) (20 -0.0608) (77 0.0583) (48 0.0509) (133 0.0481) (43 -0.0444) (44 0.0359) (19 0.0343) (79 0.0328) (51 0.0326) (22 -0.0307) (49 -0.0283) (16 -0.0236) (63 -0.0235) (125 -0.0233) (58 0.0227) (33 -0.0218) (25 -0.0177) (108 -0.0177) (119 0.0161) (115 0.0157) (47 -0.0154) (24 0.0154) (71 -0.0148) (28 -0.0147) (62 0.0143) (38 0.0137) (74 -0.0133) (72 -0.0132) (84 -0.0131) (15 -0.0131) (68 0.0124) (45 -0.0117) (40 0.0115) (73 -0.0111) (36 0.011) (69 -0.0108) (64 -0.0106) 
   0.0026688   (133 0.75) (56 0.466) (57 0.267) (61 0.159) (60 0.146) (59 0.125) (23 -0.115) (55 -0.11) (52 0.0968) (50 -0.0899) (54 0.0819) (20 -0.0806) (51 0.0735) (19 0.0529) (43 -0.0515) (46 0.0488) (53 -0.0464) (22 -0.0429) (48 0.0394) (41 0.0367) (16 -0.0361) (42 -0.0343) (44 0.0312) (71 0.0308) (78 -0.0279) (77 0.0233) (25 -0.0205) (68 -0.0192) (32 -0.0187) (69 0.0155) (84 0.0146) (24 0.0136) (47 -0.0128) (70 -0.0117) (49 -0.0116) (120 0.0115) (58 -0.0106) (38 0.0106) (15 -0.0101) 
   0.0028685   (133 0.658) (56 -0.554) (57 -0.296) (61 -0.14) (23 0.138) (55 0.133) (60 -0.126) (52 -0.118) (59 -0.108) (50 0.101) (54 -0.0988) (20 0.0962) (51 -0.086) (19 -0.0627) (43 0.062) (46 -0.061) (53 0.0519) (22 0.051) (48 -0.0487) (16 0.0429) (41 -0.0415) (125 -0.0401) (42 0.0393) (44 -0.0383) (78 0.0375) (71 -0.0341) (77 -0.0304) (25 0.0246) (32 0.0214) (68 0.021) (120 -0.0196) (123 -0.0187) (69 -0.0169) (24 -0.0166) (84 -0.0162) (47 0.0158) (49 0.0154) (124 -0.0153) (38 -0.0131) (70 0.0131) (127 0.0127) (15 0.0125) (74 0.0115) (58 0.0104) (45 -0.0102) 
   0.0035199   (40 0.88) (65 0.273) (39 0.188) (38 0.15) (84 -0.137) (42 0.136) (41 -0.0867) (66 -0.0776) (61 -0.0724) (59 0.072) (32 -0.0707) (57 0.0636) (43 0.0616) (46 -0.0433) (29 0.0384) (50 0.0322) (51 -0.0319) (86 0.0288) (36 -0.0266) (68 0.0258) (87 -0.0255) (70 -0.0249) (20 -0.0245) (16 -0.0238) (44 -0.0237) (15 0.0234) (69 -0.0231) (47 0.0231) (52 -0.0217) (28 0.0217) (129 0.0216) (19 0.0212) (62 0.0207) (53 0.0201) (54 0.0195) (30 -0.0192) (96 0.0188) (31 0.018) (34 -0.017) (91 0.0157) (25 0.0156) (78 0.0154) (24 -0.0147) (73 -0.0147) (26 -0.0106) (85 0.0105) 
   0.0038533   (84 -0.866) (129 0.305) (65 -0.272) (86 0.124) (87 -0.11) (61 0.0861) (66 0.0788) (57 -0.0687) (85 0.0613) (59 -0.0578) (78 0.0572) (91 0.0559) (77 -0.0464) (120 0.0406) (83 0.0383) (40 -0.0333) (52 0.0331) (90 0.033) (117 -0.032) (92 -0.0316) (96 0.0302) (43 -0.0297) (42 -0.0279) (46 0.0269) (55 -0.0241) (51 0.0224) (103 -0.0211) (62 -0.0206) (88 0.0203) (89 -0.02) (111 -0.0188) (124 0.0184) (100 0.0181) (56 0.0181) (116 0.0175) (41 0.0169) (113 -0.0168) (44 0.0165) (115 -0.0165) (94 -0.0162) (97 -0.0158) (126 0.0158) (107 -0.0158) (68 -0.0156) (48 0.0152) (60 0.0151) (104 0.0148) (72 -0.0145) (119 -0.0138) (93 -0.0135) (127 0.0135) (108 -0.0134) (39 -0.013) (70 0.0129) (105 -0.0124) (114 0.0117) (32 -0.0111) (69 0.0109) (50 -0.0103) 
   0.0040145   (129 0.663) (65 -0.507) (84 0.395) (40 0.224) (66 0.148) (61 0.118) (59 -0.103) (50 0.0929) (57 -0.071) (86 -0.0607) (70 0.0603) (87 0.0556) (69 0.0549) (68 -0.0547) (78 -0.0494) (39 0.049) (38 0.0444) (91 -0.0347) (62 -0.0332) (85 -0.032) (41 -0.0312) (77 0.0286) (96 -0.0266) (73 0.0258) (90 -0.0242) (71 0.0232) (32 -0.0223) (45 -0.0215) (52 0.0213) (115 0.0184) (127 0.0152) (29 0.0143) (76 -0.0142) (92 0.0141) (72 0.0139) (103 0.0139) (79 0.013) (94 0.0126) (42 0.0123) (108 0.0122) (51 0.012) (43 0.012) (74 -0.0119) (20 -0.0115) (48 -0.0115) (19 0.0111) (82 -0.0106) (63 -0.0104) 
   0.0040887   (129 0.682) (65 0.606) (40 -0.231) (66 -0.176) (61 -0.151) (59 0.123) (57 0.0984) (50 -0.0853) (70 -0.0632) (68 0.0591) (69 -0.0572) (38 -0.0508) (39 -0.0477) (62 0.0409) (52 -0.0353) (32 0.0293) (41 0.025) (73 -0.0246) (51 -0.021) (45 0.0208) (78 0.0208) (71 -0.0184) (55 0.0182) (56 -0.0176) (46 -0.0171) (115 -0.0169) (29 -0.0166) (20 0.0165) (96 0.0145) (16 0.0138) (19 -0.0131) (76 0.0127) (63 0.0125) (93 0.0122) (79 -0.0122) (14 -0.0113) (82 0.011) (60 -0.0108) (84 0.0107) (47 0.0102) (44 -0.01) 
   0.0041247   (105 0.566) (96 -0.335) (103 0.304) (123 -0.258) (108 -0.216) (124 0.211) (109 0.204) (101 0.197) (99 -0.185) (106 -0.171) (119 0.137) (107 -0.13) (112 -0.128) (102 -0.125) (104 -0.121) (98 -0.106) (115 -0.0998) (111 0.0972) (117 -0.0839) (121 -0.075) (118 0.0735) (113 0.0684) (50 0.068) (97 -0.0591) (100 -0.0564) (125 0.0546) (94 0.0527) (122 -0.0467) (110 -0.0463) (90 -0.0445) (89 0.0427) (114 0.0414) (120 -0.0404) (93 -0.0325) (82 -0.0299) (72 -0.0289) (92 0.0286) (84 -0.0275) (91 0.0259) (85 -0.0185) (53 0.0176) (80 -0.016) (116 0.0143) (126 -0.0136) (65 0.0135) (54 0.0129) (79 0.0111) (71 -0.0106) (83 0.0103) (52 0.0102) (145 0.0101) 
   0.0041661   (145 -0.999) (123 -0.0254) (124 0.0226) (136 -0.017) 
   0.0043105   (50 0.899) (53 0.187) (54 0.147) (72 -0.121) (52 0.109) (56 0.107) (45 -0.102) (40 -0.0762) (51 -0.0753) (59 0.0747) (48 -0.0744) (65 0.072) (15 -0.0647) (123 0.0635) (49 -0.0634) (124 -0.0567) (41 -0.0552) (57 0.0542) (43 0.0538) (82 -0.0526) (71 -0.0497) (84 -0.0487) (105 -0.0431) (119 -0.0427) (96 -0.0417) (69 -0.04) (60 0.0381) (115 0.0345) (110 -0.0341) (80 -0.0308) (70 -0.0305) (68 0.0292) (107 0.0282) (125 -0.0271) (108 0.0262) (103 -0.0251) (66 -0.0243) (117 0.0242) (109 -0.0241) (23 -0.0219) (101 -0.0219) (47 -0.0212) (121 0.0206) (86 -0.0202) (39 -0.0201) (92 -0.0192) (122 0.0184) (79 0.0184) (90 -0.0183) (38 -0.0175) (73 0.0168) (32 0.0163) (30 0.0161) (83 0.0153) (87 0.0151) (81 -0.0147) (111 0.0145) (99 0.0144) (116 -0.0142) (85 -0.0135) (74 0.0128) (118 -0.0118) (11 0.0118) (29 -0.0104) 
   0.0044141   (72 -0.613) (45 -0.496) (80 -0.349) (81 -0.239) (50 -0.173) (44 0.152) (93 -0.151) (83 0.131) (71 -0.113) (79 0.106) (87 0.0939) (86 -0.085) (43 0.0847) (98 -0.0809) (46 -0.0803) (78 0.0666) (76 0.0648) (107 0.0629) (112 0.0585) (48 0.0516) (41 -0.0511) (77 0.0454) (90 0.0396) (97 0.0382) (70 -0.0376) (75 -0.0363) (105 -0.035) (96 0.0343) (69 -0.0336) (89 0.0335) (82 -0.0311) (100 0.0305) (49 0.0262) (85 -0.026) (55 -0.0259) (123 -0.0257) (119 0.0229) (59 0.0226) (155 -0.0214) (74 0.02) (115 -0.0182) (104 0.018) (101 -0.0175) (111 0.017) (57 -0.0166) (68 0.0156) (103 0.0153) (113 -0.0139) (65 -0.0138) (124 0.0133) (51 0.0127) (116 0.0123) (117 -0.0122) (88 0.0116) (52 0.0114) (91 0.011) (114 0.0106) (110 -0.0105) (125 0.0103) (47 -0.0103) 
   0.0045873   (155 -0.999) (45 0.0328) 
    0.004652   (45 -0.753) (72 0.489) (44 0.204) (80 0.157) (43 0.154) (79 -0.139) (46 -0.121) (81 0.0986) (41 -0.0862) (71 0.0821) (86 0.0658) (107 -0.0628) (87 -0.0619) (90 0.0599) (83 -0.0556) (112 -0.0449) (98 0.0429) (40 -0.0396) (85 0.0387) (48 0.036) (70 0.0315) (42 0.0301) (155 -0.0287) (59 -0.0281) (69 0.0278) (78 -0.0276) (91 0.027) (50 -0.0255) (100 -0.0254) (117 0.0251) (105 0.0249) (96 -0.0246) (65 0.0238) (36 -0.0236) (49 0.0231) (115 0.023) (57 0.0217) (47 -0.0204) (15 -0.0204) (38 -0.0203) (89 -0.019) (76 -0.0185) (14 -0.0185) (123 0.0181) (93 -0.0173) (120 -0.017) (116 -0.0169) (75 0.0169) (102 0.0151) (104 -0.0148) (113 0.0146) (124 -0.0145) (119 -0.0141) (61 0.0123) (114 -0.0114) (33 0.0105) (101 0.0103) 
   0.0047706   (18 -0.971) (137 0.226) (15 0.0362) (16 -0.0287) (17 -0.0279) (19 -0.0231) (7 0.0214) (14 -0.017) (20 0.0154) (23 -0.0152) (36 0.0141) (24 0.0122) (25 -0.0107) (29 -0.0102) (13 0.01) 
     0.00503   (137 0.974) (18 0.225) 
    0.005254   (7 -1) (18 -0.0207) 
   0.0053354   (5 1) 
   0.0054015   (33 0.425) (28 -0.395) (135 0.34) (29 0.337) (26 0.284) (32 -0.277) (24 0.227) (25 -0.197) (30 0.183) (14 0.18) (13 -0.162) (36 -0.153) (27 -0.145) (31 0.114) (17 -0.0813) (37 0.0777) (34 -0.0711) (22 0.0614) (16 0.0507) (42 0.0458) (38 -0.0393) (19 -0.0385) (35 0.0382) (78 0.0304) (21 -0.0302) (40 -0.0287) (20 0.0244) (39 0.0205) (77 -0.0193) (15 0.0156) (48 0.0153) (12 0.0152) (11 0.0115) (46 -0.0111) 
   0.0055393   (135 0.94) (33 -0.154) (28 0.143) (29 -0.122) (26 -0.103) (32 0.1) (24 -0.0822) (25 0.0713) (30 -0.0664) (14 -0.0652) (13 0.0588) (36 0.0553) (27 0.0524) (31 -0.0411) (17 0.0294) (37 -0.0281) (34 0.0257) (22 -0.0222) (16 -0.0184) (42 -0.0165) (38 0.0142) (19 0.0139) (35 -0.0138) (21 0.011) (78 -0.0107) (40 0.0104) 
   0.0057982   (10 0.719) (17 0.585) (16 0.273) (14 0.165) (13 -0.143) (24 -0.0777) (20 -0.0577) (25 0.0479) (15 0.037) (18 -0.0313) (26 -0.0249) (21 0.0247) (33 0.0221) (22 -0.0219) (19 0.0205) (12 0.0142) (78 0.0113) (32 -0.0109) (42 0.0108) 
   0.0059878   (144 0.999) (10 -0.0271) (17 0.0204) 
   0.0065256   (10 0.694) (17 -0.612) (16 -0.282) (14 -0.152) (13 0.135) (24 0.0836) (20 0.0645) (25 -0.0526) (144 0.0361) (18 0.0319) (15 -0.0313) (21 -0.0269) (26 0.0251) (33 -0.0236) (22 0.0231) (19 -0.0216) (42 -0.0136) (11 -0.0134) (78 -0.0127) (32 0.0123) (12 -0.0122) (34 0.0102) (28 0.0101) 
   0.0067246   (11 -0.748) (12 0.559) (41 0.337) (46 -0.056) (42 0.0527) (45 -0.0438) (15 -0.0339) (50 0.0303) (43 -0.0228) (40 0.0225) (33 -0.0208) (38 0.0192) (48 -0.0172) (30 -0.0158) (14 0.0154) (60 -0.0134) (13 -0.0128) (28 -0.012) (35 -0.0119) (36 0.0113) (39 -0.0107) 
   0.0072515   (142 0.999) (41 0.0406) (11 0.0148) (12 -0.0111) 
   0.0073201   (41 -0.879) (11 -0.283) (12 0.211) (42 -0.159) (46 0.149) (45 0.101) (43 0.0881) (33 0.0711) (40 -0.066) (50 -0.0587) (38 -0.0523) (142 0.0469) (36 -0.0408) (35 0.0395) (48 0.0394) (13 0.0353) (39 0.035) (14 -0.0339) (60 0.0305) (28 0.0298) (19 0.028) (15 -0.0269) (30 0.0265) (24 -0.0245) (32 -0.0234) (74 0.0234) (25 0.0224) (52 0.0209) (47 -0.0207) (17 0.0206) (16 -0.0182) (66 -0.0175) (26 -0.0172) (23 -0.0172) (81 -0.0148) (80 0.0139) (56 0.0136) (62 0.0133) (22 -0.0125) (67 0.0121) (44 -0.012) (79 0.0117) (75 0.0114) (34 -0.0112) (53 0.0106) (54 0.0101) 
   0.0078266   (12 -0.754) (11 -0.56) (30 -0.293) (28 -0.107) (31 0.0699) (13 -0.0633) (29 -0.0633) (14 0.0504) (32 -0.0398) (33 0.0237) (35 0.0231) (37 -0.022) (15 -0.0181) (67 0.0171) (41 -0.0169) (34 0.0153) (43 -0.0127) (138 0.0126) (19 -0.0109) (27 0.0107) 
   0.0087288   (138 0.988) (30 -0.127) (12 0.0513) (28 -0.0454) (11 0.0391) (31 0.0285) (29 -0.0271) (32 -0.0155) 

 Largest eigenvalues
      39.672   (163 0.259) (164 0.953) 
      27.574   (13 0.243) (14 -0.269) (32 -0.305) (33 0.356) (36 -0.247) (42 -0.209) (46 -0.21) (78 -0.267) 
      15.339   (77 0.455) (78 -0.648) 
      14.899   (115 0.65) (117 0.324) (120 -0.508) 
      4.4523   (96 -0.293) (119 -0.361) (123 0.52) (124 -0.453) 
      1.4131   (163 0.966) (164 -0.257) 
      1.2233   (162 0.996) 
      1.1456   (165 -0.996) 
      1.1433   (88 0.314) (89 -0.564) (90 0.309) (91 -0.606) 
      1.1371   (100 0.359) (101 0.72) (106 0.484) 
      1.1335   (101 0.326) (106 -0.768) 
     0.93153   (106 -0.234) (110 0.278) (111 0.21) (114 0.75) 
     0.89964   (104 0.769) (105 0.412) 
      0.8759   (99 -0.662) (100 -0.399) (103 -0.315) 
     0.86826   (110 -0.493) (111 -0.48) 
     0.76215   (109 0.504) (111 0.305) (115 0.349) (136 -0.29) 
     0.67363   (109 -0.707) (110 0.308) 
     0.66892   (96 -0.778) (99 0.299) 
      0.6627   (113 0.48) (126 0.514) (136 -0.391) 
     0.60111   (110 -0.359) (112 -0.439) (113 -0.563) 
     0.57909   (108 0.596) (113 -0.474) 
     0.57799   (108 -0.675) (111 -0.306) (112 0.34) 
     0.56988   (113 0.305) (122 0.474) (124 0.395) (132 -0.342) 
     0.56879   (122 -0.352) (125 -0.651) 
     0.56007   (115 0.356) (119 0.336) (120 0.469) (121 -0.336) (123 0.33) (125 0.323) 
     0.54518   (117 -0.403) (118 0.674) 
      0.4989   (116 0.353) (119 -0.475) (123 -0.411) (127 -0.338) 
     0.47939   (116 -0.612) (126 0.319) (136 0.316) 
      0.4457   (116 0.556) (119 0.306) (126 0.381) (136 0.364) 
     0.43012   (91 0.211) (92 -0.936) 
     0.39869   (124 0.37) (127 0.435) (136 0.399) 
     0.32128   (94 -0.923) (103 0.217) 
     0.30482   (94 0.326) (103 0.69) (104 0.355) (105 -0.368) 
     0.27654   (102 -0.853) 
     0.25872   (98 -0.488) (112 -0.236) (115 0.212) (117 -0.25) (121 0.222) (124 -0.226) (126 -0.2) (127 0.249) 
     0.25676   (79 -0.352) (86 -0.491) (87 0.432) (98 0.29) 
     0.23751   (79 0.53) (98 0.57) 
     0.23029   (79 -0.518) (86 0.458) (87 -0.39) 
     0.19886   (98 -0.39) (107 0.412) (112 0.471) 
     0.16111   (90 -0.712) (91 -0.411) (93 0.372) 
     0.14758   (90 0.287) (93 0.299) (97 -0.557) (107 -0.442) 
     0.13811   (85 0.292) (93 -0.624) (107 -0.381) 
     0.12965   (85 -0.863) (97 0.238) 
     0.12358   (88 -0.53) (89 -0.478) (93 0.337) (97 0.314) 
     0.11289   (72 -0.386) (80 0.459) (81 0.437) (83 -0.368) 
     0.10878   (76 0.293) (77 0.291) (80 -0.327) (83 -0.276) (88 0.273) (97 0.274) 
     0.10759   (66 -0.349) (69 -0.332) (76 -0.305) 
     0.10257   (58 0.6) (60 0.36) 
    0.096765   (58 -0.58) (66 0.342) (69 0.296) 
    0.094654   (58 0.37) (59 0.243) (60 -0.264) (66 -0.292) (76 0.278) (97 -0.291) (107 0.285) 
    0.090642   (58 -0.3) (60 0.501) (61 -0.338) (69 -0.303) 
    0.087929   (60 -0.329) (64 -0.377) (66 0.441) (83 -0.296) 
    0.079119   (63 0.271) (64 0.725) (69 0.242) (83 -0.223) 
    0.074765   (62 0.661) (63 -0.309) (69 0.327) 
    0.073592   (62 -0.611) (64 -0.327) (66 -0.304) 
    0.072086   (62 0.247) (66 0.239) (69 -0.296) (76 0.229) (80 0.21) (117 -0.23) (118 -0.324) (120 -0.212) 
    0.066663   (63 -0.256) (68 0.304) (74 -0.366) (77 0.242) (78 0.269) (81 0.274) 
    0.061443   (63 0.588) (68 -0.247) (71 -0.215) (74 0.211) (80 -0.206) (81 0.264) (87 0.229) 
    0.059003   (63 -0.556) (74 0.357) 
    0.055642   (63 0.281) (67 -0.284) (68 0.429) (71 0.375) 
    0.053437   (67 0.426) (74 -0.412) (81 -0.354) 
    0.050767   (67 -0.55) (74 0.24) (75 0.233) (76 -0.216) (77 0.269) (81 -0.235) (100 0.247) 
    0.048136   (67 0.549) (68 0.368) (74 0.307) 
    0.046604   (74 -0.276) (75 -0.266) (81 0.365) (83 0.316) (87 -0.214) (121 0.261) 
    0.043866   (35 -0.863) (43 0.305) 
    0.042363   (35 0.388) (43 0.689) (46 0.37) 
    0.041781   (75 0.439) (121 0.366) 
    0.040234   (51 -0.483) (52 0.345) (75 -0.388) 
    0.032593   (47 -0.39) (51 0.47) (75 -0.459) 
    0.031895   (26 0.414) (27 0.688) (31 0.354) (37 0.288) 
    0.029445   (27 -0.51) (31 0.567) 
    0.027627   (31 -0.465) (34 0.307) (47 0.386) (88 -0.287) 
    0.027034   (34 -0.772) (37 -0.379) 
    0.022052   (34 0.249) (47 -0.536) (48 -0.238) (49 0.222) (75 0.252) (88 -0.273) 
    0.021132   (130 -0.61) (132 -0.512) 
    0.021033   (128 -0.578) (160 -0.809) 
    0.019963   (128 -0.577) (160 0.312) (161 0.755) 
    0.019026   (128 -0.577) (160 0.498) (161 -0.647) 
    0.015701   (15 -0.985) 
    0.015582   (140 0.998) 
