 1 1000
 2 611.027
 3 1.56621
 4 1000
 5 743.115
 6 12.8062
 7 1000
 8 40.7523
 9 957.553
 10 920.821
 11 28.1581
 12 477.875
 13 1000
 14 999.83
 15 0.813913
 16 1000
 17 999.698
 18 0.831949
 19 1000
 20 996.331
 21 3.7452
 22 1000
 23 999.13
 24 1.30099
 25 221.602
 26 285.875
 27 5.69131
 28 996.058
 29 457.717
 30 73.6694
 31 458.199
 32 257.206
 33 410.844
 34 209.466
 35 332.435
 36 125.545
 37 994.954
 38 999.432
 39 2.10378
 40 602.282
 41 976.257
 42 1.67494
 43 475.299
 44 882.879
 45 6.24303
 46 998.593
 47 946.363
 48 55.87
 49 932.493
 50 200.342
 51 375.596
 52 128.365
 53 961.624
 54 294.989
 55 138.517
 56 259.182
 57 734.051
 58 93.6988
 59 210.958
 60 105.346
 61 22.385
 62 1.73528
 63 469.596
 64 203.703
 65 2.05831
 66 590.168
 67 911.926
 68 90.3533
 69 999.991
 70 1000
 71 998.675
 72 2.33801
 73 999.848
 74 106.661
 75 895.316
 76 964.531
 77 9.26337
 78 819.726
 79 998.66
 80 98.0946
 81 900.025
 82 988.794
 83 690.912
 84 1.92174
 85 132.695
 86 2.28806
 87 989.004
 88 1.85999
 89 1.74438
 90 2.09025
 91 7.74864
 92 468.035
 93 794.509
 94 422.573
 95 767.201
 96 871.204
 97 310.854
 98 226.012
 99 133.705
 100 650.447
 101 932.556
 102 92.2529
 103 179.721
 104 151.906
 105 130.349
 106 175.972
 107 172.751
 108 174.082
 109 125.369
 110 91.3498
 111 186.518
 112 204.479
 113 187.351
 114 173.651
 115 167.901
 116 124.991
 117 181.92
 118 189.039
 119 154.424
 120 110.854
 121 115.164
 122 49.1885
 123 43.0549
 124 37.4452
 125 31.6472
 126 43.9123
 127 24.8645
 128 83.0186
 129 55.2718
 130 48.4338
 131 21.2285
 132 19.6739
 133 19.7514
 134 29.0018
 135 8.94659
 136 40.5464
 137 10.8427
 138 9.40216
 139 8.73736
 140 11.6138
 141 11.139
 142 8.83314
 143 8.7835
 144 17.5959
 145 15.7729
 146 11.5122
 147 10.2604
 148 16.7563
 149 16.009
 150 11.3932
 151 13.3774
 152 19.4042
 153 24.7913
 154 14.0108
 155 19.1431
 156 20.8577
 157 34.1002
 158 0.400374
 159 0.0444918
 160 2.74332
 161 18.5896
 162 52.6838
 163 60.0899
 164 130.506
 165 2.29989
