 1 31.6228
 2 24.6122
 3 0.954342
 4 31.6228
 5 27.008
 6 1.40551
 7 31.6228
 8 2.25522
 9 30.3507
 10 30.0957
 11 2.18597
 12 20.9758
 13 31.6228
 14 31.6194
 15 0.902166
 16 31.6228
 17 31.6164
 18 0.905124
 19 31.6228
 20 31.5184
 21 1.02854
 22 31.6228
 23 31.5999
 24 0.931623
 25 14.4839
 26 16.2498
 27 1.24374
 28 31.5488
 29 19.8918
 30 4.11112
 31 21.2689
 32 10.6129
 33 16.3083
 34 14.1749
 35 15.7515
 36 6.62651
 37 31.534
 38 31.6074
 39 1.31284
 40 24.3386
 41 31.1909
 42 1.28509
 43 21.2378
 44 29.2756
 45 1.49228
 46 31.5873
 47 30.0106
 48 3.13804
 49 30.3153
 50 13.6264
 51 17.2365
 52 6.87034
 53 30.8484
 54 16.9993
 55 7.93297
 56 13.3984
 57 26.4383
 58 9.11381
 59 12.0551
 60 6.73244
 61 4.48949
 62 1.31294
 63 21.4002
 64 13.3007
 65 0.992388
 66 23.7259
 67 28.9692
 68 4.2046
 69 31.6225
 70 31.6228
 71 31.589
 72 1.32128
 73 31.6193
 74 4.71341
 75 28.473
 76 30.9848
 77 1.61822
 78 28.3712
 79 31.5922
 80 4.46365
 81 28.6576
 82 31.4147
 83 25.709
 84 1.30485
 85 11.2607
 86 1.37843
 87 31.3665
 88 1.20334
 89 1.13193
 90 1.34617
 91 2.35772
 92 20.0124
 93 26.5794
 94 17.2117
 95 26.1134
 96 28.5985
 97 16.201
 98 13.6587
 99 9.39527
 100 24.6551
 101 30.1815
 102 8.44234
 103 12.8042
 104 11.592
 105 10.6271
 106 12.8003
 107 12.6207
 108 12.6579
 109 10.4128
 110 8.24258
 111 13.0134
 112 13.9463
 113 13.2572
 114 12.6444
 115 12.2405
 116 10.0615
 117 12.7164
 118 13.1164
 119 11.7485
 120 9.84479
 121 10.3052
 122 6.7895
 123 6.45494
 124 5.82686
 125 5.4181
 126 6.43477
 127 4.46812
 128 8.68401
 129 6.84386
 130 6.52284
 131 4.33497
 132 4.35239
 133 4.35483
 134 5.29894
 135 2.77394
 136 6.30258
 137 3.14132
 138 2.93929
 139 2.82581
 140 3.2923
 141 3.08992
 142 2.73932
 143 2.75867
 144 4.07505
 145 3.88278
 146 3.27964
 147 3.0721
 148 3.95457
 149 3.88748
 150 3.24724
 151 3.51113
 152 4.31205
 153 4.86715
 154 3.61668
 155 4.26677
 156 4.45471
 157 5.75757
 158 0.316977
 159 0.164811
 160 1.37206
 161 3.55054
 162 6.37382
 163 6.94727
 164 10.8957
 165 0.69567
