 1 80976
 2 632.892
 3 1.59282
 4 429929
 5 761.045
 6 13.0949
 7 1.11315e+06
 8 66.7508
 9 1584.31
 10 2663.94
 11 43.2358
 12 735.881
 13 1.49954e+06
 14 11265
 15 0.814
 16 848453
 17 5447.46
 18 0.891894
 19 234067
 20 3250.67
 21 10.2235
 22 407653
 23 4385.16
 24 2.85856
 25 236.334
 26 318.406
 27 6.27825
 28 3488.95
 29 496.975
 30 79.6347
 31 462.221
 32 261.602
 33 418.242
 34 219.781
 35 344.266
 36 130.36
 37 1514.3
 38 3251.83
 39 3.12755
 40 941.444
 41 5273.3
 42 1.75147
 43 648.581
 44 1552.36
 45 9.82109
 46 3671.12
 47 3283.44
 48 177.698
 49 1970.4
 50 202.581
 51 482.111
 52 164.531
 53 3479.82
 54 337.066
 55 174.601
 56 331.636
 57 738.964
 58 95.2371
 59 214.015
 60 106.953
 61 22.4083
 62 1.7354
 63 480.142
 64 204.286
 65 2.07362
 66 601.437
 67 3565.16
 68 338.818
 69 109387
 70 533006
 71 3288.37
 72 3.81686
 73 19395.7
 74 519.537
 75 4293.45
 76 5260.73
 77 17.6635
 78 1556.28
 79 7562.7
 80 255.052
 81 2152.04
 82 2736.22
 83 850.218
 84 2.01993
 85 155.49
 86 2.39313
 87 3288.28
 88 1.86015
 89 1.7444
 90 2.09046
 91 8.12143
 92 513.208
 93 986.311
 94 457.252
 95 969.376
 96 1247.04
 97 321.814
 98 227.682
 99 134.337
 100 746.754
 101 1492.6
 102 96.1684
 103 181.806
 104 153.512
 105 131.064
 106 176.993
 107 173.785
 108 174.889
 109 126.197
 110 92.5785
 111 187.185
 112 205.212
 113 187.896
 114 173.909
 115 168.273
 116 125.445
 117 182.22
 118 189.294
 119 154.547
 120 111.48
 121 115.716
 122 49.6173
 123 43.2631
 124 37.6515
 125 32.0526
 126 44.2986
 127 25.6332
 128 83.6857
 129 55.7425
 130 49.1863
 131 21.3472
 132 19.7845
 133 19.8585
 134 29.4556
 135 9.04185
 136 40.7742
 137 10.9687
 138 9.49365
 139 8.85869
 140 11.7579
 141 11.4814
 142 8.98001
 143 8.92052
 144 17.7614
 145 15.9272
 146 11.6507
 147 10.431
 148 16.9433
 149 16.2123
 150 11.5199
 151 13.5597
 152 19.6221
 153 25.3447
 154 14.2721
 155 19.3226
 156 20.9546
 157 34.2727
 158 0.483511
 159 0.0454308
 160 2.804
 161 19.7761
 162 60.7295
 163 62.8933
 164 132.719
 165 2.31991
