 Smallest eigenvalues
  6.6687e-07   (9 1) 
  8.9835e-07   (46 0.62) (45 -0.589) (43 -0.292) (47 0.236) (38 0.175) (44 -0.143) (40 0.118) (37 0.117) (42 0.0832) (41 -0.0827) (50 0.0659) (49 -0.0647) (30 0.0617) (51 0.0538) (58 0.0494) (35 -0.0459) (57 -0.0382) (158 -0.034) (14 0.0329) (18 -0.0328) (54 0.0303) (52 0.0302) (36 -0.0292) (75 -0.0275) (77 -0.0259) (56 0.0248) (74 0.0233) (20 -0.022) (26 0.0214) (94 -0.0203) (11 0.0196) (73 -0.0184) (32 0.0171) (27 -0.0168) (19 -0.0167) (29 0.0145) (31 -0.0143) (23 0.0138) (34 -0.0114) (99 0.0105) 
  1.1786e-06   (158 -0.999) (46 -0.021) (45 0.0201) 
  1.8762e-06   (5 -1) 
   2.326e-06   (41 -0.801) (38 0.309) (40 0.265) (43 0.21) (42 -0.204) (45 0.195) (44 0.132) (154 -0.125) (37 0.121) (47 0.0664) (30 0.0601) (35 -0.047) (18 -0.031) (36 -0.0297) (49 -0.0291) (51 0.0287) (14 0.0286) (75 -0.0285) (58 0.0268) (26 0.0242) (57 -0.0207) (52 0.0198) (20 -0.019) (11 0.0168) (46 0.0163) (94 -0.016) (33 -0.0157) (31 -0.0151) (34 0.0149) (54 0.0138) (19 -0.0131) (73 -0.0123) (27 -0.0117) (23 0.0111) (99 0.0105) (28 0.0101) 
  2.4531e-06   (154 -0.992) (41 0.101) (38 -0.0391) (40 -0.0335) (43 -0.0265) (42 0.0257) (45 -0.0246) (44 -0.0167) (37 -0.0153) 
  4.2723e-06   (2 1) 
  9.1205e-06   (152 0.98) (32 0.134) (33 -0.123) (34 0.0582) (30 0.047) (37 -0.0137) 
  1.2349e-05   (32 -0.66) (33 0.606) (34 -0.286) (30 -0.231) (152 0.2) (37 0.0673) (38 0.0483) (35 -0.0461) (26 -0.0421) (31 0.0378) (18 0.0365) (53 -0.0358) (36 -0.0254) (14 -0.0243) (29 0.0233) (20 0.023) (28 -0.0225) (41 -0.0204) (45 -0.0188) (19 0.0182) (40 0.017) (75 0.0161) (56 0.0137) (58 -0.013) (22 0.0126) (27 0.0124) (44 -0.0121) (94 0.0119) (47 -0.0117) (11 -0.0115) (48 -0.0112) (24 0.0104) 
  4.5838e-05   (25 -0.87) (51 -0.343) (26 -0.262) (20 -0.0987) (24 -0.0865) (27 -0.0688) (19 -0.0623) (50 -0.0592) (49 0.057) (32 0.0478) (53 -0.0466) (45 -0.04) (47 -0.0383) (29 0.0368) (33 0.0338) (18 0.0328) (40 0.032) (31 -0.0315) (23 0.0306) (56 -0.0301) (58 0.0287) (21 -0.028) (13 0.0274) (39 -0.0233) (77 -0.0226) (71 0.0224) (34 -0.022) (72 0.0208) (37 -0.0192) (75 -0.0178) (79 -0.0176) (57 -0.0173) (38 0.0173) (54 0.0158) (68 0.0146) (52 0.0136) (69 0.0124) (63 -0.0118) (43 0.0115) (55 -0.01) 
  8.7569e-05   (151 -0.973) (51 -0.201) (25 0.08) (49 0.0317) (53 -0.03) (50 -0.0292) (26 0.0277) (38 0.0227) (56 -0.0227) (47 -0.0171) (58 0.0164) (57 -0.015) (45 -0.01) 
  0.00012239   (51 0.849) (25 -0.331) (151 -0.231) (49 -0.134) (53 0.127) (50 0.123) (26 -0.115) (56 0.0958) (38 -0.0956) (47 0.0723) (58 -0.0693) (57 0.0634) (45 0.0423) (54 -0.0342) (71 -0.034) (40 -0.0339) (43 0.0338) (75 0.0312) (72 -0.0305) (44 0.0303) (77 0.0298) (18 0.0293) (24 -0.0281) (30 -0.027) (69 -0.0264) (94 0.0251) (20 -0.0245) (52 -0.0232) (79 0.0221) (33 0.0216) (68 -0.0194) (27 -0.0194) (35 0.0191) (81 0.0187) (39 -0.0168) (73 0.0164) (37 -0.0161) (63 0.0159) (19 -0.0152) (32 0.0147) (21 -0.0138) (14 -0.0135) (34 -0.0134) (13 0.0127) (59 0.0124) (36 0.0123) (29 0.0118) (99 -0.0112) (64 0.011) (67 0.0106) 
  0.00016413   (1 -1) 
  0.00017197   (11 0.988) (14 -0.122) (18 0.0417) (15 -0.0401) (17 -0.0331) (13 0.0285) (20 0.027) (23 -0.0234) (30 -0.0228) (19 0.0208) (38 -0.0196) (37 -0.0172) (16 -0.013) (27 0.0122) (26 -0.0116) (40 -0.0115) 
  0.00018681   (161 1) 
  0.00022046   (3 -1) 
  0.00022926   (15 0.855) (14 0.472) (17 -0.108) (18 0.0914) (11 0.0811) (13 -0.0786) (20 0.0552) (23 -0.0481) (16 -0.0445) (19 0.0423) (30 -0.0319) (27 0.0231) (38 -0.0202) (37 -0.0171) (26 -0.016) (24 0.0121) (21 -0.0114) (22 0.0113) (35 0.011) (45 0.0108) 
  0.00026563   (160 1) 
  0.00027243   (7 1) 
   0.0002801   (24 0.705) (23 0.649) (20 -0.138) (22 -0.126) (26 -0.0987) (18 -0.091) (19 -0.0831) (21 0.0814) (157 0.0535) (34 0.0487) (14 0.0412) (30 -0.0386) (37 -0.0345) (27 0.0341) (11 0.0256) (15 0.0229) (53 -0.0199) (41 0.0148) (56 0.0147) (28 -0.0142) (32 -0.0131) (17 0.0115) 
  0.00028618   (157 0.999) (24 -0.0378) (23 -0.0348) 
  0.00030216   (6 1) 
  0.00030634   (17 0.96) (16 0.225) (14 0.0918) (20 0.0654) (15 0.0631) (18 0.0474) (11 0.0433) (19 0.0433) (21 -0.0425) (27 0.0247) (159 0.0214) (37 -0.0125) (25 -0.0125) (13 -0.0123) (30 -0.012) (31 -0.0103) (41 0.0102) 
  0.00030856   (159 1) (17 -0.0206) 
  0.00032939   (73 -0.774) (57 0.368) (58 -0.341) (75 0.225) (56 -0.136) (74 -0.132) (54 -0.104) (38 0.0785) (37 0.0685) (40 0.062) (70 0.0559) (52 -0.0533) (45 -0.0517) (49 0.049) (46 -0.0445) (35 -0.0403) (30 0.0397) (18 -0.0384) (53 -0.0382) (47 -0.0374) (96 0.0373) (89 -0.0342) (76 -0.0322) (48 0.0305) (67 -0.0292) (43 -0.0282) (41 0.0282) (36 -0.0268) (26 0.0267) (14 0.0263) (39 -0.0249) (78 -0.0229) (77 0.0211) (88 -0.0201) (66 0.0191) (31 -0.0182) (112 -0.0181) (122 0.0175) (99 0.0166) (102 -0.016) (124 -0.0158) (68 0.0157) (42 -0.0156) (71 -0.0154) (92 -0.0142) (11 0.0142) (120 -0.0134) (87 -0.0128) (80 0.012) (59 0.0113) (115 0.0113) (127 -0.0108) (19 -0.0107) (50 0.0107) (13 -0.0104) (20 -0.0104) 
  0.00035465   (73 0.507) (57 0.497) (58 -0.482) (70 -0.205) (56 -0.16) (75 -0.141) (38 0.135) (67 -0.133) (153 0.124) (49 0.122) (54 -0.106) (45 -0.105) (37 0.0991) (47 -0.0975) (66 0.0854) (40 0.0853) (74 0.0816) (46 -0.0773) (30 0.0663) (69 -0.0613) (71 0.056) (52 -0.0522) (35 -0.0518) (18 -0.0467) (55 0.0452) (42 0.0437) (68 0.0432) (14 0.0414) (26 0.037) (36 -0.0341) (48 0.0306) (53 -0.0283) (122 -0.0281) (43 -0.0258) (82 0.0243) (20 -0.0239) (11 0.0238) (31 -0.0234) (41 0.0221) (89 -0.0208) (112 -0.0193) (19 -0.019) (78 0.0187) (127 -0.0171) (59 0.0166) (115 0.0164) (76 0.015) (72 -0.014) (39 -0.0137) (17 0.0135) (80 -0.0134) (27 -0.0125) (113 0.0124) (130 0.0123) (64 0.0119) (121 -0.0118) (126 -0.0114) (29 0.0107) (110 -0.0105) (132 -0.0105) (21 0.0104) (99 0.0102) (100 -0.0102) 
  0.00038718   (153 0.992) (57 -0.0653) (58 0.063) (73 -0.0573) (70 0.025) (56 0.0212) (38 -0.0179) (155 0.0169) (67 0.0167) (75 0.0159) (49 -0.0158) (54 0.0143) (45 0.0137) (37 -0.0133) (47 0.0126) (40 -0.0114) (66 -0.0107) (46 0.0102) 
  0.00041923   (21 -0.939) (18 -0.235) (20 -0.189) (19 -0.0973) (47 -0.061) (25 0.0572) (49 -0.0471) (24 0.0438) (26 -0.0438) (22 0.0437) (14 0.0217) (45 -0.021) (16 -0.0183) (46 -0.0183) (48 -0.018) (23 -0.0158) (42 0.0149) (17 -0.011) (15 0.0107) (57 -0.0104) 
  0.00046108   (47 -0.636) (49 -0.498) (150 -0.37) (45 -0.222) (46 -0.178) (48 -0.17) (38 0.158) (40 0.115) (37 0.11) (21 0.0877) (57 -0.0688) (30 0.0671) (58 0.067) (54 0.0668) (55 -0.0627) (42 0.0597) (35 -0.0465) (56 0.0439) (53 0.0438) (26 0.037) (43 -0.0366) (14 0.035) (52 0.0343) (36 -0.0296) (51 0.0264) (31 -0.0233) (73 -0.0215) (44 -0.0199) (11 0.0194) (41 0.0192) (18 -0.0167) (75 -0.0152) (27 -0.0119) (112 -0.0105) 
  0.00054008   (150 -0.929) (47 0.253) (49 0.198) (45 0.0885) (46 0.0708) (48 0.0679) (38 -0.0631) (40 -0.0459) (37 -0.0438) (21 -0.0331) (57 0.0273) (30 -0.0268) (58 -0.0266) (54 -0.0266) (55 0.0249) (42 -0.0238) (35 0.0185) (56 -0.0175) (53 -0.0174) (26 -0.0147) (43 0.0146) (14 -0.014) (52 -0.0136) (36 0.0118) (51 -0.0105) 
  0.00054835   (52 -0.811) (42 -0.344) (49 0.233) (53 0.218) (50 0.162) (54 0.146) (47 -0.123) (43 -0.118) (45 -0.117) (57 -0.0878) (56 0.0767) (58 0.0732) (46 -0.0676) (37 0.0395) (38 0.0395) (35 -0.0262) (70 -0.0256) (41 0.0221) (18 -0.0198) (30 0.0196) (36 -0.0179) (147 0.0169) (48 0.0161) (26 0.015) (40 -0.0143) (14 0.0129) (25 -0.0112) (67 -0.0106) (69 -0.0103) 
  0.00060213   (147 0.786) (42 0.518) (52 -0.213) (43 0.151) (40 0.115) (45 0.102) (38 0.0798) (47 0.0545) (37 0.0516) (53 0.049) (30 0.0308) (58 0.0277) (57 -0.0273) (50 0.0245) (46 0.0226) (54 0.0222) (56 0.0214) (26 0.0188) (41 0.0187) (73 -0.018) (48 0.0168) (39 -0.0145) (14 0.0143) (18 -0.0134) (35 -0.0121) (31 -0.012) (20 -0.0116) (51 -0.0115) 
  0.00061635   (42 -0.649) (147 0.618) (52 0.293) (43 -0.189) (40 -0.146) (45 -0.127) (38 -0.103) (53 -0.0682) (37 -0.0668) (47 -0.066) (30 -0.0398) (58 -0.0371) (57 0.037) (50 -0.0356) (54 -0.0321) (56 -0.0293) (46 -0.0268) (41 -0.0244) (26 -0.0244) (73 0.0231) (48 -0.0218) (14 -0.0186) (39 0.0184) (18 0.0176) (35 0.0162) (31 0.0154) (20 0.015) (51 0.0147) (94 0.0122) (70 -0.0122) (19 0.0104) 
  0.00063678   (70 0.791) (71 -0.368) (72 0.237) (69 0.23) (73 0.173) (49 0.17) (68 -0.122) (38 0.076) (47 -0.0703) (67 0.0616) (37 0.0613) (58 -0.0597) (57 0.0527) (66 -0.0502) (46 -0.0499) (45 -0.0494) (40 0.0476) (82 0.0391) (52 0.0362) (54 -0.0361) (30 0.0358) (56 -0.0356) (50 0.0354) (35 -0.0335) (51 0.0326) (55 -0.0321) (18 -0.0299) (89 -0.0276) (148 -0.0253) (41 0.0236) (26 0.0232) (14 0.0231) (48 0.0224) (36 -0.0222) (75 0.0221) (43 -0.0191) (120 -0.0168) (127 -0.0159) (112 -0.0158) (102 -0.0148) (124 -0.0131) (95 0.013) (20 -0.0129) (99 0.0128) (19 -0.0127) (53 -0.0118) (31 -0.0116) (100 -0.0115) (115 0.0115) (11 0.011) (91 -0.0109) (104 -0.0104) 
   0.0007955   (49 0.611) (148 -0.518) (52 0.297) (47 -0.256) (57 -0.167) (51 0.146) (50 0.137) (70 -0.136) (45 -0.126) (46 -0.118) (38 0.107) (42 0.105) (58 0.0962) (40 0.0887) (55 -0.088) (56 0.0831) (71 0.0758) (73 -0.0749) (37 0.0714) (72 -0.051) (54 0.0448) (69 -0.0425) (30 0.0417) (53 0.0395) (35 -0.0309) (68 0.0268) (14 0.0261) (48 0.0256) (26 0.0251) (18 -0.0243) (36 -0.02) (122 -0.0196) (20 -0.0191) (31 -0.0157) (39 -0.0149) (94 -0.0147) (19 -0.0134) (82 -0.0117) (11 0.0116) (21 0.0113) (43 -0.0109) 
  0.00080572   (148 -0.855) (49 -0.376) (52 -0.181) (47 0.157) (57 0.0997) (51 -0.0894) (50 -0.0839) (45 0.0777) (46 0.0733) (38 -0.0676) (42 -0.0634) (70 0.0588) (58 -0.0564) (40 -0.0554) (55 0.0543) (56 -0.0491) (37 -0.0454) (73 0.0403) (71 -0.0351) (30 -0.0265) (54 -0.026) (72 0.0239) (53 -0.0235) (35 0.0199) (69 0.0189) (14 -0.0166) (48 -0.0162) (26 -0.016) (18 0.0158) (36 0.0129) (68 -0.0125) (20 0.012) (122 0.0116) 
  0.00097955   (35 -0.638) (36 -0.618) (37 -0.235) (18 -0.216) (38 -0.163) (20 -0.157) (23 -0.131) (21 0.0985) (19 -0.0974) (40 -0.0654) (14 0.0638) (26 -0.0449) (30 0.0433) (22 0.0389) (24 0.035) (41 -0.0316) (45 0.0298) (11 0.0244) (17 0.0236) (46 0.0234) (39 0.0196) (57 -0.0189) (43 0.0182) (54 0.0171) (31 -0.0169) (13 -0.0164) (42 0.0158) (49 -0.0124) (58 0.0123) (25 0.0116) (52 0.0114) (47 0.0107) (56 0.0104) 
   0.0010828   (18 -0.506) (20 -0.431) (23 -0.4) (21 0.28) (26 -0.258) (19 -0.25) (35 0.249) (36 0.23) (22 0.124) (24 0.123) (30 -0.115) (14 0.112) (25 0.0839) (17 0.0635) (27 0.0494) (31 0.0423) (11 0.0362) (37 0.0304) (13 -0.0252) (144 0.02) (29 -0.0186) (42 -0.0121) 
   0.0011855   (144 0.999) (145 0.024) (18 0.011) 
   0.0012172   (46 -0.643) (47 0.541) (45 -0.285) (14 0.227) (38 0.193) (37 0.139) (49 -0.124) (15 -0.119) (41 0.105) (40 0.0904) (54 0.0859) (55 -0.0742) (58 0.0709) (52 0.0689) (35 -0.0617) (57 -0.0576) (53 0.0571) (30 0.0552) (43 -0.0474) (39 0.0471) (56 0.0455) (36 -0.0404) (44 -0.0387) (13 -0.0382) (11 0.0368) (70 -0.0274) (42 -0.0264) (75 0.0252) (82 0.023) (26 0.0228) (51 -0.0172) (48 -0.0155) (80 -0.014) (94 0.0134) (25 -0.0133) (69 -0.012) (20 -0.0119) (89 -0.0113) (31 -0.0113) 
    0.001354   (14 0.781) (15 -0.496) (18 0.171) (46 0.162) (13 -0.153) (47 -0.123) (45 0.0798) (38 -0.0766) (26 -0.0676) (17 -0.0663) (20 0.0646) (37 -0.0629) (30 -0.0619) (11 0.0603) (19 0.0601) (40 -0.044) (21 -0.04) (35 0.0337) (41 -0.031) (49 0.0253) (31 0.0214) (36 0.0213) (27 0.0202) (23 -0.0198) (24 0.0181) (55 0.0165) (43 0.016) (54 -0.0158) (52 -0.0146) (58 -0.0127) (53 -0.0115) (29 -0.0105) (25 0.0104) (44 0.01) 
   0.0014178   (146 -1) (145 -0.0137) 
   0.0014747   (54 -0.843) (30 0.356) (56 0.177) (31 -0.164) (57 -0.152) (53 -0.117) (52 -0.11) (55 -0.103) (58 0.0916) (32 -0.0864) (33 0.0666) (18 -0.0601) (26 0.0594) (48 0.0442) (14 0.0437) (42 -0.0382) (35 0.0324) (68 0.0295) (46 -0.0283) (70 -0.0281) (20 -0.0269) (19 -0.0228) (73 0.0219) (69 -0.0216) (75 0.0211) (11 0.0189) (37 -0.0186) (36 0.0178) (67 -0.0178) (27 -0.0177) (41 0.0161) (25 -0.0141) (49 -0.0138) (43 -0.0131) (45 -0.013) (21 0.0123) (13 -0.0113) (140 0.0111) (38 -0.011) (51 -0.0108) (66 0.0105) (29 0.0104) (89 -0.0103) 
   0.0015642   (30 0.735) (54 0.389) (31 -0.342) (32 -0.193) (37 -0.155) (33 0.151) (38 -0.15) (35 0.139) (26 0.0914) (40 -0.0902) (36 0.084) (18 -0.0763) (56 -0.0675) (140 0.0671) (52 0.0604) (53 0.0603) (14 0.057) (57 0.0491) (20 -0.0467) (45 0.0396) (55 0.0365) (19 -0.035) (46 0.0329) (27 -0.0311) (58 -0.0304) (41 -0.0286) (47 0.026) (11 0.0241) (48 -0.0237) (21 0.0227) (23 0.018) (43 0.0149) (29 0.0147) (13 -0.0125) (25 -0.0122) (68 -0.0118) (73 -0.0106) 
   0.0016303   (140 0.998) (30 -0.0535) (31 0.0249) (54 -0.0166) (32 0.014) (33 -0.0109) (37 0.0105) 
   0.0017831   (16 -0.721) (27 -0.625) (17 0.187) (26 0.149) (29 -0.0836) (18 -0.0766) (30 -0.0746) (28 -0.0501) (23 0.0473) (14 0.0441) (19 -0.0327) (38 -0.0258) (21 0.025) (138 -0.0241) (37 -0.0236) (35 0.0193) (31 0.0191) (24 -0.0176) (44 -0.0154) (40 -0.0131) (11 0.0124) (36 0.0121) (45 0.012) (13 0.0116) (15 -0.0111) (43 0.01) 
   0.0019542   (27 -0.673) (16 0.636) (138 -0.23) (26 0.173) (17 -0.128) (29 -0.115) (30 -0.0745) (20 -0.0653) (18 -0.059) (19 -0.0573) (28 -0.053) (14 0.0393) (23 0.031) (38 -0.0289) (31 0.0281) (37 -0.0264) (13 -0.0242) (22 -0.0235) (11 0.023) (15 0.0218) (35 0.0198) (40 -0.0196) (24 -0.0175) (36 0.0125) (50 0.0111) (21 0.0105) (68 0.0102) 
    0.002069   (138 -0.973) (27 0.175) (16 -0.133) (26 -0.0446) (29 0.0293) (17 0.0258) (30 0.0195) (18 0.0159) (20 0.0157) (19 0.0144) (28 0.0138) (14 -0.0104) 
    0.002237   (29 0.925) (50 0.282) (48 -0.134) (27 -0.122) (72 -0.0582) (45 0.0559) (71 0.0518) (51 -0.0513) (31 0.0505) (32 0.0402) (25 0.0377) (28 -0.0372) (43 0.035) (39 0.0321) (70 0.0312) (53 -0.0308) (49 -0.0299) (47 0.0284) (22 -0.0248) (52 0.0236) (41 0.0234) (69 0.0223) (58 -0.0194) (26 0.0169) (40 -0.0161) (18 -0.0161) (14 0.0155) (42 -0.0149) (56 0.0148) (82 0.0146) (66 -0.0145) (16 0.0139) (35 0.0137) (38 -0.0135) (133 0.0134) (46 0.0129) (60 0.0118) (74 0.0117) (81 0.0115) (19 -0.0105) 
   0.0022831   (72 -0.573) (71 0.514) (70 0.308) (50 -0.282) (69 0.218) (77 0.193) (133 0.174) (66 -0.126) (68 -0.118) (132 0.105) (48 0.101) (82 0.0866) (43 -0.0795) (76 -0.0782) (67 -0.0704) (55 0.0629) (58 -0.0597) (57 -0.0583) (96 -0.0524) (51 0.0517) (81 0.049) (38 0.0411) (52 -0.0409) (79 0.0392) (88 0.0328) (63 -0.0325) (65 -0.032) (73 0.0308) (94 0.0293) (44 -0.0292) (61 0.0274) (49 0.0264) (46 -0.026) (75 -0.0257) (39 0.0254) (130 0.0248) (85 0.0234) (92 0.0227) (89 -0.0216) (41 -0.0214) (83 0.0206) (84 0.0201) (80 0.0192) (47 -0.0178) (56 -0.0175) (37 0.0173) (30 0.0169) (128 0.0157) (74 -0.0155) (29 0.0145) (101 0.0144) (59 -0.0138) (95 -0.0133) (117 0.0131) (60 0.013) (42 0.012) (20 -0.0117) (78 0.0115) (91 -0.0113) (98 0.011) (35 -0.0102) (115 -0.0101) (27 -0.0101) 
   0.0023551   (50 -0.637) (133 0.388) (48 0.327) (29 0.29) (72 0.228) (132 0.219) (71 -0.212) (70 -0.133) (43 -0.123) (51 0.119) (69 -0.0743) (58 0.0717) (53 0.0711) (47 -0.0659) (52 -0.0561) (49 0.0561) (77 -0.0523) (45 -0.0516) (82 -0.0503) (41 -0.0497) (27 -0.0494) (56 -0.0483) (40 0.0437) (66 0.0407) (42 0.0397) (46 -0.0359) (39 -0.0352) (130 0.0341) (76 0.0301) (57 -0.0295) (68 0.0278) (81 -0.0245) (25 0.0211) (96 0.0209) (73 -0.0203) (60 -0.0201) (88 -0.0195) (37 -0.0186) (63 0.0178) (54 0.0177) (74 -0.0175) (18 -0.0173) (79 -0.0167) (65 0.0167) (94 -0.0163) (38 -0.0149) (28 -0.0149) (44 0.0131) (115 -0.0128) (61 -0.0122) (110 0.0121) (91 0.0116) (102 0.0112) (55 0.0105) (13 -0.0104) 
   0.0024123   (133 0.76) (132 0.423) (50 0.388) (48 -0.189) (29 -0.169) (43 0.0812) (51 -0.0724) (130 0.0452) (52 0.038) (47 0.0374) (53 -0.0368) (49 -0.0345) (41 0.0301) (27 0.03) (57 0.0288) (56 0.0285) (45 0.0277) (46 0.0244) (42 -0.0229) (58 -0.022) (40 -0.0204) (55 -0.0204) (72 0.019) (77 -0.018) (69 -0.0137) (67 0.0137) (68 0.0136) (71 -0.0132) (74 0.0124) (39 0.0113) (128 0.0111) (25 -0.011) 
   0.0025707   (18 -0.629) (20 0.628) (19 0.235) (55 -0.209) (22 -0.206) (13 -0.141) (26 -0.131) (25 -0.0802) (58 -0.0752) (31 0.0593) (57 -0.0546) (40 -0.0437) (39 0.0436) (17 -0.0304) (12 0.0286) (16 0.0258) (54 0.0252) (53 0.0239) (82 -0.0218) (46 0.0187) (35 0.0183) (14 0.0176) (96 0.0157) (122 0.0155) (43 0.0151) (72 -0.014) (36 0.0133) (67 -0.0132) (23 0.013) (71 0.0122) (126 -0.0118) (29 -0.0115) (56 -0.0112) (15 -0.0112) (45 0.0111) (47 0.0107) (28 0.0105) (37 -0.0103) (41 -0.0103) 
   0.0027461   (58 0.737) (57 0.616) (55 0.12) (18 -0.085) (56 -0.0762) (20 0.0726) (96 0.0624) (72 -0.0571) (71 0.0568) (39 -0.0555) (82 -0.055) (54 -0.0498) (67 -0.0498) (69 0.044) (40 0.0406) (50 0.0406) (68 -0.0391) (49 0.038) (126 -0.0293) (78 -0.0291) (13 -0.029) (51 0.0286) (19 0.0267) (134 0.0258) (46 -0.0247) (88 -0.0246) (59 -0.0238) (47 -0.0237) (22 -0.0236) (53 -0.0233) (63 -0.0224) (98 -0.0196) (70 0.0183) (73 0.0179) (80 0.0179) (87 -0.0172) (106 0.0166) (43 -0.0165) (77 0.0165) (92 -0.0164) (41 0.016) (95 0.0157) (97 -0.0141) (122 -0.0125) (31 -0.0117) (127 -0.0115) (91 0.0115) (44 0.0102) 
   0.0028035   (134 0.808) (55 0.54) (57 -0.0891) (18 -0.0824) (56 0.069) (39 0.0689) (20 0.0677) (48 -0.0568) (38 0.0554) (53 -0.0515) (82 0.0368) (58 -0.0357) (37 0.0342) (72 0.0333) (71 -0.0311) (46 -0.0279) (67 0.0279) (54 -0.0271) (41 0.0246) (22 -0.024) (49 0.0237) (30 0.0229) (40 -0.0219) (19 0.0216) (69 -0.021) (96 -0.0189) (44 -0.0186) (25 -0.0184) (68 0.0181) (43 0.0168) (45 -0.0168) (47 -0.0162) (52 0.0161) (75 0.015) (94 0.0136) (50 -0.0131) (73 -0.013) (31 0.0123) (14 0.0121) (80 -0.0116) (122 -0.0113) (98 0.0111) (132 -0.0107) (35 -0.0106) (51 0.0106) 
   0.0031423   (55 -0.746) (134 0.587) (18 0.117) (20 -0.0961) (57 0.0931) (39 -0.0911) (56 -0.091) (48 0.0772) (38 -0.0753) (53 0.0717) (82 -0.0509) (37 -0.0472) (126 -0.0468) (72 -0.0437) (71 0.0407) (54 0.0397) (46 0.0394) (67 -0.0363) (41 -0.0345) (49 -0.0343) (22 0.0339) (96 0.0326) (30 -0.0313) (19 -0.0308) (40 0.0276) (69 0.0271) (25 0.0255) (44 0.0249) (47 0.0234) (68 -0.0233) (45 0.0233) (52 -0.0224) (43 -0.0221) (75 -0.021) (122 0.0209) (94 -0.0205) (98 -0.0183) (73 0.0174) (14 -0.0167) (31 -0.016) (50 0.0159) (51 -0.0159) (80 0.0157) (35 0.0148) (58 0.0148) (88 -0.0144) (124 -0.0137) (92 -0.0135) (70 0.0127) (26 0.0127) (13 0.0125) (127 -0.0109) (95 0.0103) 
   0.0033795   (39 -0.618) (40 -0.536) (38 0.35) (67 -0.342) (66 0.148) (82 -0.123) (37 0.121) (45 0.0785) (57 -0.0754) (44 0.0651) (68 0.0497) (35 -0.0465) (70 0.0436) (85 -0.0393) (88 0.036) (36 -0.0325) (54 0.0314) (96 -0.0312) (46 0.0297) (49 -0.0291) (47 0.0285) (55 0.0275) (52 0.0272) (30 0.0268) (41 0.0264) (94 0.0247) (56 0.0236) (131 0.0236) (58 0.0226) (48 0.0208) (84 0.0198) (22 -0.0149) (92 0.0144) (42 0.0131) (18 -0.0131) (29 0.0128) (73 -0.0118) (19 -0.0115) (87 0.0114) (14 0.0113) (20 -0.0102) (71 -0.0101) 
   0.0036462   (82 -0.816) (67 0.341) (131 0.259) (85 -0.154) (66 -0.15) (88 0.143) (96 -0.137) (94 0.108) (68 -0.0785) (84 0.078) (92 0.0688) (80 0.061) (89 -0.0605) (58 -0.0568) (87 0.0481) (91 -0.0477) (72 -0.0425) (38 0.0367) (112 -0.0354) (100 -0.0347) (110 -0.0343) (69 0.0331) (97 0.0313) (71 0.0288) (106 0.0284) (75 -0.0257) (57 0.0251) (55 0.0251) (73 0.0232) (37 0.0232) (54 -0.0226) (98 0.0225) (90 -0.021) (70 -0.0205) (102 -0.02) (103 0.0198) (105 0.0191) (124 -0.019) (83 0.0185) (95 -0.0172) (45 -0.0168) (115 0.0168) (79 -0.0167) (130 0.0162) (99 0.0158) (107 0.0156) (113 0.0155) (30 0.0152) (46 -0.0135) (35 -0.0129) (52 -0.0116) (56 -0.0109) (40 -0.0109) 
   0.0037922   (67 0.591) (131 0.493) (82 0.395) (39 -0.267) (66 -0.255) (40 -0.159) (38 0.119) (88 -0.105) (70 -0.0974) (96 0.0926) (85 0.0923) (48 0.0875) (57 0.0613) (94 -0.0594) (68 -0.0567) (44 0.0521) (84 -0.0428) (37 0.0425) (92 -0.0399) (87 -0.0325) (106 -0.0314) (43 -0.0261) (73 0.0258) (50 0.025) (71 0.0214) (35 -0.0211) (18 -0.021) (130 0.0201) (83 -0.0189) (65 0.0174) (95 0.0172) (100 0.0168) (56 -0.0164) (55 -0.0164) (89 0.0158) (49 -0.0149) (36 -0.0148) (69 -0.0147) (74 0.0145) (58 -0.0137) (91 0.0137) (105 -0.0129) (97 -0.0125) (127 -0.0124) (47 -0.0122) (13 -0.0119) (42 0.0116) (31 -0.0116) (102 0.0109) (101 -0.0109) (110 0.0108) (54 -0.0106) (111 -0.0101) (76 -0.0101) 
   0.0040063   (131 0.829) (67 -0.448) (66 0.194) (39 0.175) (40 0.114) (38 -0.0933) (70 0.0626) (68 0.0576) (48 -0.0542) (57 -0.0422) (37 -0.0366) (130 0.034) (44 -0.0324) (82 0.0268) (58 0.0261) (73 -0.0223) (71 -0.0217) (35 0.0182) (88 0.0182) (50 -0.0181) (96 -0.0161) (43 0.0159) (72 0.0159) (18 0.0144) (80 -0.014) (54 0.0128) (56 0.0126) (36 0.0126) (30 -0.0118) (65 -0.0112) (106 0.0112) (79 0.01) 
   0.0040889   (98 0.547) (106 0.274) (108 0.267) (107 -0.256) (100 -0.24) (113 0.23) (125 0.218) (102 -0.205) (103 -0.198) (112 0.195) (124 -0.193) (99 -0.19) (110 0.17) (94 -0.124) (101 -0.111) (149 -0.0984) (116 0.0972) (105 0.0912) (115 0.0748) (123 0.069) (121 0.0644) (96 0.0637) (114 0.0617) (88 -0.0589) (92 0.0571) (75 0.0527) (48 0.048) (97 0.0448) (126 0.0414) (142 0.0367) (111 -0.0355) (89 0.0349) (91 0.0327) (109 0.03) (122 -0.0295) (50 0.0287) (68 -0.0279) (117 0.0273) (80 0.0272) (74 -0.0255) (104 0.0242) (78 0.0222) (82 -0.0206) (86 0.0205) (119 0.0205) (141 -0.0203) (81 -0.0175) (69 0.0166) (73 0.0165) (67 -0.0159) (87 0.0156) (120 -0.0141) (83 -0.0132) (49 -0.0123) (118 -0.0121) (90 0.0113) (127 0.0112) (66 0.0103) (132 -0.01) 
   0.0041065   (142 0.838) (149 0.446) (141 -0.314) (125 0.0211) (124 -0.0182) 
   0.0041763   (48 0.789) (50 0.402) (44 0.184) (49 -0.179) (40 0.121) (55 0.121) (43 -0.107) (68 -0.102) (75 0.0974) (67 -0.0931) (38 -0.0919) (51 -0.0858) (57 -0.0708) (52 0.0669) (125 -0.0637) (47 -0.063) (69 0.059) (46 -0.0545) (66 0.0523) (74 -0.0517) (54 0.0501) (53 -0.0469) (39 -0.0457) (124 0.0427) (106 -0.0421) (108 -0.0404) (82 -0.0403) (37 -0.0394) (73 0.039) (80 0.0379) (45 -0.0355) (22 0.0351) (72 -0.0333) (65 -0.0291) (121 -0.0273) (78 0.025) (88 -0.0248) (58 -0.0241) (19 0.0232) (56 0.0231) (13 -0.0226) (20 0.0215) (126 -0.021) (110 -0.0201) (100 0.0201) (18 -0.0198) (102 0.0195) (122 0.0193) (123 -0.0193) (70 -0.0191) (42 0.0186) (113 -0.0178) (41 -0.0178) (112 -0.0174) (149 0.0167) (103 0.0163) (81 -0.0159) (94 -0.0148) (101 0.0144) (89 0.0143) (30 -0.0139) (85 0.0132) (31 -0.0125) (105 -0.0111) (62 0.0109) (64 0.0103) (120 -0.0101) 
   0.0042539   (68 -0.494) (81 -0.342) (44 0.269) (69 0.259) (80 0.251) (79 0.238) (74 -0.227) (83 -0.201) (48 -0.197) (70 -0.182) (91 -0.176) (76 0.174) (77 -0.148) (92 0.136) (71 -0.129) (43 -0.0973) (72 -0.0906) (65 -0.0902) (66 0.0774) (98 -0.0741) (110 -0.0721) (85 0.0678) (100 -0.065) (86 0.0628) (39 -0.0619) (107 0.0613) (40 0.0584) (105 -0.0547) (111 -0.0514) (67 -0.0493) (50 -0.0487) (112 0.0443) (82 0.042) (49 0.033) (89 0.0324) (99 -0.0319) (57 -0.031) (38 -0.0288) (47 0.0285) (54 -0.0283) (64 0.0278) (125 0.0271) (156 -0.026) (87 0.0259) (58 -0.0254) (78 -0.0244) (104 0.0238) (62 0.0235) (41 0.0231) (121 0.0229) (113 -0.0229) (115 0.0227) (96 0.0227) (101 0.0205) (84 -0.0195) (95 0.0194) (42 0.0174) (90 -0.0154) (55 0.0148) (116 -0.0141) (123 0.0122) (53 -0.0114) (75 -0.011) (97 0.011) (73 0.0103) 
   0.0045178   (156 -0.999) (44 -0.0342) (48 0.0135) (43 0.0132) (149 -0.0107) 
   0.0046845   (44 0.772) (43 -0.303) (48 -0.23) (68 0.211) (40 0.204) (39 -0.184) (38 -0.155) (81 0.113) (80 -0.109) (69 -0.0971) (70 0.0914) (74 0.0775) (42 0.0739) (71 0.0703) (83 0.0619) (76 -0.0599) (37 -0.0575) (79 -0.0531) (77 0.0523) (47 0.0505) (85 -0.0495) (45 -0.049) (110 0.0467) (55 0.0447) (78 0.0423) (107 -0.0421) (82 -0.0418) (65 0.0404) (96 0.0371) (50 -0.0366) (156 -0.0349) (100 0.0328) (66 -0.0306) (30 -0.0304) (104 -0.03) (111 0.0296) (20 0.0281) (105 0.028) (94 -0.0276) (13 -0.0273) (92 -0.0262) (57 -0.025) (58 -0.0237) (125 -0.022) (18 -0.0206) (112 -0.0205) (91 0.019) (31 -0.0186) (49 0.0177) (98 0.0176) (41 0.0166) (19 0.0165) (51 -0.0163) (95 0.0156) (35 0.015) (84 0.0148) (56 0.0146) (121 -0.0145) (72 0.0144) (101 -0.0143) (46 -0.0139) (25 0.0134) (22 0.013) (64 -0.0129) (115 -0.0125) (103 -0.0121) (16 -0.0112) 
   0.0047172   (19 -0.841) (20 0.431) (137 -0.297) (18 0.0868) (22 0.0812) (8 0.0475) (26 -0.028) (25 0.0234) (13 0.0202) (27 0.0162) (21 -0.014) (24 0.0109) 
   0.0049955   (137 -0.955) (19 0.262) (20 -0.134) (18 -0.027) (22 -0.0253) (8 -0.0119) 
   0.0052368   (8 -0.999) (19 -0.0439) (20 0.0207) 
   0.0054195   (4 1) 
   0.0056358   (24 -0.683) (23 0.574) (20 -0.212) (18 -0.191) (26 -0.162) (25 0.151) (19 -0.142) (22 -0.133) (14 0.0847) (27 0.0844) (21 0.0776) (28 -0.0676) (30 -0.0622) (11 0.0409) (38 -0.0307) (143 -0.0254) (15 0.025) (37 -0.0236) (33 0.0191) (45 0.0189) (35 0.0176) (13 -0.0129) (40 -0.0121) (75 -0.011) (36 0.0106) (31 0.0105) (17 0.0102) 
   0.0058522   (143 -1) (24 0.0174) (23 -0.0146) 
   0.0061077   (10 -0.936) (28 0.349) (26 0.0294) (30 -0.0224) (23 0.0165) (27 -0.0135) (20 -0.0128) (29 0.0127) (24 -0.0119) 
   0.0064574   (136 0.946) (28 0.298) (10 0.117) (26 0.025) (30 -0.0166) (23 0.0161) (18 -0.0135) (24 -0.0121) (27 -0.0119) (20 -0.0115) 
   0.0066479   (28 -0.875) (10 -0.332) (136 0.323) (26 -0.0736) (30 0.0488) (23 -0.0474) (18 0.0396) (24 0.0355) (27 0.0351) (20 0.0338) (29 -0.0282) (14 -0.0234) (19 0.0175) (38 0.0167) (32 0.0162) (33 -0.0162) (37 0.015) (11 -0.0134) 
    0.006949   (13 0.895) (39 0.244) (40 -0.182) (14 0.176) (44 0.172) (38 0.111) (18 -0.0842) (12 -0.0641) (20 0.0636) (48 0.0521) (55 -0.0501) (19 0.0478) (37 0.0364) (57 0.0329) (58 0.0321) (42 0.0301) (46 0.029) (96 -0.0256) (82 0.025) (16 0.0233) (43 -0.0214) (88 0.0171) (22 0.0159) (72 0.0158) (30 0.0156) (47 -0.0152) (80 -0.0137) (31 0.0128) (56 -0.0119) (17 -0.0117) (73 -0.0116) (26 -0.0111) (94 0.011) (62 0.0107) (70 -0.0105) (65 0.0103) (15 -0.0102) 
   0.0072974   (139 0.996) (39 0.0557) (40 -0.0419) (13 -0.0388) (44 0.033) (38 0.0265) 
   0.0080521   (39 -0.604) (40 0.454) (13 0.361) (44 -0.36) (38 -0.287) (37 -0.101) (139 0.0938) (48 -0.0898) (55 0.0871) (20 0.0786) (18 -0.0763) (14 0.0669) (46 -0.0667) (42 -0.0562) (31 -0.0557) (58 -0.0551) (30 -0.0518) (57 -0.0508) (19 0.0491) (82 -0.0372) (96 0.0368) (72 -0.0297) (47 0.0258) (25 0.0242) (35 0.0236) (79 -0.0227) (16 0.0219) (41 -0.0217) (56 0.0213) (65 -0.0209) (62 -0.0204) (60 -0.0193) (53 -0.0184) (73 0.0181) (88 -0.0172) (12 -0.0162) (70 0.0152) (36 0.0152) (94 -0.0148) (64 -0.0147) (17 -0.0124) (67 -0.0123) (78 -0.0118) (87 -0.0116) (77 0.0114) (98 -0.0113) (61 0.0109) (92 -0.0108) (32 -0.0105) 
   0.0088604   (12 -0.95) (31 0.268) (30 0.115) (13 -0.0623) (32 -0.0613) (33 -0.0351) (39 -0.0266) (63 0.023) (40 0.0228) (38 -0.0192) (135 -0.0184) (26 -0.015) (29 -0.0132) (28 0.011) 
   0.0093533   (135 -0.951) (31 0.255) (30 0.113) (12 0.11) (32 -0.0525) (33 -0.0312) (39 -0.0192) (26 -0.0176) (40 0.0165) (18 0.0144) (43 0.014) (13 0.0132) (38 -0.0125) (20 -0.012) (41 0.0102) 

 Largest eigenvalues
      39.589   (163 0.975) 
      13.938   (75 -0.761) (94 0.348) 
      5.8898   (75 0.373) (94 0.734) (96 0.346) 
      2.6831   (94 -0.328) (96 0.719) 
      1.2286   (98 0.325) (124 0.364) (125 -0.657) 
      1.2217   (142 -0.392) (149 0.88) 
      1.1879   (165 -0.999) 
      1.1639   (164 0.993) 
      1.1301   (91 -0.509) (92 -0.618) (102 0.375) 
      1.1136   (102 -0.414) (109 -0.768) 
      1.0281   (102 -0.606) (109 0.489) 
      1.0181   (102 -0.362) (114 -0.289) (115 0.358) (118 0.561) 
      1.0053   (99 0.596) (100 -0.352) (101 -0.57) 
     0.92545   (105 0.586) (107 0.533) 
      0.8898   (110 -0.296) (114 0.648) 
     0.77476   (114 -0.404) (115 0.289) (118 -0.577) 
      0.6838   (108 0.438) (111 -0.567) (112 -0.397) 
     0.67832   (107 -0.307) (108 -0.497) (112 -0.464) 
     0.65893   (113 0.3) (116 -0.568) (123 0.393) (125 -0.41) (132 -0.294) 
     0.60636   (116 0.702) (118 0.294) 
     0.59502   (108 0.56) (110 -0.387) (111 0.355) (113 -0.41) 
     0.59145   (106 0.735) (108 -0.346) 
     0.59014   (122 0.366) (126 0.393) (127 -0.311) (128 -0.606) 
     0.56166   (126 -0.808) (128 -0.403) 
     0.55387   (122 -0.759) (124 0.3) (126 0.362) 
     0.54354   (119 0.463) (120 0.722) 
     0.52796   (121 -0.453) (123 0.551) (127 0.514) 
     0.43173   (119 0.389) (120 -0.448) (121 0.474) 
     0.41416   (119 -0.709) (132 0.301) 
     0.40322   (89 -0.396) (90 -0.867) 
     0.40069   (121 -0.419) (127 -0.503) (132 0.406) 
     0.31839   (97 0.922) 
      0.2794   (98 0.315) (104 -0.38) (105 -0.589) (107 0.445) 
     0.27694   (103 0.818) (105 0.269) 
     0.25615   (98 -0.28) (100 -0.426) (112 -0.299) (113 0.275) (124 0.36) 
     0.24298   (84 -0.293) (85 0.604) 
     0.23029   (80 0.401) (100 0.506) 
      0.1991   (79 0.382) (80 -0.508) (85 -0.461) 
      0.1589   (110 -0.389) (111 -0.384) (112 0.386) 
     0.14575   (87 -0.335) (88 -0.551) (91 0.374) (96 -0.343) 
     0.13359   (88 0.429) (95 0.495) (104 -0.42) 
     0.12274   (87 -0.368) (91 -0.494) (92 0.441) (104 -0.3) 
     0.11831   (86 0.286) (87 0.668) (88 -0.436) (95 -0.347) 
     0.11129   (84 0.317) (86 -0.627) (91 0.318) (95 -0.385) 
     0.10926   (68 -0.437) (81 0.423) (83 0.482) 
    0.099062   (65 0.223) (68 0.364) (74 -0.292) (76 0.254) (77 -0.216) (79 0.25) (80 0.21) (84 -0.249) (95 -0.284) 
    0.094578   (59 -0.24) (62 0.292) (64 0.261) (65 -0.406) (69 -0.265) (74 0.265) (81 -0.241) 
    0.091468   (59 0.611) (62 -0.346) 
    0.090293   (59 -0.642) (65 0.358) 
    0.087802   (59 0.326) (62 0.315) (95 0.295) (104 0.348) 
    0.086245   (62 -0.555) (69 -0.317) 
    0.081913   (62 0.53) (65 0.429) 
    0.076669   (62 -0.283) (64 0.656) (69 0.264) (74 0.209) (83 0.245) 
    0.072121   (60 -0.613) (61 0.319) (65 -0.308) (69 0.294) 
    0.067038   (60 0.633) (64 -0.344) 
    0.066412   (60 -0.255) (65 0.221) (69 -0.281) (74 -0.223) (115 -0.373) (117 0.229) 
    0.063782   (69 0.266) (74 0.26) (77 -0.307) (81 0.282) (83 -0.254) 
    0.058934   (61 -0.53) (66 0.378) 
    0.056468   (61 0.578) (69 -0.246) (71 -0.273) (76 -0.206) (84 0.232) 
    0.055479   (61 -0.368) (66 -0.561) 
    0.053595   (63 0.316) (66 0.276) (71 0.318) (72 0.279) (81 -0.299) (83 0.259) (101 0.262) 
     0.05292   (63 -0.587) (72 -0.262) (74 0.275) (77 -0.234) (81 -0.236) (101 0.259) 
    0.050247   (63 0.641) (66 -0.28) (71 -0.218) (72 -0.284) 
    0.045992   (74 -0.218) (81 0.272) (83 -0.29) (84 -0.378) (101 0.252) (117 -0.342) 
    0.042563   (32 0.605) (33 0.661) 
    0.041174   (43 -0.691) (45 0.321) 
    0.040755   (76 0.374) (77 0.294) (117 -0.452) 
    0.039309   (53 0.533) (56 -0.422) (76 -0.291) (77 -0.305) (117 -0.306) 
    0.034764   (53 -0.592) (76 -0.402) (77 -0.388) 
    0.033835   (34 0.753) (37 -0.332) (38 0.298) 
    0.031127   (34 -0.55) (37 -0.468) (38 0.356) 
    0.030004   (36 -0.279) (37 0.427) (53 0.257) (56 0.257) (89 0.445) 
    0.029447   (35 -0.581) (36 0.613) 
    0.027386   (35 0.302) (37 -0.293) (56 -0.581) 
    0.026635   (130 -0.906) 
    0.024986   (129 0.578) (155 0.805) 
    0.023286   (129 0.577) (162 -0.765) 
    0.022086   (129 0.577) (155 -0.52) (162 0.629) 
    0.020691   (22 0.938) (23 0.232) 
      0.0189   (141 -0.926) (142 -0.37) 
