 1 49716.9
 2 664.693
 3 15.2589
 4 174904
 5 542.196
 6 290.543
 7 847459
 8 59.0197
 9 30820.7
 10 2256.04
 11 6.23536
 12 1907.77
 13 254149
 14 3243.97
 15 0.832085
 16 464427
 17 4000.63
 18 5.0765
 19 132383
 20 2587.44
 21 314.032
 22 153197
 23 3498.6
 24 168.812
 25 245.765
 26 315.239
 27 9.51106
 28 2316.56
 29 329.823
 30 210.733
 31 493.868
 32 73.8925
 33 1130.96
 34 206.085
 35 200.496
 36 362.758
 37 1520.81
 38 3194.35
 39 4.74176
 40 984.213
 41 4518.36
 42 1.7782
 43 743.088
 44 1659.35
 45 16.4248
 46 3073
 47 1770.24
 48 776.625
 49 2030.34
 50 234.905
 51 511.45
 52 200.159
 53 3108.32
 54 330.905
 55 294.047
 56 242.159
 57 1298.15
 58 114.249
 59 250.805
 60 122.61
 61 21.1771
 62 1.67682
 63 649.21
 64 265.729
 65 2.37053
 66 511.606
 67 4098.8
 68 89.3633
 69 124321
 70 221983
 71 2303.22
 72 274.912
 73 15821
 74 29.099
 75 21162.2
 76 8598.85
 77 11.4741
 78 2146.27
 79 7700.6
 80 239.515
 81 2642.13
 82 1574.65
 83 452.507
 84 2.11516
 85 143.361
 86 2.01562
 87 6736.13
 88 1.79985
 89 1.70357
 90 2.06722
 91 8.07148
 92 341.029
 93 767.477
 94 407.957
 95 667.141
 96 956.596
 97 300.94
 98 176.431
 99 118.511
 100 406.206
 101 1164.82
 102 83.917
 103 150.283
 104 120.478
 105 110.348
 106 154.27
 107 154.915
 108 152.193
 109 106.007
 110 83.7788
 111 154.113
 112 194.704
 113 170.1
 114 153.567
 115 147.472
 116 113.211
 117 153.653
 118 168.309
 119 123.494
 120 76.9254
 121 114.291
 122 45.2553
 123 58.8785
 124 33.8827
 125 28.4596
 126 51.6482
 127 25.7639
 128 81.4098
 129 67.1536
 130 54.2796
 131 20.2062
 132 20.453
 133 21.4431
 134 35.1419
 135 8.75574
 136 42.8515
 137 9.90856
 138 9.35048
 139 9.60835
 140 10.9282
 141 12.0611
 142 8.78091
 143 9.40445
 144 14.9087
 145 15.0704
 146 12.7794
 147 10.2526
 148 28.9247
 149 15.6001
 150 12.0437
 151 14.1401
 152 22.5104
 153 18.6474
 154 13.4577
 155 20.0703
 156 23.8225
 157 46.714
 158 0.512541
 159 0.0590185
 160 0.484892
 161 26.5579
 162 18.1187
 163 177.426
 164 706.885
 165 9.53583
