 1 31.6228
 2 24.8239
 3 1.51533
 4 31.6228
 5 18.8282
 6 10.6298
 7 31.62
 8 0.990407
 9 31.4926
 10 29.0959
 11 1.01558
 12 28.1975
 13 31.6228
 14 31.5887
 15 0.903826
 16 31.6228
 17 31.5764
 18 0.957818
 19 31.6228
 20 28.2915
 21 4.40064
 22 31.6228
 23 30.2012
 24 2.44626
 25 14.6896
 26 15.9611
 27 1.41379
 28 31.3694
 29 13.7435
 30 9.23811
 31 21.2275
 32 2.82173
 33 28.4565
 34 14.004
 35 8.98505
 36 15.2606
 37 31.4546
 38 31.5915
 39 1.3368
 40 23.882
 41 30.9088
 42 1.28406
 43 21.4393
 44 28.5356
 45 1.60435
 46 31.5708
 47 22.2862
 48 11.0775
 49 29.9788
 50 14.7462
 51 16.5535
 52 7.36156
 53 30.5651
 54 16.5512
 55 11.3323
 56 9.45375
 57 29.4126
 58 10.0148
 59 11.9046
 60 6.58872
 61 4.33231
 62 1.28763
 63 24.1727
 64 15.1022
 65 1.00355
 66 21.6458
 67 30.9829
 68 2.06102
 69 31.6224
 70 31.6228
 71 28.4026
 72 4.74952
 73 31.6142
 74 1.34901
 75 31.5788
 76 31.4659
 77 1.46725
 78 30.6272
 79 31.6093
 80 3.91015
 81 29.2135
 82 31.2787
 83 20.3235
 84 1.32384
 85 10.2519
 86 1.33246
 87 31.4171
 88 1.15872
 89 1.09541
 90 1.3351
 91 2.40854
 92 16.7507
 93 25.8654
 94 17.3244
 95 22.3571
 96 27.2735
 97 16.0919
 98 11.8377
 99 9.30588
 100 18.0769
 101 29.7291
 102 8.05861
 103 11.6701
 104 10.2779
 105 9.81564
 106 11.9941
 107 11.9219
 108 11.7948
 109 9.61584
 110 7.9437
 111 11.7169
 112 13.5414
 113 12.5548
 114 11.8456
 115 11.485
 116 9.67604
 117 11.65
 118 12.348
 119 10.4709
 120 8.19181
 121 10.3531
 122 6.54322
 123 7.52313
 124 5.38401
 125 5.12848
 126 6.89368
 127 4.52148
 128 8.42716
 129 7.44251
 130 6.80242
 131 4.19469
 132 4.42729
 133 4.50262
 134 5.77391
 135 2.74152
 136 6.47273
 137 2.96804
 138 2.92579
 139 2.94502
 140 3.15065
 141 3.14218
 142 2.71167
 143 2.85805
 144 3.70596
 145 3.77334
 146 3.43946
 147 2.96088
 148 5.11939
 149 3.77261
 150 3.31446
 151 3.58329
 152 4.61534
 153 4.17819
 154 3.52997
 155 4.38514
 156 4.80096
 157 6.77325
 158 0.330052
 159 0.187798
 160 0.269304
 161 3.726
 162 3.68336
 163 11.3467
 164 25.7379
 165 0.607218
