 1 1000
 2 634.427
 3 14.6019
 4 1000
 5 523.366
 6 280.467
 7 999.866
 8 2.72915
 9 994.576
 10 857.156
 11 3.11772
 12 808.525
 13 1000
 14 998.206
 15 0.82136
 16 1000
 17 998.265
 18 1.90862
 19 1000
 20 890.291
 21 108.766
 22 1000
 23 953.239
 24 46.7553
 25 230.291
 26 279.985
 27 8.51361
 28 986.818
 29 294.846
 30 189.113
 31 465.177
 32 57.0533
 33 871.041
 34 200.06
 35 191.321
 36 345.459
 37 990.56
 38 998.905
 39 2.62344
 40 582.141
 41 961.042
 42 1.67324
 43 489.984
 44 848.119
 45 9.15863
 46 997.964
 47 688.249
 48 314.479
 49 914.838
 50 230.809
 51 365.272
 52 144.107
 53 946.766
 54 283
 55 209.642
 56 170.79
 57 898.244
 58 112.436
 59 210.812
 60 104.145
 61 21.157
 62 1.67652
 63 600.273
 64 265.064
 65 2.35872
 66 506.661
 67 978.821
 68 23.0912
 69 999.988
 70 1000
 71 892.532
 72 107.862
 73 999.615
 74 2.90559
 75 998.446
 76 990.837
 77 5.79182
 78 944.515
 79 999.412
 80 80.7077
 81 919.446
 82 983.025
 83 432.182
 84 2.08711
 85 109.246
 86 1.89998
 87 990.901
 88 1.79977
 89 1.70356
 90 2.06713
 91 7.77403
 92 340.289
 93 762.321
 94 405.55
 95 590.387
 96 801.826
 97 293.774
 98 173.688
 99 117.821
 100 374.47
 101 915.976
 102 81.5459
 103 148.714
 104 119.674
 105 109.995
 106 153.814
 107 154.181
 108 151.442
 109 105.501
 110 82.5619
 111 153.445
 112 194.022
 113 169.65
 114 153.395
 115 147.276
 116 112.928
 117 153.292
 118 168.21
 119 123.324
 120 76.5974
 121 114.022
 122 44.9907
 123 58.6753
 124 33.7456
 125 28.1729
 126 51.4357
 127 24.9319
 128 79.3136
 129 66.0394
 130 53.4004
 131 20.0596
 132 20.3168
 133 21.2833
 134 34.2788
 135 8.68724
 136 42.7061
 137 9.79098
 138 9.26093
 139 9.4775
 140 10.743
 141 11.48
 142 8.55974
 143 9.25457
 144 14.705
 145 14.9446
 146 12.638
 147 9.97234
 148 28.2955
 149 15.3353
 150 11.8953
 151 13.9771
 152 22.2256
 153 18.2316
 154 13.1681
 155 19.9078
 156 23.7697
 157 46.6251
 158 0.453509
 159 0.0579017
 160 0.432785
 161 22.6284
 162 17.0119
 163 153.871
 164 686.502
 165 8.76982
