 Smallest eigenvalues
  1.1418e-06   (9 -1) 
  2.1532e-06   (46 -0.614) (45 -0.468) (40 -0.317) (42 0.314) (43 -0.308) (41 0.15) (154 -0.145) (48 0.113) (56 -0.0901) (50 0.0881) (79 -0.0807) (44 -0.0641) (53 -0.0618) (14 0.0592) (57 0.0496) (39 -0.0494) (35 0.0424) (25 0.0375) (30 -0.0371) (16 0.0319) (54 -0.0295) (37 0.029) (23 0.0267) (77 -0.0232) (15 0.0214) (33 0.021) (34 -0.0202) (18 -0.0201) (52 0.0195) (80 -0.0183) (28 -0.0178) (24 -0.0172) (81 -0.0172) (38 0.017) (59 0.0166) (78 0.0158) (73 -0.0146) (83 -0.0145) (32 0.0143) (51 -0.0139) (47 0.0137) (55 -0.0124) (20 0.0123) (49 0.0111) (36 0.0108) (92 0.01) 
  3.9347e-06   (154 -0.989) (46 0.0898) (45 0.0685) (40 0.0466) (42 -0.0461) (43 0.0451) (41 -0.022) (48 -0.0165) (56 0.0131) (50 -0.0129) (79 0.0114) 
  4.5048e-06   (5 1) 
  5.7174e-06   (40 -0.635) (149 0.59) (42 -0.3) (43 0.268) (41 -0.24) (39 -0.083) (79 -0.0557) (14 0.0441) (44 -0.0434) (48 0.0429) (35 0.0377) (25 0.0373) (30 -0.0311) (51 -0.031) (52 0.0276) (47 -0.0258) (16 0.0246) (38 0.0236) (37 0.0233) (34 -0.0221) (45 0.0216) (23 0.0207) (15 0.0194) (33 0.0182) (57 0.0175) (32 0.0172) (46 0.0162) (55 0.0157) (80 -0.0142) (18 -0.0129) (77 -0.0129) (76 0.0129) (81 -0.0115) (50 0.0109) (36 -0.0107) (24 -0.0106) (59 0.0101) 
  6.5275e-06   (149 0.807) (40 0.464) (42 0.219) (43 -0.196) (41 0.176) (39 0.0607) (79 0.0406) (14 -0.0323) (44 0.0317) (48 -0.0314) (35 -0.0276) (25 -0.0273) (30 0.0227) (51 0.0226) (52 -0.0201) (47 0.0189) (16 -0.018) (38 -0.0173) (37 -0.017) (34 0.0162) (45 -0.0158) (23 -0.0151) (15 -0.0142) (33 -0.0133) (57 -0.0128) (32 -0.0126) (46 -0.0118) (55 -0.0115) (80 0.0103) 
  7.5539e-06   (1 0.984) (26 0.118) (25 0.118) (27 0.0314) (30 0.0313) (24 -0.0208) (14 0.0207) (23 0.0178) (40 0.0152) (28 0.0149) (18 -0.0135) (16 0.0132) (15 0.0126) 
  8.0406e-06   (158 0.999) (25 0.0278) (26 0.0278) 
  2.0114e-05   (25 -0.643) (26 -0.642) (1 0.18) (30 -0.174) (27 -0.166) (14 -0.119) (24 0.118) (23 -0.102) (28 -0.0791) (16 -0.0788) (40 -0.0769) (15 -0.0766) (18 0.0762) (158 0.0432) (41 0.0414) (79 0.0388) (35 0.0383) (19 -0.0369) (21 0.0347) (29 0.0343) (20 -0.0335) (32 0.0302) (34 -0.0294) (17 -0.0201) (48 -0.0172) (46 -0.0166) (51 0.014) (33 0.0139) (42 0.0109) (59 -0.0109) 
  3.0732e-05   (21 0.684) (45 0.451) (42 0.389) (40 -0.205) (18 0.189) (19 -0.146) (41 0.125) (20 -0.0999) (25 0.0852) (44 0.0765) (54 -0.0757) (23 0.0687) (16 -0.0654) (14 -0.0582) (24 -0.0578) (15 -0.0455) (26 0.0409) (79 -0.0384) (35 0.0351) (30 -0.033) (28 -0.0312) (36 -0.0285) (74 -0.0271) (50 0.0266) (47 0.0238) (39 -0.023) (17 -0.0229) (77 -0.0223) (34 -0.0208) (22 0.0208) (78 0.0189) (55 0.0188) (48 0.0181) (53 -0.0162) (71 -0.0161) (76 0.0152) (52 0.0149) (29 0.0139) (27 0.0137) (37 0.013) (62 0.0129) (38 0.0129) (69 -0.0128) (70 -0.0128) (49 0.0125) (72 -0.0122) (33 0.0119) (57 0.0113) (66 0.0113) (43 0.011) 
  0.00010167   (157 -0.999) (21 -0.0314) (45 0.0278) (42 0.0229) (40 -0.0104) 
  0.00011809   (21 0.589) (45 -0.537) (42 -0.442) (40 0.201) (18 0.178) (19 -0.131) (44 -0.102) (20 -0.0996) (14 -0.0977) (41 -0.0909) (16 -0.0806) (39 0.064) (15 -0.062) (79 0.0604) (54 0.0586) (157 -0.0523) (48 -0.0432) (23 0.0368) (24 -0.0353) (50 -0.0338) (26 0.0284) (32 -0.0281) (17 -0.026) (25 0.0251) (36 0.0242) (22 0.0236) (53 0.0231) (28 -0.0227) (74 0.0225) (62 -0.0219) (34 0.0199) (43 0.0196) (77 0.0193) (27 0.0177) (76 -0.0173) (57 -0.0173) (38 -0.0164) (52 -0.0153) (47 -0.0151) (29 0.0143) (55 -0.0138) (37 -0.0137) (71 0.0124) (56 0.0124) (49 -0.0115) (69 0.0114) (80 0.0112) (59 -0.0104) (81 0.0102) 
  0.00014642   (3 -1) 
  0.00018568   (23 0.807) (24 0.328) (25 -0.24) (14 0.228) (16 0.227) (18 -0.121) (28 0.113) (30 0.103) (21 0.101) (20 0.0993) (15 0.0804) (17 0.0732) (40 0.0534) (43 0.0409) (26 0.0273) (37 -0.0238) (39 0.0216) (33 -0.0212) (35 -0.0181) (46 -0.017) (79 -0.0163) (19 0.015) (27 -0.0142) (50 0.0141) (31 -0.0129) (57 0.012) (32 -0.0114) (34 0.0113) 
  0.00022108   (160 -1) 
  0.00024074   (2 -1) 
  0.00024186   (16 0.638) (18 0.601) (14 0.273) (23 -0.228) (17 0.208) (15 0.182) (20 -0.12) (25 -0.0631) (30 0.0419) (21 -0.0403) (40 0.0336) (159 -0.0325) (19 -0.0303) (28 0.0302) (24 0.0257) (35 -0.0155) (79 -0.0144) (43 0.0131) (33 -0.0125) (22 0.0125) (29 0.0123) (11 -0.0102) 
  0.00027148   (159 -0.999) (16 -0.0207) (18 -0.0195) 
  0.00027698   (7 1) 
  0.00028295   (24 -0.875) (150 -0.328) (25 -0.224) (23 0.216) (14 0.0816) (16 0.0771) (30 0.0505) (15 0.0504) (18 -0.0477) (22 -0.044) (56 -0.0322) (40 0.0299) (20 0.0289) (26 -0.0284) (17 0.024) (53 -0.0211) (35 -0.0207) (36 -0.0199) (19 0.0183) (42 -0.0173) (79 -0.0171) (27 -0.0167) (28 0.0127) (29 0.0127) (32 -0.0115) (21 -0.0108) (49 0.0108) 
  0.00028939   (150 -0.945) (24 0.304) (25 0.0777) (23 -0.075) (14 -0.0284) (16 -0.0268) (30 -0.0176) (15 -0.0175) (18 0.0166) (22 0.0153) (56 0.0112) (40 -0.0104) (20 -0.01) 
  0.00030092   (6 -1) 
  0.00031819   (18 -0.572) (20 -0.557) (19 -0.417) (16 0.236) (152 -0.214) (23 -0.162) (14 0.147) (22 0.131) (15 0.0922) (17 0.0732) (21 0.058) (25 -0.0385) (40 0.0235) (27 -0.0211) (79 -0.0189) (26 -0.0185) (30 0.0174) (29 0.0137) (24 0.0137) (48 0.0137) (31 0.0137) (53 -0.0118) 
  0.00034758   (152 -0.977) (18 0.125) (20 0.122) (19 0.0913) (16 -0.0517) (23 0.0354) (14 -0.0322) (22 -0.0288) (15 -0.0202) (17 -0.016) (21 -0.0127) 
  0.00037933   (73 -0.781) (57 -0.505) (53 -0.141) (58 -0.127) (43 -0.123) (46 0.117) (79 0.102) (50 -0.08) (52 -0.0761) (55 -0.0735) (40 -0.0725) (41 0.069) (59 -0.0597) (14 0.0425) (37 0.0423) (56 0.0421) (30 -0.0406) (68 0.0363) (74 -0.0362) (48 0.0358) (69 -0.0337) (32 0.0319) (54 -0.03) (99 -0.028) (45 -0.0278) (70 0.0272) (81 0.0267) (60 0.0262) (62 -0.0254) (71 -0.0243) (80 0.0243) (49 -0.024) (88 0.0231) (44 -0.0225) (33 0.0221) (92 0.0212) (20 0.02) (104 0.0199) (123 0.0198) (63 0.0169) (16 0.0169) (111 -0.0164) (72 0.0162) (122 -0.0161) (83 -0.0161) (101 -0.0154) (39 -0.0154) (109 -0.0148) (28 -0.0145) (19 0.0134) (124 0.0134) (18 -0.0133) (75 0.0131) (77 0.013) (21 0.0128) (95 -0.0126) (31 0.0124) (91 -0.0123) (114 -0.0108) (116 0.0105) (23 0.0105) (113 -0.0104) 
  0.00040638   (57 -0.616) (73 0.585) (58 -0.212) (43 -0.179) (46 0.163) (153 0.159) (67 0.151) (53 -0.149) (68 0.129) (40 -0.107) (50 -0.093) (52 -0.088) (62 -0.0716) (41 0.0675) (14 0.0671) (69 -0.0616) (30 -0.057) (45 -0.0555) (48 -0.0538) (56 0.0521) (59 -0.052) (55 -0.0491) (63 0.0463) (37 0.0448) (35 0.0397) (39 -0.0373) (54 -0.0337) (32 0.0322) (79 -0.032) (66 -0.0319) (33 0.0319) (16 0.0304) (18 -0.0289) (34 -0.0281) (122 0.0274) (44 -0.0247) (28 -0.0245) (74 0.0231) (60 0.0223) (64 -0.0219) (20 0.0199) (31 0.019) (23 0.0188) (126 0.018) (83 -0.0166) (111 -0.0165) (92 0.0157) (25 0.0155) (71 0.0154) (127 0.0153) (118 0.0142) (72 -0.0141) (109 -0.0132) (101 -0.0127) (81 -0.0127) (121 0.0126) (42 0.0117) (51 0.0116) (19 0.0116) (132 -0.0116) (38 0.0115) (21 0.0114) (49 -0.011) (129 0.0104) (120 0.0102) 
  0.00042561   (153 0.987) (57 0.102) (73 -0.09) (58 0.0347) (43 0.0299) (46 -0.0273) (53 0.025) (67 -0.0242) (68 -0.0207) (40 0.0179) (50 0.0156) (52 0.0147) (62 0.0116) (41 -0.0115) (14 -0.0113) 
  0.00043064   (27 -0.919) (28 -0.306) (25 0.13) (26 0.108) (51 0.104) (50 -0.0676) (30 0.0499) (52 0.0432) (53 0.0376) (14 0.0365) (46 0.0349) (23 0.0343) (43 -0.0323) (19 0.0315) (57 0.0306) (48 -0.0303) (16 0.0259) (32 -0.0235) (29 -0.0229) (20 0.0217) (15 0.0213) (35 0.0196) (45 -0.0156) (31 0.0154) (79 -0.0148) (22 0.0127) (33 -0.0114) (34 -0.0113) 
  0.00046892   (148 0.625) (51 0.522) (50 -0.358) (53 0.187) (52 0.183) (43 -0.18) (46 0.164) (57 0.128) (27 0.117) (40 -0.115) (48 -0.0973) (49 -0.0731) (41 0.0609) (45 -0.0599) (30 -0.0512) (14 0.0443) (39 -0.035) (37 0.0302) (28 0.0263) (47 -0.0259) (35 0.0256) (32 0.0252) (79 -0.0249) (56 -0.024) (73 -0.0231) (59 0.0227) (42 0.0227) (33 0.0211) (54 0.0189) (16 0.0188) (34 -0.0181) (44 -0.015) (18 -0.0147) (20 0.0122) (31 0.012) (23 0.0112) (38 0.0102) 
  0.00048332   (148 0.781) (51 -0.418) (50 0.287) (53 -0.15) (52 -0.147) (43 0.144) (46 -0.131) (57 -0.102) (40 0.0919) (27 -0.0904) (48 0.0779) (49 0.0586) (41 -0.0488) (45 0.048) (30 0.0408) (14 -0.0356) (39 0.0281) (37 -0.0241) (47 0.0208) (35 -0.0206) (32 -0.0201) (28 -0.02) (79 0.0198) (56 0.0192) (73 0.0185) (59 -0.0182) (42 -0.0182) (33 -0.0169) (16 -0.0151) (54 -0.0151) (34 0.0145) (44 0.012) (18 0.0118) 
  0.00050925   (52 -0.876) (35 -0.265) (34 0.169) (57 0.156) (55 0.155) (53 0.149) (40 -0.114) (49 -0.104) (43 -0.0854) (50 -0.0842) (41 0.0823) (46 0.0719) (51 0.0685) (54 0.0559) (79 -0.0305) (68 0.0235) (37 0.0211) (44 -0.0209) (39 -0.0205) (45 -0.017) (67 0.0158) (69 -0.0148) (151 0.0132) (27 -0.0131) 
  0.00062724   (151 0.97) (35 0.191) (34 -0.123) (52 -0.0641) (40 0.0273) (30 -0.0257) (48 0.0184) (32 0.0172) (57 0.0155) (14 0.0144) (33 0.0117) 
  0.00068903   (35 -0.747) (34 0.481) (52 0.304) (151 0.243) (40 -0.103) (30 0.102) (48 -0.0741) (57 -0.0701) (32 -0.0687) (14 -0.0581) (55 -0.0482) (33 -0.0467) (53 -0.044) (25 -0.0377) (79 0.0353) (50 0.035) (41 0.0315) (31 -0.0266) (39 -0.0262) (20 -0.0262) (16 -0.0245) (49 0.0236) (73 0.0235) (22 0.0217) (43 -0.0214) (42 0.0196) (27 -0.0196) (54 -0.0189) (18 0.0189) (23 -0.0159) (45 -0.0152) (26 -0.0151) (24 0.0134) (15 -0.0133) (51 -0.013) (19 -0.0124) (38 0.0115) 
  0.00078264   (68 -0.705) (69 0.456) (67 -0.455) (57 -0.154) (70 -0.106) (73 0.0962) (66 0.089) (43 -0.061) (46 0.0572) (62 0.0554) (55 -0.0507) (52 -0.0502) (40 -0.0435) (41 0.0416) (53 -0.0375) (63 -0.0353) (50 -0.0336) (58 0.0324) (83 -0.0298) (48 0.027) (37 0.0252) (14 0.0252) (30 -0.0249) (147 0.0225) (32 0.0222) (49 -0.021) (59 0.0203) (99 -0.0201) (64 0.0179) (88 0.0179) (54 -0.0165) (71 0.0163) (97 -0.016) (92 0.0159) (104 0.0157) (127 0.0155) (124 0.015) (20 0.0139) (33 0.0138) (125 0.013) (44 -0.0126) (116 0.0112) (111 -0.0111) (19 0.0109) (65 0.0109) (90 0.0104) (60 -0.0103) (101 -0.0102) (122 -0.0101) 
  0.00078394   (147 0.802) (48 -0.462) (50 0.181) (51 -0.158) (46 0.155) (43 -0.11) (41 0.0909) (49 -0.0908) (57 0.0885) (40 -0.0875) (45 -0.0628) (35 0.0434) (73 -0.0383) (44 -0.0377) (14 0.0327) (34 -0.0295) (30 -0.0282) (79 -0.028) (52 0.024) (53 0.0229) (55 -0.0224) (42 0.0202) (58 0.017) (32 0.0157) (37 0.0149) (33 0.0149) (16 0.0143) (18 -0.0143) (39 -0.0131) (68 0.012) (69 -0.0115) (25 0.0114) 
   0.0008106   (48 0.62) (147 0.597) (50 -0.241) (51 0.213) (46 -0.211) (43 0.151) (41 -0.124) (49 0.123) (40 0.12) (57 -0.113) (45 0.0848) (35 -0.0581) (44 0.0513) (73 0.0482) (14 -0.045) (34 0.0396) (30 0.039) (79 0.0376) (55 0.0322) (52 -0.0301) (53 -0.0293) (42 -0.0268) (58 -0.0242) (67 0.0224) (32 -0.0221) (37 -0.0212) (33 -0.0206) (16 -0.0197) (18 0.0195) (39 0.018) (25 -0.0157) (28 0.0132) (20 -0.0127) (22 0.0123) (62 -0.011) (24 0.0109) (31 -0.0108) (68 0.0106) (121 -0.0104) (27 -0.0103) (122 -0.0102) (81 0.0101) 
  0.00085696   (37 0.898) (20 0.191) (18 -0.153) (21 0.145) (23 -0.132) (14 0.117) (22 -0.117) (19 0.0989) (40 0.0969) (43 0.0918) (16 0.0851) (41 -0.0826) (32 0.07) (36 0.0629) (46 -0.0621) (39 0.0483) (33 0.0469) (35 -0.0464) (25 -0.0309) (38 -0.0268) (57 0.0258) (17 0.0254) (53 0.0236) (48 -0.0216) (24 0.0195) (50 0.0194) (42 0.0183) (34 0.0157) (45 0.0143) (15 0.0139) (52 0.0135) (30 -0.0134) (44 0.0112) (27 -0.0101) 
   0.0010166   (20 0.439) (37 -0.373) (18 -0.368) (23 -0.365) (21 0.336) (22 -0.331) (19 0.217) (14 0.216) (16 0.186) (30 0.128) (25 -0.0977) (32 -0.0667) (28 0.0646) (17 0.0555) (33 -0.0446) (15 0.041) (24 0.0374) (31 -0.0352) (36 -0.0303) (143 -0.03) (29 -0.0264) (26 -0.021) (34 0.0134) (48 0.013) (13 -0.012) 
   0.0010322   (143 -0.998) (144 -0.0625) (20 -0.0137) (18 0.0115) (23 0.0113) (21 -0.0105) (22 0.0102) 
    0.001162   (46 0.428) (50 0.418) (48 0.415) (49 0.409) (14 0.27) (43 -0.262) (41 0.222) (53 0.172) (57 0.124) (15 -0.121) (45 -0.0946) (40 -0.0923) (16 -0.0858) (42 -0.0755) (52 0.0701) (37 0.0537) (79 0.0392) (32 0.0374) (55 0.0372) (47 -0.0351) (30 -0.0345) (39 -0.0329) (18 0.0253) (33 0.0252) (17 -0.0246) (56 -0.0232) (67 0.0225) (54 0.0201) (68 0.0151) (77 0.0141) (76 -0.0127) (31 0.0118) (83 -0.0118) (111 -0.0116) (36 0.0114) (38 0.0111) 
   0.0013664   (14 0.741) (15 -0.408) (16 -0.361) (46 -0.146) (18 0.135) (48 -0.12) (49 -0.119) (50 -0.113) (43 0.108) (20 -0.104) (17 -0.102) (41 -0.0844) (30 0.0739) (19 -0.073) (23 -0.0612) (40 0.0578) (21 -0.0469) (53 -0.0443) (25 -0.0401) (28 0.0367) (45 0.036) (32 -0.0338) (37 -0.0335) (57 -0.0282) (42 0.0221) (31 -0.0214) (13 -0.0212) (33 -0.0196) (39 0.0191) (52 -0.0177) (35 -0.017) (34 0.0135) (29 -0.0134) (79 -0.0129) (27 -0.0123) (11 -0.0117) (47 0.0116) 
   0.0014278   (145 1) 
    0.001452   (55 -0.63) (56 0.391) (30 -0.365) (53 -0.317) (57 0.295) (31 0.239) (54 -0.107) (48 0.083) (52 -0.0826) (14 0.0751) (32 -0.0719) (50 -0.0713) (29 0.0564) (35 -0.0524) (28 -0.0521) (46 0.0497) (25 0.045) (20 0.0406) (33 -0.0381) (67 0.0364) (16 0.0355) (34 0.0353) (79 0.0347) (43 -0.0286) (23 0.0264) (18 -0.0262) (19 0.0252) (71 -0.0245) (58 -0.024) (73 0.0236) (62 -0.0178) (49 -0.0176) (68 0.0175) (21 0.0165) (47 0.0156) (42 -0.0149) (40 0.0141) (26 0.0131) (80 0.012) (41 0.0117) (63 0.0112) (70 -0.0111) (81 0.0109) (17 0.0105) (59 0.0103) (109 -0.0103) (44 -0.0102) 
   0.0015029   (30 -0.666) (31 0.45) (55 0.323) (56 -0.201) (32 -0.185) (53 0.181) (57 -0.128) (14 0.105) (29 0.0962) (40 0.0957) (33 -0.0918) (43 0.0916) (139 0.0896) (28 -0.0856) (41 -0.0847) (25 0.0819) (35 -0.0815) (37 -0.0765) (46 -0.0759) (50 0.0639) (34 0.0598) (16 0.0575) (54 0.0572) (52 0.0505) (20 0.0489) (23 0.046) (18 -0.0452) (48 -0.0415) (19 0.0324) (27 0.0247) (39 0.0237) (49 0.0212) (26 0.0207) (36 -0.0189) (45 0.0188) (24 -0.0186) (79 -0.0182) (17 0.0169) (73 -0.0162) (42 0.016) (15 0.0158) (67 -0.0156) (21 0.0139) (44 0.0135) (58 0.013) (71 0.0106) (38 -0.0101) (22 -0.01) 
   0.0015967   (139 0.996) (30 0.0629) (31 -0.0424) (55 -0.0239) (32 0.0171) (56 0.0149) (53 -0.0135) (14 -0.0102) 
   0.0016818   (19 0.682) (31 -0.485) (20 -0.432) (30 -0.25) (28 -0.144) (21 0.0954) (18 -0.0682) (14 0.0645) (27 0.0497) (23 0.0394) (32 -0.0339) (135 0.0305) (40 0.03) (15 0.0276) (25 0.0272) (29 0.0226) (16 0.0197) (33 -0.0195) (13 0.0188) (37 -0.0173) (35 -0.017) (71 0.0153) (43 0.0153) (41 -0.0143) (34 0.0131) (39 0.0123) (44 0.0109) 
   0.0017025   (31 -0.563) (135 0.558) (19 -0.399) (30 -0.308) (20 0.281) (28 -0.136) (25 0.0655) (21 -0.0553) (16 0.0441) (14 0.039) (40 0.0361) (32 -0.0302) (33 -0.0274) (23 0.0261) (29 0.0261) (35 -0.0256) (27 0.0249) (34 0.0207) (24 -0.0199) (43 0.0153) (37 -0.015) (41 -0.0141) (13 -0.0133) (50 0.0129) (26 0.0109) (44 0.0109) 
   0.0019068   (135 0.829) (31 0.397) (19 0.244) (30 0.217) (20 -0.173) (28 0.0968) (25 -0.0451) (21 0.0337) (16 -0.0304) (14 -0.0287) (40 -0.0254) (32 0.0216) (33 0.0192) (23 -0.0191) (27 -0.0186) (29 -0.0184) (35 0.0178) (34 -0.0144) (24 0.0135) (43 -0.0109) (37 0.0107) (41 0.01) 
   0.0020756   (28 -0.829) (27 0.286) (49 -0.238) (30 0.214) (50 0.202) (51 0.138) (31 0.13) (54 0.0841) (67 -0.0831) (25 -0.0746) (48 0.0674) (44 0.0492) (47 -0.046) (70 0.0432) (29 -0.0415) (69 -0.038) (45 0.037) (14 0.0365) (55 -0.0364) (20 0.0359) (42 -0.0326) (33 -0.0325) (23 0.0304) (71 -0.0296) (16 0.0294) (68 0.0289) (24 0.0288) (66 0.0277) (26 0.0265) (53 -0.0222) (57 -0.0221) (46 -0.0193) (39 -0.0178) (18 -0.0169) (13 0.016) (40 0.0157) (59 -0.0144) (36 0.0124) (74 0.0123) (56 -0.0122) (73 0.012) (43 0.0116) (21 -0.0111) (82 -0.011) (19 -0.0102) 
   0.0022192   (67 -0.638) (69 -0.343) (70 0.319) (50 -0.255) (66 0.255) (49 0.245) (68 0.201) (71 -0.184) (51 -0.18) (133 0.137) (62 0.105) (74 0.0856) (78 -0.0766) (73 0.0691) (59 -0.0603) (79 0.0577) (82 -0.0461) (28 -0.0417) (76 0.04) (132 0.0372) (43 -0.0349) (48 -0.0337) (77 0.0331) (46 0.0315) (81 0.026) (65 0.0254) (45 -0.0235) (42 0.0229) (87 0.0214) (40 -0.0211) (58 0.0208) (115 -0.0193) (83 -0.0188) (44 -0.0183) (129 0.0182) (75 -0.0174) (57 0.0171) (63 -0.017) (54 -0.0165) (72 0.0157) (55 0.0149) (47 0.0142) (84 0.014) (114 0.0139) (14 0.0138) (128 0.0136) (53 -0.0131) (39 -0.0129) (27 0.0127) (92 0.0127) (96 -0.0127) (86 -0.0117) (112 0.0115) (80 -0.011) (118 -0.0108) (61 -0.0107) (85 0.0105) 
    0.002321   (133 0.478) (49 0.417) (50 -0.395) (28 -0.298) (51 -0.287) (67 0.276) (70 -0.152) (54 -0.151) (69 0.143) (132 0.113) (66 -0.11) (27 0.105) (44 -0.103) (48 -0.0997) (47 0.099) (71 0.0986) (68 -0.091) (55 0.0856) (57 0.0724) (30 0.0657) (42 0.0574) (53 0.0539) (73 -0.0479) (59 0.0426) (45 -0.0385) (74 -0.037) (31 0.0329) (46 0.031) (25 -0.0305) (41 -0.0277) (79 -0.0271) (14 0.0254) (82 0.0253) (129 0.0251) (83 0.0213) (56 0.0205) (20 0.0199) (63 -0.0191) (78 0.0182) (16 0.0181) (72 -0.0173) (33 -0.0171) (77 -0.0169) (60 -0.0162) (40 -0.016) (23 0.0157) (34 -0.0155) (39 0.0154) (65 -0.0147) (99 0.0147) (43 -0.0146) (111 0.0141) (64 0.0135) (24 0.0128) (116 -0.0122) (29 -0.0116) (58 -0.0112) 
     0.00252   (133 0.836) (49 -0.278) (50 0.267) (132 0.194) (51 0.193) (28 0.184) (54 0.0885) (27 -0.0645) (48 0.0621) (44 0.0616) (47 -0.0585) (55 -0.051) (67 -0.0509) (57 -0.0439) (30 -0.0383) (42 -0.0364) (70 0.0336) (53 -0.0283) (45 0.0258) (71 -0.0256) (69 -0.0243) (129 0.0234) (46 -0.023) (31 -0.0202) (66 0.0199) (25 0.0189) (68 0.0183) (14 -0.0172) (73 0.0158) (41 0.0154) (43 0.0143) (59 -0.0141) (63 0.0136) (62 -0.0131) (20 -0.013) (40 0.0127) (16 -0.012) (128 0.0114) (56 -0.0102) (23 -0.0102) 
   0.0027383   (22 0.884) (20 0.263) (53 0.215) (55 -0.152) (19 0.143) (23 -0.0963) (21 0.0916) (18 -0.0845) (14 0.0696) (57 -0.0528) (46 -0.0506) (54 -0.0493) (13 -0.0489) (43 0.047) (16 0.0435) (30 0.0414) (29 -0.0353) (32 -0.0334) (24 -0.0325) (25 -0.0324) (17 0.0324) (56 -0.0314) (50 0.0309) (28 0.0275) (48 -0.027) (37 -0.0262) (26 -0.0242) (11 -0.0216) (40 0.0192) (49 0.0187) (41 -0.0172) (79 -0.0166) (31 -0.014) (35 0.0138) (27 0.0135) (44 0.0129) (52 -0.0127) (120 -0.0118) (125 0.0113) (122 -0.0111) (121 -0.0108) (69 -0.0105) (68 0.0103) 
   0.0028142   (59 0.782) (53 -0.368) (60 -0.342) (55 0.253) (22 0.124) (54 0.0977) (46 0.0856) (43 -0.0827) (58 0.077) (79 0.0652) (56 0.0543) (49 -0.0495) (20 0.0458) (68 0.0352) (69 -0.033) (134 -0.0292) (50 -0.028) (47 -0.0277) (19 0.0258) (61 -0.0249) (41 -0.0246) (52 0.0228) (48 0.0224) (21 0.0215) (70 0.0196) (108 -0.0182) (83 0.0182) (67 -0.0167) (125 0.0166) (71 0.0164) (121 0.0164) (45 -0.0162) (115 0.0161) (14 0.0157) (126 0.0152) (23 -0.0149) (57 0.0147) (39 -0.0144) (30 -0.0138) (66 0.0132) (18 -0.0116) (13 -0.0111) (25 -0.0107) (37 0.0105) (114 -0.0102) (127 0.0101) 
   0.0028829   (134 -0.665) (53 -0.434) (55 0.343) (59 -0.342) (57 0.176) (22 0.167) (60 0.15) (54 0.104) (50 -0.0614) (20 0.0598) (46 0.0595) (47 -0.0586) (56 0.0554) (43 -0.055) (41 0.0549) (44 0.0536) (52 0.0472) (39 -0.0347) (19 0.033) (69 0.0316) (68 -0.0293) (42 -0.0285) (14 0.0276) (49 -0.0271) (67 0.025) (79 0.0245) (58 -0.0239) (21 0.0239) (70 -0.0217) (132 -0.0197) (62 -0.0188) (125 -0.0183) (83 -0.0181) (18 -0.0177) (23 -0.0165) (48 0.0164) (30 -0.0141) (122 0.0138) (66 -0.0133) (37 0.0117) (51 0.0117) (16 0.0115) (61 0.0115) (124 -0.0115) (40 -0.0111) (45 -0.0105) (77 0.0101) 
    0.002922   (134 -0.746) (53 0.401) (55 -0.315) (59 0.273) (57 -0.157) (22 -0.154) (60 -0.119) (54 -0.0969) (46 -0.0567) (50 0.0558) (20 -0.0551) (47 0.0531) (43 0.0526) (56 -0.0515) (41 -0.0476) (44 -0.0476) (52 -0.0428) (125 0.0318) (39 0.0314) (19 -0.0304) (69 -0.027) (49 0.0263) (42 0.0254) (14 -0.0252) (68 0.0248) (79 -0.0236) (21 -0.0221) (67 -0.0216) (126 0.0211) (70 0.0186) (132 -0.0186) (58 0.0181) (62 0.0164) (18 0.0162) (83 0.0159) (48 -0.0157) (23 0.0153) (124 0.0144) (127 0.0144) (122 -0.0132) (30 0.0132) (66 0.0113) (37 -0.0109) (16 -0.0105) (51 -0.0103) (45 0.0101) 
   0.0033699   (33 0.912) (58 -0.31) (83 0.13) (37 -0.0924) (57 0.079) (32 0.0702) (41 -0.0687) (40 0.0653) (35 -0.064) (30 -0.063) (28 -0.0424) (34 0.0415) (43 0.0382) (86 0.0328) (44 -0.0305) (39 0.0298) (13 0.0296) (14 0.0281) (46 -0.0265) (59 0.0224) (52 0.022) (53 0.0214) (31 0.0212) (67 -0.0211) (47 0.0196) (50 0.0191) (56 -0.0185) (96 -0.0174) (20 0.0171) (79 -0.0171) (16 0.0169) (60 -0.0168) (55 0.0158) (42 0.0146) (49 -0.0141) (68 -0.0141) (89 -0.014) (81 -0.0137) (51 -0.0135) (45 0.0134) (36 -0.0126) (73 -0.0122) (85 0.0116) (23 0.0109) (25 0.0107) (38 -0.0105) 
   0.0041605   (83 0.835) (58 0.434) (131 0.185) (86 0.139) (79 -0.112) (57 -0.0993) (85 0.0636) (59 -0.0603) (89 -0.056) (90 0.0451) (53 -0.0429) (115 -0.0423) (91 -0.0386) (43 -0.0365) (60 0.0361) (46 0.0319) (33 0.0312) (111 -0.0311) (84 0.0308) (114 0.0306) (118 0.0267) (80 -0.0266) (97 -0.026) (96 -0.0241) (71 0.0238) (103 -0.0235) (56 0.0235) (101 -0.0208) (48 0.0203) (52 -0.0198) (82 0.0197) (92 0.0193) (77 -0.0191) (55 -0.0186) (99 -0.0177) (70 0.0168) (76 0.0164) (40 -0.016) (104 0.0155) (30 -0.0149) (69 -0.0145) (106 0.0143) (51 0.0142) (68 0.0139) (108 -0.0136) (124 0.0134) (87 -0.0129) (126 -0.0129) (39 -0.0127) (116 0.0126) (120 0.0125) (14 0.012) (112 0.0117) (50 -0.0116) (81 -0.0114) (37 0.0113) (93 0.0107) 
   0.0042505   (58 0.631) (131 0.515) (83 -0.441) (33 0.281) (57 -0.111) (86 -0.0806) (44 -0.0758) (79 0.0686) (67 0.0643) (47 0.0625) (59 -0.0537) (89 0.042) (41 -0.04) (60 0.0386) (85 -0.0375) (68 0.0348) (96 0.0291) (90 -0.028) (42 0.0264) (73 0.0263) (81 0.025) (53 -0.0247) (30 -0.0246) (114 -0.0242) (46 0.0238) (32 0.0231) (56 0.0229) (84 -0.0226) (39 0.0216) (37 -0.0215) (115 0.0197) (55 -0.0189) (52 -0.0186) (35 -0.0184) (91 0.0182) (14 0.0179) (103 0.0176) (95 -0.0172) (28 -0.0171) (66 -0.0164) (69 -0.0159) (132 0.0159) (43 -0.0153) (112 -0.0141) (88 0.0141) (108 0.014) (80 0.0137) (109 -0.0131) (51 0.012) (50 -0.0115) (93 -0.0112) (20 0.0109) (77 0.0105) (127 0.0104) (48 0.0103) (34 0.0102) (16 0.0101) 
   0.0042578   (131 0.836) (58 -0.482) (33 -0.189) (57 0.0904) (83 0.0837) (44 0.0472) (59 0.0465) (67 -0.0396) (47 -0.0382) (60 -0.0317) (53 0.025) (68 -0.0242) (41 0.0238) (46 -0.0218) (86 0.0195) (30 0.0193) (56 -0.0193) (132 0.0188) (43 0.0177) (32 -0.0171) (73 -0.0164) (42 -0.0163) (79 -0.0161) (52 0.0158) (55 0.0158) (14 -0.0141) (89 -0.014) (96 -0.0138) (114 0.0132) (69 0.0129) (35 0.0129) (81 -0.0126) (28 0.0119) (37 0.0113) (48 -0.0111) (115 -0.0109) (95 0.0108) (51 -0.0105) (39 -0.0104) 
   0.0042938   (105 0.514) (96 0.348) (103 0.348) (124 0.312) (100 0.261) (108 -0.241) (109 0.209) (104 -0.202) (101 0.169) (125 -0.157) (121 0.131) (120 -0.122) (106 0.105) (107 -0.0948) (95 -0.0924) (115 -0.088) (112 -0.0858) (102 -0.0802) (116 0.0779) (99 -0.0749) (123 -0.0724) (98 -0.0658) (111 0.063) (110 -0.0605) (93 -0.0554) (113 -0.05) (88 -0.0469) (146 -0.0434) (47 0.0402) (119 -0.0358) (81 0.0325) (44 -0.0319) (83 0.0285) (71 0.0269) (92 0.0267) (89 0.0265) (117 -0.0219) (118 0.0195) (85 -0.0194) (41 -0.0185) (97 0.0182) (58 -0.0158) (122 0.0146) (132 -0.0135) (91 0.0129) (49 -0.0121) (67 -0.0121) (70 0.0118) (42 0.0112) (79 -0.0104) (46 0.0103) 
   0.0045468   (146 0.998) (124 0.0424) (125 -0.0216) (105 0.017) (120 -0.011) (121 0.0102) 
   0.0045672   (47 0.656) (44 -0.577) (41 -0.22) (42 0.165) (49 -0.156) (46 0.146) (48 0.117) (71 0.0981) (58 -0.0947) (39 0.0888) (50 0.0876) (33 -0.0868) (13 -0.0804) (124 -0.0699) (53 -0.0571) (81 0.0569) (55 0.0562) (67 -0.055) (59 -0.0536) (51 0.0512) (70 0.0499) (125 0.0491) (83 0.048) (57 0.0453) (96 0.0436) (121 -0.0406) (54 0.0363) (52 0.0344) (109 -0.0314) (22 0.0308) (112 -0.0304) (105 -0.0298) (120 0.0273) (43 -0.0253) (108 0.0248) (123 0.0241) (106 -0.0238) (56 -0.0233) (66 0.0216) (115 0.0205) (86 -0.0204) (103 -0.0204) (89 0.0184) (91 -0.0176) (69 -0.0173) (99 0.0169) (60 0.0168) (11 -0.0167) (30 0.0163) (111 0.0156) (77 -0.0156) (85 -0.0154) (110 -0.0153) (29 0.0137) (114 -0.0137) (79 -0.0135) (100 -0.0134) (32 -0.0128) (28 0.0125) (95 -0.0121) (68 0.0114) (12 0.011) (73 0.0107) (116 -0.0106) 
   0.0046108   (71 0.653) (47 -0.403) (44 -0.294) (80 -0.256) (81 0.211) (77 -0.207) (70 0.172) (78 0.145) (95 -0.13) (82 0.116) (86 -0.112) (75 -0.106) (98 -0.0816) (67 -0.0746) (79 0.0732) (90 0.0719) (72 -0.0693) (84 -0.059) (45 0.0572) (96 -0.0537) (110 -0.0453) (39 0.0452) (112 0.0429) (93 0.0427) (85 -0.042) (74 0.0383) (106 -0.0368) (92 -0.0344) (107 0.0337) (42 0.0321) (41 0.0317) (109 -0.0316) (68 0.0313) (104 0.0309) (114 0.0303) (59 -0.0292) (66 0.0285) (105 -0.0276) (121 0.0251) (69 -0.0248) (124 0.0219) (55 -0.0216) (43 0.0199) (101 -0.0193) (76 -0.0183) (125 -0.0181) (53 -0.018) (46 -0.0169) (116 0.0168) (62 0.0164) (89 -0.0154) (100 -0.0133) (103 0.0132) (156 0.0128) (123 -0.0128) (99 -0.0115) (58 -0.0109) (113 0.0107) (111 0.0105) (49 0.0103) (19 -0.0101) (63 -0.0101) 
   0.0048668   (156 0.999) (44 0.035) (47 0.0304) (71 0.0116) 
    0.005092   (44 -0.648) (47 -0.519) (71 -0.441) (77 0.115) (70 -0.114) (39 0.111) (80 0.0913) (42 0.0844) (45 0.0807) (86 0.073) (81 -0.0665) (89 -0.0606) (78 -0.0595) (43 0.0566) (76 -0.0546) (156 0.0476) (67 0.0434) (85 0.0431) (79 -0.0421) (82 -0.0412) (107 -0.0386) (112 -0.0373) (106 0.037) (72 0.0366) (98 0.0364) (90 0.0344) (114 -0.033) (40 0.0317) (110 0.0304) (33 -0.0294) (115 0.0293) (84 0.0279) (51 0.0242) (109 0.0237) (96 0.0233) (13 -0.0215) (49 0.0214) (50 0.0211) (75 0.0208) (68 -0.0202) (104 -0.0187) (101 0.0178) (121 -0.0174) (124 -0.0167) (66 -0.0167) (105 0.016) (95 -0.0159) (88 0.0157) (125 0.0149) (99 0.0143) (38 -0.0141) (62 -0.0136) (31 -0.0136) (102 0.0132) (46 -0.0125) (74 -0.0122) (118 -0.0118) (22 0.0114) (55 0.0111) (116 -0.0106) 
   0.0051734   (17 -0.935) (16 0.316) (138 -0.145) (15 -0.0485) (13 0.0317) (8 -0.0199) (22 0.019) 
   0.0053459   (138 -0.989) (17 0.137) (16 -0.0464) 
   0.0054042   (8 1) (17 -0.0185) 
   0.0056243   (4 1) 
   0.0058394   (26 -0.701) (25 0.58) (136 -0.325) (23 0.136) (30 0.127) (14 0.101) (16 0.069) (24 -0.0586) (40 0.0508) (15 0.0474) (20 0.0299) (18 -0.0286) (79 -0.0277) (27 0.0266) (39 0.0229) (29 0.0228) (42 -0.021) (31 0.0202) (17 0.0201) (28 -0.0199) (19 0.0187) (43 0.0186) (35 -0.018) (22 -0.0179) (32 -0.0151) (21 0.0146) (41 0.0128) (51 -0.011) (34 0.0106) 
   0.0061934   (136 -0.946) (26 0.241) (25 -0.2) (23 -0.0467) (30 -0.0436) (14 -0.0347) (16 -0.0238) (24 0.0202) (40 -0.0174) (15 -0.0163) (20 -0.0103) 
   0.0064541   (15 0.666) (10 0.636) (16 -0.299) (14 0.184) (17 -0.136) (18 0.0574) (25 -0.0464) (23 -0.0393) (19 -0.0281) (24 0.0236) (21 0.0234) (40 0.0162) (79 -0.0109) (22 0.0107) 
   0.0068658   (142 0.999) (10 -0.0281) (15 0.0171) 
   0.0077743   (10 0.771) (15 -0.547) (16 0.251) (14 -0.145) (17 0.112) (18 -0.0496) (25 0.0418) (142 0.0343) (23 0.0338) (21 -0.0226) (24 -0.0222) (19 0.0213) (40 -0.016) (79 0.012) (22 -0.0114) (26 0.0103) 
   0.0081907   (11 0.925) (39 -0.341) (44 -0.0807) (13 -0.0622) (41 0.0604) (40 0.0559) (43 0.0557) (12 0.0509) (38 0.0343) (14 0.0244) (47 0.0241) (34 0.0239) (35 0.0208) (46 -0.0144) (29 -0.0141) (37 0.0131) (42 -0.0126) (54 -0.0121) 
   0.0084738   (140 0.998) (39 -0.0557) (11 -0.0252) (44 -0.0108) 
   0.0088376   (39 0.864) (11 0.366) (44 0.169) (40 -0.152) (41 -0.137) (43 -0.129) (38 -0.087) (140 0.0648) (34 -0.0592) (35 -0.0471) (47 -0.0423) (54 0.0421) (42 0.0368) (13 -0.0367) (46 0.034) (37 -0.0311) (29 0.0292) (22 0.0244) (12 0.0237) (33 -0.0223) (61 0.0194) (64 0.0177) (30 0.017) (59 -0.015) (21 -0.0148) (74 0.0118) (115 0.0116) (32 0.0107) (77 -0.0107) (53 -0.0105) (65 0.0105) (82 0.0104) 
   0.0094586   (12 -0.934) (29 -0.338) (13 -0.0654) (30 -0.0491) (11 0.0467) (32 0.0352) (39 0.016) (26 -0.0157) (66 -0.0155) (35 -0.0143) (14 0.014) (15 0.0119) (34 -0.0114) (33 -0.0114) 
     0.00972   (137 -0.96) (29 -0.255) (12 0.105) (30 -0.0366) (32 0.0233) (35 -0.0101) 

 Largest eigenvalues
      30.807   (163 0.298) (164 -0.942) 
        26.3   (41 0.765) (43 0.385) 
       15.68   (79 0.856) (80 0.213) 
      13.019   (114 -0.542) (115 0.619) 
      3.4508   (96 0.289) (121 -0.34) (124 -0.584) (125 0.417) 
      1.2245   (163 0.953) (164 0.295) 
      1.1675   (165 -0.998) 
      1.1481   (162 0.992) 
      1.1307   (88 0.924) (99 0.251) 
      1.1155   (99 -0.696) (101 0.368) (104 -0.287) (105 -0.382) 
      1.0705   (99 -0.431) (104 0.403) (106 -0.448) 
     0.99138   (113 -0.324) (116 0.633) (118 -0.422) 
     0.96361   (104 0.373) (106 0.524) (107 0.576) 
     0.90987   (100 0.743) (103 -0.403) 
     0.86376   (109 -0.358) (111 -0.381) (112 -0.37) (113 0.328) 
     0.80629   (109 0.362) (110 -0.321) (113 -0.374) (118 0.429) 
     0.67892   (109 -0.509) (110 0.454) 
      0.6693   (96 0.757) (100 -0.357) 
     0.65785   (114 -0.347) (126 -0.557) (132 -0.388) 
     0.60939   (112 -0.507) (113 -0.517) (114 0.414) 
     0.60728   (108 0.582) (111 -0.372) (112 0.288) (114 0.342) 
     0.58502   (108 -0.687) (111 -0.367) 
     0.58345   (123 0.429) (125 -0.363) (128 -0.533) 
     0.57993   (125 0.507) (126 0.527) (128 -0.445) 
     0.57383   (120 0.43) (121 0.435) (122 0.506) 
     0.55403   (119 -0.31) (120 -0.687) (122 0.318) 
     0.52849   (119 0.42) (121 -0.49) (123 -0.371) (127 -0.399) 
     0.49345   (119 -0.664) (122 -0.287) (132 0.331) 
     0.41748   (119 0.487) (121 0.315) (123 0.401) (125 0.32) (132 0.375) 
     0.40428   (91 -0.969) 
     0.33146   (121 -0.33) (122 0.335) (127 0.542) (132 0.409) 
     0.31122   (92 0.367) (93 0.855) 
       0.291   (93 -0.325) (103 0.601) (104 0.479) (105 -0.298) 
      0.2872   (102 -0.855) 
     0.27463   (98 -0.509) (122 -0.305) 
     0.23029   (86 -0.649) (98 0.326) 
     0.22964   (76 0.438) (77 -0.39) (98 0.565) 
     0.20538   (76 -0.448) (77 0.337) (86 0.612) 
      0.1674   (98 -0.381) (109 -0.253) (110 -0.435) 
      0.1467   (89 0.815) (90 -0.38) (95 0.299) 
     0.14471   (95 0.422) (97 -0.518) (106 0.291) (107 -0.327) 
     0.13083   (85 0.309) (95 -0.607) (107 -0.3) 
      0.1253   (85 -0.863) (90 -0.218) (97 0.215) 
     0.11364   (85 0.318) (87 0.353) (89 -0.372) (90 -0.526) (97 0.355) 
     0.10582   (71 0.392) (76 0.347) (80 0.501) (81 -0.318) (82 -0.312) 
     0.10345   (75 -0.335) (84 0.325) (87 -0.3) (97 0.329) 
    0.095558   (60 -0.247) (65 -0.209) (68 0.213) (69 0.327) (72 0.344) (74 -0.206) (75 0.273) (77 0.205) (80 -0.266) (82 0.212) (90 0.247) 
    0.091662   (59 0.269) (60 0.609) (65 0.254) (69 -0.226) (82 0.24) 
      0.0916   (60 -0.549) (69 -0.313) (72 -0.305) 
    0.087523   (65 -0.329) (69 0.291) (75 -0.267) (97 -0.308) 
    0.084454   (64 0.472) (65 0.44) (72 0.386) 
    0.081304   (64 -0.614) (69 -0.323) 
     0.07792   (61 -0.394) (64 0.385) (65 -0.512) 
    0.074867   (61 0.807) (72 -0.313) 
    0.072458   (61 -0.404) (65 0.48) (69 0.305) 
    0.069739   (65 -0.223) (72 0.38) (75 -0.221) (82 0.257) (115 -0.26) (116 -0.295) (118 -0.278) 
    0.067239   (72 -0.299) (74 -0.32) (75 0.316) (84 -0.281) 
    0.062702   (62 -0.331) (63 -0.459) (70 0.383) (74 0.295) (82 -0.318) 
    0.058325   (62 0.356) (63 0.545) (74 0.335) 
    0.057536   (63 -0.35) (70 -0.556) (75 -0.295) 
    0.054975   (66 -0.369) (70 0.269) (74 -0.45) (82 0.28) (84 0.309) (101 -0.307) 
    0.052691   (66 0.519) (74 0.29) (75 0.319) (82 0.287) (101 -0.301) 
    0.049743   (66 -0.551) (67 -0.34) (70 -0.345) (74 0.331) 
    0.047415   (84 -0.359) (87 -0.395) (117 0.352) 
    0.045824   (34 0.787) (35 0.504) 
     0.04363   (34 -0.271) (54 0.789) (117 0.204) 
    0.042577   (54 -0.396) (78 -0.392) (117 0.37) 
    0.040017   (56 0.48) (78 0.427) 
    0.034608   (53 -0.292) (56 -0.591) (78 0.389) 
    0.032978   (36 -0.8) (42 0.212) (43 0.213) (45 -0.234) 
    0.029548   (36 0.565) (42 0.3) (62 -0.299) 
    0.029446   (38 -0.401) (42 -0.26) (43 -0.321) (92 -0.434) 
    0.028379   (38 0.834) (92 -0.26) 
     0.02731   (38 -0.325) (62 0.495) (63 -0.363) 
    0.023273   (129 -0.911) 
    0.022416   (130 -0.578) (155 0.809) 
    0.020961   (130 -0.577) (155 -0.314) (161 0.754) 
    0.020417   (130 -0.577) (155 -0.496) (161 -0.648) 
    0.019201   (13 -0.984) 
    0.016696   (141 -0.999) 
