 1 55157.7
 2 647.088
 3 26.831
 4 177178
 5 510.212
 6 358.441
 7 529564
 8 41.5634
 9 16154.5
 10 2444.06
 11 4.21592
 12 1714.4
 13 283708
 14 3781.08
 15 0.84861
 16 348063
 17 3655.78
 18 8.74161
 19 122219
 20 2166.37
 21 401.831
 22 162214
 23 3275.49
 24 172.447
 25 259.695
 26 318.457
 27 20.3266
 28 2744.06
 29 252.354
 30 307.396
 31 518.084
 32 66.548
 33 1082.15
 34 218.391
 35 157.661
 36 422.783
 37 1524.39
 38 2988.65
 39 7.65753
 40 974.939
 41 4298.1
 42 2.05356
 43 686.36
 44 1491.9
 45 27.8255
 46 7388.51
 47 1072.32
 48 1473.28
 49 1877.97
 50 198.486
 51 359.675
 52 212.432
 53 2887.41
 54 307.132
 55 224.276
 56 307.248
 57 999.775
 58 91.4486
 59 154.737
 60 183.904
 61 22.239
 62 1.7602
 63 487.137
 64 306.225
 65 1.71422
 66 493.863
 67 3531.9
 68 196.024
 69 138555
 70 173949
 71 2192.47
 72 287.126
 73 17023.4
 74 25.184
 75 15871.6
 76 8241.21
 77 6.52224
 78 1949.93
 79 8475.98
 80 78.5822
 81 2755.95
 82 1584.01
 83 300.254
 84 2.80951
 85 137.782
 86 2.68135
 87 5166.71
 88 1.71621
 89 1.64233
 90 1.91521
 91 9.63654
 92 472.764
 93 1378.3
 94 925.877
 95 1725.82
 96 2002.64
 97 328.716
 98 284.912
 99 127.575
 100 822.672
 101 1461.43
 102 120.157
 103 154.792
 104 133.364
 105 130.516
 106 161.001
 107 164.845
 108 168.365
 109 123.121
 110 95.8397
 111 177.732
 112 204.411
 113 188.481
 114 171.624
 115 176.024
 116 139.738
 117 169.871
 118 190.107
 119 147.26
 120 84.5481
 121 121.782
 122 47.9087
 123 63.1299
 124 36.6403
 125 29.4188
 126 52.024
 127 26.9644
 128 89.12
 129 67.416
 130 60.4241
 131 20.3832
 132 20.9627
 133 22.4754
 134 36.276
 135 8.78953
 136 46.0107
 137 9.92813
 138 9.23602
 139 9.30093
 140 10.9473
 141 11.6336
 142 8.89386
 143 9.51479
 144 15.235
 145 15.2965
 146 12.7748
 147 10.4205
 148 30.1079
 149 16.422
 150 12.1405
 151 14.0914
 152 23.7326
 153 20.9927
 154 13.5711
 155 20.1709
 156 24.2349
 157 46.973
 158 0.244487
 159 0.0840097
 160 0.413573
 161 25.8917
 162 14.7522
 163 1149.93
 164 2477.25
 165 12.3786
