 1 31.6228
 2 22.1638
 3 1.87725
 4 31.6228
 5 16.0096
 6 11.5964
 7 31.6192
 8 1.01421
 9 31.4333
 10 29.574
 11 0.985477
 12 27.8882
 13 31.6228
 14 31.5821
 15 0.904399
 16 31.6228
 17 31.5384
 18 1.00132
 19 31.6228
 20 26.8001
 21 5.89155
 22 31.6228
 23 30.0691
 24 2.57193
 25 15.0932
 26 14.9663
 27 1.89069
 28 31.3415
 29 10.035
 30 12.0432
 31 21.6286
 32 2.6741
 33 27.8828
 34 14.3522
 35 6.98069
 36 16.7332
 37 31.4282
 38 31.5583
 39 1.3822
 40 24.3216
 41 31.0572
 42 1.29287
 43 21.6945
 44 28.7587
 45 1.86871
 46 31.5688
 47 13.4253
 48 19.9513
 49 30.4161
 50 13.5384
 51 14.3575
 52 9.04841
 53 30.6645
 54 16.3507
 55 9.26978
 56 11.7527
 57 29.3034
 58 8.92429
 59 9.12091
 60 10.1053
 61 4.39254
 62 1.31925
 63 21.2834
 64 16.1389
 65 0.970405
 66 21.1224
 67 30.0264
 68 3.09472
 69 31.6215
 70 31.6228
 71 28.1199
 72 5.03001
 73 31.6136
 74 1.35544
 75 31.57
 76 31.3456
 77 1.38656
 78 29.6592
 79 31.6033
 80 2.15122
 81 30.8364
 82 31.4143
 83 16.1275
 84 1.38574
 85 10.139
 86 1.40267
 87 31.3895
 88 1.10005
 89 1.04478
 90 1.24989
 91 2.45314
 92 18.1777
 93 26.9988
 94 21.1128
 95 28.2521
 96 30.1164
 97 16.4166
 98 14.8873
 99 9.09694
 100 25.6464
 101 30.1778
 102 9.74138
 103 11.677
 104 10.7432
 105 10.7311
 106 12.2489
 107 12.3133
 108 12.3994
 109 10.2259
 110 8.27933
 111 12.6019
 112 13.9269
 113 13.2942
 114 12.5304
 115 12.4931
 116 10.6697
 117 12.1802
 118 13.1156
 119 11.3957
 120 8.45459
 121 10.6385
 122 6.69038
 123 7.69229
 124 5.50629
 125 5.12286
 126 6.88839
 127 4.51841
 128 8.76509
 129 7.33967
 130 7.14876
 131 4.11941
 132 4.4475
 133 4.57266
 134 5.84595
 135 2.6736
 136 6.68137
 137 2.88995
 138 2.83618
 139 2.84704
 140 3.07848
 141 3.0403
 142 2.67348
 143 2.8012
 144 3.69693
 145 3.76218
 146 3.38113
 147 2.90597
 148 5.18425
 149 3.80358
 150 3.26693
 151 3.52196
 152 4.7147
 153 4.36835
 154 3.51564
 155 4.37201
 156 4.81647
 157 6.77296
 158 0.180738
 159 0.217287
 160 0.271187
 161 3.71312
 162 3.39489
 163 15.8339
 164 27.2778
 165 0.571084
