 1 1000
 2 516.731
 3 21.589
 4 1000
 5 412.858
 6 290.091
 7 999.831
 8 3.35419
 9 992.089
 10 884.037
 11 2.38259
 12 790.511
 13 1000
 14 997.868
 15 0.825558
 16 1000
 17 996.949
 18 3.01749
 19 1000
 20 840.786
 21 156.596
 22 1000
 23 948.74
 24 50.6893
 25 239.805
 26 253.639
 27 16.2994
 28 985.612
 29 201.278
 30 246.461
 31 488.577
 32 51.9023
 33 840.184
 34 211.767
 35 140.785
 36 375.666
 37 989.073
 38 997.714
 39 3.63328
 40 604.615
 41 968.858
 42 1.75219
 43 496.479
 44 860.74
 45 16.5123
 46 997.98
 47 392.142
 48 609.796
 49 939.086
 50 196.068
 51 291.323
 52 172.676
 53 952.034
 54 274.351
 55 165.044
 56 221.888
 57 893.697
 58 90.2994
 59 145.873
 60 172.504
 61 21.9712
 62 1.75849
 63 465.476
 64 304.315
 65 1.70738
 66 487.868
 67 947.08
 68 55.0163
 69 999.955
 70 1000
 71 883
 72 116.886
 73 999.583
 74 3.04642
 75 998.092
 76 983.467
 77 3.66768
 78 884.27
 79 999.149
 80 25.5394
 81 972.722
 82 990.186
 83 277.018
 84 2.70038
 85 107.583
 86 2.41728
 87 989.919
 88 1.71601
 89 1.64231
 90 1.91498
 91 8.81923
 92 404.402
 93 818.459
 94 556.224
 95 853.806
 96 935.712
 97 313.424
 98 273.352
 99 126.343
 100 702.054
 101 931.149
 102 116.077
 103 152.1
 104 132.184
 105 129.736
 106 160.4
 107 164.116
 108 167.471
 109 122.205
 110 94.0408
 111 176.645
 112 203.526
 113 187.845
 114 171.227
 115 175.571
 116 138.976
 117 169.344
 118 189.821
 119 146.799
 120 83.5611
 121 121.196
 122 47.4902
 123 61.7134
 124 36.2681
 125 28.8025
 126 51.6483
 127 25.6967
 128 86.6682
 129 66.2713
 130 59.4976
 131 20.0746
 132 20.7224
 133 22.145
 134 35.3054
 135 8.55164
 136 45.6355
 137 9.61621
 138 8.97549
 139 9.05303
 140 10.4346
 141 10.9141
 142 8.49799
 143 9.10264
 144 14.8016
 145 15.029
 146 12.4682
 147 9.91863
 148 28.9177
 149 15.8146
 150 11.8654
 151 13.7947
 152 23.2757
 153 20.1291
 154 13.2059
 155 19.8566
 156 24.0337
 157 46.7381
 158 0.202899
 159 0.0808475
 160 0.367722
 161 21.2383
 162 14.0196
 163 324.255
 164 805.609
 165 7.57562
