 Smallest eigenvalues
  1.8398e-06   (9 1) 
   2.873e-06   (48 -0.665) (49 -0.474) (42 -0.251) (51 0.235) (52 -0.208) (154 -0.195) (53 0.161) (46 0.129) (78 0.121) (47 -0.114) (14 0.108) (44 0.0854) (55 -0.0839) (54 0.0817) (13 -0.0674) (33 -0.0594) (61 -0.0592) (56 0.0467) (38 0.0417) (24 0.0396) (45 -0.0395) (34 0.038) (25 -0.0377) (40 0.0341) (36 0.0311) (71 -0.0253) (17 -0.0252) (73 -0.0221) (29 0.0188) (50 -0.0186) (59 -0.0185) (68 0.0185) (37 -0.0176) (43 -0.0174) (60 -0.017) (79 -0.0152) (27 -0.0148) (57 0.0144) (28 -0.0139) (84 0.0132) (21 -0.0122) (72 0.0119) (76 -0.0113) (88 0.0112) (39 0.0111) (77 -0.0106) (81 -0.0103) (35 -0.0101) 
  3.5247e-06   (154 -0.981) (48 0.133) (49 0.0945) (42 0.0502) (51 -0.0467) (52 0.0413) (53 -0.032) (46 -0.0258) (78 -0.0236) (47 0.0226) (14 -0.0216) (44 -0.0171) (55 0.0167) (54 -0.0162) (13 0.0135) (33 0.0119) (61 0.0117) 
   5.644e-06   (4 1) 
  5.7488e-06   (148 0.642) (44 -0.515) (42 -0.396) (46 -0.256) (45 -0.162) (43 -0.132) (48 0.113) (14 0.0902) (47 -0.0731) (78 0.0698) (33 -0.0615) (13 -0.0567) (34 0.0439) (24 0.0424) (40 0.0403) (51 -0.0389) (36 0.038) (38 0.0371) (25 -0.0366) (37 -0.0286) (26 0.0267) (53 -0.0236) (56 0.0223) (17 -0.0221) (55 -0.0209) (52 -0.0203) (77 -0.0198) (61 -0.0187) (71 -0.0153) (16 0.0152) (50 0.0136) (73 -0.0125) (27 -0.0109) (60 -0.0105) 
  6.1647e-06   (148 0.767) (44 0.432) (42 0.332) (46 0.215) (45 0.136) (43 0.11) (48 -0.0944) (14 -0.0756) (47 0.0612) (78 -0.0583) (33 0.0515) (13 0.0475) (34 -0.0368) (24 -0.0355) (40 -0.0338) (51 0.0326) (36 -0.0319) (38 -0.0311) (25 0.0306) (37 0.0239) (26 -0.0224) (53 0.0197) (56 -0.0187) (17 0.0185) (55 0.0175) (52 0.017) (77 0.0165) (61 0.0157) (71 0.0128) (16 -0.0127) (50 -0.0114) (73 0.0105) 
   7.214e-06   (1 -0.987) (28 -0.108) (30 -0.0632) (29 -0.044) (33 0.0417) (26 0.0337) (34 -0.0331) (24 0.0315) (27 -0.0303) (25 -0.0301) (14 0.018) (36 -0.0158) (42 0.0132) (31 -0.0108) (37 0.0105) 
   8.182e-06   (156 0.999) (28 -0.0323) (30 -0.019) (29 -0.0133) (33 0.0123) (26 0.0103) (24 0.0103) 
   1.813e-05   (28 0.646) (30 0.381) (29 0.267) (33 -0.246) (26 -0.206) (24 -0.206) (34 0.199) (25 0.187) (14 -0.18) (27 0.18) (1 -0.16) (13 0.118) (36 0.0899) (42 -0.0731) (31 0.0666) (37 -0.0649) (156 0.0499) (78 -0.0492) (16 -0.0486) (21 0.043) (17 0.0427) (20 -0.0423) (35 -0.0332) (48 -0.0308) (39 0.0259) (32 0.0234) (38 0.0196) (15 -0.0147) (79 0.0147) (55 0.0146) (77 0.014) (46 -0.0133) (19 -0.0131) (40 0.0125) (43 0.0119) (56 -0.0118) (12 -0.0116) (53 0.0114) (61 0.0114) (50 -0.0113) (71 0.0111) (22 -0.011) (47 0.0106) (73 0.0106) 
  3.5145e-05   (19 -0.636) (20 -0.458) (46 -0.328) (44 0.327) (42 -0.27) (45 0.184) (22 -0.094) (28 -0.0889) (47 0.0888) (43 0.0834) (48 0.0801) (16 0.0696) (17 -0.0656) (78 0.0545) (14 0.0422) (37 0.0323) (31 0.0316) (39 0.0273) (29 0.0267) (50 0.0256) (30 0.0252) (74 -0.0251) (32 -0.0235) (53 -0.0232) (38 0.0231) (34 0.0226) (33 -0.0203) (13 -0.0199) (72 0.019) (68 0.0177) (63 -0.0159) (40 0.0155) (67 -0.0149) (23 0.0148) (61 -0.0147) (35 -0.0145) (52 -0.0133) (56 0.0125) (71 -0.0118) (55 -0.0115) (79 0.0108) 
  0.00010663   (158 -0.999) (19 0.0207) (44 0.0186) (46 -0.0179) (20 0.0156) (42 -0.0146) (45 0.0109) 
  0.00010843   (19 -0.463) (44 -0.433) (46 0.417) (20 -0.349) (42 0.34) (45 -0.254) (43 -0.166) (48 -0.139) (47 -0.129) (78 -0.0823) (14 -0.0817) (22 -0.0788) (24 -0.0687) (13 0.0559) (33 0.0544) (34 -0.0528) (25 0.0505) (26 -0.0442) (158 -0.0435) (36 -0.0434) (28 -0.0374) (40 -0.034) (37 0.0329) (61 0.0329) (38 -0.0324) (32 -0.0323) (55 0.0312) (41 -0.0303) (56 -0.0292) (16 0.0264) (50 -0.0246) (17 -0.0241) (77 0.0227) (74 0.0226) (49 0.0196) (72 -0.0179) (68 -0.0177) (71 0.0175) (29 0.0171) (35 -0.0171) (53 0.016) (67 0.0147) (81 0.0134) (66 -0.0125) (63 0.0124) (39 0.0123) (76 -0.012) (57 0.0115) 
  0.00011863   (3 1) 
  0.00012992   (22 0.623) (24 -0.369) (14 0.334) (20 -0.292) (25 0.289) (17 -0.218) (13 -0.195) (21 -0.184) (19 0.151) (23 -0.128) (33 0.094) (29 -0.0852) (42 0.0549) (26 -0.051) (32 0.0481) (34 -0.0465) (38 -0.0421) (36 -0.0386) (46 -0.0326) (30 0.0315) (11 0.0233) (27 0.0233) (43 0.0216) (40 -0.0214) (16 -0.0209) (12 0.0192) (37 0.0185) (78 0.0179) (18 -0.0148) (57 0.0132) (51 -0.0115) (15 0.0108) (45 0.0107) (44 -0.0105) (47 -0.0101) 
  0.00019104   (159 1) 
  0.00021659   (2 -1) 
  0.00024354   (21 0.847) (14 0.268) (22 -0.228) (17 -0.219) (24 -0.194) (25 0.158) (13 -0.156) (33 0.0683) (23 0.0542) (19 0.0527) (16 0.0468) (157 0.0463) (26 -0.0401) (29 -0.0372) (42 0.0314) (30 0.0289) (34 -0.0276) (36 -0.0255) (20 0.0242) (11 0.019) (38 -0.0184) (78 0.016) (15 0.015) (12 0.0146) (40 -0.0144) (37 0.0133) (46 -0.0127) (47 -0.0125) (28 -0.0114) (31 -0.0109) (48 0.0103) 
  0.00027301   (157 0.999) (21 -0.0393) (14 -0.0125) (22 0.0106) (17 0.0101) 
  0.00028771   (8 1) 
  0.00030462   (26 -0.616) (27 0.505) (150 -0.395) (25 -0.264) (24 0.2) (14 0.145) (33 0.127) (30 0.0906) (13 -0.0898) (28 -0.0835) (34 -0.0832) (32 -0.0829) (17 -0.0646) (36 -0.0566) (16 0.0491) (37 0.0483) (20 0.0479) (51 0.0443) (35 0.0361) (48 0.0338) (21 -0.0311) (22 0.031) (42 0.0284) (31 0.0271) (47 0.0261) (78 0.0216) (15 0.0171) (19 -0.017) (53 0.0146) (75 -0.0133) (23 0.0117) (52 -0.0116) (40 -0.0114) (44 -0.0109) (38 -0.0106) 
  0.00031196   (150 -0.919) (26 0.265) (27 -0.217) (25 0.113) (24 -0.0858) (14 -0.0625) (33 -0.0545) (30 -0.039) (13 0.0386) (28 0.0359) (34 0.0358) (32 0.0357) (17 0.0278) (36 0.0244) (16 -0.0211) (37 -0.0208) (20 -0.0206) (51 -0.019) (35 -0.0155) (48 -0.0145) (21 0.0134) (22 -0.0133) (42 -0.0122) (31 -0.0116) (47 -0.0112) 
  0.00032484   (6 -1) 
  0.00033066   (22 -0.566) (21 -0.431) (25 0.321) (20 0.302) (24 -0.29) (14 0.23) (153 -0.223) (23 -0.175) (17 -0.171) (13 -0.131) (16 0.0814) (19 -0.0806) (33 0.0739) (32 -0.0673) (34 -0.0489) (26 -0.0388) (27 0.0347) (15 0.0327) (30 0.0312) (36 -0.0272) (28 -0.0268) (78 0.0238) (37 0.0235) (48 0.0208) (39 0.0207) (42 0.0183) (35 0.0172) (73 -0.0151) (51 0.0142) (12 0.0131) (56 0.0102) 
  0.00035413   (153 -0.975) (22 0.129) (21 0.0985) (25 -0.0734) (20 -0.0692) (24 0.0663) (14 -0.0527) (23 0.04) (17 0.039) (13 0.0299) (16 -0.0186) (19 0.0184) (33 -0.0169) (32 0.0154) (34 0.0112) 
   0.0003638   (73 -0.648) (57 -0.456) (61 0.276) (71 -0.205) (70 0.203) (74 -0.168) (65 0.165) (78 -0.156) (52 0.133) (66 -0.132) (42 -0.103) (46 0.0985) (43 -0.0842) (51 0.0838) (60 0.0823) (62 -0.0813) (59 0.0802) (56 0.0728) (55 -0.0701) (32 -0.0635) (69 -0.0502) (77 0.0471) (79 0.0451) (44 0.0428) (38 0.0398) (20 -0.0394) (16 -0.0391) (54 -0.0366) (72 0.035) (50 0.0309) (19 0.0297) (48 0.0296) (47 0.027) (41 0.0257) (89 -0.0237) (40 0.0235) (68 -0.0231) (122 0.0229) (84 0.0212) (45 -0.0205) (29 0.0194) (28 -0.0189) (100 0.0176) (115 0.0169) (37 -0.0164) (104 0.0162) (88 0.0161) (63 0.016) (14 0.0156) (126 0.0146) (25 0.0138) (114 0.0136) (13 -0.0118) (120 0.0117) (99 -0.0116) (152 -0.0111) (123 -0.0101) (58 0.01) (127 0.01) 
  0.00041887   (73 0.648) (57 -0.402) (61 0.267) (152 -0.234) (65 0.21) (70 0.173) (66 -0.17) (42 -0.142) (46 0.137) (74 0.133) (59 0.125) (52 0.115) (43 -0.104) (68 -0.0898) (62 -0.085) (49 0.0816) (51 0.0788) (56 0.0763) (47 0.0709) (32 -0.0677) (14 0.0663) (71 0.0658) (44 0.0581) (54 -0.0542) (38 0.0525) (53 -0.0492) (39 0.0462) (13 -0.0432) (72 -0.0428) (16 -0.0396) (33 -0.0376) (69 0.0363) (19 0.0359) (45 -0.0352) (41 0.0335) (60 0.033) (120 0.0314) (29 0.0307) (20 -0.0307) (48 -0.029) (79 -0.0286) (40 0.0276) (28 -0.0265) (78 0.0257) (55 -0.0248) (37 -0.0223) (84 0.0213) (122 -0.0186) (63 0.0183) (121 -0.0182) (115 0.0182) (89 -0.0181) (50 0.0166) (125 -0.0163) (127 0.016) (34 0.0146) (36 0.0144) (21 -0.0129) (30 -0.0129) (136 0.0127) (99 -0.0121) (114 0.0121) (126 -0.0119) (131 -0.0118) (67 0.0114) (88 0.011) (118 0.0109) (17 -0.0109) (58 0.0102) (104 0.0101) 
  0.00044345   (152 -0.972) (73 -0.148) (57 0.102) (61 -0.0674) (65 -0.0523) (70 -0.0436) (66 0.0422) (42 0.0357) (46 -0.0344) (59 -0.0311) (74 -0.0302) (52 -0.0295) (43 0.0263) (68 0.0218) (62 0.0214) (51 -0.0201) (49 -0.0197) (56 -0.0193) (47 -0.0175) (32 0.0174) (14 -0.0163) (44 -0.0146) (71 -0.0136) (54 0.0135) (38 -0.0133) (53 0.012) (39 -0.0113) (13 0.0107) (16 0.0102) 
  0.00047714   (24 0.697) (25 0.691) (54 0.0723) (52 0.067) (55 0.0634) (23 -0.0509) (53 -0.0491) (22 0.0462) (56 -0.0423) (26 -0.0372) (14 0.0369) (57 0.0349) (51 0.0348) (20 -0.0327) (46 0.0322) (13 -0.0313) (49 0.029) (21 0.0269) (27 0.0244) (29 0.0238) (16 0.0212) (39 0.0209) (47 0.0205) (43 -0.0188) (78 0.016) (42 -0.0157) (32 -0.0146) (48 -0.0136) (17 -0.0132) (44 0.0119) (61 -0.0105) 
  0.00048607   (147 0.743) (52 0.306) (54 0.297) (55 0.271) (56 -0.192) (53 -0.184) (51 0.163) (57 0.128) (42 -0.12) (46 0.11) (49 0.0874) (25 -0.0856) (43 -0.0848) (24 -0.0669) (47 0.065) (48 -0.0509) (44 0.0502) (14 0.0489) (61 -0.0471) (32 -0.0374) (73 -0.0368) (33 -0.0329) (38 0.0322) (13 -0.03) (78 0.0287) (45 -0.0283) (60 -0.0234) (40 0.022) (16 -0.0199) (41 0.0196) (39 0.0185) (19 0.0175) (37 -0.0174) (71 -0.0164) (28 -0.0164) (34 0.0163) (36 0.0155) (23 0.0133) (62 0.0124) (50 -0.0124) (29 0.0115) (26 0.0107) (20 -0.0101) 
  0.00049384   (147 0.67) (52 -0.339) (54 -0.329) (55 -0.301) (56 0.213) (53 0.204) (51 -0.181) (57 -0.142) (42 0.133) (46 -0.122) (49 -0.097) (43 0.0941) (25 0.0914) (47 -0.0722) (24 0.0706) (48 0.0565) (44 -0.0557) (14 -0.0545) (61 0.0522) (32 0.0416) (73 0.0409) (33 0.0365) (38 -0.0358) (13 0.0334) (78 -0.0318) (45 0.0315) (60 0.0259) (40 -0.0244) (16 0.022) (41 -0.0218) (39 -0.0206) (19 -0.0194) (37 0.0193) (71 0.0182) (28 0.0181) (34 -0.018) (36 -0.0172) (23 -0.0145) (62 -0.0137) (50 0.0137) (29 -0.0129) (26 -0.0117) (20 0.0113) (65 0.0103) 
  0.00049581   (54 -0.624) (53 0.395) (39 -0.367) (55 0.358) (52 0.295) (57 0.168) (42 -0.145) (40 0.114) (51 0.0989) (43 -0.0815) (46 0.0706) (49 0.0536) (78 0.0451) (56 0.0436) (44 0.0414) (48 -0.0385) (33 0.0362) (61 -0.0344) (47 0.0332) (60 -0.0308) (38 -0.0269) (36 -0.0268) (45 -0.0254) (71 -0.0249) (34 -0.0209) (70 0.0208) (151 -0.0173) (25 0.0169) (20 -0.0165) (37 0.015) (73 -0.0146) (41 0.0127) (69 -0.0118) (77 -0.0118) (59 0.0111) 
  0.00052806   (151 -0.972) (39 0.202) (54 -0.057) (40 -0.0505) (53 0.0327) (33 -0.0321) (38 0.0286) (55 0.0274) (52 0.0272) (42 0.0227) (37 -0.0213) (14 0.0206) (34 0.02) (36 0.0184) (32 -0.0181) (57 0.0162) (25 -0.013) (13 -0.0124) (51 0.0116) (49 -0.0116) (48 0.0115) (78 0.0114) 
  0.00058812   (39 -0.81) (54 0.283) (151 -0.234) (40 0.201) (53 -0.165) (55 -0.14) (52 -0.135) (33 0.13) (38 -0.117) (37 0.0872) (14 -0.0852) (42 -0.0835) (34 -0.0815) (57 -0.0795) (32 0.0754) (36 -0.0744) (51 -0.0557) (25 0.0526) (13 0.0516) (78 -0.0508) (48 -0.045) (49 0.0444) (28 0.0383) (73 0.0383) (24 -0.0332) (56 -0.0287) (23 -0.0283) (61 0.0257) (47 0.0252) (19 -0.0239) (26 -0.0236) (35 0.0213) (71 0.02) (60 0.0174) (27 0.017) (16 0.016) (43 -0.0144) (77 0.0132) (50 -0.0126) (44 0.0117) (17 0.0116) (79 0.0115) (69 0.0112) (20 0.0108) (65 0.0108) (68 -0.01) 
  0.00058971   (70 -0.811) (71 0.44) (57 -0.26) (52 0.12) (49 -0.119) (51 0.0932) (73 -0.0805) (61 0.0789) (48 0.0768) (68 0.0479) (42 -0.0418) (69 0.0402) (43 -0.0366) (74 -0.0357) (32 -0.0344) (46 0.0327) (60 0.0324) (149 0.0308) (54 -0.0298) (84 0.0295) (50 0.0291) (20 -0.0268) (75 -0.0241) (47 -0.0231) (59 0.0223) (16 -0.0219) (38 0.0212) (56 0.0199) (125 -0.0197) (62 -0.0189) (65 0.0179) (88 0.0177) (40 0.0176) (89 -0.016) (120 0.0159) (39 -0.0158) (19 0.0156) (44 0.0151) (127 0.0147) (76 0.0142) (100 0.0139) (104 0.0127) (41 0.0124) (97 -0.0123) (123 -0.0122) (79 -0.012) (28 -0.0116) (77 0.0115) (122 0.0111) (37 -0.0111) (114 0.0108) (126 0.0107) 
  0.00061188   (149 0.854) (49 0.369) (48 -0.181) (51 -0.136) (52 -0.122) (47 0.119) (42 -0.101) (46 0.0833) (55 -0.0812) (43 -0.0605) (70 -0.0599) (73 -0.0528) (53 0.0516) (39 0.0467) (50 -0.0464) (44 0.043) (14 0.0366) (45 -0.0362) (78 0.0315) (32 -0.0264) (33 -0.0233) (13 -0.0223) (38 0.0222) (61 -0.0222) (54 -0.0198) (57 0.0193) (65 -0.0164) (59 -0.0163) (68 0.0158) (28 -0.0151) (66 0.0149) (41 0.0143) (19 0.014) (37 -0.0133) (16 -0.0127) (34 0.0123) (25 -0.0123) (79 -0.0117) (23 0.0115) (29 0.0104) 
   0.0006265   (49 -0.601) (149 0.519) (48 0.293) (51 0.218) (47 -0.194) (52 0.194) (42 0.17) (70 0.147) (46 -0.139) (55 0.134) (43 0.102) (73 0.0921) (53 -0.0846) (39 -0.0759) (50 0.0747) (44 -0.0719) (14 -0.0607) (45 0.0601) (78 -0.0524) (32 0.0459) (71 -0.0412) (33 0.0385) (38 -0.0381) (13 0.0372) (54 0.0346) (61 0.0319) (68 -0.029) (65 0.026) (28 0.0257) (59 0.0256) (66 -0.0248) (41 -0.0243) (19 -0.0242) (37 0.0227) (16 0.0224) (34 -0.0203) (79 0.0201) (25 0.0197) (23 -0.0187) (29 -0.0176) (57 -0.0157) (36 -0.0156) (40 -0.0147) (62 -0.0126) (74 0.0126) (77 0.012) (56 0.0117) (120 -0.0112) (72 -0.0109) (30 0.0104) 
  0.00068187   (38 0.864) (20 -0.209) (39 -0.202) (23 0.184) (19 0.16) (40 -0.152) (42 0.127) (22 -0.125) (16 -0.102) (32 -0.088) (43 0.0857) (46 -0.0722) (37 -0.0713) (41 -0.0651) (21 -0.0584) (14 0.0451) (36 -0.0395) (44 -0.0363) (52 -0.0342) (57 0.0327) (13 -0.031) (51 -0.0237) (33 0.0178) (25 0.0174) (34 -0.0164) (55 0.0162) (47 -0.016) (48 -0.0141) (45 0.0137) (56 -0.0137) (29 0.0122) (15 -0.0119) (78 -0.0114) 
  0.00080308   (23 0.539) (20 -0.442) (19 0.342) (22 -0.34) (38 -0.337) (32 0.223) (21 -0.18) (16 -0.146) (14 0.127) (28 0.107) (29 -0.0944) (24 0.0852) (13 -0.0808) (37 0.049) (143 0.0431) (33 0.0389) (25 -0.0357) (40 0.0356) (30 0.0353) (39 0.0318) (17 -0.0307) (26 0.0215) (42 0.0206) (18 -0.0202) (15 -0.0142) (11 0.0133) (49 -0.0112) (48 0.0108) 
  0.00084641   (143 0.999) (23 -0.0242) (20 0.0202) (19 -0.0156) (22 0.0153) (141 -0.0104) (38 0.0101) 
  0.00090705   (46 0.409) (48 0.399) (49 -0.335) (52 -0.321) (51 -0.285) (16 -0.279) (43 -0.26) (47 0.25) (42 -0.235) (44 0.143) (57 0.141) (55 0.0935) (56 -0.0928) (32 -0.0894) (41 0.0877) (17 0.087) (14 0.0712) (50 0.0636) (45 -0.0633) (53 0.0566) (38 0.0515) (78 -0.0493) (13 -0.0448) (25 0.0305) (40 0.0298) (39 0.0287) (24 -0.0249) (54 0.024) (29 0.0234) (61 -0.0233) (36 -0.0215) (19 -0.0202) (28 -0.0198) (37 -0.0162) (34 -0.0151) (77 0.0149) (60 -0.0144) (26 -0.0138) (70 0.0132) (15 -0.0131) (84 0.0124) (21 0.0118) (20 -0.0109) 
   0.0011262   (16 -0.798) (17 0.298) (19 -0.256) (14 0.226) (20 0.183) (46 -0.136) (13 -0.134) (32 0.113) (42 0.107) (48 -0.103) (43 0.0957) (49 0.083) (47 -0.0766) (52 0.075) (51 0.0662) (29 -0.0545) (44 -0.0505) (28 0.0419) (38 -0.0393) (41 -0.0356) (21 0.0334) (23 -0.0329) (15 -0.0294) (39 -0.0282) (57 -0.0273) (33 0.0268) (22 0.0248) (45 0.0245) (55 -0.0225) (18 0.0219) (11 0.0218) (56 0.0209) (37 0.0198) (50 -0.0186) (30 0.0178) (24 0.0166) (40 -0.0164) (78 0.0139) 
   0.0012644   (146 -1) (136 0.0123) 
   0.0013911   (55 -0.679) (56 -0.368) (32 -0.315) (52 0.272) (57 0.24) (54 -0.178) (36 0.175) (33 -0.164) (51 0.14) (28 -0.0802) (39 -0.0775) (37 0.0753) (29 0.0695) (48 0.0685) (16 -0.0664) (20 -0.0646) (19 0.0595) (50 0.0568) (46 0.0539) (38 -0.0525) (78 -0.0471) (49 -0.0456) (35 -0.0355) (43 -0.033) (14 0.0306) (30 -0.0299) (61 -0.0274) (53 -0.0261) (60 -0.0224) (72 0.0206) (13 -0.02) (73 0.0183) (44 0.0163) (71 0.0155) (70 0.0155) (139 0.0154) (24 -0.0152) (79 0.015) (25 0.0137) (68 -0.0131) (23 0.0126) (26 -0.0125) (15 -0.0113) (77 0.0107) (34 0.0105) 
   0.0015023   (32 -0.553) (36 0.399) (33 -0.363) (55 0.315) (37 0.186) (38 -0.171) (42 0.167) (52 -0.166) (56 0.157) (39 -0.157) (28 -0.137) (139 0.124) (29 0.115) (43 0.104) (51 -0.0964) (46 -0.0939) (54 0.0847) (57 -0.0827) (14 0.0762) (35 -0.0762) (19 0.0752) (16 -0.0657) (20 -0.0634) (41 -0.0577) (30 -0.0575) (13 -0.0499) (44 -0.0411) (40 -0.0406) (34 0.04) (23 0.0281) (47 -0.0248) (50 -0.0243) (78 0.0241) (48 -0.0209) (45 0.02) (53 0.0191) (73 -0.0169) (27 -0.0115) (26 -0.0106) 
   0.0015379   (139 0.992) (32 0.0744) (36 -0.0526) (33 0.048) (136 0.0332) (55 -0.0287) (37 -0.0244) (38 0.0221) (39 0.0208) (42 -0.0206) (28 0.0184) (52 0.0162) (29 -0.0155) (56 -0.0139) (43 -0.0123) (46 0.0107) (19 -0.0105) (35 0.0101) (14 -0.0101) 
   0.0015632   (13 -0.814) (14 -0.453) (36 -0.29) (33 -0.164) (34 0.0868) (29 0.0628) (134 -0.0358) (35 0.0347) (37 0.0333) (15 -0.0315) (38 -0.0287) (30 -0.0287) (32 -0.0272) (42 0.0261) (28 -0.0242) (12 0.0207) (11 0.0176) (39 -0.0141) (72 -0.0137) (45 0.0118) (40 -0.0108) (17 -0.01) 
   0.0017587   (134 -0.78) (36 -0.456) (33 -0.265) (13 0.184) (14 0.181) (34 0.142) (29 0.0886) (35 0.0526) (32 -0.0497) (37 0.0469) (30 -0.0429) (38 -0.0427) (28 -0.0408) (42 0.0399) (39 -0.0302) (24 0.0198) (25 -0.0187) (40 -0.0174) (19 0.0163) (45 0.0144) (17 -0.0142) (53 0.0127) (15 0.0113) (18 -0.0105) 
   0.0018635   (134 -0.624) (36 0.586) (33 0.341) (14 -0.2) (13 -0.184) (34 -0.182) (29 -0.114) (35 -0.0677) (32 0.0637) (37 -0.0605) (30 0.0552) (38 0.055) (28 0.0524) (42 -0.0513) (39 0.0385) (24 -0.0244) (25 0.0237) (40 0.0224) (19 -0.0205) (45 -0.0187) (17 0.0183) (53 -0.0161) (18 0.0134) (26 -0.0126) (15 -0.0124) (51 0.0123) (46 0.0122) (44 0.0118) (78 -0.0117) (54 -0.0115) (48 -0.0113) 
   0.0019935   (29 0.77) (30 -0.35) (32 0.309) (53 0.218) (28 -0.195) (36 0.137) (54 0.13) (52 0.087) (33 0.0821) (31 0.0778) (51 -0.0733) (27 0.071) (50 -0.0703) (24 -0.066) (71 -0.0589) (26 -0.0526) (19 0.0503) (69 -0.0459) (16 -0.043) (25 0.0419) (68 0.0385) (46 -0.0357) (48 0.0315) (70 -0.031) (20 -0.0287) (37 -0.0275) (55 -0.0269) (35 0.0268) (40 -0.0263) (74 0.0243) (73 0.0219) (72 0.0213) (61 0.0198) (42 0.0186) (45 0.0181) (47 -0.0173) (56 -0.0161) (78 -0.0158) (130 0.0156) (62 -0.0155) (65 -0.0146) (57 -0.0145) (49 -0.0139) (15 0.0134) (41 0.0103) 
   0.0020461   (71 -0.552) (69 -0.404) (68 0.395) (70 -0.28) (130 0.226) (74 0.223) (53 -0.187) (78 -0.174) (72 0.143) (73 0.138) (54 -0.116) (51 0.0892) (65 -0.0889) (77 -0.0857) (67 -0.0771) (59 -0.0753) (57 -0.0749) (46 0.0703) (63 -0.0592) (131 0.0583) (56 0.0538) (83 -0.0476) (43 0.0455) (42 -0.0449) (80 -0.0434) (66 0.0424) (60 0.0416) (75 0.0346) (52 -0.0325) (81 0.0297) (87 0.0269) (61 -0.0266) (32 -0.0263) (86 -0.025) (115 -0.024) (79 0.0233) (41 0.0227) (29 -0.0193) (48 0.0173) (50 0.0172) (76 0.0162) (45 -0.0155) (40 0.0154) (58 -0.0152) (96 0.0146) (118 -0.0134) (89 -0.0123) (16 -0.0119) (100 0.0119) (33 -0.0116) (36 -0.0112) (132 -0.0106) (38 0.0103) 
   0.0022804   (130 0.539) (53 -0.529) (54 -0.326) (29 0.205) (50 0.19) (71 0.188) (52 -0.181) (69 0.161) (131 0.146) (51 0.145) (68 -0.108) (70 0.0965) (30 -0.0863) (61 -0.085) (73 -0.0816) (74 -0.0803) (32 0.0754) (55 0.072) (43 0.0708) (72 -0.0705) (132 -0.0699) (46 0.0621) (56 0.0596) (28 -0.0544) (48 -0.0532) (62 0.0496) (57 0.0468) (78 0.0448) (45 -0.0417) (65 0.0352) (42 -0.0317) (49 0.0307) (81 -0.0268) (47 0.0264) (84 -0.0253) (19 0.0239) (35 0.0235) (59 -0.0229) (24 -0.0229) (31 0.0223) (27 0.0222) (60 -0.0204) (36 0.0197) (16 -0.0195) (67 0.0193) (77 0.017) (90 0.0169) (63 0.0156) (75 -0.0155) (120 -0.0151) (14 0.0146) (26 -0.0142) (80 0.0134) (88 0.0115) (114 -0.0111) (25 0.011) (66 0.011) (20 -0.0105) 
   0.0023617   (130 0.752) (53 0.425) (54 0.262) (131 0.221) (29 -0.155) (50 -0.138) (52 0.136) (51 -0.127) (132 -0.124) (61 0.0675) (30 0.0657) (46 -0.0643) (43 -0.0636) (56 -0.0578) (32 -0.0518) (55 -0.0475) (28 0.0425) (68 -0.0399) (59 0.0384) (42 0.0355) (45 0.0338) (48 0.0318) (62 -0.0318) (71 0.0298) (66 -0.0202) (49 -0.0198) (47 -0.0195) (19 -0.0195) (78 0.0187) (31 -0.0187) (16 0.0183) (24 0.0183) (35 -0.0176) (27 -0.0171) (73 0.017) (84 0.0151) (70 0.0143) (90 -0.0141) (83 0.0135) (36 -0.0134) (77 0.0128) (14 -0.0117) (86 0.0114) (20 0.0108) (57 -0.0106) (26 0.0106) (81 0.0104) 
   0.0025323   (23 -0.757) (20 -0.375) (19 0.26) (22 -0.245) (56 -0.225) (25 -0.179) (24 0.125) (32 0.102) (16 -0.0982) (57 -0.0757) (52 -0.0696) (28 0.0669) (15 -0.0625) (55 0.0617) (46 -0.0463) (21 0.0452) (42 0.0399) (29 -0.0368) (43 0.0364) (54 -0.0349) (51 -0.0321) (48 -0.028) (38 -0.0256) (78 0.0238) (26 0.0196) (37 0.019) (44 -0.0188) (60 0.0188) (17 0.0187) (11 0.0185) (59 -0.0169) (36 0.016) (53 0.0152) (71 -0.0145) (120 -0.0136) (125 -0.0129) (33 -0.012) (45 0.0117) (34 0.0108) (31 0.0106) 
   0.0026486   (60 -0.622) (59 0.467) (61 -0.449) (56 0.324) (55 -0.11) (52 0.106) (57 -0.103) (78 -0.0989) (23 -0.086) (46 0.0753) (54 0.0715) (20 -0.0597) (62 0.0567) (48 0.0506) (133 0.0489) (43 -0.04) (79 0.0358) (19 0.0348) (22 -0.0288) (49 0.0264) (44 0.0262) (77 0.0251) (16 -0.0239) (125 -0.0231) (63 -0.023) (25 -0.0199) (33 -0.0194) (51 0.0184) (58 0.018) (108 -0.0176) (71 -0.0169) (115 0.0168) (119 0.0164) (45 -0.0148) (28 0.014) (38 0.0137) (24 0.0137) (15 -0.0134) (72 -0.0134) (84 -0.0133) (74 -0.0132) (73 -0.0128) (68 0.0125) (40 0.0118) (64 -0.0117) (47 0.0114) (36 0.0114) (69 -0.0112) (80 -0.0101) (34 0.01) 
   0.0026676   (133 0.753) (56 0.466) (57 0.268) (60 0.163) (61 0.132) (59 -0.123) (23 -0.115) (52 0.108) (55 -0.104) (50 -0.0921) (20 -0.0793) (54 0.077) (51 0.0598) (46 0.0538) (19 0.0534) (43 -0.0506) (53 -0.0491) (22 -0.04) (48 0.038) (16 -0.0369) (41 0.0363) (78 -0.0341) (42 -0.0334) (71 0.0323) (25 -0.0222) (62 -0.022) (44 0.0215) (32 -0.0194) (68 -0.0182) (84 0.0145) (69 0.0139) (47 0.0123) (77 0.0122) (120 0.0122) (131 -0.0115) (24 0.0113) (15 -0.0106) (49 0.0105) (21 0.0102) (38 0.0102) 
   0.0028704   (133 0.656) (56 -0.559) (57 -0.298) (60 -0.14) (23 0.139) (52 -0.132) (55 0.128) (61 -0.118) (59 0.106) (50 0.105) (20 0.0954) (54 -0.0937) (51 -0.0698) (46 -0.0676) (19 -0.0638) (43 0.0611) (53 0.0554) (22 0.048) (48 -0.0475) (78 0.0458) (16 0.0441) (41 -0.0414) (125 -0.0392) (42 0.0385) (71 -0.0359) (25 0.027) (44 -0.0267) (32 0.0224) (62 0.021) (120 -0.0208) (68 0.02) (124 -0.0178) (123 -0.0173) (84 -0.0162) (77 -0.0158) (69 -0.0152) (47 -0.015) (49 -0.0141) (24 -0.014) (15 0.0132) (38 -0.0128) (127 0.0126) (21 -0.0122) (74 0.0121) 
   0.0035308   (40 0.883) (65 0.246) (39 0.181) (66 -0.139) (84 -0.137) (42 0.136) (38 0.131) (41 -0.0913) (61 -0.084) (32 -0.0714) (43 0.0679) (57 0.0654) (59 -0.0539) (46 -0.0469) (62 0.0385) (29 0.0359) (87 -0.0348) (50 0.0316) (51 -0.0292) (47 -0.0283) (70 -0.0273) (52 -0.0259) (68 0.0247) (36 -0.0245) (16 -0.0245) (20 -0.0243) (15 0.0229) (129 0.0224) (69 -0.022) (28 -0.0215) (19 0.0215) (30 -0.0214) (54 0.0204) (53 0.02) (34 -0.0189) (96 0.0188) (78 0.0176) (91 0.017) (25 0.0169) (86 -0.0169) (73 -0.0146) (60 0.0136) (24 -0.0128) (44 -0.0128) (85 0.0106) 
   0.0038437   (84 -0.866) (129 0.31) (65 -0.239) (87 -0.149) (66 0.137) (61 0.0932) (86 -0.0736) (78 0.0711) (57 -0.0696) (91 0.0626) (85 0.0619) (120 0.0418) (59 0.0391) (62 -0.0384) (40 -0.0359) (52 0.0356) (92 -0.0334) (83 0.0333) (96 0.0309) (117 -0.0308) (43 -0.0299) (46 0.0293) (42 -0.0276) (77 -0.024) (88 0.023) (55 -0.0228) (103 -0.0211) (89 -0.0197) (115 -0.0189) (111 -0.0188) (56 0.0185) (51 0.0184) (124 0.018) (100 0.0175) (41 0.0174) (94 -0.0165) (116 0.0163) (126 0.0162) (113 -0.0162) (107 -0.016) (48 0.0154) (68 -0.0154) (97 -0.0147) (72 -0.0143) (104 0.0142) (127 0.0141) (93 -0.0138) (108 -0.0134) (70 0.0131) (105 -0.0128) (39 -0.0128) (119 -0.0125) (114 0.0117) (69 0.0117) (50 -0.0116) (32 -0.0116) (44 0.011) (47 0.0104) 
   0.0040298   (129 0.668) (65 -0.452) (84 0.394) (66 0.259) (40 0.223) (61 0.135) (50 0.0929) (59 0.0754) (87 0.0745) (57 -0.0725) (70 0.0659) (62 -0.0613) (78 -0.0567) (68 -0.0514) (69 0.0511) (39 0.0471) (91 -0.0415) (38 0.0393) (86 0.0352) (85 -0.0323) (41 -0.0317) (96 -0.0266) (73 0.0255) (71 0.0242) (52 0.023) (32 -0.0222) (45 -0.0209) (115 0.019) (127 0.0161) (92 0.0149) (79 0.0148) (72 0.0147) (76 -0.0144) (60 -0.0144) (103 0.0138) (29 0.0133) (43 0.0131) (94 0.0124) (74 -0.0123) (108 0.0121) (42 0.012) (20 -0.0112) (19 0.0112) (14 0.0108) (82 -0.0107) (56 0.0102) 
   0.0040783   (129 0.675) (65 0.549) (66 -0.315) (40 -0.234) (61 -0.174) (57 0.102) (59 -0.0908) (50 -0.0862) (62 0.0771) (70 -0.0699) (68 0.0569) (69 -0.0549) (39 -0.0468) (38 -0.0463) (52 -0.0387) (32 0.0301) (41 0.026) (73 -0.0249) (78 0.0215) (45 0.0211) (71 -0.0201) (56 -0.0187) (115 -0.0174) (46 -0.0167) (20 0.0165) (55 0.0165) (51 -0.0162) (29 -0.016) (84 0.0158) (16 0.0144) (96 0.0143) (19 -0.0135) (76 0.0134) (79 -0.0132) (91 0.0131) (14 -0.0128) (93 0.0124) (60 0.0111) (82 0.0111) (67 0.0107) (47 -0.0106) (63 0.0102) 
   0.0041392   (105 0.569) (96 -0.333) (103 0.304) (123 -0.263) (108 -0.214) (109 0.205) (124 0.201) (101 0.197) (99 -0.177) (106 -0.175) (119 0.14) (107 -0.131) (102 -0.126) (112 -0.12) (98 -0.108) (104 -0.108) (111 0.107) (115 -0.103) (117 -0.0813) (118 0.0714) (113 0.0713) (100 -0.0713) (121 -0.0706) (97 -0.069) (50 0.0685) (122 -0.0582) (90 0.0566) (94 0.0519) (110 -0.0477) (125 0.0468) (114 0.0453) (120 -0.0449) (89 0.0376) (93 -0.0316) (82 -0.0297) (72 -0.0292) (84 -0.0276) (92 0.0273) (85 -0.0183) (53 0.0179) (80 -0.0157) (54 0.0137) (126 -0.0121) (65 0.0118) (79 0.0109) (71 -0.0104) (81 -0.0103) (83 0.0102) (116 0.0102) 
   0.0041722   (144 -0.999) (123 -0.0256) (124 0.0211) (136 0.0185) 
   0.0042995   (50 0.898) (53 0.19) (54 0.156) (72 -0.122) (56 0.108) (52 0.0976) (45 -0.0962) (51 -0.0892) (40 -0.0766) (59 -0.0676) (123 0.0646) (15 -0.0641) (65 0.0637) (48 -0.0635) (49 0.0619) (57 0.0562) (124 -0.0554) (41 -0.0534) (82 -0.0524) (60 0.0515) (43 0.0507) (71 -0.0494) (84 -0.049) (119 -0.0436) (105 -0.0435) (96 -0.0414) (66 -0.0393) (70 -0.0375) (115 0.0355) (69 -0.034) (110 -0.0337) (80 -0.0306) (107 0.0287) (68 0.0264) (108 0.0262) (103 -0.0253) (125 -0.0249) (109 -0.0242) (117 0.0235) (101 -0.0224) (23 -0.022) (87 0.0217) (122 0.021) (39 -0.0198) (121 0.0195) (92 -0.0195) (79 0.0184) (47 0.0178) (32 0.0168) (73 0.0164) (111 0.0161) (81 -0.0161) (38 -0.0155) (91 -0.0154) (83 0.0152) (44 0.0151) (30 0.0143) (99 0.0142) (74 0.0141) (55 -0.014) (85 -0.0133) (86 0.0132) (116 -0.013) (90 0.0127) (62 0.0125) (114 -0.0115) (11 0.0113) (118 -0.0111) 
   0.0044127   (72 -0.612) (45 -0.49) (80 -0.342) (81 -0.248) (44 0.18) (50 -0.171) (93 -0.151) (83 0.135) (87 0.12) (71 -0.106) (79 0.102) (46 -0.098) (98 -0.0802) (43 0.0697) (76 0.0662) (77 0.0656) (107 0.0632) (112 0.0591) (78 0.0533) (41 -0.0515) (48 0.0491) (70 -0.0459) (86 0.0415) (97 0.0406) (89 0.0355) (105 -0.0353) (75 -0.0341) (100 0.0332) (96 0.0324) (82 -0.0278) (90 -0.0272) (91 0.0271) (85 -0.0264) (49 -0.0262) (123 -0.026) (55 -0.0254) (119 0.023) (155 -0.0219) (59 -0.0216) (69 -0.0203) (74 0.02) (115 -0.0181) (104 0.0171) (57 -0.0169) (101 -0.0168) (103 0.0151) (60 0.0144) (113 -0.0143) (111 0.0135) (65 -0.0129) (124 0.0128) (68 0.0127) (51 0.0126) (117 -0.0125) (52 0.0124) (114 0.0121) (116 0.0118) (73 -0.0108) 
   0.0045915   (155 -0.999) (45 0.032) (44 -0.0111) 
   0.0046382   (45 -0.738) (72 0.491) (44 0.247) (80 0.156) (46 -0.15) (79 -0.137) (43 0.132) (81 0.103) (41 -0.086) (87 -0.0827) (71 0.0771) (107 -0.063) (83 -0.0573) (91 0.0498) (112 -0.0448) (90 -0.0433) (98 0.0427) (40 -0.0402) (85 0.0389) (70 0.038) (86 -0.0378) (48 0.0359) (78 -0.035) (155 -0.0281) (100 -0.0264) (42 0.0259) (105 0.0254) (117 0.0246) (96 -0.0246) (59 0.0243) (115 0.0242) (36 -0.0241) (49 -0.022) (65 0.0219) (57 0.0218) (15 -0.0202) (76 -0.02) (50 -0.02) (38 -0.0197) (14 -0.0193) (123 0.0185) (69 0.0175) (47 0.0175) (93 -0.0175) (61 0.0172) (75 0.017) (89 -0.0165) (120 -0.0165) (116 -0.0159) (102 0.0151) (113 0.0147) (66 -0.0144) (104 -0.0144) (124 -0.0143) (119 -0.0143) (114 -0.0128) (62 -0.0107) (54 0.0104) 
   0.0047448   (18 -0.97) (137 0.23) (15 0.0364) (16 -0.0281) (19 -0.0279) (17 -0.0273) (7 0.0211) (14 -0.0182) (20 0.0176) (23 -0.0156) (36 0.0147) (25 -0.0125) (24 0.0115) (32 0.0104) 
   0.0050111   (137 0.973) (18 0.229) 
    0.005241   (7 -1) (18 -0.0204) 
   0.0053369   (5 -1) 
   0.0053923   (29 0.372) (33 0.356) (28 0.348) (135 0.339) (32 -0.312) (26 0.245) (34 -0.244) (25 -0.22) (14 0.206) (30 0.203) (24 0.203) (27 -0.19) (36 -0.15) (13 -0.128) (37 0.0841) (17 -0.0793) (31 -0.0586) (22 0.0509) (16 0.0493) (42 0.0452) (38 -0.0409) (19 -0.0382) (78 0.0346) (21 -0.0308) (40 -0.0291) (20 0.0255) (35 0.0244) (39 0.0203) (12 0.0156) (15 0.0153) (11 0.0142) (48 0.0137) (47 -0.0133) (46 -0.0115) 
   0.0055282   (135 0.941) (29 -0.134) (33 -0.128) (28 -0.125) (32 0.112) (26 -0.0882) (34 0.088) (25 0.0792) (14 -0.0743) (30 -0.0733) (24 -0.0732) (27 0.0683) (36 0.0542) (13 0.0462) (37 -0.0303) (17 0.0286) (31 0.0211) (22 -0.0184) (16 -0.0178) (42 -0.0162) (38 0.0147) (19 0.0138) (78 -0.0122) (21 0.0111) (40 0.0105) 
   0.0057789   (10 0.723) (17 0.586) (16 0.264) (14 0.184) (13 -0.11) (24 -0.0726) (20 -0.059) (25 0.0566) (15 0.0378) (18 -0.0308) (21 0.0255) (26 -0.0229) (19 0.0227) (22 -0.0174) (33 0.0163) (34 -0.0162) (12 0.015) (78 0.0121) (42 0.0102) 
   0.0059511   (145 -0.999) (10 -0.0271) (17 0.0208) 
   0.0064694   (10 0.69) (17 -0.62) (16 -0.276) (14 -0.172) (13 0.105) (24 0.0786) (20 0.0666) (25 -0.0625) (145 -0.0362) (15 -0.0328) (18 0.0317) (21 -0.0282) (19 -0.0243) (26 0.0229) (34 0.0188) (22 0.0184) (33 -0.0171) (11 -0.0156) (78 -0.0149) (42 -0.0132) (12 -0.012) (27 -0.0115) (28 -0.0109) (37 -0.0108) (32 0.0103) 
   0.0066808   (11 -0.67) (12 0.651) (41 0.334) (42 0.0617) (46 -0.0567) (45 -0.0405) (43 -0.0341) (15 -0.0334) (50 0.0304) (40 0.0234) (38 0.0189) (33 -0.0181) (48 -0.0168) (14 0.0157) (28 0.0131) (60 -0.0126) (36 0.0122) (31 0.012) 
   0.0072248   (142 -0.999) (41 0.0397) (11 0.0132) (12 -0.0127) 
   0.0073576   (41 -0.872) (11 -0.253) (12 0.244) (42 -0.184) (46 0.148) (43 0.118) (45 0.0923) (40 -0.0683) (50 -0.0589) (33 0.0582) (38 -0.0516) (142 -0.0463) (36 -0.0432) (14 -0.0407) (48 0.0388) (34 -0.0379) (35 0.0336) (39 0.0326) (28 -0.0304) (13 0.0299) (60 0.0283) (19 0.0275) (15 -0.0268) (44 -0.0264) (25 0.0248) (32 -0.0246) (74 0.0242) (24 -0.0219) (31 -0.0207) (47 0.0207) (17 0.0201) (52 0.0201) (16 -0.018) (23 -0.0176) (66 -0.017) (26 -0.0154) (30 0.0149) (81 -0.0148) (80 0.0146) (62 0.0136) (56 0.0136) (67 0.0127) (79 0.012) (75 0.0117) (59 0.0109) (53 0.0106) (22 -0.0105) (54 0.0103) 
   0.0078175   (12 -0.675) (11 -0.651) (31 0.25) (30 -0.163) (28 0.113) (13 -0.0658) (14 0.0623) (29 -0.0541) (32 -0.0523) (33 0.0264) (37 -0.0237) (35 0.0212) (41 -0.0177) (15 -0.0176) (67 0.0173) (43 -0.0137) (138 0.0128) (19 -0.0105) 
    0.008698   (138 0.988) (31 0.105) (30 -0.0699) (28 0.0472) (12 0.0449) (11 0.0444) (29 -0.0227) (32 -0.0199) (33 0.0103) 

 Largest eigenvalues
       42.05   (162 -0.258) (164 0.954) 
       27.63   (14 -0.316) (32 -0.32) (78 -0.32) 
      23.287   (14 0.247) (78 -0.76) (79 0.214) 
      15.334   (115 0.695) (120 -0.5) 
      4.4818   (96 -0.291) (119 -0.362) (123 0.53) (124 -0.439) 
      1.4255   (162 -0.966) (164 -0.255) 
      1.2233   (163 -0.998) 
       1.146   (165 -0.996) 
      1.1426   (89 -0.481) (90 -0.607) (91 -0.435) 
      1.1363   (100 0.326) (101 0.737) (106 0.487) 
      1.1338   (101 0.337) (106 -0.771) 
     0.92953   (110 0.29) (114 0.766) 
     0.90029   (104 0.784) (105 0.395) 
      0.8732   (99 -0.636) (100 -0.444) (103 -0.312) 
     0.86735   (110 -0.513) (111 -0.457) 
     0.76107   (109 0.503) (111 0.304) (115 0.311) (136 0.29) 
     0.67394   (109 -0.709) (110 0.312) 
     0.66887   (96 -0.774) (99 0.291) 
     0.66293   (113 0.484) (126 0.507) (136 0.391) 
     0.60085   (110 -0.359) (111 0.294) (112 -0.416) (113 -0.555) 
     0.57787   (108 0.597) (113 -0.481) 
     0.57753   (108 -0.674) (111 -0.326) (112 0.315) 
     0.56944   (113 0.313) (122 0.48) (124 0.386) (131 -0.338) (132 -0.351) 
     0.56929   (122 -0.37) (124 -0.289) (125 -0.639) (132 -0.29) 
     0.55876   (115 0.367) (119 0.36) (120 0.466) (121 -0.334) (123 0.33) (125 0.314) 
      0.5437   (117 -0.422) (118 0.681) 
     0.49795   (116 0.363) (119 -0.473) (123 -0.399) (127 -0.334) (132 -0.286) 
     0.48177   (116 -0.621) (126 0.316) (136 -0.314) 
     0.44334   (116 0.557) (119 0.306) (122 0.294) (126 0.384) (136 -0.362) 
     0.44078   (92 -0.948) 
     0.39916   (124 0.366) (127 0.429) (136 -0.399) 
     0.32213   (94 -0.924) (103 0.217) 
     0.30466   (94 0.326) (103 0.69) (104 0.35) (105 -0.373) 
     0.28124   (102 -0.853) 
      0.2606   (87 -0.203) (98 -0.486) (112 -0.253) (115 0.204) (117 -0.263) (121 0.225) (124 -0.212) (126 -0.2) (127 0.252) 
     0.25697   (79 -0.35) (87 0.592) (98 0.286) 
     0.23657   (79 0.524) (98 0.567) 
     0.23029   (79 -0.512) (87 -0.539) 
     0.20121   (98 -0.388) (107 0.415) (112 0.493) 
      0.1623   (90 0.468) (91 -0.68) (93 0.377) 
     0.14803   (91 0.328) (93 0.291) (97 -0.554) (107 -0.442) 
     0.13873   (85 0.287) (93 -0.623) (107 -0.38) 
     0.13005   (85 -0.856) (86 0.243) (97 0.239) 
     0.12426   (88 -0.496) (89 -0.526) (93 0.339) (97 0.309) 
     0.11404   (72 -0.386) (80 0.442) (81 0.447) (83 -0.373) 
     0.10935   (76 0.291) (77 0.335) (80 -0.327) (83 -0.272) (88 0.272) (97 0.269) 
     0.10786   (66 -0.313) (69 -0.34) (76 -0.308) 
     0.10298   (58 0.58) (59 0.353) (60 0.323) 
    0.097272   (58 -0.58) (66 0.293) (69 0.299) 
     0.09464   (58 0.388) (59 -0.298) (66 -0.25) (76 0.279) (97 -0.288) (107 0.284) 
    0.090903   (58 -0.322) (59 0.342) (60 0.454) (61 -0.273) (69 -0.302) 
    0.088165   (60 -0.293) (64 -0.39) (65 0.253) (66 0.386) (80 -0.229) (83 -0.295) 
    0.079188   (63 0.226) (64 0.743) (69 0.24) (76 -0.204) (83 -0.222) 
    0.074892   (62 0.599) (63 -0.34) (69 0.335) 
    0.073635   (62 -0.592) (64 -0.309) 
    0.072104   (62 0.258) (69 -0.296) (118 -0.314) 
    0.066598   (68 0.312) (74 -0.359) (77 0.317) 
    0.061401   (63 0.592) (68 -0.251) (74 0.21) (80 -0.213) (81 0.258) (86 -0.257) 
    0.059078   (63 -0.563) (74 0.35) 
    0.055626   (63 0.286) (67 -0.278) (68 0.443) (71 0.344) (77 -0.285) 
    0.053396   (67 0.425) (74 -0.405) (81 -0.353) 
    0.050659   (67 -0.552) (77 0.314) 
    0.048087   (67 0.551) (68 0.365) (74 0.302) 
    0.046589   (74 -0.279) (75 -0.249) (76 0.208) (77 -0.222) (81 0.362) (83 0.31) (86 0.234) (121 0.255) 
    0.043862   (35 -0.887) (43 0.323) 
    0.042294   (35 0.403) (43 0.717) (46 0.29) 
      0.0417   (75 0.448) (121 0.363) 
    0.040275   (51 -0.527) (52 0.292) (75 -0.399) 
    0.032506   (47 0.351) (51 0.502) (75 -0.479) 
    0.031869   (26 0.542) (27 0.576) 
    0.029445   (26 -0.293) (27 -0.495) (30 0.383) (31 0.436) 
    0.027611   (30 -0.326) (31 -0.358) (34 0.272) (47 -0.42) (88 -0.305) 
    0.026937   (33 -0.373) (34 -0.705) (37 -0.334) 
    0.021974   (47 0.58) (88 -0.3) 
    0.021065   (131 0.622) (132 -0.497) 
    0.020951   (128 -0.578) (160 -0.809) 
    0.019875   (128 -0.577) (160 0.312) (161 0.755) 
    0.018874   (128 -0.577) (160 0.498) (161 -0.647) 
    0.015636   (15 -0.985) 
    0.015498   (140 -0.997) 
