 1 40896.6
 2 583.323
 3 23.3031
 4 171150
 5 525.608
 6 252.349
 7 575826
 8 40.5115
 9 12096.8
 10 2687.17
 11 4.02104
 12 1510.89
 13 374172
 14 4973.36
 15 0.831784
 16 316703
 17 3955.59
 18 7.14819
 19 113816
 20 2081.72
 21 320.571
 22 168035
 23 3336.01
 24 103.055
 25 269.261
 26 327.502
 27 20.9825
 28 3031.96
 29 263.618
 30 282.599
 31 512.502
 32 83.7355
 33 902.171
 34 224.826
 35 167.42
 36 374.132
 37 1543.29
 38 2953.58
 39 7.27303
 40 982.668
 41 4415.04
 42 2.10438
 43 670.55
 44 1455.83
 45 27.4715
 46 36914.3
 47 1012.8
 48 2679.16
 49 1816.36
 50 181.463
 51 298.055
 52 193.838
 53 2954.8
 54 302.285
 55 204.858
 56 319.649
 57 836.243
 58 85.3497
 59 122.747
 60 203.648
 61 23.7653
 62 1.88965
 63 358.343
 64 338.429
 65 1.66117
 66 487.633
 67 2555.21
 68 443.45
 69 97032.6
 70 173964
 71 2390.85
 72 144.041
 73 18725.4
 74 25.9441
 75 12095.4
 76 8058.1
 77 5.1903
 78 1761.64
 79 9006.92
 80 43.9157
 81 2627.09
 82 1592.77
 83 202.926
 84 3.13874
 85 144.098
 86 3.64682
 87 4190.5
 88 1.71835
 89 1.6448
 90 1.92414
 91 10.4565
 92 496.619
 93 1956.84
 94 2729.67
 95 3484.33
 96 2738.32
 97 307.986
 98 392.213
 99 128.447
 100 1358.9
 101 1617.23
 102 138.532
 103 155.207
 104 141.064
 105 140.14
 106 163.282
 107 169.404
 108 175.453
 109 134.336
 110 105.171
 111 189.534
 112 204.971
 113 192.819
 114 177.396
 115 190.649
 116 157.158
 117 177.727
 118 199.616
 119 164.01
 120 93.9004
 121 125.946
 122 50.8673
 123 71.3655
 124 40.8868
 125 30.8958
 126 51.7554
 127 27.6594
 128 93.9507
 129 63.8391
 130 62.7869
 131 20.2777
 132 21.0534
 133 22.939
 134 36.3043
 135 8.81608
 136 47.673
 137 9.81642
 138 9.33559
 139 9.18692
 140 10.7804
 141 11.0085
 142 9.04993
 143 9.28083
 144 15.2289
 145 15.2688
 146 12.6727
 147 10.1514
 148 25.5809
 149 16.5235
 150 12.0333
 151 13.636
 152 23.6254
 153 22.3376
 154 13.7176
 155 20.1317
 156 24.2169
 157 45.7825
 158 0.134709
 159 0.0799424
 160 0.401463
 161 5.89813
 162 24.6278
 163 1003.62
 164 1548.79
 165 6.88803
