 1 31.6228
 2 21.2754
 3 1.80548
 4 31.6228
 5 17.4776
 6 8.99369
 7 31.6206
 8 1.04216
 9 31.4238
 10 30.1186
 11 0.989466
 12 27.6384
 13 31.6228
 14 31.5938
 15 0.903463
 16 31.6228
 17 31.5579
 18 0.979413
 19 31.6228
 20 27.4927
 21 5.17717
 22 31.6228
 23 30.678
 24 1.92899
 25 15.3758
 26 15.1455
 27 1.90479
 28 31.3979
 29 10.5697
 30 11.3206
 31 21.9022
 32 3.41835
 33 26.6735
 34 14.5304
 35 7.54597
 36 15.3943
 37 31.4118
 38 31.5586
 39 1.3785
 40 24.5547
 41 31.1478
 42 1.2951
 43 21.7831
 44 28.9432
 45 1.8769
 46 31.6047
 47 8.71985
 48 24.5589
 49 30.7067
 50 12.6867
 51 13.5226
 52 9.2974
 53 30.7535
 54 16.2746
 55 8.74612
 56 12.2776
 57 28.1983
 58 8.45474
 59 8.11228
 60 11.5276
 61 4.39937
 62 1.35433
 63 17.7579
 64 16.7491
 65 0.968012
 66 20.8206
 67 28.4298
 68 4.81806
 69 31.5793
 70 31.6228
 71 29.889
 72 3.18621
 73 31.6162
 74 1.37602
 75 31.555
 76 31.3323
 77 1.36565
 78 29.3142
 79 31.601
 80 1.77134
 81 31.1848
 82 31.4459
 83 13.1568
 84 1.4326
 85 10.2371
 86 1.48553
 87 31.3537
 88 1.10053
 89 1.04635
 90 1.2537
 91 2.44533
 92 15.2813
 93 27.6793
 94 29.2364
 95 30.746
 96 30.816
 97 15.2286
 98 17.5937
 99 8.61685
 100 30.2004
 101 30.9613
 102 10.5275
 103 11.5335
 104 10.981
 105 11.1299
 106 12.3099
 107 12.4639
 108 12.6151
 109 10.5232
 110 8.55956
 111 13.0246
 112 13.938
 113 13.4421
 114 12.7103
 115 12.9743
 116 11.2962
 117 12.3928
 118 13.3859
 119 11.9085
 120 8.68288
 121 10.7564
 122 6.73345
 123 7.70839
 124 5.57016
 125 5.0987
 126 6.80512
 127 4.41183
 128 8.95968
 129 7.01079
 130 7.26274
 131 4.00567
 132 4.3908
 133 4.56245
 134 5.80913
 135 2.57436
 136 6.76889
 137 2.79705
 138 2.73649
 139 2.7236
 140 3.00526
 141 2.90518
 142 2.60796
 143 2.69609
 144 3.66922
 145 3.68734
 146 3.28186
 147 2.82082
 148 4.88074
 149 3.80537
 150 3.16423
 151 3.38274
 152 4.67219
 153 4.48048
 154 3.4815
 155 4.34031
 156 4.76732
 157 6.64066
 158 0.102571
 159 0.209075
 160 0.273379
 161 1.4603
 162 4.46912
 163 16.6175
 164 25.0178
 165 0.513723
