 1 1000
 2 476.429
 3 19.1825
 4 1000
 5 436.215
 6 209.51
 7 999.901
 8 4.11001
 9 992.116
 10 914.554
 11 2.45427
 12 775.178
 13 1000
 14 998.499
 15 0.819168
 16 1000
 17 997.634
 18 2.44857
 19 1000
 20 863.383
 21 133.578
 22 1000
 23 968.632
 24 30.636
 25 248.356
 26 260.813
 27 16.8043
 28 988.54
 29 211.69
 30 228.278
 31 503.85
 32 73.9556
 33 793.379
 34 217.496
 35 149.844
 36 333.122
 37 988.069
 38 997.638
 39 3.51966
 40 617.477
 41 973.743
 42 1.77208
 43 498.602
 44 869.052
 45 16.7597
 46 999.311
 47 236.758
 48 763.954
 49 954.699
 50 176.491
 51 257.518
 52 167.087
 53 956.632
 54 271.496
 55 152.917
 56 232.7
 57 828.707
 58 84.6797
 59 120.69
 60 198.456
 61 23.428
 62 1.88656
 63 327.03
 64 330.603
 65 1.65423
 66 478.715
 67 893.727
 68 109.217
 69 998.521
 70 1000
 71 941.912
 72 57.9993
 73 999.702
 74 3.5411
 75 997.6
 76 982.922
 77 3.16207
 78 864.451
 79 999.103
 80 14.152
 81 984.697
 82 991.797
 83 185.132
 84 2.98886
 85 111.792
 86 3.17147
 87 988.691
 88 1.71809
 89 1.64477
 90 1.92377
 91 9.40563
 92 341.906
 93 843.516
 94 906.075
 95 966.17
 96 968.896
 97 279.908
 98 370.376
 99 120.832
 100 945.258
 101 974.57
 102 131.911
 103 151.314
 104 139.329
 105 139.009
 106 162.506
 107 168.6
 108 174.38
 109 132.914
 110 103.14
 111 188.212
 112 203.608
 113 191.615
 114 176.509
 115 189.992
 116 156.12
 117 176.902
 118 198.462
 119 161.575
 120 90.6817
 121 125.145
 122 48.8965
 123 62.5125
 124 38.509
 125 29.5627
 126 50.7322
 127 25.5745
 128 91.5171
 129 62.6627
 130 61.9752
 131 19.8081
 132 20.5586
 133 22.3916
 134 35.1381
 135 8.39074
 136 47.0372
 137 9.38541
 138 8.82668
 139 8.68221
 140 10.1366
 141 10.1727
 142 8.42521
 143 8.77719
 144 14.7545
 145 14.778
 146 12.1628
 147 9.62829
 148 25.0124
 149 15.9208
 150 11.5744
 151 13.1543
 152 23.0121
 153 21.2364
 154 13.1726
 155 19.6796
 156 23.7877
 157 45.2756
 158 0.0994243
 159 0.0763972
 160 0.335503
 161 5.27775
 162 23.4352
 163 358.972
 164 702.88
 165 5.80983
