 Smallest eigenvalues
  1.7068e-06   (9 1) 
  2.6726e-06   (50 -0.731) (48 -0.46) (54 -0.237) (153 -0.191) (44 -0.187) (49 0.155) (51 0.114) (14 0.11) (46 0.0904) (78 0.0876) (53 -0.0841) (37 -0.0791) (38 0.0759) (27 -0.0674) (52 -0.0662) (79 -0.0577) (61 0.0571) (39 -0.057) (56 -0.055) (47 -0.0456) (80 0.0424) (76 0.04) (69 -0.0394) (40 -0.0354) (71 -0.0284) (70 0.0281) (42 0.0277) (68 0.0269) (43 -0.0263) (45 -0.0255) (34 -0.0252) (36 0.0249) (74 -0.0239) (75 -0.0237) (20 -0.0224) (19 0.0209) (23 0.0208) (22 0.0201) (32 0.0197) (31 0.0174) (41 -0.0166) (25 0.0166) (66 0.016) (30 -0.0155) (63 -0.0152) (84 0.015) (57 -0.0148) (33 0.0148) (55 0.0132) (72 -0.0121) (88 0.0118) 
  3.1575e-06   (153 -0.981) (50 0.143) (48 0.0898) (54 0.0461) (44 0.0365) (49 -0.0303) (51 -0.0222) (14 -0.0216) (46 -0.0177) (78 -0.0168) (53 0.0164) (37 0.0155) (38 -0.0149) (27 0.0132) (52 0.0129) (39 0.0112) (61 -0.0111) (79 0.0111) (56 0.0107) 
  5.7483e-06   (5 1) 
  5.8428e-06   (47 0.669) (148 -0.569) (44 -0.308) (45 -0.181) (46 0.143) (49 -0.118) (37 -0.108) (48 0.1) (14 0.0966) (38 0.0707) (27 -0.069) (39 -0.0679) (78 0.0611) (50 0.0541) (79 -0.0396) (41 -0.0353) (52 0.0317) (55 -0.0295) (51 0.0293) (61 0.0279) (30 -0.0267) (42 0.0264) (43 -0.0254) (19 0.0226) (56 -0.0223) (80 0.022) (34 -0.0209) (54 -0.0203) (22 0.0177) (70 0.0173) (36 0.016) (23 0.016) (25 0.0145) (15 0.0142) (71 -0.0138) (28 0.0132) (53 -0.0127) (35 -0.0125) (24 -0.0118) (77 -0.0117) (33 0.0109) 
  5.9511e-06   (148 -0.822) (47 -0.463) (44 0.213) (45 0.125) (46 -0.0986) (49 0.0814) (37 0.075) (48 -0.0694) (14 -0.0669) (38 -0.0489) (27 0.0477) (39 0.047) (78 -0.0421) (50 -0.0374) (79 0.0273) (41 0.0244) (52 -0.0219) (55 0.0204) (51 -0.0203) (61 -0.0193) (30 0.0185) (42 -0.0183) (43 0.0176) (19 -0.0156) (56 0.0154) (80 -0.0152) (34 0.0144) (54 0.014) (22 -0.0123) (70 -0.012) (36 -0.0111) (23 -0.011) (25 -0.0101) 
  8.7861e-06   (1 0.991) (30 -0.101) (37 0.046) (27 -0.0447) (38 -0.0259) (35 0.0231) (28 0.0168) (34 0.0137) (14 0.0131) (39 0.013) (31 0.0119) 
  1.0287e-05   (155 -0.998) (30 -0.0428) (27 -0.0199) (37 0.0187) (14 0.011) (38 -0.0109) 
  2.4452e-05   (30 0.751) (27 0.35) (37 -0.329) (38 0.192) (14 -0.192) (35 -0.168) (1 0.13) (28 -0.121) (34 -0.112) (39 -0.0876) (22 -0.0855) (31 -0.0848) (32 -0.0646) (19 -0.0636) (155 -0.0569) (15 -0.0567) (29 0.0555) (23 -0.0539) (24 0.0465) (44 -0.0418) (25 -0.0409) (40 -0.0389) (78 -0.0333) (49 0.0295) (43 -0.0292) (20 0.0289) (79 0.0283) (16 -0.0265) (80 -0.0245) (61 -0.0177) (55 0.016) (41 -0.0154) (21 -0.0144) (10 -0.0133) (33 0.0132) (70 -0.0126) (42 -0.0125) (52 -0.0117) (18 0.0115) (13 0.0112) (57 -0.0108) (47 0.0107) (74 -0.0103) (73 0.0102) 
   2.579e-05   (21 0.686) (46 -0.313) (20 0.307) (45 0.306) (23 0.269) (44 -0.249) (22 -0.239) (15 0.0753) (18 0.0703) (38 0.0697) (17 -0.0694) (16 -0.0642) (31 0.0546) (36 0.052) (24 0.0508) (19 0.0457) (40 0.044) (78 0.0436) (14 0.0392) (49 -0.0361) (28 0.0293) (39 -0.0275) (48 0.0275) (29 0.0268) (37 -0.0266) (34 -0.0257) (43 -0.0254) (50 0.023) (61 0.0209) (71 -0.0204) (27 -0.0197) (30 -0.0194) (72 -0.0184) (52 0.0183) (55 -0.0162) (33 -0.0158) (47 -0.0138) (80 0.013) (65 0.0128) (79 -0.012) (62 0.0118) (74 -0.0116) (56 -0.0115) (68 0.0112) (26 0.011) (73 0.0102) 
  3.7918e-05   (157 -0.999) (46 -0.0227) (45 0.022) (21 -0.0187) (44 -0.0171) 
   0.0001024   (46 0.51) (45 -0.493) (21 0.404) (44 0.383) (20 0.201) (22 -0.172) (23 0.146) (37 0.112) (38 -0.109) (49 0.0886) (14 -0.0844) (27 0.0836) (48 -0.0679) (18 0.0662) (39 0.0659) (78 -0.0633) (16 -0.0575) (17 -0.0517) (41 0.0482) (24 0.0475) (157 -0.045) (47 0.0446) (50 -0.0382) (80 -0.0361) (43 0.0345) (40 0.034) (79 0.0321) (55 0.032) (33 -0.0294) (31 0.0283) (61 -0.028) (71 0.0275) (15 0.024) (25 -0.0235) (30 0.023) (69 0.0209) (28 -0.0205) (68 -0.02) (52 -0.0199) (35 0.0194) (53 0.0169) (72 0.0163) (77 0.0157) (56 0.0157) (29 0.0155) (74 0.0148) (70 -0.0142) (54 0.013) (75 -0.0124) (65 -0.0107) (36 -0.0105) (62 -0.0101) 
  0.00011177   (2 1) 
  0.00012964   (14 0.539) (19 -0.512) (16 -0.394) (17 0.394) (23 -0.183) (27 0.183) (20 0.173) (22 -0.0978) (25 -0.0831) (18 -0.0765) (37 0.0554) (34 0.0474) (39 0.0447) (44 0.0442) (15 -0.0431) (38 -0.0293) (36 -0.0281) (33 -0.0252) (24 0.0252) (46 -0.025) (32 -0.0247) (31 -0.0201) (47 0.0158) (29 0.0151) (42 -0.0145) (13 -0.0142) (28 -0.0121) (79 -0.0119) (78 0.0117) (10 0.0111) (45 0.0107) 
  0.00020827   (159 1) 
  0.00023284   (3 -1) 
  0.00023777   (19 0.691) (22 -0.49) (14 0.328) (27 0.249) (23 -0.201) (20 -0.159) (16 -0.0967) (21 -0.0918) (24 0.0805) (15 0.0731) (37 0.0679) (17 0.0558) (25 -0.0488) (158 0.0398) (32 -0.034) (39 0.0322) (44 0.0245) (33 -0.0225) (34 0.0211) (36 -0.0174) (40 0.0157) (35 0.0152) (38 -0.0149) (46 -0.0136) (79 -0.0132) (78 0.0109) 
  0.00023902   (158 0.999) (19 -0.0275) (22 0.0195) (14 -0.0131) 
  0.00026737   (7 1) 
  0.00027901   (29 0.695) (28 -0.397) (150 -0.365) (27 -0.308) (30 0.188) (37 0.156) (14 0.144) (32 -0.102) (38 -0.089) (48 0.0671) (22 0.0662) (35 0.0638) (20 -0.0598) (19 0.0536) (15 0.0512) (39 0.0438) (25 0.0351) (18 0.0333) (41 0.0234) (21 0.0229) (31 -0.0224) (75 -0.0214) (16 -0.0199) (17 -0.018) (43 0.0179) (24 -0.0174) (50 -0.0172) (33 0.0165) (78 0.0143) (54 -0.0139) (40 0.0138) (79 -0.0113) (51 -0.0113) (44 0.0104) 
  0.00029232   (150 -0.931) (29 -0.272) (28 0.156) (27 0.12) (30 -0.0736) (37 -0.0611) (14 -0.0566) (32 0.0398) (38 0.0348) (48 -0.0262) (22 -0.0259) (35 -0.025) (20 0.0234) (19 -0.021) (15 -0.0201) (39 -0.0172) (25 -0.0137) (18 -0.013) 
  0.00030361   (6 1) 
  0.00031159   (22 0.668) (27 0.407) (25 -0.338) (23 0.269) (14 0.241) (19 0.229) (154 -0.172) (21 0.119) (15 0.104) (37 0.0976) (20 -0.0743) (16 -0.0567) (35 0.0539) (30 0.0462) (41 0.0413) (32 -0.0395) (38 -0.0315) (39 0.0302) (17 -0.0299) (28 0.0297) (34 -0.0296) (40 0.022) (26 -0.0208) (24 0.0207) (48 0.0204) (43 0.0181) (78 0.017) (79 -0.016) (51 -0.0151) (18 0.0151) (73 -0.0126) (75 -0.0123) (13 -0.0117) (69 -0.0114) (55 -0.0111) (12 0.0106) (46 -0.0101) (54 -0.0101) 
  0.00032515   (154 -0.985) (22 -0.117) (27 -0.0712) (25 0.0591) (23 -0.047) (14 -0.0421) (19 -0.0401) (21 -0.0208) (15 -0.0182) (37 -0.017) (20 0.013) 
  0.00033073   (57 0.509) (73 -0.475) (70 0.392) (71 -0.241) (61 -0.232) (74 -0.225) (69 0.22) (51 -0.166) (44 -0.14) (66 0.112) (67 0.0931) (79 0.0904) (78 -0.0822) (68 -0.0811) (55 -0.0787) (77 0.0783) (76 -0.0726) (46 0.0681) (56 0.0666) (34 -0.0651) (47 -0.0632) (60 -0.057) (42 0.052) (15 -0.0438) (80 -0.0437) (37 0.0379) (35 0.0321) (23 0.032) (43 0.0314) (45 -0.0293) (63 0.028) (53 -0.0279) (72 0.0265) (39 -0.0246) (59 -0.0236) (22 -0.0235) (125 -0.0202) (120 0.0199) (14 0.0197) (62 -0.0178) (123 -0.0172) (33 0.0167) (50 -0.0164) (31 0.0161) (106 -0.016) (21 -0.0149) (82 -0.0139) (88 0.0138) (152 -0.0137) (104 -0.013) (58 -0.0128) (41 0.0128) (27 0.0126) (64 0.0124) (25 0.0117) (75 -0.0116) (129 0.0114) (92 -0.011) (84 0.0108) (19 -0.0105) (48 0.0103) (89 -0.01) 
  0.00034963   (73 0.588) (57 0.415) (69 0.259) (74 0.248) (152 -0.233) (71 0.217) (44 -0.193) (68 -0.16) (61 -0.151) (70 -0.133) (67 0.131) (49 0.129) (51 -0.124) (66 0.121) (55 -0.112) (46 0.101) (47 -0.0923) (34 -0.0831) (14 0.0789) (42 0.0629) (56 0.0593) (41 0.0592) (54 0.0506) (39 -0.0474) (15 -0.0458) (23 0.0434) (43 0.0429) (63 0.0422) (45 -0.0382) (72 -0.0363) (35 0.0347) (50 0.0332) (60 -0.0266) (33 0.0265) (31 0.0264) (120 -0.0263) (123 -0.0263) (119 -0.0255) (25 0.0233) (59 -0.0227) (84 0.0217) (79 -0.0205) (129 0.0185) (38 0.0183) (21 -0.0179) (32 0.0178) (149 -0.0168) (122 0.0166) (62 -0.0164) (48 -0.0152) (80 0.0146) (64 0.0136) (20 -0.0136) (36 0.0135) (27 -0.013) (58 -0.0116) (52 0.0115) (131 -0.0114) (88 0.0109) (75 0.01) 
  0.00036721   (152 -0.972) (73 -0.134) (57 -0.107) (69 -0.0649) (74 -0.0563) (44 0.049) (71 -0.0486) (61 0.0396) (68 0.0395) (67 -0.0327) (51 0.0326) (149 -0.0324) (49 -0.0313) (66 -0.0306) (55 0.0283) (70 0.0266) (46 -0.0256) (47 0.0233) (34 0.0213) (14 -0.0195) (42 -0.0161) (56 -0.0153) (41 -0.0146) (54 -0.0121) (39 0.0119) (15 0.0119) (23 -0.0111) (43 -0.0109) (63 -0.0105) 
  0.00042938   (24 -0.972) (27 0.122) (53 0.0871) (22 -0.0828) (23 0.0794) (25 0.0517) (51 -0.05) (55 0.0462) (52 0.0439) (14 0.0414) (49 0.0387) (57 -0.0316) (15 0.0269) (44 -0.0251) (21 0.0211) (47 -0.0209) (41 0.0197) (46 0.0185) (30 0.0164) (34 -0.0155) (19 0.0155) (20 -0.0153) (56 -0.0153) (61 0.0125) (28 -0.0124) (17 0.0123) (50 0.012) (35 0.0109) 
   0.0004523   (147 0.721) (53 0.428) (51 -0.279) (55 0.245) (52 0.192) (49 0.16) (44 -0.156) (57 -0.136) (24 0.0976) (46 0.0862) (47 -0.0808) (56 -0.0598) (14 0.0569) (61 0.0537) (34 -0.0513) (54 0.0426) (42 0.04) (73 -0.0382) (39 -0.0362) (27 -0.036) (45 -0.0332) (50 0.0327) (48 -0.0302) (37 -0.0273) (70 0.0245) (78 0.024) (15 -0.0236) (43 0.0234) (38 0.0223) (71 -0.0199) (41 0.0182) (79 -0.017) (35 0.0164) (60 0.0151) (33 0.0144) (25 0.0142) (31 0.0133) (80 0.0132) (23 0.0125) (36 0.012) (68 0.0118) (30 -0.0113) (21 -0.0109) 
  0.00048819   (147 0.693) (53 -0.446) (51 0.29) (55 -0.255) (52 -0.199) (49 -0.167) (44 0.163) (57 0.141) (24 -0.0966) (46 -0.0897) (47 0.0842) (56 0.0623) (14 -0.0595) (61 -0.0559) (34 0.0534) (54 -0.0443) (42 -0.0416) (73 0.0397) (39 0.0377) (27 0.0368) (45 0.0346) (50 -0.034) (48 0.0314) (37 0.0284) (70 -0.0254) (78 -0.0249) (15 0.0244) (43 -0.0244) (38 -0.0232) (71 0.0207) (41 -0.0191) (79 0.0176) (35 -0.0171) (60 -0.0157) (33 -0.0151) (25 -0.015) (31 -0.0139) (80 -0.0137) (23 -0.0134) (36 -0.0125) (68 -0.0123) (30 0.0117) (21 0.0112) 
  0.00050605   (52 -0.752) (41 -0.414) (54 0.249) (51 -0.246) (55 -0.175) (44 -0.167) (57 -0.165) (49 0.108) (46 0.0779) (37 0.0754) (61 0.069) (42 0.0649) (56 -0.0621) (53 0.0587) (50 0.0552) (47 -0.0525) (78 0.0361) (70 0.0352) (48 -0.0286) (45 -0.0277) (38 -0.0259) (39 0.0236) (60 0.0207) (79 -0.0207) (151 -0.0203) (73 -0.0164) (80 0.0162) (27 0.0151) (76 -0.0146) (69 0.0127) (23 0.0117) (30 0.0117) (35 0.0115) (22 -0.0112) (15 -0.0112) (36 -0.0109) (71 -0.0109) 
  0.00051669   (151 -0.959) (41 0.244) (52 -0.0896) (37 -0.057) (51 -0.0398) (39 -0.0314) (54 0.0307) (38 0.0304) (55 -0.0282) (34 -0.0278) (44 0.0264) (14 0.0243) (57 -0.0217) (27 -0.0215) (42 -0.0194) (49 -0.0159) (30 -0.0134) (25 0.0133) (73 -0.0118) (61 0.0115) (78 0.0114) (40 0.0103) 
  0.00053682   (41 -0.792) (52 0.356) (151 -0.284) (37 0.187) (51 0.152) (54 -0.121) (55 0.108) (39 0.104) (38 -0.101) (34 0.0939) (57 0.0849) (14 -0.0818) (44 -0.0771) (27 0.0713) (42 0.0608) (49 0.0461) (25 -0.0446) (30 0.0443) (61 -0.0435) (73 0.0414) (78 -0.041) (56 0.0349) (40 -0.034) (43 -0.0321) (79 0.0315) (70 -0.0294) (80 -0.0235) (23 -0.0204) (53 -0.0203) (33 -0.0197) (48 -0.0189) (50 0.0173) (71 0.0164) (46 0.0157) (68 -0.0144) (36 -0.0143) (15 0.0133) (28 -0.013) (60 -0.0123) (31 -0.012) (20 0.0117) (76 0.0114) (69 0.011) 
  0.00055983   (70 -0.682) (69 -0.385) (73 -0.329) (57 0.288) (71 0.261) (51 -0.165) (49 -0.122) (61 -0.106) (76 -0.101) (50 -0.0944) (74 -0.0905) (72 -0.0834) (77 0.0831) (68 0.0628) (44 -0.0577) (75 -0.0525) (53 0.0505) (56 0.0443) (54 0.0395) (66 0.039) (34 -0.0367) (146 0.0342) (55 -0.0319) (42 0.029) (48 0.0282) (60 -0.0265) (37 0.0261) (46 0.0257) (15 -0.0245) (84 0.0239) (52 -0.0232) (123 -0.0216) (23 0.0215) (47 -0.0199) (22 -0.0187) (43 0.0182) (35 0.018) (125 -0.0164) (41 -0.0153) (129 0.0148) (45 -0.0141) (88 0.013) (39 -0.0128) (80 0.0124) (67 -0.0119) (90 0.0109) (59 -0.0102) (82 -0.0101) 
  0.00058669   (146 0.832) (49 0.365) (50 0.251) (51 0.183) (53 -0.153) (44 -0.118) (73 -0.0817) (46 0.0683) (69 -0.0612) (48 -0.0606) (47 -0.056) (41 0.0514) (54 -0.0489) (14 0.0426) (70 -0.0327) (34 -0.0327) (68 0.0304) (37 -0.0291) (39 -0.0279) (78 0.0256) (79 -0.0252) (42 0.0235) (56 -0.0215) (57 -0.0208) (27 -0.0207) (38 0.0191) (25 0.0189) (80 0.0176) (74 -0.0163) (67 -0.0153) (23 0.0149) (15 -0.0134) (43 0.0122) (45 -0.0116) (33 0.0108) (31 0.0107) (76 -0.0105) (30 -0.01) (71 -0.01) 
   0.0006357   (146 0.553) (49 -0.542) (50 -0.371) (51 -0.264) (53 0.227) (44 0.181) (73 0.144) (69 0.116) (46 -0.105) (70 0.0914) (48 0.0893) (47 0.0857) (41 -0.0764) (54 0.0711) (14 -0.0648) (34 0.0517) (68 -0.0497) (39 0.0428) (37 0.042) (78 -0.0389) (79 0.0383) (42 -0.0374) (27 0.0308) (74 0.0301) (56 0.0296) (25 -0.0288) (38 -0.0288) (80 -0.0273) (23 -0.0239) (67 0.0239) (76 0.0219) (15 0.0218) (43 -0.0196) (45 0.0184) (75 0.017) (33 -0.0169) (31 -0.0167) (72 0.016) (30 0.015) (35 -0.0129) (57 0.0128) (119 0.0121) (20 0.0119) (32 -0.0114) (21 0.0101) 
  0.00070139   (39 -0.834) (37 0.292) (23 0.223) (25 0.214) (44 0.153) (34 -0.128) (42 -0.116) (15 -0.105) (27 0.0895) (35 0.0876) (41 -0.0843) (43 -0.0729) (21 -0.0702) (14 0.0626) (40 -0.0615) (46 -0.0531) (51 0.0433) (47 0.0432) (22 -0.0393) (24 0.0368) (38 -0.0364) (36 -0.0362) (20 -0.0356) (57 -0.0346) (30 0.025) (33 0.0244) (45 0.0228) (17 0.0221) (19 -0.017) (55 0.0167) (31 0.0158) (26 0.0116) 
   0.0007189   (25 0.625) (23 0.55) (39 0.299) (34 0.233) (27 0.185) (14 0.153) (15 -0.149) (21 -0.148) (37 -0.109) (35 -0.104) (24 0.096) (20 -0.0918) (31 -0.0786) (33 -0.0719) (141 -0.0416) (26 0.041) (32 -0.0393) (17 0.0351) (44 0.0304) (28 -0.0239) (49 -0.0182) (29 0.0175) (40 0.0152) (22 -0.014) (41 -0.0125) (46 -0.0119) 
  0.00078795   (141 -0.999) (25 -0.0274) (23 -0.0244) 
  0.00086471   (49 -0.445) (51 0.415) (44 -0.414) (47 -0.382) (46 0.266) (15 -0.254) (48 0.203) (57 -0.145) (43 0.133) (45 -0.124) (55 0.115) (42 0.103) (14 0.0982) (34 -0.0929) (17 -0.0853) (37 0.0827) (41 0.0671) (16 0.0588) (35 0.0524) (54 0.0482) (52 -0.0479) (27 0.038) (78 -0.0356) (61 0.0323) (79 0.0258) (22 -0.0253) (33 0.0223) (30 0.0221) (39 -0.022) (69 0.0215) (20 0.0188) (19 -0.0185) (31 0.0169) (53 0.0167) (38 -0.0159) (77 0.0155) (66 -0.0138) (80 -0.0136) (84 0.013) (74 -0.0117) (68 -0.0111) (32 0.0103) 
   0.0009798   (15 -0.73) (17 -0.395) (14 0.273) (16 0.265) (23 -0.192) (44 0.156) (34 0.114) (21 0.112) (47 0.111) (20 0.1) (49 0.0972) (25 -0.0927) (51 -0.0893) (46 -0.088) (35 -0.0501) (48 -0.0481) (43 -0.0477) (42 -0.0446) (45 0.0397) (24 -0.0392) (41 -0.039) (22 0.0368) (31 -0.0357) (33 -0.035) (18 -0.0329) (27 0.0301) (39 0.0264) (57 0.0259) (37 -0.024) (55 -0.0225) (32 -0.0221) (29 0.0173) (54 -0.0142) (28 -0.0118) (30 -0.0113) 
   0.0010688   (144 -1) (149 0.0214) 
   0.0011645   (53 -0.656) (51 -0.444) (34 -0.315) (55 0.247) (57 -0.226) (35 0.187) (52 0.171) (54 0.149) (36 0.135) (33 0.0726) (15 -0.0723) (39 0.0696) (38 -0.0644) (49 -0.0586) (37 -0.0575) (23 0.0551) (31 0.0541) (41 -0.0516) (50 -0.051) (14 0.0402) (44 -0.039) (47 -0.039) (61 0.0371) (22 -0.034) (46 0.0336) (25 0.0334) (69 0.0332) (48 0.0307) (79 0.0293) (21 -0.0287) (78 -0.0282) (32 0.0272) (70 -0.0213) (68 -0.0188) (136 -0.0188) (45 -0.0179) (80 -0.0151) (20 -0.0138) (17 0.0129) (77 0.0121) (60 0.0116) 
   0.0013368   (34 -0.584) (35 0.346) (36 0.322) (53 0.276) (37 -0.255) (51 0.246) (44 0.218) (39 0.178) (41 -0.144) (33 0.133) (136 -0.124) (38 -0.117) (14 0.0958) (42 -0.0941) (55 -0.0916) (31 0.0916) (46 -0.0777) (52 -0.0756) (43 -0.0718) (57 0.0698) (23 0.0688) (15 -0.0679) (54 -0.0631) (25 0.0575) (47 0.0529) (32 0.052) (27 -0.038) (45 0.0341) (21 -0.0329) (20 -0.0258) (50 0.025) (40 -0.0172) (22 -0.0159) (78 0.0157) (24 0.0145) (29 -0.014) (17 0.0138) (70 0.0135) (28 0.0132) (79 -0.013) (30 -0.0119) (61 -0.0118) (73 -0.0118) 
   0.0014921   (136 -0.992) (34 0.0791) (35 -0.0468) (36 -0.0428) (37 0.0328) (44 -0.026) (39 -0.0234) (53 -0.0221) (51 -0.0221) (41 0.0188) (33 -0.018) (38 0.0158) (14 -0.0128) (31 -0.0125) (149 0.0119) (42 0.0115) (15 0.01) 
   0.0015064   (10 0.973) (35 -0.178) (34 -0.0855) (31 0.0552) (33 0.0545) (32 0.0476) (37 0.0369) (36 -0.0294) (38 -0.0226) (39 0.0209) (132 0.0199) (44 0.0131) (27 -0.0121) (1 0.0108) (46 -0.0106) 
   0.0016498   (132 0.875) (35 -0.367) (34 -0.179) (10 -0.125) (31 0.111) (33 0.11) (32 0.0942) (37 0.0697) (36 -0.0612) (14 0.0535) (27 -0.0432) (38 -0.0426) (39 0.0386) (44 0.0258) (23 0.0179) (26 -0.0157) (46 -0.0155) (19 0.014) (25 0.0132) (22 0.0132) (42 -0.0121) (41 -0.0116) (54 -0.0116) (20 -0.0109) 
   0.0018747   (35 0.669) (132 0.485) (34 0.326) (31 -0.202) (33 -0.201) (10 0.186) (32 -0.172) (37 -0.127) (36 0.112) (14 -0.0962) (27 0.0784) (38 0.0779) (39 -0.0706) (44 -0.0472) (23 -0.0325) (26 0.0286) (46 0.0284) (19 -0.0254) (22 -0.024) (25 -0.0239) (42 0.0221) (54 0.0211) (41 0.0211) (20 0.0199) (49 0.0165) (55 -0.0159) (40 -0.0147) (50 -0.0114) (29 0.0101) 
   0.0020262   (31 0.665) (32 0.499) (34 0.331) (35 0.232) (33 0.18) (54 -0.178) (30 0.171) (55 0.108) (52 -0.0889) (74 0.0631) (36 -0.0599) (50 0.0588) (37 -0.0517) (40 -0.0466) (49 -0.0459) (51 -0.0407) (28 -0.0389) (72 -0.0346) (71 -0.0318) (42 -0.0258) (21 -0.0254) (128 0.025) (15 -0.0246) (68 0.0242) (27 0.0235) (75 -0.0223) (57 0.0206) (29 0.0204) (60 -0.0179) (61 -0.0173) (46 -0.0159) (44 0.0159) (80 -0.0155) (78 -0.015) (24 0.0146) (20 -0.0137) (16 -0.0133) (23 0.0132) (66 -0.0117) (47 0.0111) (43 0.0103) (26 -0.0102) 
   0.0021903   (74 0.602) (71 -0.372) (68 0.326) (128 0.298) (72 -0.283) (75 -0.206) (69 -0.201) (76 -0.157) (78 -0.125) (55 -0.117) (80 -0.111) (79 0.0907) (54 0.0856) (77 -0.0779) (60 -0.0753) (52 0.0684) (66 -0.0572) (83 -0.0567) (70 0.0564) (57 0.056) (61 -0.0541) (50 -0.0479) (65 0.0469) (40 -0.046) (67 -0.045) (62 0.0444) (31 -0.0414) (85 -0.0392) (34 -0.0384) (44 -0.0294) (51 -0.0292) (106 0.0286) (46 0.0258) (81 0.0247) (82 -0.0243) (73 -0.0238) (32 -0.0215) (105 -0.0213) (124 -0.0207) (47 -0.0204) (37 0.0193) (87 0.0187) (42 0.0184) (48 0.0182) (64 -0.0182) (89 -0.0179) (59 0.0178) (107 -0.0176) (63 -0.0168) (134 -0.0157) (93 -0.0146) (86 -0.0145) (122 -0.0136) (35 -0.013) (38 0.0122) (100 -0.0114) (30 -0.0106) (58 -0.0105) 
   0.0023571   (128 0.57) (54 0.539) (55 -0.354) (52 0.258) (74 -0.219) (31 0.141) (50 -0.131) (72 0.114) (71 0.113) (51 0.105) (32 0.103) (49 0.0984) (57 -0.0869) (75 0.0638) (68 -0.0622) (61 0.0616) (33 0.0598) (76 0.0551) (34 0.0525) (60 0.046) (30 0.0392) (40 -0.0389) (66 0.0381) (78 0.0329) (35 0.0317) (84 -0.0314) (80 0.0308) (43 -0.03) (53 0.0284) (124 -0.027) (48 -0.0243) (70 0.0241) (67 0.0227) (56 0.0218) (46 0.0209) (44 -0.0202) (88 0.0195) (73 -0.016) (15 -0.0154) (123 0.0151) (129 0.0151) (39 0.015) (81 0.0149) (21 -0.0149) (65 -0.0146) (36 -0.0136) (63 0.0128) (87 -0.0124) (37 0.0117) (28 -0.0117) (45 0.0115) (90 -0.0113) (41 0.0113) (98 0.0111) (27 0.0111) 
   0.0026325   (128 0.763) (54 -0.43) (55 0.306) (52 -0.217) (50 0.115) (31 -0.111) (32 -0.0846) (69 0.0832) (68 -0.0815) (74 -0.0725) (49 -0.0718) (51 -0.0656) (71 0.0619) (33 -0.0515) (40 0.0488) (57 0.0421) (70 -0.0398) (129 0.0373) (134 0.0363) (34 -0.0348) (75 0.033) (30 -0.0307) (79 -0.0283) (77 0.0266) (44 0.0263) (72 0.0263) (35 -0.0262) (46 -0.0253) (61 -0.0241) (78 0.0241) (83 0.024) (131 0.0224) (43 0.0215) (73 0.0211) (85 0.0208) (81 -0.0204) (76 0.0201) (84 0.0199) (80 0.0198) (53 -0.0188) (15 0.0159) (37 -0.0147) (56 -0.0147) (62 -0.014) (88 -0.013) (42 -0.0119) (39 -0.0114) (21 0.0113) (27 -0.0108) (48 0.0108) (59 -0.0102) 
   0.0026508   (25 -0.613) (23 0.55) (22 -0.302) (21 -0.271) (27 -0.192) (55 0.161) (15 -0.132) (54 0.123) (34 0.0906) (56 -0.088) (51 0.0789) (37 -0.0706) (19 -0.0656) (57 0.0612) (20 -0.0606) (35 -0.0578) (44 0.056) (31 -0.0525) (17 0.0513) (52 -0.0375) (61 -0.0285) (46 -0.0285) (33 -0.0281) (47 0.028) (42 -0.027) (26 -0.0258) (13 0.0243) (36 0.0187) (38 0.0184) (78 0.0176) (121 0.0152) (74 0.0137) (119 0.0132) (70 0.0127) (48 -0.0124) (79 -0.0123) (12 -0.0114) (45 0.0111) (41 -0.011) (60 -0.0106) (50 -0.0106) (68 0.0104) (69 -0.0103) 
   0.0027631   (61 0.822) (56 0.291) (60 0.277) (57 0.202) (54 -0.176) (55 -0.169) (51 -0.103) (79 0.074) (23 0.0696) (47 -0.0634) (25 -0.0606) (130 0.0598) (78 -0.0594) (50 0.0526) (80 -0.0478) (46 0.0476) (52 0.0465) (22 -0.0449) (59 -0.0335) (21 -0.0332) (72 -0.0312) (15 -0.0301) (73 -0.0289) (48 0.0278) (84 -0.0267) (77 0.0266) (76 -0.0266) (62 0.0263) (45 -0.0228) (106 -0.0207) (107 0.0207) (42 0.0188) (63 0.0183) (123 -0.018) (121 0.0175) (44 -0.0174) (120 -0.0146) (108 -0.0145) (70 0.0142) (105 0.0141) (67 0.0136) (53 -0.0136) (119 -0.0133) (19 -0.0133) (27 -0.0132) (39 -0.0132) (68 0.0132) (34 -0.0123) (90 -0.0117) (49 -0.0116) (104 -0.0116) (81 0.0113) (30 0.0112) (75 -0.0109) (74 0.0108) (37 -0.0103) 
   0.0028669   (130 0.772) (55 -0.366) (54 -0.28) (57 -0.268) (61 -0.195) (51 -0.135) (56 0.108) (23 0.0906) (52 0.0885) (25 -0.0801) (60 -0.0648) (22 -0.0582) (44 -0.051) (43 0.049) (47 -0.047) (21 -0.0425) (15 -0.04) (70 -0.0292) (53 0.0289) (50 0.0274) (74 -0.0266) (68 -0.0265) (78 -0.0252) (46 0.0248) (69 0.0242) (129 0.0238) (48 0.0226) (45 -0.0221) (66 -0.0213) (27 -0.0197) (84 0.0193) (34 -0.0185) (19 -0.016) (121 -0.0159) (77 0.0148) (49 -0.0125) (79 0.0125) (59 0.0124) (42 0.0123) (37 0.012) (131 0.0118) (72 0.0115) (71 0.0107) (119 -0.0107) 
   0.0032796   (130 0.631) (55 0.462) (54 0.358) (57 0.306) (51 0.174) (56 -0.16) (61 0.158) (23 -0.117) (52 -0.112) (25 0.104) (22 0.0754) (44 0.0638) (47 0.0636) (43 -0.0592) (21 0.0551) (60 0.0524) (15 0.0518) (121 0.0452) (50 -0.0385) (78 0.0361) (46 -0.035) (70 0.0344) (53 -0.0338) (74 0.0316) (68 0.0311) (48 -0.0303) (69 -0.03) (45 0.0291) (27 0.0252) (66 0.0252) (34 0.0238) (129 0.0228) (123 -0.0221) (84 -0.022) (79 -0.0217) (19 0.0208) (77 -0.0206) (42 -0.017) (49 0.0164) (119 0.0164) (37 -0.0136) (73 0.0133) (71 -0.0132) (131 0.012) (17 -0.0118) (59 -0.0118) (106 -0.0118) (105 0.0115) (107 0.0112) (72 -0.0112) (20 0.0107) 
   0.0035659   (42 0.897) (66 0.281) (44 0.195) (84 -0.148) (67 0.108) (43 -0.0846) (57 -0.0833) (46 -0.0733) (39 -0.0672) (47 0.0499) (45 0.0417) (51 0.0401) (126 -0.0397) (87 -0.0329) (54 -0.0302) (65 -0.0296) (34 -0.0287) (41 0.0274) (37 -0.0253) (49 -0.0244) (72 -0.0242) (68 0.0238) (73 -0.0232) (74 0.0227) (14 0.0209) (36 0.0176) (55 0.0175) (32 0.0173) (56 -0.0172) (63 -0.0164) (38 0.0158) (31 0.0151) (76 -0.0146) (23 0.0141) (71 0.0135) (75 -0.0134) (90 0.0132) (33 0.0128) (105 -0.012) (106 0.0115) (82 0.0109) (50 0.0103) (107 -0.0103) 
   0.0036766   (84 -0.855) (126 -0.384) (66 -0.205) (87 -0.146) (67 -0.0829) (78 0.0781) (42 -0.0705) (90 0.0658) (57 0.0635) (82 0.055) (106 0.0487) (105 -0.0467) (107 -0.0451) (44 -0.043) (79 -0.0405) (51 -0.0399) (91 0.0374) (61 -0.0356) (80 0.0337) (88 0.0309) (83 -0.0306) (125 -0.0302) (43 0.0275) (93 -0.0267) (54 -0.0256) (47 -0.0249) (122 0.0248) (77 -0.0221) (65 0.0215) (108 -0.0213) (46 0.0212) (86 -0.0194) (121 -0.0193) (92 0.0184) (104 0.0179) (45 -0.0154) (96 0.0153) (81 -0.0148) (94 -0.0144) (103 -0.0136) (55 -0.013) (85 0.0125) (69 -0.0125) (60 -0.0123) (34 -0.0119) (73 0.0116) (63 0.0113) (49 -0.0113) (111 -0.0111) (72 0.0104) (123 -0.0102) 
   0.0038396   (126 -0.708) (66 -0.46) (84 0.405) (42 0.215) (67 -0.18) (57 0.0793) (87 0.0721) (74 -0.0523) (72 0.0491) (65 0.0477) (73 0.0429) (68 -0.0425) (90 -0.0425) (78 -0.0413) (76 0.0339) (54 0.0322) (79 0.032) (71 -0.0309) (56 0.0308) (75 0.0301) (43 -0.0291) (82 -0.0283) (106 -0.0261) (105 0.0259) (80 -0.0248) (63 0.024) (83 0.0229) (107 0.022) (125 -0.0196) (77 -0.0186) (91 -0.0174) (41 0.0171) (47 0.0169) (49 0.0169) (39 -0.0156) (92 -0.0154) (34 -0.0153) (108 0.015) (104 -0.0144) (44 0.0143) (45 0.0141) (50 -0.0137) (70 -0.0133) (88 -0.0126) (69 0.0121) (129 -0.0118) (51 -0.0105) (61 -0.01) (109 -0.01) 
   0.0040449   (66 0.669) (126 -0.589) (42 -0.273) (67 0.263) (57 -0.132) (84 0.0828) (65 -0.0693) (72 -0.0641) (74 0.0608) (73 -0.0575) (68 0.0555) (76 -0.0461) (71 0.0416) (75 -0.0387) (51 0.0366) (77 0.0364) (61 0.0354) (63 -0.0352) (56 -0.0341) (34 0.0283) (39 0.0262) (43 0.0221) (129 -0.0195) (54 -0.019) (15 0.0175) (41 -0.0171) (50 0.0164) (23 -0.015) (14 -0.0142) (60 0.0135) (93 0.0129) (55 0.0126) (70 0.0123) (31 -0.0117) (79 -0.0109) (49 -0.0108) (33 -0.0108) 
    0.004081   (105 -0.616) (107 0.503) (112 -0.331) (113 0.207) (110 -0.191) (101 0.169) (114 -0.159) (56 0.132) (115 0.124) (99 0.121) (92 0.115) (118 0.105) (103 0.0936) (97 0.0904) (116 -0.0877) (109 0.0839) (104 -0.0673) (91 -0.0533) (145 -0.042) (98 0.0415) (140 0.0337) (55 0.0323) (78 0.0323) (90 -0.0309) (61 -0.0272) (106 -0.0232) (79 -0.0227) (121 -0.0218) (119 0.0213) (54 0.0208) (94 0.018) (100 -0.0174) (117 -0.0171) (123 -0.0155) (108 0.0153) (80 0.0137) (87 -0.0125) (111 0.0122) (125 -0.0118) (70 0.0107) (52 -0.0106) 
   0.0042125   (140 0.989) (145 0.144) (105 0.0232) (149 0.0163) (107 -0.0155) (139 -0.0124) (56 -0.0111) 
   0.0043001   (56 0.878) (55 0.243) (61 -0.153) (54 0.124) (47 0.115) (105 0.11) (52 -0.106) (37 0.0984) (57 -0.0981) (49 0.0901) (51 0.0691) (107 -0.0654) (48 -0.0621) (41 0.0611) (50 -0.0564) (78 0.056) (45 0.053) (39 0.0529) (44 -0.0509) (38 -0.0502) (60 -0.0482) (70 0.0478) (46 -0.0474) (69 -0.0465) (14 -0.0461) (79 -0.0458) (53 0.0457) (27 0.0394) (66 0.0318) (74 0.0309) (68 0.0297) (112 0.0289) (15 -0.0276) (101 -0.027) (106 -0.0263) (113 -0.0257) (104 0.0252) (35 0.0238) (80 0.0224) (84 -0.0217) (145 0.021) (110 0.0205) (77 -0.0203) (115 -0.0199) (92 0.0198) (114 0.0196) (109 -0.019) (34 -0.0179) (99 -0.0178) (90 -0.0172) (21 -0.0168) (118 -0.0166) (22 -0.0165) (71 0.0162) (17 0.0157) (102 -0.0156) (63 -0.0153) (36 -0.0131) (72 -0.0127) (116 0.0126) (43 -0.012) (59 0.0114) (91 0.0113) (19 -0.0112) (25 -0.011) (94 -0.0101) (13 0.01) 
   0.0044147   (45 0.423) (71 0.412) (46 0.392) (81 0.363) (70 0.32) (83 0.214) (80 -0.188) (69 -0.186) (93 -0.164) (87 0.138) (77 0.12) (72 -0.102) (43 -0.0969) (78 0.0925) (76 -0.0738) (109 0.069) (99 0.0627) (74 0.0575) (82 -0.0571) (100 -0.0543) (44 0.0515) (79 -0.0508) (114 -0.0502) (67 -0.0483) (96 -0.048) (54 -0.0459) (85 -0.0437) (49 -0.0407) (61 -0.0368) (104 -0.0361) (89 0.0357) (51 -0.0337) (47 0.0303) (66 -0.0296) (156 0.029) (48 0.0285) (56 -0.0279) (68 0.027) (98 0.0255) (84 -0.0251) (75 -0.0233) (26 0.0221) (35 -0.0183) (105 0.0182) (37 -0.0179) (101 -0.0179) (53 -0.0169) (57 0.0169) (88 -0.0168) (107 -0.0166) (50 0.0159) (73 -0.0135) (113 -0.0129) (27 -0.0107) (60 -0.0101) 
   0.0046004   (156 0.999) (45 -0.0244) (46 -0.0217) 
   0.0046402   (45 0.579) (46 0.495) (71 -0.374) (70 -0.283) (81 -0.189) (69 0.169) (80 0.14) (43 -0.127) (87 -0.108) (78 -0.107) (83 -0.1) (72 0.0988) (47 0.095) (109 -0.0761) (44 0.0712) (90 0.0611) (67 0.0544) (77 -0.0481) (76 0.0473) (79 -0.0471) (74 -0.044) (99 -0.039) (114 0.0385) (37 0.0361) (100 0.0328) (68 -0.0311) (66 0.031) (107 0.031) (85 0.0293) (39 0.0289) (75 0.0276) (41 0.0265) (57 -0.0252) (42 -0.0246) (86 -0.0244) (14 -0.022) (104 0.0209) (82 0.0204) (156 0.0201) (38 -0.0192) (61 0.0185) (73 0.0184) (106 -0.0177) (53 0.0175) (122 -0.0173) (49 -0.0173) (63 0.0158) (92 0.0149) (27 0.0134) (35 -0.0123) (93 -0.012) (113 0.0114) (101 0.011) (25 -0.0107) (102 0.0103) (48 0.0102) (52 -0.0102) 
   0.0047276   (26 -0.942) (133 -0.325) (25 0.0503) (35 0.0185) (16 -0.0181) (34 0.0177) (45 0.017) (31 -0.0157) (18 -0.015) (17 -0.0142) (46 0.0139) (93 0.0124) (32 -0.011) (109 0.0108) (21 0.0106) (33 -0.0106) (36 0.0106) 
   0.0049361   (133 -0.945) (26 0.324) (8 0.0379) (25 -0.0173) 
   0.0051304   (8 -0.999) (133 -0.0356) (26 0.0127) 
    0.005288   (4 -1) 
   0.0053341   (30 0.543) (27 -0.465) (29 -0.441) (37 0.265) (135 0.237) (14 0.231) (28 0.166) (32 -0.121) (38 -0.115) (35 0.104) (39 0.104) (19 0.0744) (25 0.074) (22 0.0685) (33 -0.0649) (15 0.0499) (41 0.0443) (23 0.0416) (24 -0.0406) (44 0.0359) (21 0.0359) (34 0.0348) (36 -0.0308) (31 -0.0303) (78 0.0225) (79 -0.021) (46 -0.0158) (47 0.0146) (43 0.0128) (20 -0.0126) (55 -0.0123) (13 -0.0109) (56 -0.0108) (18 -0.0101) 
   0.0054359   (135 0.972) (30 -0.132) (27 0.113) (29 0.107) (37 -0.0645) (14 -0.0563) (28 -0.0405) (32 0.0294) (38 0.028) (35 -0.0254) (39 -0.0252) (19 -0.0181) (25 -0.018) (22 -0.0167) (33 0.0158) (15 -0.0122) (41 -0.0108) (23 -0.0101) 
   0.0056032   (11 -0.806) (16 0.455) (18 0.203) (15 0.194) (14 0.164) (19 -0.125) (27 0.0923) (22 -0.0702) (17 0.0429) (20 0.0378) (37 0.0291) (21 -0.0289) (24 0.0264) (30 0.0194) (38 -0.0167) (25 -0.0167) (13 -0.0143) (26 -0.0139) (10 0.0131) (39 0.0105) (35 0.01) 
   0.0057185   (142 0.999) (11 0.0272) (16 0.0251) (18 0.0114) (15 0.0105) 
   0.0059173   (16 -0.622) (11 -0.591) (18 -0.282) (15 -0.26) (14 -0.208) (19 0.172) (27 -0.129) (22 0.099) (17 -0.0621) (20 -0.0564) (21 0.0431) (142 0.0423) (37 -0.0399) (24 -0.0352) (30 -0.0295) (38 0.0265) (25 0.0246) (26 0.0186) (35 -0.0142) (39 -0.0132) (80 -0.0118) (60 -0.0107) (28 0.0105) (78 -0.0104) 
   0.0063929   (13 -0.934) (43 0.307) (12 0.121) (40 -0.0667) (45 0.0624) (44 0.0443) (47 0.0393) (15 -0.0287) (14 -0.0276) (41 -0.0237) (37 -0.0205) (31 -0.0194) (32 0.0179) (39 -0.0178) (54 0.0156) (42 0.0153) (17 0.0147) (38 0.0141) (46 0.0124) (61 0.0114) (36 0.0111) (48 -0.0111) (23 0.011) 
   0.0066827   (143 -0.999) (43 0.0346) (13 0.0156) 
    0.007457   (43 -0.879) (13 -0.326) (45 -0.157) (40 0.151) (44 -0.135) (47 -0.0965) (37 0.0822) (41 0.0798) (39 0.0633) (14 -0.0527) (38 -0.0496) (32 -0.0424) (42 -0.0422) (143 -0.0402) (54 -0.0386) (12 0.0361) (31 0.0329) (72 0.0293) (46 -0.0284) (36 -0.028) (74 0.0275) (25 -0.0267) (15 -0.0267) (61 -0.0258) (48 0.0252) (27 0.0251) (79 0.0243) (21 -0.0238) (59 -0.0221) (49 -0.0216) (50 0.0204) (67 0.0193) (63 -0.0191) (80 0.0188) (51 -0.0187) (17 0.0183) (64 -0.0153) (106 -0.0152) (84 -0.015) (56 -0.0147) (76 0.0145) (107 0.0142) (35 0.0139) (22 -0.0137) (55 -0.0128) (65 -0.0128) (105 0.0114) (81 0.011) (85 -0.0107) (62 0.0104) (77 0.0104) (19 -0.0103) 
   0.0076204   (12 0.943) (32 0.235) (31 -0.183) (13 0.123) (40 0.0463) (36 -0.0284) (35 0.026) (30 0.0219) (37 0.0209) (65 -0.0176) (34 -0.0161) (137 -0.0157) (43 -0.0134) (68 0.0118) (15 -0.0106) 
   0.0082118   (137 -0.994) (32 0.0769) (31 -0.0584) (12 -0.0479) (40 0.0165) 

 Largest eigenvalues
      125.65   (162 -0.205) (164 0.967) 
      30.054   (14 -0.254) (27 0.219) (37 0.448) (38 -0.223) (39 0.211) (41 0.227) (47 0.267) (78 -0.261) (79 0.238) 
       25.06   (78 -0.529) (79 0.46) (80 -0.335) 
      15.085   (105 0.477) (106 -0.536) (107 0.498) 
      4.4731   (145 0.979) 
      1.4122   (162 -0.979) 
      1.2254   (163 -0.998) 
      1.1542   (165 0.998) 
      1.1435   (90 0.224) (92 -0.897) (101 -0.233) 
      1.1354   (100 -0.288) (101 0.715) (106 0.462) 
      1.1242   (101 0.354) (106 -0.624) (107 -0.459) 
     0.95733   (111 0.372) (115 -0.802) 
     0.93405   (103 -0.905) 
     0.87042   (99 0.578) (100 0.627) (101 0.364) 
     0.81907   (103 0.287) (111 -0.643) (123 -0.374) 
     0.78045   (110 -0.46) (111 0.47) (115 0.379) (123 -0.312) (149 -0.294) 
     0.73506   (97 -0.301) (110 0.736) 
      0.6845   (97 0.92) (110 0.249) 
     0.66153   (112 0.306) (113 0.467) (123 0.357) (125 -0.385) (149 -0.387) 
     0.66019   (112 -0.735) (113 -0.282) (123 0.237) (125 -0.231) (129 0.221) (149 -0.262) 
     0.63701   (108 0.667) (113 -0.554) 
     0.59923   (108 -0.673) (110 -0.293) (112 0.32) (113 -0.349) 
     0.57413   (113 0.377) (120 0.475) (121 -0.324) (129 0.299) (134 0.355) 
     0.57259   (120 -0.448) (121 0.544) (123 -0.498) 
     0.56965   (117 0.365) (119 -0.556) (121 -0.498) 
     0.54841   (116 -0.213) (117 -0.814) (120 -0.221) (121 -0.206) (134 0.222) 
     0.54019   (116 0.431) (118 0.369) (119 0.394) (122 0.353) (124 0.32) (134 0.333) 
     0.51943   (116 -0.66) (124 0.289) (134 0.311) 
     0.50868   (116 0.537) (118 -0.286) (119 -0.291) (125 -0.389) (149 0.327) 
     0.49579   (91 0.968) 
     0.44309   (118 0.46) (120 -0.268) (121 -0.265) (125 -0.313) (129 0.331) (149 0.386) 
      0.4175   (94 -0.933) (104 -0.239) 
     0.38632   (94 0.325) (102 0.421) (104 -0.745) 
     0.34887   (102 -0.803) (104 -0.272) 
     0.33615   (99 0.345) (100 -0.304) (104 0.3) (114 0.353) (122 0.308) (129 0.29) 
     0.30233   (78 -0.271) (87 0.663) 
     0.26888   (78 0.391) (99 -0.394) (100 0.323) 
     0.24265   (78 -0.429) (87 -0.585) 
     0.23029   (99 0.29) (109 0.437) (114 -0.55) 
     0.22552   (90 -0.773) (93 0.479) 
     0.19589   (90 0.402) (96 0.538) (109 -0.437) 
      0.1857   (86 -0.319) (93 -0.607) (109 -0.364) 
     0.16207   (85 -0.291) (86 0.83) 
     0.13971   (89 -0.749) (93 0.332) (96 -0.31) 
     0.13523   (79 0.403) (81 -0.458) (83 -0.465) 
      0.1293   (77 0.352) (79 -0.25) (81 0.233) (85 0.204) (88 0.237) (89 0.276) (93 0.229) (96 -0.252) (114 0.204) (122 -0.246) 
     0.11783   (59 0.404) (63 -0.382) (69 0.353) 
     0.11305   (58 0.389) (59 -0.66) 
     0.10333   (58 -0.538) (63 0.437) 
    0.094589   (58 0.524) (63 -0.295) (96 0.296) 
    0.093049   (58 -0.488) (59 -0.476) (63 -0.357) 
    0.082769   (59 0.23) (63 0.58) (67 -0.266) (69 0.212) (83 -0.278) 
    0.080346   (64 0.748) (67 0.333) 
    0.076984   (62 0.413) (64 -0.557) (67 0.407) 
    0.073631   (60 -0.606) (62 -0.394) 
    0.065583   (60 0.353) (67 -0.313) (80 0.223) (114 -0.231) (118 -0.248) (119 0.263) 
    0.063512   (60 -0.33) (72 -0.292) (76 0.284) 
    0.061313   (60 0.368) (62 -0.553) (68 -0.302) 
    0.057736   (62 0.5) (72 0.341) 
    0.056391   (65 0.323) (68 0.524) (76 -0.323) 
    0.056097   (65 -0.454) (72 -0.381) (75 0.288) (80 0.291) (81 0.287) (98 -0.311) 
    0.050145   (65 0.532) (76 0.38) (98 -0.326) 
    0.048004   (65 -0.484) (68 0.339) (72 0.303) 
    0.047017   (72 -0.273) (76 -0.415) (80 -0.277) (81 -0.273) (83 0.25) (88 0.29) 
    0.045232   (33 -0.765) (40 -0.516) 
    0.042799   (33 0.514) (40 -0.751) 
    0.042178   (75 0.334) (85 -0.34) (98 0.321) (124 -0.304) 
    0.041472   (48 -0.64) (49 -0.311) (50 0.328) (75 -0.291) 
    0.038432   (48 0.478) (74 -0.292) (75 -0.51) 
    0.031855   (18 -0.38) (20 0.433) (28 0.514) (29 0.32) 
    0.029442   (18 -0.616) (20 -0.429) (21 0.298) (28 -0.288) 
    0.027892   (18 0.389) (20 -0.532) (28 0.4) (38 0.341) 
    0.025632   (20 0.327) (28 -0.49) (38 0.471) 
    0.021372   (38 -0.419) (85 0.42) (88 -0.478) 
    0.021283   (122 -0.34) (125 0.363) (131 0.644) (134 0.33) 
    0.020641   (127 0.578) (160 -0.809) 
    0.018716   (127 0.577) (160 0.315) (161 0.753) 
    0.016159   (127 0.577) (160 0.495) (161 -0.649) 
    0.015408   (15 -0.377) (17 0.742) (18 0.35) 
    0.014677   (138 0.995) 
