 1 1000
 2 560.852
 3 5.15338
 4 1000
 5 609.294
 6 54.0696
 7 999.957
 8 15.489
 9 980.283
 10 907.586
 11 4.39686
 12 740.166
 13 1000
 14 999.399
 15 0.814598
 16 1000
 17 999.165
 18 1.01712
 19 1000
 20 976.636
 21 21.2298
 22 1000
 23 994.966
 24 4.68165
 25 238.191
 26 268.742
 27 11.3293
 28 993.529
 29 315.809
 30 154.992
 31 526.14
 32 113.116
 33 718.869
 34 215.426
 35 190.355
 36 268.982
 37 989.748
 38 998.405
 39 3.11925
 40 590.955
 41 973.35
 42 1.74679
 43 481.296
 44 872.048
 45 14.3946
 46 998.115
 47 719.683
 48 282.825
 49 961.812
 50 182.202
 51 272.499
 52 199.297
 53 967.89
 54 274.448
 55 116.572
 56 244.326
 57 946.715
 58 79.8978
 59 127.648
 60 153.383
 61 29.2317
 62 1.76613
 63 210.19
 64 390.935
 65 1.9057
 66 419.797
 67 952.305
 68 49.83
 69 999.907
 70 1000
 71 992.711
 72 7.04341
 73 999.75
 74 10.3145
 75 990.911
 76 989.638
 77 5.70704
 78 801.632
 79 999.262
 80 40.5215
 81 956.535
 82 991.99
 83 397.941
 84 2.39151
 85 133.32
 86 2.43475
 87 968.654
 88 1.71228
 89 1.64088
 90 1.88291
 91 8.73625
 92 429.913
 93 833.221
 94 561.394
 95 834.211
 96 928.874
 97 374.775
 98 285.099
 99 142.61
 100 770.614
 101 946.733
 102 114.57
 103 159.678
 104 146.116
 105 140.375
 106 167.064
 107 171.124
 108 174.463
 109 129.278
 110 95.1073
 111 190.325
 112 207.01
 113 189.61
 114 172.019
 115 182.98
 116 141.588
 117 179.811
 118 199.808
 119 155.143
 120 92.1738
 121 126.263
 122 49.2471
 123 60.2611
 124 38.2751
 125 30.2825
 126 50.6715
 127 27.4266
 128 97.8038
 129 68.1949
 130 62.2152
 131 19.903
 132 20.7097
 133 23.0225
 134 36.2307
 135 8.89062
 136 47.284
 137 10.1897
 138 9.25369
 139 9.12168
 140 10.7246
 141 11.4081
 142 8.64454
 143 9.20294
 144 14.8933
 145 14.7988
 146 12.4286
 147 10.0042
 148 24.877
 149 16.5702
 150 12.2251
 151 13.6483
 152 23.0954
 153 21.6515
 154 14.3319
 155 19.7117
 156 23.7629
 157 46.7203
 158 0.216257
 159 0.177329
 160 0.166892
 161 3.74923
 162 30.6042
 163 165.68
 164 257.878
 165 6.06483
