 1 31.6228
 2 23.4377
 3 1.13377
 4 31.6228
 5 23.6632
 6 3.05201
 7 31.6219
 8 1.4337
 9 31.0713
 10 29.9723
 11 1.07428
 12 26.9352
 13 31.6228
 14 31.6111
 15 0.90244
 16 31.6228
 17 31.6039
 18 0.917569
 19 31.6228
 20 30.9415
 21 1.6231
 22 31.6228
 23 31.4804
 24 1.06272
 25 15.0465
 26 15.5387
 27 1.58521
 28 31.4976
 29 14.7953
 30 7.85116
 31 22.4776
 32 4.78373
 33 24.774
 34 14.5078
 35 9.50939
 36 12.9535
 37 31.4422
 38 31.5772
 39 1.36178
 40 24.0505
 41 31.1363
 42 1.29309
 43 21.3648
 44 28.999
 45 1.79279
 46 31.5716
 47 23.2319
 48 10.1256
 49 30.8795
 50 13.1127
 51 13.5171
 52 10.2469
 53 30.9698
 54 16.4171
 55 7.18889
 56 13.2225
 57 30.4575
 58 8.45529
 59 8.71776
 60 9.78812
 61 4.84387
 62 1.31835
 63 14.1769
 64 18.3508
 65 0.980647
 66 19.2557
 67 30.1836
 68 2.93195
 69 31.6201
 70 31.6228
 71 31.4223
 72 1.50796
 73 31.6173
 74 1.62716
 75 31.3531
 76 31.4413
 77 1.47824
 78 28.16
 79 31.6063
 80 2.63793
 81 30.3607
 82 31.4579
 83 19.3468
 84 1.3488
 85 10.8791
 86 1.38674
 87 30.877
 88 1.10028
 89 1.04592
 90 1.23046
 91 2.44342
 92 18.8089
 93 27.4
 94 21.1463
 95 27.7743
 96 29.9393
 97 17.9566
 98 15.0598
 99 9.65435
 100 26.9181
 101 30.4744
 102 9.617
 103 11.9434
 104 11.3319
 105 11.1794
 106 12.4851
 107 12.5557
 108 12.6498
 109 10.5047
 110 8.30965
 111 13.1408
 112 14.0531
 113 13.3652
 114 12.5643
 115 12.7683
 116 10.7319
 117 12.5734
 118 13.4704
 119 11.7229
 120 8.85713
 121 10.7917
 122 6.80544
 123 7.62219
 124 5.68328
 125 5.23696
 126 6.82738
 127 4.61667
 128 9.28954
 129 7.3955
 130 7.31447
 131 4.09558
 132 4.44943
 133 4.66946
 134 5.92322
 135 2.72673
 136 6.80778
 137 2.99547
 138 2.88486
 139 2.86905
 140 3.14765
 141 3.11904
 142 2.6823
 143 2.82927
 144 3.73269
 145 3.73991
 146 3.38006
 147 2.96549
 148 4.9018
 149 3.93563
 150 3.32433
 151 3.51159
 152 4.70649
 153 4.54657
 154 3.66562
 155 4.35309
 156 4.77161
 157 6.75658
 158 0.189355
 159 0.332474
 160 0.271895
 161 1.41366
 162 5.01476
 163 11.7595
 164 15.5301
 165 0.904487
