 1 61332.6
 2 595.32
 3 5.41931
 4 247536
 5 635.994
 6 56.4038
 7 712745
 8 90.7594
 9 6035.45
 10 2732.05
 11 7.62006
 12 1406.53
 13 823837
 14 7869.39
 15 0.816078
 16 693337
 17 5031.08
 18 1.76727
 19 159931
 20 2801.94
 21 59.0727
 22 267112
 23 3947.06
 24 15.926
 25 254.58
 26 311.553
 27 13.0881
 28 3367.78
 29 359.008
 30 175.124
 31 528.124
 32 116.875
 33 744.194
 34 222.281
 35 200.363
 36 284.255
 37 1532.93
 38 3115.42
 39 6.31659
 40 938.15
 41 4900.95
 42 2.00942
 43 650.903
 44 1505.92
 45 24.0923
 46 7062.67
 47 1980.53
 48 695.249
 49 2017.94
 50 184.391
 51 313.98
 52 233.076
 53 2991.84
 54 300.749
 55 141.9
 56 302.839
 57 1337
 58 81.5853
 59 141.352
 60 171.226
 61 29.2742
 62 1.76644
 63 211.4
 64 394.462
 65 1.91133
 66 422.303
 67 3634.17
 68 185.608
 69 98475.7
 70 343367
 71 3133.89
 72 18.3342
 73 21659.4
 74 97.5486
 75 10556.5
 76 10807.1
 77 8.47395
 78 1295.53
 79 11127.4
 80 103.187
 81 2258.32
 82 2252.62
 83 433.614
 84 2.50812
 85 170.748
 86 2.73071
 87 2112.62
 88 1.71236
 89 1.6409
 90 1.88303
 91 9.42952
 92 511.724
 93 1480.83
 94 931.118
 95 1620.85
 96 1992.03
 97 395.601
 98 296.47
 99 144.115
 100 907.533
 101 1567.2
 102 118.295
 103 162.555
 104 147.893
 105 141.25
 106 167.856
 107 172.033
 108 175.341
 109 130.146
 110 96.8812
 111 191.216
 112 208.006
 113 190.35
 114 172.388
 115 183.477
 116 142.297
 117 180.212
 118 200.134
 119 155.578
 120 93.2423
 121 126.844
 122 49.7454
 123 61.4143
 124 38.6784
 125 30.8228
 126 51.0018
 127 28.6943
 128 99.502
 129 69.2509
 130 63.3204
 131 20.1669
 132 20.9258
 133 23.3108
 134 36.9452
 135 9.11687
 136 47.5703
 137 10.3851
 138 9.47478
 139 9.33473
 140 11.0035
 141 11.9928
 142 8.95101
 143 9.47316
 144 15.1283
 145 15.0458
 146 12.7125
 147 10.3057
 148 25.1951
 149 16.9385
 150 12.4959
 151 13.9355
 152 23.485
 153 22.2709
 154 14.6403
 155 19.9416
 156 23.9693
 157 46.9655
 158 0.257727
 159 0.182925
 160 0.180014
 161 3.93051
 162 32.5453
 163 194.185
 164 263.021
 165 6.51707
