 Smallest eigenvalues
  1.2138e-06   (9 -1) 
  1.3947e-06   (47 0.793) (49 -0.413) (42 -0.204) (40 -0.166) (41 -0.157) (39 0.128) (50 0.0933) (154 -0.0864) (51 0.0848) (48 -0.0793) (57 0.0785) (56 -0.0735) (43 0.0718) (44 -0.0708) (46 0.0691) (82 0.0669) (30 -0.055) (53 -0.0529) (55 0.0482) (52 0.0481) (13 -0.0413) (81 -0.0379) (15 -0.0374) (59 -0.0372) (68 -0.0364) (32 -0.031) (17 -0.028) (78 0.0265) (21 0.026) (38 0.0253) (20 0.0252) (84 0.0241) (34 0.0241) (54 0.024) (67 0.0225) (24 -0.0223) (77 0.0216) (29 -0.0207) (26 0.019) (25 0.0179) (37 -0.0177) (45 -0.0173) (61 0.0168) (27 -0.0163) (22 0.0162) (79 -0.0151) (76 -0.0148) (66 -0.0143) (36 -0.0139) (16 -0.0132) (88 0.0128) (74 0.0126) (72 0.0119) (28 -0.0111) (23 0.0108) (89 -0.0108) (69 0.0107) 
  1.4423e-06   (154 -0.996) (47 -0.0688) (49 0.0357) (42 0.0177) (40 0.0145) (41 0.0137) (39 -0.0112) 
  2.9123e-06   (6 -1) 
  3.7437e-06   (43 0.497) (46 -0.452) (45 -0.367) (150 -0.283) (44 -0.269) (47 -0.243) (41 -0.238) (42 -0.223) (40 -0.182) (39 0.138) (48 0.128) (30 -0.0546) (56 -0.0537) (82 0.0529) (57 0.0472) (13 -0.0355) (49 -0.0336) (32 -0.0322) (15 -0.0318) (53 -0.0292) (50 -0.0291) (68 -0.0284) (81 -0.0276) (26 0.0268) (55 0.025) (17 -0.0238) (20 0.0235) (54 0.0233) (21 0.0225) (24 -0.0207) (38 0.0203) (34 0.0198) (59 -0.0193) (84 0.018) (78 0.0177) (37 -0.0172) (79 -0.0152) (36 -0.0141) (16 -0.0137) (66 -0.013) (22 0.0113) (28 -0.01) 
  4.0398e-06   (150 -0.959) (43 -0.147) (46 0.133) (45 0.108) (44 0.0794) (47 0.0717) (41 0.0702) (42 0.0657) (40 0.0538) (39 -0.0407) (48 -0.0377) (30 0.0161) (56 0.0158) (82 -0.0153) (57 -0.0139) (13 0.0105) 
  6.2527e-06   (2 0.997) (32 -0.0563) (30 -0.0326) (34 -0.0275) (33 0.0218) 
  1.0152e-05   (153 -0.993) (32 -0.0878) (30 -0.0511) (34 -0.0428) (33 0.0346) (36 0.0153) (26 0.0128) (31 0.0112) (39 -0.0103) 
  1.6305e-05   (32 0.722) (30 0.42) (34 0.352) (33 -0.284) (36 -0.125) (153 -0.121) (26 -0.105) (31 -0.0919) (39 0.0849) (2 0.0764) (17 0.0575) (20 -0.0571) (40 -0.0568) (28 0.054) (24 0.053) (42 -0.0521) (15 0.0453) (13 0.0446) (35 0.0434) (43 0.0404) (27 0.0395) (82 -0.0366) (21 -0.0347) (44 -0.0266) (25 -0.026) (81 0.0215) (47 0.0212) (22 -0.0209) (48 -0.0202) (16 0.02) (41 -0.0175) (29 -0.015) (23 -0.0148) (68 0.0137) (53 0.012) (56 0.0117) (75 0.0116) 
   3.524e-05   (20 -0.662) (21 0.459) (45 0.378) (22 0.253) (44 -0.154) (46 0.15) (42 -0.136) (47 -0.126) (43 0.0997) (40 -0.0885) (17 0.0825) (39 0.0752) (41 -0.0733) (23 -0.0631) (36 -0.058) (31 0.0468) (56 -0.0376) (26 0.0335) (24 -0.0302) (33 0.03) (28 -0.0295) (55 0.0283) (30 -0.0279) (15 0.0277) (25 0.0277) (78 0.0263) (32 -0.0262) (73 0.025) (72 0.0243) (29 -0.0238) (50 -0.0232) (35 -0.0225) (48 0.0205) (67 0.0196) (53 -0.0195) (49 -0.0183) (57 0.018) (82 0.0175) (62 0.0168) (81 -0.0156) (65 0.0145) (19 0.0141) (52 -0.0116) (51 -0.0114) (61 0.0109) (71 0.0109) (84 0.0107) (54 0.0101) 
  8.5421e-05   (155 -0.998) (45 0.043) (20 0.0286) (46 0.0176) (21 -0.0175) (44 -0.0168) (47 -0.0154) (42 -0.0149) (40 -0.0147) (43 0.0107) 
  8.8583e-05   (45 -0.63) (20 -0.411) (46 -0.258) (21 0.251) (44 0.246) (47 0.225) (42 0.219) (40 0.215) (43 -0.156) (22 0.139) (39 -0.104) (17 0.0702) (41 0.0699) (155 -0.0684) (48 -0.051) (23 -0.0494) (82 -0.0488) (53 0.0434) (49 0.0417) (15 0.0403) (55 -0.0393) (54 -0.0386) (81 0.0337) (57 -0.0332) (56 0.0315) (13 0.031) (72 -0.0284) (78 -0.0276) (73 -0.0255) (35 -0.0253) (30 0.0244) (67 -0.0241) (52 0.0193) (26 -0.0187) (65 -0.0174) (62 -0.0174) (59 0.0169) (51 0.0163) (68 0.0162) (84 -0.0155) (29 -0.0148) (74 -0.0146) (38 -0.0145) (33 0.0143) (32 0.0135) (25 0.0131) (16 0.0126) (60 -0.0123) (37 0.0117) (61 -0.0108) (31 -0.0106) 
  0.00012079   (1 1) 
   0.0001288   (13 -0.927) (15 0.3) (14 -0.126) (16 0.112) (17 0.0803) (21 -0.0534) (20 -0.0477) (24 0.042) (30 0.037) (22 -0.0335) (18 -0.0269) (41 0.0253) (39 -0.0223) (12 -0.0208) (40 0.0196) (25 -0.0193) (11 0.0187) (23 -0.0182) (34 -0.0171) (42 0.0153) (29 0.0142) (26 -0.0128) (32 0.0121) (38 -0.0113) 
  0.00018448   (159 1) 
   0.0002033   (3 1) 
  0.00024976   (16 -0.839) (15 -0.42) (17 0.223) (13 -0.194) (20 -0.0838) (21 -0.0826) (24 0.0701) (18 -0.0563) (30 0.048) (22 -0.0382) (25 -0.0337) (23 -0.0324) (39 -0.0224) (40 0.0212) (34 -0.02) (41 0.0169) (29 0.0168) (32 0.0162) (14 -0.0153) (26 -0.0139) (158 0.0136) (42 0.0134) (28 0.011) (12 -0.0107) 
  0.00025679   (158 1) (16 0.0114) 
  0.00026367   (7 -1) 
   0.0002833   (25 0.935) (27 0.162) (152 -0.143) (24 -0.135) (23 0.111) (30 0.0996) (20 0.0758) (17 -0.0717) (21 0.0589) (13 -0.056) (22 0.0543) (15 -0.0485) (16 -0.0415) (47 -0.0384) (26 0.0376) (36 -0.037) (32 0.0364) (31 0.0351) (49 -0.0321) (48 -0.0313) (29 0.028) (39 -0.0271) (33 0.025) (34 -0.0248) (42 0.0218) (40 0.0208) (46 0.0197) (35 0.0181) (45 -0.0172) (41 0.017) (82 0.0152) (56 -0.0145) (75 0.0112) 
  0.00029065   (152 -0.99) (25 -0.135) (27 -0.0233) (24 0.0195) (23 -0.016) (30 -0.0143) (20 -0.0109) (17 0.0103) 
  0.00029641   (5 -1) 
  0.00032124   (18 0.758) (17 -0.582) (20 -0.162) (15 -0.0984) (16 -0.0972) (22 -0.0965) (13 -0.0915) (19 -0.074) (21 -0.0682) (156 -0.0616) (23 -0.0519) (30 0.044) (25 -0.0387) (24 0.0182) (47 -0.0175) (40 0.017) (14 -0.0168) (36 -0.016) (82 0.0145) (42 0.0141) (27 0.0139) (56 -0.0137) (33 0.0137) (43 -0.0127) (29 0.0123) (32 0.0101) 
  0.00032498   (156 -0.998) (18 -0.0468) (17 0.0359) 
  0.00034981   (74 0.682) (57 -0.379) (59 0.35) (73 -0.259) (70 0.21) (66 -0.162) (53 -0.13) (41 -0.117) (54 0.106) (55 0.0975) (72 0.0886) (52 -0.0839) (82 -0.0764) (46 0.0744) (45 -0.0634) (51 -0.0602) (60 -0.0599) (42 -0.0582) (50 0.0578) (43 -0.0544) (40 -0.0502) (71 -0.0465) (67 -0.046) (68 0.0455) (44 0.0448) (56 -0.0441) (75 0.0405) (38 0.0404) (34 0.0384) (81 0.0356) (39 0.0298) (30 -0.0285) (48 -0.0283) (15 -0.0274) (21 0.0273) (122 0.0261) (49 0.0254) (13 -0.0252) (26 0.0247) (89 -0.0223) (20 0.0221) (37 -0.022) (47 -0.0215) (79 0.019) (97 -0.0188) (101 0.0184) (88 0.0177) (99 -0.0165) (31 -0.016) (121 -0.0151) (22 0.0146) (27 -0.0135) (62 -0.0135) (151 0.0132) (125 -0.013) (115 -0.0127) (104 0.0126) (29 -0.0125) (116 0.0118) (107 -0.011) (98 0.011) (90 -0.0103) (23 -0.0103) 
  0.00042446   (74 -0.592) (57 -0.433) (59 0.338) (73 0.248) (66 -0.235) (151 0.187) (70 0.185) (41 -0.151) (46 0.121) (49 0.114) (39 0.105) (54 0.104) (53 -0.0943) (52 -0.0903) (45 -0.0881) (48 -0.0843) (40 -0.0718) (42 -0.0718) (67 -0.0711) (72 -0.0602) (60 -0.0599) (34 0.0532) (30 -0.0522) (68 0.0472) (13 -0.0457) (15 -0.045) (43 -0.0441) (38 0.0427) (55 0.0413) (20 0.0366) (44 0.0344) (26 0.034) (119 -0.0334) (21 0.0314) (78 -0.0292) (37 -0.0289) (56 -0.0272) (84 0.0256) (22 0.0245) (75 -0.0243) (29 -0.0235) (17 -0.022) (51 -0.0212) (32 -0.0204) (71 0.0203) (124 -0.0195) (126 -0.0194) (36 -0.018) (89 -0.0179) (65 0.0168) (62 -0.0157) (116 0.0152) (27 -0.0152) (31 -0.0149) (117 -0.013) (97 -0.013) (134 -0.0129) (125 0.0127) (28 -0.0125) (130 0.0118) (88 0.0116) (69 0.0112) (122 -0.0111) (115 -0.0109) (120 0.0107) (121 0.0104) 
   0.0004383   (151 0.982) (74 0.103) (57 0.0878) (59 -0.069) (66 0.0467) (73 -0.0437) (70 -0.0377) (41 0.0309) (46 -0.0244) (49 -0.0222) (54 -0.0215) (39 -0.0207) (53 0.02) (52 0.0185) (45 0.0179) (48 0.0166) (42 0.0147) (40 0.0146) (67 0.0141) (60 0.0122) (34 -0.0109) (30 0.0105) (72 0.0103) 
  0.00045746   (22 -0.785) (21 0.593) (20 0.0967) (23 0.0586) (24 0.058) (51 -0.0579) (52 0.048) (49 0.0461) (18 -0.0425) (53 0.0304) (48 -0.0272) (16 -0.022) (46 0.0213) (13 -0.0184) (57 0.018) (17 -0.0179) (54 -0.0173) (39 0.0173) (15 -0.013) (45 -0.0124) (19 0.0116) (26 -0.0114) (41 -0.0103) 
  0.00046598   (148 -0.573) (51 -0.463) (52 0.335) (49 0.322) (53 0.225) (48 -0.21) (41 -0.156) (46 0.147) (54 -0.135) (57 0.102) (39 0.095) (50 0.0926) (45 -0.0914) (22 0.0884) (42 -0.0812) (40 -0.0763) (59 -0.0624) (47 0.0497) (30 -0.0489) (55 0.048) (56 -0.043) (34 0.0405) (15 -0.0344) (13 -0.0336) (21 -0.0322) (74 0.0298) (38 0.0284) (26 0.0277) (32 -0.0219) (82 0.0209) (43 -0.0203) (68 -0.0203) (20 0.0195) (37 -0.0183) (73 -0.0156) (36 -0.0151) (24 -0.0145) (17 -0.014) (29 -0.0139) (27 -0.0132) (44 0.0129) (119 -0.0118) (81 -0.0118) (84 0.0107) (28 -0.0106) (31 -0.0101) 
  0.00050069   (148 -0.82) (51 0.324) (52 -0.235) (49 -0.225) (53 -0.157) (48 0.147) (41 0.109) (46 -0.103) (54 0.0943) (57 -0.0713) (39 -0.0666) (50 -0.0648) (45 0.064) (22 -0.0589) (42 0.0568) (40 0.0534) (59 0.0436) (47 -0.0348) (30 0.0343) (55 -0.0336) (56 0.0301) (34 -0.0284) (15 0.0242) (13 0.0236) (74 -0.0208) (21 0.0202) (38 -0.0199) (26 -0.0193) (32 0.0154) (82 -0.0145) (43 0.0142) (68 0.0141) (20 -0.014) (37 0.0128) (73 0.0109) (36 0.0106) 
  0.00052909   (52 -0.646) (53 0.406) (39 -0.385) (50 0.291) (40 -0.196) (41 -0.195) (49 0.165) (48 -0.12) (42 -0.119) (57 0.0997) (55 -0.0909) (51 0.0903) (46 0.0802) (54 -0.0745) (45 -0.0607) (56 -0.0559) (59 -0.0558) (38 0.0264) (47 0.0228) (68 -0.02) (149 -0.0197) (70 0.0197) (82 0.016) (21 0.0157) (81 -0.0116) (37 -0.0112) (84 0.0102) 
  0.00053999   (149 -0.932) (39 0.301) (52 -0.123) (40 0.096) (53 0.066) (50 0.0607) (41 0.048) (42 0.037) (30 -0.0257) (57 0.0212) (34 0.0175) (43 -0.0167) (55 -0.0163) (44 0.0158) (56 -0.0153) (26 0.0144) (82 0.0133) (47 -0.013) (59 -0.0123) (15 -0.012) (20 0.0119) (74 0.0118) (54 -0.0113) (32 -0.0108) (13 -0.0104) 
  0.00054854   (39 -0.754) (149 -0.362) (52 0.352) (40 -0.236) (53 -0.192) (50 -0.172) (41 -0.113) (42 -0.0887) (30 0.066) (57 -0.0599) (55 0.0467) (34 -0.0453) (43 0.043) (56 0.0425) (44 -0.0405) (26 -0.0376) (82 -0.0354) (59 0.0347) (54 0.033) (47 0.0324) (15 0.0314) (74 -0.0311) (20 -0.0309) (32 0.0274) (13 0.0271) (68 0.0244) (22 -0.0235) (36 0.0208) (81 0.0196) (73 0.0188) (21 -0.016) (27 0.0159) (23 -0.013) (17 0.0114) (67 -0.0114) 
  0.00056743   (70 -0.913) (57 -0.212) (72 -0.177) (59 0.139) (51 -0.103) (55 0.0791) (50 0.075) (52 -0.0699) (41 -0.0697) (54 0.0614) (74 0.0558) (67 0.0553) (73 0.0541) (71 0.0529) (49 -0.0429) (53 -0.0421) (66 0.0391) (40 -0.0358) (146 -0.0338) (43 -0.0331) (42 -0.0306) (45 -0.03) (82 -0.0284) (75 0.0271) (46 0.027) (44 0.0264) (38 0.0258) (47 -0.0245) (84 0.0243) (34 0.0225) (56 0.0224) (21 0.0215) (124 -0.0201) (60 -0.0201) (30 -0.0195) (77 0.0184) (15 -0.0171) (26 0.017) (122 0.0169) (69 -0.0161) (88 0.0161) (78 -0.0155) (13 -0.015) (37 -0.0144) (89 -0.0138) (126 -0.0134) (20 0.0132) (90 0.013) (76 0.0125) (96 0.0121) (115 -0.0107) (119 -0.0104) 
  0.00057529   (146 -0.766) (51 0.403) (49 0.331) (50 -0.203) (48 -0.167) (53 -0.114) (46 0.102) (39 0.094) (57 0.0803) (41 -0.0801) (45 -0.0589) (70 -0.0559) (74 0.0535) (42 -0.0491) (47 0.0449) (54 -0.0443) (52 0.037) (40 -0.0312) (30 -0.0302) (59 -0.0292) (82 0.0286) (73 -0.028) (66 0.0238) (15 -0.0232) (34 0.0214) (20 0.0204) (13 -0.0194) (26 0.0185) (68 -0.0174) (67 0.0168) (22 0.0145) (147 -0.0143) (32 -0.0142) (81 -0.0139) (38 0.0135) (56 0.0132) (119 -0.0123) (17 -0.0119) (37 -0.0116) (21 0.011) 
  0.00058873   (146 -0.642) (51 -0.475) (49 -0.392) (50 0.238) (48 0.199) (53 0.139) (46 -0.123) (70 0.115) (39 -0.112) (41 0.0996) (57 -0.0842) (45 0.072) (74 -0.0668) (42 0.0603) (47 -0.0521) (54 0.0495) (52 -0.0402) (40 0.0393) (30 0.0371) (82 -0.0329) (73 0.0306) (66 -0.0305) (15 0.0287) (59 0.0273) (34 -0.0269) (20 -0.0251) (13 0.0241) (67 -0.023) (26 -0.023) (68 0.0211) (22 -0.0178) (38 -0.0176) (32 0.0171) (56 -0.017) (81 0.0163) (37 0.0146) (21 -0.0144) (17 0.0142) (119 0.0139) (147 -0.0119) (29 0.0118) (36 0.0107) 
  0.00070584   (38 0.903) (21 0.19) (22 0.169) (20 0.166) (41 0.141) (24 0.135) (37 -0.103) (40 0.0878) (39 -0.0733) (15 -0.0711) (34 0.0675) (13 -0.0515) (42 0.0507) (43 0.0487) (17 -0.046) (46 -0.0442) (45 0.0418) (44 -0.0377) (25 -0.03) (31 -0.0264) (53 0.0264) (33 -0.0182) (57 0.0179) (52 0.0175) (54 -0.0161) (18 0.016) (23 0.0152) (50 -0.0144) (59 -0.0139) (47 0.0132) (30 -0.0128) (51 0.0125) 
  0.00078845   (21 0.465) (22 0.448) (24 0.421) (20 0.418) (38 -0.334) (26 -0.136) (15 -0.128) (17 -0.126) (30 0.122) (34 -0.104) (23 0.0936) (25 -0.0854) (13 -0.0835) (27 0.0584) (37 0.0577) (29 0.0565) (18 0.0494) (31 0.0392) (28 0.0391) (32 0.0357) (143 0.03) (36 0.0274) (39 -0.0232) (142 -0.0209) (33 0.0148) (35 -0.0118) 
   0.0010221   (143 0.821) (142 -0.57) (21 -0.0183) (22 -0.0175) (20 -0.0164) (24 -0.0163) 
   0.0011391   (48 0.508) (46 0.407) (41 -0.275) (49 -0.265) (45 -0.255) (15 -0.231) (53 0.208) (47 -0.207) (43 -0.203) (44 0.198) (50 -0.149) (51 0.142) (54 -0.135) (16 0.124) (40 -0.119) (52 0.116) (13 -0.0768) (42 -0.0721) (39 0.0712) (59 -0.071) (57 0.062) (38 0.0602) (34 0.0523) (55 -0.0352) (82 -0.0351) (56 0.0344) (68 0.0304) (30 -0.0293) (37 -0.0255) (26 0.0253) (81 0.0214) (17 0.0212) (31 -0.0192) (78 -0.0183) (70 0.0158) (33 -0.0153) (67 -0.0143) (27 -0.0141) (29 -0.0139) (79 0.0128) (36 -0.0115) (84 0.0112) (66 0.0108) (21 0.0106) (60 0.01) 
   0.0012602   (15 -0.775) (16 0.496) (13 -0.151) (20 -0.132) (48 -0.119) (46 -0.115) (17 0.114) (41 0.102) (21 -0.102) (22 -0.0902) (45 0.077) (43 0.0599) (49 0.0584) (30 0.0566) (44 -0.0562) (34 -0.0535) (47 0.0506) (26 -0.0495) (40 0.0478) (39 -0.0459) (53 -0.0444) (50 0.0357) (42 0.0341) (38 -0.0332) (51 -0.0307) (54 0.0282) (29 0.0272) (24 0.0263) (52 -0.0246) (27 0.0241) (18 -0.0225) (31 0.0191) (32 0.0154) (37 0.0151) (36 0.0149) (28 0.014) (59 0.013) (57 -0.0111) 
    0.001282   (145 -1) (134 -0.0108) 
   0.0014776   (53 -0.612) (54 -0.506) (34 0.309) (55 -0.231) (52 -0.194) (51 -0.194) (36 -0.176) (30 -0.145) (50 0.137) (57 0.11) (59 -0.0897) (32 -0.0766) (26 0.0648) (31 -0.0614) (56 0.0596) (39 -0.059) (15 -0.0476) (37 0.0466) (20 0.0442) (43 -0.0439) (21 0.0438) (47 -0.0432) (35 0.0417) (46 0.0388) (44 0.0378) (13 -0.0369) (45 -0.0363) (29 -0.0357) (27 -0.0353) (71 0.0344) (38 -0.0334) (28 -0.0327) (22 0.0327) (82 -0.0311) (68 0.031) (41 -0.0283) (49 -0.0237) (33 -0.0207) (137 -0.0192) (73 0.0152) (81 0.015) (67 -0.0149) (66 -0.0142) (60 0.0138) (70 0.0126) (42 -0.0117) (121 -0.011) (79 0.011) (17 -0.01) 
   0.0015177   (34 0.628) (36 -0.384) (53 0.288) (30 -0.287) (54 0.204) (32 -0.17) (41 0.158) (38 -0.149) (39 -0.145) (37 0.136) (137 -0.113) (31 -0.107) (26 0.103) (51 0.101) (52 0.0977) (55 0.0947) (35 0.0889) (40 0.0832) (50 -0.0763) (42 0.0698) (20 0.067) (46 -0.0648) (15 -0.0643) (45 0.0622) (29 -0.0607) (28 -0.0577) (27 -0.0553) (21 0.0536) (13 -0.0517) (22 0.0497) (43 0.0494) (44 -0.0423) (33 -0.0348) (57 -0.0336) (59 0.0302) (17 -0.0258) (48 0.0202) (47 0.0202) (25 0.0196) (56 -0.0194) (24 -0.0189) (49 -0.0146) (82 0.0146) (71 -0.0134) (74 0.0101) 
   0.0015702   (137 -0.993) (34 -0.0774) (36 0.047) (30 0.0355) (134 -0.0227) (32 0.0207) (53 -0.0206) (39 0.0175) (38 0.0174) (41 -0.0171) (37 -0.0162) (54 -0.0135) (31 0.0134) (26 -0.013) (35 -0.0109) 
   0.0016884   (14 0.928) (30 -0.231) (32 0.203) (13 -0.131) (29 -0.0969) (31 0.0741) (34 -0.0734) (28 -0.0383) (133 0.0355) (26 0.0234) (36 0.0214) (39 -0.0201) (41 0.0179) (35 -0.0178) (40 0.0159) (71 -0.0149) (15 0.0148) (18 0.0138) (38 -0.0137) (24 -0.0135) (37 0.0119) (22 0.0108) 
   0.0018054   (30 -0.541) (133 0.529) (32 0.45) (14 -0.312) (29 -0.213) (31 0.164) (34 -0.158) (26 0.0657) (28 -0.0575) (36 0.0491) (15 -0.0484) (39 -0.0476) (20 0.0416) (35 -0.0406) (24 -0.0337) (17 -0.0332) (21 0.0329) (42 0.0303) (41 0.0289) (37 0.0284) (33 -0.0259) (27 -0.0247) (40 0.0244) (38 -0.0238) (22 0.0226) (25 0.0185) (19 0.0163) (23 0.0149) (44 0.0143) (16 -0.0135) (46 -0.0125) (50 0.0121) (45 0.0115) (48 0.0102) 
   0.0020521   (133 0.848) (30 0.348) (32 -0.29) (14 0.156) (29 0.137) (31 -0.105) (34 0.102) (26 -0.042) (28 0.0375) (36 -0.0315) (39 0.0305) (15 0.0296) (20 -0.0261) (35 0.0261) (24 0.0216) (17 0.0211) (21 -0.0207) (42 -0.0193) (41 -0.0188) (37 -0.0182) (33 0.0166) (40 -0.0158) (27 0.0158) (38 0.0154) (22 -0.0146) (25 -0.0119) (19 -0.0103) 
   0.0021412   (29 -0.913) (30 0.264) (50 0.198) (32 -0.148) (51 0.0928) (52 0.0882) (48 0.0462) (26 0.04) (34 -0.0368) (72 0.0359) (28 -0.0356) (31 -0.0346) (20 0.0321) (49 0.0287) (37 0.0239) (42 0.0236) (45 0.0222) (47 -0.0221) (35 0.0218) (46 -0.0212) (54 -0.0205) (73 -0.02) (36 0.0194) (129 -0.0189) (74 -0.0179) (59 0.0177) (56 -0.0174) (27 0.0162) (41 0.0146) (15 -0.0142) (23 -0.0118) (38 -0.0111) (67 0.0109) (22 0.0108) 
   0.0023483   (72 0.673) (73 -0.416) (74 -0.26) (67 0.258) (129 -0.231) (77 -0.183) (71 -0.171) (69 -0.152) (70 -0.127) (82 -0.102) (68 -0.0942) (59 0.0822) (66 0.0759) (56 0.0676) (78 -0.0643) (54 0.0629) (75 -0.0626) (40 -0.0587) (51 -0.0572) (81 0.0484) (55 -0.0467) (62 0.0461) (50 -0.0408) (83 -0.0406) (64 -0.0382) (52 -0.0378) (86 0.0352) (105 -0.0341) (61 0.0321) (49 -0.0288) (53 -0.0286) (79 -0.0284) (45 -0.0278) (65 0.0269) (29 0.0268) (44 0.026) (102 0.0249) (80 0.0245) (42 -0.0228) (48 -0.0221) (43 -0.0208) (30 -0.0207) (101 -0.02) (60 -0.0189) (84 0.0187) (63 0.0181) (76 0.0177) (46 0.0169) (89 -0.0147) (85 -0.0144) (93 -0.0139) (87 0.0122) (47 -0.011) (131 0.0106) (90 0.0104) (58 -0.0103) (38 0.0103) 
   0.0024316   (129 -0.613) (50 -0.575) (51 -0.281) (52 -0.273) (29 -0.18) (72 -0.163) (48 -0.11) (54 0.0835) (59 -0.0817) (74 0.0801) (73 0.0796) (131 0.0714) (56 0.0704) (42 -0.0672) (49 -0.066) (41 0.0496) (45 -0.0453) (47 0.0448) (57 0.0406) (69 0.0401) (30 0.0367) (46 0.0325) (70 0.0323) (40 -0.032) (67 -0.0303) (71 0.0242) (77 0.0229) (35 0.0216) (64 0.0211) (84 -0.02) (78 0.0195) (53 0.019) (60 0.0184) (82 0.0183) (68 0.0178) (61 -0.0176) (80 -0.0171) (75 0.0162) (20 0.0162) (32 -0.0158) (26 0.0152) (55 -0.0129) (119 0.0128) (81 -0.0121) (90 -0.012) (91 0.0114) (43 -0.0114) (88 0.0108) (76 0.0105) (85 -0.0102) (66 -0.0102) (39 0.0101) (115 0.0101) 
   0.0024954   (129 -0.743) (50 0.479) (51 0.246) (52 0.233) (29 0.162) (131 0.115) (48 0.0958) (54 -0.0875) (56 -0.0783) (72 -0.074) (73 0.0627) (49 0.0624) (42 0.0617) (67 -0.0548) (45 0.0453) (40 0.0448) (41 -0.0431) (59 0.041) (77 0.037) (71 0.033) (47 -0.0328) (46 -0.0315) (57 -0.0305) (30 -0.0303) (55 0.025) (35 -0.0184) (83 0.0159) (43 0.0158) (32 0.0156) (82 0.0156) (66 -0.0152) (26 -0.0152) (68 0.0145) (74 0.0144) (69 0.0143) (20 -0.0141) (76 -0.0139) (44 -0.0129) (70 0.0127) (85 0.0123) (39 -0.0113) (62 -0.0112) (91 -0.011) (84 0.0109) (15 0.0106) (65 -0.0101) 
   0.0026343   (23 -0.897) (24 -0.269) (20 0.194) (21 0.129) (54 -0.119) (55 0.108) (56 0.0891) (26 -0.0864) (59 0.0766) (53 0.0459) (15 -0.0394) (27 0.0384) (22 0.0376) (28 0.0373) (41 0.0338) (25 0.0308) (31 0.0294) (42 0.0289) (34 -0.0288) (30 0.0264) (38 -0.026) (50 -0.0248) (57 0.0247) (43 0.0247) (29 0.0241) (45 0.022) (46 -0.0207) (13 -0.0205) (33 -0.0193) (12 -0.0187) (51 0.0185) (37 0.0179) (44 -0.0177) (68 -0.0147) (82 0.0146) (47 0.0138) (119 0.0137) (11 0.0105) 
   0.0029302   (59 -0.756) (57 -0.533) (56 -0.218) (68 -0.17) (60 0.102) (23 -0.0983) (54 0.0942) (53 -0.0762) (67 0.0748) (55 0.0409) (50 0.0393) (72 0.0369) (84 -0.0368) (132 -0.0359) (49 0.0348) (43 -0.034) (66 -0.0323) (42 -0.0313) (124 -0.0309) (82 -0.0306) (81 0.0294) (45 -0.029) (105 0.0287) (20 0.0276) (102 -0.0257) (24 -0.0251) (73 -0.0238) (46 0.0225) (65 0.0217) (62 0.0213) (101 0.0209) (21 0.0205) (41 -0.0202) (78 0.0195) (70 0.0195) (71 -0.0179) (123 -0.0178) (90 -0.0176) (44 0.0172) (47 -0.0162) (58 0.0156) (40 0.0155) (34 0.0153) (99 -0.0152) (110 -0.0141) (77 -0.0118) (61 -0.0115) (51 0.0114) (32 0.0112) 
   0.0031111   (132 -0.823) (55 -0.368) (54 0.321) (56 -0.155) (57 0.128) (23 -0.0947) (68 0.0809) (53 -0.079) (50 0.0476) (41 -0.0475) (52 0.038) (67 -0.035) (40 -0.0345) (51 -0.0343) (46 0.0331) (82 -0.031) (44 0.0302) (43 -0.0296) (24 -0.0267) (20 0.0241) (21 0.0223) (66 0.0218) (47 -0.0215) (49 0.0211) (45 -0.0208) (72 -0.0202) (59 0.0176) (42 0.0156) (70 -0.0156) (81 0.0155) (74 0.0141) (78 -0.0138) (39 0.0136) (84 0.0131) (34 0.0129) (22 0.0128) (15 -0.0127) (73 0.0123) (119 -0.0122) (79 0.012) (48 -0.0113) (38 0.0113) (130 0.0106) (30 -0.0104) 
   0.0033957   (132 -0.565) (55 0.531) (54 -0.472) (56 0.239) (57 -0.151) (23 0.144) (53 0.12) (68 -0.107) (50 -0.0717) (41 0.0702) (52 -0.0543) (46 -0.0495) (51 0.0489) (40 0.0487) (82 0.0471) (67 0.0463) (43 0.0453) (44 -0.0449) (24 0.0405) (124 -0.0399) (20 -0.0369) (21 -0.0338) (49 -0.033) (47 0.0323) (45 0.0323) (123 -0.0306) (66 -0.0298) (72 0.0272) (119 0.0267) (81 -0.0243) (59 0.0241) (70 0.0215) (74 -0.021) (42 -0.0202) (34 -0.0197) (39 -0.0195) (78 0.0191) (22 -0.0191) (15 0.019) (84 -0.0182) (79 -0.0175) (48 0.0171) (38 -0.0168) (73 -0.0164) (105 0.0154) (30 0.0149) (102 -0.0144) (33 0.0129) (121 -0.0126) (13 0.0121) (65 0.0102) 
   0.0035918   (37 -0.945) (66 -0.216) (38 -0.148) (84 -0.0783) (34 0.0754) (57 0.0622) (41 0.0552) (39 -0.046) (30 -0.0394) (42 0.0344) (40 0.0337) (59 -0.0317) (29 -0.0305) (71 -0.0295) (70 -0.029) (46 -0.0284) (86 -0.0258) (36 -0.0258) (45 0.0254) (56 0.0248) (128 -0.0238) (21 0.0211) (64 0.0203) (52 0.0196) (33 -0.0182) (65 0.0179) (69 -0.0171) (55 -0.0156) (15 -0.0139) (82 0.0137) (53 0.0134) (20 0.0132) (26 0.0132) (67 0.0131) (51 0.013) (31 -0.0124) (49 -0.0123) (85 -0.0121) (13 -0.012) (105 -0.0116) (73 -0.0113) (22 0.0111) (68 0.0103) 
   0.0036909   (84 -0.852) (128 -0.3) (86 -0.213) (82 0.204) (66 0.154) (90 0.0944) (85 -0.0905) (105 -0.0822) (87 0.0756) (102 0.0685) (81 -0.0651) (59 0.0589) (83 -0.0482) (92 -0.0473) (37 0.0457) (91 0.0435) (57 -0.041) (68 -0.039) (93 -0.0385) (78 0.0373) (41 -0.0347) (89 -0.0304) (101 -0.0287) (79 -0.0284) (50 0.0262) (80 0.0252) (40 -0.0251) (116 0.0237) (88 0.0233) (119 -0.0226) (103 -0.0223) (55 -0.0221) (117 -0.0219) (111 -0.0209) (53 -0.0206) (115 -0.0206) (54 0.0201) (113 0.0198) (38 0.0193) (46 0.0193) (125 -0.0186) (94 -0.0168) (100 0.016) (77 -0.0155) (96 0.0153) (64 -0.0146) (110 -0.0143) (109 -0.0129) (121 -0.0129) (45 -0.0127) (44 0.0123) (126 -0.012) (118 0.0117) (120 0.0116) (69 0.0115) (60 -0.0114) (65 -0.0111) (71 0.0103) 
   0.0038816   (128 -0.684) (66 0.586) (84 0.291) (37 -0.165) (57 -0.107) (71 0.0882) (70 0.0872) (56 -0.0777) (86 0.0774) (82 -0.0755) (59 0.0691) (64 -0.0525) (55 0.0495) (65 -0.0481) (69 0.048) (90 -0.0445) (67 -0.0411) (73 0.0355) (105 0.0334) (52 -0.0307) (85 0.0298) (102 -0.0273) (87 -0.0255) (91 -0.0233) (42 -0.023) (60 -0.0228) (83 0.0228) (53 -0.0217) (81 0.0212) (51 -0.0201) (38 -0.0192) (34 0.018) (76 -0.0173) (92 0.0172) (101 0.017) (110 0.0134) (126 -0.013) (30 -0.013) (45 -0.0127) (46 0.0125) (68 -0.0125) (54 -0.0115) (80 -0.0114) (74 -0.0114) (72 -0.0114) (97 -0.0112) (103 0.0106) 
    0.003927   (66 -0.666) (128 -0.664) (37 0.184) (57 0.127) (59 -0.0976) (71 -0.0944) (70 -0.0918) (84 0.0916) (56 0.0762) (64 0.0601) (69 -0.0541) (65 0.0539) (67 0.0397) (55 -0.0395) (73 -0.0328) (53 0.0316) (52 0.0311) (68 0.0309) (60 0.0284) (34 -0.0247) (51 0.0246) (46 -0.021) (41 0.0209) (42 0.0203) (78 -0.0194) (45 0.0181) (30 0.0178) (76 0.0173) (82 -0.0171) (86 0.0167) (38 0.0161) (74 0.0158) (77 0.0139) (21 -0.0128) (15 0.0119) (29 0.0115) (93 0.0112) (20 -0.0111) (13 0.0105) (85 0.0104) 
   0.0040213   (106 -0.731) (113 -0.29) (104 -0.264) (107 0.232) (68 0.195) (114 0.184) (109 0.165) (101 0.146) (115 0.14) (97 -0.138) (91 0.108) (108 -0.106) (120 0.0929) (98 -0.0837) (118 0.0775) (103 0.077) (71 -0.0737) (105 -0.0698) (100 -0.0684) (92 0.0525) (67 -0.051) (90 -0.0501) (89 0.0495) (117 -0.0466) (56 -0.0466) (147 -0.0444) (116 -0.0443) (99 -0.0429) (121 -0.0395) (55 0.0385) (69 -0.0337) (94 0.0334) (82 0.0329) (110 -0.0327) (81 -0.0287) (88 -0.0261) (59 -0.0242) (73 -0.0186) (70 -0.0166) (54 -0.0163) (79 -0.0149) (72 0.0148) (66 0.0147) (78 0.0143) (123 0.0127) (74 -0.0127) (111 0.0121) (125 -0.0108) (124 -0.0107) (102 0.0102) 
   0.0041456   (144 0.988) (147 0.151) (134 -0.013) (142 0.0124) (113 -0.0101) 
   0.0043374   (68 0.759) (56 -0.313) (71 -0.302) (55 0.242) (67 -0.194) (106 0.184) (69 -0.136) (59 -0.0994) (107 -0.0753) (82 0.0713) (73 -0.0711) (105 0.0705) (70 -0.0685) (74 -0.0624) (72 0.0619) (54 -0.0588) (113 0.0559) (81 -0.0553) (104 0.054) (52 -0.0481) (66 0.0455) (84 -0.0394) (103 -0.039) (108 0.0373) (79 -0.0365) (102 -0.0359) (115 -0.0344) (78 0.0341) (42 -0.0333) (109 -0.0327) (50 -0.0326) (40 0.0325) (53 -0.0305) (101 -0.0291) (90 -0.0281) (57 0.0272) (147 0.0271) (92 -0.0262) (120 -0.0259) (61 0.0252) (77 -0.0249) (118 -0.0248) (41 0.0229) (114 -0.0224) (97 0.0202) (65 -0.0153) (94 -0.0147) (117 0.0129) (75 -0.0129) (98 0.0123) (91 0.012) (86 0.0116) (80 0.0116) (58 -0.0115) (23 -0.0112) (100 0.0112) (76 0.0112) (33 0.0101) 
    0.004449   (44 -0.52) (71 -0.433) (43 -0.374) (79 -0.305) (80 -0.252) (72 -0.159) (83 0.156) (42 -0.153) (93 -0.143) (78 0.134) (86 0.13) (68 -0.127) (45 -0.123) (40 0.0888) (76 0.0849) (56 0.0845) (81 -0.0819) (55 -0.0799) (82 -0.0796) (112 0.0663) (98 -0.0652) (108 -0.0649) (77 0.0648) (41 0.0539) (99 -0.0536) (66 0.0462) (50 0.0416) (96 -0.0414) (59 0.0389) (84 -0.0367) (87 -0.0323) (103 0.0319) (73 -0.029) (75 0.0262) (28 -0.0255) (74 -0.0251) (47 -0.0228) (52 0.0228) (97 -0.0227) (48 0.0226) (106 0.0225) (89 0.0219) (69 -0.0206) (67 0.0197) (70 0.0187) (101 -0.0185) (64 -0.0182) (157 -0.018) (104 0.0166) (85 0.016) (91 -0.0153) (39 -0.0137) (57 -0.012) (54 0.012) (14 -0.0115) 
   0.0044771   (157 -0.999) (44 0.0288) (43 0.021) (71 -0.0102) 
   0.0045796   (44 -0.528) (71 0.511) (43 -0.386) (79 0.204) (78 -0.204) (72 0.194) (42 -0.159) (80 0.158) (45 -0.135) (68 0.134) (40 0.118) (86 -0.117) (56 -0.0981) (41 0.0916) (83 -0.0913) (108 0.084) (82 0.07) (66 -0.0683) (112 -0.0664) (90 0.0568) (87 0.0538) (76 -0.0461) (105 0.0439) (98 0.0404) (157 -0.036) (99 0.0356) (55 0.0354) (81 0.0343) (69 0.0339) (64 0.0275) (48 0.0268) (39 -0.025) (101 0.0235) (70 -0.0225) (57 0.0219) (75 -0.0218) (91 0.0211) (106 -0.0197) (53 0.0191) (84 0.0189) (74 0.0188) (116 -0.015) (32 0.0145) (104 -0.0143) (73 0.0141) (33 0.0134) (34 -0.0132) (47 -0.013) (102 -0.0129) (65 0.0127) (117 0.0126) (97 0.0123) (28 -0.0115) (119 0.0111) (67 -0.011) (38 -0.0106) (23 -0.0103) 
   0.0047975   (19 0.96) (135 -0.218) (18 0.151) (17 0.0779) (21 -0.0232) (23 -0.0151) (8 0.0147) (26 -0.0128) (22 -0.012) (20 0.0119) 
   0.0048644   (135 -0.976) (19 -0.215) (18 -0.0339) (17 -0.0174) 
   0.0050063   (8 -1) (19 0.013) 
   0.0051032   (4 1) 
   0.0052728   (24 -0.822) (23 0.329) (25 -0.233) (21 0.204) (22 0.147) (20 0.144) (30 0.127) (17 -0.113) (13 -0.098) (15 -0.0977) (26 -0.0907) (139 -0.0724) (16 -0.0545) (32 0.0454) (39 -0.0358) (29 0.0311) (40 0.031) (19 0.0296) (41 0.0294) (18 -0.0292) (42 0.0224) (43 -0.0218) (34 -0.0211) (27 0.0193) (82 0.0186) (35 -0.0164) (44 0.0157) (56 -0.0152) (47 -0.0143) (28 0.0135) (31 -0.0124) (46 -0.0123) (57 0.0119) (37 0.0118) (68 -0.0116) (38 -0.0106) 
   0.0053622   (139 -0.997) (24 0.0597) (23 -0.0239) (25 0.0169) (21 -0.0148) (22 -0.0107) (20 -0.0104) 
   0.0056588   (10 0.852) (17 -0.38) (18 -0.326) (20 -0.0908) (19 0.0817) (24 0.0479) (21 -0.0434) (15 -0.036) (16 -0.0337) (23 -0.0292) (13 -0.0268) (30 0.0169) (25 -0.0162) (26 -0.0145) (32 0.012) (22 -0.0117) 
   0.0057791   (138 0.996) (17 -0.0555) (10 -0.0505) (18 -0.0479) (20 -0.0132) (19 0.0119) 
   0.0059956   (17 0.613) (18 0.528) (10 0.522) (20 0.146) (19 -0.131) (138 0.0919) (24 -0.0771) (21 0.0676) (15 0.0598) (16 0.0536) (23 0.0503) (13 0.045) (25 0.0294) (30 -0.0281) (26 0.0262) (32 -0.0199) (22 0.019) (82 -0.0137) (39 0.013) (43 0.013) (27 -0.0108) 
   0.0062439   (12 0.94) (11 -0.257) (42 0.152) (40 -0.129) (44 -0.0601) (43 -0.0372) (13 -0.0318) (55 0.0242) (39 0.0239) (56 -0.0154) (46 -0.0152) (14 -0.0137) (15 -0.0136) (59 -0.0121) (33 -0.0112) (23 -0.0111) (41 -0.0105) 
   0.0067505   (140 0.998) (42 0.0493) (40 -0.0391) (44 -0.0168) (12 -0.0157) (43 -0.01) 
   0.0073263   (42 -0.71) (40 0.563) (44 0.243) (12 0.21) (43 0.145) (39 -0.102) (41 0.0761) (140 0.0694) (55 -0.0679) (46 0.0632) (11 -0.054) (33 0.053) (56 0.0437) (50 0.043) (59 0.0364) (52 0.0309) (23 -0.0299) (54 0.0284) (60 0.0265) (73 -0.0263) (30 0.0259) (38 -0.0226) (78 0.0225) (105 0.021) (102 -0.0207) (32 0.0206) (84 -0.0201) (28 -0.0194) (47 -0.0192) (65 -0.0189) (74 -0.0179) (79 0.0178) (64 -0.0167) (34 -0.0161) (75 -0.0159) (20 0.0157) (31 -0.0155) (61 -0.0145) (80 -0.014) (67 0.014) (51 0.0124) (71 0.0118) (21 -0.0112) (101 0.0111) (66 -0.0105) 
   0.0082576   (11 -0.937) (12 -0.256) (33 -0.206) (31 0.0656) (32 -0.0557) (35 0.0418) (36 0.0373) (40 0.0228) (13 -0.0186) (30 -0.0179) (65 -0.016) (26 -0.0131) (41 -0.0115) (136 0.0105) (27 0.0101) 
   0.0092072   (136 0.981) (33 -0.166) (11 0.054) (31 0.0539) (32 -0.0455) (35 0.0306) (36 0.0283) (40 0.0189) (12 0.015) (26 -0.0146) (30 -0.0143) (41 -0.0116) (27 0.0106) 

 Largest eigenvalues
      38.695   (162 -0.946) (164 0.246) 
      15.876   (55 0.39) (56 -0.613) (57 0.314) (68 -0.313) (82 -0.345) 
      10.283   (81 0.379) (82 -0.689) 
      5.0349   (101 0.289) (102 -0.531) (105 0.63) 
      4.2904   (147 0.978) 
      1.5273   (162 -0.258) (164 -0.966) 
      1.2279   (163 0.995) 
      1.2027   (165 -0.996) 
      1.1271   (89 -0.313) (90 0.292) (91 -0.796) 
      1.1164   (100 -0.484) (101 0.438) (107 0.536) 
      1.1038   (100 -0.398) (107 -0.735) (115 0.305) 
      1.0752   (111 0.343) (115 -0.786) 
      1.0246   (102 0.261) (104 0.816) (106 -0.211) 
     0.99505   (100 0.639) (101 0.576) 
     0.91965   (101 -0.214) (111 -0.688) (130 -0.236) (134 -0.221) 
     0.84299   (109 0.362) (111 0.44) 
     0.76236   (109 -0.741) (110 0.335) 
     0.68069   (97 -0.806) (99 0.459) 
     0.64283   (113 -0.289) (114 -0.464) (125 -0.519) (134 -0.383) 
     0.64142   (114 0.828) (125 -0.315) 
     0.60059   (109 0.388) (110 0.543) (113 0.601) 
     0.57645   (110 -0.699) (113 0.438) 
     0.57403   (122 0.456) (123 0.427) (130 0.413) 
     0.57382   (123 -0.42) (124 -0.617) (125 0.337) (130 0.371) 
     0.55066   (119 -0.683) (121 0.385) (124 0.314) 
      0.5503   (117 -0.342) (118 0.727) (119 0.296) 
     0.54912   (120 0.469) (121 -0.48) (126 0.345) 
     0.53162   (116 -0.42) (117 -0.503) (122 0.326) (134 0.312) 
     0.50305   (116 0.57) (120 -0.3) (125 -0.316) (134 0.356) 
     0.45791   (92 -0.951) 
     0.44758   (120 0.475) (126 -0.415) (134 0.414) 
     0.42282   (94 -0.94) (103 0.21) 
     0.33409   (94 0.285) (103 0.836) (104 0.25) (105 -0.216) 
     0.31706   (102 -0.606) (103 -0.384) (105 -0.538) 
     0.27405   (98 -0.406) (102 0.247) (112 -0.325) (117 -0.255) (126 -0.276) 
      0.2552   (78 -0.32) (85 0.309) (86 0.571) 
     0.25304   (78 0.487) (98 0.498) (99 0.297) 
     0.23777   (71 -0.322) (78 -0.505) (86 -0.497) 
     0.23029   (98 -0.331) (108 -0.381) (112 0.619) 
     0.19163   (90 -0.737) (93 0.473) 
     0.15351   (90 0.393) (96 0.54) (108 0.457) 
     0.14144   (87 0.31) (93 -0.611) (108 0.363) 
     0.13097   (85 -0.488) (87 -0.754) 
     0.11768   (88 -0.516) (89 -0.59) (93 0.307) (96 -0.32) 
     0.11007   (78 0.359) (79 0.345) (80 0.423) (83 -0.411) 
     0.10793   (76 0.329) (77 0.339) (79 -0.323) (88 0.276) (96 -0.287) 
     0.10267   (60 -0.308) (64 -0.357) (69 -0.294) (76 -0.318) 
    0.099261   (58 0.609) (60 0.446) 
    0.093665   (58 -0.599) (64 0.369) 
    0.090228   (58 0.36) (60 -0.399) (64 -0.248) (76 0.292) (96 0.307) (108 -0.3) 
    0.084956   (58 -0.269) (60 0.631) (64 -0.236) (69 -0.273) (96 0.231) 
    0.076272   (60 -0.326) (63 0.31) (64 0.489) (83 -0.302) 
    0.076034   (63 -0.75) (67 0.239) (69 0.264) (76 -0.215) (83 -0.228) 
    0.072566   (61 -0.544) (62 0.297) (63 0.44) (69 0.362) 
    0.071692   (61 0.704) (63 0.252) (69 0.239) 
    0.063627   (61 -0.298) (69 -0.279) (118 -0.302) (119 0.267) 
    0.061746   (67 0.338) (73 0.312) (77 0.357) 
    0.057704   (61 -0.206) (62 -0.614) (67 -0.261) (69 0.228) (79 -0.24) (80 0.238) (85 -0.207) 
    0.057114   (62 0.596) (67 -0.255) (72 -0.232) (73 -0.268) (77 -0.254) (85 -0.213) 
    0.053519   (62 -0.294) (67 0.467) (69 -0.316) (76 0.274) (77 -0.301) 
    0.050468   (65 -0.393) (72 0.306) (73 0.31) (80 -0.328) (83 -0.225) 
    0.047206   (65 0.55) (77 0.309) 
    0.046713   (65 -0.495) (67 0.322) 
    0.045307   (73 0.236) (75 0.212) (76 0.222) (77 -0.231) (79 -0.234) (80 0.336) (83 0.298) (85 0.223) (89 -0.21) (120 -0.205) 
    0.043851   (33 -0.222) (35 -0.855) (36 -0.205) (41 0.258) 
    0.042018   (35 0.397) (40 -0.488) (41 0.59) 
     0.04018   (75 -0.48) (85 -0.22) (88 0.245) (98 -0.206) (99 0.208) (120 -0.265) (121 -0.238) 
    0.039546   (48 0.464) (49 0.345) (75 0.437) 
    0.038545   (46 0.325) (48 -0.417) (49 -0.303) (75 0.481) 
    0.031327   (26 0.393) (27 0.699) (36 -0.369) 
    0.029446   (27 -0.558) (31 0.585) 
    0.027244   (31 -0.56) (88 -0.318) 
    0.025482   (34 0.471) (36 0.619) 
    0.021158   (36 -0.244) (43 0.294) (46 0.376) (48 0.223) (75 -0.297) (88 -0.291) 
    0.020813   (130 -0.523) (131 0.655) 
    0.020431   (127 0.578) (160 -0.807) 
    0.019245   (127 0.577) (160 0.301) (161 0.759) 
    0.018148   (127 0.577) (160 0.507) (161 -0.64) 
    0.015579   (28 -0.969) 
    0.015067   (141 -0.998) 
