 1 31.6228
 2 24.0479
 3 0.974012
 4 31.6228
 5 26.126
 6 1.54499
 7 31.6228
 8 2.05574
 9 30.5286
 10 30.2192
 11 1.84993
 12 21.3817
 13 31.6228
 14 31.6187
 15 0.902185
 16 31.6228
 17 31.6151
 18 0.905961
 19 31.6228
 20 31.4709
 21 1.08222
 22 31.6228
 23 31.5936
 24 0.939186
 25 14.6455
 26 16.0062
 27 1.34555
 28 31.5383
 29 18.491
 30 4.87621
 31 21.4765
 32 9.58743
 33 16.938
 34 14.1736
 35 14.5915
 36 7.41139
 37 31.4925
 38 31.6026
 39 1.32178
 40 24.5559
 41 31.2238
 42 1.28826
 43 21.3607
 44 29.3306
 45 1.54552
 46 31.5827
 47 28.9222
 48 4.28899
 49 30.4246
 50 13.0957
 51 16.2593
 52 7.80427
 53 30.8621
 54 17.0149
 55 7.28805
 56 14.2245
 57 25.4225
 58 8.69363
 59 10.9569
 60 7.90754
 61 4.47058
 62 1.32864
 63 21.1184
 64 13.5609
 65 0.988299
 66 23.3026
 67 28.1806
 68 5.02381
 69 31.6225
 70 31.6228
 71 31.577
 72 1.33586
 73 31.6192
 74 3.81887
 75 29.329
 76 30.9771
 77 1.54018
 78 28.2238
 79 31.5897
 80 3.30897
 81 29.759
 82 31.4225
 83 23.0367
 84 1.32032
 85 11.1485
 86 1.4115
 87 31.3706
 88 1.16129
 89 1.09668
 90 1.30195
 91 2.36982
 92 20.5884
 93 27.0028
 94 18.146
 95 27.7009
 96 29.5348
 97 15.8374
 98 14.9939
 99 9.33732
 100 28.1847
 101 30.6013
 102 9.09407
 103 12.7292
 104 11.78
 105 11.0671
 106 12.8573
 107 12.7614
 108 12.8632
 109 10.6315
 110 8.37809
 111 13.3768
 112 14.1404
 113 13.5792
 114 12.9122
 115 12.6224
 116 10.4844
 117 12.9004
 118 13.4433
 119 12.1712
 120 10.0238
 121 10.4383
 122 6.85963
 123 6.47757
 124 5.89562
 125 5.40621
 126 6.43534
 127 4.48655
 128 8.74195
 129 6.8303
 130 6.60115
 131 4.32098
 132 4.36203
 133 4.3765
 134 5.31751
 135 2.75982
 136 6.34772
 137 3.12466
 138 2.91276
 139 2.7977
 140 3.2717
 141 3.07306
 142 2.73045
 143 2.74047
 144 4.07289
 145 3.89354
 146 3.26565
 147 3.06468
 148 3.97177
 149 3.89705
 150 3.24029
 151 3.49452
 152 4.34097
 153 4.94303
 154 3.61387
 155 4.26645
 156 4.45968
 157 5.7753
 158 0.25444
 159 0.310255
 160 1.37242
 161 3.56093
 162 6.44481
 163 7.08855
 164 10.9107
 165 0.641099
