 1 69146.2
 2 609.428
 3 1.95725
 4 419385
 5 719.467
 6 16.4743
 7 1.42183e+06
 8 56.2397
 9 1586.74
 10 2778.06
 11 31.3819
 12 748.427
 13 1.51132e+06
 14 11497.8
 15 0.814103
 16 876669
 17 5674.78
 18 0.93666
 19 209869
 20 3098.26
 21 14.3751
 22 405125
 23 4316.68
 24 3.5379
 25 242.419
 26 317.426
 27 8.27681
 28 3574.73
 29 455.67
 30 98.348
 31 473.576
 32 231.987
 33 432.65
 34 219.129
 35 312.786
 36 146.982
 37 1522.89
 38 3177.16
 39 3.61328
 40 945.688
 41 5119.13
 42 1.81905
 43 639.882
 44 1502.08
 45 11.9513
 46 4910.41
 47 2954.8
 48 269.706
 49 1880.61
 50 188.674
 51 422.01
 52 180.165
 53 3415.86
 54 334.781
 55 156.043
 56 354.072
 57 681.237
 58 87.6399
 59 183.247
 60 126.862
 61 22.2295
 62 1.78356
 63 468.361
 64 212.87
 65 1.93074
 66 582.38
 67 3376.47
 68 429.057
 69 110560
 70 500542
 71 3214.28
 72 4.75054
 73 20392.4
 74 378.252
 75 4406.57
 76 5337.35
 77 13.5991
 78 1522.3
 79 8025.68
 80 167.181
 81 2274.49
 82 2506.06
 83 655.997
 84 2.22859
 85 151.838
 86 2.71685
 87 3248.52
 88 1.79661
 89 1.6997
 90 2.00674
 91 8.67585
 92 578.201
 93 1226.74
 94 615.66
 95 1363.75
 96 1644.81
 97 320.428
 98 273.667
 99 138.008
 100 985.151
 101 1618.34
 102 110.258
 103 181.457
 104 159.103
 105 140.345
 106 178.1
 107 177.018
 108 180.296
 109 132.679
 110 97.3696
 111 197.154
 112 210.202
 113 195.972
 114 180.971
 115 179.252
 116 136.576
 117 188.148
 118 198.628
 119 165.86
 120 116.427
 121 119.055
 122 50.8708
 123 43.7918
 124 38.8725
 125 32.2441
 126 44.5352
 127 26.2141
 128 85.172
 129 56.0128
 130 50.5623
 131 21.4788
 132 20.0168
 133 20.2104
 134 29.8025
 135 9.10342
 136 41.5066
 137 11.034
 138 9.48356
 139 8.82249
 140 11.7282
 141 11.4789
 142 9.04817
 143 8.96272
 144 17.8923
 145 16.1579
 146 11.7192
 147 10.5582
 148 17.2444
 149 16.4497
 150 11.6465
 151 13.5913
 152 20.0251
 153 26.3129
 154 14.3951
 155 19.4184
 156 21.1194
 157 34.6012
 158 0.368831
 159 0.153291
 160 2.79556
 161 19.8985
 162 62.6707
 163 66.6248
 164 134.906
 165 2.20054
