 1 1000
 2 584.531
 3 1.91093
 4 1000
 5 699.496
 6 16.0403
 7 1000
 8 34.5365
 9 963.111
 10 926.985
 11 20.5903
 12 488.465
 13 1000
 14 999.786
 15 0.813952
 16 1000
 17 999.631
 18 0.840204
 19 1000
 20 994.734
 21 5.22437
 22 1000
 23 998.91
 24 1.46885
 25 225.925
 26 279.761
 27 7.3437
 28 995.553
 29 413.185
 30 89.6336
 31 469.43
 32 227.293
 33 423.362
 34 208.129
 35 300.071
 36 140.493
 37 992.435
 38 999.261
 39 2.26328
 40 613.619
 41 977.97
 42 1.70066
 43 479.23
 44 885.249
 45 7.61943
 46 998.457
 47 910.026
 48 92.3488
 49 938.763
 50 186.445
 51 343.801
 52 146.602
 53 962.33
 54 295.563
 55 125.413
 56 279.48
 57 676.965
 58 86.0691
 59 180.324
 60 124.648
 61 22.2052
 62 1.78338
 63 457.579
 64 212.187
 65 1.91881
 66 570.991
 67 885.654
 68 116.704
 69 999.99
 70 1000
 71 998.217
 72 2.65187
 73 999.841
 74 77.992
 75 923.786
 76 964.265
 77 7.21796
 78 810.239
 79 998.562
 80 61.2958
 81 936.637
 82 989.617
 83 559.554
 84 2.09955
 85 130.226
 86 2.56998
 87 989.193
 88 1.79649
 89 1.69969
 90 2.00657
 91 8.10541
 92 491.037
 93 814.767
 94 450.333
 95 835.832
 96 913.515
 97 296.903
 98 270.382
 99 137.193
 100 835.035
 101 954.38
 102 105.921
 103 179.028
 104 157.216
 105 139.668
 106 177.172
 107 176.015
 108 179.417
 109 131.673
 110 95.9563
 111 196.43
 112 209.355
 113 195.365
 114 180.649
 115 178.781
 116 136.001
 117 187.864
 118 198.355
 119 165.679
 120 115.607
 121 118.449
 122 50.4112
 123 43.515
 124 38.601
 125 31.7433
 126 44.0494
 127 25.2743
 128 84.4193
 129 55.5133
 130 49.7879
 131 21.306
 132 19.8541
 133 20.0457
 134 29.2675
 135 8.95458
 136 41.1997
 137 10.8513
 138 9.34434
 139 8.65125
 140 11.5305
 141 11.0742
 142 8.83831
 143 8.75845
 144 17.6554
 145 15.942
 146 11.516
 147 10.3211
 148 16.9832
 149 16.1748
 150 11.4604
 151 13.352
 152 19.7402
 153 25.6608
 154 14.0746
 155 19.1873
 156 20.9612
 157 34.3692
 158 0.301257
 159 0.149107
 160 2.73374
 161 18.662
 162 54.0255
 163 63.569
 164 132.312
 165 2.18427
