 Smallest eigenvalues
  6.6167e-07   (9 1) 
  7.0332e-07   (46 0.715) (45 -0.502) (47 0.335) (38 0.228) (40 0.131) (49 0.108) (41 -0.0773) (59 -0.0632) (32 -0.0613) (53 -0.0539) (52 0.049) (44 0.0455) (157 0.0421) (37 0.0408) (77 -0.039) (50 -0.0361) (42 -0.0353) (54 0.0352) (39 0.0338) (14 0.0337) (76 0.0303) (31 -0.0303) (18 -0.0297) (57 -0.0293) (21 -0.0274) (26 0.0265) (73 -0.0233) (27 -0.022) (11 0.0217) (20 -0.0207) (30 0.0197) (36 -0.0187) (51 -0.0181) (95 0.0178) (74 0.0149) (23 -0.0124) (16 -0.0117) (29 -0.0116) (68 0.0111) (28 -0.0107) (60 -0.0106) (75 -0.0106) (17 0.0104) 
  1.1407e-06   (157 0.999) (46 -0.0302) (45 0.0212) (47 -0.0141) 
  1.9978e-06   (5 -1) 
  2.3844e-06   (43 -0.782) (42 -0.323) (38 0.295) (45 0.258) (40 0.176) (41 -0.157) (154 -0.145) (39 0.134) (47 0.0885) (44 0.0766) (46 -0.0676) (32 -0.0627) (37 0.0443) (59 -0.0346) (76 0.0323) (26 0.0307) (14 0.0296) (18 -0.0286) (50 -0.0276) (49 0.0273) (31 -0.0245) (21 -0.0234) (11 0.0187) (27 -0.0167) (20 -0.0167) (53 -0.0162) (73 -0.0147) (57 -0.0144) (95 0.0141) (77 -0.0138) (33 -0.0133) (51 0.0131) (55 -0.013) (23 -0.0115) (34 0.0106) 
  2.4684e-06   (154 -0.989) (43 0.115) (42 0.0474) (38 -0.0434) (45 -0.0377) (40 -0.0258) (41 0.023) (39 -0.0196) (47 -0.0129) (44 -0.0112) 
  4.7649e-06   (2 1) 
  9.0226e-06   (152 0.983) (34 0.171) (32 -0.0512) (31 -0.0274) (38 -0.0145) (36 0.013) (26 0.0111) (30 0.0106) (33 0.0106) 
  1.4462e-05   (34 -0.914) (32 0.274) (152 0.183) (31 0.147) (38 0.0781) (36 -0.0698) (26 -0.0597) (30 -0.057) (33 -0.0566) (29 -0.0409) (37 0.0362) (18 0.0333) (50 0.0306) (21 0.0288) (52 0.0252) (27 0.0248) (14 -0.0241) (20 0.0223) (76 -0.0198) (45 -0.0181) (43 -0.0159) (39 0.0157) (47 -0.0152) (48 -0.0149) (40 0.0142) (23 0.0129) (53 -0.0127) (41 -0.0127) (11 -0.0125) (51 0.0121) (22 0.0116) (54 0.0113) (59 0.0112) (16 0.0109) (95 -0.0105) (73 0.0104) 
  4.3848e-05   (24 -0.68) (25 -0.495) (23 -0.34) (49 -0.301) (19 -0.123) (21 -0.111) (52 0.1) (51 -0.0967) (50 0.077) (26 -0.0754) (33 0.0703) (18 0.0493) (22 0.0425) (56 -0.042) (47 -0.0413) (39 0.0412) (30 0.0348) (27 -0.0326) (71 0.0319) (54 -0.0317) (36 0.0294) (46 0.0292) (29 -0.0292) (77 -0.0274) (59 -0.0262) (40 0.0262) (13 -0.0261) (55 -0.0243) (28 -0.0193) (45 -0.0186) (76 0.0164) (41 -0.0138) (66 -0.0132) (20 -0.0129) (63 -0.0117) (80 0.0114) (67 -0.0113) (61 0.0112) (48 0.011) (79 -0.0105) 
  8.5514e-05   (151 -0.981) (49 -0.149) (52 0.057) (51 -0.054) (24 0.0516) (50 0.0421) (25 0.0381) (23 0.0248) (56 -0.0239) (54 -0.0207) (38 0.0201) (55 -0.0178) (47 -0.0177) (59 -0.014) (46 0.0137) 
  0.00011534   (49 0.75) (52 -0.287) (51 0.272) (24 -0.253) (50 -0.212) (151 -0.196) (25 -0.187) (23 -0.121) (56 0.12) (54 0.104) (38 -0.101) (55 0.0895) (47 0.0889) (59 0.0705) (46 -0.0689) (71 -0.0497) (26 -0.0474) (19 -0.0417) (77 0.0383) (18 0.0342) (33 0.0326) (57 0.0281) (41 0.028) (76 -0.0276) (39 -0.0273) (45 0.0261) (32 0.0255) (21 -0.0255) (37 -0.0245) (81 0.0225) (40 -0.0223) (75 0.0223) (42 0.0215) (95 -0.0215) (79 0.0198) (36 -0.0192) (67 0.0186) (73 0.0169) (61 -0.0167) (68 -0.0166) (63 0.0162) (44 0.0151) (53 -0.0147) (69 -0.0145) (22 0.0144) (70 -0.0142) (14 -0.0141) (78 0.0131) (65 -0.0125) (66 0.0123) (13 -0.0122) (43 -0.0114) (72 -0.0113) (30 0.0108) (88 -0.0101) 
  0.00016267   (1 1) 
  0.00017001   (11 0.985) (14 -0.138) (15 -0.0453) (17 -0.0381) (18 0.0377) (21 0.0336) (13 -0.0335) (20 0.0261) (38 -0.0251) (32 0.0233) (23 0.0206) (26 -0.0141) (27 0.013) (39 -0.0123) (16 0.012) (24 -0.0117) (37 -0.01) 
  0.00017384   (161 1) 
  0.00018644   (3 -1) 
  0.00023257   (14 0.709) (16 0.594) (15 0.304) (13 0.115) (17 -0.106) (11 0.0956) (18 0.079) (21 0.0615) (20 0.0451) (23 0.0395) (32 0.0317) (38 -0.0268) (24 -0.026) (27 0.0219) (26 -0.019) (19 0.0184) (33 0.0151) (28 0.0129) (39 -0.0119) (45 0.0115) (31 0.011) (37 -0.0101) 
  0.00027072   (160 1) 
  0.00027872   (7 1) 
  0.00028211   (25 -0.744) (24 0.611) (21 -0.144) (20 -0.0942) (23 -0.0826) (30 -0.0812) (26 -0.0745) (18 -0.0665) (155 0.0658) (36 0.0654) (14 0.0454) (27 0.0425) (22 -0.0362) (31 0.0319) (32 0.0283) (19 -0.0276) (11 0.0269) (52 0.0184) (38 -0.0173) (17 0.0163) (28 0.0153) (15 0.0147) (50 0.0139) (35 -0.0131) (51 0.0128) (45 0.0106) 
  0.00028804   (155 0.998) (25 0.0491) (24 -0.0403) 
  0.00030652   (6 -1) 
  0.00031533   (17 0.984) (14 0.0965) (21 0.0847) (20 0.0646) (15 0.0609) (11 0.0473) (18 0.0423) (158 -0.025) (27 0.02) (36 0.0192) (28 0.0186) (13 0.0165) (31 0.0154) (23 -0.0143) (45 0.0122) (30 -0.0119) (38 -0.0116) (24 -0.0115) 
  0.00031985   (158 -1) (17 -0.0246) 
  0.00032255   (73 -0.744) (59 0.444) (57 0.293) (76 -0.227) (74 -0.203) (38 0.0954) (54 -0.0929) (39 0.0655) (47 -0.0643) (50 0.0613) (40 0.0594) (45 -0.0506) (32 -0.0468) (75 0.046) (77 0.0452) (43 0.0442) (72 -0.0428) (53 0.0417) (37 0.0398) (96 0.0397) (18 -0.0361) (68 0.0334) (58 0.0334) (69 -0.0323) (49 0.0313) (26 0.031) (42 -0.0297) (56 -0.0283) (51 -0.0278) (14 0.0261) (88 0.0257) (41 -0.0256) (87 -0.0227) (48 0.0213) (92 0.0208) (46 -0.0198) (122 0.019) (78 -0.0177) (102 -0.0163) (20 -0.0162) (120 -0.0161) (11 0.0159) (36 -0.0158) (124 -0.0158) (70 0.0155) (113 0.0155) (21 -0.0152) (66 0.0149) (99 0.0145) (112 -0.0139) (89 0.0133) (16 -0.0127) (44 0.0122) (61 -0.0118) (31 -0.0115) (64 -0.0113) (13 0.0109) (127 -0.0107) (153 0.0103) (80 0.0101) 
  0.00038685   (59 0.571) (73 0.51) (57 0.365) (70 -0.219) (68 0.185) (38 0.162) (153 0.145) (47 -0.141) (76 0.141) (74 0.132) (45 -0.103) (39 0.094) (50 0.0923) (69 -0.0823) (71 0.078) (54 -0.0739) (32 -0.0735) (40 0.0704) (52 -0.0696) (41 -0.05) (37 0.05) (26 0.0431) (66 0.0424) (58 0.0423) (18 -0.042) (51 -0.0413) (14 0.0413) (21 -0.0315) (67 0.0311) (43 0.0307) (75 -0.03) (122 -0.0285) (53 0.0284) (11 0.0268) (20 -0.0267) (83 -0.0261) (31 -0.0243) (77 -0.0236) (46 -0.0215) (113 0.02) (16 -0.0198) (42 0.019) (44 0.0185) (61 -0.0176) (127 -0.0174) (88 0.0172) (78 0.0171) (64 -0.0167) (36 -0.0165) (17 0.0156) (120 -0.0152) (80 -0.0151) (48 0.0145) (112 -0.0142) (117 0.014) (28 -0.014) (62 0.0135) (98 -0.0124) (126 -0.0124) (116 -0.0123) (27 -0.0123) (49 0.0123) (133 -0.0122) (131 0.0118) (63 -0.0113) (87 -0.0107) 
  0.00042147   (153 0.989) (59 -0.0883) (73 -0.0669) (57 -0.0567) (70 0.0317) (68 -0.0273) (38 -0.0253) (47 0.0215) (76 -0.0183) (74 -0.0172) (45 0.0159) (39 -0.0148) (50 -0.0143) (69 0.0123) (54 0.012) (32 0.0115) (71 -0.0113) (40 -0.0112) (52 0.0102) 
  0.00042565   (19 -0.725) (18 -0.477) (20 0.464) (21 0.132) (47 -0.0583) (50 -0.0514) (24 0.0399) (23 0.0332) (26 -0.026) (14 0.0242) (22 0.0212) (52 0.021) (51 0.0205) (45 -0.0195) (17 -0.0181) (25 0.0178) (54 0.0148) (48 -0.0148) (42 0.0113) (59 -0.011) 
  0.00049004   (47 -0.577) (50 -0.486) (150 -0.42) (52 0.243) (51 0.195) (45 -0.181) (38 0.177) (48 -0.135) (54 0.119) (39 0.104) (59 -0.0886) (40 0.0794) (32 -0.071) (41 -0.0703) (57 -0.0628) (20 -0.061) (19 0.0576) (55 0.0487) (37 0.0407) (26 0.0396) (21 -0.0391) (14 0.0335) (43 0.0296) (73 -0.0262) (31 -0.0233) (56 -0.0217) (11 0.0213) (44 0.018) (76 0.0174) (42 0.0157) (16 -0.0155) (36 -0.0139) (27 -0.013) (46 -0.0117) (28 -0.0109) 
  0.00050739   (150 -0.907) (47 0.267) (50 0.225) (52 -0.113) (51 -0.0901) (45 0.0841) (38 -0.082) (48 0.0628) (54 -0.0549) (39 -0.0484) (59 0.041) (40 -0.0368) (32 0.0329) (41 0.0326) (57 0.029) (20 0.0272) (19 -0.025) (55 -0.0225) (37 -0.0189) (26 -0.0183) (21 0.0178) (14 -0.0156) (43 -0.0137) (73 0.0121) (31 0.0108) (56 0.01) 
  0.00054032   (53 0.628) (42 -0.431) (54 0.383) (50 0.286) (51 -0.254) (47 -0.194) (49 0.149) (43 0.123) (45 -0.107) (59 -0.0997) (56 0.0922) (57 -0.0733) (52 -0.0609) (41 0.0571) (38 0.0443) (44 0.03) (40 -0.0287) (37 0.0267) (48 -0.024) (70 -0.0231) (39 0.0219) (148 -0.0192) (32 -0.0189) (18 -0.0186) (26 0.0178) (46 -0.0141) (14 0.0133) (68 0.0124) (36 -0.0112) 
  0.00056132   (148 -0.809) (42 0.48) (53 0.21) (41 -0.111) (54 0.096) (40 0.0901) (38 0.0888) (43 -0.0847) (50 0.0686) (45 0.0639) (39 0.0634) (51 -0.056) (49 0.0441) (59 -0.0366) (32 -0.0333) (56 0.0318) (47 0.0247) (52 0.0225) (57 -0.0218) (44 -0.0216) (26 0.0204) (73 -0.0198) (21 -0.0144) (14 0.0131) (20 -0.0114) (18 -0.0106) (48 0.0106) (46 -0.0101) 
  0.00056323   (42 -0.647) (148 -0.588) (53 -0.31) (41 0.151) (54 -0.145) (38 -0.124) (40 -0.123) (43 0.113) (50 -0.104) (39 -0.088) (51 0.0855) (45 -0.0845) (49 -0.0657) (59 0.0535) (56 -0.0467) (32 0.0466) (57 0.0323) (52 -0.029) (26 -0.0288) (44 0.0287) (47 -0.0276) (73 0.0275) (21 0.0202) (14 -0.0185) (20 0.016) (18 0.0153) (46 0.0144) (48 -0.0138) (31 0.0129) (70 -0.0128) (37 -0.0123) (95 -0.0117) (16 0.0107) (11 -0.0103) (76 -0.0103) 
  0.00061756   (70 0.794) (71 -0.362) (72 0.302) (69 0.179) (73 0.156) (68 -0.131) (59 0.122) (38 0.0876) (50 0.0794) (47 -0.0752) (52 -0.0733) (57 0.0687) (39 0.0533) (51 -0.0436) (54 -0.0434) (83 -0.0398) (45 -0.0395) (32 -0.0381) (76 -0.0358) (40 0.0342) (43 0.0339) (67 0.0333) (37 0.0321) (53 -0.03) (147 -0.0299) (56 -0.0292) (18 -0.0273) (26 0.0268) (55 0.0243) (49 0.023) (14 0.0225) (66 -0.0218) (41 -0.021) (120 -0.0194) (42 -0.0191) (46 -0.0184) (88 0.0177) (127 -0.0157) (21 -0.0156) (102 -0.0154) (20 -0.0151) (124 -0.014) (31 -0.0136) (89 -0.0136) (113 0.0135) (36 -0.0126) (11 0.0122) (94 -0.0117) (112 -0.0116) (80 -0.0116) (95 -0.0114) (91 -0.0113) (44 0.0111) (58 0.0106) (99 0.0106) (90 0.0105) (16 -0.0103) (126 -0.0102) (122 0.01) 
  0.00065643   (147 -0.56) (52 -0.489) (53 -0.38) (47 -0.288) (50 0.232) (51 -0.192) (57 -0.157) (59 -0.134) (55 0.119) (38 0.119) (45 -0.111) (70 -0.0814) (39 0.0725) (73 -0.0703) (40 0.0697) (42 0.0693) (41 -0.0561) (54 0.0507) (72 -0.0504) (71 0.0469) (32 -0.045) (37 0.0276) (26 0.0275) (46 -0.0256) (14 0.0241) (69 -0.0235) (21 -0.0234) (44 0.0217) (18 -0.0198) (122 -0.0185) (20 -0.0185) (95 0.0136) (31 -0.0134) (16 -0.0133) (11 0.0129) (48 -0.0113) (58 -0.0112) (74 -0.0111) (67 -0.0102) 
  0.00070263   (147 -0.828) (52 0.333) (53 0.258) (47 0.198) (50 -0.16) (51 0.131) (57 0.103) (59 0.0862) (38 -0.084) (55 -0.0813) (45 0.0767) (39 -0.0512) (40 -0.0486) (42 -0.0461) (73 0.042) (41 0.0388) (54 -0.0326) (32 0.0321) (70 0.0263) (72 0.0233) (37 -0.02) (26 -0.0197) (71 -0.0186) (46 0.0181) (14 -0.0172) (21 0.0165) (44 -0.0151) (18 0.0146) (20 0.0131) (122 0.0126) 
  0.00078907   (37 0.9) (38 -0.206) (21 -0.192) (18 -0.178) (20 -0.139) (23 0.129) (39 -0.11) (36 -0.0792) (32 -0.0654) (14 0.0623) (24 -0.0583) (40 -0.0542) (43 -0.0384) (16 -0.0334) (45 0.0297) (11 0.0279) (17 0.0266) (41 0.0251) (42 0.0227) (47 0.0214) (26 -0.0191) (22 0.0181) (31 -0.0179) (59 -0.0179) (54 0.0179) (57 -0.0174) (13 0.0169) (34 -0.0164) (50 -0.0154) (25 0.0137) (46 0.0127) (19 -0.0105) (15 0.0103) 
   0.0010771   (21 -0.528) (23 0.423) (18 -0.41) (20 -0.36) (37 -0.329) (26 -0.231) (24 -0.159) (32 0.135) (14 0.107) (17 0.0701) (22 0.0615) (16 -0.06) (25 0.0529) (28 0.0457) (31 0.0444) (36 0.0427) (27 0.0413) (11 0.0408) (19 -0.0305) (13 0.0253) (145 0.0226) (15 0.0191) (30 -0.0179) (33 0.0157) (29 0.0139) (47 0.0101) 
   0.0011318   (145 0.977) (144 -0.213) (21 0.0132) (23 -0.0104) (18 0.0104) 
   0.0012348   (46 -0.623) (47 0.442) (45 -0.396) (38 0.259) (16 -0.198) (43 0.166) (14 0.16) (39 0.144) (50 -0.115) (54 0.112) (41 -0.0905) (49 -0.0887) (59 -0.0821) (37 0.0623) (32 -0.0599) (55 0.0497) (42 -0.0496) (57 -0.0479) (48 0.0463) (11 0.0411) (53 -0.0364) (15 0.0319) (26 0.0318) (13 0.0303) (76 -0.0285) (31 -0.0273) (70 -0.0263) (40 0.0256) (51 0.0253) (36 -0.0242) (56 -0.024) (83 -0.0232) (95 -0.0145) (80 -0.0144) (17 -0.0134) (21 -0.0124) (33 -0.0115) (34 -0.0113) (52 0.0107) 
   0.0013055   (16 -0.765) (14 0.507) (18 0.162) (46 0.148) (13 0.121) (15 0.106) (45 0.105) (38 -0.102) (20 0.0977) (21 0.0974) (47 -0.0926) (17 -0.09) (26 -0.0708) (32 0.0696) (11 0.0653) (39 -0.057) (43 -0.0464) (41 0.0356) (37 -0.0333) (31 0.0239) (50 0.0225) (40 -0.0224) (23 0.0216) (54 -0.0208) (27 0.0194) (28 0.0191) (49 0.019) (36 0.0148) (59 0.0135) (48 -0.0119) (55 -0.0112) (42 0.0104) 
   0.0014224   (146 -1) 
   0.0014482   (54 -0.605) (55 0.505) (32 -0.358) (56 0.34) (53 0.178) (34 -0.136) (57 -0.122) (59 -0.115) (52 0.0987) (31 -0.0814) (26 0.0711) (49 0.0701) (50 0.0676) (18 -0.054) (36 0.0453) (48 0.0435) (14 0.043) (37 -0.041) (42 -0.0404) (33 -0.039) (21 -0.0362) (20 -0.0329) (47 -0.0314) (43 0.0313) (69 -0.0272) (46 -0.026) (70 -0.0255) (76 -0.0238) (30 0.0233) (28 -0.0233) (68 0.0223) (11 0.0216) (16 -0.021) (73 0.0205) (45 -0.0199) (27 -0.0182) (51 -0.0176) (38 -0.0166) (139 0.0141) (67 -0.0126) (71 0.0124) (13 0.0119) (58 -0.0114) (77 0.0107) (96 0.0105) 
   0.0015913   (32 -0.747) (34 -0.304) (54 0.277) (38 -0.213) (55 -0.211) (37 -0.166) (31 -0.166) (56 -0.147) (36 0.134) (39 -0.116) (26 0.11) (53 -0.0858) (33 -0.0824) (139 0.0761) (40 -0.0673) (18 -0.0656) (21 -0.0602) (41 0.0572) (14 0.0565) (47 0.0515) (20 -0.0486) (52 -0.0447) (45 0.0445) (30 0.0436) (50 -0.0422) (28 -0.0399) (49 -0.038) (43 -0.0377) (57 0.0344) (59 0.0338) (27 -0.0334) (11 0.0273) (16 -0.0258) (48 -0.0186) (46 0.0168) (51 0.0138) (13 0.0128) (23 -0.0126) (24 0.0115) (15 0.0103) (73 -0.0103) (69 0.0101) 
   0.0016638   (139 0.997) (32 0.0622) (34 0.0251) (38 0.0163) (31 0.0138) (37 0.0132) (54 -0.0125) (36 -0.0108) 
   0.0017995   (15 -0.8) (28 -0.348) (14 0.318) (27 -0.311) (26 0.103) (29 0.088) (32 0.0743) (16 0.0666) (13 -0.0528) (17 0.0346) (31 0.0328) (38 -0.0302) (136 0.0287) (18 -0.0284) (20 -0.0279) (23 -0.0223) (37 -0.0178) (44 -0.0177) (30 -0.0173) (24 0.0147) (11 0.0137) (39 -0.0132) (21 -0.0119) (33 0.0107) 
   0.0020253   (28 -0.568) (27 -0.508) (15 0.466) (136 0.299) (26 0.186) (29 0.162) (14 -0.12) (32 0.112) (18 -0.0626) (20 -0.0581) (16 -0.057) (21 -0.0536) (31 0.044) (38 -0.0436) (13 0.0421) (23 -0.0293) (24 0.029) (30 -0.0289) (37 -0.0245) (40 -0.023) (19 -0.0222) (11 0.022) (39 -0.0206) (33 0.0132) (17 0.0122) (45 0.0119) (36 0.0103) 
   0.0021161   (136 0.954) (28 0.189) (27 0.169) (15 -0.122) (26 -0.0614) (29 -0.0533) (32 -0.0373) (14 0.0279) (18 0.0205) (20 0.0191) (21 0.0172) (16 0.0159) (31 -0.0148) (38 0.0145) (13 -0.0116) 
   0.0022795   (29 -0.92) (51 -0.212) (28 -0.141) (52 0.115) (48 -0.11) (27 -0.102) (49 0.0849) (53 -0.083) (31 -0.0778) (30 0.0765) (72 -0.0698) (45 0.0551) (32 0.0503) (50 -0.0419) (40 -0.0349) (34 0.0329) (54 0.0314) (70 0.0314) (39 -0.0313) (56 0.0302) (55 0.0278) (24 0.0245) (47 0.0242) (71 0.0234) (46 -0.0228) (22 -0.0218) (74 0.0217) (59 0.0212) (44 -0.02) (132 0.02) (35 0.018) (26 0.0166) (20 -0.0164) (77 0.016) (37 -0.0158) (25 0.0155) (83 -0.0151) (18 -0.0151) (66 -0.0133) (60 -0.0129) (14 0.0121) (43 0.0116) (81 0.0113) (15 0.0111) (21 -0.01) 
   0.0023424   (72 -0.736) (70 0.325) (77 0.284) (132 0.237) (71 0.225) (51 0.193) (66 -0.129) (69 0.114) (83 -0.087) (53 0.0857) (67 0.0841) (52 -0.0821) (131 0.0769) (55 -0.0747) (74 0.071) (38 0.0686) (49 -0.0619) (48 0.0612) (54 -0.0573) (57 -0.0537) (50 0.0534) (76 0.0523) (79 0.0508) (59 0.0499) (96 -0.0474) (73 0.0446) (81 0.0409) (82 0.0409) (89 -0.0406) (39 -0.0399) (95 -0.0392) (63 -0.0353) (62 -0.0341) (84 0.0329) (75 -0.0313) (45 -0.0311) (78 0.0298) (91 -0.0207) (128 -0.0201) (58 0.0183) (60 -0.0171) (31 -0.0165) (88 0.0161) (47 -0.0155) (80 0.0154) (92 -0.0153) (101 -0.0141) (85 0.0141) (98 -0.0139) (68 -0.0137) (117 -0.0133) (29 0.0129) (42 -0.0123) (94 0.012) (21 -0.0113) (32 -0.0111) (119 0.0106) (37 0.0101) 
   0.0023675   (51 0.516) (132 0.466) (48 0.291) (52 -0.276) (72 0.269) (29 -0.257) (53 0.213) (49 -0.194) (131 0.129) (70 -0.128) (50 0.0998) (55 -0.0964) (71 -0.0926) (56 -0.0905) (54 -0.0857) (40 0.085) (59 -0.0816) (77 -0.0795) (45 -0.0775) (47 -0.0652) (44 0.0569) (74 -0.0525) (28 -0.0515) (83 0.0507) (39 -0.0502) (27 -0.036) (46 0.0312) (66 0.0281) (81 -0.0255) (73 -0.0238) (41 -0.0222) (60 0.0213) (69 -0.0212) (68 0.0201) (79 -0.0187) (30 0.0177) (63 0.0177) (96 0.0177) (89 0.0176) (95 0.0173) (128 -0.017) (18 -0.017) (76 -0.0165) (75 0.0165) (24 0.0147) (57 -0.014) (33 -0.0126) (43 -0.0122) (62 0.0121) (116 0.012) (87 -0.012) (32 0.0118) (65 0.0109) (102 0.0108) (13 0.0106) (19 0.0105) (78 -0.0103) (67 -0.01) 
    0.002403   (132 0.814) (51 -0.35) (131 0.2) (48 -0.183) (52 0.181) (29 0.168) (53 -0.146) (49 0.128) (55 0.0772) (50 -0.0725) (54 0.0658) (72 0.0653) (45 0.0527) (40 -0.0496) (56 0.0493) (39 0.0418) (47 0.0416) (77 -0.0383) (28 0.0346) (59 0.0313) (44 -0.0307) (27 0.0252) (57 0.0241) (70 -0.024) (66 0.0226) (69 -0.022) (128 -0.0211) (67 -0.0193) (46 -0.0186) (38 -0.0184) (133 -0.0179) (71 -0.0142) (41 0.0139) (30 -0.0118) (84 -0.0115) 
   0.0025067   (18 -0.616) (21 0.49) (19 0.448) (22 -0.225) (13 0.141) (55 0.138) (56 -0.134) (26 -0.103) (24 -0.0995) (25 -0.0992) (23 -0.0894) (57 -0.0891) (59 0.064) (40 -0.0596) (20 -0.0551) (54 0.0488) (31 -0.0477) (32 0.0391) (16 -0.0293) (12 0.0272) (39 -0.0227) (83 0.0221) (37 -0.0216) (33 -0.0211) (47 0.0204) (43 -0.0198) (17 -0.0197) (72 -0.0173) (49 -0.0151) (122 0.0149) (96 0.0144) (28 0.0142) (46 0.0141) (42 0.014) (29 0.0136) (14 0.0131) (41 0.0129) (27 -0.0128) (45 0.0127) (95 0.0124) (126 -0.0121) (68 0.0119) (50 -0.011) (53 0.0109) (44 -0.0108) (11 0.0105) 
   0.0026373   (57 0.794) (59 -0.556) (18 -0.0805) (72 -0.0748) (40 0.073) (96 0.0619) (83 0.0561) (21 0.0536) (19 0.0525) (49 0.0471) (67 0.0437) (58 -0.0431) (54 -0.0409) (51 -0.038) (69 0.0378) (47 -0.037) (68 0.0366) (126 -0.0302) (70 0.0301) (134 -0.0298) (13 0.0293) (53 -0.0284) (71 0.0284) (77 0.0263) (78 -0.0258) (89 0.0256) (43 0.0255) (22 -0.0252) (63 -0.0233) (50 0.0222) (73 0.0204) (46 -0.0199) (52 -0.0193) (39 0.0192) (79 0.0188) (98 0.0187) (91 0.0173) (106 0.017) (87 -0.017) (44 0.0158) (80 0.0158) (95 0.0154) (97 -0.0154) (66 -0.015) (48 0.0142) (94 -0.0142) (38 -0.0141) (92 0.0137) (34 -0.0137) (76 -0.0134) (24 -0.0108) (122 -0.0107) (127 -0.0106) (60 -0.0102) 
   0.0027504   (134 -0.819) (55 -0.367) (56 0.352) (133 -0.149) (54 -0.0933) (18 -0.0737) (48 -0.0721) (38 0.0719) (40 -0.0663) (19 0.0468) (57 -0.0459) (21 0.0451) (72 0.0382) (53 -0.0341) (83 -0.034) (47 -0.0272) (22 -0.0238) (44 -0.0226) (31 -0.0223) (46 -0.0203) (68 -0.0197) (43 0.0193) (50 0.0192) (67 -0.019) (45 -0.0172) (39 0.017) (76 -0.0169) (24 -0.0168) (95 -0.0155) (96 -0.0144) (41 -0.014) (69 -0.0137) (70 -0.0136) (25 -0.0135) (20 -0.0134) (23 -0.0131) (71 -0.0129) (73 -0.0125) (32 -0.0118) (14 0.0111) (89 -0.0106) (51 0.0103) (80 -0.0103) (52 -0.01) 
   0.0028164   (55 0.551) (134 -0.544) (56 -0.529) (54 0.143) (18 0.115) (48 0.107) (38 -0.107) (133 -0.0949) (40 0.0941) (19 -0.0732) (21 -0.0708) (72 -0.054) (53 0.0528) (83 0.051) (126 -0.0469) (59 0.0458) (47 0.0432) (22 0.0371) (44 0.0327) (31 0.0326) (46 0.0317) (43 -0.0307) (50 -0.0302) (96 0.028) (68 0.0278) (39 -0.0268) (67 0.0264) (95 0.0262) (76 0.0262) (45 0.0262) (24 0.0258) (57 0.0217) (122 0.0217) (41 0.0212) (20 0.0206) (25 0.0206) (23 0.0199) (70 0.0189) (69 0.0187) (32 0.0183) (71 0.0181) (73 0.0179) (98 0.0173) (89 0.0173) (14 -0.0168) (52 0.0162) (49 -0.0158) (80 0.0152) (33 0.0139) (37 -0.0138) (91 0.0138) (124 -0.0133) (51 -0.0131) (13 -0.0124) (16 0.0118) 
   0.0034104   (41 0.829) (68 0.341) (38 0.214) (40 0.209) (39 0.156) (83 0.126) (45 0.103) (67 0.0904) (69 -0.0813) (42 0.0806) (57 -0.0731) (70 0.0695) (44 0.066) (59 -0.0483) (85 -0.0448) (47 0.0425) (89 -0.0394) (37 0.0388) (55 -0.0376) (48 0.0342) (130 0.0331) (95 -0.03) (53 -0.0286) (96 -0.0282) (32 -0.0249) (50 -0.0237) (71 -0.0183) (73 -0.0167) (52 0.0163) (43 0.0159) (56 0.0154) (54 0.0151) (22 -0.014) (66 0.0137) (31 -0.0127) (92 -0.0125) (29 -0.012) (26 0.0119) (18 -0.011) (21 -0.0107) (14 0.0107) (36 -0.0105) (124 -0.0104) (91 -0.0103) (99 0.0101) 
   0.0036575   (83 0.818) (130 0.316) (68 -0.303) (85 -0.171) (89 -0.157) (95 -0.129) (96 -0.12) (69 0.1) (91 -0.0766) (59 0.0652) (67 -0.061) (80 0.0599) (72 -0.0488) (92 -0.0482) (70 -0.0358) (38 0.0354) (90 0.0344) (97 0.0322) (112 -0.0319) (98 -0.0301) (113 0.0291) (106 0.0289) (76 0.0281) (73 0.0273) (88 0.0253) (81 -0.0246) (101 -0.0229) (87 0.0211) (56 0.0207) (110 -0.02) (102 -0.0199) (40 -0.0198) (103 0.0192) (54 -0.0192) (124 -0.0187) (105 0.0186) (45 -0.0185) (41 -0.0184) (71 0.0176) (86 0.0169) (57 0.0154) (116 -0.0143) (66 -0.0138) (111 0.0135) (94 0.0134) (100 0.013) (79 0.013) (55 -0.0123) (120 -0.0122) (107 0.0121) (39 0.012) (117 0.0119) (99 0.0119) (32 -0.0118) (114 -0.0117) (84 0.0116) (82 -0.0112) (51 -0.0111) (37 0.011) (42 -0.0108) (77 0.0105) 
   0.0037247   (68 -0.575) (130 0.549) (83 -0.384) (41 0.271) (67 -0.174) (70 -0.141) (40 0.126) (69 0.112) (89 0.107) (85 0.0983) (48 0.0905) (96 0.0824) (95 0.0703) (38 0.0607) (39 0.0591) (44 0.0569) (57 0.0549) (71 0.0414) (59 0.0366) (92 0.0333) (73 0.0321) (91 0.0309) (106 -0.0304) (66 -0.0241) (74 0.0228) (42 0.0227) (87 -0.021) (18 -0.0199) (131 -0.0181) (37 0.0176) (101 0.0172) (51 -0.0159) (47 -0.0155) (79 -0.0147) (32 -0.0144) (45 0.0144) (110 0.0137) (94 -0.0134) (97 -0.0133) (127 -0.0125) (52 0.0122) (55 0.012) (13 0.012) (105 -0.0104) 
   0.0039081   (130 0.772) (68 0.518) (41 -0.221) (67 0.144) (69 -0.118) (70 0.111) (40 -0.0896) (83 -0.0706) (38 -0.0679) (48 -0.0634) (39 -0.054) (59 -0.0515) (57 -0.0421) (44 -0.0413) (71 -0.0357) (73 -0.0333) (131 -0.026) (80 -0.0227) (66 0.0222) (72 0.0209) (37 -0.0189) (74 -0.0185) (32 0.0164) (51 0.0157) (18 0.0156) (42 -0.015) (52 -0.013) (76 -0.0128) (96 -0.0127) (89 -0.0124) (47 0.0123) (88 -0.0123) (106 0.0116) 
   0.0039226   (98 -0.387) (99 -0.342) (112 0.303) (100 0.296) (108 0.281) (106 0.277) (107 -0.261) (102 -0.23) (124 -0.21) (103 -0.19) (125 0.18) (101 -0.15) (113 0.143) (95 0.131) (123 0.117) (115 -0.114) (110 0.111) (111 -0.0969) (149 0.0944) (121 0.074) (92 -0.07) (89 0.0606) (104 0.0549) (76 -0.0524) (48 0.0497) (105 0.0492) (97 0.0488) (142 0.0468) (126 0.042) (109 0.0409) (96 0.0392) (116 -0.0325) (118 -0.0318) (90 -0.0277) (80 0.0266) (67 0.0259) (87 0.0238) (69 0.0227) (91 0.0226) (78 0.0217) (81 -0.0202) (119 0.0202) (51 -0.0201) (83 0.0201) (114 0.0194) (141 -0.0189) (122 -0.0182) (73 0.0178) (82 -0.0172) (120 -0.0168) (52 0.0158) (117 0.0151) (68 0.014) (74 -0.0137) (75 0.0122) (77 0.0117) (86 0.0106) (44 0.0104) 
   0.0040524   (142 0.88) (149 -0.408) (141 -0.242) (124 -0.0174) (125 0.0144) (98 0.0123) 
   0.0041073   (48 0.808) (51 -0.269) (52 0.21) (44 0.191) (49 0.146) (53 -0.129) (55 -0.128) (67 0.116) (47 -0.109) (40 0.107) (76 -0.0989) (41 -0.0989) (50 -0.0973) (38 -0.0941) (56 0.0852) (68 0.0834) (69 0.082) (57 -0.081) (125 -0.0551) (124 0.0494) (73 0.0447) (106 -0.0424) (83 0.0422) (108 -0.0412) (72 -0.0405) (80 0.0388) (54 0.0344) (22 0.0335) (121 -0.031) (123 -0.0307) (74 -0.0304) (89 0.0299) (46 -0.0299) (45 -0.0295) (78 0.0277) (75 0.0274) (112 -0.0263) (39 -0.026) (19 0.0258) (77 0.0257) (100 -0.0241) (65 -0.0235) (81 -0.0234) (13 0.0233) (18 -0.0221) (102 0.0216) (126 -0.0216) (31 0.0188) (21 0.0179) (111 0.0173) (66 0.0172) (95 0.0172) (43 0.0169) (149 -0.0167) (85 0.0163) (42 -0.0158) (122 0.0157) (103 0.0151) (82 -0.0141) (105 -0.0133) (20 0.011) (71 -0.0105) (61 -0.0102) 
   0.0041618   (69 0.42) (81 -0.362) (67 0.361) (44 0.305) (82 -0.28) (79 0.273) (74 -0.215) (91 -0.209) (48 -0.208) (77 -0.157) (70 -0.143) (75 0.131) (71 -0.121) (78 0.108) (111 0.0961) (72 -0.0904) (40 0.0861) (101 -0.0814) (92 -0.0797) (85 0.0765) (65 -0.0653) (107 0.0653) (105 -0.061) (98 0.0583) (66 0.0551) (43 0.0514) (73 0.0505) (80 0.0496) (83 -0.049) (87 0.047) (84 0.0447) (47 0.0349) (38 -0.034) (57 -0.0329) (54 -0.0314) (86 0.0313) (156 -0.0312) (89 0.0276) (99 0.0272) (49 -0.0271) (45 0.0267) (96 0.0262) (50 0.0244) (125 0.0244) (64 -0.023) (121 0.0223) (41 -0.0222) (61 -0.0202) (116 -0.0198) (51 0.0196) (112 0.0194) (59 0.0173) (113 -0.0163) (123 0.016) (60 -0.0156) (46 -0.0152) (56 0.0144) (76 -0.0124) (108 -0.0119) (68 0.0119) (52 -0.0108) (53 0.0107) (149 0.0102) 
   0.0043235   (156 -0.999) (44 -0.034) (48 0.013) (149 0.0105) (40 -0.0105) 
   0.0045903   (44 0.819) (40 0.259) (48 -0.208) (69 -0.194) (38 -0.168) (67 -0.166) (81 0.134) (41 -0.101) (79 -0.101) (43 0.1) (82 0.0906) (74 0.0878) (70 0.0837) (77 0.0655) (71 0.0606) (111 -0.0586) (85 -0.0546) (47 0.052) (80 -0.0504) (75 -0.0491) (56 0.0462) (83 0.0458) (107 -0.0456) (46 -0.044) (105 0.0399) (101 0.0383) (45 0.0369) (49 -0.0357) (96 0.0345) (95 0.0343) (65 0.034) (31 0.0318) (66 -0.0302) (156 -0.0295) (39 -0.0277) (13 0.0264) (55 -0.0264) (91 0.026) (57 -0.0256) (19 0.0236) (21 0.0232) (18 -0.021) (125 -0.0197) (92 0.0183) (15 -0.0162) (59 0.0161) (94 -0.0154) (99 -0.0154) (32 0.0151) (42 0.0149) (121 -0.0148) (84 -0.0142) (104 -0.014) (90 0.0135) (37 -0.0135) (103 -0.0131) (68 0.013) (87 -0.0129) (33 0.0122) (64 0.0122) (73 -0.0119) (123 -0.0118) (89 -0.0117) (72 0.0116) (124 0.0114) (116 0.0114) (22 0.0111) 
   0.0048024   (20 -0.692) (21 0.465) (19 -0.412) (135 0.338) (22 0.0937) (18 0.0903) (8 -0.0481) (26 -0.0241) (23 0.0212) (13 -0.0184) (28 0.0181) (25 0.0102) 
   0.0048911   (135 0.941) (20 0.249) (21 -0.167) (19 0.148) (22 -0.0337) (18 -0.0325) (8 0.0144) 
   0.0050048   (8 0.999) (20 -0.0373) (21 0.0234) (19 -0.023) 
   0.0053157   (4 -1) 
   0.0054115   (23 -0.798) (25 0.369) (21 -0.27) (24 0.184) (20 -0.181) (18 -0.17) (26 -0.147) (27 0.102) (14 0.0901) (32 0.0645) (19 -0.0637) (11 0.0457) (22 -0.0422) (38 -0.0394) (143 0.0307) (31 0.0275) (33 0.0251) (15 0.0234) (39 -0.0218) (16 -0.0204) (37 -0.019) (45 0.0185) (17 0.0151) (13 0.0142) (76 0.0128) (40 -0.0102) 
   0.0057398   (143 0.999) (23 0.0245) (144 0.0161) (25 -0.0113) 
   0.0058861   (10 -0.939) (28 0.239) (27 -0.236) (26 0.0596) (23 -0.019) (32 0.0156) (31 0.0151) (21 -0.015) (30 -0.0116) (29 -0.0114) (38 -0.0105) 
   0.0060393   (137 -0.961) (28 0.179) (27 -0.177) (10 0.0979) (26 0.0443) (23 -0.0158) (21 -0.0122) (18 -0.0104) (32 0.0102) 
   0.0063096   (28 -0.627) (27 0.62) (10 -0.329) (137 -0.275) (26 -0.155) (23 0.0553) (21 0.0426) (18 0.0364) (32 -0.036) (30 0.0348) (31 -0.0341) (29 0.0261) (14 -0.0247) (38 0.0222) (20 0.0219) (24 -0.0202) (34 0.0151) (11 -0.0148) 
   0.0064397   (13 -0.897) (40 -0.271) (44 0.166) (38 0.151) (14 0.14) (15 0.11) (18 -0.0856) (19 0.0643) (12 -0.0593) (48 0.0584) (39 -0.0565) (21 0.0469) (16 -0.0437) (56 -0.0391) (55 0.0386) (42 0.0374) (57 0.0368) (45 0.0324) (83 -0.0253) (96 -0.0239) (46 0.0231) (41 0.0223) (59 -0.0215) (31 -0.0203) (89 -0.0186) (72 0.0178) (95 -0.0145) (80 -0.0145) (22 0.0141) (73 -0.0125) (65 0.0122) (47 -0.0117) (60 -0.0114) (26 -0.0112) (70 -0.0111) 
   0.0067699   (140 0.997) (40 -0.0558) (13 0.0336) (38 0.0304) (44 0.0268) 
   0.0080093   (40 0.712) (38 -0.387) (13 -0.353) (44 -0.345) (48 -0.102) (39 0.0989) (42 -0.089) (140 0.0803) (18 -0.078) (31 0.0761) (45 -0.0734) (56 0.0706) (19 0.0687) (55 -0.0681) (21 0.0652) (41 -0.0646) (57 -0.0592) (46 -0.0521) (15 0.0493) (14 0.0455) (59 0.0394) (83 0.0384) (96 0.0348) (72 -0.0314) (60 0.0277) (65 -0.0262) (33 0.0239) (37 -0.0227) (43 0.0225) (78 -0.022) (95 0.0209) (16 -0.0208) (89 0.0199) (73 0.0197) (47 0.017) (71 -0.0159) (79 -0.0152) (75 0.0148) (68 0.0145) (98 0.014) (70 0.0138) (12 -0.0137) (81 -0.0129) (52 0.0127) (50 0.0123) (80 0.0122) (84 0.012) (29 -0.0116) (24 0.0112) (62 -0.0109) (20 0.0107) (27 0.0106) (61 0.0105) 
   0.0083975   (12 -0.951) (31 -0.231) (33 -0.169) (32 0.0727) (13 0.0579) (38 -0.0315) (39 0.026) (40 0.024) (29 0.0239) (63 0.0235) (138 0.0197) (26 -0.0158) (27 -0.0124) (23 -0.0107) (22 0.0105) 
   0.0090582   (138 0.97) (31 -0.176) (33 -0.122) (12 0.091) (32 0.0526) (39 0.0236) (38 -0.0201) (26 -0.0156) (29 0.0155) (18 0.0114) (13 -0.0101) 

 Largest eigenvalues
      21.387   (163 0.976) 
      11.681   (76 0.761) (95 -0.345) 
       7.687   (76 -0.398) (95 -0.678) (96 0.421) 
      3.2243   (95 0.425) (96 0.67) 
      1.2286   (124 0.446) (125 -0.571) 
      1.2201   (142 -0.372) (149 -0.898) 
      1.1861   (164 0.996) 
      1.1813   (165 0.995) 
      1.1492   (91 -0.294) (92 0.787) (102 0.37) 
      1.1141   (92 0.333) (102 -0.42) (109 -0.767) 
      1.1093   (102 -0.608) (109 0.491) (114 0.317) (116 0.33) 
     0.99115   (102 -0.362) (114 -0.348) (116 -0.552) (117 -0.392) 
     0.97413   (99 0.615) (100 0.645) 
     0.94397   (105 0.545) (107 0.503) 
     0.92766   (113 0.487) (114 0.533) 
     0.74412   (114 -0.482) (117 0.549) (120 -0.298) 
     0.67976   (108 0.42) (110 0.627) (112 -0.393) 
     0.66365   (107 -0.326) (108 -0.488) (112 -0.505) 
     0.66138   (115 0.555) (123 0.415) (125 -0.438) 
     0.60401   (115 -0.736) (123 0.305) 
     0.58745   (108 0.577) (110 -0.484) (112 -0.35) (113 -0.295) 
       0.587   (106 0.743) (108 -0.334) 
      0.5852   (122 0.389) (126 0.371) (127 -0.328) (128 0.587) 
     0.55126   (126 -0.813) (128 0.398) 
     0.54249   (120 -0.301) (122 -0.733) (126 0.372) 
     0.53797   (117 0.33) (118 -0.532) (120 0.639) 
      0.5339   (121 -0.526) (123 0.526) (127 0.481) 
     0.42854   (118 -0.371) (120 -0.393) (121 0.483) (127 0.296) (133 0.312) 
     0.42281   (118 0.639) (133 0.333) 
     0.39943   (90 0.941) 
     0.39809   (121 -0.386) (124 -0.376) (127 -0.464) (133 0.445) 
     0.32097   (96 0.208) (97 0.917) 
     0.31799   (104 -0.633) (105 -0.299) (107 0.444) 
     0.26205   (103 0.813) (105 0.227) 
     0.25213   (101 -0.506) (113 0.315) (124 0.345) 
     0.23845   (80 -0.274) (85 0.671) (101 0.244) (103 -0.215) (124 0.243) 
     0.23029   (78 -0.286) (80 0.423) (85 -0.3) (101 0.552) 
     0.21676   (78 0.364) (80 -0.564) (85 -0.51) 
     0.16632   (101 -0.298) (111 0.636) 
     0.14483   (89 0.576) (91 0.435) (96 -0.321) 
     0.13475   (89 -0.447) (94 -0.509) (104 -0.306) (105 0.309) 
     0.12626   (87 -0.334) (91 -0.597) 
     0.12027   (87 0.605) (88 0.49) (89 0.312) (94 0.366) 
     0.11209   (86 -0.635) (89 -0.301) (91 0.359) (94 0.362) 
     0.10984   (67 0.34) (69 0.34) (81 0.319) (82 0.534) 
     0.10053   (65 0.206) (67 -0.351) (74 -0.242) (77 -0.227) (79 0.278) (81 -0.22) (84 -0.23) (86 0.296) (94 0.267) (111 -0.203) 
    0.096002   (58 0.228) (60 -0.241) (61 -0.301) (65 -0.394) (74 0.272) (86 0.254) 
    0.094483   (58 -0.578) (60 0.288) (61 0.344) 
    0.091749   (58 0.633) (65 0.369) 
    0.089328   (58 -0.364) (60 -0.235) (61 -0.289) (74 -0.271) (94 -0.296) (104 0.239) (105 -0.248) (119 0.223) 
     0.08702   (58 0.257) (60 0.375) (61 0.434) (65 -0.295) (69 -0.249) 
     0.08204   (60 -0.297) (61 -0.258) (64 0.431) (65 0.41) (79 0.247) (82 0.268) 
    0.078157   (64 -0.698) (65 0.248) (69 0.223) (74 0.207) (82 0.21) 
    0.073343   (60 0.395) (62 -0.319) (65 -0.376) 
    0.067913   (60 -0.53) (61 0.477) 
    0.066138   (60 0.233) (61 -0.216) (65 0.188) (67 0.189) (69 -0.224) (74 -0.222) (79 -0.231) (98 0.189) (111 0.223) (116 0.327) (117 -0.262) (119 0.199) 
    0.063655   (66 -0.3) (71 0.307) (77 -0.361) 
    0.058279   (62 0.552) (66 0.352) 
    0.056062   (62 -0.559) (71 -0.359) (84 0.29) 
    0.055173   (62 0.335) (66 -0.608) (74 -0.293) 
    0.053119   (63 0.341) (66 0.287) (71 0.4) (81 -0.308) (98 -0.237) 
    0.052731   (63 -0.591) (74 0.285) (77 -0.265) (81 -0.209) (98 -0.236) 
    0.049938   (63 0.606) (66 -0.312) (71 -0.311) 
    0.046086   (74 -0.259) (81 0.302) (82 -0.277) (84 -0.401) (119 -0.313) 
    0.041166   (31 -0.525) (33 0.725) (39 -0.331) 
    0.040885   (33 -0.388) (38 0.307) (39 -0.753) 
    0.039556   (75 0.417) (84 0.265) (119 -0.443) 
    0.038852   (50 -0.423) (51 -0.307) (52 -0.354) (54 -0.248) (75 -0.331) (119 -0.284) 
    0.034487   (50 0.386) (52 0.305) (75 -0.517) 
    0.033594   (30 -0.78) (36 0.491) 
    0.030428   (30 0.567) (35 -0.358) (36 0.542) 
    0.030123   (35 0.47) (36 -0.316) (87 0.29) (88 -0.394) 
    0.029446   (35 -0.758) (36 -0.41) 
    0.026808   (35 0.252) (36 0.326) (43 -0.254) (45 -0.378) (54 -0.284) (56 -0.301) (75 0.245) (88 -0.232) 
    0.026032   (131 -0.866) (132 0.216) 
    0.024422   (129 -0.578) (159 0.806) 
    0.021821   (129 -0.577) (159 -0.293) (162 -0.762) 
    0.020859   (129 -0.577) (159 -0.514) (162 0.634) 
    0.020116   (22 0.956) 
     0.01796   (141 -0.956) (142 -0.282) 
