 1 60856.1
 2 590.877
 3 5.57908
 4 246721
 5 630.568
 6 57.2983
 7 691721
 8 87.6784
 9 5829.77
 10 2733.18
 11 7.38133
 12 1398.55
 13 822382
 14 7959.42
 15 0.816097
 16 678834
 17 5024.25
 18 1.7999
 19 157134
 20 2780.14
 21 60.972
 22 265190
 23 3940.79
 24 16.1822
 25 255.419
 26 311.846
 27 13.4584
 28 3383.12
 29 355.417
 30 177.799
 31 528.891
 32 116.039
 33 740.534
 34 222.872
 35 198.278
 36 285.473
 37 1533.94
 38 3106.66
 39 6.41749
 40 939.123
 41 4888.21
 42 2.02441
 43 649.654
 44 1499.56
 45 24.4784
 46 7551.07
 47 1940.83
 48 728.014
 49 2009.78
 50 183.227
 51 308.308
 52 233.159
 53 2982.62
 54 299.452
 55 140.782
 56 304.174
 57 1315.58
 58 81.1225
 59 137.967
 60 173.727
 61 29.2993
 62 1.77268
 63 209.222
 64 398.249
 65 1.87853
 66 420.855
 67 3578.82
 68 193.85
 69 99407
 70 339446
 71 3131.91
 72 18.6181
 73 21738.5
 74 93.8065
 75 10462.6
 76 10764.7
 77 8.17999
 78 1288.77
 79 11183.3
 80 96.7961
 81 2262.03
 82 2234.04
 83 415.942
 84 2.54415
 85 170.452
 86 2.78086
 87 2091.14
 88 1.7105
 89 1.63952
 90 1.87991
 91 9.51081
 92 517.128
 93 1523.08
 94 994.467
 95 1725
 96 2058.38
 97 395.546
 98 305.04
 99 144.163
 100 948.884
 101 1580.83
 102 119.794
 103 161.758
 104 147.933
 105 141.79
 106 167.594
 107 172.12
 108 175.734
 109 131.02
 110 97.554
 111 192.626
 112 208.829
 113 191.319
 114 173
 115 184.599
 116 144.002
 117 180.921
 118 201.442
 119 157.228
 120 93.7145
 121 127.364
 122 49.8975
 123 61.8118
 124 38.8673
 125 30.8292
 126 51.0123
 127 28.7535
 128 99.8555
 129 69.1174
 130 63.6088
 131 20.1502
 132 20.9466
 133 23.3571
 134 36.9828
 135 9.10936
 136 47.6821
 137 10.3669
 138 9.45875
 139 9.31656
 140 10.9774
 141 11.9395
 142 8.94303
 143 9.46726
 144 15.1265
 145 15.0403
 146 12.6971
 147 10.299
 148 25.2363
 149 16.9548
 150 12.4807
 151 13.9063
 152 23.5186
 153 22.3375
 154 14.6352
 155 19.9389
 156 23.9871
 157 46.9763
 158 0.242915
 159 0.240885
 160 0.179487
 161 3.91641
 162 30.5173
 163 193.973
 164 262.581
 165 6.49843
