 1 31.6228
 2 23.3411
 3 1.14154
 4 31.6228
 5 23.5373
 6 3.0913
 7 31.6219
 8 1.43357
 9 31.0702
 10 29.9896
 11 1.06986
 12 26.9309
 13 31.6228
 14 31.6111
 15 0.902439
 16 31.6228
 17 31.6036
 18 0.91795
 19 31.6228
 20 30.9155
 21 1.64967
 22 31.6228
 23 31.4779
 24 1.06528
 25 15.0703
 26 15.5157
 27 1.60202
 28 31.4966
 29 14.6514
 30 7.95119
 31 22.4905
 32 4.76422
 33 24.7078
 34 14.5242
 35 9.42437
 36 13.0072
 37 31.4403
 38 31.576
 39 1.3634
 40 24.0725
 41 31.1404
 42 1.29356
 43 21.3794
 44 29.005
 45 1.80251
 46 31.5718
 47 22.7865
 48 10.5757
 49 30.893
 50 13.0551
 51 13.4001
 52 10.3218
 53 30.9718
 54 16.3987
 55 7.14533
 56 13.2677
 57 30.445
 58 8.41967
 59 8.59695
 60 9.94062
 61 4.84863
 62 1.32027
 63 14.1096
 64 18.4339
 65 0.978759
 66 19.2164
 67 30.1031
 68 3.0179
 69 31.6197
 70 31.6228
 71 31.4193
 72 1.51139
 73 31.6174
 74 1.61773
 75 31.361
 76 31.4387
 77 1.47118
 78 28.0797
 79 31.6064
 80 2.55424
 81 30.4409
 82 31.4626
 83 18.9568
 84 1.35244
 85 10.882
 86 1.39128
 87 30.8724
 88 1.09881
 89 1.04467
 90 1.22845
 91 2.44395
 92 18.8312
 93 27.3876
 94 21.5899
 95 28.0503
 96 30.0059
 97 17.9247
 98 15.2735
 99 9.62001
 100 27.4881
 101 30.5507
 102 9.69056
 103 11.9025
 104 11.3308
 105 11.2066
 106 12.4763
 107 12.5613
 108 12.6639
 109 10.5307
 110 8.32482
 111 13.1911
 112 14.0833
 113 13.4021
 114 12.5855
 115 12.8039
 116 10.7955
 117 12.5931
 118 13.5126
 119 11.7806
 120 8.86633
 121 10.8093
 122 6.81051
 123 7.63075
 124 5.68632
 125 5.2305
 126 6.82466
 127 4.61213
 128 9.30214
 129 7.3796
 130 7.32918
 131 4.0869
 132 4.44856
 133 4.67098
 134 5.92433
 135 2.71995
 136 6.81432
 137 2.98742
 138 2.87676
 139 2.86123
 140 3.14062
 141 3.10938
 142 2.6771
 143 2.82376
 144 3.729
 145 3.736
 146 3.37342
 147 2.95886
 148 4.90385
 149 3.93428
 150 3.31766
 151 3.50345
 152 4.70814
 153 4.5518
 154 3.66226
 155 4.35147
 156 4.77168
 157 6.75623
 158 0.181063
 159 0.3854
 160 0.271724
 161 1.41366
 162 4.87425
 163 11.7645
 164 15.5128
 165 0.898497
