 1 1000
 2 556.462
 3 5.30227
 4 1000
 5 603.925
 6 54.9112
 7 999.957
 8 15.4846
 9 980.226
 10 908.514
 11 4.28884
 12 739.766
 13 1000
 14 999.399
 15 0.814598
 16 1000
 17 999.151
 18 1.0241
 19 1000
 20 975.761
 21 22.0387
 22 1000
 23 994.882
 24 4.75257
 25 238.855
 26 268.3
 27 11.6168
 28 993.483
 29 311.948
 30 157.023
 31 526.904
 32 112.266
 33 715.038
 34 215.991
 35 188.242
 36 269.91
 37 989.645
 38 998.359
 39 3.15422
 40 592.089
 41 973.561
 42 1.75165
 43 481.753
 44 872.367
 45 14.6677
 46 998.128
 47 704.762
 48 297.691
 49 962.568
 50 180.911
 51 268.796
 52 200.178
 53 967.982
 54 273.729
 55 115.631
 56 245.275
 57 946.17
 58 79.4214
 59 125.15
 60 156.216
 61 29.2604
 62 1.77238
 63 208.124
 64 394.444
 65 1.87326
 66 418.465
 67 949.625
 68 52.5109
 69 999.893
 70 1000
 71 992.607
 72 7.13718
 73 999.751
 74 10.0466
 75 991.169
 76 989.467
 77 5.52302
 78 796.789
 79 999.271
 80 37.9308
 81 959.265
 82 992.255
 83 382.522
 84 2.42489
 85 133.488
 86 2.4771
 87 968.459
 88 1.71041
 89 1.63951
 90 1.87978
 91 8.78987
 92 433.911
 93 832.47
 94 578.12
 95 845.834
 96 931.567
 97 374.433
 98 292.801
 99 142.592
 100 801.194
 101 950.861
 102 116.079
 103 158.827
 104 146.14
 105 140.893
 106 166.798
 107 171.221
 108 174.851
 109 130.127
 110 95.7494
 111 191.724
 112 207.809
 113 190.56
 114 172.614
 115 184.09
 116 143.264
 117 180.508
 118 201.095
 119 156.748
 120 92.5646
 121 126.759
 122 49.367
 123 60.4384
 124 38.4171
 125 30.2727
 126 50.6713
 127 27.4413
 128 98.1407
 129 68.0663
 130 62.5063
 131 19.8766
 132 20.7209
 133 23.0577
 134 36.2598
 135 8.8725
 136 47.3851
 137 10.1621
 138 9.22723
 139 9.09273
 140 10.688
 141 11.3467
 142 8.62695
 143 9.18611
 144 14.8808
 145 14.7837
 146 12.4034
 147 9.98865
 148 24.9099
 149 16.5767
 150 12.2027
 151 13.6113
 152 23.1205
 153 21.7095
 154 14.3183
 155 19.7002
 156 23.7706
 157 46.7222
 158 0.203099
 159 0.233375
 160 0.166549
 161 3.73872
 162 28.7966
 163 165.8
 164 257.417
 165 6.05392
