 Smallest eigenvalues
   1.216e-06   (9 -1) 
  1.4372e-06   (47 0.773) (49 -0.419) (42 -0.203) (48 -0.181) (41 -0.155) (40 -0.142) (39 0.129) (43 0.102) (50 0.093) (51 0.0908) (154 -0.0882) (44 -0.078) (56 -0.0761) (57 -0.0757) (82 0.0672) (53 -0.0587) (46 0.0538) (55 0.0526) (52 0.0429) (31 0.0424) (30 -0.0401) (15 -0.0382) (68 -0.038) (81 -0.0375) (13 0.0366) (59 -0.0345) (17 0.0276) (45 -0.0269) (32 -0.0267) (54 0.0264) (78 0.0262) (20 -0.0252) (84 0.0242) (38 0.0239) (36 0.0238) (77 0.023) (21 0.0227) (22 0.0214) (24 -0.0209) (29 -0.0208) (27 0.0197) (37 -0.0191) (67 -0.0188) (25 0.0187) (60 0.0185) (14 0.0178) (61 0.0172) (79 -0.0154) (76 -0.015) (88 0.0138) (66 -0.0134) (28 -0.0133) (72 0.0132) (16 -0.0126) (74 0.0126) (69 0.0122) (23 0.0114) (26 0.0109) 
  1.4731e-06   (154 -0.996) (47 -0.0685) (49 0.0371) (42 0.018) (48 0.016) (41 0.0138) (40 0.0127) (39 -0.0115) 
   2.946e-06   (6 -1) 
  3.7709e-06   (46 -0.543) (43 0.504) (150 -0.286) (45 -0.265) (47 -0.244) (41 -0.228) (44 -0.226) (42 -0.221) (40 -0.143) (48 0.14) (39 0.138) (56 -0.0557) (82 0.0531) (49 -0.0463) (57 -0.0444) (31 0.0429) (30 -0.0389) (15 -0.0325) (13 0.0315) (50 -0.0295) (53 -0.0293) (68 -0.0284) (32 -0.0278) (81 -0.0276) (55 0.0273) (54 0.0238) (20 -0.0236) (17 0.0234) (26 0.0225) (36 0.0215) (21 0.0201) (24 -0.0196) (38 0.0189) (37 -0.0184) (84 0.0181) (78 0.0177) (59 -0.0174) (22 0.0159) (79 -0.0156) (14 0.0155) (16 -0.0132) (27 0.013) (66 -0.0127) (28 -0.0116) (35 0.011) (60 0.0108) (69 0.0104) 
  4.0532e-06   (150 -0.958) (46 0.162) (43 -0.151) (45 0.0792) (47 0.0727) (41 0.0682) (44 0.0676) (42 0.066) (40 0.0428) (48 -0.0419) (39 -0.0412) (56 0.0166) (82 -0.0156) (49 0.0138) (57 0.0132) (31 -0.0128) (30 0.0116) 
   6.364e-06   (2 -0.997) (32 -0.0458) (33 0.034) (31 0.0278) (34 -0.0216) (36 -0.0215) (30 -0.0206) (35 -0.0129) 
  1.0057e-05   (153 -0.993) (32 -0.0718) (33 0.0541) (31 0.0442) (34 -0.0348) (36 -0.0341) (30 -0.0321) (35 -0.0178) (39 -0.0105) 
  1.6432e-05   (32 0.59) (33 -0.444) (31 -0.363) (34 0.286) (36 0.281) (30 0.264) (35 0.146) (153 -0.121) (39 0.0867) (26 -0.0807) (2 -0.0758) (27 -0.0666) (28 0.0601) (20 0.0566) (17 -0.0561) (40 -0.0554) (24 0.0498) (42 -0.0479) (43 0.0465) (15 0.0457) (13 -0.0403) (82 -0.0368) (21 -0.03) (22 -0.0283) (44 -0.0261) (25 -0.0255) (48 -0.0213) (81 0.0211) (47 0.02) (41 -0.0193) (16 0.0189) (14 -0.0158) (23 -0.0155) (29 -0.0154) (68 0.0145) (75 0.0119) (53 0.0117) (56 0.0115) (49 0.0114) 
   3.526e-05   (20 0.667) (21 0.407) (45 0.367) (22 0.324) (46 0.183) (44 -0.141) (42 -0.134) (47 -0.121) (43 0.109) (17 -0.0812) (41 -0.0808) (39 0.0761) (40 -0.0726) (31 0.0601) (23 -0.0593) (36 0.0447) (26 0.0394) (56 -0.0373) (35 -0.0331) (55 0.0288) (24 -0.0286) (28 -0.0283) (15 0.0281) (34 -0.0272) (33 0.0262) (78 0.026) (72 0.025) (25 0.024) (73 0.0238) (48 0.0226) (50 -0.0219) (29 -0.0217) (30 0.019) (67 -0.0188) (27 0.0182) (53 -0.0181) (49 -0.0178) (82 0.0174) (62 0.0173) (19 -0.017) (57 -0.0159) (32 -0.0157) (81 -0.0155) (51 -0.0142) (65 -0.0133) (52 -0.0126) (71 0.0125) (61 0.011) (84 0.0104) 
  8.5059e-05   (155 -0.998) (45 0.0413) (20 -0.0282) (46 0.0214) (44 -0.0154) (21 -0.0152) (47 -0.0146) (42 -0.0137) (40 -0.0134) (22 -0.0121) (43 0.0118) 
  8.8877e-05   (45 -0.614) (20 0.412) (46 -0.318) (44 0.229) (21 0.221) (47 0.218) (42 0.204) (40 0.2) (22 0.176) (43 -0.175) (39 -0.108) (41 0.0951) (17 -0.0688) (155 -0.0674) (48 -0.0551) (82 -0.0487) (23 -0.0472) (49 0.042) (15 0.0408) (53 0.0407) (55 -0.0405) (54 -0.0379) (81 0.0326) (57 0.0317) (56 0.0312) (72 -0.0295) (13 -0.0283) (78 -0.0275) (35 -0.0253) (73 -0.0237) (67 0.0221) (31 -0.0213) (52 0.0204) (60 -0.0191) (51 0.019) (30 0.0185) (68 0.0182) (62 -0.0179) (32 0.0158) (65 0.0156) (84 -0.0154) (26 -0.0153) (74 -0.0146) (29 -0.0143) (38 -0.0134) (37 0.0123) (25 0.0118) (71 -0.0118) (16 0.0117) (76 -0.0113) (14 -0.0109) (61 -0.0107) (64 0.0103) (59 0.0103) 
  0.00011914   (1 1) 
  0.00012128   (13 0.809) (14 0.476) (15 0.296) (16 0.106) (17 -0.0776) (20 0.0472) (21 -0.0461) (22 -0.0435) (24 0.0396) (30 0.0275) (18 -0.0274) (31 -0.0263) (41 0.0258) (12 -0.0238) (39 -0.0222) (25 -0.0197) (23 -0.0194) (11 0.0185) (42 0.017) (36 -0.0154) (40 0.0151) (29 0.0137) (45 0.011) (38 -0.0109) (32 0.0103) (35 -0.0102) (56 -0.0102) 
  0.00018461   (159 1) 
   0.0002037   (3 1) 
  0.00025017   (16 -0.836) (15 -0.429) (17 -0.22) (13 0.168) (14 0.0881) (20 0.084) (21 -0.075) (24 0.0671) (18 -0.0599) (22 -0.0547) (31 -0.0362) (25 -0.0349) (23 -0.0347) (30 0.0341) (39 -0.0224) (41 0.0184) (40 0.0177) (29 0.0163) (32 0.0149) (35 -0.0141) (158 0.0139) (42 0.0132) (26 -0.0128) (43 -0.0126) (28 0.0124) (36 -0.0122) (12 -0.0117) (34 -0.0106) (45 0.01) 
  0.00025703   (158 1) (16 0.0116) 
  0.00026697   (7 -1) 
  0.00028386   (25 0.931) (152 -0.145) (26 0.134) (27 -0.134) (30 0.119) (24 -0.116) (23 0.109) (20 -0.0733) (17 0.0698) (22 0.0651) (15 -0.0493) (13 0.0492) (21 0.0479) (34 -0.0461) (47 -0.042) (16 -0.0407) (32 0.0375) (48 -0.0351) (31 -0.031) (29 0.0302) (39 -0.0272) (49 -0.0265) (14 0.0237) (42 0.0226) (45 -0.0186) (40 0.0184) (36 0.0182) (41 0.0176) (46 0.0165) (82 0.0153) (28 0.0146) (56 -0.0143) (75 0.012) (50 0.0101) 
  0.00029046   (152 -0.989) (25 -0.137) (26 -0.0197) (27 0.0196) (30 -0.0175) (24 0.017) (23 -0.016) (20 0.0108) (17 -0.0103) 
  0.00029596   (5 -1) 
  0.00032226   (18 0.769) (17 0.571) (20 0.157) (22 -0.11) (15 -0.1) (16 -0.0964) (13 0.0761) (156 -0.0622) (23 -0.0503) (14 0.0498) (21 -0.0483) (19 0.0459) (25 -0.0406) (30 0.035) (31 -0.0282) (47 -0.0179) (40 0.017) (36 0.0157) (43 -0.0148) (82 0.0146) (56 -0.0141) (26 0.0135) (24 0.0121) (42 0.0119) (29 0.0119) (32 0.0118) (73 -0.0103) 
  0.00032558   (156 -0.998) (18 -0.0479) (17 -0.0356) 
  0.00035141   (74 0.662) (57 0.37) (59 0.293) (73 -0.288) (70 0.225) (60 -0.209) (66 -0.168) (53 -0.124) (55 0.116) (54 0.114) (41 -0.111) (72 0.094) (45 -0.0835) (52 -0.0822) (82 -0.0765) (46 0.0763) (42 -0.0724) (50 0.0681) (51 -0.0655) (75 0.0598) (68 0.0437) (67 0.0407) (71 -0.0405) (38 0.0395) (43 -0.039) (40 -0.0356) (81 0.035) (30 -0.0337) (49 0.0335) (44 0.0312) (39 0.0298) (36 0.0287) (15 -0.028) (122 0.0261) (34 0.0249) (21 0.0243) (37 -0.0238) (13 0.0233) (20 -0.022) (22 0.0199) (47 -0.0198) (89 -0.0198) (79 0.0198) (48 -0.0193) (27 0.0188) (88 0.0187) (101 0.0175) (97 -0.0166) (121 -0.016) (26 0.0157) (62 -0.0146) (35 0.0142) (99 -0.0139) (104 0.0138) (151 0.0136) (29 -0.0134) (125 -0.0134) (98 0.0123) (69 -0.0121) (91 -0.0119) (115 -0.0114) (107 -0.0109) (117 -0.0104) (105 0.0102) (23 -0.01) 
  0.00042128   (74 -0.582) (57 0.422) (73 0.279) (59 0.278) (66 -0.238) (60 -0.201) (151 0.189) (70 0.179) (41 -0.147) (49 0.127) (46 0.116) (45 -0.113) (54 0.111) (39 0.106) (52 -0.0907) (42 -0.0881) (53 -0.0874) (48 -0.0687) (72 -0.0665) (67 0.0634) (55 0.0572) (30 -0.0509) (68 0.0506) (40 -0.0488) (15 -0.0461) (36 0.0439) (13 0.0419) (38 0.0412) (75 -0.0408) (20 -0.0367) (119 -0.0352) (37 -0.031) (22 0.0308) (34 0.03) (51 -0.0292) (78 -0.0288) (31 0.028) (21 0.0266) (84 0.0252) (29 -0.0244) (26 0.0236) (27 0.023) (17 0.0217) (35 0.0215) (43 -0.0211) (124 -0.0202) (71 0.0199) (126 -0.0194) (32 -0.0178) (14 0.0177) (44 0.0171) (62 -0.0167) (89 -0.0165) (28 -0.0156) (117 -0.015) (88 0.0131) (134 0.0128) (65 -0.0124) (97 -0.0124) (130 0.0123) (116 0.0122) (121 0.0121) (58 0.012) (125 0.0119) (47 0.0106) (120 0.0104) 
  0.00042931   (151 0.982) (74 0.103) (57 -0.0869) (59 -0.0578) (73 -0.0497) (66 0.0481) (60 0.0418) (70 -0.0373) (41 0.0304) (49 -0.0252) (46 -0.0237) (45 0.0233) (54 -0.0232) (39 -0.0211) (52 0.0188) (53 0.0188) (42 0.0183) (48 0.0136) (55 -0.0128) (67 -0.0127) (72 0.0115) (30 0.0105) (68 -0.0103) (40 0.0101) 
   0.0004619   (21 0.725) (22 -0.665) (20 -0.106) (51 -0.0542) (24 0.0537) (52 0.0521) (23 0.0514) (49 0.0486) (18 -0.0443) (53 0.0313) (16 -0.0222) (48 -0.0216) (46 0.0194) (13 0.0187) (54 -0.0185) (17 0.0176) (39 0.0174) (57 -0.017) (45 -0.0156) (15 -0.0128) (56 -0.0111) (19 -0.0105) 
   0.0004686   (148 -0.578) (51 -0.431) (52 0.366) (49 0.341) (53 0.231) (48 -0.167) (41 -0.15) (54 -0.144) (46 0.133) (45 -0.115) (50 0.103) (57 -0.0968) (42 -0.0958) (39 0.0946) (22 0.0817) (56 -0.0535) (59 -0.0532) (40 -0.0526) (47 0.0505) (21 -0.0474) (30 -0.0448) (55 0.0391) (60 0.0353) (15 -0.0351) (36 0.0344) (13 0.0299) (74 0.0295) (31 0.0284) (38 0.0272) (34 0.0216) (68 -0.021) (82 0.0209) (37 -0.0198) (27 0.0194) (32 -0.0187) (26 0.0187) (20 -0.0186) (73 -0.0178) (35 0.0158) (14 0.0146) (29 -0.0144) (17 0.0137) (24 -0.0131) (28 -0.013) (119 -0.0128) (81 -0.0117) (84 0.0108) 
  0.00049711   (148 -0.816) (51 0.305) (52 -0.26) (49 -0.242) (53 -0.164) (48 0.118) (41 0.106) (54 0.102) (46 -0.0942) (45 0.0813) (50 -0.073) (57 0.0685) (42 0.0679) (39 -0.0671) (22 -0.0553) (56 0.0379) (59 0.0377) (40 0.0373) (47 -0.0358) (30 0.0317) (21 0.0308) (55 -0.0277) (60 -0.025) (15 0.0249) (36 -0.0244) (13 -0.0213) (74 -0.0208) (31 -0.0201) (38 -0.0193) (34 -0.0153) (68 0.0148) (82 -0.0147) (37 0.014) (27 -0.0137) (20 0.0136) (32 0.0133) (26 -0.0133) (73 0.0126) (35 -0.0112) (14 -0.0104) (29 0.0102) 
  0.00051227   (52 -0.623) (53 0.421) (39 -0.386) (50 0.303) (41 -0.202) (49 0.188) (40 -0.18) (42 -0.136) (51 0.101) (55 -0.0971) (48 -0.0941) (57 -0.0923) (54 -0.0777) (45 -0.0771) (46 0.0744) (56 -0.0693) (59 -0.0477) (60 0.0297) (38 0.0262) (47 0.0242) (43 0.0217) (68 -0.0215) (149 -0.02) (70 0.0192) (44 -0.0171) (82 0.016) (21 0.0152) (37 -0.012) (81 -0.0115) (84 0.0101) 
  0.00054553   (149 -0.932) (39 0.298) (52 -0.12) (40 0.0962) (53 0.07) (50 0.0655) (41 0.0559) (42 0.0386) (30 -0.0222) (43 -0.0202) (57 -0.0197) (56 -0.018) (55 -0.0173) (31 0.0163) (36 0.0159) (44 0.0158) (82 0.0134) (47 -0.0126) (15 -0.0122) (20 -0.0119) (74 0.0116) (54 -0.0115) (59 -0.0106) (26 0.0105) (22 0.0103) 
  0.00054907   (39 -0.747) (149 -0.362) (52 0.343) (40 -0.238) (53 -0.204) (50 -0.186) (41 -0.133) (42 -0.092) (30 0.0574) (57 0.0558) (43 0.051) (56 0.0501) (55 0.0498) (31 -0.0416) (36 -0.0411) (44 -0.0399) (82 -0.0357) (54 0.0337) (15 0.0319) (47 0.0312) (20 0.0308) (74 -0.0305) (59 0.0299) (26 -0.0272) (22 -0.0267) (68 0.0261) (27 -0.0255) (13 -0.0238) (32 0.0231) (34 -0.0224) (73 0.0214) (81 0.0196) (60 -0.0188) (35 -0.0174) (49 -0.0134) (23 -0.0129) (14 -0.0122) (21 -0.0117) (28 0.0112) (17 -0.0109) 
  0.00056096   (70 -0.913) (57 0.208) (72 -0.167) (59 0.119) (51 -0.109) (50 0.0901) (55 0.0895) (60 -0.0795) (41 -0.0678) (74 0.0674) (54 0.0653) (52 -0.0651) (73 0.0489) (67 -0.0473) (56 0.0448) (49 -0.0429) (45 -0.0401) (42 -0.0391) (66 0.0368) (146 -0.0342) (53 -0.0333) (75 0.0331) (46 0.0298) (82 -0.0288) (40 -0.0266) (43 -0.0258) (38 0.0253) (47 -0.024) (84 0.0237) (30 -0.0225) (71 0.0222) (21 0.0197) (124 -0.0197) (44 0.0195) (77 0.0191) (15 -0.0173) (76 0.0171) (88 0.0168) (122 0.0164) (36 0.016) (78 -0.0156) (69 -0.0155) (37 -0.0155) (34 0.015) (13 0.0144) (90 0.0135) (126 -0.0134) (20 -0.0131) (27 0.013) (22 0.0124) (96 0.0118) (89 -0.0114) (26 0.0109) (121 -0.0104) (119 -0.0104) 
  0.00056986   (146 -0.767) (51 0.383) (49 0.342) (50 -0.234) (48 -0.132) (53 -0.129) (39 0.0938) (46 0.0891) (57 -0.0771) (41 -0.0748) (45 -0.0718) (70 -0.06) (42 -0.0559) (74 0.0535) (47 0.0454) (54 -0.0432) (147 -0.0405) (73 -0.0317) (82 0.0286) (30 -0.0263) (66 0.0246) (15 -0.0236) (59 -0.0229) (20 -0.0203) (31 0.019) (68 -0.0187) (36 0.0186) (40 -0.0182) (60 0.018) (13 0.0172) (22 0.0167) (44 -0.0166) (67 -0.0141) (81 -0.0138) (26 0.0138) (38 0.0127) (52 0.0126) (119 -0.0125) (37 -0.0123) (32 -0.0119) (17 0.0116) (27 0.0113) (43 0.011) (34 0.0106) 
  0.00058004   (146 -0.638) (51 -0.454) (49 -0.409) (50 0.276) (48 0.158) (53 0.157) (70 0.121) (39 -0.113) (46 -0.109) (41 0.0939) (45 0.0887) (57 0.0811) (42 0.0695) (74 -0.0679) (47 -0.0531) (54 0.0483) (73 0.0356) (147 -0.0336) (82 -0.0331) (30 0.033) (66 -0.0316) (15 0.0294) (20 0.0252) (40 0.0235) (36 -0.0233) (31 -0.0232) (68 0.0226) (13 -0.0216) (59 0.0209) (22 -0.0208) (67 0.0195) (44 0.0189) (60 -0.0173) (26 -0.0172) (38 -0.0168) (81 0.0164) (37 0.0158) (32 0.0145) (27 -0.0143) (119 0.0143) (17 -0.014) (34 -0.0136) (29 0.0123) (43 -0.0117) (52 -0.0114) (35 -0.0111) (21 -0.011) (28 0.0108) (14 -0.0103) 
  0.00071662   (38 0.9) (22 0.201) (20 -0.163) (21 0.156) (41 0.145) (24 0.138) (37 -0.128) (39 -0.0736) (15 -0.0726) (42 0.0683) (40 0.0645) (45 0.0573) (34 0.0489) (36 0.0484) (13 0.0478) (46 -0.0474) (17 0.0449) (43 0.038) (25 -0.0308) (44 -0.0276) (30 -0.0272) (35 0.0264) (53 0.0254) (14 0.0183) (57 -0.0174) (54 -0.0173) (52 0.0173) (50 -0.0166) (18 0.0165) (51 0.0137) (47 0.0121) (59 -0.0117) (49 -0.0107) (55 -0.0104) 
  0.00078702   (22 0.523) (24 0.433) (20 -0.411) (21 0.376) (38 -0.331) (15 -0.131) (30 0.129) (17 0.123) (26 -0.0973) (27 -0.0937) (25 -0.0881) (36 -0.0804) (13 0.0764) (23 0.0763) (37 0.0673) (34 -0.0643) (29 0.0594) (31 -0.0562) (18 0.0509) (28 0.0479) (35 -0.041) (143 0.0369) (14 0.031) (32 0.0304) (39 -0.0237) (19 -0.011) (49 -0.0109) (33 -0.0106) 
   0.0010251   (143 0.996) (142 -0.0829) (22 -0.0207) (24 -0.0169) (20 0.0163) (21 -0.015) (144 0.0103) 
   0.0011221   (48 0.45) (46 0.403) (49 -0.341) (45 -0.335) (41 -0.269) (15 -0.23) (53 0.2) (47 -0.197) (50 -0.17) (43 -0.157) (51 0.151) (44 0.146) (54 -0.141) (16 0.126) (52 0.113) (42 -0.111) (40 -0.0805) (39 0.0725) (13 0.0703) (57 -0.0602) (38 0.0592) (59 -0.0585) (55 -0.049) (36 0.0389) (60 0.0385) (30 -0.0371) (82 -0.0355) (34 0.0355) (68 0.031) (14 0.0284) (37 -0.0284) (56 0.0222) (81 0.0213) (17 -0.0212) (35 0.0206) (27 0.0197) (78 -0.0177) (26 0.0161) (70 0.0157) (29 -0.0153) (79 0.0131) (84 0.0108) (66 0.0106) 
   0.0012371   (15 -0.77) (16 0.503) (13 0.136) (20 0.134) (46 -0.114) (17 -0.114) (22 -0.112) (48 -0.105) (45 0.101) (41 0.101) (21 -0.0851) (49 0.0757) (30 0.0597) (14 0.0563) (47 0.0478) (42 0.0477) (39 -0.0464) (43 0.0448) (53 -0.0425) (36 -0.0416) (44 -0.0404) (50 0.0401) (27 -0.0358) (26 -0.0333) (40 0.0329) (34 -0.0329) (38 -0.0327) (51 -0.0324) (54 0.0294) (29 0.0285) (31 -0.0262) (24 0.0248) (18 -0.024) (52 -0.0237) (35 -0.0213) (28 0.018) (37 0.0168) (32 0.0137) (57 0.0108) (59 0.0105) 
   0.0012817   (145 -1) (134 0.0122) 
   0.0014679   (53 -0.61) (54 -0.49) (36 0.306) (55 -0.245) (51 -0.211) (52 -0.198) (50 0.166) (34 0.148) (30 -0.139) (35 0.114) (57 -0.103) (31 0.0757) (59 -0.0738) (32 -0.0652) (39 -0.0594) (60 0.0497) (45 -0.0487) (15 -0.0486) (27 0.0477) (37 0.0466) (20 -0.0441) (46 0.0434) (26 0.0419) (47 -0.0419) (22 0.0412) (28 -0.0393) (43 -0.0384) (29 -0.0377) (21 0.0374) (56 0.0343) (38 -0.0342) (13 0.0337) (33 0.0334) (71 0.0334) (68 0.0326) (82 -0.0313) (44 0.03) (41 -0.0235) (137 -0.0196) (42 -0.0172) (49 -0.0162) (73 0.016) (81 0.0147) (14 0.0143) (66 -0.0143) (48 0.0139) (70 0.0113) (79 0.0111) (121 -0.0104) (67 0.0103) 
    0.001509   (36 0.642) (34 0.288) (53 0.285) (30 -0.262) (35 0.234) (54 0.195) (31 0.165) (41 0.159) (38 -0.151) (39 -0.147) (32 -0.145) (37 0.14) (137 -0.114) (51 0.109) (52 0.0982) (55 0.098) (50 -0.0908) (42 0.0892) (45 0.0826) (33 0.0762) (27 0.0743) (28 -0.0691) (46 -0.0676) (26 0.0674) (20 -0.0668) (15 -0.0656) (29 -0.0637) (22 0.0603) (40 0.0584) (13 0.0474) (21 0.0439) (43 0.0336) (57 0.0306) (44 -0.0291) (17 0.0252) (59 0.0246) (49 -0.0225) (25 0.0202) (14 0.0193) (47 0.0186) (24 -0.0167) (60 -0.0166) (82 0.0146) (48 0.0132) (71 -0.0128) (56 -0.0106) 
   0.0015606   (137 -0.993) (36 -0.0798) (34 -0.0361) (30 0.0329) (134 0.0297) (35 -0.0291) (31 -0.0205) (53 -0.0204) (39 0.0179) (32 0.0179) (38 0.0178) (41 -0.0175) (37 -0.0169) (54 -0.0128) 
   0.0016696   (14 -0.808) (13 0.481) (31 0.194) (32 0.19) (30 -0.117) (29 -0.0875) (33 -0.0852) (36 -0.0585) (35 -0.043) (28 -0.0403) (34 -0.0395) (133 0.0356) (39 -0.02) (41 0.0186) (26 0.0149) (71 -0.0148) (38 -0.0132) (18 0.013) (37 0.0125) (24 -0.0123) (40 0.0122) (27 0.0116) (22 0.0111) (15 0.0108) (12 0.0104) (42 0.0103) 
   0.0018102   (133 0.543) (31 0.456) (32 0.432) (30 -0.289) (14 0.277) (29 -0.198) (33 -0.197) (36 -0.132) (13 -0.119) (35 -0.0973) (34 -0.085) (28 -0.066) (39 -0.0486) (15 -0.0467) (26 0.0437) (20 -0.0404) (27 0.0353) (42 0.0323) (17 0.032) (24 -0.031) (37 0.0301) (41 0.0288) (22 0.0285) (21 0.0273) (38 -0.0237) (40 0.0205) (25 0.0187) (44 0.017) (19 -0.0163) (23 0.0154) (45 0.0137) (16 -0.0128) (50 0.0114) (46 -0.0109) (48 0.0104) 
    0.002033   (133 0.839) (31 -0.304) (32 -0.288) (30 0.192) (14 -0.145) (29 0.132) (33 0.131) (36 0.0877) (35 0.0648) (34 0.0567) (13 0.0563) (28 0.0444) (39 0.0323) (15 0.0298) (26 -0.0289) (20 0.0263) (27 -0.0234) (42 -0.0213) (17 -0.0211) (24 0.0206) (37 -0.02) (41 -0.0194) (22 -0.0189) (21 -0.0178) (38 0.0159) (40 -0.0137) (25 -0.0124) (44 -0.0111) (19 0.0107) (23 -0.0101) 
   0.0021374   (29 -0.917) (50 0.185) (30 0.182) (31 -0.175) (32 -0.144) (51 0.109) (52 0.0905) (28 -0.0633) (48 0.0509) (33 0.0381) (72 0.035) (36 -0.0349) (20 -0.0319) (34 -0.0319) (26 0.0303) (42 0.0251) (37 0.024) (49 0.0236) (45 0.0234) (35 0.0211) (73 -0.0202) (47 -0.0197) (129 -0.0196) (54 -0.0193) (74 -0.0192) (56 -0.0166) (46 -0.0159) (15 -0.0143) (59 0.0134) (60 -0.0133) (41 0.0125) (23 -0.0117) (22 0.0114) (38 -0.0106) (76 -0.0105) 
   0.0023574   (72 0.658) (73 -0.436) (74 -0.291) (129 -0.237) (67 -0.223) (77 -0.192) (69 -0.161) (68 -0.136) (70 -0.119) (71 -0.114) (82 -0.105) (75 -0.0853) (66 0.0816) (56 0.0691) (59 0.0644) (54 0.0633) (51 -0.06) (78 -0.06) (40 -0.0598) (60 -0.0499) (62 0.0478) (81 0.0461) (83 -0.0422) (55 -0.0411) (65 -0.0382) (105 -0.0374) (52 -0.0354) (86 0.0343) (61 0.0323) (45 -0.0314) (79 -0.0306) (29 0.029) (50 -0.0277) (80 0.0271) (53 -0.0265) (64 0.0259) (49 -0.0235) (48 -0.0226) (85 -0.02) (44 0.0194) (102 0.0194) (42 -0.0181) (43 -0.0169) (46 0.0161) (63 0.0161) (31 0.0157) (84 0.0151) (30 -0.0149) (89 -0.0146) (93 -0.0136) (101 -0.0134) (47 -0.0119) (39 0.011) (121 0.0105) (104 -0.0103) 
   0.0024379   (129 -0.618) (50 -0.542) (51 -0.332) (52 -0.282) (29 -0.177) (72 -0.157) (48 -0.119) (74 0.0864) (73 0.0812) (54 0.0789) (56 0.0672) (59 -0.0664) (42 -0.0543) (49 -0.0533) (60 0.0528) (131 0.0516) (41 0.0489) (40 -0.0441) (45 -0.044) (57 -0.0421) (69 0.0412) (47 0.0411) (53 0.0339) (70 0.0307) (30 0.0288) (77 0.0246) (68 0.0239) (46 0.0217) (67 0.0217) (64 -0.0213) (75 0.0212) (35 0.0199) (84 -0.0197) (55 -0.0193) (78 0.0189) (82 0.0183) (80 -0.0183) (61 -0.0182) (31 -0.0176) (20 -0.016) (28 -0.0148) (119 0.0138) (26 0.0132) (76 0.0131) (32 -0.0128) (90 -0.0125) (130 -0.0124) (39 0.012) (88 0.0119) (34 -0.0112) (66 -0.0107) (81 -0.0105) (91 0.0104) (71 0.0103) 
   0.0025028   (129 -0.742) (50 0.453) (51 0.292) (52 0.243) (29 0.161) (48 0.104) (131 0.0903) (54 -0.0852) (72 -0.0785) (56 -0.0774) (73 0.0708) (40 0.0561) (67 0.053) (49 0.0511) (42 0.0502) (45 0.046) (41 -0.0405) (77 0.0399) (59 0.0341) (57 0.0328) (47 -0.0297) (55 0.0291) (71 0.0277) (60 -0.0275) (130 -0.0247) (30 -0.0238) (68 0.0235) (46 -0.0228) (74 0.0206) (53 -0.0193) (35 -0.0181) (82 0.0172) (66 -0.0171) (69 0.0171) (83 0.0169) (31 0.0141) (20 0.0141) (85 0.014) (32 0.0139) (39 -0.0136) (26 -0.0131) (28 0.0128) (70 0.0123) (62 -0.0121) (76 -0.0118) (84 0.0117) (15 0.0108) (119 -0.0102) (91 -0.0101) (101 0.0101) 
   0.0026334   (23 -0.885) (24 -0.307) (20 -0.191) (54 -0.127) (21 0.119) (55 0.101) (56 0.0872) (22 0.0708) (59 0.064) (27 -0.0617) (26 -0.0604) (30 0.0465) (53 0.0447) (15 -0.0404) (28 0.0399) (60 -0.0384) (42 0.0334) (57 -0.0304) (25 0.0294) (45 0.0287) (41 0.0286) (50 -0.0272) (38 -0.0258) (29 0.0257) (33 -0.0247) (46 -0.0223) (43 0.02) (34 -0.0193) (51 0.0187) (37 0.0186) (13 0.0185) (12 -0.0184) (36 -0.0178) (68 -0.0153) (82 0.0148) (119 0.0136) (47 0.0131) (44 -0.0131) (49 -0.0104) (17 0.0102) (74 -0.0101) 
   0.0029362   (59 -0.637) (57 0.557) (60 0.407) (56 -0.187) (68 -0.166) (54 0.102) (23 -0.0963) (53 -0.0739) (55 0.0538) (67 -0.0493) (50 0.0403) (49 0.0374) (72 0.0369) (132 -0.0367) (45 -0.0356) (84 -0.0343) (42 -0.0342) (105 0.0325) (124 -0.03) (82 -0.0299) (81 0.0291) (24 -0.029) (43 -0.0284) (20 -0.0268) (73 -0.0261) (66 -0.0254) (46 0.0238) (62 0.0222) (102 -0.0217) (123 -0.0197) (70 0.019) (21 0.0188) (78 0.0186) (65 -0.0184) (69 0.0183) (58 0.0169) (90 -0.0157) (101 0.0152) (47 -0.0151) (110 -0.0142) (36 0.0136) (61 -0.0134) (40 0.0132) (99 -0.0129) (22 0.0121) (51 0.0119) (44 0.0119) (64 -0.0113) (41 -0.0112) (32 0.011) (77 -0.0108) (71 -0.0105) 
    0.003129   (132 -0.825) (55 -0.349) (54 0.338) (56 -0.162) (57 -0.119) (23 -0.0933) (68 0.0808) (53 -0.0779) (41 -0.053) (50 0.0508) (52 0.0394) (46 0.0356) (51 -0.0333) (82 -0.0315) (45 -0.0306) (24 -0.0304) (43 -0.0261) (49 0.0254) (44 0.0242) (40 -0.0239) (20 -0.0237) (67 0.0232) (47 -0.0206) (72 -0.0195) (21 0.0195) (66 0.0193) (22 0.0178) (59 0.0156) (81 0.0155) (70 -0.0153) (60 -0.0151) (74 0.0146) (78 -0.0133) (39 0.0131) (119 -0.0129) (15 -0.0129) (73 0.0123) (79 0.0122) (84 0.0121) (130 0.0113) (38 0.0111) (36 0.0102) 
   0.0034193   (132 -0.563) (55 0.506) (54 -0.5) (56 0.25) (23 0.143) (57 0.136) (53 0.119) (68 -0.108) (41 0.0779) (50 -0.077) (52 -0.0567) (46 -0.0535) (82 0.0481) (51 0.0477) (45 0.0472) (24 0.0464) (43 0.0401) (49 -0.0397) (124 -0.0379) (20 0.0366) (44 -0.0361) (40 0.0337) (123 -0.0329) (47 0.0311) (67 -0.0308) (21 -0.0299) (119 0.0286) (22 -0.0268) (66 -0.0267) (72 0.0264) (81 -0.0244) (74 -0.022) (70 0.0213) (59 0.0201) (15 0.0194) (39 -0.0189) (78 0.0185) (79 -0.0178) (84 -0.0168) (38 -0.0166) (105 0.0164) (73 -0.0164) (36 -0.0158) (34 -0.0133) (121 -0.0132) (30 0.0128) (69 0.0112) (13 -0.0111) (102 -0.0109) (58 0.0106) (117 0.0101) 
     0.00361   (37 -0.94) (66 -0.217) (38 -0.175) (84 -0.0791) (57 -0.0632) (36 0.0598) (41 0.0564) (39 -0.0484) (34 0.0425) (42 0.04) (30 -0.0348) (45 0.0319) (71 -0.0311) (29 -0.0303) (70 -0.0283) (35 0.027) (86 -0.027) (46 -0.0269) (40 0.0266) (59 -0.0263) (128 -0.0249) (60 0.0248) (31 0.0227) (56 0.0208) (64 -0.0206) (52 0.0193) (69 -0.0192) (21 0.0184) (55 -0.017) (22 0.0149) (51 0.0146) (82 0.0141) (15 -0.0141) (49 -0.0136) (67 -0.0134) (73 -0.013) (20 -0.0129) (105 -0.0122) (53 0.0122) (13 0.0103) (65 -0.0103) 
   0.0036735   (84 -0.852) (128 -0.307) (86 -0.219) (82 0.207) (66 0.147) (87 0.0902) (105 -0.0889) (90 0.0865) (85 -0.0688) (81 -0.0661) (102 0.0508) (92 -0.0503) (59 0.0477) (37 0.0477) (83 -0.0471) (91 0.0415) (57 0.0398) (41 -0.038) (93 -0.037) (78 0.0361) (60 -0.0353) (68 -0.0347) (88 0.0289) (79 -0.0284) (50 0.0277) (103 -0.0258) (117 -0.0258) (89 -0.0255) (119 -0.0248) (54 0.0216) (38 0.0209) (111 -0.02) (53 -0.0199) (46 0.0196) (55 -0.0195) (116 0.0192) (125 -0.0189) (115 -0.0184) (40 -0.0177) (80 0.0177) (45 -0.0177) (94 -0.0169) (113 0.0165) (120 0.0159) (96 0.0157) (69 0.015) (110 -0.0144) (77 -0.0143) (64 0.0138) (109 -0.0133) (101 -0.0131) (71 0.0128) (108 -0.0126) (126 -0.0125) (114 0.0122) (121 -0.0114) (100 0.0108) 
   0.0038904   (128 -0.69) (66 0.579) (84 0.292) (37 -0.163) (57 0.109) (71 0.0912) (70 0.0843) (86 0.0796) (82 -0.0769) (56 -0.0702) (59 0.0563) (60 -0.0547) (64 0.0526) (69 0.0519) (55 0.0515) (90 -0.0406) (73 0.0398) (67 0.0392) (105 0.0363) (87 -0.031) (52 -0.0301) (65 0.0278) (38 -0.0237) (91 -0.0237) (83 0.0226) (42 -0.0225) (51 -0.0223) (81 0.0218) (85 0.0218) (102 -0.0204) (53 -0.0192) (92 0.0185) (76 -0.018) (72 -0.0176) (36 0.0143) (45 -0.014) (126 -0.0138) (110 0.0132) (103 0.0115) (30 -0.0115) (108 0.0106) (101 0.0106) (46 0.0105) 
   0.0039083   (66 -0.672) (128 -0.655) (37 0.186) (57 -0.132) (71 -0.101) (84 0.097) (70 -0.0905) (59 -0.0815) (60 0.0737) (56 0.0684) (64 -0.0611) (69 -0.061) (55 -0.0437) (67 -0.0409) (73 -0.0382) (65 -0.0314) (52 0.0304) (53 0.0295) (51 0.0267) (42 0.0222) (45 0.0222) (38 0.0216) (78 -0.0198) (46 -0.0197) (36 -0.0195) (86 0.019) (82 -0.019) (76 0.0188) (41 0.018) (30 0.0167) (34 -0.0147) (72 0.0147) (77 0.0133) (15 0.0123) (29 0.0117) (93 0.0116) (21 -0.0116) (74 0.0114) (20 0.0111) (61 -0.0106) (88 -0.01) 
   0.0040068   (106 -0.733) (113 -0.326) (104 -0.241) (107 0.229) (68 0.198) (109 0.165) (101 0.157) (115 0.142) (97 -0.13) (103 0.117) (91 0.112) (114 0.107) (108 -0.106) (120 0.0976) (98 -0.0821) (71 -0.0763) (118 0.0736) (100 -0.0667) (90 -0.0606) (116 -0.0606) (99 -0.0592) (105 -0.0577) (69 -0.0485) (56 -0.0449) (92 0.0448) (147 -0.044) (102 -0.0425) (89 0.039) (55 0.0378) (82 0.0335) (94 0.0334) (110 -0.0311) (117 -0.0294) (81 -0.0288) (67 0.0275) (88 -0.0253) (59 -0.0201) (73 -0.0195) (121 -0.0184) (72 0.017) (54 -0.0163) (79 -0.0151) (78 0.0139) (74 -0.0137) (66 0.0127) (70 -0.012) (119 -0.0111) (125 -0.0108) (124 -0.0105) (57 0.0102) (123 0.01) 
   0.0041451   (144 0.989) (147 0.147) (134 0.0146) (142 0.0136) (113 -0.0112) (68 -0.0101) 
   0.0043309   (68 0.766) (71 -0.311) (56 -0.305) (55 0.242) (69 -0.193) (106 0.185) (67 0.103) (59 -0.0847) (73 -0.0748) (107 -0.0746) (82 0.0734) (72 0.071) (105 0.0697) (74 -0.0664) (113 0.0597) (54 -0.0584) (81 -0.056) (70 -0.0505) (52 -0.049) (104 0.0472) (103 -0.0464) (108 0.0398) (101 -0.0394) (60 0.0385) (66 0.0376) (79 -0.0373) (84 -0.0367) (115 -0.035) (78 0.0328) (109 -0.0325) (41 0.0324) (50 -0.0311) (42 -0.0297) (53 -0.0275) (92 -0.0274) (90 -0.0274) (147 0.0271) (120 -0.0266) (61 0.0253) (77 -0.0249) (118 -0.0236) (40 0.0229) (97 0.0212) (75 -0.0184) (102 -0.0175) (94 -0.0146) (65 0.0139) (98 0.0129) (58 -0.0128) (116 0.0128) (100 0.0126) (86 0.0125) (57 -0.0122) (99 0.0109) (23 -0.0106) 
   0.0044287   (44 -0.556) (71 -0.436) (43 -0.325) (79 -0.299) (80 -0.266) (83 0.161) (42 -0.153) (93 -0.143) (68 -0.136) (86 0.129) (72 -0.127) (78 0.125) (45 -0.118) (41 0.0901) (76 0.0846) (56 0.0831) (55 -0.0783) (82 -0.0779) (40 0.066) (108 -0.0651) (112 0.0647) (99 -0.0645) (77 0.0645) (81 -0.0636) (98 -0.0566) (66 0.0506) (96 -0.0426) (50 0.0409) (87 -0.0405) (84 -0.0383) (103 0.03) (73 -0.0296) (59 0.0296) (74 -0.0293) (28 -0.0258) (70 0.0241) (52 0.024) (60 -0.0238) (75 0.0226) (89 0.0225) (106 0.0223) (47 -0.022) (48 0.0214) (104 0.0209) (97 -0.0184) (157 -0.0183) (64 0.0179) (101 -0.0178) (91 -0.0149) (39 -0.0137) (54 0.0125) (32 0.0116) 
   0.0044838   (157 -0.999) (44 0.0302) (43 0.018) 
   0.0045906   (44 -0.559) (71 0.522) (43 -0.336) (79 0.205) (78 -0.201) (80 0.168) (72 0.157) (42 -0.153) (68 0.145) (41 0.131) (45 -0.126) (86 -0.114) (56 -0.101) (83 -0.0951) (108 0.0857) (40 0.0852) (66 -0.074) (82 0.07) (112 -0.0649) (87 0.0619) (90 0.0562) (76 -0.048) (99 0.0453) (105 0.0382) (55 0.0381) (98 0.0354) (157 -0.0349) (70 -0.0289) (64 -0.028) (91 0.0256) (39 -0.0247) (48 0.0241) (81 0.0229) (74 0.0228) (84 0.0216) (75 -0.0207) (46 -0.0198) (106 -0.0197) (53 0.0191) (101 0.0179) (32 0.017) (57 -0.0166) (104 -0.0165) (117 0.0157) (73 0.0151) (116 -0.0128) (47 -0.0124) (119 0.0121) (97 0.0117) (77 -0.0116) (50 -0.0112) (28 -0.0111) (93 -0.0109) (121 0.0108) (60 0.0105) (36 -0.0104) (114 -0.0101) (38 -0.01) 
   0.0047907   (19 -0.965) (135 -0.224) (18 0.105) (17 -0.067) (21 -0.023) (22 -0.0167) (23 -0.0157) (8 0.0148) (20 -0.0126) 
   0.0048917   (135 -0.974) (19 0.222) (18 -0.0242) (17 0.0154) 
   0.0049808   (8 -1) (19 -0.0131) 
   0.0051084   (4 1) 
    0.005269   (24 -0.807) (23 0.368) (25 -0.217) (22 0.192) (21 0.178) (20 -0.146) (17 0.112) (15 -0.1) (30 0.0924) (31 -0.0923) (13 0.0877) (26 -0.0764) (139 0.073) (16 -0.053) (27 -0.0444) (14 0.0408) (32 0.0382) (39 -0.0356) (41 0.0317) (29 0.0311) (18 -0.0292) (19 -0.0281) (43 -0.0259) (40 0.0247) (42 0.0228) (35 -0.0213) (82 0.0187) (28 0.018) (44 0.0158) (56 -0.0154) (47 -0.0138) (36 -0.0136) (68 -0.0125) (37 0.0123) (57 -0.0112) (38 -0.0102) 
    0.005359   (139 0.997) (24 0.0591) (23 -0.027) (25 0.0159) (22 -0.0141) (21 -0.013) (20 0.0107) 
   0.0056424   (10 0.854) (17 0.383) (18 -0.321) (20 0.0891) (19 -0.0611) (24 0.0447) (21 -0.0398) (15 -0.0362) (16 -0.0326) (23 -0.03) (13 0.0222) (22 -0.0199) (25 -0.0163) (31 -0.0147) (14 0.013) (26 -0.012) (32 0.011) (30 0.01) 
     0.00576   (138 0.996) (17 0.0557) (10 -0.0494) (18 -0.0468) (20 0.0129) 
   0.0059212   (17 -0.625) (18 0.526) (10 0.518) (20 -0.144) (19 0.0985) (138 0.0905) (24 -0.0724) (21 0.0624) (15 0.0608) (16 0.0524) (23 0.0519) (13 -0.0415) (22 0.0322) (25 0.0298) (31 0.0246) (26 0.021) (27 0.0194) (32 -0.0177) (30 -0.0171) (14 -0.0142) (82 -0.0137) (43 0.013) (39 0.0129) 
   0.0061895   (12 0.953) (11 -0.204) (42 0.157) (40 -0.108) (44 -0.0604) (41 -0.0603) (43 -0.0386) (14 0.0268) (13 0.0255) (39 0.0251) (55 0.0235) (46 -0.0167) (56 -0.0144) (15 -0.0139) (59 -0.0138) (23 -0.0102) 
   0.0066956   (141 -0.998) (42 0.0492) (40 -0.0312) (41 -0.0203) (44 -0.0165) (12 -0.0157) (43 -0.0105) 
   0.0073017   (42 -0.724) (40 0.458) (41 0.299) (44 0.243) (12 0.213) (43 0.156) (39 -0.106) (46 0.0701) (141 -0.068) (55 -0.0656) (59 0.0426) (11 -0.0424) (33 0.0424) (56 0.0415) (50 0.0406) (32 0.0339) (52 0.0319) (54 0.0283) (23 -0.0279) (31 -0.0268) (73 -0.0258) (45 -0.0243) (105 0.0238) (78 0.0226) (64 0.0218) (38 -0.0213) (79 0.0188) (28 -0.0187) (84 -0.0187) (74 -0.0181) (102 -0.0172) (47 -0.0171) (51 0.0167) (34 -0.0165) (75 -0.0165) (36 -0.0159) (20 -0.0148) (80 -0.0147) (65 0.0145) (61 -0.0143) (67 -0.0134) (71 0.0127) (30 0.012) (22 -0.011) (48 0.0102) 
   0.0081914   (11 -0.95) (12 -0.204) (33 -0.181) (32 -0.116) (35 0.0518) (31 0.0456) (36 -0.0405) (34 0.0247) (40 0.0238) (65 0.0175) (13 0.0168) (27 -0.0125) (42 -0.0106) (136 0.0106) 
   0.0091203   (136 0.982) (33 -0.14) (32 -0.0911) (11 0.0533) (35 0.0371) (31 0.0366) (36 -0.0302) (40 0.02) (34 0.0188) (27 -0.0132) (12 0.0115) 

 Largest eigenvalues
      42.186   (162 0.945) (164 0.25) 
      15.888   (55 0.415) (56 -0.614) (68 -0.316) (82 -0.347) 
       7.751   (81 0.377) (82 -0.692) 
      5.1767   (102 -0.445) (105 0.73) 
      4.3205   (147 0.978) 
       1.539   (162 0.261) (164 -0.965) 
      1.2279   (163 0.994) 
      1.2022   (165 0.996) 
      1.1285   (90 0.363) (91 -0.792) 
      1.1154   (100 -0.465) (101 0.511) (107 0.535) 
      1.1055   (100 -0.386) (101 0.307) (107 -0.737) (115 0.298) 
      1.0723   (111 0.348) (115 -0.793) 
      1.0247   (102 0.299) (103 -0.335) (104 0.756) 
     0.99133   (100 0.662) (101 0.561) 
     0.91629   (101 -0.233) (111 -0.684) (122 0.213) (130 -0.231) (134 0.222) 
     0.84021   (109 0.363) (111 0.45) 
     0.76243   (109 -0.742) (110 0.331) 
     0.67935   (97 -0.832) (99 0.397) 
     0.64201   (114 -0.526) (125 -0.51) (134 0.383) 
     0.64151   (114 0.797) (125 -0.311) 
     0.60027   (109 0.385) (110 0.545) (113 0.589) 
     0.57491   (110 -0.7) (113 0.458) 
     0.57344   (113 -0.316) (122 0.47) (123 0.404) (130 0.388) (131 0.291) 
     0.57228   (123 -0.451) (124 -0.599) (125 0.318) (130 0.349) 
     0.55145   (119 -0.678) (121 0.383) (123 0.297) (124 0.292) 
     0.54901   (117 -0.398) (118 0.745) 
     0.54861   (120 0.561) (121 -0.362) (126 0.338) 
     0.53274   (116 -0.513) (117 -0.406) (122 0.296) (134 -0.309) 
     0.50197   (116 0.619) (120 -0.359) (125 -0.322) (134 -0.354) 
      0.4616   (92 -0.962) 
     0.44415   (120 0.493) (126 -0.406) (134 -0.412) 
     0.43857   (94 -0.94) (103 0.209) 
     0.33183   (103 0.811) (104 0.358) 
     0.31703   (102 -0.731) (103 -0.287) (105 -0.437) 
     0.28001   (98 -0.37) (99 -0.289) (102 0.24) (112 -0.33) (117 -0.293) (126 -0.28) 
      0.2596   (78 -0.32) (86 0.595) 
     0.25176   (78 0.484) (98 0.452) (99 0.378) 
     0.23674   (71 -0.33) (78 -0.505) (86 -0.514) 
     0.23029   (98 -0.294) (99 -0.294) (108 -0.383) (112 0.611) 
     0.19519   (90 -0.717) (93 0.484) 
     0.15523   (90 0.38) (96 0.539) (108 0.452) 
     0.14245   (87 0.315) (93 -0.607) (108 0.356) 
       0.132   (85 -0.455) (87 -0.774) 
     0.11911   (88 -0.452) (89 -0.647) (93 0.308) (96 -0.318) 
     0.11116   (78 0.376) (80 0.435) (83 -0.417) 
     0.10875   (76 0.328) (77 0.333) (79 -0.323) (96 -0.284) 
     0.10352   (58 -0.244) (60 -0.257) (64 0.395) (69 -0.275) (76 -0.322) 
    0.099765   (58 0.607) (59 0.288) (60 0.361) 
    0.094674   (58 -0.595) (64 -0.411) 
    0.090724   (58 0.363) (60 -0.328) (76 0.295) (96 0.306) (108 -0.294) 
    0.085274   (59 0.335) (60 0.536) 
    0.076288   (63 0.302) (64 -0.53) (83 -0.302) 
     0.07608   (63 -0.748) (67 -0.273) (69 0.24) (76 -0.217) (83 -0.224) 
    0.073035   (61 -0.533) (62 0.299) (63 0.452) (69 0.342) 
    0.071705   (61 0.714) (63 0.243) (69 0.242) (77 -0.205) 
    0.063592   (61 -0.305) (69 -0.251) (118 -0.272) (119 0.287) 
    0.061687   (67 -0.35) (73 0.304) (77 0.361) 
    0.058017   (62 -0.62) (67 0.238) (69 0.256) (76 -0.209) (79 -0.246) (80 0.236) (85 -0.228) 
    0.057142   (62 0.591) (67 0.271) (72 -0.252) (73 -0.255) (77 -0.255) (85 -0.231) 
     0.05348   (62 -0.286) (67 -0.451) (69 -0.358) (76 0.281) (77 -0.309) 
    0.051661   (65 0.442) (72 0.328) (73 0.292) (80 -0.333) 
    0.047124   (65 -0.598) (77 0.316) 
     0.04668   (65 0.528) (67 -0.312) 
    0.045906   (73 0.225) (76 0.244) (77 -0.243) (79 -0.245) (80 0.341) (83 0.294) (85 0.233) (89 -0.205) 
    0.043994   (35 -0.827) (40 -0.27) (41 0.24) 
    0.041982   (35 0.389) (40 -0.616) (41 0.522) 
    0.040217   (75 -0.482) (121 -0.276) 
    0.039572   (48 0.512) (75 0.441) 
    0.038565   (48 -0.457) (75 0.496) 
    0.031284   (26 0.652) (27 -0.456) (34 -0.291) 
    0.029445   (27 0.593) (30 0.507) (31 0.328) 
    0.027223   (30 -0.459) (31 -0.32) (88 -0.334) 
    0.025389   (34 0.718) (36 -0.334) 
      0.0211   (43 0.349) (46 0.32) (75 -0.308) (88 -0.32) 
    0.020761   (130 -0.571) (131 0.602) 
    0.020429   (127 0.578) (160 -0.807) 
    0.019087   (127 0.577) (160 0.301) (161 0.759) 
    0.017907   (127 0.577) (160 0.507) (161 -0.64) 
    0.015508   (28 -0.965) 
       0.015   (140 0.998) 
