 1 31.6228
 2 21.434
 3 1.79488
 4 31.6228
 5 17.3915
 6 9.19446
 7 31.6205
 8 1.03355
 9 31.4279
 10 30.0682
 11 0.989536
 12 27.673
 13 31.6228
 14 31.592
 15 0.903582
 16 31.6228
 17 31.556
 18 0.980874
 19 31.6228
 20 27.5442
 21 5.12596
 22 31.6228
 23 30.6402
 24 1.96907
 25 15.338
 26 15.0851
 27 1.91485
 28 31.3919
 29 10.4527
 30 11.4565
 31 21.8899
 32 3.28663
 33 26.86
 34 14.5193
 35 7.43277
 36 15.6261
 37 31.4188
 38 31.5574
 39 1.38065
 40 24.5409
 41 31.1416
 42 1.29508
 43 21.7667
 44 28.9259
 45 1.88648
 46 31.598
 47 9.62158
 48 23.6795
 49 30.6653
 50 12.8339
 51 13.6687
 52 9.2762
 53 30.7533
 54 16.2957
 55 8.70885
 56 12.3482
 57 28.3987
 58 8.52684
 59 8.27191
 60 11.322
 61 4.39431
 62 1.34723
 63 17.968
 64 16.6146
 65 0.967571
 66 20.9215
 67 28.7911
 68 4.40734
 69 31.6069
 70 31.6228
 71 29.7462
 72 3.33475
 73 31.6157
 74 1.37471
 75 31.5556
 76 31.3428
 77 1.36973
 78 29.4431
 79 31.6014
 80 1.822
 81 31.1437
 82 31.4435
 83 13.7453
 84 1.4236
 85 10.2548
 86 1.46769
 87 31.3575
 88 1.09797
 89 1.04374
 90 1.24736
 91 2.45067
 92 16.8016
 93 27.3287
 94 28.1432
 95 30.5317
 96 30.7593
 97 15.5561
 98 17.191
 99 8.72823
 100 30.036
 101 30.9353
 102 10.414
 103 11.5626
 104 10.9451
 105 11.0787
 106 12.3055
 107 12.4519
 108 12.5937
 109 10.4994
 110 8.50504
 111 13.0151
 112 13.9849
 113 13.4647
 114 12.7076
 115 12.9048
 116 11.2008
 117 12.3813
 118 13.3803
 119 11.8689
 120 8.69754
 121 10.7465
 122 6.7278
 123 7.66895
 124 5.5675
 125 5.12036
 126 6.81374
 127 4.42984
 128 8.98094
 129 7.05657
 130 7.24563
 131 4.03021
 132 4.39343
 133 4.56244
 134 5.81
 135 2.59619
 136 6.74973
 137 2.81961
 138 2.75597
 139 2.74189
 140 3.02135
 141 2.93112
 142 2.62182
 143 2.71296
 144 3.67931
 145 3.69794
 146 3.29818
 147 2.8397
 148 4.87169
 149 3.81007
 150 3.18332
 151 3.40455
 152 4.66748
 153 4.47081
 154 3.49403
 155 4.34175
 156 4.7646
 157 6.64029
 158 0.114579
 159 0.284244
 160 0.2737
 161 1.43103
 162 4.62924
 163 16.9101
 164 25.0067
 165 0.519944
