 1 44782
 2 614.063
 3 24.0159
 4 168860
 5 543.66
 6 269.084
 7 616802
 8 41.1899
 9 13256.7
 10 2678.37
 11 4.11936
 12 1558.66
 13 359908
 14 4840.09
 15 0.834159
 16 324254
 17 3944.98
 18 7.27848
 19 120385
 20 2138.91
 21 324.643
 22 169076
 23 3382.78
 24 108.949
 25 268.303
 26 328.28
 27 21.3245
 28 3006.94
 29 263.829
 30 290.295
 31 515.378
 32 81.8502
 33 939.738
 34 224.525
 35 167.723
 36 387.807
 37 1542.82
 38 2964.73
 39 7.45387
 40 981.82
 41 4410.15
 42 2.1083
 43 671.781
 44 1462.29
 45 28.0579
 46 26011.7
 47 1026.74
 48 2335.51
 49 1821.76
 50 184.414
 51 307.346
 52 197.066
 53 2956.22
 54 303.591
 55 204.349
 56 322.257
 57 848.696
 58 86.2938
 59 127.138
 60 200.361
 61 23.7531
 62 1.86275
 63 372.408
 64 333.282
 65 1.65639
 66 492.105
 67 2782.57
 68 339.467
 69 147301
 70 173877
 71 2422.16
 72 158.742
 73 18578.7
 74 26.5162
 75 12612.4
 76 8079.58
 77 5.41568
 78 1788.29
 79 8925.02
 80 48.4837
 81 2652.97
 82 1604.01
 83 222.096
 84 3.10215
 85 145.022
 86 3.44354
 87 4315.5
 88 1.71421
 89 1.64141
 90 1.91287
 91 10.3986
 92 502.061
 93 1836.2
 94 2130.67
 95 3079.37
 96 2609.86
 97 313.791
 98 375.069
 99 128.927
 100 1267.01
 101 1597.42
 102 135.795
 103 155.155
 104 139.737
 105 138.734
 106 162.925
 107 168.827
 108 174.489
 109 132.928
 110 103.558
 111 189.116
 112 206.094
 113 193.212
 114 177.029
 115 188.489
 116 154.538
 117 176.943
 118 198.923
 119 162.125
 120 93.4693
 121 125.46
 122 50.21
 123 69.4584
 124 39.8188
 125 30.7289
 126 51.5352
 127 27.5005
 128 93.9929
 129 64.2005
 130 62.3357
 131 20.2202
 132 20.8762
 133 22.7376
 134 36.1378
 135 8.74199
 136 47.2831
 137 9.74803
 138 9.23438
 139 9.10325
 140 10.7333
 141 11.0303
 142 8.95835
 143 9.19263
 144 15.1103
 145 15.1635
 146 12.5813
 147 10.0429
 148 25.3219
 149 16.3691
 150 11.9577
 151 13.6076
 152 23.4391
 153 22.1364
 154 13.6256
 155 19.9981
 156 24.0349
 157 45.6306
 158 0.145095
 159 0.142919
 160 0.436069
 161 5.8507
 162 26.7622
 163 1174.34
 164 1704.93
 165 7.07202
