 1 1000
 2 483.343
 3 19.077
 4 1000
 5 435.808
 6 215.791
 7 999.894
 8 3.87548
 9 992.188
 10 911.761
 11 2.45901
 12 777.439
 13 1000
 14 998.4
 15 0.819875
 16 1000
 17 997.558
 18 2.48589
 19 1000
 20 865.096
 21 131.936
 22 1000
 23 967.392
 24 31.8756
 25 247.229
 26 258.808
 27 16.9207
 28 988.23
 29 209.25
 30 231.542
 31 502.957
 32 70.0334
 33 800.269
 34 217.207
 35 147.928
 36 340.226
 37 988.49
 38 997.61
 39 3.57362
 40 616.684
 41 973.417
 42 1.77231
 43 498.077
 44 868.508
 45 17.0358
 46 999.066
 47 266.367
 48 734.519
 49 952.444
 50 179.904
 51 263.329
 52 168.647
 53 956.648
 54 272.159
 55 152.495
 56 234.621
 57 840.65
 58 85.5356
 59 124.925
 60 195.115
 61 23.3853
 62 1.85984
 63 334.672
 64 325.387
 65 1.64876
 66 482.522
 67 905.848
 68 96.3766
 69 999.454
 70 1000
 71 937.133
 72 62.6835
 73 999.682
 74 3.50899
 75 997.613
 76 983.587
 77 3.26189
 78 872.209
 79 999.121
 80 15.6439
 81 983.383
 82 991.634
 83 202.608
 84 2.95444
 85 111.98
 86 3.00774
 87 988.849
 88 1.71395
 89 1.64138
 90 1.91253
 91 9.31155
 92 401.928
 93 829.285
 94 862.127
 95 957.548
 96 966.584
 97 291.297
 98 355.897
 99 123.635
 100 938.219
 101 973.31
 102 130.064
 103 151.554
 104 138.184
 105 137.717
 106 162.223
 107 168.092
 108 173.528
 109 131.629
 110 101.574
 111 187.918
 112 204.945
 113 192.245
 114 176.346
 115 187.918
 116 153.507
 117 176.281
 118 198.128
 119 160.255
 120 90.4674
 121 124.781
 122 48.6755
 123 61.7457
 124 38.118
 125 29.6041
 126 50.7645
 127 25.5953
 128 91.6987
 129 63.1181
 130 61.5413
 131 19.8563
 132 20.5
 133 22.3149
 134 35.0827
 135 8.41387
 136 46.7291
 137 9.42411
 138 8.83317
 139 8.69008
 140 10.1762
 141 10.296
 142 8.42171
 143 8.7807
 144 14.741
 145 14.7753
 146 12.1757
 147 9.62551
 148 24.8521
 149 15.8739
 150 11.6024
 151 13.2096
 152 22.9153
 153 21.1088
 154 13.2023
 155 19.6589
 156 23.7215
 157 45.2374
 158 0.112277
 159 0.136219
 160 0.347688
 161 5.22294
 162 25.3381
 163 369.184
 164 701.446
 165 5.92808
