 Smallest eigenvalues
  1.5925e-06   (9 1) 
  2.7785e-06   (50 -0.7) (48 -0.523) (54 -0.226) (44 -0.191) (153 -0.19) (14 -0.118) (78 0.111) (51 0.11) (37 -0.101) (53 -0.0938) (46 0.0882) (52 -0.0809) (38 0.0652) (27 -0.0647) (49 0.0556) (61 0.0552) (56 -0.0535) (47 -0.0523) (39 0.0504) (68 0.04) (69 -0.0311) (76 0.0309) (43 -0.0306) (80 0.0303) (45 -0.0294) (79 -0.0278) (70 0.0276) (34 -0.0242) (42 0.0238) (19 -0.0236) (36 0.0235) (65 -0.0233) (22 0.0226) (35 -0.0226) (21 -0.0219) (75 -0.0212) (32 0.0209) (71 -0.0208) (55 -0.0206) (40 -0.02) (63 -0.0181) (74 -0.0177) (41 -0.0166) (84 0.015) (26 0.0146) (31 0.0141) (23 -0.0139) (33 0.0136) (13 0.0134) (72 0.013) (60 0.013) (88 0.0125) (57 -0.0115) (66 0.011) (30 -0.0102) 
   3.084e-06   (153 -0.982) (50 0.135) (48 0.101) (54 0.0436) (44 0.0369) (14 0.023) (51 -0.0213) (78 -0.0211) (37 0.0195) (53 0.0181) (46 -0.0171) (52 0.0156) (38 -0.0127) (27 0.0126) (49 -0.0107) (61 -0.0106) (56 0.0103) (47 0.0101) 
  5.7512e-06   (6 1) 
  5.9145e-06   (47 0.655) (149 0.575) (44 -0.324) (45 -0.19) (46 0.13) (37 -0.124) (48 0.118) (49 -0.105) (14 -0.104) (78 0.0756) (27 -0.0668) (38 0.066) (50 0.0558) (41 -0.0352) (55 -0.0333) (52 0.0328) (43 -0.0296) (51 0.0274) (35 -0.0257) (19 -0.024) (61 0.0238) (42 0.0223) (56 -0.0212) (54 -0.0201) (30 -0.0195) (70 0.0185) (79 -0.0181) (34 -0.0181) (36 0.018) (39 0.0177) (21 -0.0177) (28 0.0174) (53 -0.0172) (60 0.0166) (22 0.0154) (26 0.0152) (80 0.0136) (65 -0.0121) (13 0.0119) (33 0.0117) (25 -0.0114) (77 -0.0109) (15 -0.0109) (71 -0.0108) (73 -0.0103) 
  5.9221e-06   (149 0.818) (47 -0.46) (44 0.228) (45 0.133) (46 -0.0915) (37 0.0872) (48 -0.0829) (49 0.0739) (14 0.0732) (78 -0.0529) (27 0.0469) (38 -0.0464) (50 -0.0391) (41 0.0247) (55 0.0234) (52 -0.023) (43 0.0208) (51 -0.0192) (35 0.018) (19 0.0169) (61 -0.0167) (42 -0.0157) (56 0.0149) (54 0.0141) (30 0.0137) (70 -0.013) (34 0.0127) (79 0.0127) (36 -0.0126) (21 0.0124) (39 -0.0124) (28 -0.0122) (53 0.0121) (60 -0.0116) (22 -0.0109) (26 -0.0107) 
  6.7845e-06   (1 -0.991) (30 -0.101) (37 0.0527) (27 -0.0463) (35 0.0272) (28 0.0271) (14 -0.0146) (38 -0.0122) (32 0.0118) (21 -0.0104) 
  8.3067e-06   (155 -0.998) (30 -0.0402) (37 0.0204) (27 -0.0194) (14 -0.0116) (35 0.0107) (28 0.0107) 
   2.233e-05   (30 0.732) (37 -0.373) (27 0.353) (14 0.211) (35 -0.195) (28 -0.194) (1 -0.132) (21 0.0916) (32 -0.0835) (38 0.0822) (19 0.0791) (31 -0.0679) (22 -0.0549) (155 -0.0548) (34 -0.0527) (15 0.0517) (25 0.0516) (26 -0.0456) (78 -0.0444) (44 -0.0431) (43 -0.0312) (49 0.0278) (13 -0.0277) (40 -0.0261) (39 0.0247) (36 0.021) (16 0.0204) (29 -0.0198) (80 -0.0184) (79 0.0173) (10 0.017) (18 -0.0164) (55 0.0157) (61 -0.0142) (42 -0.0133) (24 -0.0133) (12 0.0133) (70 -0.0128) (41 -0.0127) (52 -0.0125) (60 -0.012) (57 -0.012) (47 0.0116) (73 0.0112) (50 -0.0111) (53 0.0109) 
  3.6201e-05   (20 -0.722) (45 0.34) (46 -0.29) (22 0.283) (44 -0.244) (18 -0.242) (21 0.186) (15 -0.0738) (23 -0.064) (40 0.0562) (39 0.0522) (25 0.0508) (16 0.0494) (37 -0.0491) (78 0.0484) (31 0.0474) (14 -0.0425) (48 0.0422) (36 0.0412) (38 0.0396) (29 0.0358) (49 -0.0311) (27 -0.0284) (43 -0.028) (34 -0.0249) (50 0.0222) (61 0.022) (19 0.0207) (52 0.0205) (35 -0.0199) (71 -0.0193) (47 -0.0188) (30 -0.0183) (41 -0.0167) (55 -0.0164) (33 -0.0163) (72 0.0158) (68 0.0148) (24 0.0141) (74 -0.0137) (62 0.0134) (28 0.0132) (73 0.0126) (56 -0.0117) (26 -0.0106) (32 0.0105) (66 0.0104) 
  3.7483e-05   (157 -0.999) (45 0.0238) (46 -0.0206) (20 0.0203) (44 -0.0163) 
   0.0001031   (45 -0.535) (46 0.462) (20 -0.438) (44 0.366) (18 -0.179) (22 0.157) (21 0.145) (37 0.14) (14 0.0939) (48 -0.092) (49 0.078) (78 -0.0774) (27 0.0761) (38 -0.0748) (39 -0.0721) (47 0.053) (41 0.0486) (25 0.0479) (19 0.0467) (157 -0.045) (16 0.0406) (43 0.0395) (50 -0.0372) (23 -0.0351) (55 0.0344) (26 -0.0296) (33 -0.0289) (68 -0.0284) (35 0.0283) (28 -0.0278) (80 -0.0276) (31 0.0276) (61 -0.027) (15 -0.0266) (71 0.0234) (40 0.0218) (52 -0.0214) (53 0.0209) (74 0.0166) (69 0.0165) (66 -0.0161) (70 -0.0152) (72 -0.015) (56 0.0149) (77 0.0132) (30 0.0119) (54 0.0118) (79 0.0117) (57 -0.0116) (62 -0.0115) 
  0.00011126   (2 -1) 
   0.0001201   (19 0.6) (17 0.491) (14 -0.485) (22 -0.217) (27 0.195) (18 0.145) (15 0.0957) (21 0.0918) (26 -0.0869) (20 -0.078) (16 0.0706) (37 0.0642) (34 0.0498) (13 0.0483) (44 0.0459) (38 -0.0452) (36 -0.0303) (32 -0.0298) (33 -0.0289) (25 0.0273) (46 -0.024) (28 -0.0206) (31 -0.0191) (35 0.0183) (47 0.0172) (10 -0.0165) (12 -0.0163) (23 0.0156) (78 0.0154) (42 -0.0146) (30 -0.0131) (45 0.0127) (29 0.0114) (24 0.0113) 
  0.00020634   (159 1) 
  0.00023278   (3 1) 
  0.00023718   (19 -0.643) (21 0.544) (14 -0.32) (27 0.259) (22 -0.205) (17 0.174) (25 0.0924) (20 0.0919) (23 -0.0775) (18 -0.0746) (37 0.0684) (26 -0.0648) (158 0.0403) (15 -0.0352) (32 -0.0349) (13 0.0312) (38 -0.0271) (35 0.0269) (44 0.0263) (36 -0.0231) (33 -0.0219) (34 0.0196) (40 0.0175) (16 0.0172) (24 -0.0156) (78 0.015) (29 0.0137) (46 -0.0128) (10 -0.0123) (12 -0.0119) 
  0.00026363   (158 0.999) (19 0.0259) (21 -0.0219) (14 0.0129) (27 -0.0104) 
   0.0002737   (8 -1) 
  0.00028993   (28 -0.702) (29 0.401) (150 -0.362) (27 -0.3) (37 0.18) (14 -0.155) (30 0.148) (32 -0.0881) (21 -0.0792) (35 0.0769) (23 -0.0711) (48 0.0637) (19 -0.0593) (18 -0.0519) (15 -0.0452) (38 -0.0423) (26 0.0288) (20 0.0236) (41 0.0233) (50 -0.0229) (75 -0.0217) (17 0.0215) (13 0.0206) (33 0.0204) (78 0.0189) (22 0.0183) (43 0.0181) (39 -0.0157) (49 0.0147) (54 -0.0135) (24 0.0122) (12 -0.012) (68 0.0117) (44 0.0107) (51 -0.0106) 
  0.00030262   (150 -0.932) (28 0.273) (29 -0.156) (27 0.117) (37 -0.0699) (14 0.0604) (30 -0.0574) (32 0.0343) (21 0.0308) (35 -0.0299) (23 0.0277) (48 -0.0247) (19 0.0231) (18 0.0202) (15 0.0176) (38 0.0165) (26 -0.0112) 
  0.00031195   (5 1) 
  0.00032286   (21 -0.605) (27 0.446) (26 -0.32) (22 0.303) (14 -0.251) (19 -0.244) (23 0.196) (154 -0.176) (37 0.104) (15 -0.0859) (18 -0.0821) (17 0.0669) (35 0.0562) (24 0.0511) (30 0.0398) (41 0.0356) (32 -0.0355) (16 0.0348) (34 -0.0345) (13 0.0308) (40 0.0266) (38 -0.0237) (78 0.0222) (48 0.0214) (29 0.0194) (20 -0.0191) (43 0.0188) (12 -0.0163) (73 -0.0152) (51 -0.0144) (31 0.0135) (55 -0.0123) (25 0.012) (75 -0.0119) 
  0.00032699   (154 -0.984) (21 0.108) (27 -0.0797) (26 0.0572) (22 -0.0541) (14 0.0449) (19 0.0436) (23 -0.035) (37 -0.0185) (15 0.0153) (18 0.0147) (17 -0.012) (35 -0.01) 
  0.00032784   (57 0.497) (73 -0.471) (70 0.406) (74 -0.281) (61 -0.209) (71 -0.198) (51 -0.166) (69 0.159) (67 0.139) (68 -0.138) (44 -0.137) (60 -0.127) (78 -0.124) (76 -0.0718) (55 -0.0702) (34 -0.0685) (47 -0.0681) (56 0.0656) (66 0.0639) (46 0.0633) (79 0.0608) (77 0.0519) (42 0.0485) (15 0.0457) (63 0.0403) (45 -0.0352) (53 -0.0334) (37 0.0323) (38 0.031) (80 -0.0309) (43 0.0309) (75 -0.0308) (22 0.0298) (65 -0.0287) (21 0.0265) (59 -0.0225) (33 0.021) (62 -0.0207) (64 -0.0206) (35 0.0201) (121 -0.0201) (125 -0.0187) (123 -0.0187) (50 -0.0174) (14 -0.016) (88 0.016) (31 0.016) (39 0.0155) (104 -0.0153) (20 0.0153) (120 -0.0146) (19 0.0146) (40 0.0144) (152 -0.0134) (91 0.0133) (82 -0.0131) (105 0.013) (27 0.0125) (101 0.0118) (48 0.0112) (84 0.011) (129 0.0109) (89 -0.0108) (98 -0.0107) (26 0.0103) 
  0.00033083   (73 0.591) (57 0.408) (74 0.301) (152 -0.235) (68 -0.229) (69 0.193) (67 0.189) (44 -0.189) (71 0.158) (61 -0.143) (51 -0.127) (49 0.122) (47 -0.0983) (55 -0.0977) (46 0.0945) (70 -0.0899) (34 -0.0864) (14 -0.0764) (60 -0.0758) (66 0.0663) (42 0.059) (54 0.0584) (56 0.0576) (63 0.0541) (41 0.052) (38 0.051) (15 0.0498) (45 -0.0461) (43 0.0421) (22 0.041) (33 0.0313) (120 0.03) (72 -0.0263) (75 0.0262) (119 -0.0261) (50 0.0257) (31 0.0242) (64 -0.0239) (79 -0.0238) (123 -0.0236) (48 -0.0232) (84 0.0229) (59 -0.0226) (20 0.0225) (65 -0.0224) (52 0.0216) (32 0.0211) (40 0.0207) (26 0.0205) (62 -0.0192) (39 0.0181) (129 0.0181) (76 0.0158) (35 0.0146) (37 -0.0144) (121 -0.0137) (145 0.0129) (36 0.0126) (88 0.0125) (80 0.0124) (131 -0.0118) (27 -0.0106) (89 -0.0103) 
  0.00036277   (152 -0.972) (73 -0.136) (57 -0.106) (74 -0.0689) (68 0.0572) (69 -0.0486) (44 0.0484) (67 -0.0476) (61 0.0375) (71 -0.0354) (51 0.0336) (49 -0.0298) (47 0.0251) (55 0.0248) (46 -0.0241) (34 0.0223) (60 0.0201) (14 0.019) (145 0.0173) (66 -0.0169) (70 0.0164) (42 -0.0152) (56 -0.015) (54 -0.0143) (63 -0.0136) (38 -0.013) (15 -0.013) (41 -0.0128) (45 0.0118) (43 -0.0108) (22 -0.0106) 
  0.00043906   (25 -0.895) (24 0.304) (23 -0.163) (27 0.158) (26 0.153) (53 0.0862) (22 0.0619) (21 0.0563) (51 -0.0526) (55 0.0472) (52 0.0469) (14 -0.0448) (49 0.0375) (57 -0.0318) (44 -0.0252) (15 -0.0244) (47 -0.0225) (41 0.02) (34 -0.0178) (46 0.0177) (28 -0.0173) (56 -0.0172) (19 -0.0168) (17 0.0156) (30 0.0155) (78 0.0128) (20 -0.0119) (61 0.0113) (32 0.0111) (50 0.01) 
  0.00045893   (146 -0.724) (53 0.417) (51 -0.285) (55 0.246) (52 0.201) (44 -0.154) (49 0.15) (57 -0.134) (25 0.0905) (47 -0.0852) (46 0.0806) (56 -0.0686) (14 -0.0569) (34 -0.0524) (61 0.0481) (48 -0.0407) (73 -0.0392) (45 -0.0391) (27 -0.0379) (38 0.0373) (42 0.0367) (24 -0.0348) (145 -0.0344) (37 -0.0331) (60 0.0317) (78 0.0301) (15 0.026) (70 0.0233) (50 0.0231) (43 0.0227) (54 -0.0194) (147 0.0193) (33 0.0176) (23 0.0147) (68 0.0147) (71 -0.0144) (41 0.0141) (40 0.013) (22 0.013) (20 0.0128) (36 0.012) (31 0.0117) (28 0.0113) (39 0.0112) (32 0.0104) 
  0.00048461   (146 -0.687) (53 -0.439) (51 0.3) (55 -0.26) (52 -0.212) (44 0.163) (49 -0.158) (57 0.141) (25 -0.0909) (47 0.0899) (46 -0.085) (56 0.0723) (14 0.0602) (34 0.0553) (61 -0.0508) (48 0.043) (73 0.0413) (45 0.0412) (38 -0.0393) (27 0.0391) (42 -0.0388) (24 0.0351) (37 0.0349) (145 -0.0347) (60 -0.0334) (78 -0.0316) (15 -0.0273) (70 -0.0246) (50 -0.0244) (43 -0.024) (54 0.0205) (33 -0.0186) (147 0.0181) (68 -0.0155) (71 0.0152) (41 -0.0149) (23 -0.0147) (22 -0.014) (40 -0.0137) (20 -0.0134) (36 -0.0127) (31 -0.0124) (39 -0.0118) (28 -0.0118) (32 -0.011) 
  0.00050439   (52 -0.715) (41 -0.406) (54 0.331) (51 -0.253) (55 -0.18) (44 -0.166) (57 -0.163) (49 0.102) (53 0.101) (37 0.078) (46 0.0727) (40 -0.0707) (56 -0.0644) (61 0.0609) (42 0.0577) (47 -0.0548) (50 0.0435) (78 0.0433) (60 0.0418) (48 -0.0369) (70 0.0366) (45 -0.0315) (151 -0.0199) (73 -0.0184) (38 -0.0183) (36 -0.0159) (27 0.0152) (35 0.0151) (76 -0.0124) (21 0.012) (15 0.0113) (69 0.011) (22 0.0109) (80 0.0107) (72 0.0104) (30 0.0102) 
  0.00051389   (151 -0.961) (41 0.232) (52 -0.0811) (37 -0.0626) (40 0.0492) (54 0.0397) (51 -0.0379) (38 0.0292) (34 -0.0277) (55 -0.0273) (14 -0.0255) (44 0.0253) (27 -0.021) (57 -0.0203) (42 -0.0163) (49 -0.0155) (78 0.0139) (73 -0.012) (26 0.012) (30 -0.0102) 
  0.00054616   (41 -0.78) (52 0.334) (151 -0.276) (37 0.212) (40 -0.166) (54 -0.162) (51 0.151) (55 0.108) (38 -0.1) (34 0.0965) (14 0.0887) (57 0.0823) (44 -0.0761) (27 0.0718) (42 0.0526) (78 -0.0518) (49 0.0468) (73 0.0434) (26 -0.0413) (61 -0.0381) (53 -0.0376) (56 0.0349) (30 0.0348) (43 -0.0315) (33 -0.0277) (70 -0.0271) (35 0.0254) (60 -0.0254) (48 -0.0237) (36 -0.0232) (22 -0.0202) (28 -0.0196) (50 0.0184) (79 0.0177) (68 -0.0175) (80 -0.0161) (15 -0.0161) (46 0.0155) (39 -0.0146) (72 -0.0135) (20 -0.0124) (19 0.0114) (24 0.0111) 
   0.0005585   (70 -0.765) (73 -0.3) (57 0.283) (71 0.241) (69 -0.221) (51 -0.164) (49 -0.125) (72 0.123) (74 -0.104) (61 -0.099) (76 -0.0976) (50 -0.0909) (68 0.0892) (75 -0.0623) (60 -0.0616) (44 -0.0553) (53 0.0466) (77 0.046) (54 0.0416) (56 0.0409) (34 -0.0387) (48 0.0379) (147 -0.0333) (66 0.0328) (42 0.027) (65 -0.0267) (84 0.0256) (15 0.0252) (55 -0.0244) (123 -0.0238) (46 0.0228) (37 0.0221) (47 -0.0216) (22 0.02) (21 0.0199) (43 0.0186) (41 -0.0172) (38 0.0171) (45 -0.0165) (67 -0.0163) (125 -0.0153) (52 -0.0152) (88 0.0148) (129 0.0146) (35 0.0116) (90 -0.0114) (33 0.0112) 
  0.00059558   (147 -0.827) (49 0.368) (50 0.234) (51 0.177) (53 -0.145) (145 0.126) (44 -0.119) (48 -0.0869) (73 -0.0793) (46 0.0666) (47 -0.0596) (41 0.0474) (14 -0.044) (70 -0.0419) (54 -0.0409) (68 0.0392) (69 -0.0371) (78 0.0342) (34 -0.0336) (37 -0.0333) (146 -0.0282) (38 0.0273) (42 0.0221) (67 -0.0218) (74 -0.0213) (56 -0.0203) (72 0.02) (27 -0.0197) (148 0.0191) (57 -0.019) (26 0.0166) (79 -0.0163) (45 -0.016) (15 0.0149) (22 0.0146) (40 0.0139) (33 0.0128) (80 0.0121) (52 -0.0119) (43 0.0113) 
  0.00064072   (49 -0.556) (147 -0.54) (50 -0.353) (51 -0.261) (53 0.22) (44 0.187) (73 0.14) (48 0.131) (70 0.112) (46 -0.104) (47 0.0928) (145 0.0825) (41 -0.0714) (69 0.0707) (14 0.0678) (68 -0.0658) (54 0.06) (34 0.0541) (78 -0.0528) (37 0.0495) (38 -0.043) (74 0.0391) (72 -0.0383) (42 -0.0357) (67 0.0344) (27 0.0297) (56 0.0285) (26 -0.0258) (79 0.0256) (45 0.0256) (15 -0.0246) (22 -0.0237) (40 -0.0216) (76 0.0203) (33 -0.0203) (52 0.0193) (80 -0.0191) (43 -0.0186) (146 -0.0184) (75 0.0178) (31 -0.0151) (20 -0.0148) (32 -0.0134) (119 0.0129) (148 0.0124) (30 0.0109) (57 0.0108) (39 -0.0107) (63 0.0107) (120 -0.0106) (55 0.0101) (24 0.0101) 
  0.00069277   (38 0.836) (37 0.234) (22 0.219) (26 0.205) (39 -0.17) (44 0.15) (34 -0.134) (42 -0.115) (15 0.111) (27 0.0824) (20 0.0813) (40 -0.0784) (43 -0.0745) (41 -0.0716) (35 0.0656) (21 0.062) (24 -0.0604) (14 -0.0535) (46 -0.0489) (36 -0.0487) (47 0.0475) (51 0.0437) (25 0.039) (57 -0.0345) (33 0.0342) (19 0.0297) (45 0.0277) (30 0.0216) (17 0.0192) (55 0.016) (31 0.0157) (18 0.0137) 
  0.00078382   (26 0.602) (22 0.547) (38 -0.307) (34 0.243) (20 0.183) (24 -0.17) (27 0.163) (15 0.16) (14 -0.143) (25 0.106) (33 -0.0841) (37 -0.0827) (31 -0.0746) (21 0.0693) (35 -0.0577) (32 -0.049) (141 -0.0422) (17 0.0369) (39 0.035) (44 0.0297) (28 -0.0287) (18 0.0248) (19 0.0203) (49 -0.0173) (30 -0.0141) (23 0.0127) (41 -0.0123) (46 -0.011) 
  0.00086118   (141 -0.999) (26 -0.0267) (22 -0.0245) (145 -0.0155) 
  0.00092654   (51 0.424) (49 -0.419) (44 -0.402) (47 -0.394) (15 0.255) (48 0.248) (46 0.244) (45 -0.149) (57 -0.144) (43 0.133) (55 0.118) (17 -0.115) (34 -0.0978) (42 0.0947) (14 -0.0823) (37 0.0769) (41 0.0553) (52 -0.0529) (78 -0.0454) (54 0.0378) (27 0.0378) (35 0.0368) (38 0.0338) (16 0.0324) (61 0.0309) (39 0.0306) (53 0.0302) (33 0.0286) (40 0.0266) (21 0.024) (30 0.0207) (60 0.0204) (19 0.0174) (31 0.0161) (68 -0.0144) (84 0.0137) (74 -0.0137) (69 0.0136) (20 -0.0126) (32 0.0124) (79 0.0119) (77 0.0115) (65 0.0107) (66 -0.0106) (36 -0.0105) 
  0.00096029   (15 0.717) (17 -0.498) (14 -0.243) (22 -0.18) (44 0.153) (20 -0.141) (16 0.12) (34 0.12) (47 0.116) (49 0.0926) (51 -0.092) (46 -0.0815) (26 -0.0803) (21 -0.0633) (48 -0.0586) (18 -0.0496) (45 0.0476) (43 -0.0475) (33 -0.0416) (42 -0.0414) (25 -0.0358) (31 -0.0342) (19 -0.0338) (41 -0.0336) (38 -0.0329) (24 0.0313) (32 -0.0267) (35 -0.0265) (57 0.0259) (27 0.0253) (55 -0.0241) (39 -0.0191) (28 -0.018) (37 -0.0175) (40 -0.0167) (30 -0.0159) (13 0.0142) (54 -0.0123) (78 0.0116) 
   0.0010542   (144 -0.999) (145 -0.0406) (148 0.0151) 
   0.0011546   (53 -0.66) (51 -0.423) (34 -0.336) (55 0.285) (57 -0.231) (36 0.164) (54 0.145) (52 0.142) (35 0.117) (33 0.0989) (38 -0.0787) (15 0.076) (49 -0.0577) (31 0.0528) (22 0.0517) (41 -0.0515) (50 -0.0478) (47 -0.0418) (21 0.0399) (78 -0.0397) (48 0.0372) (44 -0.037) (61 0.0354) (32 0.0341) (14 -0.0337) (20 0.0311) (46 0.0303) (26 0.0292) (68 -0.0262) (60 0.0247) (37 -0.0247) (69 0.0235) (39 -0.0216) (45 -0.0214) (79 0.019) (136 -0.0186) (70 -0.0168) (40 -0.0153) (19 0.0152) (67 0.0138) (56 -0.0135) (73 0.0125) (121 -0.0115) (24 -0.0107) (30 0.0106) (28 0.0105) (80 -0.01) 
    0.001336   (34 -0.62) (36 0.391) (53 0.28) (51 0.238) (44 0.213) (38 -0.212) (35 0.206) (33 0.183) (37 -0.174) (41 -0.133) (136 -0.125) (55 -0.11) (14 -0.092) (42 -0.0891) (31 0.0879) (39 -0.0795) (15 0.0737) (57 0.0726) (46 -0.0711) (43 -0.0709) (22 0.0654) (52 -0.0647) (54 -0.063) (32 0.0628) (40 -0.0621) (47 0.0592) (26 0.0507) (20 0.0409) (45 0.0404) (27 -0.0328) (50 0.0249) (21 0.0233) (78 0.0207) (28 0.0205) (24 -0.0172) (25 0.0146) (17 0.0146) (73 -0.0137) (70 0.0123) (61 -0.0111) 
   0.0014933   (136 -0.992) (34 0.0846) (36 -0.0524) (35 -0.0282) (38 0.0282) (44 -0.0258) (33 -0.0249) (53 -0.0231) (37 0.0223) (51 -0.0219) (41 0.0177) (145 -0.0145) (14 0.0123) (31 -0.0121) (42 0.0111) (15 -0.0109) (39 0.0104) 
   0.0015096   (10 -0.964) (35 -0.212) (11 0.0841) (34 -0.0608) (37 0.058) (32 0.0503) (33 0.049) (31 0.0456) (36 -0.0419) (38 -0.0257) (132 -0.0237) (14 0.0226) (44 0.0153) (46 -0.0118) (27 -0.0103) 
   0.0016348   (132 -0.857) (35 -0.417) (10 0.145) (34 -0.123) (37 0.107) (33 0.0953) (32 0.0944) (31 0.0864) (36 -0.0831) (14 -0.0595) (38 -0.0466) (27 -0.0392) (44 0.0286) (22 0.018) (46 -0.0167) (24 -0.0139) (19 -0.0139) (42 -0.0129) (54 -0.0126) (41 -0.0123) (39 -0.0119) (11 -0.0115) (21 -0.0109) 
   0.0018821   (35 0.705) (132 -0.514) (34 0.209) (10 -0.198) (37 -0.181) (33 -0.161) (32 -0.16) (31 -0.146) (36 0.141) (14 0.0982) (38 0.0789) (27 0.0658) (44 -0.0485) (22 -0.0303) (46 0.0283) (24 0.0235) (19 0.0234) (42 0.0217) (54 0.0213) (41 0.0207) (39 0.0202) (21 0.0183) (11 0.0153) (20 -0.0152) (49 0.0146) (26 -0.0145) (28 -0.0142) (55 -0.0125) (25 0.0122) (50 -0.0116) (13 -0.0114) (78 -0.0112) (17 -0.0109) (52 0.0102) 
   0.0020175   (32 0.63) (31 0.602) (34 0.271) (35 0.218) (54 -0.186) (30 0.147) (52 -0.113) (33 0.107) (55 0.0873) (50 0.0622) (74 0.0582) (37 -0.058) (28 -0.0517) (72 0.0495) (49 -0.044) (51 -0.0426) (40 -0.0408) (36 -0.031) (71 -0.0297) (20 0.0292) (15 0.0272) (27 0.026) (42 -0.0249) (68 0.0245) (128 -0.0235) (60 -0.0223) (78 -0.0186) (57 0.0185) (46 -0.0167) (41 0.0164) (44 0.0157) (80 -0.0142) (24 -0.0128) (29 -0.0125) (21 0.0122) (47 0.0121) (22 0.012) (25 0.0118) (61 -0.0113) (75 -0.0111) (17 0.0108) (48 0.0107) 
   0.0021812   (74 0.561) (72 0.446) (68 0.367) (71 -0.324) (128 -0.286) (78 -0.181) (77 -0.116) (55 -0.11) (75 -0.105) (54 0.099) (80 -0.0917) (67 -0.0895) (60 -0.0882) (73 -0.0874) (52 0.0873) (76 -0.0656) (57 0.0557) (83 -0.0551) (70 0.0517) (79 0.0511) (62 0.0505) (50 -0.0496) (69 -0.047) (65 0.0452) (40 -0.0409) (105 -0.0391) (85 -0.0379) (61 -0.0372) (31 -0.0359) (39 0.0353) (34 -0.0338) (129 0.029) (44 -0.0282) (51 -0.0281) (32 -0.0272) (46 0.0252) (47 -0.0242) (82 -0.0236) (63 -0.0189) (59 0.0185) (48 0.0182) (64 0.0182) (87 0.018) (42 0.0175) (89 -0.0174) (86 -0.0164) (121 0.0156) (35 -0.0152) (133 0.0144) (93 -0.0142) (81 0.0141) (124 -0.0139) (84 0.0137) (45 -0.0137) (37 0.0133) (66 0.0132) (104 0.0129) (58 -0.0115) (102 0.0107) (125 -0.0104) 
   0.0023503   (128 -0.566) (54 0.546) (52 0.32) (55 -0.28) (74 -0.204) (72 -0.163) (32 0.135) (50 -0.135) (31 0.134) (71 0.108) (51 0.107) (49 0.0909) (57 -0.0773) (129 0.0634) (60 0.0609) (68 -0.0537) (34 0.0462) (61 0.0451) (33 0.045) (78 0.044) (69 -0.0425) (65 -0.0391) (53 0.0386) (30 0.0349) (48 -0.0342) (43 -0.0333) (40 -0.0332) (84 -0.0312) (75 0.0298) (35 0.0285) (80 0.0281) (76 0.0245) (39 0.024) (46 0.0231) (67 0.0225) (56 0.0224) (77 0.0211) (66 0.0209) (44 -0.02) (124 -0.0191) (88 0.0188) (20 0.0173) (15 0.0173) (81 0.0168) (28 -0.0165) (41 0.0159) (123 0.0158) (70 0.0136) (27 0.0121) (87 -0.0121) (36 -0.0119) (105 0.0118) (90 0.0116) (121 0.0113) (91 -0.0107) (120 -0.0106) 
   0.0026174   (128 -0.762) (54 -0.435) (52 -0.267) (55 0.246) (50 0.117) (32 -0.109) (31 -0.104) (129 0.0988) (68 -0.0986) (51 -0.0673) (49 -0.066) (74 -0.06) (69 0.0488) (72 -0.0474) (71 0.0423) (40 0.0414) (33 -0.0393) (133 -0.0393) (57 0.0355) (78 0.0347) (73 0.0321) (39 -0.0311) (34 -0.0297) (70 -0.0293) (77 0.0277) (30 -0.0275) (131 0.0272) (46 -0.0262) (53 -0.0253) (44 0.0251) (43 0.0242) (83 0.0228) (35 -0.022) (66 -0.0201) (85 0.0197) (79 -0.0191) (61 -0.019) (48 0.018) (84 0.0179) (81 -0.0175) (15 -0.0173) (75 0.0172) (67 0.0171) (56 -0.0155) (62 -0.0139) (80 0.0133) (20 -0.0133) (88 -0.0131) (41 -0.0127) (28 0.0125) (65 0.0117) (27 -0.0116) (60 -0.0112) (42 -0.0107) 
    0.002649   (26 -0.581) (22 0.504) (21 0.351) (20 0.254) (27 -0.221) (55 0.166) (23 0.148) (24 0.148) (15 0.135) (54 0.103) (56 -0.101) (34 0.0997) (19 0.0945) (51 0.0798) (25 -0.071) (37 -0.0709) (57 0.0602) (31 -0.0584) (44 0.0552) (18 0.0518) (35 -0.045) (52 -0.0345) (33 -0.0336) (47 0.0299) (61 -0.0277) (46 -0.027) (13 -0.0267) (42 -0.0257) (17 0.0231) (36 0.0229) (78 0.0224) (60 -0.0213) (16 -0.0196) (74 0.0149) (48 -0.0144) (119 0.0139) (45 0.0138) (68 0.0136) (12 0.013) (40 -0.013) (70 0.0124) (28 -0.0105) (38 -0.01) 
   0.0027282   (61 0.7) (60 0.509) (56 0.292) (57 0.225) (55 -0.167) (54 -0.146) (51 -0.104) (78 -0.0924) (47 -0.0642) (22 0.064) (130 0.0579) (26 -0.0578) (79 0.0546) (21 0.0509) (50 0.05) (46 0.0453) (59 -0.0417) (72 0.0399) (80 -0.0368) (52 0.0364) (48 0.0312) (20 0.0311) (15 0.0308) (62 0.0305) (105 0.0295) (84 -0.0283) (53 -0.0272) (45 -0.0271) (73 -0.0248) (76 -0.023) (123 -0.0189) (42 0.0183) (19 0.0181) (77 0.018) (27 -0.0167) (44 -0.0161) (108 -0.0153) (104 -0.0152) (23 0.0151) (24 0.0147) (66 0.0146) (119 -0.0143) (121 0.0141) (67 0.013) (122 0.0128) (90 0.0127) (38 0.0126) (68 0.0121) (102 -0.012) (34 -0.0117) (63 0.0116) (37 -0.0112) (30 0.0112) (69 0.0111) 
   0.0028457   (130 0.774) (55 -0.383) (57 -0.272) (54 -0.241) (61 -0.155) (56 0.141) (51 -0.137) (60 -0.112) (52 0.083) (22 0.0829) (26 -0.0764) (21 0.0655) (43 0.0512) (44 -0.0502) (47 -0.0501) (15 0.0407) (20 0.0391) (68 -0.0333) (131 0.0322) (78 -0.0293) (74 -0.0274) (70 -0.0268) (50 0.0266) (48 0.0264) (45 -0.0255) (27 -0.0245) (19 0.0219) (46 0.0215) (66 -0.0211) (84 0.0204) (23 0.0197) (72 -0.0193) (34 -0.019) (65 0.0181) (24 0.0172) (69 0.0149) (129 0.0145) (121 -0.0131) (59 0.0131) (77 0.0119) (105 -0.0119) (42 0.0113) (119 -0.0109) (37 0.0104) 
   0.0032217   (130 0.629) (55 0.485) (57 0.312) (54 0.309) (56 -0.201) (51 0.178) (61 0.125) (22 -0.108) (52 -0.105) (26 0.0992) (60 0.0898) (21 -0.0852) (47 0.0677) (44 0.063) (43 -0.0623) (15 -0.0528) (20 -0.0509) (78 0.0439) (68 0.0398) (50 -0.0374) (48 -0.0354) (45 0.0339) (121 0.0335) (74 0.0333) (70 0.0321) (27 0.0316) (46 -0.0308) (19 -0.0286) (131 0.0284) (122 0.0276) (123 -0.0263) (23 -0.0256) (66 0.0246) (34 0.0245) (84 -0.0236) (24 -0.0226) (65 -0.0223) (72 0.0202) (105 0.0196) (69 -0.0193) (119 0.0166) (77 -0.0162) (129 0.016) (42 -0.0157) (59 -0.0121) (37 -0.0116) (49 0.0113) (31 0.0107) (38 -0.0103) (18 -0.0101) (76 0.0101) 
   0.0035534   (42 0.9) (66 0.194) (65 -0.188) (44 0.182) (84 -0.146) (67 0.135) (57 -0.0829) (43 -0.082) (38 0.0687) (46 -0.0655) (47 0.0542) (45 0.046) (51 0.0405) (126 0.037) (72 0.0353) (87 -0.0327) (54 -0.0312) (34 -0.0305) (37 -0.0275) (73 -0.0263) (63 -0.0236) (49 -0.0219) (14 -0.0205) (105 -0.02) (74 0.0196) (69 0.0193) (32 0.0191) (71 0.0189) (36 0.0178) (41 0.0166) (40 0.0163) (56 -0.016) (76 -0.0142) (90 -0.0141) (33 0.0139) (22 0.0134) (31 0.0128) (52 -0.0118) (55 0.0114) (50 0.0107) (82 0.0107) (75 -0.0105) (15 0.0103) (30 0.01) 
   0.0036926   (84 -0.857) (126 0.374) (87 -0.146) (66 -0.146) (65 0.141) (67 -0.108) (78 0.0874) (105 -0.0813) (90 -0.0709) (42 -0.0658) (57 0.0631) (82 0.0539) (44 -0.0415) (51 -0.0409) (92 -0.0408) (121 -0.0348) (83 -0.0331) (61 -0.0323) (88 0.0313) (43 0.0282) (104 0.0282) (93 -0.0277) (47 -0.0268) (69 -0.0255) (125 -0.0252) (60 -0.0231) (54 -0.0227) (80 0.0208) (102 0.0208) (77 -0.0197) (108 -0.0192) (46 0.0188) (103 -0.018) (63 0.0175) (45 -0.0173) (55 -0.0165) (107 -0.0162) (96 0.0157) (94 -0.0143) (34 -0.0131) (72 -0.0117) (81 -0.0114) (111 -0.0113) (49 -0.0109) (73 0.0107) (101 -0.0106) (53 -0.0104) (76 0.0103) (48 0.0102) (79 -0.0102) (91 -0.0102) 
   0.0038565   (126 0.703) (84 0.401) (66 -0.323) (65 0.31) (67 -0.229) (42 0.22) (57 0.0802) (72 -0.0733) (87 0.0715) (73 0.0509) (78 -0.0485) (74 -0.0481) (90 0.0447) (105 0.0432) (71 -0.0421) (63 0.0355) (69 -0.0338) (76 0.0327) (54 0.0324) (43 -0.0302) (56 0.0287) (82 -0.0274) (75 0.024) (83 0.0235) (104 -0.0204) (92 0.0203) (129 -0.0197) (47 0.017) (38 0.017) (79 0.0169) (34 -0.0163) (80 -0.0158) (49 0.0148) (45 0.0147) (64 -0.0146) (41 0.0143) (108 0.014) (50 -0.014) (125 -0.0133) (48 -0.0118) (91 0.0117) (44 0.0117) (88 -0.0115) (102 -0.0114) (15 0.0112) (68 -0.0109) (51 -0.0107) 
   0.0040449   (126 0.603) (66 0.455) (65 -0.437) (67 0.326) (42 -0.271) (57 -0.128) (72 0.0902) (84 0.0755) (73 -0.0642) (69 0.0542) (71 0.0535) (74 0.052) (63 -0.0507) (76 -0.0437) (51 0.036) (56 -0.0316) (75 -0.0308) (61 0.0301) (34 0.0293) (38 -0.0275) (129 -0.0265) (43 0.0221) (77 0.0217) (60 0.0214) (64 0.0209) (54 -0.0209) (15 -0.0187) (50 0.0162) (22 -0.0138) (41 -0.013) (79 -0.013) (14 0.0129) (93 0.0126) (33 -0.0119) (21 -0.0118) (105 -0.0108) (31 -0.0107) (32 -0.0105) 
   0.0040678   (107 0.598) (106 -0.484) (112 -0.317) (114 -0.22) (105 -0.209) (110 -0.186) (113 0.172) (101 0.168) (115 0.129) (56 0.129) (91 -0.123) (99 0.114) (118 0.102) (103 0.0995) (109 0.0942) (97 0.092) (116 -0.0839) (98 0.0463) (148 -0.0402) (55 0.0393) (78 0.0391) (119 0.0343) (104 -0.032) (90 0.031) (140 0.0261) (92 0.0237) (121 -0.0229) (61 -0.0225) (54 0.0208) (120 0.0192) (94 0.0181) (123 -0.0177) (117 -0.0172) (122 -0.0151) (100 0.0151) (60 -0.0149) (108 0.0138) (87 -0.0123) (111 0.0121) (125 -0.0116) (52 -0.0111) (145 -0.0109) (79 -0.0109) 
   0.0042172   (140 0.993) (148 0.112) (145 0.025) (107 -0.0166) (139 -0.014) (106 0.0132) (56 -0.0102) 
   0.0043211   (56 0.862) (55 0.288) (61 -0.125) (54 0.125) (47 0.119) (52 -0.111) (37 0.11) (107 -0.0925) (60 -0.0877) (57 -0.0835) (49 0.0822) (48 -0.0783) (51 0.0749) (78 0.0719) (53 0.0683) (105 0.067) (106 0.0625) (41 0.0622) (50 -0.0621) (45 0.061) (44 -0.0562) (14 0.0508) (38 -0.0473) (46 -0.0426) (68 0.0413) (70 0.0399) (27 0.0381) (74 0.033) (69 -0.0321) (65 -0.0285) (66 0.0282) (15 0.0278) (35 0.0271) (112 0.0266) (114 0.0263) (101 -0.0256) (79 -0.0247) (71 0.0233) (72 0.023) (84 -0.0227) (34 -0.0217) (113 -0.0214) (115 -0.0203) (110 0.0199) (21 0.0192) (109 -0.0191) (148 0.0189) (102 -0.0184) (77 -0.0183) (90 0.0177) (43 -0.0171) (63 -0.017) (104 0.0166) (118 -0.0163) (36 -0.0162) (91 -0.0158) (20 0.0158) (92 -0.0156) (13 -0.0146) (99 -0.0144) (19 0.0134) (67 -0.0134) (80 0.0129) (59 0.0127) (16 -0.0127) (116 0.0117) (26 -0.0109) (94 -0.0103) 
   0.0043941   (71 0.467) (46 0.425) (45 0.38) (81 0.356) (70 0.255) (80 -0.226) (83 0.21) (93 -0.164) (69 -0.141) (87 0.138) (72 0.121) (76 -0.0977) (77 0.0955) (43 -0.0935) (99 0.073) (78 0.0728) (109 0.0692) (67 -0.0651) (68 0.065) (82 -0.064) (74 0.0584) (44 0.0508) (114 -0.0487) (96 -0.0459) (54 -0.0444) (85 -0.0426) (49 -0.0389) (48 0.0366) (89 0.0362) (51 -0.0348) (104 -0.0346) (61 -0.0344) (98 0.0332) (100 -0.033) (75 -0.0282) (156 0.0278) (56 -0.0253) (73 -0.0249) (113 -0.0243) (47 0.0243) (84 -0.0236) (60 -0.0228) (107 -0.0218) (53 -0.0217) (24 0.0185) (35 -0.0181) (101 -0.018) (37 -0.0169) (50 0.0167) (57 0.0151) (55 -0.0142) (66 -0.0137) (106 0.0137) (88 -0.013) (112 0.0129) (40 0.0127) (63 -0.0125) 
   0.0046145   (156 0.999) (46 -0.0239) (45 -0.0223) 
   0.0046309   (46 0.552) (45 0.535) (71 -0.415) (70 -0.219) (81 -0.179) (80 0.15) (43 -0.129) (69 0.125) (72 -0.11) (87 -0.107) (79 -0.097) (83 -0.0963) (47 0.0894) (109 -0.0746) (67 0.0704) (44 0.07) (68 -0.0634) (90 -0.0603) (78 -0.0597) (76 0.0538) (99 -0.0444) (37 0.0425) (74 -0.0388) (114 0.0368) (105 0.0359) (77 -0.0343) (38 -0.0284) (85 0.0281) (75 0.0272) (41 0.0266) (57 -0.026) (82 0.024) (107 0.024) (14 0.0239) (42 -0.0238) (73 0.0231) (156 0.0211) (113 0.0201) (86 -0.02) (49 -0.0199) (63 0.0189) (100 0.0189) (53 0.0176) (61 0.0172) (121 0.0155) (48 0.0154) (66 0.0148) (91 -0.0144) (98 -0.014) (27 0.0133) (104 0.0129) (101 0.0123) (36 -0.0118) (106 -0.0113) (60 0.0111) (93 -0.0107) (24 0.0107) (13 -0.0106) (40 0.0105) (31 0.0102) 
   0.0047351   (24 -0.864) (134 0.306) (25 -0.302) (26 -0.208) (23 -0.144) (16 0.0306) (22 0.0219) (35 0.0171) (45 0.0141) (46 0.0139) (20 -0.0135) (36 0.0116) (34 0.0113) (93 0.0109) (31 -0.0103) (7 -0.0101) 
   0.0049174   (134 0.952) (24 0.278) (25 0.0973) (26 0.0669) (23 0.0465) (7 -0.0185) 
   0.0050757   (7 1) (134 0.0207) 
   0.0052905   (4 -1) 
   0.0053414   (30 0.578) (27 -0.416) (28 0.318) (29 -0.311) (37 0.307) (135 0.246) (14 -0.241) (35 0.147) (32 -0.127) (38 -0.0934) (19 -0.0758) (21 -0.0695) (26 0.0689) (33 -0.0593) (36 -0.0463) (41 0.0448) (25 -0.044) (15 -0.0406) (22 0.0378) (44 0.0374) (78 0.0302) (13 0.0294) (20 -0.0269) (17 0.0241) (47 0.0146) (46 -0.0142) (10 -0.0138) (43 0.0136) (55 -0.0132) (79 -0.0126) (34 0.0122) (39 0.0121) (72 0.0108) (56 -0.0105) (68 0.01) 
   0.0054404   (135 0.969) (30 -0.147) (27 0.106) (28 -0.0808) (29 0.0789) (37 -0.078) (14 0.0614) (35 -0.0374) (32 0.0322) (38 0.0237) (19 0.0193) (21 0.0177) (26 -0.0175) (33 0.0151) (36 0.0118) (41 -0.0114) (25 0.0112) (15 0.0103) 
   0.0056038   (11 -0.792) (16 -0.43) (17 -0.288) (14 -0.178) (15 -0.175) (19 0.127) (27 0.0956) (21 0.0783) (10 -0.0772) (37 0.0344) (13 0.0278) (26 -0.0216) (25 0.021) (18 -0.0208) (24 -0.0201) (30 0.016) (20 0.0149) (35 0.0118) (28 -0.0106) 
      0.0057   (142 0.999) (11 0.0275) (16 -0.0229) (17 -0.0151) 
   0.0059301   (11 -0.603) (16 0.572) (17 0.378) (15 0.226) (14 0.211) (19 -0.171) (27 -0.13) (21 -0.108) (37 -0.0475) (10 -0.0424) (142 0.042) (26 0.0296) (18 0.0293) (25 -0.0266) (24 0.0259) (30 -0.0241) (13 -0.0237) (20 -0.0207) (35 -0.0164) (78 -0.0135) (28 0.013) (38 0.0125) (23 -0.012) (80 -0.0104) 
   0.0063189   (13 0.925) (43 0.305) (12 -0.144) (14 0.102) (40 -0.0818) (45 0.0621) (47 0.0422) (44 0.0411) (15 0.0321) (39 0.0237) (37 -0.0233) (38 0.0213) (31 -0.0209) (46 0.0187) (42 0.0159) (54 0.0155) (32 0.0141) (48 -0.0132) (17 0.0126) (105 -0.0125) (55 0.0125) (36 0.0123) (61 0.011) (16 -0.011) (22 0.0105) 
   0.0066836   (143 -0.999) (43 0.0353) (13 -0.0157) 
   0.0073031   (43 -0.869) (13 0.321) (40 0.198) (45 -0.155) (44 -0.125) (47 -0.103) (37 0.0922) (14 0.0833) (38 -0.0687) (39 -0.0506) (41 0.045) (42 -0.0436) (46 -0.0435) (12 -0.0434) (143 -0.0414) (31 0.0407) (54 -0.0381) (32 -0.036) (36 -0.0319) (74 0.0301) (48 0.0296) (15 0.028) (26 -0.0267) (61 -0.0261) (20 0.0243) (27 0.0235) (79 0.0233) (59 -0.0227) (105 0.0223) (35 0.0218) (72 -0.0213) (50 0.021) (51 -0.0199) (55 -0.0198) (49 -0.0198) (80 0.0193) (67 0.0182) (21 0.0174) (16 -0.017) (64 0.0167) (63 -0.0165) (84 -0.0162) (56 -0.0138) (77 0.0129) (81 0.0116) (19 0.0115) (57 -0.0108) (62 0.0105) (85 -0.0104) (102 -0.0104) 
   0.0075907   (12 -0.938) (31 -0.221) (32 0.205) (13 -0.148) (40 0.0411) (36 -0.0336) (30 0.0253) (35 0.0248) (34 -0.0227) (37 0.0163) (137 -0.0153) (33 0.0151) (65 -0.0128) (14 0.0127) (68 0.0126) (66 -0.0126) (43 -0.0125) (15 0.0119) 
   0.0082284   (137 -0.993) (31 -0.0746) (32 0.0704) (12 0.0497) (40 0.0152) 

 Largest eigenvalues
       101.4   (163 -0.211) (164 -0.965) 
      29.627   (37 0.487) (78 -0.348) 
      15.081   (37 -0.292) (78 -0.68) 
      13.891   (102 -0.288) (104 -0.314) (105 0.799) 
      4.5137   (145 0.376) (148 0.906) 
      1.4426   (163 -0.977) (164 0.208) 
      1.2251   (162 0.996) 
      1.1534   (165 0.997) 
      1.1435   (90 -0.229) (91 0.884) (101 -0.227) 
      1.1357   (100 -0.335) (101 0.694) (106 0.487) 
      1.1278   (101 0.351) (106 -0.586) (107 -0.555) 
     0.95304   (111 0.369) (115 -0.81) 
     0.93618   (103 -0.896) (104 -0.231) 
     0.86893   (99 0.375) (100 0.747) (101 0.399) 
     0.82648   (111 -0.654) (123 -0.36) 
     0.78198   (110 -0.456) (111 0.472) (115 0.369) (123 -0.322) 
     0.68287   (97 -0.297) (110 0.741) 
     0.66823   (97 0.918) (110 0.249) 
     0.66245   (112 0.313) (113 0.449) (123 0.292) (125 -0.397) (145 0.356) 
     0.66172   (112 -0.738) (113 -0.303) 
      0.6597   (108 0.667) (113 -0.52) 
     0.59918   (108 -0.675) (110 -0.294) (112 0.318) (113 -0.319) 
     0.57314   (113 0.348) (120 -0.377) (122 -0.364) (129 0.299) (133 -0.367) 
     0.57291   (120 0.311) (121 0.35) (122 0.481) (123 -0.528) (133 -0.313) 
     0.56916   (117 0.355) (119 -0.584) (120 0.389) 
     0.55365   (117 -0.82) (120 0.271) (133 -0.218) 
     0.54365   (116 0.425) (118 0.294) (119 0.423) (124 0.323) (133 -0.327) 
     0.52417   (116 -0.66) (124 0.311) (133 -0.297) 
     0.50432   (116 0.547) (119 -0.319) (125 -0.38) (145 -0.3) 
     0.49508   (92 -0.966) 
     0.43831   (118 0.433) (120 0.346) (125 -0.312) (129 0.344) (145 -0.356) 
      0.4009   (94 -0.934) (104 -0.24) 
     0.38231   (94 0.322) (102 0.334) (104 -0.762) 
     0.34148   (102 -0.81) (105 -0.332) 
     0.31667   (87 -0.226) (98 0.282) (99 0.392) (104 0.287) (114 0.317) (118 -0.304) (129 0.284) 
     0.30317   (79 -0.27) (87 0.657) 
     0.25129   (79 0.389) (98 -0.312) (99 -0.456) 
     0.24467   (78 -0.29) (79 -0.417) (87 -0.579) 
     0.23029   (99 0.339) (109 0.433) (114 -0.522) 
     0.22675   (90 0.779) (93 0.462) 
     0.18653   (90 -0.395) (96 0.544) (109 -0.443) 
     0.17159   (86 -0.317) (93 -0.613) (109 -0.371) 
     0.15633   (85 -0.295) (86 0.823) 
     0.13454   (89 -0.741) (93 0.337) (96 -0.315) 
     0.13131   (79 0.442) (81 -0.465) (83 -0.459) 
     0.12685   (77 0.334) (79 -0.221) (80 -0.237) (81 0.218) (83 -0.196) (85 0.209) (88 0.238) (89 0.273) (93 0.229) (96 -0.257) 
     0.11623   (59 0.39) (63 -0.363) (69 0.376) 
      0.1112   (58 0.446) (59 -0.624) 
     0.10312   (58 -0.552) (63 0.422) 
    0.094657   (58 0.493) (59 0.308) (63 -0.297) (96 0.297) 
    0.092146   (58 -0.448) (59 -0.514) (63 -0.334) 
    0.081201   (59 0.256) (63 0.6) (67 -0.234) (69 0.254) (83 -0.28) 
    0.079922   (64 -0.744) (67 0.304) 
    0.076989   (60 0.309) (62 0.418) (64 0.517) (67 0.384) 
    0.073637   (60 -0.538) (61 0.408) (62 -0.312) 
    0.065692   (60 0.289) (67 -0.304) (118 -0.287) (119 0.245) 
    0.062597   (60 -0.261) (62 0.22) (65 0.191) (67 0.215) (68 0.211) (72 0.232) (74 -0.205) (76 0.201) (77 0.31) (81 -0.242) (85 -0.205) (118 -0.185) 
    0.061417   (60 0.283) (62 -0.578) (68 -0.253) (80 -0.272) (85 -0.252) 
    0.057422   (62 0.516) (72 -0.297) 
    0.056244   (68 0.48) (76 -0.298) (77 -0.295) 
    0.054021   (65 -0.327) (66 -0.317) (72 0.334) (80 0.295) (81 0.3) (98 -0.3) 
    0.049744   (65 0.333) (66 0.433) (76 0.334) (77 0.304) (98 -0.315) 
    0.048258   (65 -0.279) (66 -0.429) (68 0.311) (72 -0.272) 
    0.046894   (72 0.233) (76 -0.376) (77 -0.235) (80 -0.288) (81 -0.289) (83 0.257) (88 0.287) 
     0.04515   (33 -0.788) (40 -0.431) 
    0.042855   (33 0.499) (39 0.296) (40 -0.701) 
    0.042031   (75 0.388) (85 -0.336) (88 0.237) (98 0.309) (118 0.223) (124 -0.289) 
    0.041343   (48 -0.565) (49 -0.353) (50 0.38) (75 -0.34) 
    0.038671   (48 0.447) (75 -0.558) 
    0.031853   (18 0.401) (23 0.555) (29 0.477) 
    0.029443   (18 0.679) (23 -0.505) 
    0.027928   (18 -0.419) (23 -0.391) (39 0.443) 
     0.02575   (23 0.387) (28 -0.357) (29 -0.539) (39 0.375) 
     0.02142   (39 -0.501) (75 0.307) (85 0.385) (88 -0.461) 
    0.021377   (121 0.323) (125 0.321) (131 0.661) (133 -0.339) 
    0.020669   (127 0.578) (160 -0.809) 
    0.018851   (127 0.577) (160 0.313) (161 0.754) 
    0.016422   (127 0.577) (160 0.497) (161 -0.648) 
    0.015409   (15 0.424) (16 -0.669) (17 0.474) 
    0.014819   (138 0.995) 
