 1 1000
 2 609.648
 3 1.58095
 4 1000
 5 740.873
 6 12.9596
 7 1000
 8 40.3852
 9 957.872
 10 921.124
 11 27.7052
 12 478.539
 13 1000
 14 999.826
 15 0.813915
 16 1000
 17 999.694
 18 0.832305
 19 1000
 20 996.268
 21 3.80717
 22 1000
 23 999.12
 24 1.30862
 25 221.804
 26 285.534
 27 5.76723
 28 996.03
 29 455.345
 30 74.4589
 31 458.761
 32 255.533
 33 411.644
 34 209.337
 35 330.678
 36 126.333
 37 994.616
 38 999.424
 39 2.11117
 40 602.785
 41 976.328
 42 1.67603
 43 475.5
 44 882.903
 45 6.30736
 46 998.584
 47 944.908
 48 57.3299
 49 932.785
 50 199.609
 51 373.913
 52 129.424
 53 961.663
 54 295.015
 55 137.777
 56 260.3
 57 731.047
 58 93.2586
 59 209.308
 60 106.32
 61 22.3773
 62 1.73736
 63 469.01
 64 204.169
 65 2.04868
 66 589.248
 67 910.691
 68 91.5924
 69 999.991
 70 1000
 71 998.652
 72 2.3519
 73 999.847
 74 104.987
 75 896.978
 76 964.504
 77 9.14286
 78 819.215
 79 998.656
 80 95.8732
 81 902.21
 82 988.684
 83 683.385
 84 1.92895
 85 132.581
 86 2.30025
 87 989.012
 88 1.85605
 89 1.74164
 90 2.0856
 91 7.76691
 92 469.18
 93 795.963
 94 424.636
 95 773.002
 96 875.186
 97 310.539
 98 228.067
 99 133.916
 100 659.265
 101 933.524
 102 92.749
 103 179.233
 104 151.863
 105 130.684
 106 175.846
 107 172.793
 108 174.245
 109 125.668
 110 91.5354
 111 187.29
 112 205.14
 113 188.057
 114 173.979
 115 168.287
 116 125.54
 117 182.293
 118 189.785
 119 155.231
 120 111.173
 121 115.386
 122 49.258
 123 43.0855
 124 37.5096
 125 31.656
 126 43.936
 127 24.8916
 128 83.1452
 129 55.2917
 130 48.5032
 131 21.2348
 132 19.6835
 133 19.7674
 134 29.0171
 135 8.94793
 136 40.5769
 137 10.8447
 138 9.40045
 139 8.73401
 140 11.6116
 141 11.1386
 142 8.8346
 143 8.78304
 144 17.6004
 145 15.7838
 146 11.5143
 147 10.2648
 148 16.7685
 149 16.0181
 150 11.3979
 151 13.3769
 152 19.4223
 153 24.8375
 154 14.0162
 155 19.1471
 156 20.8641
 157 34.1184
 158 0.394938
 159 0.0705037
 160 2.7429
 161 18.5937
 162 52.7612
 163 60.2382
 164 130.555
 165 2.29426
