 1 75081.1
 2 631.715
 3 1.6084
 4 439928
 5 758.912
 6 13.2547
 7 1.12355e+06
 8 66.142
 9 1584.8
 10 2670.43
 11 42.5342
 12 736.874
 13 1.49748e+06
 14 11269.8
 15 0.814005
 16 855922
 17 5456.51
 18 0.893727
 19 238403
 20 3243.17
 21 10.4027
 22 415896
 23 4381.18
 24 2.88948
 25 236.647
 26 318.355
 27 6.36946
 28 3493.25
 29 494.823
 30 80.5543
 31 462.797
 32 259.953
 33 419.149
 34 219.703
 35 342.574
 36 131.233
 37 1514.7
 38 3247.96
 39 3.15032
 40 941.601
 41 5264.97
 42 1.75437
 43 648.12
 44 1549.81
 45 9.92382
 46 3719.69
 47 3267.14
 48 181.591
 49 1965.22
 50 201.807
 51 478.796
 52 165.513
 53 3476.29
 54 336.926
 55 173.547
 56 332.883
 57 735.94
 58 94.8015
 59 212.36
 60 107.957
 61 22.4007
 62 1.73748
 63 479.572
 64 204.755
 65 2.06378
 66 600.531
 67 3556.26
 68 343.193
 69 109436
 70 542267
 71 3284.05
 72 3.85827
 73 19449
 74 511.359
 75 4300.92
 76 5264.97
 77 17.4248
 78 1554.59
 79 7587.61
 80 249.81
 81 2158.8
 82 2722.3
 83 839.46
 84 2.02887
 85 155.32
 86 2.40719
 87 3286.43
 88 1.85621
 89 1.74166
 90 2.08582
 91 8.1485
 92 516.616
 93 997.722
 94 463.535
 95 985.215
 96 1265.21
 97 321.908
 98 229.782
 99 134.551
 100 757.674
 101 1500.75
 102 96.6778
 103 181.323
 104 153.475
 105 131.399
 106 176.863
 107 173.826
 108 175.055
 109 126.503
 110 92.7732
 111 187.96
 112 205.88
 113 188.607
 114 174.238
 115 168.665
 116 126.002
 117 182.591
 118 190.04
 119 155.356
 120 111.808
 121 115.942
 122 49.6881
 123 43.2954
 124 37.7178
 125 32.0654
 126 44.3269
 127 25.6676
 128 83.8158
 129 55.7633
 130 49.2576
 131 21.3553
 132 19.7958
 133 19.8763
 134 29.474
 135 9.04494
 136 40.8076
 137 10.9725
 138 9.49354
 139 8.85724
 140 11.7574
 141 11.4831
 142 8.98367
 143 8.92272
 144 17.7685
 145 15.9403
 146 11.6552
 147 10.4379
 148 16.9585
 149 16.224
 150 11.5266
 151 13.5611
 152 19.6425
 153 25.3948
 154 14.2794
 155 19.3281
 156 20.9632
 157 34.2928
 158 0.477219
 159 0.0720118
 160 2.80364
 161 19.7829
 162 60.8401
 163 63.051
 164 132.783
 165 2.31408
