 1 31.6228
 2 24.5834
 3 0.955198
 4 31.6228
 5 26.9636
 6 1.41205
 7 31.6228
 8 2.24348
 9 30.361
 10 30.1018
 11 2.1659
 12 21.0006
 13 31.6228
 14 31.6194
 15 0.902167
 16 31.6228
 17 31.6163
 18 0.905162
 19 31.6228
 20 31.5165
 21 1.03083
 22 31.6228
 23 31.5996
 24 0.931975
 25 14.4919
 26 16.2372
 27 1.24848
 28 31.5482
 29 19.8199
 30 4.14866
 31 21.2794
 32 10.5556
 33 16.346
 34 14.1736
 35 15.6903
 36 6.66756
 37 31.5286
 38 31.6072
 39 1.31327
 40 24.3486
 41 31.1923
 42 1.28524
 43 21.2442
 44 29.277
 45 1.49481
 46 31.587
 47 29.967
 48 3.1846
 49 30.3203
 50 13.6001
 51 17.1844
 52 6.92168
 53 30.8492
 54 17.0002
 55 7.89659
 56 13.4446
 57 26.3862
 58 9.09177
 59 11.9982
 60 6.79092
 61 4.48868
 62 1.31365
 63 21.3865
 64 13.3148
 65 0.99205
 66 23.7055
 67 28.9321
 68 4.24327
 69 31.6225
 70 31.6228
 71 31.5884
 72 1.32195
 73 31.6193
 74 4.66144
 75 28.523
 76 30.9841
 77 1.61369
 78 28.3635
 79 31.5921
 80 4.39447
 81 28.7236
 82 31.4126
 83 25.5652
 84 1.30549
 85 11.2555
 86 1.3799
 87 31.3667
 88 1.20079
 89 1.12982
 90 1.3438
 91 2.35732
 92 20.0442
 93 26.6103
 94 17.262
 95 26.2315
 96 28.6777
 97 16.1899
 98 13.7224
 99 9.39266
 100 24.8359
 101 30.2022
 102 8.46811
 103 12.7846
 104 11.5901
 105 10.645
 106 12.797
 107 12.6243
 108 12.6651
 109 10.424
 110 8.24581
 111 13.0413
 112 13.9708
 113 13.2846
 114 12.6567
 115 12.2535
 116 10.0833
 117 12.7283
 118 13.1423
 119 11.7788
 120 9.85682
 121 10.3143
 122 6.79349
 123 6.45664
 124 5.83077
 125 5.41777
 126 6.43595
 127 4.46947
 128 8.68986
 129 6.84354
 130 6.5269
 131 4.33452
 132 4.3529
 133 4.35601
 134 5.30005
 135 2.7734
 136 6.30463
 137 3.14063
 138 2.93815
 139 2.82459
 140 3.29147
 141 3.08936
 142 2.73898
 143 2.75787
 144 4.07508
 145 3.88355
 146 3.27916
 147 3.07187
 148 3.95548
 149 3.88797
 150 3.24702
 151 3.51038
 152 4.31355
 153 4.87113
 154 3.61674
 155 4.26685
 156 4.45502
 157 5.75881
 158 0.313573
 159 0.209888
 160 1.37208
 161 3.55108
 162 6.37796
 163 6.95345
 164 10.8952
 165 0.692818
