 Smallest eigenvalues
  6.6779e-07   (9 1) 
  8.9003e-07   (46 0.619) (45 -0.609) (43 -0.257) (47 0.242) (38 0.186) (40 0.116) (44 -0.102) (37 0.102) (42 0.091) (41 -0.0901) (50 0.0674) (49 -0.0659) (30 0.0614) (51 0.0513) (58 0.0502) (36 -0.0426) (57 -0.0384) (158 -0.0343) (14 -0.0332) (35 0.0332) (18 -0.0327) (52 0.031) (54 0.0306) (75 -0.028) (77 -0.0265) (56 0.0236) (74 0.0225) (26 0.0219) (20 -0.0219) (94 -0.0202) (11 0.0197) (73 -0.0185) (31 -0.0175) (19 -0.0169) (27 -0.0169) (32 0.0158) (29 0.0145) (23 -0.0141) (33 -0.0121) (39 -0.0114) (99 0.0106) (53 -0.0104) 
  1.1683e-06   (158 -0.999) (46 -0.0212) (45 0.021) 
  1.8441e-06   (5 1) 
  2.2731e-06   (41 -0.791) (38 0.317) (40 0.258) (42 -0.229) (43 0.227) (45 0.205) (154 -0.126) (44 0.119) (37 0.0987) (47 0.0679) (30 0.0595) (36 -0.0432) (35 0.0339) (18 -0.0309) (49 -0.0295) (14 -0.0288) (75 -0.0288) (51 0.0278) (58 0.0272) (26 0.0247) (39 -0.0246) (57 -0.0206) (52 0.0204) (20 -0.0189) (31 -0.0182) (11 0.0169) (34 0.0168) (94 -0.0159) (33 -0.0143) (54 0.0138) (46 0.0138) (19 -0.0134) (73 -0.0124) (27 -0.0117) (23 -0.0114) (99 0.0105) (28 0.01) 
  2.4044e-06   (154 -0.992) (41 0.101) (38 -0.0404) (40 -0.0328) (42 0.0291) (43 -0.0289) (45 -0.026) (44 -0.0151) (37 -0.0126) 
  4.1946e-06   (2 -1) 
  9.1163e-06   (152 0.98) (33 -0.128) (32 0.119) (34 0.0763) (30 0.0472) (37 -0.0128) (38 -0.0109) (31 -0.0103) 
  1.3319e-05   (33 0.631) (32 -0.586) (34 -0.377) (30 -0.233) (152 0.199) (37 0.0634) (38 0.0539) (31 0.0509) (26 -0.0431) (36 -0.0392) (18 0.0364) (53 -0.0358) (35 0.0351) (14 0.0244) (29 0.0238) (20 0.0229) (28 -0.0223) (41 -0.0202) (45 -0.0193) (19 0.0185) (40 0.0173) (75 0.0163) (56 0.0139) (58 -0.013) (22 -0.0124) (27 0.0123) (47 -0.0118) (94 0.0118) (11 -0.0116) (48 -0.0114) (44 -0.0111) (52 -0.0105) (23 0.0102) 
  4.5726e-05   (25 0.877) (51 -0.34) (26 -0.238) (20 -0.101) (24 0.0898) (27 -0.0668) (50 -0.0668) (19 -0.0634) (49 0.0608) (32 0.0521) (53 -0.0496) (45 -0.0393) (47 -0.0391) (29 0.0363) (23 -0.0359) (18 0.0343) (56 -0.032) (31 -0.031) (40 0.0303) (58 0.0285) (13 0.0274) (33 0.0273) (39 -0.0255) (21 0.0254) (34 -0.0232) (71 0.0232) (77 -0.0229) (37 -0.0205) (72 0.0205) (75 -0.0181) (79 -0.0173) (57 -0.0162) (38 0.0161) (54 0.0147) (68 0.0145) (43 0.0143) (63 -0.0118) (69 0.0117) (66 -0.0104) 
  8.7517e-05   (151 -0.973) (51 -0.198) (25 -0.0799) (49 0.0336) (50 -0.0334) (53 -0.0317) (26 0.0253) (56 -0.0238) (38 0.0229) (47 -0.0174) (58 0.0162) (57 -0.014) (45 -0.0105) 
  0.00012198   (51 0.844) (25 0.333) (151 -0.229) (49 -0.143) (50 0.142) (53 0.135) (26 -0.106) (56 0.102) (38 -0.0975) (47 0.0742) (58 -0.0693) (57 0.06) (45 0.0447) (71 -0.0353) (40 -0.0336) (43 0.0327) (75 0.0316) (54 -0.0311) (77 0.0302) (72 -0.03) (18 0.0298) (24 0.0295) (30 -0.0271) (44 0.0268) (69 -0.0255) (20 -0.0252) (94 0.0249) (79 0.0221) (68 -0.0195) (81 0.0189) (33 0.0187) (27 -0.0185) (36 0.0178) (32 0.0176) (73 0.0164) (63 0.0163) (19 -0.0154) (34 -0.015) (35 -0.0138) (14 0.0137) (39 -0.0135) (21 0.0134) (13 0.0127) (59 0.0125) (29 0.0117) (99 -0.0113) (64 0.0103) 
  0.00016405   (1 1) 
  0.00017204   (11 0.988) (14 0.124) (18 0.0416) (15 0.0382) (17 -0.034) (13 0.0285) (20 0.0269) (23 0.0237) (30 -0.0226) (38 -0.0212) (19 0.0211) (37 -0.0153) (27 0.0122) (26 -0.012) (40 -0.0114) (16 -0.011) (21 0.0104) 
  0.00018672   (161 1) 
  0.00021839   (3 1) 
  0.00022936   (15 -0.847) (14 -0.487) (17 -0.11) (18 0.0908) (11 0.0818) (13 -0.0791) (20 0.0549) (23 0.0488) (19 0.0428) (16 -0.0381) (30 -0.0316) (27 0.0231) (38 -0.0218) (26 -0.0164) (37 -0.0154) (21 0.0138) (45 0.011) (22 -0.0103) 
  0.00026595   (160 1) 
  0.00027284   (7 1) 
  0.00028045   (24 -0.735) (23 -0.618) (20 -0.136) (22 0.113) (26 -0.0979) (18 -0.0898) (21 -0.085) (19 -0.0836) (157 0.0541) (34 0.0479) (14 -0.0418) (30 -0.0395) (37 -0.0361) (27 0.0341) (11 0.0257) (15 -0.0219) (53 -0.0199) (41 0.0149) (56 0.0148) (28 -0.0142) (32 -0.014) (33 0.0137) (25 0.0127) (17 0.012) 
  0.00028589   (157 0.999) (24 0.0398) (23 0.0335) 
  0.00030237   (6 -1) 
  0.00030688   (17 0.97) (16 0.175) (14 -0.0933) (20 0.0644) (15 -0.0606) (18 0.0477) (21 0.0451) (19 0.0439) (11 0.0435) (27 0.0249) (159 0.0216) (37 -0.0129) (30 -0.0128) (25 0.0124) (13 -0.0122) (41 0.0104) 
  0.00030913   (159 1) (17 -0.021) 
  0.00032895   (73 -0.774) (57 0.368) (58 -0.347) (75 0.225) (74 -0.13) (56 -0.122) (54 -0.104) (38 0.0853) (37 0.0608) (40 0.0602) (70 0.0541) (52 -0.0537) (45 -0.0514) (49 0.0492) (46 -0.0434) (47 -0.039) (30 0.0389) (36 -0.0385) (18 -0.0384) (96 0.0375) (53 -0.0359) (76 -0.0341) (89 -0.0338) (67 -0.0305) (48 0.0301) (39 -0.03) (43 -0.029) (35 0.0289) (41 0.028) (26 0.0272) (14 -0.0265) (78 -0.0228) (77 0.0219) (88 -0.0205) (31 -0.0202) (112 -0.0181) (122 0.0176) (99 0.0169) (66 0.0167) (68 0.0161) (102 -0.0161) (124 -0.0158) (71 -0.0153) (42 -0.0147) (92 -0.0147) (11 0.0143) (120 -0.0135) (87 -0.0129) (59 0.0125) (80 0.0121) (50 0.0118) (115 0.0113) (19 -0.0109) (127 -0.0108) (13 -0.0104) (20 -0.0104) 
  0.00035626   (73 0.508) (57 0.495) (58 -0.489) (70 -0.207) (38 0.145) (67 -0.141) (75 -0.141) (56 -0.141) (153 0.125) (49 0.123) (54 -0.105) (45 -0.105) (47 -0.101) (37 0.0869) (40 0.084) (74 0.0805) (46 -0.0753) (66 0.0746) (30 0.0654) (69 -0.0589) (71 0.0567) (52 -0.0511) (36 -0.0492) (18 -0.0465) (68 0.0446) (55 0.0441) (42 0.0432) (14 -0.0417) (26 0.0376) (35 0.0372) (48 0.0296) (122 -0.0281) (31 -0.0268) (53 -0.0249) (82 0.0244) (11 0.024) (20 -0.0237) (41 0.0218) (39 -0.0209) (89 -0.0207) (43 -0.0204) (19 -0.0193) (112 -0.0193) (78 0.0187) (59 0.018) (127 -0.0171) (115 0.0164) (76 0.0163) (80 -0.0138) (17 0.0137) (72 -0.0135) (113 0.0128) (27 -0.0124) (130 -0.0123) (64 0.0122) (121 -0.0117) (21 -0.0116) (126 -0.0115) (29 0.0107) (99 0.0107) (133 -0.0103) 
  0.00038855   (153 0.992) (57 -0.0655) (58 0.0644) (73 -0.0578) (70 0.0254) (38 -0.0194) (56 0.0189) (67 0.0179) (75 0.016) (49 -0.016) (54 0.0142) (45 0.0138) (47 0.0132) (155 0.0121) (37 -0.0117) (40 -0.0113) (46 0.01) 
  0.00041946   (21 0.932) (18 -0.241) (20 -0.212) (19 -0.104) (47 -0.0611) (25 -0.0556) (49 -0.0476) (26 -0.0432) (22 -0.0417) (24 -0.0413) (14 -0.0219) (45 -0.021) (48 -0.018) (16 -0.0177) (23 0.0175) (46 -0.0175) (42 0.0145) (17 -0.012) (57 -0.0106) (15 -0.0102) 
  0.00046263   (47 -0.635) (49 -0.502) (150 -0.373) (45 -0.22) (48 -0.171) (46 -0.169) (38 0.169) (40 0.114) (37 0.0956) (21 -0.0882) (57 -0.0696) (58 0.0683) (54 0.0682) (30 0.066) (55 -0.0631) (42 0.0578) (53 0.0432) (36 -0.043) (56 0.0416) (26 0.0374) (14 -0.0352) (52 0.034) (35 0.0335) (43 -0.0274) (31 -0.0268) (73 -0.0217) (51 0.0207) (11 0.0195) (41 0.0189) (39 -0.0173) (18 -0.0159) (75 -0.0153) (50 -0.0147) (27 -0.0118) (44 -0.0106) (112 -0.0105) 
  0.00054077   (150 -0.928) (47 0.255) (49 0.201) (45 0.0884) (48 0.0685) (46 0.0678) (38 -0.0678) (40 -0.0457) (37 -0.0385) (21 0.0336) (57 0.0279) (58 -0.0274) (54 -0.0273) (30 -0.0266) (55 0.0253) (42 -0.0232) (53 -0.0174) (36 0.0173) (56 -0.0167) (26 -0.015) (14 0.0142) (52 -0.0136) (35 -0.0135) (43 0.011) (31 0.0108) 
  0.00054862   (52 -0.799) (42 -0.341) (53 0.238) (49 0.237) (50 0.17) (54 0.15) (43 -0.138) (47 -0.127) (45 -0.117) (57 -0.0888) (56 0.0756) (58 0.0749) (46 -0.0653) (38 0.0429) (37 0.0353) (70 -0.0257) (36 -0.0255) (41 0.0233) (18 -0.0197) (30 0.0194) (35 0.0187) (147 0.017) (40 -0.0154) (26 0.0154) (48 0.0142) (14 -0.013) (67 -0.0112) (25 0.0108) 
  0.00060043   (147 0.787) (42 0.506) (52 -0.214) (43 0.179) (40 0.115) (45 0.102) (38 0.0851) (53 0.0546) (47 0.0535) (37 0.0446) (30 0.0302) (58 0.0283) (57 -0.0275) (50 0.0264) (54 0.0232) (39 -0.0225) (56 0.0211) (46 0.0207) (26 0.019) (73 -0.0181) (41 0.017) (48 0.0169) (14 -0.0144) (31 -0.0136) (18 -0.0133) (20 -0.0114) (70 0.01) 
  0.00061428   (42 -0.637) (147 0.616) (52 0.295) (43 -0.225) (40 -0.146) (45 -0.126) (38 -0.11) (53 -0.0763) (47 -0.0648) (37 -0.0581) (30 -0.0392) (50 -0.0384) (58 -0.0381) (57 0.0375) (54 -0.0338) (56 -0.029) (39 0.0287) (26 -0.0247) (46 -0.0246) (73 0.0233) (41 -0.0224) (48 -0.022) (14 0.0188) (18 0.0176) (31 0.0176) (20 0.0148) (36 0.0135) (70 -0.0122) (94 0.0122) (35 -0.0121) (21 0.0106) (19 0.0106) 
  0.00063006   (70 0.794) (71 -0.367) (72 0.241) (69 0.22) (73 0.172) (49 0.167) (68 -0.122) (38 0.0818) (47 -0.0711) (67 0.0667) (58 -0.0625) (57 0.0547) (37 0.0541) (45 -0.0484) (46 -0.0481) (40 0.0466) (66 -0.0455) (82 0.0389) (52 0.0373) (50 0.0372) (54 -0.0365) (30 0.0353) (56 -0.034) (51 0.0323) (36 -0.0319) (55 -0.0319) (18 -0.0297) (89 -0.0275) (148 -0.0255) (35 0.024) (26 0.0237) (41 0.0235) (14 -0.0231) (75 0.0224) (48 0.0214) (43 -0.0186) (120 -0.0169) (127 -0.0158) (112 -0.0157) (102 -0.0149) (31 -0.0135) (99 0.0132) (124 -0.0132) (95 0.0129) (19 -0.0129) (39 -0.0128) (20 -0.0128) (53 -0.0119) (115 0.0115) (11 0.0111) (91 -0.011) (100 -0.0108) (104 -0.0104) 
  0.00079031   (49 0.604) (148 -0.521) (52 0.308) (47 -0.259) (57 -0.169) (50 0.144) (51 0.14) (70 -0.134) (45 -0.125) (38 0.114) (46 -0.114) (42 0.102) (58 0.0988) (55 -0.0889) (40 0.0871) (56 0.0781) (73 -0.0746) (71 0.0743) (37 0.0619) (72 -0.0511) (54 0.0447) (30 0.041) (69 -0.0402) (53 0.0354) (36 -0.0289) (14 -0.0262) (68 0.0261) (26 0.0253) (18 -0.0241) (35 0.0221) (48 0.0219) (39 -0.0218) (122 -0.0196) (20 -0.0188) (31 -0.0178) (94 -0.0146) (19 -0.0135) (21 -0.0121) (11 0.0117) (82 -0.0114) 
   0.0008021   (148 -0.853) (49 -0.374) (52 -0.189) (47 0.16) (57 0.101) (50 -0.0887) (51 -0.0865) (45 0.0776) (38 -0.0724) (46 0.071) (42 -0.0622) (58 -0.0582) (70 0.0576) (55 0.0552) (40 -0.0547) (56 -0.0464) (73 0.0403) (37 -0.0396) (71 -0.0343) (30 -0.0262) (54 -0.0261) (72 0.024) (53 -0.0212) (36 0.0188) (69 0.0179) (14 0.0168) (26 -0.0163) (18 0.0158) (35 -0.0143) (48 -0.0141) (39 0.0138) (68 -0.0122) (20 0.0119) (122 0.0117) (31 0.0113) 
  0.00096993   (36 -0.791) (35 0.404) (37 -0.222) (18 -0.214) (38 -0.18) (20 -0.155) (23 0.133) (21 -0.104) (19 -0.0987) (14 -0.0642) (40 -0.0637) (26 -0.0437) (30 0.0432) (22 -0.0364) (41 -0.0316) (45 0.0296) (24 -0.0293) (39 0.0256) (11 0.0246) (17 0.0239) (46 0.023) (43 0.0195) (31 -0.0195) (57 -0.0191) (54 0.0171) (13 -0.0163) (42 0.0151) (58 0.0127) (49 -0.0124) (52 0.0115) (47 0.0113) 
   0.0010785   (18 -0.502) (20 -0.425) (23 0.408) (36 0.297) (21 -0.294) (26 -0.258) (19 -0.253) (35 -0.161) (22 -0.117) (30 -0.114) (14 -0.113) (24 -0.106) (25 -0.0756) (17 0.0643) (27 0.0488) (31 0.0483) (11 0.0365) (37 0.0308) (13 -0.025) (144 0.0201) (29 -0.0186) (42 -0.0119) 
   0.0011881   (144 0.999) (145 0.0252) (18 0.011) 
     0.00122   (46 -0.65) (47 0.533) (45 -0.286) (14 -0.225) (38 0.208) (15 0.123) (49 -0.122) (37 0.122) (41 0.107) (40 0.0936) (54 0.0866) (55 -0.0742) (58 0.0717) (52 0.0689) (36 -0.0586) (57 -0.0582) (53 0.0556) (30 0.055) (43 -0.0489) (35 0.0444) (56 0.0431) (39 0.0384) (13 -0.0374) (11 0.037) (44 -0.0297) (70 -0.0276) (42 -0.0259) (75 0.0254) (26 0.0236) (82 0.023) (51 -0.0222) (80 -0.0143) (31 -0.0142) (94 0.0135) (25 0.0128) (20 -0.012) (48 -0.0118) (69 -0.0115) (89 -0.0114) (17 -0.01) 
   0.0013569   (14 -0.772) (15 0.51) (18 0.171) (46 0.163) (13 -0.15) (47 -0.12) (38 -0.0831) (45 0.0799) (26 -0.0682) (17 -0.068) (20 0.064) (30 -0.0612) (19 0.0611) (11 0.0606) (37 -0.056) (40 -0.0446) (21 0.0436) (41 -0.0314) (36 0.0313) (49 0.0247) (31 0.0246) (35 -0.0246) (23 0.0208) (27 0.0201) (24 -0.017) (55 0.0165) (43 0.016) (54 -0.0159) (52 -0.0145) (58 -0.0128) (53 -0.0112) (29 -0.0105) 
   0.0014173   (146 -1) (145 -0.0135) 
   0.0014613   (54 -0.843) (30 0.346) (31 -0.182) (56 0.18) (57 -0.153) (52 -0.114) (53 -0.11) (55 -0.106) (58 0.0935) (32 -0.0813) (33 0.075) (26 0.0605) (18 -0.0598) (48 0.0445) (14 -0.044) (42 -0.0373) (68 0.0294) (70 -0.0283) (46 -0.0282) (36 0.0278) (20 -0.0267) (35 -0.0252) (19 -0.0232) (73 0.0218) (69 -0.0214) (75 0.0211) (11 0.019) (67 -0.0183) (37 -0.0178) (27 -0.0176) (43 -0.0165) (41 0.0164) (34 -0.015) (21 -0.0137) (49 -0.0131) (45 -0.0129) (25 0.0128) (38 -0.0122) (140 0.0113) (13 -0.0112) (29 0.0104) (89 -0.0103) 
   0.0015643   (30 0.714) (54 0.388) (31 -0.378) (32 -0.182) (33 0.17) (38 -0.164) (37 -0.141) (36 0.126) (35 -0.104) (26 0.093) (40 -0.0898) (18 -0.0758) (56 -0.0694) (140 0.0675) (52 0.0625) (14 -0.0573) (53 0.0565) (57 0.0493) (20 -0.0462) (45 0.0397) (55 0.0377) (19 -0.0355) (46 0.0323) (34 -0.0315) (27 -0.031) (58 -0.0309) (41 -0.0286) (47 0.0272) (21 -0.0249) (11 0.0243) (48 -0.0236) (23 -0.0183) (43 0.0151) (29 0.0149) (39 0.0125) (13 -0.0124) (68 -0.0117) (73 -0.0106) (25 0.0102) 
   0.0016307   (140 0.998) (30 -0.0524) (31 0.0277) (54 -0.0166) (32 0.0132) (33 -0.0123) (38 0.0111) 
   0.0017843   (16 -0.739) (27 -0.614) (17 0.151) (26 0.149) (29 -0.0832) (30 -0.0735) (18 -0.0726) (28 -0.0509) (23 -0.0466) (14 -0.0453) (19 -0.0316) (38 -0.0278) (21 -0.0255) (138 -0.0244) (31 0.0229) (37 -0.0211) (36 0.0177) (44 -0.0163) (24 0.0147) (35 -0.0141) (40 -0.0131) (15 0.0131) (11 0.0124) (13 0.0121) (45 0.0117) 
   0.0019578   (27 -0.68) (16 0.632) (138 -0.234) (26 0.177) (29 -0.116) (17 -0.0932) (30 -0.0745) (20 -0.0637) (18 -0.0613) (19 -0.0583) (28 -0.0553) (14 -0.0386) (23 -0.0332) (31 0.0322) (38 -0.0316) (13 -0.0241) (37 -0.0239) (11 0.023) (22 0.0222) (15 -0.0215) (40 -0.0191) (36 0.0185) (24 0.0159) (35 -0.0146) (21 -0.0139) (50 0.0112) (68 0.0101) 
   0.0020714   (138 -0.972) (27 0.179) (16 -0.133) (26 -0.0464) (29 0.0301) (30 0.0197) (17 0.0186) (18 0.0166) (20 0.0155) (19 0.0148) (28 0.0146) (14 0.0104) 
   0.0022437   (29 0.925) (50 0.28) (48 -0.132) (27 -0.123) (72 -0.0589) (51 -0.0588) (45 0.0583) (31 0.0522) (71 0.0508) (32 0.041) (25 -0.0372) (28 -0.0368) (39 0.0333) (49 -0.0331) (53 -0.0318) (70 0.0317) (47 0.0291) (43 0.0286) (22 0.0247) (41 0.024) (52 0.0234) (69 0.0208) (58 -0.0194) (26 0.0166) (18 -0.0161) (56 0.016) (14 -0.0155) (42 -0.0152) (66 -0.0148) (82 0.0146) (132 -0.0143) (40 -0.0139) (16 0.0133) (38 -0.0129) (35 -0.0126) (74 0.0123) (60 0.0118) (81 0.0116) (46 0.0115) (19 -0.0107) (77 0.0101) 
   0.0022872   (72 -0.583) (71 0.504) (70 0.314) (50 -0.278) (69 0.205) (77 0.197) (132 -0.185) (66 -0.133) (68 -0.117) (48 0.0984) (133 -0.0898) (82 0.088) (43 -0.0766) (76 -0.0766) (55 0.0635) (67 -0.0601) (51 0.0596) (58 -0.0591) (57 -0.0578) (96 -0.0522) (81 0.0491) (38 0.0429) (52 -0.0414) (79 0.04) (88 0.0327) (63 -0.0327) (73 0.0311) (94 0.0298) (61 0.0297) (49 0.0296) (65 -0.0283) (75 -0.0261) (39 0.0258) (130 -0.0255) (41 -0.0245) (44 -0.0243) (46 -0.024) (92 0.0224) (89 -0.0222) (84 0.0222) (85 0.0217) (56 -0.0193) (80 0.0188) (47 -0.0183) (30 0.0174) (42 0.0163) (128 -0.0159) (83 -0.0149) (45 -0.0147) (101 0.0145) (37 0.0144) (59 -0.0136) (117 0.0134) (95 -0.0132) (29 0.0131) (60 0.0123) (91 -0.0118) (20 -0.0116) (78 0.0116) (98 0.011) (115 -0.0102) (74 -0.0101) 
   0.0023525   (50 -0.634) (132 -0.396) (48 0.324) (29 0.289) (72 0.23) (133 -0.208) (71 -0.208) (51 0.137) (70 -0.135) (43 -0.112) (53 0.0733) (58 0.0721) (69 -0.0679) (47 -0.0678) (49 0.0639) (45 -0.0588) (52 -0.0561) (41 -0.0546) (77 -0.0535) (56 -0.0524) (82 -0.0501) (27 -0.0496) (42 0.0452) (66 0.0412) (40 0.041) (39 -0.0371) (130 -0.0353) (46 -0.0327) (76 0.0295) (57 -0.0281) (68 0.0275) (81 -0.0247) (44 0.0222) (25 -0.0208) (96 0.0208) (73 -0.0204) (60 -0.0199) (74 -0.0197) (88 -0.0195) (63 0.0176) (18 -0.0175) (37 -0.0172) (79 -0.0168) (54 0.0168) (94 -0.0164) (38 -0.0163) (65 0.0155) (28 -0.0148) (61 -0.014) (115 -0.0128) (110 0.012) (55 0.0116) (91 0.0115) (102 0.0112) (13 -0.0104) 
   0.0024152   (132 -0.766) (133 -0.407) (50 0.388) (48 -0.188) (29 -0.169) (51 -0.0837) (43 0.076) (130 -0.047) (49 -0.0394) (47 0.0388) (53 -0.0385) (52 0.0385) (41 0.0337) (45 0.0329) (56 0.0312) (27 0.0303) (57 0.0282) (42 -0.027) (46 0.0225) (58 -0.0224) (55 -0.0213) (72 0.0209) (40 -0.0194) (77 -0.0189) (69 -0.0142) (71 -0.014) (68 0.0138) (67 0.0131) (74 0.0123) (39 0.0122) (128 -0.0114) (25 0.0109) (66 0.0108) 
   0.0025597   (18 -0.632) (20 0.625) (19 0.233) (55 -0.208) (22 0.207) (13 -0.141) (26 -0.128) (25 0.086) (58 -0.075) (31 0.0593) (57 -0.0565) (39 0.0463) (40 -0.0412) (12 0.0285) (17 -0.0282) (54 0.0258) (16 0.0249) (53 0.0231) (82 -0.0217) (36 0.0187) (46 0.0185) (14 -0.018) (23 -0.0165) (43 0.0159) (96 0.0157) (122 0.0154) (72 -0.0142) (56 -0.0138) (67 -0.0135) (35 -0.0129) (71 0.012) (15 0.012) (126 -0.0118) (29 -0.0116) (21 0.0113) (47 0.0112) (45 0.0108) (28 0.0107) 
   0.0027422   (58 0.729) (57 0.629) (55 0.114) (18 -0.0852) (20 0.072) (56 -0.0627) (96 0.0624) (39 -0.0582) (72 -0.0581) (71 0.0561) (82 -0.0546) (67 -0.05) (54 -0.0496) (69 0.0431) (50 0.0421) (68 -0.0386) (40 0.0375) (49 0.0373) (126 -0.0294) (78 -0.0292) (13 -0.029) (51 0.0281) (19 0.0265) (134 -0.0261) (59 -0.0255) (88 -0.0248) (47 -0.0244) (46 -0.0243) (22 0.0238) (63 -0.0225) (53 -0.022) (98 -0.0196) (70 0.0195) (80 0.0181) (73 0.018) (43 -0.0175) (87 -0.0171) (77 0.0168) (106 0.0167) (92 -0.0163) (95 0.0156) (41 0.0153) (97 -0.0141) (122 -0.0124) (31 -0.0118) (91 0.0117) (127 -0.0115) (44 0.0109) 
   0.0028019   (134 -0.81) (55 0.538) (57 -0.088) (18 -0.0824) (56 0.0701) (39 0.0693) (20 0.0671) (38 0.0587) (48 -0.0575) (53 -0.0499) (82 0.0364) (72 0.0336) (58 -0.0323) (71 -0.0305) (37 0.0299) (54 -0.0287) (67 0.0279) (46 -0.0276) (41 0.0258) (22 0.024) (30 0.0235) (49 0.0235) (19 0.0213) (69 -0.0203) (44 -0.019) (25 0.0189) (96 -0.0187) (40 -0.0177) (68 0.0176) (47 -0.0168) (45 -0.0163) (52 0.016) (43 0.0158) (75 0.015) (94 0.0137) (73 -0.013) (50 -0.0123) (14 -0.0121) (80 -0.0117) (51 0.0114) (133 -0.0112) (122 -0.0112) (31 0.0111) (98 0.011) (70 -0.0103) 
   0.0031162   (55 -0.747) (134 -0.585) (18 0.117) (20 -0.0957) (56 -0.0936) (39 -0.0918) (57 0.0912) (38 -0.0802) (48 0.0786) (53 0.0698) (82 -0.0506) (126 -0.0468) (72 -0.0444) (54 0.0421) (37 -0.0415) (71 0.04) (46 0.0392) (67 -0.0366) (41 -0.0362) (49 -0.0342) (22 -0.0341) (96 0.0324) (30 -0.0324) (19 -0.0305) (69 0.0264) (25 -0.0262) (44 0.0255) (47 0.0244) (68 -0.0228) (45 0.0226) (52 -0.0224) (40 0.0222) (75 -0.0211) (122 0.0209) (94 -0.0208) (43 -0.0207) (98 -0.0182) (73 0.0175) (51 -0.0171) (14 0.0169) (80 0.0159) (50 0.0148) (31 -0.0144) (88 -0.0143) (124 -0.0137) (70 0.0135) (92 -0.0132) (36 0.0129) (13 0.0125) (26 0.0118) (35 -0.011) (127 -0.0108) (58 0.0103) (95 0.0103) 
   0.0033802   (39 -0.587) (40 -0.578) (67 -0.352) (38 0.342) (82 -0.122) (66 0.117) (37 0.0992) (45 0.081) (57 -0.076) (44 0.0629) (68 0.0523) (36 -0.0454) (70 0.0447) (85 -0.0408) (88 0.0361) (35 0.0324) (54 0.0312) (96 -0.0311) (47 0.0294) (49 -0.0294) (46 0.0291) (55 0.0279) (52 0.0272) (30 0.0266) (41 0.0253) (94 0.025) (58 0.024) (131 -0.024) (48 0.0216) (56 0.0211) (84 0.0164) (83 -0.0162) (42 0.0161) (22 0.0148) (92 0.0143) (18 -0.013) (29 0.0128) (73 -0.012) (19 -0.0116) (14 -0.0113) (87 0.0112) (71 -0.0104) (20 -0.0102) 
   0.0036487   (82 -0.813) (67 0.349) (131 -0.262) (85 -0.16) (88 0.143) (96 -0.136) (66 -0.119) (94 0.109) (68 -0.0805) (83 -0.0781) (92 0.0678) (84 0.0649) (89 -0.0617) (80 0.0616) (58 -0.0574) (91 -0.0491) (87 0.0473) (72 -0.043) (38 0.038) (112 -0.0356) (69 0.0342) (110 -0.0341) (100 -0.0338) (97 0.0313) (71 0.0286) (106 0.0284) (75 -0.0256) (55 0.0251) (57 0.025) (73 0.0235) (54 -0.0226) (98 0.0225) (90 -0.0222) (70 -0.0207) (37 0.0201) (102 -0.0201) (103 0.0198) (105 0.0192) (124 -0.019) (99 0.0173) (130 -0.0172) (95 -0.017) (115 0.0168) (45 -0.0167) (113 0.0162) (107 0.0154) (30 0.0153) (79 -0.0147) (46 -0.0134) (36 -0.0121) (52 -0.0119) 
   0.0037818   (67 0.609) (131 -0.496) (82 0.392) (39 -0.257) (66 -0.202) (40 -0.176) (38 0.116) (88 -0.105) (70 -0.0995) (85 0.0954) (96 0.0922) (48 0.0877) (57 0.0615) (68 -0.0615) (94 -0.06) (44 0.0531) (83 0.0477) (92 -0.0396) (84 -0.0348) (37 0.0347) (87 -0.0319) (106 -0.0313) (73 0.0261) (50 0.0242) (43 -0.0231) (71 0.0221) (130 -0.022) (18 -0.021) (36 -0.0206) (95 0.017) (89 0.0169) (100 0.0166) (55 -0.0163) (65 0.0159) (58 -0.0151) (74 0.0148) (35 0.0147) (49 -0.0146) (91 0.0144) (56 -0.0144) (42 0.0135) (105 -0.0129) (47 -0.0126) (97 -0.0125) (127 -0.0124) (31 -0.012) (69 -0.012) (13 -0.0119) (110 0.0117) (101 -0.011) (102 0.0109) (51 -0.0104) (54 -0.0103) 
    0.003997   (131 -0.826) (67 -0.466) (39 0.169) (66 0.156) (40 0.126) (38 -0.0927) (70 0.0645) (68 0.0616) (48 -0.0547) (57 -0.0427) (130 -0.0367) (44 -0.0334) (37 -0.0306) (82 0.0292) (58 0.0274) (73 -0.0228) (71 -0.0222) (88 0.0182) (36 0.0178) (50 -0.0178) (72 0.0162) (96 -0.0159) (80 -0.0146) (18 0.0145) (43 0.0143) (35 -0.0129) (54 0.0128) (30 -0.0115) (106 0.0112) (56 0.011) (65 -0.0102) 
   0.0040896   (98 0.545) (106 0.275) (108 0.267) (107 -0.256) (100 -0.248) (113 0.228) (125 0.217) (102 -0.207) (112 0.2) (103 -0.198) (124 -0.193) (99 -0.178) (110 0.172) (94 -0.124) (101 -0.112) (149 -0.0982) (116 0.0958) (105 0.0897) (115 0.0768) (123 0.0714) (121 0.0648) (96 0.0627) (114 0.0588) (88 -0.0587) (92 0.058) (75 0.0531) (48 0.0481) (97 0.045) (126 0.0414) (142 0.0371) (89 0.0343) (91 0.0324) (109 0.0307) (122 -0.0291) (50 0.0282) (68 -0.0275) (80 0.0273) (117 0.0264) (104 0.0263) (74 -0.0242) (78 0.0222) (82 -0.0215) (119 0.0206) (141 -0.0203) (86 0.0201) (111 -0.0185) (81 -0.0176) (69 0.0171) (67 -0.017) (73 0.0164) (87 0.0162) (120 -0.0141) (118 -0.0139) (90 0.0129) (49 -0.0124) (83 0.0119) (127 0.011) 
   0.0040967   (142 0.84) (149 0.444) (141 -0.31) (125 0.0208) (124 -0.0182) 
   0.0041814   (48 0.791) (50 0.395) (44 0.19) (49 -0.179) (55 0.122) (40 0.119) (68 -0.101) (75 0.0984) (67 -0.0982) (51 -0.0974) (43 -0.0943) (38 -0.0936) (57 -0.0718) (47 -0.0669) (52 0.0649) (125 -0.0635) (69 0.0608) (46 -0.0537) (39 -0.0514) (53 -0.0503) (54 0.0501) (74 -0.0495) (66 0.044) (124 0.043) (106 -0.0421) (82 -0.0409) (108 -0.0405) (73 0.039) (80 0.0382) (22 -0.0351) (45 -0.0337) (72 -0.0336) (37 -0.0335) (65 -0.0288) (121 -0.0275) (78 0.0251) (88 -0.0249) (19 0.0232) (58 -0.0231) (42 0.0227) (13 -0.0227) (56 0.0219) (20 0.0215) (126 -0.021) (41 -0.0209) (18 -0.0202) (123 -0.0199) (100 0.0197) (102 0.0196) (110 -0.0195) (122 0.0192) (70 -0.0179) (112 -0.0179) (113 -0.0175) (149 0.0167) (103 0.0163) (81 -0.0162) (94 -0.0149) (30 -0.0147) (89 0.0144) (101 0.0144) (85 0.0139) (31 -0.0118) (62 0.0116) (105 -0.0112) (64 0.0103) (120 -0.0101) 
   0.0042449   (68 -0.488) (81 -0.344) (44 0.274) (69 0.271) (79 0.247) (80 0.24) (74 -0.228) (83 0.208) (48 -0.197) (70 -0.178) (91 -0.177) (76 0.169) (77 -0.148) (92 0.134) (71 -0.126) (72 -0.0902) (65 -0.0893) (43 -0.0848) (98 -0.0737) (66 0.073) (85 0.0701) (110 -0.0673) (100 -0.0667) (39 -0.0651) (86 0.0617) (107 0.0616) (67 -0.0602) (111 -0.0583) (105 -0.0552) (40 0.0551) (50 -0.0476) (112 0.0431) (49 0.0328) (89 0.0325) (57 -0.0312) (47 0.0294) (54 -0.0286) (99 -0.0285) (38 -0.0285) (64 0.0276) (125 0.027) (87 0.0269) (82 0.0269) (156 -0.0263) (58 -0.0251) (62 0.0245) (104 0.0229) (96 0.0229) (121 0.0228) (113 -0.0225) (115 0.0222) (42 0.0217) (101 0.0212) (41 0.0209) (78 -0.0197) (95 0.0186) (55 0.0148) (116 -0.0146) (90 -0.0145) (123 0.0124) (84 -0.0121) (73 0.0117) (53 -0.011) (97 0.0109) 
   0.0045072   (156 -0.999) (44 -0.0347) (48 0.0135) (43 0.0113) (149 -0.0107) 
   0.0046858   (44 0.787) (43 -0.261) (48 -0.229) (68 0.21) (40 0.194) (39 -0.193) (38 -0.158) (81 0.114) (80 -0.107) (69 -0.103) (70 0.0904) (42 0.0861) (74 0.0787) (71 0.069) (83 -0.0663) (76 -0.0588) (79 -0.0575) (77 0.0529) (47 0.0511) (85 -0.0508) (37 -0.048) (55 0.0448) (110 0.0439) (107 -0.0424) (78 0.0413) (65 0.0404) (82 -0.0372) (96 0.037) (50 -0.0357) (156 -0.0346) (111 0.034) (100 0.033) (45 -0.0319) (30 -0.0314) (66 -0.0306) (104 -0.0294) (105 0.0286) (94 -0.028) (20 0.028) (13 -0.0273) (92 -0.0258) (57 -0.0254) (58 -0.0232) (125 -0.022) (18 -0.0208) (112 -0.0199) (91 0.0194) (98 0.0174) (49 0.0172) (31 -0.017) (19 0.0166) (46 -0.0162) (95 0.0156) (51 -0.0154) (56 0.0146) (101 -0.0145) (121 -0.0145) (72 0.014) (36 0.0136) (25 -0.0131) (22 -0.013) (64 -0.0128) (103 -0.0123) (115 -0.0122) (16 -0.0115) (35 -0.0109) (62 -0.0104) (84 0.0103) 
   0.0047256   (19 -0.838) (20 0.434) (137 -0.299) (18 0.0896) (22 -0.0816) (8 -0.0476) (26 -0.0282) (25 -0.0226) (21 0.0214) (13 0.0201) (27 0.0161) (24 -0.0105) 
   0.0049859   (137 -0.954) (19 0.263) (20 -0.136) (18 -0.0281) (22 0.0256) (8 0.0121) 
   0.0052235   (8 0.999) (19 -0.0439) (20 0.0209) 
    0.005412   (4 -1) 
   0.0056259   (24 0.655) (23 -0.607) (20 -0.211) (18 -0.19) (26 -0.163) (25 -0.151) (19 -0.144) (22 0.123) (21 -0.0872) (14 -0.0856) (27 0.0839) (28 -0.0674) (30 -0.062) (11 0.0412) (38 -0.0329) (143 -0.0256) (15 -0.0231) (37 -0.021) (45 0.019) (33 0.0181) (36 0.0158) (31 0.0139) (35 -0.0131) (13 -0.0128) (40 -0.0119) (75 -0.0112) (17 0.0107) 
   0.0058461   (143 -1) (24 -0.0168) (23 0.0156) 
   0.0060963   (10 -0.936) (28 0.348) (26 0.0305) (30 -0.0225) (23 -0.0171) (27 -0.0139) (20 -0.0128) (29 0.0125) (24 0.0111) 
   0.0064327   (136 -0.947) (28 0.295) (10 0.116) (26 0.0258) (30 -0.0166) (23 -0.0166) (18 -0.0133) (27 -0.0122) (20 -0.0114) (24 0.0112) 
   0.0066383   (28 -0.876) (10 -0.332) (136 -0.321) (26 -0.0765) (30 0.0493) (23 0.0492) (18 0.0395) (27 0.0362) (20 0.0338) (24 -0.0332) (29 -0.0276) (14 0.0236) (33 -0.0183) (38 0.018) (19 0.0178) (32 0.0146) (37 0.0137) (11 -0.0135) 
   0.0069128   (13 0.895) (39 0.253) (14 -0.174) (44 0.174) (40 -0.167) (38 0.113) (18 -0.0849) (12 -0.0637) (20 0.0631) (48 0.0524) (55 -0.0504) (19 0.0475) (57 0.0334) (58 0.0315) (37 0.0302) (42 0.0295) (46 0.0287) (96 -0.0255) (82 0.0249) (16 0.0242) (88 0.0171) (30 0.0164) (72 0.016) (22 -0.0159) (47 -0.015) (80 -0.014) (31 0.012) (73 -0.0117) (56 -0.0115) (15 0.0114) (26 -0.0112) (94 0.0112) (62 0.0111) (70 -0.0106) (17 -0.0105) (65 0.0104) 
   0.0072624   (139 0.996) (39 0.0574) (13 -0.0385) (40 -0.0383) (44 0.0328) (38 0.0269) 
   0.0080517   (39 -0.628) (40 0.419) (44 -0.361) (13 0.361) (38 -0.294) (139 0.093) (48 -0.0903) (55 0.0876) (37 -0.0844) (20 0.0783) (18 -0.0769) (46 -0.0659) (14 -0.0656) (30 -0.0549) (58 -0.0543) (31 -0.0531) (42 -0.0519) (57 -0.0517) (19 0.049) (82 -0.0373) (96 0.0368) (72 -0.0299) (41 -0.0269) (43 -0.0265) (47 0.0253) (25 -0.0238) (79 -0.0225) (16 0.0223) (36 0.0222) (62 -0.0213) (65 -0.0212) (56 0.0209) (60 -0.0198) (73 0.0182) (53 -0.0181) (88 -0.0172) (35 -0.0169) (12 -0.0161) (70 0.0154) (94 -0.0151) (64 -0.0146) (67 -0.0128) (78 -0.0121) (87 -0.0115) (98 -0.0113) (77 0.0113) (17 -0.0113) (45 -0.0108) (92 -0.0107) (32 -0.0101) 
   0.0088328   (12 -0.95) (31 0.261) (30 0.128) (32 -0.0663) (13 -0.0619) (33 -0.0314) (39 -0.0279) (63 0.023) (40 0.0215) (38 -0.0194) (135 0.0185) (26 -0.015) (29 -0.0135) (28 0.011) 
   0.0093295   (135 0.952) (31 0.245) (30 0.124) (12 0.109) (32 -0.0565) (33 -0.0278) (39 -0.02) (26 -0.0175) (40 0.0154) (18 0.0143) (43 0.0134) (13 0.013) (38 -0.0124) (20 -0.0119) (41 0.0108) 

 Largest eigenvalues
      24.788   (163 0.975) 
      14.234   (75 -0.763) (94 0.349) 
      5.9686   (75 0.375) (94 0.733) (96 0.349) 
      2.7128   (94 -0.332) (96 0.718) 
      1.2286   (98 0.325) (124 0.367) (125 -0.654) 
      1.2217   (142 -0.392) (149 0.881) 
      1.1876   (165 -0.998) 
      1.1632   (164 0.993) 
      1.1291   (91 -0.502) (92 -0.628) (102 0.374) 
      1.1137   (102 -0.415) (109 -0.767) 
      1.0358   (102 -0.606) (109 0.49) 
      1.0168   (102 -0.362) (114 -0.295) (115 0.354) (118 0.547) 
      1.0037   (99 0.612) (100 -0.325) (101 -0.569) 
     0.92647   (105 0.587) (107 0.532) 
     0.89182   (110 -0.305) (113 0.29) (114 0.645) 
     0.77307   (114 -0.412) (118 -0.574) 
     0.68359   (108 0.437) (111 -0.544) (112 -0.397) 
     0.67734   (107 -0.308) (108 -0.497) (112 -0.466) 
     0.65916   (113 0.299) (116 -0.569) (123 0.395) (125 -0.412) (133 -0.297) 
     0.60625   (116 0.696) (118 0.289) 
     0.59467   (108 0.561) (110 -0.42) (113 -0.408) 
     0.59125   (106 0.735) (108 -0.345) 
      0.5899   (122 0.367) (126 0.391) (127 -0.312) (128 0.605) 
     0.56116   (126 -0.808) (128 0.402) 
     0.55333   (122 -0.759) (124 0.298) (126 0.363) 
     0.54305   (119 0.462) (120 0.721) 
     0.52849   (121 -0.457) (123 0.55) (127 0.512) 
     0.43009   (119 0.391) (120 -0.447) (121 0.476) 
      0.4133   (119 -0.708) (133 0.296) 
     0.40421   (89 -0.374) (90 -0.876) 
     0.40206   (121 -0.418) (127 -0.501) (133 0.407) 
     0.31852   (97 0.922) 
     0.27981   (98 0.316) (104 -0.393) (105 -0.581) (107 0.444) 
     0.27729   (103 0.817) (105 0.269) 
     0.25515   (98 -0.279) (100 -0.436) (112 -0.296) (113 0.277) (124 0.36) 
     0.24311   (80 -0.257) (84 -0.242) (85 0.626) (100 0.255) (103 -0.218) (124 0.251) 
     0.23029   (80 0.408) (85 -0.29) (100 0.52) 
      0.1999   (79 0.363) (80 -0.519) (85 -0.478) 
     0.15923   (110 -0.355) (111 -0.421) (112 0.38) 
      0.1457   (87 -0.332) (88 -0.55) (91 0.377) (96 -0.342) 
     0.13363   (88 0.429) (95 0.496) (104 -0.417) 
      0.1229   (87 -0.369) (91 -0.5) (92 0.435) (104 -0.298) 
      0.1184   (87 0.673) (88 -0.435) (95 -0.348) 
     0.11131   (84 0.321) (86 -0.631) (91 0.319) (95 -0.384) 
     0.10928   (68 -0.434) (81 0.419) (83 -0.481) 
    0.099105   (65 0.223) (68 0.364) (74 -0.292) (76 0.247) (77 -0.216) (79 0.259) (84 -0.256) (95 -0.284) 
    0.094568   (59 -0.244) (62 0.299) (64 0.256) (65 -0.406) (69 -0.267) (74 0.268) (81 -0.239) 
    0.091473   (59 0.613) (62 -0.348) 
    0.090539   (59 -0.639) (65 0.361) 
    0.087767   (59 0.324) (62 0.322) (74 -0.28) (95 0.295) (104 0.345) 
     0.08639   (62 -0.555) (69 -0.321) 
    0.081929   (62 0.515) (65 0.434) 
    0.076711   (62 -0.254) (64 0.656) (69 0.266) (74 0.21) (83 -0.242) 
    0.072175   (60 -0.62) (61 0.306) (65 -0.31) (69 0.298) 
    0.067033   (60 0.643) (64 -0.339) 
    0.066465   (60 -0.257) (65 0.219) (69 -0.282) (74 -0.226) (115 -0.375) (117 0.233) 
    0.063774   (69 0.259) (74 0.254) (77 -0.312) (81 0.283) (83 0.25) 
      0.0589   (61 -0.538) (66 0.389) 
    0.056447   (61 0.578) (69 -0.24) (71 -0.283) (84 0.243) 
    0.055462   (61 -0.36) (66 -0.581) 
    0.053566   (63 0.322) (66 0.283) (71 0.326) (72 0.274) (81 -0.299) (101 0.262) 
    0.052932   (63 -0.587) (72 -0.256) (74 0.276) (77 -0.237) (81 -0.236) (101 0.259) 
    0.050229   (63 0.636) (66 -0.293) 
    0.045989   (81 0.274) (83 0.289) (84 -0.393) (101 0.25) (117 -0.335) 
    0.042489   (32 0.665) (33 0.592) 
     0.04116   (32 -0.274) (33 -0.251) (41 -0.234) (42 0.218) (43 -0.694) (44 -0.208) (45 0.277) 
    0.040713   (76 0.378) (77 0.288) (117 -0.446) 
    0.039299   (53 0.533) (56 -0.423) (76 -0.295) (77 -0.3) (117 -0.302) 
    0.034747   (53 -0.587) (76 -0.409) (77 -0.383) 
    0.033816   (34 0.724) (37 -0.361) 
    0.031092   (34 -0.529) (37 -0.499) (38 0.321) 
    0.030021   (35 -0.264) (37 0.441) (56 0.261) (89 0.451) 
    0.029447   (35 0.749) (36 0.39) 
    0.027345   (35 -0.363) (37 -0.299) (56 -0.582) 
    0.026601   (130 0.905) 
    0.024949   (129 -0.578) (155 0.805) 
    0.023187   (129 -0.577) (162 -0.765) 
    0.022067   (129 -0.577) (155 -0.52) (162 0.63) 
    0.020662   (22 -0.942) (23 -0.215) 
    0.018856   (141 -0.928) (142 -0.365) 
