 1 60523
 2 585.971
 3 5.75954
 4 245580
 5 624.573
 6 58.2979
 7 670367
 8 84.4547
 9 5616.04
 10 2731.03
 11 7.14975
 12 1389.34
 13 821107
 14 8050.96
 15 0.816129
 16 664557
 17 5012.04
 18 1.83872
 19 154532
 20 2754.54
 21 63.0416
 22 263694
 23 3932.01
 24 16.4459
 25 256.088
 26 311.704
 27 13.8898
 28 3399.32
 29 351.009
 30 180.925
 31 529.797
 32 114.943
 33 737.311
 34 223.422
 35 195.811
 36 287.053
 37 1534.72
 38 3096.56
 39 6.54069
 40 939.274
 41 4873.23
 42 2.04199
 43 647.723
 44 1491.93
 45 24.9335
 46 8040.51
 47 1898.02
 48 760.994
 49 2006.44
 50 182.055
 51 303.492
 52 232.14
 53 2972.86
 54 298.32
 55 139.404
 56 305.679
 57 1293.54
 58 80.7249
 59 134.467
 60 176.342
 61 29.3299
 62 1.77905
 63 207.195
 64 400.922
 65 1.84901
 66 418.744
 67 3518.61
 68 201.215
 69 100272
 70 335162
 71 3125.65
 72 18.9907
 73 21809.4
 74 90.2575
 75 10360.1
 76 10746.8
 77 7.8784
 78 1283.51
 79 11219.3
 80 89.9977
 81 2271.89
 82 2226.77
 83 398.904
 84 2.58975
 85 170.019
 86 2.83211
 87 2067.74
 88 1.70716
 89 1.63704
 90 1.87371
 91 9.57818
 92 521.611
 93 1564.65
 94 1067.47
 95 1842.77
 96 2128.76
 97 395.938
 98 313.663
 99 144.504
 100 983.401
 101 1589.1
 102 123.671
 103 164.564
 104 150.921
 105 144.27
 106 169.207
 107 173.592
 108 177.438
 109 132.183
 110 98.6732
 111 191.412
 112 206.018
 113 189.89
 114 173.737
 115 187.32
 116 145.48
 117 181.222
 118 200.48
 119 156.856
 120 93.7101
 121 127.148
 122 49.998
 123 62.1663
 124 39.045
 125 30.8354
 126 50.8707
 127 28.7623
 128 99.3387
 129 68.9247
 130 63.8802
 131 20.1302
 132 20.9727
 133 23.409
 134 37.0369
 135 9.10277
 136 47.8716
 137 10.3531
 138 9.44244
 139 9.29631
 140 10.9473
 141 11.885
 142 8.93486
 143 9.46296
 144 15.1292
 145 15.0365
 146 12.683
 147 10.2947
 148 25.2918
 149 16.9832
 150 12.4736
 151 13.889
 152 23.5766
 153 22.4151
 154 14.6268
 155 19.9313
 156 23.9969
 157 46.927
 158 0.229722
 159 0.0328166
 160 0.178875
 161 3.89803
 162 28.9795
 163 193.598
 164 262.027
 165 6.47784
