 1 1000
 2 551.565
 3 5.46989
 4 1000
 5 597.943
 6 55.8463
 7 999.957
 8 15.4759
 9 980.162
 10 909.376
 11 4.18525
 12 739.105
 13 1000
 14 999.399
 15 0.8146
 16 1000
 17 999.132
 18 1.03261
 19 1000
 20 974.774
 21 22.9472
 22 1000
 23 994.793
 24 4.8281
 25 239.396
 26 267.471
 27 11.9541
 28 993.428
 29 307.314
 30 159.406
 31 527.817
 32 111.153
 33 711.542
 34 216.541
 35 185.744
 36 271.137
 37 989.598
 38 998.304
 39 3.19704
 40 593.155
 41 973.807
 42 1.75737
 43 482.081
 44 872.776
 45 14.9955
 46 998.135
 47 689.323
 48 313.078
 49 963.452
 50 179.602
 51 265.687
 52 200.024
 53 968.083
 54 273.126
 55 114.533
 56 246.471
 57 945.573
 58 79.0065
 59 122.541
 60 159.2
 61 29.2933
 62 1.77877
 63 206.181
 64 396.841
 65 1.84399
 66 416.43
 67 947.21
 68 54.9307
 69 999.873
 70 1000
 71 992.462
 72 7.26677
 73 999.752
 74 9.79615
 75 991.41
 76 989.391
 77 5.33838
 78 793.505
 79 999.26
 80 35.1008
 81 962.153
 82 992.611
 83 367.594
 84 2.46683
 85 133.606
 86 2.52092
 87 968.272
 88 1.70707
 89 1.63702
 90 1.87358
 91 8.82971
 92 437.962
 93 830.865
 94 598.737
 95 858.57
 96 934.453
 97 374.594
 98 300.509
 99 142.847
 100 824.865
 101 953.869
 102 119.843
 103 161.451
 104 149.041
 105 143.352
 106 168.406
 107 172.7
 108 176.552
 109 131.26
 110 96.8425
 111 190.51
 112 205.002
 113 189.144
 114 173.336
 115 186.801
 116 144.719
 117 180.8
 118 200.11
 119 156.323
 120 92.4764
 121 126.53
 122 49.4236
 123 60.5241
 124 38.5432
 125 30.2603
 126 50.5207
 127 27.4122
 128 97.6261
 129 67.8882
 130 62.7867
 131 19.8471
 132 20.7373
 133 23.099
 134 36.3064
 135 8.85507
 136 47.5645
 137 10.1391
 138 9.20068
 139 9.06176
 140 10.6484
 141 11.2851
 142 8.60936
 143 9.17068
 144 14.8726
 145 14.7704
 146 12.3794
 147 9.97543
 148 24.958
 149 16.5953
 150 12.1886
 151 13.5862
 152 23.1697
 153 21.7787
 154 14.3012
 155 19.6844
 156 23.771
 157 46.6641
 158 0.191323
 159 0.031769
 160 0.166118
 161 3.72397
 162 27.4139
 163 165.755
 164 256.857
 165 6.04098
