 1 31.6228
 2 23.2327
 3 1.15032
 4 31.6228
 5 23.3963
 6 3.13528
 7 31.6219
 8 1.43329
 9 31.069
 10 30.0054
 11 1.06562
 12 26.9214
 13 31.6228
 14 31.6111
 15 0.90244
 16 31.6228
 17 31.6031
 18 0.918409
 19 31.6228
 20 30.8863
 21 1.67946
 22 31.6228
 23 31.4753
 24 1.06801
 25 15.0918
 26 15.4808
 27 1.62217
 28 31.4954
 29 14.4792
 30 8.06982
 31 22.5057
 32 4.73545
 33 24.6507
 34 14.5402
 35 9.32268
 36 13.0751
 37 31.4393
 38 31.5745
 39 1.36536
 40 24.0935
 41 31.1452
 42 1.29412
 43 21.3916
 44 29.0122
 45 1.81413
 46 31.5719
 47 22.3256
 48 11.041
 49 30.909
 50 12.9963
 51 13.3117
 52 10.3569
 53 30.974
 54 16.3831
 55 7.09335
 56 13.3235
 57 30.4315
 58 8.38585
 59 8.46957
 60 10.1015
 61 4.85342
 62 1.32218
 63 14.0453
 64 18.4945
 65 0.977129
 66 19.1642
 67 30.0306
 68 3.09555
 69 31.6192
 70 31.6228
 71 31.4151
 72 1.51612
 73 31.6174
 74 1.6089
 75 31.3683
 76 31.4376
 77 1.46383
 78 28.0255
 79 31.6062
 80 2.46256
 81 30.5266
 82 31.4693
 83 18.5717
 84 1.35678
 85 10.8827
 86 1.39593
 87 30.8679
 88 1.09629
 89 1.04246
 90 1.22453
 91 2.45365
 92 18.8335
 93 27.3572
 94 22.1189
 95 28.3481
 96 30.0764
 97 17.9049
 98 15.4848
 99 9.60212
 100 27.9177
 101 30.6025
 102 9.85274
 103 11.9892
 104 11.4373
 105 11.3051
 106 12.5329
 107 12.6104
 108 12.7206
 109 10.5627
 110 8.37742
 111 13.1508
 112 13.9868
 113 13.3541
 114 12.617
 115 12.9043
 116 10.8478
 117 12.6
 118 13.4811
 119 11.7667
 120 8.86
 121 10.7989
 122 6.81353
 123 7.63487
 124 5.69119
 125 5.22543
 126 6.81322
 127 4.60717
 128 9.27503
 129 7.36575
 130 7.34465
 131 4.07888
 132 4.44886
 133 4.67385
 134 5.92726
 135 2.71423
 136 6.82693
 137 2.98092
 138 2.86938
 139 2.8538
 140 3.13378
 141 3.10032
 142 2.67275
 143 2.81929
 144 3.72649
 145 3.73302
 146 3.36767
 147 2.95344
 148 4.90797
 149 3.93514
 150 3.31286
 151 3.49765
 152 4.71284
 153 4.55873
 154 3.65892
 155 4.34984
 156 4.77148
 157 6.75177
 158 0.173798
 159 0.133313
 160 0.271537
 161 1.41277
 162 4.76276
 163 11.7644
 164 15.4935
 165 0.892082
