 Smallest eigenvalues
  1.2179e-06   (9 1) 
  1.4831e-06   (47 0.74) (49 -0.423) (48 -0.283) (41 -0.176) (42 -0.173) (43 0.147) (39 0.131) (40 -0.115) (51 0.0979) (154 -0.0903) (50 0.0896) (56 -0.0798) (44 -0.0722) (57 0.0707) (82 0.0675) (53 -0.0638) (31 0.0576) (55 0.0571) (60 0.0391) (14 -0.039) (15 0.0389) (52 0.0388) (81 -0.0366) (68 -0.0364) (46 0.0338) (54 0.0281) (17 -0.0273) (22 -0.0262) (36 0.0262) (78 0.0258) (20 -0.0255) (84 0.0244) (45 -0.0237) (77 0.0226) (38 0.0221) (37 -0.0208) (29 0.0201) (28 -0.0201) (24 -0.02) (34 -0.0197) (69 0.0196) (30 0.0193) (25 0.0193) (76 -0.0183) (61 0.0183) (21 -0.0173) (27 0.0173) (67 -0.0158) (79 -0.0157) (33 0.0156) (88 0.0149) (59 0.0146) (72 0.0133) (66 -0.0126) (16 0.0122) (23 -0.0115) (74 0.0115) 
  1.5048e-06   (154 -0.996) (47 -0.0671) (49 0.0383) (48 0.0256) (41 0.016) (42 0.0157) (43 -0.0134) (39 -0.012) (40 0.0105) 
  2.9836e-06   (6 1) 
  3.7923e-06   (46 -0.621) (43 0.517) (150 -0.29) (41 -0.24) (47 -0.238) (42 -0.171) (48 0.161) (39 0.138) (44 -0.134) (45 -0.129) (40 -0.104) (56 -0.058) (31 0.0568) (49 -0.0542) (82 0.0533) (57 0.0403) (14 -0.0336) (15 0.0331) (50 -0.0299) (55 0.0297) (53 -0.0292) (81 -0.0272) (68 -0.0271) (54 0.0242) (20 -0.0239) (36 0.0232) (17 -0.0231) (34 -0.0227) (30 0.0209) (60 0.0208) (22 -0.0203) (37 -0.0198) (24 -0.0189) (84 0.0182) (78 0.0177) (26 -0.0175) (38 0.0172) (28 -0.0162) (21 -0.0159) (79 -0.0159) (27 0.0144) (33 0.0136) (69 0.0136) (16 0.0129) (66 -0.0123) 
   4.072e-06   (150 -0.957) (46 0.188) (43 -0.156) (41 0.0726) (47 0.072) (42 0.0518) (48 -0.0488) (39 -0.0418) (44 0.0405) (45 0.0392) (40 0.0316) (56 0.0175) (31 -0.0172) (49 0.0164) (82 -0.0159) (57 -0.0121) (14 0.0102) (15 -0.01) 
  6.4712e-06   (2 0.997) (34 -0.0557) (31 0.0336) (36 -0.0281) (33 0.0157) 
  9.9699e-06   (153 -0.993) (34 -0.089) (31 0.0538) (36 -0.0447) (33 0.024) (30 0.0149) (35 -0.0117) (39 -0.0109) 
  1.6523e-05   (34 0.731) (31 -0.442) (36 0.367) (33 -0.198) (30 -0.122) (153 -0.121) (35 0.0961) (39 0.0895) (2 0.0751) (28 0.075) (27 -0.0654) (26 0.0568) (20 0.0564) (43 0.055) (17 0.0547) (40 -0.0509) (32 -0.0505) (24 0.0474) (15 -0.046) (42 -0.0408) (14 0.0399) (82 -0.0371) (22 0.0349) (41 -0.0266) (25 -0.0239) (48 -0.0232) (21 0.0221) (81 0.0205) (44 -0.0198) (47 0.018) (16 -0.0179) (23 0.0151) (68 0.0145) (29 0.0144) (13 -0.0135) (49 0.0124) (75 0.0119) (53 0.0113) (56 0.011) (54 -0.01) 
   3.529e-05   (20 0.665) (22 -0.393) (45 0.362) (21 -0.347) (46 0.211) (42 -0.12) (43 0.119) (47 -0.117) (44 -0.109) (41 -0.101) (17 0.0804) (39 0.0772) (23 0.0581) (40 -0.053) (31 0.0483) (30 -0.0448) (26 -0.0424) (35 -0.0424) (27 0.042) (34 -0.0402) (56 -0.037) (72 0.0296) (55 0.0293) (15 -0.0284) (48 0.0278) (36 0.0271) (24 -0.0261) (78 0.0258) (28 -0.0258) (73 0.0211) (50 -0.0206) (19 -0.0201) (67 -0.0186) (25 0.0178) (33 -0.0175) (82 0.0174) (51 -0.0169) (49 -0.0166) (53 -0.0164) (61 0.0153) (81 -0.0151) (62 0.0139) (65 -0.0133) (52 -0.0132) (57 0.0128) (29 0.0121) (69 0.0113) (32 0.0102) (84 0.0101) 
  8.4805e-05   (155 -0.998) (45 0.0402) (20 -0.0276) (46 0.0244) (22 0.0143) (47 -0.0139) (43 0.013) (21 0.0128) (42 -0.0119) (44 -0.0119) (40 -0.0115) 
  8.9011e-05   (45 -0.607) (20 0.409) (46 -0.369) (22 -0.211) (47 0.21) (43 -0.196) (21 -0.189) (44 0.18) (42 0.179) (40 0.174) (41 0.137) (39 -0.115) (17 0.0675) (155 -0.0664) (48 -0.0647) (82 -0.0488) (23 0.0462) (55 -0.0417) (15 -0.0413) (49 0.0408) (53 0.0376) (54 -0.0369) (72 -0.0347) (81 0.0315) (56 0.0312) (57 -0.0291) (14 0.0281) (78 -0.0278) (31 -0.0269) (35 -0.0259) (60 -0.0221) (67 0.0211) (73 -0.0211) (51 0.0211) (52 0.0208) (30 -0.0189) (65 0.0174) (68 0.0168) (32 -0.0164) (69 -0.0153) (84 -0.0152) (61 -0.0151) (62 -0.0146) (74 -0.0134) (37 0.0131) (38 -0.0122) (29 0.0113) (16 -0.011) (88 -0.0107) 
  0.00011361   (1 1) 
  0.00011859   (14 -0.926) (15 -0.291) (13 0.162) (16 -0.101) (17 0.076) (22 0.0525) (20 0.0471) (24 0.0379) (31 -0.0361) (21 0.035) (41 0.0277) (12 -0.0263) (18 -0.026) (39 -0.0222) (25 -0.0197) (23 0.0197) (11 0.0191) (36 -0.0181) (42 0.0137) (30 -0.0132) (28 0.0129) (29 -0.0127) (45 0.012) (56 -0.0106) (40 0.0105) (38 -0.0103) 
  0.00018486   (159 1) 
  0.00020431   (3 1) 
  0.00025094   (16 0.833) (15 0.436) (17 0.22) (14 -0.181) (20 0.0851) (22 0.0706) (24 0.0654) (21 0.0614) (18 -0.059) (31 -0.0484) (13 0.0394) (25 -0.0357) (23 0.0354) (39 -0.0226) (41 0.0205) (43 -0.0177) (28 0.017) (36 -0.0166) (29 -0.0148) (30 -0.0146) (158 0.0142) (40 0.0138) (26 0.0125) (12 -0.0125) (33 -0.0115) (35 -0.0114) 
  0.00025761   (158 1) (16 -0.0118) 
  0.00027069   (7 1) 
  0.00028469   (25 0.92) (26 -0.222) (152 -0.148) (30 -0.112) (23 -0.104) (24 -0.102) (31 -0.0757) (22 -0.074) (20 -0.0708) (27 -0.0691) (17 -0.0685) (33 -0.0591) (14 -0.0517) (15 0.0501) (47 -0.0469) (29 -0.0402) (16 0.0401) (28 0.0376) (48 -0.0357) (21 -0.0324) (39 -0.0277) (49 -0.022) (41 0.0211) (42 0.0206) (45 -0.0195) (82 0.0154) (40 0.0152) (56 -0.0141) (13 0.0132) (46 0.0132) (75 0.0127) (32 0.0108) (50 0.0107) 
  0.00028997   (152 -0.989) (25 -0.138) (26 0.0333) (30 0.0169) (23 0.0157) (24 0.0153) (31 0.0114) (22 0.0111) (20 0.0106) (27 0.0104) (17 0.0103) 
  0.00029603   (5 1) 
  0.00032341   (18 0.764) (17 -0.579) (20 0.153) (22 0.121) (15 0.103) (16 0.0963) (14 -0.0887) (156 -0.0628) (23 0.0488) (25 -0.0436) (31 -0.0393) (19 0.0325) (21 0.0214) (30 -0.0211) (47 -0.0183) (43 -0.0178) (26 -0.0168) (40 0.0163) (82 0.0147) (33 -0.0145) (56 -0.0144) (36 0.0141) (29 -0.0128) (13 0.0111) (73 -0.0101) 
  0.00032657   (156 -0.998) (18 -0.048) (17 0.0364) 
  0.00035317   (74 0.651) (60 -0.359) (57 -0.35) (73 -0.289) (70 0.241) (66 -0.175) (55 0.137) (54 0.121) (53 -0.116) (41 -0.115) (45 -0.103) (59 -0.0936) (75 0.0883) (72 0.0816) (52 -0.079) (50 0.0783) (82 -0.0764) (46 0.0738) (51 -0.0689) (42 -0.0628) (71 -0.0511) (49 0.0382) (38 0.038) (36 0.0374) (68 0.037) (56 0.0369) (67 0.0346) (81 0.0337) (39 0.03) (15 0.0285) (30 0.0273) (69 -0.0264) (122 0.026) (37 -0.026) (22 -0.025) (31 0.0242) (14 -0.0235) (40 -0.023) (20 -0.0222) (58 -0.0216) (79 0.0203) (88 0.0197) (21 -0.0193) (47 -0.0179) (101 -0.0174) (121 -0.017) (89 -0.0169) (97 -0.0167) (28 -0.0162) (27 0.016) (104 0.0151) (29 0.015) (64 0.0149) (151 0.014) (125 -0.0139) (91 -0.0137) (62 -0.0129) (98 0.0129) (48 -0.012) (43 -0.0116) (44 0.0113) (105 0.0111) (33 0.0111) (107 -0.0109) (117 -0.0104) (108 -0.0103) (115 -0.0103) 
  0.00041271   (74 -0.584) (57 -0.4) (60 -0.338) (73 0.287) (66 -0.241) (151 0.192) (70 0.173) (41 -0.152) (49 0.135) (45 -0.133) (54 0.116) (39 0.106) (46 0.105) (52 -0.0897) (59 -0.0841) (53 -0.0796) (55 0.0752) (42 -0.0732) (75 -0.067) (48 -0.0593) (72 -0.0546) (36 0.0544) (67 0.0538) (56 0.0528) (31 0.05) (15 0.0471) (68 0.0459) (14 -0.0433) (38 0.039) (20 -0.0372) (51 -0.0366) (22 -0.0364) (119 -0.0361) (30 0.0347) (37 -0.0335) (78 -0.0283) (40 -0.0273) (71 0.0268) (58 -0.0266) (28 -0.0257) (29 0.0255) (84 0.0249) (17 -0.0218) (124 -0.0207) (27 0.0203) (126 -0.0195) (21 -0.0192) (33 0.0191) (43 0.0182) (64 0.0151) (88 0.0146) (89 -0.0145) (26 -0.0144) (117 -0.0143) (61 -0.0142) (69 -0.0141) (13 0.0133) (97 -0.013) (135 0.0128) (62 -0.0128) (120 0.0126) (121 0.0123) (130 0.0123) (35 0.0118) (47 0.0114) (125 0.011) (104 0.0104) 
  0.00041929   (151 0.981) (74 0.105) (57 0.0838) (60 0.0717) (73 -0.0522) (66 0.0497) (70 -0.037) (41 0.032) (45 0.0281) (49 -0.0272) (54 -0.0248) (46 -0.022) (39 -0.0215) (52 0.0189) (59 0.0179) (53 0.0175) (55 -0.0169) (42 0.0155) (75 0.0119) (48 0.0119) (36 -0.0115) (67 -0.011) (56 -0.0109) (31 -0.0103) 
  0.00046661   (21 -0.841) (22 0.507) (20 -0.128) (52 0.0555) (51 -0.0506) (49 0.0495) (24 0.0485) (18 -0.0471) (23 -0.0467) (53 0.0319) (16 0.0225) (54 -0.0198) (48 -0.0185) (45 -0.0179) (39 0.0174) (46 0.0169) (17 -0.0166) (57 0.0155) (14 -0.0141) (56 -0.0133) (15 0.0124) (19 -0.0114) (13 0.0109) 
  0.00047018   (148 -0.584) (51 -0.398) (52 0.392) (49 0.347) (53 0.236) (41 -0.154) (54 -0.153) (48 -0.142) (45 -0.13) (50 0.115) (46 0.114) (39 0.094) (57 0.0884) (42 -0.0781) (22 -0.071) (56 -0.0662) (21 0.063) (60 0.0628) (47 0.0489) (43 0.0478) (31 0.0466) (36 0.0416) (15 0.0357) (14 -0.0321) (40 -0.0308) (74 0.0299) (30 0.0299) (55 0.0292) (38 0.0254) (37 -0.0214) (82 0.021) (68 -0.0206) (44 -0.0204) (28 -0.0202) (73 -0.0191) (59 0.0187) (27 0.0169) (20 -0.0168) (33 0.0163) (29 0.0153) (17 -0.0136) (119 -0.0133) (24 -0.012) (81 -0.0116) (26 -0.011) (84 0.0109) (34 -0.0103) 
  0.00047862   (148 -0.812) (51 0.287) (52 -0.282) (49 -0.249) (53 -0.17) (41 0.111) (54 0.11) (48 0.102) (45 0.0933) (50 -0.0828) (46 -0.0817) (39 -0.0677) (57 -0.0635) (42 0.0562) (22 0.0491) (56 0.0476) (60 -0.0451) (21 -0.042) (47 -0.0352) (43 -0.0344) (31 -0.0335) (36 -0.03) (15 -0.0257) (14 0.0231) (40 0.0222) (74 -0.0215) (30 -0.0215) (55 -0.021) (38 -0.0183) (37 0.0154) (82 -0.015) (68 0.0148) (44 0.0147) (28 0.0146) (73 0.0137) (59 -0.0134) (20 0.0126) (27 -0.0122) (33 -0.0118) (29 -0.011) 
   0.0005141   (52 -0.602) (53 0.43) (39 -0.384) (50 0.312) (41 -0.223) (49 0.201) (40 -0.175) (51 0.118) (42 -0.115) (55 -0.103) (45 -0.0873) (56 -0.0841) (57 0.081) (54 -0.0787) (48 -0.0778) (46 0.0639) (43 0.0606) (60 0.054) (44 -0.0276) (38 0.0258) (47 0.0247) (68 -0.0222) (149 -0.0202) (70 0.0186) (59 0.0181) (82 0.016) (21 -0.014) (37 -0.013) (81 -0.0113) 
  0.00054481   (149 -0.933) (39 0.293) (52 -0.116) (40 0.102) (53 0.073) (50 0.0697) (41 0.0664) (42 0.0318) (43 -0.0261) (31 0.0249) (56 -0.0209) (36 0.0186) (55 -0.0181) (57 0.0173) (30 0.0154) (82 0.0135) (44 0.0133) (15 0.0124) (60 0.0121) (20 -0.0119) (47 -0.0118) (74 0.0116) (54 -0.0112) (22 -0.0112) 
  0.00054933   (39 -0.736) (149 -0.361) (52 0.335) (40 -0.254) (53 -0.213) (50 -0.198) (41 -0.159) (42 -0.0758) (43 0.0641) (31 -0.064) (56 0.0587) (55 0.0526) (57 -0.0493) (36 -0.0483) (30 -0.0402) (82 -0.036) (60 -0.0342) (54 0.0334) (44 -0.033) (15 -0.0324) (20 0.0309) (74 -0.0308) (22 0.0293) (47 0.0292) (68 0.0263) (14 0.0258) (27 -0.0241) (73 0.0229) (49 -0.0194) (81 0.0192) (28 0.0188) (33 -0.018) (26 0.0176) (51 -0.0148) (34 0.0141) (45 0.0136) (23 0.0127) (59 -0.0113) (37 0.0105) (17 0.0104) 
  0.00055451   (70 -0.91) (57 -0.198) (72 -0.156) (60 -0.143) (51 -0.112) (50 0.106) (55 0.101) (74 0.0811) (56 0.073) (41 -0.0706) (54 0.0682) (52 -0.0591) (73 0.0582) (45 -0.0505) (49 -0.0448) (59 -0.0415) (75 0.0409) (71 0.0352) (146 -0.0346) (42 -0.0338) (66 0.0333) (67 -0.0311) (46 0.0304) (82 -0.029) (38 0.0243) (84 0.0232) (53 -0.0232) (47 -0.0231) (36 0.0212) (77 0.0208) (40 -0.0193) (124 -0.019) (30 0.0188) (15 0.0175) (88 0.0172) (37 -0.0168) (21 -0.0166) (22 -0.0164) (69 0.0163) (31 0.0162) (76 0.0161) (122 0.0157) (78 -0.0152) (90 0.014) (126 -0.0134) (14 -0.0133) (20 -0.0133) (58 -0.0132) (48 0.0128) (68 0.0125) (43 -0.0124) (96 0.0116) (27 0.0113) (121 -0.0111) (101 -0.0101) (119 -0.01) 
  0.00056597   (146 -0.768) (51 0.357) (49 0.347) (50 -0.262) (53 -0.143) (48 -0.114) (39 0.0932) (45 -0.0785) (41 -0.0759) (46 0.0736) (57 0.0722) (147 -0.0707) (70 -0.0645) (74 0.0549) (42 -0.0459) (47 0.0439) (54 -0.0414) (43 0.0375) (73 -0.0334) (31 0.0295) (82 0.0286) (60 0.0285) (44 -0.0253) (66 0.0252) (15 0.0239) (36 0.0221) (20 -0.0203) (14 -0.0184) (22 -0.0183) (68 -0.0176) (30 0.0169) (81 -0.0135) (28 -0.0133) (37 -0.0133) (119 -0.0127) (67 -0.012) (38 0.0117) (17 -0.0114) (27 0.0106) (29 0.01) 
  0.00058075   (146 -0.633) (51 -0.426) (49 -0.419) (50 0.312) (53 0.175) (48 0.137) (70 0.128) (39 -0.113) (45 0.0983) (41 0.0963) (46 -0.0911) (57 -0.0765) (74 -0.0711) (147 -0.0582) (42 0.0577) (47 -0.0519) (54 0.0463) (43 -0.0447) (73 0.0375) (31 -0.0368) (82 -0.0334) (66 -0.0324) (44 0.0302) (15 -0.0301) (36 -0.0282) (60 -0.0265) (20 0.0255) (22 0.0233) (14 0.0231) (30 -0.0216) (68 0.0206) (37 0.0171) (28 0.0166) (67 0.0163) (81 0.0161) (38 -0.0157) (52 0.0148) (119 0.0147) (17 0.0139) (27 -0.0136) (29 -0.0128) (26 0.0119) (33 -0.0114) (75 -0.0113) 
   0.0007279   (38 0.894) (22 -0.227) (37 -0.165) (20 -0.162) (41 0.155) (24 0.14) (21 -0.109) (39 -0.0747) (15 0.0741) (45 0.0736) (36 0.0694) (42 0.0587) (14 -0.0481) (46 -0.0476) (17 -0.0448) (40 0.0437) (25 -0.0311) (30 0.0252) (53 0.0241) (34 0.0238) (33 0.0194) (50 -0.0188) (54 -0.0184) (43 0.0173) (52 0.0167) (35 0.0164) (13 0.0163) (57 0.0162) (18 0.016) (51 0.0144) (60 0.0136) (55 -0.0127) (49 -0.0126) (32 -0.0126) (44 -0.0116) (47 0.0108) (29 0.0106) 
  0.00078568   (22 -0.586) (24 0.441) (20 -0.409) (38 -0.326) (21 -0.256) (15 0.134) (17 -0.123) (31 -0.109) (30 -0.105) (36 -0.104) (27 -0.0917) (25 -0.0893) (37 0.0812) (14 -0.0777) (28 0.0765) (23 -0.0709) (29 -0.0644) (26 0.0642) (18 0.0493) (33 -0.0392) (143 0.0375) (13 0.0247) (39 -0.0239) (35 -0.023) (32 0.0158) (19 -0.0133) (49 -0.0116) 
   0.0010274   (143 0.998) (142 -0.0398) (144 0.0292) (22 0.0236) (24 -0.0175) (20 0.0165) (21 0.0104) 
   0.0011018   (45 -0.415) (48 0.408) (46 0.387) (49 -0.383) (41 -0.275) (15 0.229) (53 0.189) (50 -0.188) (47 -0.182) (51 0.156) (54 -0.147) (16 -0.127) (52 0.106) (42 -0.0924) (43 -0.0746) (39 0.0742) (14 -0.0715) (44 0.069) (60 0.0659) (55 -0.0633) (38 0.0575) (57 0.0554) (36 0.052) (40 -0.0493) (82 -0.0358) (37 -0.032) (30 0.0312) (68 0.0298) (31 0.0252) (13 0.0227) (17 0.0213) (81 0.0208) (59 0.0201) (29 0.0182) (78 -0.0173) (33 0.0167) (27 0.0167) (70 0.0156) (28 -0.0137) (34 0.0131) (79 0.013) (35 0.0123) (66 0.0106) (84 0.0104) 
   0.0012243   (15 0.766) (16 -0.509) (14 -0.138) (20 0.136) (22 0.131) (45 0.124) (17 0.116) (46 -0.109) (41 0.104) (48 -0.0948) (49 0.0847) (21 0.0585) (36 -0.0532) (31 -0.0512) (39 -0.0471) (30 -0.0462) (50 0.0439) (47 0.0437) (13 0.0421) (42 0.04) (53 -0.0399) (51 -0.033) (27 -0.0323) (38 -0.0317) (29 -0.0309) (28 0.0308) (54 0.0303) (24 0.0235) (18 -0.0233) (52 -0.0221) (40 0.02) (26 0.0193) (33 -0.0192) (37 0.0187) (43 0.0175) (44 -0.0174) (55 0.0125) (35 -0.0121) (60 -0.0118) (57 -0.01) 
   0.0012805   (145 -1) (135 0.0138) 
   0.0014515   (53 -0.611) (54 -0.468) (36 0.348) (55 -0.258) (51 -0.225) (52 -0.2) (50 0.197) (31 0.139) (57 0.092) (30 0.0883) (60 0.0842) (33 0.0721) (45 -0.063) (39 -0.0596) (28 -0.0594) (35 0.0508) (15 0.0495) (22 -0.0489) (37 0.0473) (46 0.0456) (20 -0.0443) (29 0.0402) (47 -0.0394) (27 0.0393) (14 -0.0348) (38 -0.0346) (68 0.0321) (71 0.0316) (82 -0.0314) (32 -0.0287) (34 -0.0285) (43 -0.0275) (21 -0.0275) (59 0.0248) (41 -0.0228) (26 -0.0226) (48 0.0209) (137 -0.02) (73 0.017) (42 -0.0165) (44 0.0164) (81 0.0143) (66 -0.0139) (79 0.011) (49 -0.0106) (13 0.0106) (70 0.0106) (121 -0.0103) 
   0.0015031   (36 0.724) (31 0.286) (53 0.282) (54 0.184) (41 0.17) (30 0.154) (38 -0.151) (39 -0.15) (37 0.146) (33 0.144) (137 -0.115) (51 0.115) (50 -0.106) (28 -0.103) (45 0.103) (35 0.101) (55 0.101) (52 0.0978) (34 -0.0782) (42 0.077) (22 -0.0694) (20 -0.067) (15 0.0668) (29 0.0668) (46 -0.0661) (27 0.0602) (32 -0.0497) (14 -0.0484) (26 -0.0375) (40 0.034) (21 -0.0296) (49 -0.0279) (60 -0.0278) (57 -0.0263) (17 -0.025) (25 0.0205) (47 0.0168) (13 0.0154) (24 -0.0151) (82 0.0146) (71 -0.0122) (73 -0.0102) 
   0.0015507   (137 -0.992) (36 -0.0912) (135 0.0408) (31 -0.0361) (53 -0.0201) (30 -0.0197) (41 -0.019) (39 0.0185) (33 -0.0182) (38 0.0181) (37 -0.0179) (28 0.0132) (35 -0.0128) (54 -0.0119) (45 -0.0104) 
   0.0016583   (13 0.931) (31 0.209) (34 0.157) (14 0.156) (33 -0.143) (36 -0.0793) (29 0.0731) (28 -0.0532) (35 -0.0369) (133 0.0358) (30 0.021) (39 -0.02) (41 0.0198) (71 -0.0138) (37 0.0131) (38 -0.0126) (18 0.0122) (12 0.0117) (24 -0.0113) (22 -0.0108) 
   0.0018132   (133 0.557) (31 0.507) (34 0.368) (33 -0.331) (13 -0.278) (36 -0.182) (29 0.174) (28 -0.102) (35 -0.0861) (14 -0.0858) (30 0.0687) (39 -0.0497) (15 0.0454) (20 -0.0394) (22 -0.0333) (41 0.0327) (37 0.0319) (17 -0.0312) (24 -0.0289) (42 0.0284) (27 0.0268) (26 -0.0262) (38 -0.023) (21 -0.0194) (44 0.0192) (25 0.0186) (19 -0.0165) (40 0.0154) (23 -0.0152) (45 0.0144) (16 0.0122) (51 0.0111) (48 0.0109) (43 -0.0108) (50 0.0106) 
   0.0020123   (133 0.83) (31 -0.349) (34 -0.254) (33 0.228) (13 0.147) (36 0.125) (29 -0.12) (28 0.0709) (35 0.0594) (14 0.0509) (30 -0.047) (39 0.0342) (15 -0.0302) (20 0.0266) (22 0.0228) (41 -0.0227) (37 -0.022) (17 0.0213) (24 0.0199) (42 -0.0194) (27 -0.0183) (26 0.018) (38 0.016) (44 -0.0131) (21 0.013) (25 -0.0127) (19 0.0112) (40 -0.0107) (23 0.0103) (45 -0.01) 
   0.0021382   (29 0.883) (30 -0.224) (31 -0.203) (28 -0.197) (50 0.17) (51 0.124) (34 -0.116) (52 0.0915) (33 0.0812) (48 0.0531) (32 0.0425) (35 0.0384) (36 -0.0348) (20 -0.032) (72 0.0305) (73 -0.025) (45 0.0243) (37 0.0241) (42 0.0241) (74 -0.0205) (129 -0.0202) (49 0.0196) (26 -0.0193) (60 -0.019) (54 -0.0181) (47 -0.0159) (56 -0.0157) (15 0.0145) (41 0.0145) (53 -0.0137) (22 -0.0117) (23 0.0116) (46 -0.0113) 
   0.0023674   (72 0.582) (73 -0.52) (74 -0.31) (129 -0.242) (67 -0.208) (77 -0.201) (71 -0.174) (68 -0.146) (70 -0.128) (82 -0.108) (75 -0.0955) (66 0.0869) (60 -0.0776) (69 -0.0739) (56 0.0708) (54 0.0638) (51 -0.0611) (40 -0.0581) (78 -0.0567) (83 -0.0452) (81 0.0437) (61 0.0427) (76 0.0386) (105 -0.0383) (64 0.0374) (45 -0.036) (55 -0.0358) (62 0.0334) (52 -0.0322) (86 0.0317) (79 -0.0315) (29 -0.0291) (63 0.0269) (85 -0.0256) (80 0.0241) (53 -0.024) (48 -0.0208) (31 0.0202) (49 -0.0195) (59 -0.0177) (42 -0.0156) (50 -0.0152) (46 0.0149) (89 -0.0146) (93 -0.0135) (39 0.0133) (30 0.0133) (47 -0.0131) (102 0.013) (84 0.0123) (44 0.0116) (104 -0.0114) (43 -0.011) (121 0.0107) (36 0.0106) (58 0.0104) (101 0.0103) (41 -0.01) 
   0.0024457   (129 -0.621) (50 -0.505) (51 -0.382) (52 -0.288) (29 0.166) (72 -0.141) (48 -0.122) (73 0.0995) (74 0.0914) (60 0.0854) (54 0.0751) (56 0.0634) (42 -0.0528) (53 0.0511) (40 -0.0497) (49 -0.0439) (57 0.043) (45 -0.0423) (30 -0.0411) (28 -0.0399) (131 0.0384) (41 0.0377) (47 0.0346) (70 0.0331) (77 0.0278) (55 -0.0258) (68 0.0255) (71 0.025) (75 0.0246) (69 0.0242) (35 0.0227) (31 -0.021) (84 -0.0196) (59 0.0196) (64 -0.0193) (78 0.0187) (80 -0.0183) (82 0.0181) (61 -0.0176) (67 0.0175) (20 -0.0159) (39 0.0148) (119 0.0142) (65 -0.0141) (34 -0.0136) (88 0.0133) (90 -0.0129) (46 0.0127) (66 -0.0105) (15 0.0102) (26 -0.0102) 
   0.0025125   (129 -0.741) (50 0.422) (51 0.336) (52 0.249) (29 -0.153) (48 0.108) (73 0.0857) (54 -0.0832) (56 -0.0757) (131 0.0745) (72 -0.0715) (40 0.0611) (67 0.0531) (42 0.0486) (45 0.0466) (60 -0.0454) (49 0.0426) (77 0.0416) (28 0.0363) (30 0.0361) (71 0.0358) (57 -0.0354) (53 -0.0344) (55 0.0331) (41 -0.0285) (68 0.0264) (74 0.0246) (47 -0.0241) (35 -0.0204) (66 -0.0196) (82 0.019) (83 0.0179) (76 -0.0177) (39 -0.0168) (31 0.0164) (130 -0.0156) (85 0.0155) (46 -0.0153) (20 0.0142) (70 0.0142) (84 0.0125) (62 -0.0124) (65 0.0119) (34 0.0114) (88 -0.0112) (15 -0.0111) (119 -0.0108) (75 0.0105) (59 -0.0105) (101 -0.0102) (26 0.0101) 
   0.0026344   (23 0.88) (24 -0.321) (20 -0.191) (54 -0.135) (22 -0.102) (21 -0.0974) (55 0.091) (56 0.0842) (60 -0.0673) (27 -0.0624) (28 0.0526) (30 -0.0504) (53 0.043) (15 0.0414) (57 0.0391) (26 0.0379) (45 0.036) (42 0.0312) (41 0.03) (50 -0.0296) (25 0.0288) (29 -0.0269) (32 0.0256) (38 -0.0253) (59 -0.0248) (36 -0.0246) (46 -0.0226) (14 -0.0203) (37 0.0198) (51 0.0185) (12 -0.0179) (31 -0.0177) (68 -0.015) (82 0.015) (119 0.0138) (47 0.0121) (49 -0.0117) (43 0.0113) (17 -0.0108) (74 -0.0103) 
   0.0029435   (60 0.7) (57 -0.592) (59 0.231) (68 -0.156) (56 -0.145) (54 0.107) (23 0.0949) (55 0.0721) (53 -0.0712) (58 -0.0533) (45 -0.0429) (50 0.0408) (69 0.0405) (67 -0.039) (49 0.0388) (132 -0.0376) (105 0.0336) (42 -0.033) (72 0.0328) (84 -0.0324) (73 -0.0307) (24 -0.0302) (82 -0.0294) (124 -0.0291) (81 0.0284) (20 -0.0267) (46 0.0237) (62 0.0232) (123 -0.0211) (66 -0.02) (65 -0.0189) (43 -0.0188) (70 0.0178) (78 0.0178) (22 -0.0167) (36 0.0166) (102 -0.0157) (21 -0.0152) (110 -0.0143) (90 -0.0141) (63 0.0137) (47 -0.0135) (51 0.013) (101 -0.0129) (40 0.0114) (108 -0.0112) (71 -0.0111) (104 0.011) (41 -0.0107) (99 0.0106) (77 -0.0101) 
   0.0031483   (132 -0.827) (54 0.356) (55 -0.327) (56 -0.171) (57 0.104) (23 0.0923) (68 0.0768) (53 -0.0756) (50 0.0539) (41 -0.0538) (52 0.0417) (45 -0.0412) (46 0.0363) (82 -0.0318) (51 -0.0317) (24 -0.0314) (49 0.0282) (20 -0.0237) (60 -0.0223) (22 -0.0223) (47 -0.0192) (69 -0.0192) (43 -0.0187) (67 0.018) (66 0.0173) (72 -0.0171) (40 -0.0158) (81 0.0152) (74 0.0149) (21 -0.0149) (70 -0.0147) (44 0.0144) (73 0.0144) (119 -0.0134) (36 0.0131) (15 0.0131) (78 -0.0129) (39 0.0129) (130 0.0121) (79 0.012) (84 0.0113) (38 0.0109) (42 0.0104) (58 0.0104) 
   0.0034475   (132 -0.56) (54 -0.531) (55 0.476) (56 0.262) (23 -0.143) (53 0.116) (57 -0.112) (68 -0.103) (50 -0.0821) (41 0.0796) (45 0.0637) (52 -0.0606) (46 -0.0551) (82 0.0489) (24 0.0485) (51 0.0456) (49 -0.0443) (20 0.0369) (124 -0.0361) (123 -0.0345) (22 0.034) (119 0.0299) (47 0.0292) (43 0.0289) (69 0.0256) (66 -0.0242) (81 -0.0241) (67 -0.024) (72 0.0231) (21 0.023) (74 -0.0227) (40 0.0223) (44 -0.0214) (70 0.0205) (36 -0.0205) (15 -0.0199) (73 -0.0194) (39 -0.0187) (78 0.0181) (79 -0.0178) (105 0.0164) (38 -0.0163) (84 -0.0157) (60 -0.0156) (31 -0.0138) (59 -0.013) (121 -0.0128) (42 -0.0126) (58 -0.0115) (14 0.0114) 
    0.003631   (37 -0.932) (66 -0.217) (38 -0.215) (84 -0.0799) (36 0.0704) (57 0.0636) (41 0.0624) (39 -0.0511) (60 0.04) (31 0.0382) (45 0.0369) (42 0.0344) (71 -0.0323) (29 0.0294) (70 -0.0287) (86 -0.0274) (128 -0.026) (46 -0.0238) (55 -0.0191) (67 -0.0191) (52 0.019) (40 0.0189) (22 -0.0183) (65 -0.0178) (30 0.0165) (28 -0.0163) (69 -0.0161) (51 0.016) (56 0.0154) (34 0.0154) (33 0.0152) (43 -0.0151) (73 -0.015) (82 0.0146) (21 -0.0145) (49 -0.0143) (15 0.0142) (35 0.0137) (20 -0.0129) (105 -0.0121) (14 -0.0114) (87 0.0111) (53 0.0109) (64 -0.0108) 
   0.0036776   (84 -0.851) (128 -0.313) (86 -0.219) (82 0.211) (66 0.139) (87 0.107) (105 -0.0895) (90 0.0799) (81 -0.0652) (60 -0.0576) (92 -0.0528) (37 0.0496) (83 -0.0465) (85 -0.0422) (41 -0.0389) (91 0.0386) (93 -0.037) (57 -0.0368) (78 0.0353) (88 0.0332) (102 0.0329) (68 -0.031) (50 0.0288) (79 -0.0282) (103 -0.027) (119 -0.0259) (117 -0.0259) (38 0.0233) (54 0.0232) (45 -0.0224) (120 0.0195) (125 -0.0195) (111 -0.0193) (108 0.0192) (53 -0.0191) (46 0.0188) (89 -0.0182) (69 0.0178) (94 -0.0172) (55 -0.0168) (115 -0.0164) (116 0.0157) (96 0.0155) (114 0.0148) (110 -0.0147) (59 -0.0142) (109 -0.0139) (77 -0.0135) (56 0.0133) (126 -0.013) (71 0.0128) (113 -0.0128) (104 -0.0126) (80 0.0124) (40 -0.012) (121 -0.0113) (65 0.0105) 
    0.003879   (128 -0.696) (66 0.572) (84 0.292) (37 -0.16) (57 -0.111) (71 0.0929) (60 -0.0859) (70 0.0844) (86 0.0792) (82 -0.0783) (56 -0.0603) (55 0.0546) (67 0.0524) (65 0.0453) (73 0.0451) (69 0.0403) (87 -0.0374) (90 -0.0374) (105 0.0364) (38 -0.0303) (52 -0.0294) (64 0.0264) (51 -0.0242) (91 -0.0235) (83 0.0225) (81 0.0216) (42 -0.0208) (92 0.0199) (76 -0.0193) (68 0.0175) (53 -0.0168) (36 0.0167) (126 -0.0145) (45 -0.0143) (108 -0.0132) (110 0.0131) (31 0.0125) (102 -0.0124) (85 0.012) (103 0.011) (104 0.0104) (28 -0.0103) (61 0.0102) 
   0.0039133   (66 -0.676) (128 -0.645) (37 0.187) (57 0.135) (60 0.12) (71 -0.105) (84 0.103) (70 -0.0926) (67 -0.0589) (56 0.0573) (65 -0.0533) (69 -0.0517) (55 -0.0492) (73 -0.0445) (64 -0.0317) (38 0.0299) (52 0.0296) (51 0.0285) (53 0.0273) (45 0.0252) (36 -0.024) (82 -0.021) (86 0.0209) (76 0.0201) (78 -0.0198) (42 0.0198) (41 0.0187) (31 -0.0175) (46 -0.0173) (59 0.017) (77 0.0139) (50 -0.0128) (15 -0.0127) (93 0.012) (87 -0.0116) (22 0.0115) (29 -0.0114) (20 0.0113) (28 0.0112) (61 -0.0111) (88 -0.0106) (14 0.0103) 
   0.0040289   (106 -0.734) (113 0.341) (107 0.224) (68 0.194) (104 -0.192) (103 0.176) (109 0.167) (101 -0.162) (115 0.143) (97 -0.117) (91 0.113) (108 0.105) (120 0.0972) (71 -0.0806) (98 -0.0798) (99 0.0796) (90 -0.071) (102 -0.0709) (118 0.0709) (116 -0.07) (69 -0.068) (100 -0.0643) (105 -0.0569) (147 -0.0436) (56 -0.043) (55 0.0375) (92 0.0363) (82 0.0341) (94 0.0333) (114 0.0317) (81 -0.0285) (89 0.0282) (110 -0.0278) (88 -0.0236) (73 -0.0236) (60 0.0181) (54 -0.0164) (79 -0.0149) (67 0.0146) (74 -0.0145) (78 0.0136) (57 -0.0133) (117 -0.0127) (122 0.0124) (66 0.0112) (125 -0.011) (86 -0.01) 
   0.0041208   (144 0.989) (147 0.142) (143 -0.0286) (135 0.0165) (142 0.0139) (146 -0.0133) (113 0.0114) (68 -0.0102) 
   0.0043598   (68 0.748) (71 -0.327) (56 -0.296) (69 -0.266) (55 0.244) (106 0.186) (73 -0.0916) (60 0.0758) (82 0.0752) (107 -0.0736) (74 -0.0694) (105 0.0688) (113 -0.0603) (54 -0.059) (103 -0.0567) (81 -0.0558) (67 0.0516) (52 -0.0498) (101 0.0437) (108 -0.0435) (70 -0.0425) (59 0.0401) (79 -0.037) (115 -0.0356) (84 -0.0346) (104 0.0337) (41 0.0325) (109 -0.0321) (66 0.0317) (78 0.0314) (42 -0.0309) (50 -0.0292) (92 -0.0285) (61 0.0274) (147 0.027) (120 -0.0268) (90 -0.0266) (53 -0.0247) (77 -0.0247) (118 -0.0228) (75 -0.0223) (97 0.0204) (72 0.017) (99 -0.0158) (40 0.0157) (116 0.0154) (94 -0.0145) (76 0.0139) (51 -0.0135) (86 0.0134) (98 0.0128) (100 0.0126) (23 0.0102) 
   0.0043944   (44 -0.613) (71 -0.41) (79 -0.282) (80 -0.278) (43 -0.214) (72 -0.186) (83 0.166) (42 -0.162) (93 -0.142) (68 -0.14) (86 0.125) (78 0.123) (45 -0.103) (41 0.0896) (76 0.0864) (56 0.0817) (99 0.0785) (55 -0.0773) (82 -0.0772) (77 0.0721) (112 0.0642) (108 0.0641) (81 -0.054) (66 0.0525) (87 -0.0502) (40 0.0482) (96 -0.0455) (50 0.0403) (84 -0.0396) (98 -0.0365) (60 -0.035) (74 -0.0304) (73 -0.0273) (104 0.0256) (70 0.0253) (28 -0.0251) (52 0.025) (103 0.0241) (46 -0.024) (75 0.0239) (89 0.0223) (106 0.022) (69 0.0219) (47 -0.0214) (48 0.0211) (157 -0.0187) (101 0.0171) (85 -0.016) (91 -0.0153) (39 -0.0143) (54 0.0138) (97 -0.0134) (105 0.0121) (64 0.0113) (65 0.0109) (13 -0.0108) (53 -0.0107) (33 -0.0105) (19 0.0103) 
   0.0044159   (157 -0.999) (44 0.0327) (43 0.0119) 
   0.0046032   (44 -0.611) (71 0.496) (72 0.226) (43 -0.226) (78 -0.201) (79 0.197) (80 0.176) (42 -0.163) (68 0.153) (41 0.131) (86 -0.109) (45 -0.108) (56 -0.102) (83 -0.0981) (108 -0.0874) (66 -0.0769) (87 0.0717) (82 0.0705) (112 -0.0647) (40 0.0599) (99 -0.0556) (90 0.0548) (76 -0.0519) (55 0.0413) (46 -0.0368) (157 -0.0339) (70 -0.03) (91 0.0295) (105 0.0276) (74 0.0251) (39 -0.0251) (84 0.0236) (75 -0.0231) (48 0.0221) (98 0.0215) (106 -0.0201) (104 -0.0194) (53 0.0187) (65 -0.0182) (77 -0.0179) (81 0.0169) (117 0.0165) (64 -0.0164) (33 -0.016) (101 -0.0152) (85 0.0148) (36 -0.0137) (73 0.0135) (119 0.0133) (69 -0.0133) (67 -0.0127) (47 -0.0122) (93 -0.0121) (50 -0.0118) (121 0.0117) (49 -0.0116) (116 -0.011) (28 -0.0102) 
   0.0047446   (19 -0.967) (134 0.23) (18 0.0824) (17 0.0582) (22 0.0234) (21 0.0232) (23 0.0165) (8 -0.0141) (20 -0.0125) (29 -0.0116) (27 -0.011) (44 -0.0102) 
   0.0049209   (134 0.973) (19 0.228) (18 -0.0194) (17 -0.0137) 
   0.0049611   (8 1) (19 -0.0122) 
   0.0051145   (4 -1) 
    0.005273   (24 -0.8) (23 -0.384) (22 -0.234) (25 -0.202) (20 -0.15) (21 -0.134) (31 -0.121) (17 -0.11) (15 0.103) (14 -0.0924) (140 -0.0739) (26 0.066) (30 -0.0559) (16 0.0518) (27 -0.0508) (39 -0.0356) (41 0.0351) (29 -0.033) (28 0.0325) (43 -0.0325) (18 -0.0313) (19 -0.0286) (34 0.0256) (13 0.0247) (33 -0.0192) (82 0.0187) (40 0.0179) (36 -0.0177) (35 -0.0176) (42 0.0174) (56 -0.0156) (47 -0.013) (44 0.013) (37 0.0129) (68 -0.0123) (57 0.0104) (55 0.0102) (32 -0.0101) 
   0.0053334   (140 -0.997) (24 0.0593) (23 0.0285) (22 0.0173) (25 0.0149) (20 0.0111) 
   0.0056031   (10 0.856) (17 -0.378) (18 -0.324) (20 0.0892) (19 -0.0497) (24 0.0428) (15 0.0362) (21 0.0332) (16 0.0315) (23 0.0298) (22 0.0278) (14 -0.0244) (31 -0.017) (25 -0.016) (27 -0.0113) 
   0.0057382   (138 0.996) (17 -0.0546) (10 -0.0484) (18 -0.047) (20 0.0128) 
   0.0058455   (17 0.623) (18 0.535) (10 0.515) (20 -0.146) (138 0.0891) (19 0.0806) (24 -0.0697) (15 -0.0615) (21 -0.0523) (23 -0.052) (16 -0.0512) (22 -0.045) (14 0.0398) (25 0.0296) (31 0.0286) (27 0.0232) (26 -0.0168) (13 -0.0153) (34 -0.015) (82 -0.0138) (39 0.0129) (43 0.0127) (30 0.0116) 
    0.006152   (12 0.958) (11 -0.182) (42 0.163) (40 -0.0904) (41 -0.0686) (44 -0.0626) (14 -0.0392) (43 -0.0375) (39 0.0276) (55 0.023) (46 -0.0172) (15 0.0143) (56 -0.0134) (59 0.0119) 
   0.0066648   (141 -0.998) (42 0.05) (40 -0.0249) (41 -0.022) (44 -0.0166) (12 -0.0154) (43 -0.0105) 
   0.0073156   (42 -0.752) (40 0.374) (41 0.331) (44 0.251) (12 0.214) (43 0.158) (39 -0.115) (46 0.0723) (141 -0.0664) (55 -0.0639) (45 -0.046) (56 0.0391) (32 -0.0383) (50 0.038) (59 -0.0379) (11 -0.0375) (33 -0.0354) (52 0.0326) (31 -0.0302) (54 0.0286) (65 0.0273) (23 0.0265) (73 -0.0258) (105 0.0244) (78 0.0227) (51 0.0208) (79 0.0204) (38 -0.0199) (36 -0.0186) (28 -0.0183) (60 -0.0181) (84 -0.0176) (74 -0.0168) (71 0.0167) (75 -0.0165) (47 -0.0154) (34 -0.0151) (80 -0.0142) (20 -0.0141) (72 -0.0136) (67 -0.0128) (102 -0.0128) (61 -0.0126) (22 0.0122) (48 0.0108) (62 0.0107) (85 -0.0102) 
   0.0081571   (11 -0.955) (12 -0.182) (32 0.159) (33 0.125) (34 0.0706) (35 0.0684) (31 0.0392) (36 -0.0252) (40 0.0242) (30 -0.0199) (14 -0.0193) (64 -0.0148) (42 -0.0116) (136 0.0107) (65 0.0105) (27 -0.0104) 
   0.0090603   (136 0.983) (32 0.119) (33 0.0936) (34 0.052) (11 0.0519) (35 0.0477) (31 0.0296) (40 0.0201) (36 -0.0184) (30 -0.0177) (27 -0.011) (135 -0.0103) 

 Largest eigenvalues
      59.958   (162 -0.944) (163 0.254) 
      45.651   (55 0.441) (56 -0.615) (68 -0.307) (82 -0.349) 
      15.902   (81 0.369) (82 -0.695) 
      5.3348   (102 -0.327) (105 0.771) (108 -0.296) 
      4.3707   (147 0.976) 
      1.5619   (162 -0.265) (163 -0.964) 
      1.2279   (165 -0.999) 
      1.2016   (164 0.996) 
      1.1296   (90 0.428) (91 -0.775) 
      1.1144   (100 -0.437) (101 -0.552) (107 0.535) 
      1.1071   (100 -0.369) (101 -0.338) (107 -0.741) (115 0.292) 
      1.0692   (111 0.35) (115 -0.797) 
      1.0247   (102 0.339) (103 -0.53) (104 0.614) 
     0.98728   (100 0.688) (101 -0.532) 
     0.91231   (101 0.236) (111 -0.68) (122 0.224) (130 -0.23) (135 0.223) 
     0.83715   (109 0.366) (111 0.458) (115 0.3) (135 0.286) 
     0.76279   (109 -0.746) (110 0.319) 
     0.67781   (97 -0.81) (98 -0.312) (99 -0.332) 
     0.64196   (114 -0.555) (125 -0.502) (135 0.383) 
     0.64168   (113 0.384) (114 0.724) (125 -0.308) 
     0.59991   (109 0.376) (110 0.551) (113 -0.545) 
     0.57341   (110 -0.704) (113 -0.45) 
     0.57282   (122 0.486) (123 0.374) (130 0.386) (131 0.289) 
     0.57044   (123 -0.471) (124 -0.583) (125 0.301) (130 0.346) 
     0.55271   (119 -0.682) (121 0.374) (123 0.317) 
      0.5479   (117 -0.425) (118 0.75) 
     0.54736   (116 0.3) (120 0.583) (121 -0.306) (126 0.332) 
      0.5338   (116 -0.56) (117 -0.336) (135 -0.306) 
     0.50071   (116 0.635) (120 -0.372) (125 -0.329) (135 -0.351) 
     0.46589   (92 -0.964) 
     0.45325   (120 0.501) (124 -0.289) (126 -0.397) (135 -0.411) 
     0.44102   (94 -0.941) 
     0.32968   (103 0.709) (104 0.493) 
     0.31708   (102 -0.778) (105 -0.358) 
     0.28706   (99 0.392) (112 -0.336) (117 -0.314) 
      0.2644   (78 -0.323) (86 0.609) 
      0.2506   (78 0.485) (98 0.333) (99 -0.496) 
     0.23576   (71 -0.312) (78 -0.503) (86 -0.527) 
     0.23029   (99 0.367) (108 0.374) (112 0.608) 
     0.19817   (90 -0.692) (91 -0.31) (93 0.499) 
     0.15663   (90 0.366) (96 0.54) (108 -0.445) 
     0.14337   (87 0.316) (93 -0.596) (108 -0.345) 
     0.13299   (85 -0.392) (87 -0.791) 
     0.12043   (88 -0.37) (89 -0.701) (93 0.315) (96 -0.313) 
     0.11215   (78 0.377) (80 0.45) (83 -0.423) 
     0.10939   (76 0.311) (77 0.35) (79 -0.315) 
     0.10438   (59 0.321) (65 0.323) (69 -0.28) (76 -0.317) 
     0.10005   (58 -0.553) (59 -0.511) 
    0.095581   (58 0.596) (65 -0.327) 
    0.090968   (58 -0.407) (59 0.357) (76 0.283) (96 0.304) (108 0.285) 
    0.085539   (58 0.335) (59 -0.581) 
    0.076317   (59 0.281) (63 0.308) (64 -0.386) (65 -0.357) (69 -0.269) (79 -0.25) (83 -0.299) 
    0.076077   (63 -0.721) (67 -0.258) (69 0.258) (76 -0.219) (83 -0.223) 
    0.073169   (61 -0.422) (62 0.374) (63 0.486) (69 0.351) 
    0.071666   (61 0.648) (62 -0.368) 
    0.063528   (61 -0.312) (69 -0.267) (118 -0.253) (119 0.284) 
    0.061604   (61 0.277) (67 -0.351) (73 0.255) (77 0.345) (80 0.266) 
    0.058117   (61 -0.354) (62 -0.55) 
    0.057168   (61 0.27) (62 0.551) (67 0.266) (72 -0.265) (73 -0.205) (77 -0.261) (85 -0.248) 
    0.053441   (67 -0.504) (69 -0.325) (76 0.302) 
    0.052882   (64 -0.355) (72 0.329) (80 -0.328) 
    0.047072   (64 0.468) (65 -0.38) (77 0.3) (98 0.273) 
    0.046629   (64 -0.407) (65 0.349) (67 -0.321) (69 -0.258) (72 -0.252) (73 -0.24) 
      0.0462   (72 0.2) (73 0.223) (76 0.261) (77 -0.232) (79 -0.262) (80 0.333) (83 0.286) (85 0.239) (88 0.215) 
    0.044018   (35 -0.832) (40 -0.313) 
    0.041931   (35 0.414) (40 -0.683) (41 0.424) 
    0.040164   (75 -0.477) (85 -0.281) (121 -0.28) 
    0.039323   (47 0.336) (48 0.525) (75 0.436) 
    0.038479   (47 -0.311) (48 -0.468) (75 0.5) 
    0.031038   (25 -0.247) (26 -0.76) (27 -0.219) (30 -0.249) (32 0.222) (33 -0.231) 
    0.029445   (27 0.663) (30 -0.501) 
    0.027191   (30 0.468) (43 -0.292) (88 -0.347) 
    0.025292   (32 -0.606) (33 0.484) 
    0.021011   (43 0.417) (46 0.248) (75 -0.312) (85 0.241) (88 -0.351) 
    0.020731   (130 -0.576) (131 0.602) 
    0.020429   (127 0.578) (160 -0.807) 
    0.018911   (127 0.577) (160 0.301) (161 -0.759) 
    0.017605   (127 0.577) (160 0.507) (161 0.64) 
    0.015444   (28 -0.918) (29 -0.274) 
    0.014963   (139 0.998) 
