 1 1000
 2 612.63
 3 1.1221
 4 1000
 5 776.786
 6 5.32372
 7 1000
 8 153.648
 9 832.862
 10 946.692
 11 57.837
 12 303.188
 13 1000
 14 999.907
 15 0.813795
 16 1000
 17 999.721
 18 0.820439
 19 1000
 20 998.217
 21 1.72034
 22 1000
 23 999.328
 24 0.927121
 25 210.485
 26 281.879
 27 4.98141
 28 996.59
 29 490.705
 30 50.3663
 31 426.118
 32 354.687
 33 219.016
 34 208.067
 35 387.208
 36 69.248
 37 992.44
 38 999.522
 39 1.96375
 40 590.385
 41 976.265
 42 1.67364
 43 463.556
 44 890.409
 45 4.88555
 46 998.637
 47 972.269
 48 29.7199
 49 937.939
 50 190.637
 51 383.08
 52 94.3616
 53 957.931
 54 288.685
 55 125.956
 56 284.649
 57 654.999
 58 88.4465
 59 198.924
 60 109.222
 61 19.6006
 62 1.74842
 63 414.601
 64 178.51
 65 1.93242
 66 540.561
 67 893.663
 68 108.744
 69 999.994
 70 1000
 71 999.054
 72 1.83963
 73 999.801
 74 311.826
 75 688.802
 76 933.151
 77 9.50988
 78 715.959
 79 998.861
 80 105.762
 81 894.075
 82 990.334
 83 708.529
 84 1.89207
 85 123.886
 86 2.4275
 87 992.223
 88 2.10601
 89 1.90127
 90 2.24312
 91 7.77627
 92 532.6
 93 782.433
 94 404.796
 95 829.06
 96 844.692
 97 373.398
 98 213.538
 99 154.667
 100 833.709
 101 959.001
 102 92.4715
 103 183.966
 104 167.095
 105 132.773
 106 184.218
 107 177.806
 108 181.555
 109 130.266
 110 96.5304
 111 195.815
 112 209.229
 113 193.681
 114 181.058
 115 174.358
 116 129.233
 117 197.457
 118 197.22
 119 166.577
 120 109.4
 121 114.174
 122 48.6164
 123 42.2831
 124 37.3431
 125 30.9746
 126 42.2269
 127 24.1144
 128 82.5144
 129 55.4135
 130 50.5603
 131 20.5971
 132 19.458
 133 19.3725
 134 27.5846
 135 8.98468
 136 39.696
 137 10.7665
 138 9.45423
 139 8.83607
 140 11.6987
 141 10.8955
 142 8.74784
 143 8.82754
 144 17.5622
 145 15.9654
 146 11.2878
 147 10.1665
 148 15.9843
 149 14.951
 150 11.7016
 151 13.4076
 152 19.0598
 153 24.4399
 154 13.8875
 155 18.6273
 156 20.4201
 157 32.6879
 158 0.42574
 159 0.168601
 160 1.36289
 161 0.904663
 162 11.4319
 163 80.2777
 164 403.869
 165 14.7142
