 1 102863
 2 650.077
 3 1.14054
 4 3.21093e+06
 5 813.924
 6 5.53812
 7 953424
 8 191.404
 9 1038.92
 10 2521.52
 11 79.935
 12 416.757
 13 1.8405e+06
 14 18491.6
 15 0.813799
 16 756199
 17 5508.78
 18 0.838796
 19 291764
 20 3431.01
 21 3.83776
 22 537386
 23 4817.83
 24 1.31108
 25 224.604
 26 317.143
 27 5.53408
 28 3725.35
 29 537.958
 30 54.939
 31 432.915
 32 364.996
 33 225.68
 34 222.635
 35 409.137
 36 73.4369
 37 1450.26
 38 3259.06
 39 2.67503
 40 927.927
 41 5359.79
 42 1.73988
 43 616.917
 44 1520.04
 45 7.23725
 46 3206.05
 47 3479.82
 48 95.1736
 49 2187.57
 50 191.871
 51 503.38
 52 121.617
 53 3211.22
 54 315.263
 55 167.275
 56 383.948
 57 658.401
 58 89.456
 59 200.412
 60 110.562
 61 19.623
 62 1.74858
 63 414.861
 64 179.047
 65 1.93413
 66 542.292
 67 3401.91
 68 400.389
 69 114329
 70 660732
 71 3450.1
 72 2.27572
 73 20764.9
 74 897.481
 75 1926.33
 76 3869.07
 77 19.1832
 78 1420.77
 79 6717.52
 80 256.053
 81 1965.72
 82 2936.6
 83 897.015
 84 1.99826
 85 142.891
 86 2.53924
 87 3561.92
 88 2.10645
 89 1.90131
 90 2.24354
 91 8.13645
 92 614.234
 93 1023.09
 94 476.201
 95 1177.1
 96 1200.84
 97 403.824
 98 214.882
 99 155.513
 100 965.238
 101 1657.45
 102 96.6972
 103 185.665
 104 168.796
 105 133.642
 106 185.308
 107 178.732
 108 182.45
 109 131.32
 110 97.7554
 111 196.447
 112 209.902
 113 194.192
 114 181.351
 115 174.743
 116 129.678
 117 197.867
 118 197.458
 119 166.717
 120 109.941
 121 114.76
 122 49.0615
 123 42.4911
 124 37.5563
 125 31.2327
 126 42.4328
 127 24.7679
 128 83.0516
 129 55.8249
 130 51.3105
 131 20.7151
 132 19.5904
 133 19.4731
 134 27.9405
 135 9.09946
 136 39.8541
 137 10.8737
 138 9.57337
 139 8.99038
 140 11.857
 141 11.3139
 142 8.92161
 143 8.96053
 144 17.7059
 145 16.1163
 146 11.4404
 147 10.3317
 148 16.1397
 149 15.1749
 150 11.836
 151 13.5907
 152 19.2779
 153 25.0625
 154 14.1159
 155 18.8067
 156 20.5333
 157 32.8764
 158 0.505611
 159 0.171592
 160 1.39196
 161 0.920393
 162 11.6883
 163 87.1562
 164 420.15
 165 15.8425
