 1 31.6228
 2 24.612
 3 0.928582
 4 31.6228
 5 27.705
 6 1.10827
 7 31.6228
 8 5.82146
 9 26.6702
 10 30.5322
 11 3.87066
 12 15.7482
 13 31.6228
 14 31.6209
 15 0.902105
 16 31.6228
 17 31.617
 18 0.903663
 19 31.6228
 20 31.578
 21 0.950016
 22 31.6228
 23 31.6077
 24 0.91235
 25 14.1241
 26 16.1703
 27 1.20297
 28 31.559
 29 21.0723
 30 3.1069
 31 20.5795
 32 15.2069
 33 9.84777
 34 13.9905
 35 18.0754
 36 4.1047
 37 31.4927
 38 31.6108
 39 1.30531
 40 24.1096
 41 31.1903
 42 1.28497
 43 20.9758
 44 29.4336
 45 1.43907
 46 31.589
 47 30.7905
 48 2.29565
 49 30.4078
 50 13.2352
 51 17.8969
 52 5.57221
 53 30.7873
 54 16.8616
 55 7.30674
 56 14.3995
 57 24.8922
 58 8.84827
 59 11.6336
 60 6.98263
 61 4.17203
 62 1.31801
 63 20.2337
 64 12.451
 65 0.991553
 66 22.8186
 67 28.4201
 68 4.77637
 69 31.6226
 70 31.6228
 71 31.6015
 72 1.29476
 73 31.6185
 74 10.9841
 75 22.3025
 76 30.4464
 77 1.64864
 78 26.5048
 79 31.5947
 80 4.70327
 81 28.4634
 82 31.4443
 83 26.0601
 84 1.30264
 85 10.9265
 86 1.39832
 87 31.4403
 88 1.34736
 89 1.24292
 90 1.41799
 91 2.32227
 92 21.6288
 93 26.3313
 94 16.8455
 95 27.4878
 96 27.9757
 97 17.7014
 98 13.1151
 99 10.0206
 100 28.1438
 101 30.6827
 102 8.4264
 103 12.9629
 104 12.1966
 105 10.68
 106 13.1169
 107 12.8426
 108 12.9629
 109 10.5758
 110 8.46198
 111 13.3714
 112 14.1403
 113 13.5097
 114 12.9384
 115 12.4669
 116 10.1792
 117 13.2761
 118 13.4262
 119 12.27
 120 9.77444
 121 10.2855
 122 6.73872
 123 6.39975
 124 5.83069
 125 5.3707
 126 6.33514
 127 4.41055
 128 8.66957
 129 6.84378
 130 6.66901
 131 4.26089
 132 4.32768
 133 4.30889
 134 5.16312
 135 2.77667
 136 6.23646
 137 3.13741
 138 2.93785
 139 2.83441
 140 3.29728
 141 3.05716
 142 2.7232
 143 2.76919
 144 4.08152
 145 3.90555
 146 3.24753
 147 3.06456
 148 3.89223
 149 3.76073
 150 3.28348
 151 3.51397
 152 4.26913
 153 4.8477
 154 3.59333
 155 4.19597
 156 4.39046
 157 5.61984
 158 0.321373
 159 0.335388
 160 0.984155
 161 0.870895
 162 3.22238
 163 8.40228
 164 19.6073
 165 1.48041
