 Smallest eigenvalues
  3.1144e-07   (9 -1) 
  5.4333e-07   (46 -0.545) (45 -0.504) (43 0.44) (42 -0.248) (38 -0.23) (48 0.177) (47 0.17) (35 0.112) (40 -0.0839) (39 0.0818) (30 -0.0756) (55 -0.0734) (57 0.069) (49 0.0685) (41 0.0615) (51 0.0608) (54 0.0599) (50 -0.0585) (44 0.054) (18 0.0467) (13 -0.0455) (29 0.0435) (84 0.0383) (60 -0.0371) (83 -0.0306) (32 -0.0272) (19 0.0253) (27 0.0234) (36 0.0233) (157 0.0213) (52 -0.0208) (77 0.0183) (34 0.0177) (11 0.0174) (59 -0.0172) (89 -0.0167) (26 -0.0164) (15 -0.0156) (22 0.0124) (75 0.0121) (31 0.012) (73 -0.011) (37 -0.0108) (25 0.0102) (81 -0.0101) 
  1.0489e-06   (157 1) (46 0.0116) (45 0.0107) 
  1.3224e-06   (1 -1) 
  1.5135e-06   (41 0.539) (40 -0.471) (38 -0.441) (42 0.351) (43 -0.325) (35 0.125) (48 0.0867) (30 -0.0855) (154 -0.0751) (44 0.0574) (37 0.0568) (18 0.0464) (55 -0.0455) (13 -0.0429) (47 0.0402) (29 0.0377) (39 0.0366) (57 0.0359) (54 0.0331) (84 0.0315) (46 0.0298) (83 -0.0265) (33 0.025) (52 -0.0243) (19 0.0238) (34 0.02) (27 0.0191) (60 -0.0184) (56 0.0171) (26 -0.017) (11 0.0163) (32 -0.0156) (25 0.0151) (31 0.0137) (49 0.0131) (15 -0.013) (59 -0.0123) 
  1.8609e-06   (154 -0.997) (41 -0.0406) (40 0.0355) (38 0.0333) (42 -0.0264) (43 0.0244) 
  3.4274e-06   (3 1) 
  8.7248e-06   (149 -0.919) (35 0.307) (36 -0.185) (37 0.1) (38 0.0859) (30 -0.0367) (29 0.0325) (32 -0.0322) (40 0.0321) (41 -0.0277) (43 -0.0227) (54 0.0207) (42 0.0189) (48 0.0169) (18 0.0165) (34 0.0163) (56 -0.0146) (55 -0.0137) (13 -0.0123) (39 -0.0121) (51 0.0119) (83 -0.0101) 
  9.7217e-06   (35 -0.717) (36 0.431) (149 -0.393) (37 -0.234) (38 -0.201) (30 0.0857) (29 -0.0758) (32 0.0753) (40 -0.075) (41 0.0648) (43 0.053) (54 -0.0485) (42 -0.0441) (48 -0.0395) (18 -0.0384) (34 -0.0381) (56 0.0343) (55 0.0321) (13 0.0288) (39 0.0282) (51 -0.0278) (83 0.024) (84 -0.0234) (26 0.0229) (46 -0.0224) (50 -0.0212) (19 -0.0203) (31 -0.0201) (28 0.0145) (63 -0.0135) (33 -0.013) (52 -0.013) (22 -0.0118) (25 -0.0118) (15 0.0116) (27 -0.0115) (58 -0.0103) 
  4.5544e-05   (26 0.872) (27 0.273) (25 0.249) (57 -0.189) (59 -0.11) (29 0.0883) (28 0.0829) (55 0.0816) (60 -0.0754) (54 -0.0708) (48 -0.0532) (22 -0.0526) (32 -0.0438) (40 -0.042) (18 0.038) (43 0.0337) (71 0.0329) (41 0.0272) (31 -0.0267) (77 0.0262) (50 0.0254) (68 0.025) (58 0.0242) (42 -0.0221) (39 -0.0216) (23 0.0207) (30 0.0204) (20 -0.0203) (36 -0.02) (70 0.0199) (33 -0.0188) (84 0.0179) (35 0.0167) (51 0.0161) (83 -0.0142) (53 0.0141) (15 0.014) (63 -0.0136) (46 -0.0136) (78 0.0135) (79 0.0115) (45 0.0107) (61 0.0101) (65 -0.01) (75 0.01) 
   5.363e-05   (148 0.918) (57 -0.274) (59 -0.166) (60 -0.109) (26 -0.103) (55 0.102) (54 -0.0793) (48 -0.0476) (58 0.0435) (38 -0.0317) (68 0.029) (71 0.0274) (27 -0.027) (25 -0.0264) (84 0.0241) (77 0.0221) (83 -0.0216) (70 0.0201) (53 0.019) (51 0.0181) (43 0.0176) (63 -0.0173) (50 0.016) (52 0.0155) (30 -0.0154) (42 -0.0153) (74 -0.0145) (35 0.014) (75 0.0135) (65 -0.0134) (46 -0.0134) (89 -0.0113) 
  0.00013786   (57 0.636) (148 0.396) (59 0.386) (60 0.254) (55 -0.238) (26 0.234) (54 0.184) (48 0.111) (58 -0.101) (38 0.0734) (68 -0.0675) (71 -0.0636) (27 0.0609) (25 0.0596) (84 -0.0563) (77 -0.0515) (83 0.0505) (70 -0.0468) (53 -0.0441) (51 -0.0421) (43 -0.0409) (63 0.0401) (50 -0.0372) (52 -0.0361) (30 0.0355) (42 0.0355) (74 0.0338) (35 -0.0326) (75 -0.0315) (65 0.0313) (46 0.0312) (89 0.0268) (78 -0.0229) (37 -0.0222) (28 0.0204) (64 -0.0199) (79 -0.0198) (41 -0.0192) (22 -0.019) (13 0.0188) (56 -0.0182) (40 0.0177) (61 -0.0172) (81 -0.017) (66 0.0166) (85 0.0164) (76 0.0157) (49 -0.0152) (82 -0.0134) (44 0.0132) (87 0.0119) (47 0.0117) (18 -0.0117) (67 0.0114) (19 -0.0113) (97 0.0102) (31 -0.01) 
  0.00016646   (2 -1) 
  0.00018413   (11 0.994) (13 0.0844) (18 -0.0349) (10 0.0335) (15 0.0278) (14 -0.0263) (19 -0.02) (38 0.0191) (30 0.0185) (22 -0.0121) (35 -0.0119) 
  0.00020919   (160 -1) 
  0.00021507   (4 -1) 
  0.00023987   (14 0.805) (13 -0.504) (15 0.261) (18 -0.131) (19 -0.06) (11 0.0477) (22 -0.0406) (30 0.0373) (17 -0.034) (38 0.026) (24 -0.0253) (27 -0.0244) (35 -0.0187) (26 0.0137) (23 0.0104) 
  0.00026034   (159 -1) 
  0.00027003   (7 -1) 
  0.00027852   (22 0.657) (23 -0.585) (24 -0.334) (18 0.212) (19 0.189) (26 0.077) (13 -0.0726) (37 0.0525) (30 0.045) (35 -0.0445) (15 -0.0435) (14 0.0401) (27 -0.04) (32 0.0397) (17 0.0364) (21 0.0318) (29 -0.0311) (20 0.0309) (156 -0.0295) (25 -0.0273) (40 0.0268) (11 0.024) (39 -0.0214) (31 -0.0189) (56 0.0172) (33 0.0164) (43 -0.0163) (41 -0.0152) (42 0.0128) 
  0.00028462   (156 -1) (22 -0.0194) (23 0.0172) 
  0.00028985   (6 1) 
  0.00029663   (15 -0.939) (13 -0.197) (14 0.144) (16 -0.131) (17 -0.124) (18 -0.107) (19 -0.076) (22 -0.0471) (11 0.0387) (26 0.0253) (27 -0.0228) (35 -0.0211) (30 0.0188) (31 -0.015) (40 0.0142) (38 0.013) (43 -0.0117) (25 0.0114) (158 -0.01) 
  0.00029894   (158 -1) 
  0.00033033   (76 -0.788) (60 0.336) (57 -0.284) (59 0.209) (72 0.194) (75 -0.186) (54 0.115) (38 -0.0982) (58 -0.0975) (49 -0.0671) (83 0.0617) (46 0.0577) (51 -0.0439) (77 0.0432) (30 -0.0428) (36 0.0411) (35 0.0388) (18 0.0355) (45 -0.0352) (43 0.0331) (84 -0.0322) (52 0.0303) (13 -0.0288) (41 -0.0262) (40 0.0243) (47 -0.0237) (55 0.0212) (111 -0.021) (25 0.0207) (89 -0.0199) (100 0.019) (29 0.0184) (42 -0.0176) (39 -0.0171) (97 -0.0167) (19 0.0157) (124 0.0155) (56 0.0155) (122 -0.0146) (34 0.0137) (73 0.0135) (71 0.013) (93 -0.013) (48 0.0125) (98 0.012) (50 -0.0117) (27 0.0113) (119 0.0113) (92 0.0113) (74 -0.0111) (126 -0.0111) (108 0.0105) (65 0.0102) (22 -0.0101) (120 0.0101) 
  0.00036916   (60 0.495) (76 0.464) (57 -0.426) (59 0.309) (72 -0.274) (38 -0.159) (54 0.149) (69 -0.145) (58 -0.144) (49 -0.134) (152 -0.115) (75 0.102) (43 0.0892) (46 0.0882) (30 -0.0696) (42 -0.0671) (35 0.0641) (47 -0.057) (18 0.051) (36 0.0474) (13 -0.0472) (52 0.042) (73 -0.0375) (56 0.0371) (29 0.03) (77 -0.0285) (19 0.0277) (122 0.0268) (25 0.0265) (51 -0.0244) (71 -0.0236) (111 -0.0218) (48 0.0203) (53 0.0203) (34 0.0184) (41 -0.0181) (39 -0.0177) (67 -0.0175) (27 0.0171) (126 -0.0171) (11 0.0169) (74 -0.0167) (65 0.0166) (89 -0.016) (121 -0.0156) (26 -0.0147) (113 -0.0143) (129 -0.0133) (83 0.0133) (15 -0.0124) (40 0.0122) (97 -0.0112) (114 0.0105) (101 -0.0104) (131 0.0102) 
  0.00038664   (152 -0.993) (60 -0.0602) (57 0.052) (76 -0.0472) (59 -0.0376) (72 0.0298) (38 0.0198) (54 -0.0185) (58 0.0175) (69 0.0167) (49 0.0163) (46 -0.0109) (43 -0.0108) (75 -0.0103) 
   0.0004205   (19 -0.818) (18 0.564) (47 -0.0624) (20 0.0423) (25 -0.0402) (49 0.0384) (22 0.0382) (13 -0.0262) (46 0.0208) (43 0.0193) (21 0.0183) (24 -0.0159) (42 -0.0144) (27 -0.0129) (14 0.0126) (57 0.0112) 
  0.00054907   (47 -0.714) (49 0.437) (151 0.302) (46 0.227) (38 -0.208) (43 0.202) (42 -0.144) (19 0.0917) (57 0.0877) (30 -0.0768) (35 0.0766) (48 0.0673) (60 -0.0556) (53 -0.0498) (55 -0.0441) (13 -0.0432) (54 -0.0399) (36 0.0376) (29 0.0342) (52 -0.0339) (25 0.026) (39 -0.0182) (34 0.0182) (27 0.0175) (50 0.0169) (59 -0.0168) (84 0.0167) (26 -0.0161) (11 0.0157) (76 -0.0137) (58 0.0132) (111 -0.012) (89 -0.0102) 
  0.00055586   (151 0.953) (47 0.226) (49 -0.138) (46 -0.0719) (38 0.0662) (43 -0.0642) (42 0.0457) (19 -0.0278) (57 -0.0277) (30 0.0244) (35 -0.0243) (48 -0.0213) (60 0.0176) (53 0.0158) (55 0.0139) (13 0.0138) (54 0.0126) (36 -0.0119) (29 -0.0109) (52 0.0107) 
  0.00059016   (52 0.848) (51 -0.243) (48 -0.217) (45 -0.196) (49 -0.196) (50 -0.162) (55 -0.121) (57 0.105) (47 -0.102) (38 -0.0781) (54 -0.0768) (46 0.0678) (60 -0.0598) (59 -0.0562) (56 0.0493) (35 0.0336) (30 -0.0294) (36 0.0284) (72 -0.0267) (18 0.0262) (58 0.0261) (41 -0.0246) (40 0.0206) (43 -0.0188) (13 -0.0188) (69 -0.0187) (53 0.0172) (25 0.0166) (146 -0.0164) (39 -0.0141) (29 0.0137) (34 0.0103) (19 0.0102) 
  0.00060947   (146 -0.618) (45 0.614) (43 0.238) (48 0.198) (47 0.19) (52 0.172) (42 -0.151) (38 -0.129) (51 -0.0991) (46 -0.0828) (49 0.0629) (54 0.048) (55 -0.0471) (35 0.0459) (30 -0.0452) (41 0.0423) (56 0.0354) (60 -0.0332) (57 0.032) (59 -0.0293) (18 0.0242) (13 -0.0239) (40 -0.0238) (83 -0.0209) (29 0.0204) (84 0.019) (76 -0.0183) (19 0.0176) (72 0.0165) (25 0.0144) (26 -0.0134) (58 0.0124) (50 -0.0106) (53 -0.0104) 
  0.00061874   (146 -0.786) (45 -0.478) (43 -0.187) (52 -0.153) (48 -0.151) (47 -0.148) (42 0.118) (38 0.103) (51 0.083) (46 0.0636) (49 -0.0453) (55 0.0395) (35 -0.0368) (30 0.0362) (54 -0.0361) (41 -0.0327) (56 -0.0288) (60 0.0273) (57 -0.0272) (59 0.0241) (18 -0.0196) (13 0.0192) (40 0.0182) (83 0.0164) (29 -0.0164) (84 -0.0149) (76 0.0144) (19 -0.0141) (72 -0.0125) (50 0.0117) (25 -0.0117) (26 0.0106) (58 -0.0102) 
  0.00075469   (72 0.778) (74 0.323) (73 0.295) (76 0.252) (49 -0.218) (75 0.138) (38 -0.11) (69 0.11) (48 -0.0745) (51 0.0664) (43 0.0605) (46 0.0583) (53 -0.0575) (47 -0.055) (54 0.0508) (35 0.0462) (83 0.0456) (30 -0.0438) (42 -0.0425) (18 0.0364) (52 -0.0359) (36 0.0337) (13 -0.0297) (57 -0.0297) (60 0.0286) (71 0.0234) (147 0.0233) (77 0.0212) (25 0.0205) (89 -0.0196) (29 0.0196) (59 0.0192) (111 -0.0187) (70 0.0179) (126 -0.0174) (19 0.0172) (100 0.0166) (120 0.0156) (118 0.0151) (39 -0.014) (98 0.0138) (95 -0.0138) (41 -0.0134) (34 0.0133) (92 0.0129) (40 0.0127) (124 0.0119) (27 0.0119) (90 -0.0119) (97 -0.0112) (56 0.0104) 
  0.00079285   (49 -0.614) (147 0.382) (51 0.332) (48 -0.221) (72 -0.201) (43 0.177) (52 -0.173) (38 -0.171) (57 0.17) (47 -0.159) (53 -0.136) (42 -0.127) (45 0.116) (76 -0.104) (59 -0.104) (46 0.1) (60 -0.0972) (74 -0.09) (73 -0.0849) (55 -0.069) (35 0.0666) (30 -0.0578) (58 0.0458) (75 -0.0456) (56 0.0408) (13 -0.0373) (18 0.0371) (69 -0.0287) (83 -0.0282) (29 0.0256) (36 0.0252) (19 0.0252) (84 0.0206) (25 0.0188) (40 -0.0188) (122 0.0179) (41 0.0177) (26 -0.0174) (50 0.0153) (70 -0.0144) (34 0.0138) (27 0.0128) (11 0.0115) 
  0.00084114   (147 0.924) (49 0.259) (51 -0.139) (48 0.0932) (43 -0.0749) (38 0.0738) (52 0.0724) (57 -0.0691) (47 0.067) (72 0.0631) (53 0.0576) (42 0.0536) (45 -0.0481) (46 -0.043) (59 0.0422) (60 0.0392) (76 0.0366) (74 0.029) (35 -0.0289) (55 0.0286) (73 0.0276) (30 0.0252) (58 -0.0186) (56 -0.0171) (18 -0.0164) (13 0.0163) (75 0.0154) (36 -0.0114) (29 -0.0112) (19 -0.0109) (83 0.0107) 
  0.00088026   (36 0.762) (37 0.39) (38 0.285) (35 0.237) (18 0.202) (24 -0.135) (19 0.135) (23 0.126) (25 -0.0753) (22 -0.0737) (13 -0.0704) (34 0.0628) (30 -0.0439) (39 0.0435) (20 -0.0396) (41 0.0386) (40 -0.0376) (46 -0.0339) (21 -0.0338) (43 -0.0213) (45 0.0209) (54 -0.0205) (49 0.0202) (26 0.02) (57 0.0191) (15 -0.0182) (29 0.0175) (42 0.0172) (11 0.0155) (60 -0.0116) (17 0.0112) (51 0.011) (27 -0.0102) 
   0.0010572   (18 0.483) (24 -0.416) (23 0.388) (19 0.35) (25 -0.334) (36 -0.278) (22 -0.174) (37 -0.127) (13 -0.127) (35 -0.126) (30 0.117) (20 -0.0965) (21 -0.0907) (26 0.0817) (27 -0.0734) (29 -0.0515) (15 -0.0501) (34 -0.0351) (38 -0.0264) (17 0.0251) (11 0.023) (142 0.0163) (43 -0.0106) 
   0.0011151   (142 0.998) (143 0.0592) 
    0.001279   (46 0.668) (47 0.516) (13 -0.22) (45 -0.21) (49 0.204) (38 -0.2) (42 -0.139) (43 0.133) (14 -0.132) (51 0.0935) (54 -0.0923) (40 0.0766) (57 0.0734) (36 0.0659) (35 0.0573) (30 -0.0549) (60 -0.0534) (41 -0.0478) (53 -0.044) (50 0.0421) (59 -0.0395) (39 -0.034) (83 0.0302) (55 -0.0297) (72 -0.0244) (29 0.024) (11 0.0231) (52 -0.0211) (15 0.0211) (34 0.0203) (25 0.0197) (58 0.0193) (48 -0.0109) (27 0.0101) 
   0.0013018   (13 -0.75) (14 -0.554) (18 -0.184) (46 -0.166) (47 -0.117) (15 0.11) (19 -0.103) (38 0.0883) (30 0.064) (25 -0.0525) (45 0.0508) (43 -0.0434) (49 -0.042) (42 0.0412) (35 -0.0382) (11 0.0322) (36 -0.0316) (29 -0.0278) (27 -0.0276) (26 0.027) (40 -0.0254) (20 0.0236) (17 -0.02) (51 -0.0194) (54 0.0171) (22 0.0161) (39 0.0129) (34 -0.0128) (41 0.0123) (57 -0.012) (50 -0.0106) (23 -0.0105) (21 0.0101) 
   0.0014987   (145 -1) (143 -0.0151) 
   0.0015482   (55 0.709) (54 0.51) (30 -0.345) (57 0.182) (29 0.135) (51 -0.106) (32 0.0986) (60 -0.085) (35 -0.0705) (18 0.0604) (33 -0.0565) (59 -0.0493) (52 0.0485) (13 -0.047) (45 -0.0458) (46 0.0454) (25 0.04) (31 -0.0388) (72 -0.0387) (53 -0.0372) (19 0.0329) (58 0.0294) (49 -0.0285) (69 -0.0278) (83 0.026) (27 0.0256) (34 -0.0235) (38 0.0223) (41 -0.0205) (48 0.0205) (26 -0.0182) (40 0.017) (70 -0.0168) (56 0.0159) (50 -0.0156) (84 -0.0146) (36 -0.0135) (11 0.0124) (44 -0.0112) (140 0.0111) (75 0.0109) 
   0.0016856   (30 -0.736) (55 -0.311) (29 0.286) (54 -0.229) (35 -0.225) (32 0.222) (38 0.215) (33 -0.128) (36 -0.109) (18 0.0846) (31 -0.0823) (34 -0.0789) (13 -0.0637) (57 -0.0578) (25 0.0568) (51 0.0563) (140 0.0553) (19 0.0509) (27 0.0429) (46 -0.0427) (43 -0.0381) (26 -0.0372) (40 -0.0322) (42 0.0314) (60 0.0266) (39 0.0264) (52 -0.0257) (49 0.0251) (47 0.0188) (11 0.0166) (45 0.0158) (50 0.0119) (59 0.011) (72 0.011) (69 0.0102) 
   0.0017458   (140 0.998) (30 0.0448) (29 -0.0174) (32 -0.0134) (35 0.0131) (38 -0.0119) 
   0.0017882   (27 0.705) (17 -0.609) (26 -0.214) (28 -0.182) (18 0.144) (19 0.0943) (30 0.0899) (25 0.0582) (29 -0.0417) (15 0.0413) (38 0.0377) (13 -0.0349) (35 -0.0321) (24 0.0299) (22 0.0297) (20 0.0228) (137 0.0224) (21 0.0194) (44 -0.0187) (36 -0.0147) (43 -0.0117) (14 -0.0109) 
    0.001965   (17 0.766) (27 0.541) (28 -0.174) (26 -0.171) (137 0.165) (15 -0.093) (30 0.0817) (13 -0.073) (20 -0.0507) (25 0.0474) (38 0.0433) (29 -0.0382) (35 -0.0362) (14 0.0301) (11 0.0188) (18 0.0154) (43 -0.0147) (16 -0.0134) (33 -0.0108) (36 -0.0104) (23 0.0101) 
   0.0020902   (137 0.986) (17 -0.114) (27 -0.106) (26 0.0334) (28 0.0332) (30 -0.0157) (15 0.0146) (13 0.013) 
    0.002226   (28 0.909) (50 -0.271) (27 0.207) (26 -0.132) (51 0.117) (74 -0.0629) (25 -0.0506) (49 0.0486) (73 -0.0475) (43 -0.0445) (72 0.0417) (77 -0.0376) (40 0.0317) (56 0.0309) (45 0.0291) (30 0.0261) (17 0.0228) (31 0.0203) (29 0.0193) (39 0.0179) (13 -0.0175) (76 0.0168) (75 -0.0166) (71 0.0149) (132 -0.0147) (61 0.0143) (18 0.0142) (38 0.0142) (19 0.0125) (60 0.0125) (54 0.0119) (57 -0.0108) (44 -0.0105) (37 -0.0105) (79 -0.01) 
   0.0022714   (74 -0.579) (77 -0.416) (72 0.333) (73 -0.31) (50 0.292) (132 -0.211) (75 -0.192) (51 -0.159) (71 0.158) (76 0.134) (67 0.0954) (70 0.0725) (39 0.0632) (79 -0.0629) (80 -0.0627) (49 -0.0617) (69 0.0558) (83 0.0396) (64 -0.0361) (38 -0.0344) (53 0.0343) (56 -0.0342) (81 -0.0338) (45 -0.0323) (85 -0.0261) (43 0.0261) (82 0.0239) (131 -0.0219) (129 -0.0217) (86 0.0213) (78 -0.0204) (89 -0.0198) (66 0.0185) (127 -0.0168) (61 0.0156) (60 0.015) (48 0.0149) (118 0.0148) (46 0.0141) (114 -0.0141) (58 -0.0131) (119 -0.0129) (99 0.0127) (113 0.0118) (111 0.0114) (84 -0.011) (29 0.0104) 
   0.0023451   (50 0.688) (132 -0.372) (51 -0.321) (28 0.276) (74 0.244) (73 0.16) (77 0.16) (72 -0.154) (49 -0.126) (56 -0.092) (71 -0.0776) (27 0.0723) (43 0.0665) (76 -0.0658) (75 0.0657) (39 0.0577) (26 -0.049) (60 -0.0483) (45 -0.046) (54 -0.0407) (57 0.0403) (55 -0.0332) (69 -0.0283) (79 0.0271) (61 -0.0264) (80 0.026) (53 0.0249) (131 -0.0247) (129 -0.0247) (44 0.0245) (64 0.0238) (25 -0.0208) (81 0.0198) (47 -0.0196) (70 -0.0193) (67 -0.0189) (83 -0.0164) (66 -0.016) (40 -0.0155) (48 0.0151) (93 0.0145) (38 -0.0144) (52 -0.014) (63 0.0128) (13 -0.0122) (17 0.0119) (84 -0.0102) (100 -0.0101) 
   0.0024462   (132 -0.9) (50 -0.349) (51 0.168) (28 -0.13) (49 0.066) (131 -0.0532) (56 0.0455) (39 -0.0394) (129 -0.038) (74 0.0365) (27 -0.0355) (43 -0.0331) (77 0.032) (45 0.0263) (26 0.0237) (53 -0.0184) (75 0.0183) (54 0.0183) (57 -0.0177) (60 0.0161) (72 -0.0157) (67 -0.0149) (38 0.0141) (55 0.0138) (44 -0.0107) (47 0.0101) 
   0.0027148   (23 -0.665) (22 -0.601) (53 -0.238) (25 -0.182) (18 0.181) (24 0.161) (20 -0.122) (19 0.0945) (21 -0.0863) (60 0.052) (16 0.0427) (13 -0.037) (59 -0.0341) (54 -0.0309) (49 0.0297) (46 -0.0281) (30 0.0275) (38 0.027) (36 -0.0256) (48 -0.0241) (26 0.0215) (56 -0.0181) (35 -0.0169) (122 -0.0157) (50 0.0155) (40 -0.0154) (41 0.0149) (31 0.0148) (27 -0.0143) (125 -0.0133) (28 -0.0132) (47 0.0119) (55 0.0119) (45 0.0116) (52 0.0113) 
   0.0027217   (60 -0.697) (59 0.586) (57 -0.212) (54 0.181) (58 -0.138) (55 -0.13) (56 0.122) (53 0.104) (22 -0.0689) (23 -0.0662) (49 -0.0635) (48 0.0625) (46 0.0477) (84 -0.0362) (133 -0.0333) (41 -0.029) (18 0.0252) (83 0.0252) (50 -0.025) (119 0.0247) (125 -0.0238) (40 0.0234) (74 -0.0221) (42 0.0216) (36 0.0193) (45 -0.0176) (126 -0.0168) (20 -0.0165) (61 0.0159) (47 -0.0146) (24 0.0144) (72 -0.0124) (105 0.0122) (70 0.012) (19 0.0113) (73 -0.0112) (25 -0.011) (44 0.0106) (39 -0.0105) (21 -0.0102) (35 -0.0102) 
   0.0028387   (133 -0.833) (53 0.513) (23 -0.0852) (59 -0.0828) (22 -0.0817) (57 0.0628) (60 0.0546) (49 -0.0513) (42 -0.0406) (52 -0.0329) (18 0.0325) (48 0.0324) (46 0.0324) (38 -0.0294) (50 -0.0255) (47 -0.0249) (58 0.0244) (51 0.0219) (24 0.0209) (40 0.0186) (19 0.0183) (25 -0.0174) (20 -0.0158) (83 0.0141) (74 0.0134) (13 -0.0124) (21 -0.0119) (30 -0.0106) 
   0.0029555   (53 -0.78) (133 -0.551) (23 0.132) (22 0.127) (59 0.0883) (49 0.0815) (57 -0.0813) (42 0.0594) (48 -0.053) (46 -0.052) (18 -0.0504) (52 0.0502) (38 0.0448) (125 -0.0437) (50 0.0401) (60 -0.0391) (47 0.0384) (51 -0.0329) (24 -0.0322) (40 -0.0295) (58 -0.0282) (19 -0.0282) (25 0.0268) (20 0.0248) (83 -0.0226) (126 -0.0207) (74 -0.0192) (13 0.0189) (122 -0.0189) (21 0.0185) (56 -0.0183) (30 0.0162) (119 0.0136) (54 -0.0127) (44 0.0127) (36 -0.0121) (73 -0.0117) (35 -0.0101) 
   0.0033237   (41 -0.707) (40 -0.49) (69 -0.403) (38 -0.168) (83 -0.114) (84 -0.112) (43 -0.108) (42 0.0776) (72 0.0625) (46 -0.0527) (57 0.0526) (70 0.041) (54 -0.0393) (45 0.0392) (36 0.0368) (35 0.0358) (86 -0.035) (49 0.0317) (60 -0.0288) (52 -0.028) (130 -0.0264) (30 -0.024) (47 0.0236) (68 0.023) (59 -0.0212) (53 0.0182) (18 0.0171) (75 -0.0138) (29 0.0116) (56 -0.0116) (13 -0.0116) (58 0.0114) (39 -0.0111) (118 0.0104) (51 0.0101) (34 0.0101) 
   0.0036075   (84 -0.611) (83 -0.582) (69 0.404) (130 -0.281) (86 -0.139) (129 -0.0591) (72 -0.0443) (60 0.0361) (82 0.0352) (119 -0.0349) (57 -0.0346) (118 0.0324) (90 -0.0324) (111 -0.0304) (91 -0.0291) (70 -0.0287) (38 -0.0263) (89 -0.0259) (68 -0.0249) (54 0.0247) (95 -0.0222) (92 0.0221) (87 -0.0216) (98 0.021) (81 -0.0208) (120 0.0202) (41 -0.0195) (105 0.0192) (122 0.0188) (108 0.0177) (46 0.0156) (88 0.0153) (124 0.0152) (125 0.0149) (104 -0.014) (100 0.0138) (101 -0.0138) (103 0.0132) (97 -0.0128) (45 -0.0127) (110 0.0125) (30 -0.0116) (36 0.0114) (80 0.0111) (73 -0.0107) 
   0.0036579   (69 0.605) (130 -0.49) (83 0.335) (84 0.321) (41 -0.288) (40 -0.202) (72 -0.122) (129 -0.0924) (86 0.0807) (38 -0.0775) (70 -0.0691) (42 0.036) (68 -0.0332) (43 -0.0306) (57 -0.0295) (90 0.0285) (75 0.0276) (82 -0.0264) (105 -0.0242) (54 0.0219) (119 0.0213) (73 -0.021) (60 0.0198) (36 0.0197) (35 0.0189) (87 0.017) (74 0.0169) (79 0.0166) (30 -0.0136) (118 -0.0134) (103 -0.0132) (80 -0.0129) (126 -0.0129) (71 0.0121) (18 0.0117) (46 -0.0114) (56 0.0112) (104 0.0108) (98 -0.0106) (53 -0.0105) (48 0.0105) (88 -0.0102) 
   0.0037362   (130 -0.803) (69 -0.499) (41 0.206) (129 -0.153) (40 0.142) (72 0.0875) (38 0.0627) (70 0.0507) (57 0.0288) (68 0.0284) (60 -0.0243) (84 0.0233) (43 0.0222) (42 -0.0211) (54 -0.021) (75 -0.0178) (36 -0.0175) (35 -0.0164) (73 0.0162) (30 0.0135) (18 -0.0113) 
   0.0039082   (103 0.405) (106 -0.397) (112 -0.31) (107 0.308) (100 0.308) (110 -0.297) (102 -0.253) (111 0.213) (113 -0.171) (116 -0.144) (108 -0.132) (117 0.132) (118 -0.117) (105 0.117) (99 0.093) (93 0.0924) (104 -0.0912) (120 0.0771) (121 -0.0676) (119 -0.0652) (122 -0.0641) (153 0.0633) (115 -0.0609) (98 0.0596) (101 -0.0585) (54 0.057) (92 -0.0565) (123 0.0516) (109 0.0484) (91 0.0465) (124 0.0435) (55 -0.0392) (48 -0.0323) (59 -0.0302) (56 0.0288) (96 -0.0201) (89 0.0174) (86 -0.0173) (126 -0.0162) (49 0.0151) (161 -0.015) (51 -0.0141) (83 0.0141) (88 -0.013) (125 0.0106) (131 0.0104) (52 -0.0101) (80 -0.01) 
   0.0039634   (141 -0.995) (153 -0.0947) (161 0.0248) (139 0.0209) (155 0.0114) 
   0.0039722   (48 -0.641) (54 0.499) (55 -0.34) (49 0.241) (56 0.21) (51 -0.184) (59 -0.172) (52 -0.152) (47 0.0818) (46 -0.0698) (45 0.0556) (57 -0.0488) (58 0.0478) (53 0.0424) (106 0.0423) (103 -0.0412) (43 0.0347) (110 0.0327) (107 -0.029) (40 -0.0253) (102 0.022) (41 0.0216) (101 0.0206) (42 -0.0205) (112 0.019) (98 -0.0177) (108 0.0171) (111 -0.0164) (100 -0.0159) (118 0.0158) (69 -0.0153) (93 0.0151) (113 0.0138) (117 -0.0132) (50 0.0123) (119 0.0119) (92 -0.0119) (153 -0.0117) (91 0.0112) (89 0.0112) (60 0.0107) 
   0.0040339   (81 0.424) (70 0.391) (71 -0.355) (44 0.318) (79 -0.298) (82 -0.287) (75 -0.236) (92 0.2) (77 0.176) (74 -0.144) (73 0.136) (93 0.127) (68 -0.0994) (80 -0.0948) (86 0.0943) (108 0.0941) (76 0.0672) (99 0.0638) (98 0.0613) (104 0.0584) (42 0.0553) (78 -0.0553) (69 0.0542) (111 0.0534) (90 0.0486) (88 -0.0484) (87 -0.0439) (103 0.0369) (43 0.0333) (96 0.0322) (102 0.03) (155 0.029) (55 0.0272) (40 0.0271) (66 0.0266) (112 0.0261) (97 0.0249) (106 0.0243) (113 -0.0232) (110 -0.0228) (83 -0.0223) (109 -0.0207) (67 -0.0204) (50 -0.02) (59 -0.0194) (89 0.0193) (107 -0.0193) (41 -0.0187) (91 -0.0181) (85 -0.018) (62 0.0141) (105 -0.0132) (121 0.013) (45 0.0129) (65 0.0118) (95 -0.0117) (153 0.0117) (17 0.01) 
   0.0041285   (155 0.99) (153 0.132) (44 -0.0396) (161 0.0108) 
   0.0043371   (44 0.913) (70 -0.167) (71 0.151) (42 0.145) (81 -0.134) (43 0.0975) (79 0.0828) (82 0.0812) (75 0.0804) (80 0.07) (86 -0.061) (77 -0.0598) (73 -0.0553) (108 -0.053) (40 0.0528) (68 0.0485) (90 -0.046) (74 0.0433) (38 0.0402) (45 0.0391) (41 -0.0338) (48 -0.0328) (103 -0.0327) (155 0.0325) (102 -0.0315) (55 0.0308) (53 0.0257) (104 -0.0255) (78 -0.0243) (69 -0.0241) (111 -0.0239) (99 -0.0233) (98 -0.0216) (76 -0.0215) (54 -0.0214) (35 -0.0208) (49 0.0188) (50 -0.0182) (30 0.0168) (51 0.0164) (46 0.0158) (66 -0.0143) (17 -0.0131) (110 0.0131) (118 -0.013) (92 -0.0124) (119 0.0118) (109 0.0117) (67 0.0115) (29 -0.0111) (88 0.0104) 
   0.0045121   (21 0.935) (136 0.326) (22 -0.0922) (19 0.0524) (18 0.0503) (8 -0.0486) (25 -0.0414) (20 -0.0318) (17 0.0207) (24 -0.0176) (27 -0.0132) 
   0.0049252   (136 0.945) (21 -0.323) (22 0.0318) (19 -0.0181) (18 -0.0174) (8 0.0147) (25 0.0143) (20 0.011) 
   0.0049968   (8 0.999) (21 0.0502) 
   0.0053283   (5 1) 
   0.0055037   (24 0.814) (18 0.335) (22 0.289) (19 0.241) (25 -0.14) (13 -0.12) (23 0.118) (27 -0.0942) (30 0.0833) (26 0.0654) (17 0.0484) (38 0.0425) (15 -0.0385) (35 -0.0384) (14 0.036) (33 -0.0345) (11 0.0328) (29 -0.0301) (32 0.03) (31 -0.0197) (43 -0.0172) (20 -0.0139) (42 0.0137) (144 0.0133) (40 0.0132) (84 0.0111) 
    0.005842   (144 1) (24 -0.0108) 
   0.0060733   (10 0.97) (33 0.169) (32 -0.153) (30 -0.0479) (35 -0.0355) (31 0.0346) (11 -0.0312) (29 0.026) (38 0.0196) 
   0.0061789   (134 -0.83) (33 0.378) (32 -0.339) (10 -0.138) (30 -0.113) (31 0.0808) (35 -0.0791) (29 0.0614) (38 0.0357) (18 0.0259) (24 0.0184) (13 -0.0177) (40 0.0166) (19 0.0145) (41 -0.0133) (22 0.0127) (43 -0.0118) (48 0.0115) (11 0.0108) (27 0.0105) (34 -0.0104) 
   0.0063637   (33 -0.564) (134 -0.557) (32 0.506) (10 0.197) (30 0.168) (31 -0.121) (35 0.118) (29 -0.0917) (38 -0.0533) (18 -0.0386) (24 -0.0274) (13 0.0263) (40 -0.0247) (19 -0.0217) (41 0.0198) (22 -0.0189) (43 0.0177) (48 -0.0172) (11 -0.0158) (27 -0.0156) (34 0.0156) (42 -0.0147) (26 0.0141) (54 -0.013) (36 -0.012) (84 -0.0114) (55 0.0112) (83 0.0102) 
   0.0063882   (16 -0.888) (42 -0.332) (43 -0.262) (15 0.111) (44 0.0909) (39 0.0579) (38 -0.0345) (46 -0.0277) (18 0.0251) (13 0.024) (53 -0.0238) (23 -0.0235) (31 0.0209) (25 -0.018) (50 0.0162) (20 0.0162) (14 -0.0154) (29 0.0148) (66 -0.0133) (62 0.013) (41 0.0126) (35 0.0123) (12 0.0114) (19 0.0109) (28 -0.0107) (60 -0.0103) 
   0.0069045   (138 0.995) (42 -0.0658) (43 -0.0522) (16 0.0508) (44 0.0168) 
    0.008226   (42 0.675) (43 0.535) (16 -0.434) (44 -0.173) (138 0.101) (39 -0.0848) (38 0.0629) (15 0.0571) (46 0.0528) (53 0.0414) (50 -0.0356) (66 0.0252) (41 -0.025) (23 -0.0234) (79 0.0214) (62 -0.0208) (48 -0.0205) (29 -0.0195) (61 -0.0194) (13 0.0193) (22 -0.0193) (70 -0.0181) (31 -0.018) (60 0.0179) (54 -0.0168) (35 -0.0167) (51 0.014) (65 -0.014) (75 -0.0135) (84 -0.0126) (78 0.0125) (55 0.012) (59 -0.0112) (85 -0.0111) (119 0.011) (76 0.0107) (118 -0.0106) (64 -0.0105) (14 -0.0104) (71 -0.0103) 
   0.0086748   (12 0.951) (31 0.296) (29 0.0545) (32 0.0459) (39 -0.0305) (33 -0.0276) (135 -0.0219) (63 0.0205) (16 0.0137) (28 -0.0101) 
   0.0093105   (135 -0.947) (31 0.285) (12 -0.119) (29 0.0595) (32 0.0465) (39 -0.0354) (33 -0.0289) (25 -0.0105) 

 Largest eigenvalues
      13.485   (161 -0.299) (163 0.901) 
      10.023   (48 -0.566) (54 -0.384) (55 0.33) (59 0.388) 
      2.1246   (83 0.658) (84 -0.669) 
      1.5242   (118 -0.502) (119 0.632) (120 -0.289) (122 -0.38) 
      1.3319   (153 -0.388) (161 -0.843) (163 -0.364) 
      1.2288   (153 -0.88) (161 0.44) 
      1.2249   (164 0.995) 
      1.2095   (165 0.993) 
      1.1872   (92 0.467) (93 -0.68) (100 -0.393) 
      1.1729   (93 -0.304) (100 0.393) (109 -0.726) 
      1.1107   (100 0.586) (109 0.457) (117 0.419) 
      1.0935   (100 0.369) (117 -0.732) 
      1.0743   (98 0.68) (99 -0.538) 
      1.0168   (102 -0.313) (103 0.431) (104 -0.388) (105 -0.501) (106 0.312) 
     0.82482   (110 0.286) (113 -0.562) (114 -0.396) 
     0.80773   (114 0.608) (117 0.366) 
       0.762   (107 -0.456) (110 -0.605) (111 -0.4) 
       0.758   (106 0.347) (107 0.743) (111 -0.311) (112 0.335) 
     0.74513   (116 0.507) (123 0.389) (124 0.383) (131 0.332) 
     0.65928   (110 0.207) (114 0.211) (116 -0.758) (123 0.257) (124 0.229) (131 0.246) 
     0.60647   (105 -0.315) (106 -0.659) (110 0.311) (112 0.405) 
      0.6015   (103 0.299) (105 0.712) 
     0.59616   (122 -0.372) (125 0.464) (127 0.596) 
      0.5947   (122 0.319) (125 -0.725) (126 -0.308) (127 0.424) 
     0.57423   (119 0.332) (122 0.648) (125 0.36) 
     0.55315   (118 -0.395) (119 -0.653) (120 -0.414) 
     0.54724   (123 0.669) (126 0.508) (127 0.287) 
     0.52084   (120 0.561) (121 0.44) (124 0.347) (126 0.313) (131 -0.289) 
     0.46801   (118 0.566) (120 -0.477) (124 0.319) (131 -0.315) 
     0.40287   (91 -0.957) 
     0.39446   (121 -0.427) (126 -0.472) (131 -0.463) 
     0.34218   (96 0.929) 
     0.32028   (96 -0.298) (101 -0.304) (104 0.754) 
     0.29061   (101 -0.759) (102 0.4) (104 -0.341) 
     0.26824   (98 0.341) (99 0.372) (101 0.335) (111 -0.373) (124 -0.344) 
     0.24957   (80 0.294) (86 0.674) 
     0.24681   (80 -0.424) (98 -0.413) (99 -0.44) 
     0.23029   (78 -0.404) (80 0.529) (86 -0.533) 
      0.1902   (108 0.498) (111 0.439) 
     0.15329   (90 0.705) (92 -0.408) (93 -0.304) 
     0.14967   (90 -0.448) (95 -0.506) (102 -0.334) (103 -0.332) 
     0.12272   (88 0.397) (92 0.506) (93 0.391) 
     0.11596   (88 -0.762) (90 0.328) (95 0.373) 
     0.11458   (87 0.587) (90 -0.286) (92 -0.353) (95 0.395) 
     0.11061   (70 0.406) (71 -0.328) (81 -0.348) (82 0.508) 
    0.099833   (70 -0.365) (79 -0.311) (87 -0.307) 
    0.097436   (62 0.374) (65 0.266) (66 0.383) (68 -0.298) (75 0.261) (87 -0.254) 
    0.095257   (58 0.528) (62 -0.434) 
    0.093607   (58 -0.665) (66 -0.31) 
     0.09208   (58 0.346) (62 0.34) (95 -0.298) (102 0.28) 
    0.088671   (62 -0.539) (68 -0.363) 
    0.087014   (62 0.435) (65 -0.381) (66 -0.431) 
    0.083405   (64 0.21) (65 0.67) (67 0.224) (68 0.284) (82 0.236) 
    0.076613   (61 -0.495) (64 -0.374) (66 0.391) (68 0.413) 
    0.072794   (61 0.684) (65 -0.227) (66 0.215) (77 -0.209) 
    0.068969   (61 -0.312) (68 -0.306) (113 0.37) 
    0.066747   (61 0.243) (67 0.252) (70 0.262) (71 0.211) (73 -0.264) (77 0.362) (81 -0.286) (82 -0.246) (113 0.248) 
     0.06608   (64 0.558) (67 -0.415) 
    0.062931   (64 -0.548) (65 0.211) (70 -0.278) (71 -0.271) (77 -0.246) (79 -0.228) (85 -0.255) 
    0.059606   (67 0.613) (73 0.326) 
    0.056477   (63 0.366) (71 0.34) (97 -0.332) 
    0.055238   (63 -0.63) (73 -0.324) (97 -0.301) 
    0.052512   (63 0.592) (67 0.298) (71 -0.305) 
    0.052131   (73 0.265) (85 0.453) (97 -0.273) (115 0.351) 
    0.050494   (29 0.835) (30 0.351) (39 0.338) 
    0.047062   (29 -0.32) (39 0.84) 
    0.041706   (39 -0.268) (74 0.302) (75 -0.341) (89 -0.303) (97 0.262) (115 0.441) 
    0.041265   (56 -0.552) (115 0.328) 
    0.039556   (51 -0.368) (56 0.367) (74 -0.328) (75 0.343) 
    0.036906   (32 0.495) (33 0.462) (37 0.507) 
    0.030654   (32 -0.48) (33 -0.484) (37 0.44) 
    0.029446   (34 -0.308) (37 -0.364) (89 0.515) 
    0.028095   (34 0.82) (89 0.275) 
    0.027236   (34 -0.43) (51 -0.37) (56 -0.392) 
    0.025449   (129 0.87) (131 0.279) 
    0.023825   (128 -0.578) (150 0.775) 
    0.022577   (128 -0.577) (162 -0.799) 
    0.021088   (128 -0.577) (150 -0.609) (162 0.544) 
    0.018399   (20 0.975) 
     0.01686   (139 0.997) 
