 1 1000
 2 646.84
 3 13.6707
 4 1000
 5 541.038
 6 271.293
 7 999.864
 8 2.69905
 9 994.53
 10 855.946
 11 3.26994
 12 809.503
 13 1000
 14 998.27
 15 0.820704
 16 1000
 17 998.388
 18 1.79144
 19 1000
 20 897.619
 21 101.526
 22 1000
 23 955.51
 24 44.4824
 25 229.651
 26 283.052
 27 7.85478
 28 987.235
 29 308.515
 30 180.958
 31 463.013
 32 59.2745
 33 871.704
 34 199.581
 35 199.557
 36 338.222
 37 990.698
 38 998.994
 39 2.53557
 40 580.01
 41 960.407
 42 1.66824
 43 489.184
 44 847.054
 45 8.53355
 46 998.024
 47 714.226
 48 288.468
 49 912.82
 50 234.469
 51 372.546
 52 139.777
 53 946.316
 54 284.086
 55 214.731
 56 165.314
 57 898.098
 58 115.257
 59 217.665
 60 97.9577
 61 21.1039
 62 1.67273
 63 616.766
 64 261.656
 65 2.47792
 66 508.138
 67 980.475
 68 21.4173
 69 999.988
 70 1000
 71 898.37
 72 102.025
 73 999.606
 74 2.93702
 75 998.411
 76 991.464
 77 6.12171
 78 948.484
 79 999.436
 80 90.38
 81 909.941
 82 982.32
 83 449.107
 84 2.04271
 85 109.625
 86 1.87409
 87 990.945
 88 1.81386
 89 1.71362
 90 2.08954
 91 7.69756
 92 329.107
 93 722.292
 94 382.532
 95 570.634
 96 783.633
 97 289.163
 98 167.305
 99 116.558
 100 357.105
 101 915.352
 102 78.7909
 103 147.4
 104 118.057
 105 107.772
 106 152.722
 107 152.932
 108 149.737
 109 104.108
 110 81.5743
 111 151.606
 112 193.341
 113 167.749
 114 151.363
 115 144.51
 116 110.853
 117 151.81
 118 166.294
 119 121.504
 120 76.0995
 121 113.367
 122 44.7225
 123 58.3541
 124 33.5376
 125 28.1181
 126 51.4114
 127 24.8366
 128 78.7473
 129 65.7724
 130 52.7957
 131 20.0383
 132 20.26
 133 21.1891
 134 34.1127
 135 8.6932
 136 42.4084
 137 9.80018
 138 9.28128
 139 9.50895
 140 10.7668
 141 11.4991
 142 8.55478
 143 9.25631
 144 14.6943
 145 14.9155
 146 12.6346
 147 9.97264
 148 28.1769
 149 15.2875
 150 11.8784
 151 13.9694
 152 22.0952
 153 18.0773
 154 13.1649
 155 19.9072
 156 23.73
 157 46.5677
 158 0.483934
 159 0.0938472
 160 0.447892
 161 22.8757
 162 17.5452
 163 155.739
 164 692.157
 165 9.00184
