 1 16943.9
 2 678.48
 3 14.2988
 4 183737
 5 561.123
 6 281.348
 7 919302
 8 62.5019
 9 33196.2
 10 2247.9
 11 6.63507
 12 1924.31
 13 253331
 14 3262.19
 15 0.830365
 16 479157
 17 4076.16
 18 4.6844
 19 133627
 20 2660.63
 21 298.798
 22 155452
 23 3561.03
 24 162.939
 25 244.74
 26 317.439
 27 8.73388
 28 2287.49
 29 343.177
 30 200.565
 31 490.333
 32 76.7514
 33 1131.54
 34 205.627
 35 208.981
 36 354.855
 37 1522.07
 38 3221.19
 39 4.47951
 40 987.45
 41 4563.1
 42 1.76057
 43 749.502
 44 1678.89
 45 15.3533
 46 2934.18
 47 1858.87
 48 724.344
 49 2047.52
 50 239.489
 51 528.251
 52 196.558
 53 3138.93
 54 334.115
 55 302.701
 56 235.408
 57 1331.11
 58 117.344
 59 262.108
 60 116.575
 61 21.1248
 62 1.67308
 63 669.71
 64 262.306
 65 2.49171
 66 513.399
 67 4134.35
 68 83.0857
 69 123968
 70 209817
 71 2372.32
 72 265.855
 73 15772.4
 74 30.1669
 75 21515.8
 76 8648.08
 77 12.2435
 78 2159.78
 79 7631.9
 80 266.166
 81 2602.03
 82 1577.82
 83 471.382
 84 2.0688
 85 144.464
 86 1.98135
 87 6870.33
 88 1.81394
 89 1.71363
 90 2.08963
 91 7.96778
 92 329.623
 93 726.079
 94 384.551
 95 622.273
 96 883.93
 97 295.821
 98 169.767
 99 117.23
 100 384.635
 101 1134.71
 102 80.9688
 103 148.894
 104 118.834
 105 108.105
 106 153.183
 107 153.671
 108 150.474
 109 104.594
 110 82.7521
 111 152.261
 112 194.01
 113 168.189
 114 151.524
 115 144.693
 116 111.12
 117 152.166
 118 166.386
 119 121.666
 120 76.4035
 121 113.632
 122 44.9898
 123 58.5436
 124 33.6764
 125 28.3934
 126 51.6233
 127 25.6458
 128 80.8286
 129 66.8851
 130 53.664
 131 20.177
 132 20.3935
 133 21.3404
 134 34.9698
 135 8.75609
 136 42.5464
 137 9.91496
 138 9.36789
 139 9.63984
 140 10.9459
 141 12.0696
 142 8.77033
 143 9.40134
 144 14.8964
 145 15.0358
 146 12.7672
 147 10.2505
 148 28.812
 149 15.5465
 150 12.0199
 151 14.1286
 152 22.3692
 153 18.4788
 154 13.4558
 155 20.0679
 156 23.7771
 157 46.6507
 158 0.544526
 159 0.0955008
 160 0.507644
 161 26.9632
 162 18.7384
 163 181.143
 164 714.866
 165 9.88582
