 1 31.6228
 2 25.0858
 3 1.47252
 4 31.6228
 5 19.3309
 6 10.272
 7 31.62
 8 0.989248
 9 31.4921
 10 29.0738
 11 1.02178
 12 28.2106
 13 31.6228
 14 31.5898
 15 0.903726
 16 31.6228
 17 31.5801
 18 0.952975
 19 31.6228
 20 28.5139
 21 4.17424
 22 31.6228
 23 30.2706
 24 2.37369
 25 14.6555
 26 16.0654
 27 1.37296
 28 31.3779
 29 14.2616
 30 8.84976
 31 21.1901
 32 2.89209
 33 28.4457
 34 13.9838
 35 9.31633
 36 14.9515
 37 31.457
 38 31.5941
 39 1.33261
 40 23.8376
 41 30.8963
 42 1.28339
 43 21.4099
 44 28.5158
 45 1.58096
 46 31.5727
 47 23.0617
 48 10.2902
 49 29.9433
 50 14.8542
 51 16.7765
 52 7.15767
 53 30.557
 54 16.5739
 55 11.5636
 56 9.20164
 57 29.4132
 58 10.1265
 59 12.184
 60 6.26934
 61 4.3266
 62 1.28569
 63 24.4996
 64 15.0115
 65 1.00956
 66 21.6876
 67 31.0329
 68 2.00541
 69 31.6224
 70 31.6228
 71 28.5776
 72 4.56797
 73 31.6141
 74 1.35033
 75 31.5778
 76 31.4761
 77 1.47941
 78 30.6878
 79 31.6099
 80 4.21246
 81 28.9265
 82 31.2654
 83 20.7287
 84 1.31965
 85 10.2703
 86 1.32835
 87 31.4184
 88 1.16812
 89 1.10338
 90 1.34664
 91 2.403
 92 16.4982
 93 25.1756
 94 16.8673
 95 21.8808
 96 26.8651
 97 15.9739
 98 11.6289
 99 9.29223
 100 17.5883
 101 29.7031
 102 7.91603
 103 11.6269
 104 10.2147
 105 9.71083
 106 11.9511
 107 11.8725
 108 11.7281
 109 9.56079
 110 7.91165
 111 11.6443
 112 13.5121
 113 12.4757
 114 11.765
 115 11.3809
 116 9.59398
 117 11.5983
 118 12.2768
 119 10.3948
 120 8.17092
 121 10.3248
 122 6.52503
 123 7.5035
 124 5.37229
 125 5.12703
 126 6.89362
 127 4.51699
 128 8.39999
 129 7.43492
 130 6.76642
 131 4.1979
 132 4.42251
 133 4.49375
 134 5.76061
 135 2.74542
 136 6.45074
 137 2.97269
 138 2.93154
 139 2.95105
 140 3.15549
 141 3.14696
 142 2.71268
 143 2.86048
 144 3.70562
 145 3.77103
 146 3.44141
 147 2.96374
 148 5.10586
 149 3.7682
 150 3.3149
 151 3.58469
 152 4.60228
 153 4.16157
 154 3.53082
 155 4.38562
 156 4.79779
 157 6.76969
 158 0.345786
 159 0.243147
 160 0.269681
 161 3.73028
 162 3.74029
 163 11.4446
 164 25.8609
 165 0.614294
