 Smallest eigenvalues
  1.0527e-06   (10 1) 
   2.087e-06   (45 0.64) (42 0.467) (40 -0.325) (47 0.323) (46 0.202) (41 0.153) (154 -0.139) (44 0.104) (48 0.102) (43 0.0994) (79 -0.0819) (50 0.0807) (56 0.0717) (14 -0.06) (55 0.057) (34 -0.051) (38 0.0502) (57 0.0491) (53 -0.0444) (25 0.037) (30 -0.0347) (36 -0.0317) (16 0.0308) (23 0.0285) (77 -0.0267) (52 0.0263) (78 0.0244) (15 0.0242) (51 -0.021) (18 0.0207) (33 0.0191) (39 0.019) (59 -0.0183) (80 -0.0165) (73 -0.0156) (27 0.0155) (24 -0.0154) (32 0.0153) (19 0.0152) (54 0.0149) (83 -0.0134) (28 -0.0102) (76 0.0101) 
  3.9474e-06   (154 -0.99) (45 -0.0896) (42 -0.0654) (40 0.0456) (47 -0.0452) (46 -0.0282) (41 -0.0214) (44 -0.0146) (48 -0.0142) (43 -0.0139) (50 -0.0113) (79 0.011) 
  4.7661e-06   (5 1) 
  5.4426e-06   (40 -0.642) (149 0.577) (42 -0.387) (41 -0.256) (43 -0.102) (38 0.085) (79 -0.0573) (34 -0.0483) (14 -0.0452) (48 0.045) (25 0.0369) (51 -0.0303) (30 -0.0297) (52 0.0283) (39 0.0274) (37 0.0246) (16 0.0242) (23 0.0223) (46 0.022) (15 0.0219) (32 0.0178) (57 0.0173) (33 0.0166) (45 -0.0165) (76 0.0157) (36 -0.0152) (56 -0.0147) (78 0.0146) (77 -0.0139) (47 -0.0137) (44 0.0137) (18 0.0135) (19 0.0125) (80 -0.0123) (59 -0.0105) (54 -0.0101) 
  6.4329e-06   (149 0.816) (40 0.454) (42 0.273) (41 0.181) (43 0.0718) (38 -0.0601) (79 0.0403) (34 0.0342) (14 0.032) (48 -0.0318) (25 -0.0261) (51 0.0214) (30 0.021) (52 -0.02) (39 -0.0194) (37 -0.0174) (16 -0.0171) (23 -0.0158) (46 -0.0155) (15 -0.0155) (32 -0.0126) (57 -0.0122) (33 -0.0118) (45 0.0117) (76 -0.0111) (36 0.0107) (56 0.0104) (78 -0.0103) 
  7.4835e-06   (1 -0.984) (26 -0.123) (25 0.113) (30 0.0299) (28 0.029) (14 -0.0216) (23 0.0204) (24 -0.0195) (40 0.0157) (15 0.0142) (18 0.0138) (16 0.0129) (19 0.0113) 
  8.0635e-06   (158 0.999) (26 -0.0287) (25 0.0266) 
  3.0469e-05   (26 0.669) (25 -0.619) (1 -0.18) (30 -0.167) (28 -0.153) (14 0.125) (23 -0.117) (24 0.111) (15 -0.086) (40 -0.0801) (18 -0.0776) (16 -0.0769) (19 -0.059) (34 -0.0509) (29 0.0469) (20 0.0446) (158 0.0428) (41 0.0426) (79 0.0403) (32 0.0287) (48 -0.0178) (43 -0.0141) (51 0.0138) (33 0.0132) (47 0.0124) (59 0.0106) (42 0.01) 
  5.9018e-05   (20 0.648) (45 -0.371) (42 0.319) (44 -0.307) (21 -0.225) (40 -0.202) (19 -0.175) (18 -0.157) (43 -0.15) (41 0.119) (47 0.102) (23 0.0919) (25 0.0897) (55 0.0697) (16 -0.0609) (24 -0.0604) (14 0.0589) (15 -0.0489) (26 -0.0461) (34 -0.0436) (79 -0.0369) (37 0.0346) (27 0.0338) (30 -0.0304) (74 -0.0267) (50 0.0249) (22 -0.0249) (38 0.0239) (77 -0.0237) (46 0.0216) (78 0.0215) (56 -0.0208) (76 0.0185) (49 0.0179) (52 0.0169) (29 0.0165) (54 0.0158) (71 -0.0152) (39 0.015) (70 -0.0142) (48 0.0134) (53 -0.0127) (62 0.0127) (57 0.0124) (72 -0.012) (33 0.0113) (17 0.0113) (59 -0.0106) 
  0.00010106   (157 -0.999) (20 -0.0309) (45 -0.0237) (42 0.0199) (44 -0.0188) (21 0.011) (40 -0.0103) 
  0.00011928   (20 0.563) (45 0.443) (42 -0.373) (44 0.351) (21 -0.2) (40 0.193) (19 -0.167) (18 -0.153) (43 0.138) (47 -0.126) (14 0.0998) (41 -0.0842) (16 -0.0762) (15 -0.0678) (38 -0.0641) (79 0.0614) (55 -0.0559) (23 0.0556) (157 -0.054) (46 -0.0408) (24 -0.0391) (48 -0.0366) (50 -0.0327) (37 -0.0324) (26 -0.0309) (25 0.0304) (27 0.0289) (32 -0.0284) (22 -0.028) (74 0.0218) (76 -0.0212) (64 -0.0211) (77 0.0196) (53 0.0186) (57 -0.0185) (52 -0.018) (49 -0.0175) (35 -0.0172) (78 -0.0145) (29 0.0139) (59 0.0129) (54 -0.0127) (39 -0.0125) (51 0.0124) (17 0.0118) (71 0.0116) (56 0.0107) (70 0.0105) (62 -0.01) 
  0.00014357   (3 -1) 
  0.00018394   (23 0.79) (24 0.366) (25 -0.257) (14 -0.225) (16 0.218) (18 0.124) (27 -0.106) (20 0.0994) (30 0.0979) (19 0.0977) (15 0.0925) (40 0.0527) (28 0.0485) (17 -0.0342) (42 -0.0289) (21 0.0265) (31 -0.0248) (43 -0.0239) (44 -0.0227) (36 0.0224) (34 0.0223) (38 -0.021) (33 -0.0197) (26 -0.0172) (79 -0.0164) (50 0.0132) (32 -0.0128) (47 0.0124) (57 0.0117) (22 0.0111) 
  0.00021909   (160 -1) 
  0.00023766   (2 1) 
  0.00024001   (16 0.664) (18 -0.58) (14 -0.283) (23 -0.223) (15 0.22) (19 -0.146) (17 -0.107) (25 -0.0621) (30 0.0413) (40 0.0338) (159 -0.0306) (21 -0.0295) (20 -0.0271) (27 -0.0256) (24 0.0173) (28 0.0169) (34 0.0165) (22 -0.0162) (79 -0.0143) (33 -0.0122) (42 -0.012) (11 0.0103) 
   0.0002676   (159 -1) (16 -0.0204) (18 0.0178) 
  0.00027735   (7 1) 
  0.00028793   (24 -0.867) (150 -0.317) (23 0.251) (25 -0.229) (14 -0.0847) (16 0.0765) (15 0.058) (18 0.0512) (30 0.0502) (22 0.0494) (19 0.0426) (26 0.0374) (56 0.0314) (40 0.0304) (42 -0.0187) (34 0.0185) (27 -0.0178) (20 -0.017) (79 -0.0164) (53 -0.0158) (37 0.015) (55 0.0141) (21 0.0119) (78 0.0118) (32 -0.0117) (17 -0.011) (45 -0.011) (49 0.0101) 
  0.00029258   (150 -0.948) (24 0.29) (23 -0.0839) (25 0.0767) (14 0.0284) (16 -0.0256) (15 -0.0194) (18 -0.0171) (30 -0.0168) (22 -0.0165) (19 -0.0142) (26 -0.0125) (56 -0.0105) (40 -0.0102) 
   0.0002976   (6 1) 
  0.00031507   (19 -0.636) (18 0.63) (16 0.234) (152 -0.209) (23 -0.16) (14 -0.151) (22 -0.134) (21 -0.123) (15 0.109) (25 -0.0406) (17 -0.0338) (40 0.0243) (26 0.0222) (30 0.0197) (79 -0.0186) (20 0.0171) (48 0.0141) (27 -0.0134) (28 -0.0131) (42 -0.012) (31 0.0116) (29 0.0112) (53 -0.0106) 
  0.00034143   (152 -0.978) (19 0.136) (18 -0.134) (16 -0.0499) (23 0.0342) (14 0.0322) (22 0.0286) (21 0.0263) (15 -0.0233) 
  0.00037187   (73 -0.783) (57 -0.497) (53 -0.141) (58 0.121) (54 0.117) (79 0.11) (44 0.102) (43 0.0831) (52 -0.0795) (47 -0.0769) (50 -0.0714) (40 -0.07) (59 0.0627) (41 0.0617) (42 0.0569) (46 -0.0545) (45 -0.0492) (14 -0.0415) (36 -0.0414) (48 0.0381) (68 0.0372) (30 -0.0364) (32 0.0336) (74 -0.0319) (99 -0.0279) (80 0.0264) (71 -0.0252) (19 0.0251) (88 0.0232) (78 -0.0226) (70 0.0212) (72 0.0209) (123 -0.0209) (92 -0.0201) (104 0.0198) (33 0.0196) (69 -0.0188) (64 -0.0185) (77 0.0174) (31 0.0169) (101 -0.0166) (83 -0.0164) (111 -0.0163) (49 -0.0161) (16 0.016) (109 -0.0158) (38 0.0157) (122 -0.0157) (56 -0.0156) (75 0.0151) (37 0.0139) (95 -0.0137) (29 0.0132) (28 -0.013) (55 -0.0123) (91 -0.0123) (124 0.0122) (18 0.0121) (20 0.012) (116 0.0118) (23 0.0106) 
  0.00039883   (57 -0.619) (73 0.581) (58 0.208) (53 -0.159) (153 0.151) (67 0.138) (68 0.131) (47 -0.131) (44 0.13) (43 0.121) (54 0.106) (40 -0.103) (42 0.102) (52 -0.0936) (50 -0.0836) (64 -0.0804) (46 -0.068) (14 -0.0658) (66 -0.0647) (59 0.0604) (41 0.0588) (30 -0.0514) (45 -0.0505) (34 -0.0497) (48 -0.0473) (36 -0.0436) (79 -0.0398) (38 0.0377) (32 0.0343) (56 -0.031) (16 0.0289) (33 0.0287) (18 0.0279) (122 0.0273) (31 0.0256) (19 0.0255) (27 0.0233) (74 0.0203) (69 -0.0191) (23 0.0191) (126 0.0181) (72 -0.0175) (37 0.0162) (83 -0.0161) (111 -0.016) (71 0.0157) (127 0.0154) (118 0.0151) (92 -0.0151) (29 0.0142) (80 -0.0139) (25 0.0138) (109 -0.0136) (101 -0.013) (121 0.0124) (63 -0.0123) (116 0.0116) (20 0.0106) (129 0.0103) 
  0.00042415   (153 0.988) (57 0.0972) (73 -0.0851) (58 -0.0323) (53 0.0251) (67 -0.0209) (44 -0.0207) (47 0.0207) (68 -0.02) (43 -0.0193) (54 -0.0168) (40 0.0164) (42 -0.0161) (52 0.0148) (50 0.0133) (64 0.0123) (46 0.0108) (14 0.0105) 
  0.00043183   (28 -0.957) (27 -0.17) (51 0.104) (25 0.104) (30 0.0773) (26 -0.0754) (50 -0.0668) (29 -0.0395) (52 0.0391) (14 -0.0382) (19 0.0381) (23 0.0356) (47 -0.0352) (53 0.0343) (57 0.0292) (48 -0.0288) (32 -0.0273) (43 0.0265) (16 0.0249) (15 0.0231) (34 -0.0212) (42 0.0183) (44 0.0179) (79 -0.0155) (33 -0.013) (31 0.0119) (22 -0.0118) (54 -0.0117) (21 -0.0109) 
  0.00046774   (148 0.608) (51 0.54) (50 -0.364) (53 0.178) (52 0.166) (47 -0.153) (43 0.13) (57 0.124) (44 0.121) (40 -0.114) (28 0.114) (42 0.113) (48 -0.0943) (49 -0.0681) (46 -0.0562) (41 0.0557) (30 -0.0512) (45 -0.0469) (14 -0.0441) (38 0.036) (54 -0.0349) (34 -0.0336) (27 0.0323) (36 -0.0301) (32 0.0273) (79 -0.026) (59 -0.024) (73 -0.0226) (33 0.0193) (16 0.0182) (31 0.0178) (29 0.0155) (18 0.0145) (19 0.0137) (56 0.0132) (23 0.0115) (37 0.0108) 
  0.00047546   (148 0.794) (51 -0.414) (50 0.279) (53 -0.136) (52 -0.127) (47 0.117) (43 -0.0993) (57 -0.0952) (44 -0.0925) (40 0.0875) (42 -0.0866) (28 -0.0841) (48 0.0723) (49 0.0522) (46 0.0431) (41 -0.0426) (30 0.039) (45 0.0359) (14 0.034) (38 -0.0276) (54 0.0267) (34 0.0258) (27 -0.0241) (36 0.023) (32 -0.0208) (79 0.0197) (59 0.0184) (73 0.0173) (33 -0.0147) (16 -0.0141) (31 -0.0137) (29 -0.0117) (18 -0.0111) (19 -0.0106) (56 -0.0101) 
  0.00049769   (52 -0.886) (34 0.306) (54 -0.173) (57 0.155) (40 -0.115) (53 0.113) (49 -0.0914) (41 0.0787) (50 -0.0718) (44 0.0704) (51 0.0585) (43 0.0468) (42 0.046) (47 -0.0436) (46 -0.0351) (45 -0.0327) (79 -0.0315) (68 0.0266) (56 -0.0236) (38 0.0206) (36 -0.0202) (67 0.016) (151 0.0129) (28 -0.0128) 
  0.00062507   (151 0.969) (34 -0.231) (52 -0.0645) (40 0.0297) (30 -0.0236) (48 0.0186) (32 0.0173) (57 0.0155) (14 -0.0146) (54 -0.0111) 
  0.00067179   (34 0.89) (52 0.298) (151 0.248) (40 -0.11) (30 0.092) (48 -0.0733) (57 -0.0686) (32 -0.0681) (14 0.0575) (54 0.0524) (31 -0.0373) (25 -0.0359) (79 0.0359) (33 -0.0343) (41 0.0334) (53 -0.0315) (42 0.0304) (50 0.0295) (19 -0.0285) (38 0.0271) (73 0.0234) (16 -0.0233) (35 0.022) (22 -0.0219) (29 -0.0192) (18 -0.018) (26 0.0175) (23 -0.0167) (49 0.0166) (47 -0.0158) (15 -0.0154) (27 -0.0126) (45 0.0121) (24 0.0121) (28 -0.0103) 
  0.00078316   (68 -0.797) (67 -0.451) (69 0.212) (66 0.198) (57 -0.138) (73 0.0989) (64 0.0958) (70 -0.0817) (54 0.0621) (44 0.0544) (52 -0.049) (40 -0.0443) (43 0.041) (41 0.0405) (47 -0.0388) (58 -0.0325) (45 -0.0309) (53 -0.0309) (83 -0.0299) (59 -0.0283) (42 0.0271) (46 -0.0257) (14 -0.025) (36 -0.0249) (32 0.0234) (30 -0.0228) (50 -0.0224) (147 0.0217) (49 -0.0204) (99 -0.0199) (19 0.0183) (71 0.0181) (88 0.0179) (97 -0.0163) (51 -0.0158) (127 0.0156) (92 -0.0156) (104 0.0155) (124 0.0145) (65 0.0145) (63 0.0132) (48 0.0129) (33 0.0125) (116 0.0124) (125 0.0116) (111 -0.0112) (101 -0.0111) (123 -0.0111) (28 -0.0106) (62 0.0106) (90 0.0102) (38 0.01) 
  0.00080399   (147 0.793) (48 -0.456) (50 0.18) (51 -0.169) (47 -0.159) (49 -0.116) (44 0.1) (57 0.0936) (40 -0.0878) (46 -0.0861) (41 0.0858) (42 0.078) (43 0.0567) (34 -0.0545) (73 -0.0396) (14 -0.0329) (53 0.0315) (52 0.031) (79 -0.0295) (30 -0.026) (68 0.0253) (45 -0.0214) (58 -0.0171) (32 0.0164) (18 0.0143) (36 -0.0141) (16 0.0139) (38 0.0135) (33 0.0132) (55 -0.0122) (27 0.0119) (31 0.0112) (25 0.011) (19 0.0105) 
  0.00086059   (147 0.609) (48 0.593) (50 -0.233) (51 0.22) (47 0.208) (49 0.152) (44 -0.133) (57 -0.116) (40 0.116) (41 -0.113) (46 0.113) (42 -0.103) (43 -0.0754) (34 0.0708) (73 0.0482) (14 0.0438) (53 -0.0398) (79 0.0384) (52 -0.0383) (30 0.0348) (45 0.0291) (58 0.0235) (32 -0.0223) (36 0.0195) (18 -0.0188) (16 -0.0185) (38 -0.0179) (33 -0.0177) (55 0.0161) (27 -0.0156) (31 -0.015) (25 -0.0147) (19 -0.0144) (56 -0.0126) (54 -0.0124) (22 -0.0122) (67 0.0118) (64 -0.0105) (122 -0.0103) (121 -0.0102) (80 0.0101) 
  0.00086911   (36 -0.81) (37 0.391) (19 0.226) (20 0.152) (18 0.143) (23 -0.132) (14 -0.114) (22 0.113) (40 0.097) (16 0.0801) (41 -0.0783) (44 -0.0717) (32 0.0697) (43 -0.0635) (38 -0.053) (34 0.045) (47 0.0369) (33 0.0351) (42 -0.0335) (45 0.0316) (25 -0.0311) (46 0.0273) (57 0.0247) (48 -0.0233) (53 0.0229) (39 -0.0187) (35 0.0174) (15 0.0173) (50 0.0171) (24 0.016) (54 -0.0147) (52 0.0138) (21 -0.0136) (17 -0.0106) (27 -0.0101) 
   0.0010274   (19 0.512) (23 -0.363) (20 0.353) (18 0.343) (36 0.341) (22 0.32) (14 -0.213) (16 0.175) (37 -0.161) (30 0.116) (25 -0.0926) (32 -0.0683) (27 -0.0566) (15 0.0489) (31 -0.0488) (29 -0.0385) (33 -0.0378) (28 0.0334) (21 -0.0296) (143 -0.0287) (24 0.0263) (26 0.0259) (17 -0.023) (34 0.0152) (48 0.0128) 
   0.0010709   (143 -0.999) (144 -0.0452) (19 -0.0152) (23 0.0107) (20 -0.0105) (18 -0.0102) 
   0.0011491   (50 0.427) (49 0.423) (48 0.414) (47 -0.32) (14 -0.268) (44 0.228) (43 0.227) (41 0.204) (53 0.173) (46 -0.162) (45 -0.139) (15 -0.129) (57 0.122) (40 -0.0857) (16 -0.083) (52 0.0742) (54 -0.0687) (42 0.0591) (36 -0.0529) (32 0.0389) (79 0.0388) (38 0.0341) (30 -0.0302) (18 -0.0257) (33 0.0218) (67 0.0216) (37 0.0163) (76 -0.0153) (68 0.0152) (31 0.0152) (77 0.0144) (64 -0.0135) (83 -0.0124) (111 -0.0114) (66 -0.0112) (19 -0.0109) (17 0.0101) 
   0.0013533   (14 -0.738) (15 -0.437) (16 -0.344) (19 -0.137) (18 -0.129) (49 -0.125) (48 -0.121) (50 -0.118) (47 0.11) (44 -0.09) (43 -0.0865) (41 -0.0777) (30 0.067) (23 -0.0617) (46 0.0557) (40 0.0551) (45 0.048) (53 -0.045) (20 -0.0414) (17 0.0401) (25 -0.0378) (27 -0.0364) (32 -0.0352) (42 -0.0338) (36 0.0328) (31 -0.0295) (57 -0.0282) (34 0.0219) (29 -0.0206) (38 -0.0194) (52 -0.0189) (13 0.0172) (33 -0.017) (54 0.0162) (79 -0.013) (11 0.0117) (28 0.011) (37 -0.0101) 
   0.0014269   (145 1) 
   0.0014781   (54 0.683) (30 -0.329) (57 0.319) (55 -0.291) (31 0.282) (53 -0.265) (56 -0.162) (29 0.0929) (48 0.0816) (52 -0.0781) (14 -0.0735) (32 -0.0703) (34 0.0621) (50 -0.0601) (19 0.0498) (27 0.0467) (25 0.0411) (33 -0.0364) (79 0.0356) (44 0.0347) (67 0.0344) (16 0.0339) (46 -0.0311) (28 -0.0286) (45 -0.0273) (23 0.0273) (58 0.0269) (73 0.0246) (71 -0.0241) (18 0.0237) (64 -0.0223) (43 0.0201) (66 -0.0187) (47 -0.0174) (68 0.0169) (26 -0.0162) (20 0.0161) (40 0.0155) (80 0.0126) (70 -0.0119) (109 -0.011) 
   0.0014956   (30 -0.598) (31 0.525) (54 -0.357) (32 -0.182) (29 0.162) (53 0.155) (55 0.148) (57 -0.143) (14 -0.104) (34 0.0986) (40 0.0922) (139 0.0859) (33 -0.0845) (56 0.0835) (27 0.0819) (41 -0.0777) (25 0.0755) (44 -0.0751) (36 0.0723) (19 0.0631) (43 -0.062) (50 0.0563) (16 0.0551) (52 0.0488) (23 0.0478) (48 -0.043) (47 0.0425) (18 0.0424) (46 0.0389) (28 -0.0383) (42 -0.0343) (45 0.0337) (26 -0.0264) (38 -0.0238) (37 -0.0223) (15 0.0189) (79 -0.0189) (73 -0.0165) (67 -0.0148) (49 0.0146) (58 -0.0144) (24 -0.0139) (20 0.0123) (71 0.0105) 
     0.00161   (139 0.996) (30 0.0541) (31 -0.0474) (54 0.0256) (32 0.0161) (29 -0.0147) (53 -0.0113) (55 -0.0106) (57 0.0101) 
   0.0016876   (21 -0.741) (31 -0.475) (30 -0.315) (20 -0.222) (27 0.17) (19 0.16) (14 -0.0612) (29 0.0586) (23 0.0567) (28 -0.0395) (22 -0.0354) (32 -0.0347) (40 0.0305) (135 0.0292) (25 0.0291) (15 0.026) (18 0.0231) (34 0.0218) (16 0.0184) (33 -0.018) (13 -0.0175) (36 0.0162) (44 -0.0159) (71 0.0151) (41 -0.0135) (38 -0.0129) (42 -0.0123) (76 -0.01) 
   0.0017155   (135 0.535) (31 -0.517) (21 0.498) (30 -0.36) (20 0.148) (27 0.134) (19 -0.0757) (25 0.0672) (29 0.0648) (28 -0.0578) (16 0.0438) (14 -0.043) (40 0.0355) (34 0.0322) (32 -0.029) (22 0.0278) (33 -0.0252) (18 0.0237) (24 -0.0198) (23 0.0189) (26 -0.0164) (42 -0.0159) (15 0.0135) (36 0.0131) (44 -0.013) (41 -0.0128) (13 0.0125) (50 0.0124) 
   0.0019006   (135 0.845) (31 0.344) (21 -0.289) (30 0.239) (27 -0.0906) (20 -0.0861) (25 -0.0435) (29 -0.043) (19 0.0424) (28 0.038) (14 0.0294) (16 -0.0284) (40 -0.0235) (34 -0.0211) (32 0.0195) (33 0.0165) (22 -0.0164) (18 -0.0158) (23 -0.014) (24 0.0125) (26 0.0105) (42 0.0105) 
   0.0020631   (27 0.86) (49 -0.242) (30 0.23) (50 0.208) (51 0.145) (28 -0.133) (31 0.118) (48 0.0735) (67 -0.0733) (25 -0.0713) (55 -0.0629) (29 -0.0619) (46 0.0504) (66 0.0487) (56 0.0456) (68 0.0453) (42 -0.0416) (21 0.0394) (70 0.037) (44 -0.0362) (14 -0.0359) (33 -0.0329) (43 0.0327) (71 -0.0314) (24 0.0301) (16 0.029) (45 -0.0289) (23 0.0286) (26 -0.0275) (69 -0.0268) (57 -0.022) (53 -0.0208) (19 0.0196) (47 0.0187) (18 0.0175) (38 0.0166) (13 -0.0163) (40 0.0157) (59 0.0151) (37 -0.0137) (73 0.0117) (74 0.0116) (39 -0.0109) (82 -0.0107) 
   0.0022025   (67 -0.544) (66 0.408) (68 0.342) (70 0.267) (50 -0.26) (69 -0.254) (49 0.253) (71 -0.194) (51 -0.187) (133 0.135) (64 0.115) (74 0.0799) (78 -0.0741) (73 0.0673) (59 0.0594) (62 0.0553) (27 0.0493) (77 0.049) (79 0.049) (82 -0.0456) (48 -0.0396) (42 0.0391) (76 0.0352) (63 0.0348) (65 0.0315) (47 -0.0312) (46 -0.0283) (81 -0.0279) (44 0.0269) (57 0.0207) (87 0.0206) (83 -0.0204) (58 -0.0198) (40 -0.0196) (129 0.0169) (114 0.0167) (61 0.0159) (115 -0.0155) (72 0.0155) (75 -0.0142) (14 -0.0136) (38 0.0134) (128 0.0133) (112 0.0128) (96 -0.0127) (53 -0.0126) (84 0.0122) (117 0.0121) (86 -0.0117) (92 -0.0116) (109 0.0105) (85 0.0103) (54 -0.0102) 
   0.0022907   (133 0.482) (49 0.418) (50 -0.398) (27 0.317) (51 -0.292) (67 0.243) (66 -0.182) (68 -0.153) (70 -0.131) (55 0.119) (48 -0.108) (69 0.108) (71 0.105) (46 -0.0949) (56 -0.0881) (30 0.0731) (43 -0.0727) (42 0.0711) (57 0.0704) (44 0.0674) (53 0.0492) (28 -0.0473) (73 -0.0468) (59 -0.0452) (41 -0.0379) (74 -0.0351) (31 0.0312) (25 -0.03) (45 0.028) (79 -0.0258) (14 -0.0252) (82 0.0249) (129 0.0226) (131 0.0221) (83 0.0218) (21 0.0216) (62 -0.0211) (77 -0.0206) (54 -0.02) (78 0.0188) (16 0.0184) (29 -0.0183) (33 -0.0178) (65 -0.0173) (132 0.0169) (72 -0.0167) (35 0.0163) (38 -0.0158) (23 0.015) (99 0.0148) (40 -0.0146) (63 -0.0139) (111 0.0138) (24 0.0137) (116 -0.0129) (19 0.0116) (47 -0.0114) (58 0.011) (18 0.0103) (26 -0.0101) 
   0.0025125   (133 0.863) (49 -0.271) (50 0.262) (27 -0.192) (51 0.191) (55 -0.0667) (48 0.0662) (46 0.057) (67 -0.0494) (56 0.0477) (42 -0.0456) (57 -0.0422) (30 -0.0419) (44 -0.0416) (43 0.0387) (131 0.0371) (66 0.0366) (68 0.0315) (70 0.0312) (28 0.029) (132 0.0287) (71 -0.0282) (53 -0.0252) (41 0.0212) (129 0.0207) (69 -0.0199) (31 -0.0189) (25 0.0181) (14 0.0166) (45 -0.0164) (59 0.0156) (73 0.0155) (64 -0.0133) (21 -0.0131) (54 0.0127) (16 -0.0117) (29 0.0113) (47 0.0113) (40 0.0112) (128 0.0105) 
    0.002737   (22 -0.885) (19 0.291) (53 0.238) (54 0.127) (20 0.109) (23 -0.0844) (14 -0.0664) (21 0.0656) (18 0.0649) (57 -0.0527) (13 0.0485) (44 -0.044) (16 0.0407) (24 -0.0395) (29 -0.0392) (56 0.0343) (32 -0.0336) (30 0.0335) (47 0.0332) (43 -0.0303) (48 -0.0289) (50 0.0269) (25 -0.0269) (28 0.0268) (17 -0.0253) (36 0.0249) (26 0.0246) (45 0.0238) (11 0.0221) (31 -0.0182) (42 -0.0179) (46 0.0179) (40 0.0171) (79 -0.0164) (27 -0.0161) (49 0.0153) (34 -0.0141) (68 0.0139) (52 -0.0128) (41 -0.0127) (120 -0.0119) (122 -0.0113) (121 -0.0105) (38 0.0101) 
   0.0028876   (59 -0.843) (53 -0.413) (54 -0.219) (22 -0.127) (61 0.079) (43 0.0723) (60 0.0717) (47 -0.0701) (79 0.068) (56 -0.0544) (19 0.0518) (44 0.0498) (68 0.0472) (58 -0.0464) (49 -0.0451) (45 -0.0363) (42 0.0338) (134 0.0276) (48 0.0271) (41 -0.0263) (20 0.0242) (57 0.0239) (52 0.0234) (50 -0.0229) (69 -0.02) (70 0.0184) (83 0.0183) (108 -0.0183) (126 0.018) (66 0.0179) (71 0.0173) (78 -0.0164) (121 0.0162) (14 -0.0144) (23 -0.014) (38 0.0139) (114 -0.0137) (115 0.0132) (125 0.0131) (30 -0.0127) (62 0.0121) (67 -0.0118) (46 -0.0113) (13 0.0111) (36 -0.011) (25 -0.0104) (127 0.0103) 
   0.0029533   (134 0.654) (53 -0.483) (59 0.384) (54 -0.294) (57 0.172) (22 -0.17) (43 0.0886) (56 -0.0703) (19 0.0675) (47 -0.0652) (41 0.0577) (50 -0.055) (52 0.0477) (68 -0.0418) (38 0.0365) (61 -0.0359) (60 -0.0323) (55 0.0311) (45 -0.028) (20 0.0276) (14 -0.0266) (49 -0.0234) (79 0.0232) (48 0.021) (69 0.0208) (70 -0.0204) (67 0.0203) (66 -0.0202) (83 -0.0192) (46 0.0188) (125 -0.0167) (64 -0.0146) (23 -0.0146) (122 0.0145) (30 -0.0141) (18 0.0134) (126 -0.0129) (124 -0.0124) (21 0.0124) (36 -0.0122) (51 0.0122) (131 -0.0122) (58 0.011) (16 0.0107) (71 -0.0103) (40 -0.0103) (76 -0.0102) (77 0.0101) 
   0.0029854   (134 0.755) (53 0.433) (59 -0.3) (54 0.262) (22 0.152) (57 -0.149) (43 -0.0794) (56 0.0628) (19 -0.0603) (47 0.0592) (41 -0.0486) (50 0.0484) (52 -0.042) (68 0.0345) (38 -0.032) (61 0.028) (55 -0.027) (126 0.0266) (125 0.0263) (45 0.0257) (60 0.0253) (20 -0.0248) (14 0.0235) (49 0.0221) (79 -0.0218) (48 -0.0194) (69 -0.0173) (67 -0.0172) (70 0.017) (66 0.0168) (83 0.0165) (46 -0.0156) (124 0.0148) (127 0.0146) (122 -0.0133) (23 0.0132) (64 0.0128) (30 0.0127) (18 -0.0119) (131 -0.0112) (36 0.011) (21 -0.011) (51 -0.0104) 
   0.0033369   (33 0.911) (58 0.313) (83 0.129) (32 0.0978) (57 0.077) (36 0.0751) (41 -0.0684) (34 0.0656) (40 0.0635) (30 -0.0601) (43 -0.0512) (27 0.0376) (86 0.0324) (37 -0.0323) (31 0.0309) (13 -0.0305) (38 -0.0304) (47 0.0295) (14 -0.028) (54 -0.026) (28 -0.023) (52 0.0228) (53 0.0222) (67 -0.0182) (96 -0.0172) (19 0.0169) (50 0.0165) (16 0.0161) (79 -0.0159) (59 -0.0153) (89 -0.0151) (49 -0.0147) (68 -0.0145) (51 -0.0128) (56 0.0121) (73 -0.012) (85 0.0114) (23 0.0113) (114 0.0107) (20 0.0104) (80 -0.0102) (25 0.01) 
   0.0041017   (83 0.833) (58 -0.448) (132 0.138) (86 0.137) (131 -0.107) (79 -0.0988) (57 -0.0974) (85 0.0624) (89 -0.0621) (59 0.0538) (53 -0.0439) (114 0.0436) (90 0.0421) (91 -0.0375) (33 0.0371) (115 -0.0335) (54 0.0317) (111 -0.0306) (84 0.0305) (97 -0.0267) (44 0.0263) (96 -0.024) (43 0.024) (71 0.024) (103 -0.0239) (118 0.0231) (101 -0.0215) (52 -0.0211) (48 0.0211) (92 -0.0205) (77 -0.02) (47 -0.0199) (76 0.0196) (42 0.0196) (78 0.0192) (82 0.0188) (68 0.0185) (70 0.0177) (99 -0.0171) (106 0.016) (116 0.0155) (46 -0.0148) (40 -0.0148) (112 0.0145) (104 0.0144) (30 -0.0143) (45 -0.0138) (51 0.0138) (126 -0.0137) (56 -0.0136) (108 -0.0136) (124 0.0128) (38 0.0123) (14 -0.0118) (32 0.0114) (120 0.0108) (80 -0.0107) (36 -0.0106) (81 -0.0106) (55 -0.0102) (110 0.0102) (61 -0.01) 
   0.0042755   (58 -0.639) (83 -0.448) (132 0.401) (131 -0.296) (33 0.285) (57 -0.11) (86 -0.0813) (79 0.0635) (44 0.059) (46 -0.0573) (67 0.0568) (41 -0.0488) (89 0.0469) (43 -0.0466) (42 0.0421) (59 0.0401) (85 -0.0374) (68 0.0347) (32 0.0322) (54 0.0319) (66 -0.0302) (96 0.0295) (114 -0.0287) (73 0.0265) (53 -0.0258) (90 -0.0256) (30 -0.0233) (38 -0.0232) (84 -0.0225) (52 -0.02) (80 0.0188) (34 0.0181) (95 -0.0181) (103 0.018) (91 0.018) (14 -0.0179) (36 0.0174) (112 -0.0163) (56 -0.0157) (109 -0.0149) (27 0.0148) (108 0.0142) (115 0.0137) (88 0.0135) (64 -0.0126) (19 0.0122) (61 -0.0119) (51 0.0116) (77 0.0115) (28 -0.0103) (50 -0.0103) (127 0.0103) (47 0.0102) 
   0.0042936   (132 0.679) (131 -0.51) (58 0.465) (33 -0.183) (83 0.0893) (57 0.0842) (44 -0.0399) (46 0.0364) (59 -0.0347) (67 -0.033) (42 -0.0287) (41 0.0283) (54 -0.0252) (53 0.0245) (68 -0.0239) (32 -0.0222) (43 0.0219) (86 0.0201) (30 0.0173) (66 0.0168) (52 0.0161) (79 -0.0157) (73 -0.0156) (89 -0.0153) (114 0.0149) (96 -0.0135) (14 0.0133) (34 -0.0123) (56 0.012) (38 0.0109) (95 0.0106) (48 -0.0103) 
   0.0043027   (105 0.513) (103 0.351) (96 0.348) (124 0.314) (100 0.268) (108 -0.241) (109 0.205) (104 -0.185) (101 0.168) (125 -0.158) (121 0.132) (106 0.131) (120 -0.123) (95 -0.0997) (116 0.0838) (112 -0.0832) (115 -0.0795) (110 -0.0778) (102 -0.0746) (99 -0.0725) (107 -0.0643) (98 -0.0634) (93 0.0595) (123 0.0551) (113 -0.0538) (111 0.0523) (88 -0.0469) (146 -0.0459) (46 -0.0354) (119 -0.0339) (126 -0.0319) (83 0.0287) (71 0.0263) (80 0.0255) (89 0.0251) (114 0.0231) (44 0.0231) (97 0.0223) (43 -0.0218) (41 -0.0215) (81 -0.0211) (85 -0.0192) (92 -0.0165) (42 0.0164) (122 0.0157) (58 0.0155) (118 0.0148) (117 0.0138) (91 0.0129) (70 0.0126) (47 0.0118) (49 -0.0111) (131 -0.0108) (67 -0.0107) (77 -0.01) 
   0.0045949   (146 0.998) (124 0.0433) (125 -0.0225) (105 0.0183) (120 -0.0113) (121 0.0106) (108 -0.0106) 
   0.0046561   (46 -0.574) (43 -0.429) (44 0.413) (41 -0.281) (42 0.245) (47 0.201) (49 -0.143) (48 0.109) (38 -0.0973) (71 0.0949) (58 0.0936) (33 -0.0874) (50 0.0837) (13 0.0822) (124 -0.0703) (54 -0.0614) (59 0.0599) (53 -0.0598) (51 0.0523) (70 0.0514) (83 0.0481) (125 0.0481) (67 -0.0475) (45 -0.0469) (80 0.046) (57 0.0436) (96 0.0435) (121 -0.0407) (66 0.0349) (81 -0.0348) (52 0.0337) (109 -0.0325) (22 -0.0318) (112 -0.0314) (105 -0.0287) (120 0.0275) (106 -0.0255) (108 0.0245) (68 0.0208) (123 -0.0206) (86 -0.02) (103 -0.0199) (89 0.0188) (11 0.0176) (56 0.0176) (91 -0.0175) (111 0.0171) (30 0.017) (99 0.0167) (32 -0.0162) (77 -0.0155) (114 -0.0154) (85 -0.0152) (115 0.0142) (100 -0.0135) (27 -0.0135) (126 0.0135) (95 -0.0128) (29 0.0126) (12 -0.0125) (110 -0.0122) (69 -0.0121) (64 0.0116) (73 0.0105) (40 0.0103) (31 -0.0103) 
   0.0047569   (71 0.649) (46 0.392) (81 -0.322) (77 -0.23) (70 0.2) (43 -0.185) (44 0.17) (47 -0.158) (95 -0.126) (78 0.117) (75 -0.113) (86 -0.111) (82 0.11) (79 0.0889) (98 -0.0813) (90 0.0719) (45 -0.0705) (67 -0.0675) (72 -0.0655) (84 -0.0557) (96 -0.0544) (93 -0.0522) (66 0.0491) (68 0.0481) (38 -0.0446) (112 0.0445) (85 -0.0425) (106 -0.0419) (42 0.0418) (110 -0.0409) (74 0.0407) (109 -0.0341) (59 0.0317) (114 0.0314) (104 0.0312) (92 0.0312) (105 -0.0279) (121 0.0254) (107 0.0243) (64 0.023) (54 0.0227) (124 0.0224) (89 -0.0221) (41 0.0217) (101 -0.0192) (125 -0.0181) (116 0.0166) (53 -0.0165) (111 0.0139) (113 0.0134) (100 -0.013) (103 0.0127) (156 0.0121) (99 -0.0116) (123 0.0116) (69 -0.0115) (21 0.0114) (83 -0.011) (58 0.0109) (80 -0.0109) (49 0.0103) (88 -0.0103) 
   0.0049404   (156 0.999) (46 -0.0322) (43 0.0247) (44 -0.0218) (47 0.013) (71 0.0127) 
   0.0051457   (46 0.538) (43 -0.445) (71 -0.431) (44 0.39) (47 -0.218) (70 -0.131) (77 0.114) (38 -0.113) (42 0.111) (81 0.107) (45 -0.106) (86 0.0716) (76 -0.0637) (89 -0.0626) (156 0.05) (79 -0.0482) (106 0.043) (85 0.0425) (78 -0.0423) (114 -0.0407) (112 -0.0398) (82 -0.0389) (67 0.0383) (98 0.0356) (72 0.0329) (40 0.0305) (90 0.0299) (107 -0.0294) (33 -0.029) (66 -0.0279) (68 -0.0278) (84 0.0275) (110 0.0266) (109 0.0247) (51 0.0245) (41 -0.0244) (96 0.0232) (50 0.0229) (49 0.0228) (13 0.0221) (75 0.02) (115 0.0196) (104 -0.0184) (101 0.0179) (121 -0.0176) (64 -0.0171) (88 0.017) (124 -0.0169) (105 0.0159) (95 -0.0158) (125 0.0145) (31 -0.0142) (99 0.0141) (102 0.0129) (74 -0.0127) (22 -0.0121) (116 -0.0115) (80 0.0109) (54 -0.0103) 
   0.0051994   (17 0.973) (16 0.169) (138 -0.139) (15 -0.0445) (13 -0.0314) (22 -0.0205) (8 0.0196) 
   0.0053762   (138 -0.99) (17 -0.137) (16 -0.0238) 
   0.0054746   (8 -1) (17 0.019) 
   0.0056777   (4 -1) 
   0.0058655   (26 0.682) (25 0.604) (136 0.316) (23 0.15) (30 0.122) (14 -0.104) (16 0.0678) (15 0.0551) (24 -0.0517) (40 0.0509) (19 0.0399) (27 0.032) (18 0.0315) (28 0.0301) (79 -0.0281) (42 -0.0268) (34 0.0223) (38 -0.0218) (22 0.0203) (32 -0.0138) (41 0.0116) (51 -0.0111) 
   0.0062972   (136 0.949) (26 -0.227) (25 -0.201) (23 -0.0499) (30 -0.0408) (14 0.0346) (16 -0.0226) (15 -0.0184) (24 0.0172) (40 -0.0169) (19 -0.0133) (27 -0.0107) (18 -0.0105) (28 -0.01) 
   0.0065267   (15 0.645) (9 -0.631) (16 -0.36) (14 -0.188) (17 0.0917) (18 -0.0638) (25 -0.0484) (23 -0.0442) (20 0.0322) (19 -0.0281) (24 0.0231) (40 0.017) (22 -0.0119) (26 0.0111) (79 -0.0111) (30 0.0105) 
   0.0069772   (142 0.999) (9 0.0285) (15 0.0166) 
   0.0078909   (9 -0.775) (15 -0.523) (16 0.297) (14 0.146) (17 -0.0745) (18 0.0547) (25 0.0431) (23 0.0377) (142 0.0348) (20 -0.029) (19 0.0216) (24 -0.0215) (40 -0.0167) (22 0.0125) (79 0.0122) (26 -0.0119) 
   0.0082708   (11 -0.925) (38 0.343) (43 -0.0924) (13 0.0654) (40 0.0519) (41 0.0512) (12 -0.0477) (44 0.0433) (35 -0.0354) (14 -0.0249) (42 -0.0232) (47 0.0194) (39 -0.0184) (29 -0.0129) (36 -0.0119) (46 -0.0103) 
   0.0085889   (140 0.998) (38 0.0581) (11 0.026) (43 -0.0132) 
   0.0090421   (38 -0.869) (11 -0.366) (43 0.199) (40 -0.142) (41 -0.118) (44 -0.0896) (35 0.0851) (140 0.0672) (42 0.0633) (39 0.0469) (47 -0.0387) (13 0.0384) (55 -0.0302) (36 0.0283) (29 0.0274) (22 -0.0246) (12 -0.0228) (33 -0.0217) (30 0.0197) (37 -0.0178) (45 -0.0175) (63 -0.0173) (59 0.0168) (56 0.0165) (61 -0.0158) (54 -0.0155) (46 0.0138) (21 0.0129) (53 -0.0124) (114 -0.012) (65 0.0112) (74 0.0111) (20 -0.0111) (60 0.0106) (83 0.01) 
   0.0092805   (12 0.934) (29 -0.329) (30 -0.0832) (13 0.0776) (11 -0.0425) (32 0.0351) (35 0.0169) (38 -0.016) (31 0.0146) (14 -0.014) (26 0.0132) (66 -0.0132) (33 -0.0128) (15 0.0123) 
   0.0097163   (137 -0.955) (29 -0.265) (12 -0.11) (30 -0.0666) (32 0.0249) (35 0.0128) (31 0.012) (13 -0.0114) 

 Largest eigenvalues
      26.147   (163 0.302) (165 0.94) 
      18.707   (41 0.757) (42 -0.333) (43 -0.351) 
      15.677   (78 -0.211) (79 0.857) 
      11.895   (114 -0.673) (115 0.465) 
      3.3094   (96 0.288) (121 -0.342) (124 -0.586) (125 0.418) 
      1.2248   (163 0.953) (165 -0.3) 
      1.1708   (164 0.997) 
      1.1487   (162 0.992) 
      1.1278   (88 0.926) (99 0.252) 
      1.1125   (99 -0.702) (101 0.358) (104 -0.299) (105 -0.386) 
      1.0326   (99 -0.437) (104 0.414) (105 0.405) 
     0.99966   (113 -0.337) (116 0.589) (118 -0.511) 
     0.97391   (104 0.351) (106 0.4) (107 0.69) 
     0.91567   (100 0.74) (103 -0.413) 
     0.85983   (109 -0.367) (111 -0.346) (112 -0.357) (113 0.366) 
     0.81492   (109 0.309) (110 -0.365) (113 -0.377) (118 0.499) 
     0.68219   (109 -0.449) (110 0.503) 
      0.6727   (96 0.751) (100 -0.363) 
     0.65587   (114 -0.302) (125 0.335) (126 -0.502) (131 -0.316) 
     0.61173   (112 -0.504) (113 -0.473) (114 0.441) 
     0.60782   (108 0.58) (111 -0.369) (112 0.287) (115 0.308) 
     0.58707   (108 -0.689) (111 -0.358) 
     0.58493   (123 -0.432) (125 -0.366) (128 -0.536) 
     0.57958   (125 0.392) (126 0.615) (128 -0.45) 
     0.57606   (120 0.442) (121 0.423) (122 0.516) 
     0.55206   (119 -0.301) (120 -0.695) (122 0.321) 
     0.53182   (119 0.422) (121 -0.494) (127 -0.403) 
      0.4973   (119 -0.666) (122 -0.28) (125 0.285) (127 -0.278) (131 0.27) (132 0.205) 
     0.41063   (119 0.494) (121 0.318) (123 -0.409) (125 0.347) (131 0.31) 
     0.40779   (91 -0.969) 
     0.33561   (121 -0.336) (122 0.327) (127 0.549) (131 0.342) 
     0.31231   (92 -0.524) (93 -0.769) 
     0.29453   (93 0.309) (103 0.587) (104 0.483) (105 -0.307) 
     0.28015   (102 -0.853) 
     0.27954   (98 -0.511) (122 -0.317) 
     0.23029   (76 -0.287) (86 -0.649) (98 0.328) 
     0.22759   (76 0.473) (77 -0.351) (98 0.563) 
     0.20195   (76 -0.476) (77 0.294) (86 0.611) 
      0.1658   (98 -0.379) (106 -0.256) (109 -0.273) (110 -0.396) (111 0.272) (112 0.232) 
     0.14622   (89 0.836) (90 -0.323) (95 0.295) 
     0.14453   (95 0.435) (97 -0.507) (106 0.35) 
     0.13056   (85 0.309) (95 -0.595) (106 0.31) 
     0.12492   (85 -0.855) (90 -0.217) (97 0.211) 
     0.11305   (85 0.329) (87 0.38) (89 -0.315) (90 -0.543) (97 0.358) 
     0.10571   (71 0.386) (76 0.329) (81 0.579) (82 -0.307) 
     0.10327   (75 -0.351) (77 -0.31) (84 0.326) (87 -0.3) (97 0.333) 
    0.095602   (69 0.375) (72 0.342) (81 -0.305) 
    0.091192   (60 -0.479) (61 -0.466) 
    0.090383   (60 0.432) (61 0.418) (69 -0.364) 
     0.08706   (65 -0.339) (69 0.338) (97 -0.307) 
    0.083399   (63 -0.445) (65 0.466) (72 0.392) 
     0.08045   (63 0.617) (69 -0.378) 
    0.077978   (60 -0.28) (61 0.293) (63 -0.436) (65 -0.481) (72 -0.284) 
    0.075002   (60 0.569) (61 -0.581) (72 -0.31) 
    0.072308   (60 -0.274) (61 0.289) (65 0.471) (69 0.334) 
    0.069662   (65 -0.223) (69 -0.253) (72 0.382) (75 -0.22) (82 0.262) (115 -0.287) (116 -0.299) 
    0.067036   (72 -0.305) (74 -0.321) (75 0.304) (84 -0.287) 
    0.062839   (62 -0.56) (70 0.39) (74 0.296) (82 -0.32) 
    0.058586   (62 0.646) (74 0.337) 
    0.057654   (62 -0.391) (66 0.295) (70 -0.556) 
    0.055108   (66 -0.336) (70 0.263) (74 -0.452) (82 0.271) (84 0.31) (101 -0.308) 
    0.052853   (66 0.45) (67 0.324) (74 0.29) (75 0.311) (82 0.287) (101 -0.3) 
    0.049933   (66 -0.455) (67 -0.453) (70 -0.349) (74 0.33) 
    0.047532   (84 -0.354) (87 -0.395) (117 -0.357) 
    0.046146   (35 -0.935) (55 -0.226) 
    0.043868   (35 0.316) (55 -0.695) (56 0.391) 
    0.042581   (55 0.399) (78 -0.415) (117 -0.397) 
    0.040079   (56 -0.461) (64 0.339) (78 0.442) (101 0.27) (117 -0.297) 
    0.034885   (56 0.605) (78 0.402) 
    0.033156   (36 0.351) (37 0.717) (47 -0.311) 
    0.029795   (37 -0.519) (47 -0.352) (64 -0.385) 
    0.029446   (39 -0.396) (47 0.349) (92 0.395) 
    0.028578   (39 0.839) (92 0.235) 
    0.027798   (39 -0.335) (64 0.633) 
    0.023433   (129 -0.914) 
    0.022697   (130 -0.578) (155 0.809) 
    0.021021   (130 -0.577) (155 -0.313) (161 0.754) 
    0.020454   (130 -0.577) (155 -0.497) (161 -0.648) 
    0.019596   (13 0.983) 
    0.016819   (141 -0.999) 
