 1 31.6228
 2 23.3726
 3 1.13893
 4 31.6228
 5 23.5769
 6 3.07912
 7 31.6219
 8 1.43347
 9 31.0705
 10 29.9818
 11 1.07155
 12 26.9301
 13 31.6228
 14 31.6111
 15 0.902441
 16 31.6228
 17 31.6037
 18 0.917851
 19 31.6228
 20 30.9244
 21 1.64052
 22 31.6228
 23 31.4787
 24 1.06444
 25 15.0598
 26 15.5169
 27 1.59755
 28 31.4968
 29 14.6867
 30 7.92602
 31 22.488
 32 4.76424
 33 24.7431
 34 14.5176
 35 9.44427
 36 12.9988
 37 31.4413
 38 31.5763
 39 1.36301
 40 24.0636
 41 31.1392
 42 1.29342
 43 21.3724
 44 29.0033
 45 1.80007
 46 31.5715
 47 22.9615
 48 10.3991
 49 30.8889
 50 13.0769
 51 13.4582
 52 10.276
 53 30.9713
 54 16.406
 55 7.15444
 56 13.2589
 57 30.4497
 58 8.43335
 59 8.63824
 60 9.88699
 61 4.84675
 62 1.31947
 63 14.1362
 64 18.3895
 65 0.979555
 66 19.224
 67 30.1418
 68 2.97679
 69 31.6199
 70 31.6228
 71 31.4196
 72 1.51096
 73 31.6174
 74 1.62162
 75 31.3577
 76 31.4403
 77 1.47361
 78 28.1194
 79 31.6062
 80 2.5794
 81 30.4153
 82 31.462
 83 19.1144
 84 1.35127
 85 10.8797
 86 1.38942
 87 30.8743
 88 1.09874
 89 1.04458
 90 1.22812
 91 2.44855
 92 18.8208
 93 27.3871
 94 21.4129
 95 27.9489
 96 29.9817
 97 17.9487
 98 15.1851
 99 9.64328
 100 27.1944
 101 30.5029
 102 9.70669
 103 11.9845
 104 11.3863
 105 11.233
 106 12.5134
 107 12.5817
 108 12.6804
 109 10.524
 110 8.3371
 111 13.1269
 112 14.008
 113 13.346
 114 12.5839
 115 12.8237
 116 10.7645
 117 12.5795
 118 13.4595
 119 11.7228
 120 8.85576
 121 10.7888
 122 6.80788
 123 7.62508
 124 5.68636
 125 5.23403
 126 6.8213
 127 4.61412
 128 9.278
 129 7.38774
 130 7.32433
 131 4.09098
 132 4.44968
 133 4.67125
 134 5.92505
 135 2.72343
 136 6.81498
 137 2.99167
 138 2.88054
 139 2.8647
 140 3.14368
 141 3.11377
 142 2.67978
 143 2.82667
 144 3.73122
 145 3.73821
 146 3.37672
 147 2.96235
 148 4.90424
 149 3.93612
 150 3.32155
 151 3.50817
 152 4.70922
 153 4.55086
 154 3.6638
 155 4.35216
 156 4.77156
 157 6.75433
 158 0.184797
 159 0.215446
 160 0.271784
 161 1.41309
 162 4.93275
 163 11.7619
 164 15.5191
 165 0.900623
