 1 61020
 2 592.39
 3 5.5258
 4 246704
 5 632.33
 6 57.0277
 7 698158
 8 88.6426
 9 5895.83
 10 2731.13
 11 7.47061
 12 1401.16
 13 822624
 14 7918.66
 15 0.816102
 16 684451
 17 5021.69
 18 1.79059
 19 158332
 20 2786.58
 21 60.2987
 22 266166
 23 3941.22
 24 16.0911
 25 255.008
 26 311.477
 27 13.3514
 28 3377.73
 29 356.237
 30 177.097
 31 528.742
 32 116.157
 33 742.431
 34 222.622
 35 198.797
 36 285.332
 37 1533.42
 38 3109.18
 39 6.39415
 40 938.265
 41 4891.52
 42 2.02003
 43 649.731
 44 1501.23
 45 24.3823
 46 7324.22
 47 1953.84
 48 714.344
 49 2015.3
 50 183.651
 51 310.871
 52 232.684
 53 2985.15
 54 299.927
 55 140.996
 56 303.832
 57 1323.32
 58 81.3005
 59 139.142
 60 172.841
 61 29.2896
 62 1.77005
 63 210.082
 64 396.136
 65 1.89141
 66 420.992
 67 3600.78
 68 189.883
 69 98973.8
 70 340827
 71 3129.25
 72 18.5674
 73 21704.5
 74 95.3024
 75 10494.9
 76 10789.5
 77 8.28276
 78 1292.04
 79 11155.3
 80 98.8259
 81 2264.12
 82 2247.28
 83 423.008
 84 2.53457
 85 170.486
 86 2.75996
 87 2098.13
 88 1.71033
 89 1.63938
 90 1.87931
 91 9.47357
 92 514.891
 93 1505.5
 94 969.344
 95 1685.24
 96 2033.57
 97 396.001
 98 301.531
 99 144.328
 100 928.425
 101 1572.62
 102 120.409
 103 163.923
 104 149.421
 105 142.576
 106 168.656
 107 172.797
 108 176.25
 109 130.826
 110 97.5013
 111 190.782
 112 206.683
 113 189.76
 114 172.863
 115 184.993
 116 143.211
 117 180.45
 118 199.797
 119 155.575
 120 93.2937
 121 126.8
 122 49.8102
 123 61.599
 124 38.7811
 125 30.8258
 126 50.9277
 127 28.7058
 128 99.291
 129 69.1529
 130 63.4954
 131 20.1567
 132 20.9417
 133 23.3427
 134 36.9785
 135 9.11348
 136 47.6791
 137 10.3771
 138 9.46492
 139 9.32248
 140 10.9861
 141 11.9617
 142 8.94659
 143 9.47089
 144 15.1298
 145 15.0439
 146 12.7045
 147 10.3034
 148 25.2281
 149 16.9552
 150 12.4921
 151 13.9255
 152 23.5194
 153 22.3192
 154 14.6364
 155 19.9376
 156 23.9762
 157 46.9418
 158 0.249341
 159 0.0815664
 160 0.179661
 161 3.91933
 162 31.3501
 163 194.061
 164 262.742
 165 6.50409
