 1 1000
 2 557.894
 3 5.25214
 4 1000
 5 605.617
 6 54.6524
 7 999.957
 8 15.4817
 9 980.239
 10 908.099
 11 4.32971
 12 739.799
 13 1000
 14 999.398
 15 0.814601
 16 1000
 17 999.153
 18 1.02229
 19 1000
 20 976.059
 21 21.76
 22 1000
 23 994.91
 24 4.72908
 25 238.529
 26 268.224
 27 11.5357
 28 993.493
 29 312.878
 30 156.504
 31 526.762
 32 112.386
 33 716.911
 34 215.762
 35 188.763
 36 269.828
 37 989.703
 38 998.372
 39 3.14599
 40 591.619
 41 973.501
 42 1.75022
 43 481.503
 44 872.291
 45 14.5996
 46 998.116
 47 710.627
 48 291.855
 49 962.335
 50 181.385
 51 270.499
 52 199.415
 53 967.957
 54 274.01
 55 115.84
 56 245.099
 57 946.377
 58 79.6016
 59 126.012
 60 155.207
 61 29.2492
 62 1.76974
 63 208.938
 64 392.478
 65 1.88602
 66 418.56
 67 950.911
 68 51.2258
 69 999.899
 70 1000
 71 992.618
 72 7.12555
 73 999.75
 74 10.157
 75 991.062
 76 989.566
 77 5.58827
 78 799.16
 79 999.257
 80 38.7078
 81 958.365
 82 992.215
 83 388.737
 84 2.41581
 85 133.394
 86 2.45969
 87 968.541
 88 1.71024
 89 1.63937
 90 1.87919
 91 8.76281
 92 432.242
 93 832.566
 94 571.334
 95 841.541
 96 930.582
 97 374.973
 98 289.626
 99 142.777
 100 785.475
 101 948.31
 102 116.626
 103 160.952
 104 147.598
 105 141.688
 106 167.862
 107 171.892
 108 175.369
 109 129.94
 110 95.7104
 111 189.89
 112 205.687
 113 189.025
 114 172.485
 115 184.49
 116 142.488
 117 180.043
 118 199.459
 119 155.114
 120 92.1821
 121 126.21
 122 49.292
 123 60.3197
 124 38.353
 125 30.2757
 126 50.5928
 127 27.4165
 128 97.594
 129 68.1049
 130 62.3945
 131 19.887
 132 20.7199
 133 23.0479
 134 36.2593
 135 8.8807
 136 47.3866
 137 10.1762
 138 9.23779
 139 9.10308
 140 10.7014
 141 11.3722
 142 8.63432
 143 9.19391
 144 14.8883
 145 14.7912
 146 12.4145
 147 9.99643
 148 24.9053
 149 16.5809
 150 12.2169
 151 13.6335
 152 23.1243
 153 21.6944
 154 14.3229
 155 19.7026
 156 23.7639
 157 46.6913
 158 0.208756
 159 0.0790291
 160 0.166644
 161 3.74027
 162 29.5393
 163 165.735
 164 257.583
 165 6.05647
