 Smallest eigenvalues
  1.2156e-06   (9 -1) 
  1.4239e-06   (47 0.781) (49 -0.419) (42 -0.206) (40 -0.155) (41 -0.15) (48 -0.144) (39 0.128) (50 0.0931) (43 0.0902) (51 0.0891) (154 -0.0876) (57 0.0767) (56 -0.0753) (44 -0.0744) (82 0.067) (46 0.0589) (53 -0.0568) (30 -0.0521) (55 0.0508) (52 0.0441) (13 0.0406) (68 -0.0385) (15 -0.0379) (81 -0.0377) (59 -0.0376) (32 -0.0288) (17 0.0278) (78 0.0263) (54 0.0256) (20 -0.0252) (45 -0.0246) (38 0.0244) (84 0.0242) (31 0.0238) (21 0.0236) (24 -0.0219) (77 0.0217) (36 0.0205) (29 -0.0204) (22 0.0198) (37 -0.0186) (25 0.0183) (67 -0.018) (27 -0.0178) (61 0.0174) (76 -0.0165) (34 0.0159) (79 -0.0153) (26 0.015) (66 -0.0138) (88 0.0136) (16 -0.013) (28 -0.0125) (69 0.0123) (74 0.0122) (72 0.0121) (23 0.0107) 
   1.461e-06   (154 -0.996) (47 -0.0687) (49 0.0368) (42 0.0182) (40 0.0138) (41 0.0133) (48 0.0127) (39 -0.0113) 
   2.934e-06   (6 -1) 
  3.7571e-06   (46 -0.509) (43 0.506) (45 -0.308) (150 -0.285) (47 -0.245) (44 -0.236) (41 -0.226) (42 -0.225) (40 -0.164) (39 0.137) (48 0.136) (56 -0.0549) (82 0.053) (30 -0.0509) (57 0.0455) (49 -0.0418) (13 0.035) (15 -0.0322) (32 -0.03) (53 -0.0294) (50 -0.0294) (68 -0.0291) (81 -0.0277) (55 0.0263) (31 0.0252) (26 0.0249) (54 0.0237) (17 0.0236) (20 -0.0235) (21 0.0208) (24 -0.0204) (59 -0.0196) (38 0.0195) (36 0.0189) (84 0.0181) (37 -0.0179) (78 0.0178) (79 -0.0154) (22 0.0145) (16 -0.0136) (66 -0.0128) (35 0.0119) (28 -0.011) (34 0.0109) 
  4.0534e-06   (150 -0.959) (46 0.151) (43 -0.15) (45 0.0916) (47 0.0727) (44 0.0702) (41 0.0673) (42 0.0669) (40 0.0488) (39 -0.0408) (48 -0.0403) (56 0.0163) (82 -0.0155) (30 0.0152) (57 -0.0135) (49 0.0124) (13 -0.0104) 
  6.3159e-06   (2 -0.997) (32 -0.05) (33 0.0305) (30 -0.0289) (34 -0.0237) (31 0.0182) (36 -0.0169) (35 -0.0121) 
  1.0101e-05   (153 -0.993) (32 -0.0782) (33 0.0484) (30 -0.0452) (34 -0.0376) (31 0.029) (36 -0.027) (35 -0.0163) (26 0.0113) (39 -0.0104) 
  1.6388e-05   (32 0.643) (33 -0.397) (30 0.371) (34 0.309) (31 -0.238) (36 0.222) (35 0.134) (153 -0.121) (26 -0.0931) (39 0.0857) (2 -0.076) (28 0.0575) (20 0.0567) (40 -0.0567) (17 -0.0567) (24 0.0517) (27 0.0509) (42 -0.0503) (15 0.0456) (43 0.0443) (13 -0.0438) (82 -0.0367) (21 -0.0314) (22 -0.0261) (44 -0.0259) (25 -0.0256) (81 0.0213) (48 -0.0207) (47 0.0205) (16 0.0195) (29 -0.0168) (41 -0.0167) (68 0.0144) (23 -0.0142) (53 0.0118) (75 0.0118) (56 0.0116) (49 0.0108) 
  3.5255e-05   (20 0.664) (21 0.425) (45 0.37) (22 0.305) (46 0.172) (44 -0.148) (42 -0.136) (47 -0.123) (43 0.107) (17 -0.0822) (40 -0.0817) (39 0.0754) (41 -0.0743) (23 -0.0615) (31 0.0606) (36 0.0522) (26 0.0381) (56 -0.0375) (33 0.0295) (28 -0.0291) (55 0.0285) (24 -0.0283) (15 0.028) (72 0.0266) (78 0.0262) (25 0.0255) (35 -0.0245) (73 0.0238) (29 -0.0224) (50 -0.0224) (48 0.0216) (34 -0.0199) (67 -0.0189) (32 -0.0188) (53 -0.0186) (49 -0.0179) (82 0.0174) (57 0.0167) (81 -0.0155) (62 0.0154) (19 -0.0154) (65 0.0137) (51 -0.0132) (61 0.013) (52 -0.0122) (84 0.0105) 
  8.5236e-05   (155 -0.998) (45 0.0418) (20 -0.0283) (46 0.02) (44 -0.0161) (21 -0.016) (47 -0.0149) (42 -0.0143) (40 -0.0142) (43 0.0115) (22 -0.0115) 
    8.87e-05   (45 -0.619) (20 0.411) (46 -0.297) (44 0.238) (21 0.232) (47 0.22) (42 0.212) (40 0.209) (43 -0.17) (22 0.166) (39 -0.105) (41 0.0775) (17 -0.0696) (155 -0.0678) (48 -0.0531) (82 -0.0487) (23 -0.0481) (49 0.0419) (53 0.0418) (15 0.0406) (55 -0.0399) (54 -0.0382) (81 0.0331) (57 -0.0322) (56 0.0313) (72 -0.031) (13 -0.0307) (78 -0.0278) (35 -0.0259) (73 -0.0243) (30 0.0228) (67 0.0222) (52 0.0199) (68 0.0184) (51 0.0182) (65 -0.0174) (26 -0.017) (62 -0.016) (84 -0.0154) (32 0.0154) (59 0.0152) (31 -0.0151) (60 -0.0148) (29 -0.0146) (74 -0.014) (38 -0.0139) (61 -0.0128) (25 0.0124) (16 0.0122) (37 0.012) (69 -0.0116) (33 0.0115) 
     0.00012   (1 1) 
  0.00012453   (13 0.913) (15 0.298) (14 0.212) (16 0.109) (17 -0.0793) (21 -0.0483) (20 0.0474) (24 0.0412) (22 -0.0406) (30 0.0352) (18 0.0263) (41 0.0252) (12 -0.0225) (39 -0.0222) (25 -0.0195) (11 0.0188) (23 -0.0181) (40 0.0176) (42 0.0166) (31 -0.0137) (29 0.0137) (36 -0.0126) (32 0.0113) (34 -0.011) (38 -0.011) (26 -0.0109) (35 -0.0106) (45 0.0103) (56 -0.01) 
  0.00018466   (159 1) 
  0.00020373   (3 1) 
  0.00025023   (16 -0.838) (15 -0.424) (17 -0.223) (13 0.188) (20 0.0841) (21 -0.0774) (24 0.0695) (18 0.0562) (22 -0.0497) (30 0.0448) (25 -0.0343) (14 0.0337) (23 -0.0323) (39 -0.0224) (31 -0.0205) (40 0.0197) (41 0.0172) (29 0.0162) (32 0.0159) (34 -0.0147) (158 0.0138) (42 0.0136) (35 -0.0135) (26 -0.0131) (28 0.0119) (43 -0.0114) (12 -0.0113) 
  0.00025717   (158 1) (16 0.0116) 
  0.00026564   (7 -1) 
   0.0002838   (25 0.932) (27 0.158) (152 -0.144) (24 -0.128) (30 0.116) (23 0.107) (26 0.0874) (20 -0.0743) (17 0.0708) (22 0.0618) (13 0.0548) (21 0.0511) (15 -0.0491) (16 -0.0412) (47 -0.0406) (34 -0.0404) (32 0.0385) (48 -0.034) (49 -0.0285) (29 0.0284) (39 -0.0271) (36 0.0252) (42 0.0226) (40 0.0198) (45 -0.0182) (46 0.0179) (41 0.0169) (82 0.0152) (56 -0.0144) (33 0.0121) (75 0.0117) (28 0.0116) (35 0.0114) 
  0.00029065   (152 -0.99) (25 -0.136) (27 -0.023) (24 0.0186) (30 -0.017) (23 -0.0157) (26 -0.0127) (20 0.0108) (17 -0.0103) 
  0.00029613   (5 -1) 
  0.00032202   (18 -0.757) (17 0.585) (20 0.16) (22 -0.107) (15 -0.1) (16 -0.0974) (13 0.0887) (156 -0.062) (19 0.0565) (21 -0.0547) (23 -0.0509) (30 0.0426) (25 -0.04) (14 0.025) (47 -0.0178) (40 0.0171) (24 0.0164) (36 0.0158) (82 0.0146) (43 -0.014) (31 -0.014) (56 -0.0139) (42 0.013) (29 0.0118) (32 0.0115) (33 0.0115) (27 0.0107) (26 0.0105) 
  0.00032564   (156 -0.998) (18 0.047) (17 -0.0363) 
  0.00035106   (74 0.678) (57 -0.373) (59 0.34) (73 -0.258) (70 0.219) (66 -0.166) (53 -0.126) (60 -0.117) (41 -0.113) (54 0.11) (55 0.108) (72 0.0852) (52 -0.0823) (82 -0.0763) (46 0.076) (45 -0.0755) (42 -0.0679) (51 -0.0648) (50 0.0641) (71 -0.0508) (75 0.048) (68 0.0475) (43 -0.0459) (40 -0.0435) (38 0.0398) (67 0.0387) (44 0.0364) (81 0.0353) (30 -0.0337) (34 0.0315) (49 0.0309) (39 0.0297) (15 -0.0278) (122 0.0262) (21 0.0252) (13 0.0251) (56 -0.0235) (37 -0.023) (48 -0.0228) (20 -0.0221) (36 0.0215) (89 -0.0206) (26 0.0203) (47 -0.0202) (79 0.0194) (88 0.0186) (22 0.0183) (101 0.0182) (97 -0.0182) (27 -0.0161) (69 -0.016) (121 -0.0156) (151 0.0135) (125 -0.0133) (104 0.0132) (35 0.0132) (99 -0.0131) (62 -0.013) (29 -0.0128) (98 0.0124) (115 -0.0119) (91 -0.0112) (107 -0.011) (116 0.0109) (23 -0.0102) 
  0.00042231   (74 -0.595) (57 -0.425) (59 0.325) (73 0.251) (66 -0.237) (151 0.189) (70 0.182) (41 -0.147) (49 0.123) (46 0.118) (60 -0.114) (54 0.108) (39 0.105) (45 -0.103) (52 -0.0901) (53 -0.0895) (42 -0.0832) (48 -0.0741) (67 0.0615) (40 -0.0613) (72 -0.0572) (30 -0.0562) (68 0.0522) (55 0.0505) (15 -0.0456) (13 0.0455) (38 0.0417) (34 0.0408) (20 -0.0367) (36 0.0346) (119 -0.0345) (75 -0.0309) (43 -0.0309) (37 -0.0301) (26 0.029) (22 0.0289) (78 -0.0289) (21 0.028) (51 -0.0274) (84 0.0254) (44 0.0239) (71 0.0238) (29 -0.0236) (17 0.022) (35 0.0209) (124 -0.0199) (32 -0.0195) (126 -0.0194) (27 -0.0188) (89 -0.0169) (28 -0.0145) (62 -0.0141) (117 -0.0138) (116 0.0136) (97 -0.0132) (134 0.0129) (88 0.0128) (125 0.0122) (65 0.012) (130 0.0119) (61 -0.0117) (121 0.0112) (58 0.0111) (120 0.0109) (47 0.0104) (63 -0.0102) 
  0.00043222   (151 0.982) (74 0.105) (57 0.0872) (59 -0.0673) (66 0.0477) (73 -0.0446) (70 -0.0378) (41 0.0304) (49 -0.0242) (46 -0.0241) (60 0.0236) (54 -0.0225) (45 0.0213) (39 -0.0209) (53 0.0192) (52 0.0187) (42 0.0172) (48 0.0147) (40 0.0126) (67 -0.0123) (30 0.0115) (55 -0.0113) (68 -0.0106) 
  0.00046047   (22 -0.703) (21 0.688) (20 -0.104) (51 -0.0552) (23 0.055) (24 0.0539) (52 0.0511) (49 0.0478) (18 0.0441) (53 0.0311) (48 -0.0234) (16 -0.0222) (46 0.0201) (13 0.0184) (54 -0.0181) (57 0.0174) (17 0.0174) (39 0.0174) (45 -0.0144) (15 -0.0128) (19 -0.0111) (56 -0.0103) (41 -0.01) 
  0.00046716   (148 -0.577) (51 -0.44) (52 0.359) (49 0.335) (53 0.229) (48 -0.181) (41 -0.151) (54 -0.141) (46 0.138) (45 -0.106) (57 0.0989) (50 0.0984) (39 0.0945) (42 -0.0916) (22 0.0839) (40 -0.0653) (59 -0.061) (30 -0.051) (47 0.0508) (56 -0.0494) (21 -0.0432) (55 0.0428) (15 -0.0348) (13 0.0331) (34 0.0303) (74 0.0302) (38 0.0276) (36 0.0276) (26 0.0233) (82 0.0209) (68 -0.0209) (32 -0.0206) (37 -0.0192) (60 0.019) (20 -0.0188) (73 -0.0162) (27 -0.0161) (35 0.0156) (17 0.0139) (29 -0.0138) (24 -0.0138) (119 -0.0124) (28 -0.012) (81 -0.0118) (84 0.0108) 
  0.00050111   (148 -0.817) (51 0.311) (52 -0.254) (49 -0.237) (53 -0.162) (48 0.128) (41 0.107) (54 0.0993) (46 -0.0978) (45 0.075) (57 -0.0698) (50 -0.0695) (39 -0.0668) (42 0.0647) (22 -0.0565) (40 0.0462) (59 0.0431) (30 0.036) (47 -0.0359) (56 0.0349) (55 -0.0302) (21 0.0278) (15 0.0247) (13 -0.0235) (34 -0.0214) (74 -0.0213) (38 -0.0195) (36 -0.0195) (26 -0.0164) (68 0.0148) (82 -0.0147) (32 0.0145) (20 0.0137) (37 0.0135) (60 -0.0134) (73 0.0114) (27 0.0113) (35 -0.0111) 
  0.00051584   (52 -0.632) (53 0.416) (39 -0.387) (50 0.299) (41 -0.195) (40 -0.188) (49 0.18) (42 -0.131) (48 -0.103) (57 0.0953) (55 -0.0948) (51 0.0909) (46 0.0771) (54 -0.0767) (45 -0.0713) (56 -0.0638) (59 -0.0545) (38 0.0262) (47 0.024) (68 -0.021) (149 -0.0199) (70 0.0193) (82 0.0159) (60 0.0155) (21 0.0154) (43 0.0124) (44 -0.0122) (37 -0.0116) (81 -0.0116) (84 0.0102) 
  0.00054362   (149 -0.932) (39 0.3) (52 -0.121) (40 0.0954) (53 0.0685) (50 0.0637) (41 0.0506) (42 0.0384) (30 -0.026) (57 0.0203) (43 -0.0189) (55 -0.0169) (56 -0.0169) (44 0.0156) (82 0.0134) (36 0.0132) (47 -0.0127) (26 0.0126) (34 0.0125) (15 -0.0121) (59 -0.0121) (20 -0.0119) (74 0.0119) (54 -0.0114) (13 0.0102) 
  0.00054821   (39 -0.752) (149 -0.361) (52 0.347) (40 -0.236) (53 -0.2) (50 -0.181) (41 -0.12) (42 -0.0918) (30 0.0671) (57 -0.0575) (55 0.0487) (43 0.0481) (56 0.047) (44 -0.0396) (82 -0.0356) (36 -0.0341) (59 0.0341) (54 0.0336) (26 -0.0328) (34 -0.0328) (15 0.0317) (47 0.0316) (74 -0.0314) (20 0.0309) (13 -0.0267) (22 -0.0258) (68 0.0257) (32 0.0255) (27 0.0204) (81 0.0196) (73 0.0195) (35 -0.0177) (31 -0.0171) (21 -0.0129) (23 -0.0129) (17 -0.0111) (49 -0.0108) (28 0.0102) 
  0.00056501   (70 -0.912) (57 -0.21) (72 -0.171) (59 0.137) (51 -0.108) (55 0.0852) (50 0.0844) (41 -0.068) (52 -0.0662) (54 0.0639) (74 0.0639) (73 0.0598) (71 0.0549) (67 -0.0432) (49 -0.0432) (60 -0.043) (66 0.0371) (42 -0.0364) (53 -0.0363) (45 -0.0359) (56 0.0353) (146 -0.0341) (40 -0.0315) (75 0.0296) (43 -0.0292) (46 0.0289) (82 -0.0286) (38 0.0254) (47 -0.0242) (84 0.024) (30 -0.0226) (44 0.0221) (21 0.0203) (124 -0.0199) (77 0.0192) (34 0.0187) (15 -0.0172) (88 0.0167) (122 0.0167) (78 -0.0154) (37 -0.015) (13 0.015) (26 0.0141) (126 -0.0134) (90 0.0134) (20 -0.0132) (76 0.0126) (89 -0.012) (96 0.0119) (36 0.0117) (22 0.0112) (27 -0.0111) (119 -0.0104) (121 -0.0102) (115 -0.0101) 
   0.0005724   (146 -0.767) (51 0.391) (49 0.339) (50 -0.222) (48 -0.144) (53 -0.124) (46 0.0942) (39 0.0937) (57 0.0779) (41 -0.0762) (45 -0.0674) (70 -0.059) (74 0.0545) (42 -0.0541) (47 0.0457) (54 -0.0435) (30 -0.0308) (73 -0.0287) (82 0.0286) (59 -0.0274) (40 -0.0253) (66 0.0242) (15 -0.0234) (20 -0.0204) (13 0.0191) (52 0.0188) (68 -0.0187) (26 0.0162) (22 0.016) (34 0.0155) (147 -0.0154) (36 0.0152) (67 -0.0141) (81 -0.0139) (32 -0.0131) (38 0.013) (44 -0.0128) (119 -0.0124) (37 -0.012) (17 0.0118) (60 0.0107) 
   0.0005821   (146 -0.64) (51 -0.463) (49 -0.405) (50 0.261) (48 0.172) (53 0.151) (70 0.12) (46 -0.115) (39 -0.113) (41 0.0954) (45 0.083) (57 -0.0819) (74 -0.0688) (42 0.0671) (47 -0.0535) (54 0.0486) (30 0.0383) (82 -0.033) (40 0.0323) (73 0.0313) (66 -0.0311) (15 0.0291) (59 0.0254) (20 0.0252) (13 -0.0239) (68 0.0228) (26 -0.0203) (22 -0.0199) (34 -0.0197) (67 0.0193) (36 -0.0189) (52 -0.0188) (38 -0.0171) (81 0.0164) (32 0.016) (37 0.0153) (17 -0.0142) (119 0.0142) (44 0.014) (147 -0.0128) (56 -0.0127) (21 -0.012) (29 0.0118) (27 0.0112) (35 -0.0111) (60 -0.0105) (28 0.0101) 
  0.00071271   (38 0.901) (22 0.192) (21 0.166) (20 -0.164) (41 0.142) (24 0.136) (37 -0.118) (40 0.0772) (39 -0.0734) (15 -0.072) (42 0.0625) (34 0.0589) (13 0.0513) (45 0.051) (46 -0.0465) (17 0.0459) (43 0.0429) (36 0.0342) (44 -0.0314) (25 -0.0303) (53 0.0257) (35 0.0234) (30 -0.0221) (57 0.0176) (31 -0.0175) (52 0.0173) (54 -0.0168) (18 -0.0158) (50 -0.0157) (23 0.0153) (51 0.0136) (59 -0.0135) (33 -0.0129) (47 0.0124) 
  0.00078746   (22 0.503) (24 0.426) (20 -0.415) (21 0.403) (38 -0.332) (30 0.136) (15 -0.13) (17 0.125) (26 -0.119) (23 0.0941) (25 -0.0865) (34 -0.0836) (13 0.0828) (27 0.0756) (37 0.0634) (36 -0.0612) (29 0.0572) (18 -0.0488) (28 0.0445) (35 -0.0386) (143 0.0366) (32 0.034) (39 -0.0235) (19 -0.011) (49 -0.0105) 
   0.0010236   (143 0.991) (142 -0.127) (22 -0.0199) (24 -0.0166) (20 0.0164) (21 -0.016) 
   0.0011319   (48 0.472) (46 0.406) (49 -0.316) (45 -0.304) (41 -0.271) (15 -0.23) (53 0.203) (47 -0.199) (43 -0.178) (44 0.166) (50 -0.161) (51 0.15) (54 -0.139) (16 0.125) (52 0.113) (40 -0.101) (42 -0.0983) (13 0.0761) (39 0.0719) (59 -0.0678) (57 0.0608) (38 0.0596) (34 0.0438) (55 -0.0432) (30 -0.0361) (82 -0.0353) (68 0.0313) (36 0.0289) (56 0.0273) (37 -0.0272) (81 0.0214) (17 -0.0213) (26 0.0209) (60 0.0209) (35 0.0188) (78 -0.018) (27 -0.0169) (70 0.0157) (29 -0.0145) (79 0.0128) (84 0.011) (66 0.0108) (67 0.0103) (21 0.0101) 
   0.0012481   (15 -0.772) (16 0.499) (13 0.149) (20 0.133) (46 -0.115) (17 -0.115) (48 -0.11) (22 -0.105) (41 0.101) (45 0.0915) (21 -0.0899) (49 0.0699) (30 0.063) (43 0.0517) (47 0.0485) (44 -0.0465) (39 -0.0461) (42 0.0432) (53 -0.0431) (34 -0.0427) (26 -0.0419) (40 0.041) (50 0.0383) (38 -0.0329) (51 -0.0322) (36 -0.0319) (27 0.0298) (54 0.0289) (29 0.0275) (24 0.0257) (52 -0.0238) (18 0.0223) (35 -0.0202) (28 0.0164) (37 0.0161) (32 0.0151) (59 0.0123) (14 0.0119) (57 -0.0109) 
    0.001282   (145 -1) (134 0.0115) 
   0.0014732   (53 -0.611) (54 -0.497) (36 0.26) (55 -0.239) (34 0.218) (51 -0.207) (52 -0.195) (30 -0.156) (50 0.154) (35 0.119) (57 0.106) (59 -0.0858) (32 -0.0723) (39 -0.0593) (26 0.0533) (15 -0.0482) (37 0.0466) (56 0.0448) (20 -0.0442) (45 -0.0437) (47 -0.0423) (46 0.042) (43 -0.0413) (27 -0.0409) (21 0.0392) (22 0.0387) (28 -0.0367) (13 0.0367) (29 -0.0358) (38 -0.034) (71 0.0335) (44 0.0329) (68 0.0323) (82 -0.0311) (60 0.0274) (41 -0.0257) (137 -0.0195) (49 -0.0186) (33 0.0168) (73 0.0157) (42 -0.0153) (81 0.0149) (66 -0.014) (70 0.0121) (48 0.0113) (79 0.011) (31 0.011) (67 0.0108) (121 -0.0107) 
   0.0015142   (36 0.552) (34 0.434) (30 -0.302) (53 0.286) (35 0.246) (54 0.199) (32 -0.16) (41 0.157) (38 -0.15) (39 -0.147) (37 0.138) (137 -0.113) (51 0.107) (52 0.0973) (55 0.0965) (50 -0.085) (26 0.0848) (42 0.083) (45 0.0745) (40 0.0724) (46 -0.067) (20 -0.0669) (15 -0.065) (28 -0.0646) (27 -0.0635) (29 -0.0604) (22 0.0572) (13 0.0513) (21 0.0467) (33 0.0423) (43 0.0408) (31 0.0393) (44 -0.0342) (57 -0.0317) (59 0.0287) (17 0.0256) (49 -0.02) (25 0.0199) (47 0.019) (24 -0.0182) (48 0.016) (82 0.0146) (56 -0.0142) (71 -0.0131) (74 0.01) 
   0.0015651   (137 -0.993) (36 -0.0683) (34 -0.054) (30 0.0377) (35 -0.0305) (134 0.026) (53 -0.0205) (32 0.0197) (39 0.0178) (38 0.0177) (41 -0.0172) (37 -0.0167) (54 -0.0131) (26 -0.0108) 
   0.0016765   (14 -0.914) (13 0.218) (32 0.198) (30 -0.187) (31 0.14) (29 -0.0895) (33 -0.0581) (34 -0.0569) (36 -0.0437) (28 -0.0398) (35 -0.039) (133 0.0356) (39 -0.02) (26 0.0184) (41 0.018) (71 -0.0144) (40 0.0142) (38 -0.0134) (18 -0.0132) (24 -0.0129) (15 0.0125) (37 0.0122) (22 0.011) 
    0.001809   (133 0.538) (30 -0.448) (32 0.446) (31 0.322) (14 0.304) (29 -0.2) (33 -0.135) (34 -0.123) (36 -0.098) (35 -0.0877) (28 -0.0634) (26 0.0533) (39 -0.0481) (15 -0.0473) (20 -0.0408) (17 0.0326) (24 -0.0326) (42 0.0318) (13 -0.0307) (37 0.0293) (21 0.029) (27 -0.0289) (41 0.0281) (22 0.0268) (38 -0.0238) (40 0.0228) (25 0.0186) (19 -0.0164) (44 0.0158) (23 0.0145) (16 -0.0132) (45 0.0131) (50 0.0117) (46 -0.0116) (48 0.0103) 
   0.0020406   (133 0.842) (30 0.294) (32 -0.293) (31 -0.211) (14 -0.155) (29 0.131) (33 0.0885) (34 0.0809) (36 0.0644) (35 0.0576) (28 0.0421) (26 -0.0348) (39 0.0315) (15 0.0297) (20 0.0262) (24 0.0214) (17 -0.0213) (42 -0.0207) (37 -0.0192) (27 0.0188) (41 -0.0186) (21 -0.0186) (22 -0.0176) (38 0.0157) (40 -0.0151) (25 -0.0121) (19 0.0106) (13 0.0104) (44 -0.0102) 
   0.0021389   (29 -0.917) (30 0.228) (50 0.19) (32 -0.146) (31 -0.106) (51 0.103) (52 0.089) (28 -0.0572) (48 0.0491) (26 0.0344) (72 0.0339) (34 -0.0336) (20 -0.0321) (36 -0.0307) (49 0.0252) (42 0.0246) (37 0.0239) (45 0.0232) (73 -0.0226) (33 0.0223) (47 -0.0207) (54 -0.0199) (129 -0.0193) (74 -0.0186) (46 -0.018) (56 -0.0171) (35 0.0168) (59 0.0168) (15 -0.0143) (41 0.0131) (23 -0.0118) (22 0.0113) (38 -0.0108) 
   0.0023543   (72 0.639) (73 -0.462) (74 -0.271) (67 -0.236) (129 -0.234) (71 -0.192) (77 -0.189) (70 -0.134) (68 -0.121) (69 -0.115) (82 -0.104) (66 0.0791) (59 0.0772) (56 0.0682) (75 -0.065) (54 0.0631) (78 -0.0619) (51 -0.0596) (40 -0.0595) (81 0.0468) (55 -0.0434) (64 0.0429) (83 -0.0424) (62 0.0397) (61 0.0375) (105 -0.0363) (52 -0.036) (86 0.0341) (50 -0.0328) (76 0.032) (60 -0.0309) (45 -0.0301) (79 -0.0292) (29 0.0282) (53 -0.0272) (49 -0.0252) (80 0.0244) (48 -0.0226) (63 0.0225) (102 0.0222) (44 0.0222) (42 -0.0202) (85 -0.019) (30 -0.019) (43 -0.0189) (84 0.0166) (46 0.0166) (101 -0.0156) (89 -0.0147) (93 -0.0138) (47 -0.0115) (58 -0.0105) (121 0.0102) (39 0.0101) (38 0.0101) 
   0.0024359   (129 -0.616) (50 -0.555) (51 -0.315) (52 -0.277) (29 -0.178) (72 -0.155) (48 -0.115) (73 0.0896) (74 0.083) (54 0.0814) (59 -0.0792) (56 0.0694) (42 -0.0595) (131 0.0575) (49 -0.0573) (41 0.0512) (45 -0.0453) (47 0.0427) (57 0.0416) (40 -0.0383) (70 0.0339) (30 0.0327) (69 0.032) (60 0.0307) (71 0.0291) (53 0.0282) (46 0.026) (67 0.0253) (77 0.0247) (68 0.0209) (84 -0.0199) (35 0.0197) (78 0.0193) (82 0.0182) (64 -0.0177) (61 -0.0176) (80 -0.0176) (75 0.0168) (20 -0.0161) (55 -0.0161) (26 0.0141) (32 -0.0138) (28 -0.0137) (65 0.0135) (119 0.0134) (90 -0.0124) (88 0.0117) (81 -0.0111) (39 0.0109) (91 0.0107) (66 -0.0103) (34 -0.0102) (15 -0.01) 
   0.0025005   (129 -0.744) (50 0.463) (51 0.276) (52 0.237) (29 0.162) (48 0.101) (131 0.0981) (54 -0.0865) (56 -0.0783) (72 -0.0726) (73 0.0706) (42 0.0548) (49 0.0546) (67 0.0534) (40 0.0508) (45 0.0463) (41 -0.0437) (59 0.0405) (77 0.0381) (71 0.0361) (57 -0.0318) (47 -0.031) (55 0.0269) (30 -0.0267) (46 -0.0263) (68 0.0209) (35 -0.0176) (82 0.0166) (83 0.0165) (74 0.0164) (66 -0.0164) (76 -0.0163) (60 -0.0153) (32 0.0145) (53 -0.0144) (20 0.0142) (26 -0.0141) (70 0.014) (85 0.0134) (43 0.0124) (39 -0.0122) (28 0.0117) (62 -0.0116) (84 0.0113) (65 -0.0112) (15 0.0107) (91 -0.0104) (101 0.0101) 
   0.0026338   (23 -0.896) (24 -0.271) (20 -0.193) (54 -0.124) (21 0.122) (55 0.104) (56 0.0879) (26 -0.0754) (59 0.073) (22 0.0606) (27 0.0502) (53 0.0451) (15 -0.04) (28 0.039) (30 0.0388) (42 0.032) (41 0.0306) (25 0.0298) (57 0.0287) (50 -0.0263) (45 0.026) (38 -0.0259) (34 -0.0247) (29 0.0246) (33 -0.0234) (43 0.0222) (46 -0.0219) (13 0.0204) (60 -0.0198) (51 0.0188) (31 0.0188) (12 -0.0185) (37 0.0183) (68 -0.0152) (44 -0.0148) (82 0.0147) (119 0.0137) (47 0.0133) (36 -0.012) (17 0.0102) (74 -0.01) 
   0.0029336   (59 -0.725) (57 -0.551) (60 0.216) (56 -0.199) (68 -0.17) (54 0.0979) (23 -0.0977) (53 -0.0745) (67 -0.0538) (55 0.0494) (50 0.0399) (49 0.0366) (132 -0.0364) (84 -0.0353) (72 0.0348) (42 -0.0333) (45 -0.033) (105 0.0311) (43 -0.031) (124 -0.0305) (82 -0.0301) (81 0.0293) (66 -0.0284) (20 -0.0272) (73 -0.0262) (24 -0.0252) (58 0.0246) (102 -0.0241) (46 0.0234) (62 0.0222) (65 0.0198) (21 0.0193) (70 0.019) (78 0.0189) (123 -0.0188) (101 0.0173) (71 -0.0171) (90 -0.0164) (47 -0.0154) (41 -0.0149) (40 0.0143) (110 -0.0142) (44 0.0136) (99 -0.0134) (34 0.0123) (63 0.0114) (69 0.0114) (51 0.0114) (77 -0.0112) (32 0.0111) (36 0.011) (22 0.0106) 
   0.0031213   (132 -0.825) (55 -0.357) (54 0.331) (56 -0.159) (57 0.122) (23 -0.0944) (68 0.082) (53 -0.0782) (41 -0.0508) (50 0.0495) (52 0.0392) (46 0.0349) (51 -0.0337) (82 -0.0312) (40 -0.0294) (43 -0.0279) (24 -0.0267) (45 -0.0266) (44 0.0265) (67 0.025) (49 0.0241) (20 -0.0239) (47 -0.0208) (66 0.0205) (21 0.0204) (72 -0.0188) (59 0.017) (22 0.0163) (81 0.0156) (70 -0.0153) (74 0.0142) (78 -0.0135) (73 0.0135) (39 0.0133) (15 -0.0128) (119 -0.0126) (84 0.0125) (79 0.0119) (38 0.0112) (130 0.011) (42 0.0107) (34 0.0106) (30 -0.0104) 
   0.0034103   (132 -0.564) (55 0.517) (54 -0.488) (56 0.246) (23 0.145) (57 -0.141) (53 0.119) (68 -0.109) (50 -0.0749) (41 0.0748) (52 -0.0563) (46 -0.0524) (51 0.0483) (82 0.0477) (43 0.0428) (40 0.0416) (45 0.0411) (24 0.0407) (44 -0.0395) (124 -0.039) (49 -0.0377) (20 0.0369) (67 -0.0332) (123 -0.0318) (47 0.0314) (21 -0.0311) (66 -0.0281) (119 0.0278) (72 0.0255) (22 -0.0245) (81 -0.0245) (59 0.0235) (74 -0.0214) (70 0.0212) (15 0.0193) (39 -0.0192) (78 0.0189) (73 -0.0182) (79 -0.0175) (84 -0.0174) (38 -0.0167) (34 -0.0163) (105 0.0161) (30 0.0151) (42 -0.013) (121 -0.0129) (102 -0.0124) (36 -0.0123) (13 -0.0121) (48 0.0116) (33 0.0105) 
   0.0036032   (37 -0.942) (66 -0.217) (38 -0.164) (84 -0.0788) (57 0.0627) (34 0.0569) (41 0.0551) (36 0.0483) (39 -0.0474) (30 -0.041) (42 0.0384) (59 -0.0316) (40 0.0309) (71 -0.0304) (29 -0.03) (45 0.0294) (70 -0.0293) (46 -0.0276) (86 -0.0267) (35 0.0265) (128 -0.0245) (56 0.0225) (65 0.0217) (52 0.0193) (21 0.0192) (55 -0.0164) (67 -0.0163) (60 0.0156) (69 -0.0154) (51 0.0142) (15 -0.014) (82 0.014) (22 0.0138) (49 -0.0131) (20 -0.013) (53 0.0125) (73 -0.0124) (105 -0.0121) (33 -0.0118) (13 0.0117) (26 0.0104) 
   0.0036916   (84 -0.852) (128 -0.304) (86 -0.218) (82 0.206) (66 0.149) (90 0.0892) (105 -0.0867) (87 0.0864) (85 -0.0698) (81 -0.066) (102 0.0594) (59 0.0561) (92 -0.0495) (83 -0.0473) (37 0.047) (91 0.0422) (57 -0.0401) (93 -0.0381) (68 -0.0377) (78 0.0367) (41 -0.0365) (79 -0.0283) (88 0.0274) (50 0.0271) (89 -0.0261) (119 -0.024) (103 -0.0238) (117 -0.0237) (40 -0.0216) (116 0.0215) (54 0.021) (55 -0.0207) (80 0.0204) (60 -0.0204) (111 -0.0203) (38 0.0203) (53 -0.0201) (46 0.0196) (115 -0.0192) (125 -0.0189) (101 -0.0183) (113 0.018) (94 -0.017) (45 -0.0157) (96 0.0154) (77 -0.0149) (110 -0.0145) (120 0.014) (65 -0.0138) (109 -0.013) (100 0.0126) (121 -0.0123) (126 -0.0122) (69 0.0115) (108 -0.0114) (71 0.0108) (44 0.0106) (114 0.0105) (118 0.0104) 
   0.0038892   (128 -0.688) (66 0.582) (84 0.291) (37 -0.164) (57 -0.108) (71 0.0898) (70 0.0876) (86 0.0789) (82 -0.0763) (56 -0.0734) (59 0.0682) (65 -0.0568) (55 0.0506) (67 0.0475) (69 0.0425) (90 -0.042) (73 0.0382) (105 0.0353) (60 -0.035) (52 -0.0302) (87 -0.0296) (64 0.0244) (102 -0.0239) (91 -0.0236) (42 -0.0228) (83 0.0225) (85 0.0222) (38 -0.0219) (51 -0.0217) (81 0.0216) (53 -0.02) (92 0.0182) (76 -0.0179) (45 -0.0137) (30 -0.0135) (34 0.0134) (110 0.0133) (126 -0.0133) (101 0.0128) (36 0.0116) (46 0.0113) (103 0.011) (54 -0.0104) (74 -0.0102) (108 0.01) 
   0.0039138   (66 -0.67) (128 -0.658) (37 0.185) (57 0.13) (71 -0.0976) (59 -0.097) (84 0.0952) (70 -0.0935) (56 0.0719) (65 0.065) (67 -0.0499) (69 -0.0493) (60 0.0457) (55 -0.0419) (73 -0.036) (52 0.0305) (53 0.0301) (64 -0.0286) (51 0.0263) (68 0.022) (42 0.0217) (45 0.0207) (46 -0.0203) (78 -0.0194) (38 0.0194) (34 -0.0193) (30 0.019) (41 0.0189) (82 -0.0184) (86 0.0183) (76 0.0179) (36 -0.0154) (74 0.0145) (77 0.0141) (15 0.0121) (21 -0.0119) (29 0.0115) (93 0.0115) (20 0.0112) (13 -0.0105) (61 -0.0104) 
   0.0040325   (106 -0.732) (113 -0.313) (104 -0.253) (107 0.229) (68 0.2) (109 0.165) (101 0.154) (115 0.142) (114 0.141) (97 -0.13) (91 0.111) (108 -0.106) (103 0.097) (120 0.0963) (98 -0.0843) (71 -0.0759) (118 0.0751) (100 -0.0669) (105 -0.0626) (90 -0.0577) (99 -0.0574) (116 -0.0546) (92 0.0473) (56 -0.0456) (147 -0.0442) (89 0.0411) (55 0.038) (117 -0.0364) (94 0.0333) (82 0.0332) (69 -0.0332) (110 -0.0308) (81 -0.0288) (121 -0.0287) (67 0.0286) (88 -0.0259) (102 -0.0247) (59 -0.0226) (73 -0.0208) (54 -0.0163) (70 -0.0157) (79 -0.0148) (78 0.0141) (66 0.0137) (74 -0.013) (123 0.0113) (125 -0.0109) (124 -0.0105) 
   0.0041319   (144 0.989) (147 0.148) (134 0.0138) (142 0.0122) (113 -0.0108) (68 -0.0101) 
   0.0043506   (68 0.777) (71 -0.31) (56 -0.309) (55 0.242) (106 0.185) (69 -0.133) (67 0.106) (59 -0.0943) (73 -0.0804) (107 -0.0748) (82 0.0724) (105 0.0703) (70 -0.0653) (74 -0.0638) (113 0.0585) (54 -0.0583) (81 -0.0558) (104 0.0508) (52 -0.0487) (103 -0.0431) (72 0.0419) (66 0.0416) (108 0.0387) (84 -0.0378) (79 -0.0365) (101 -0.0361) (115 -0.0349) (78 0.0332) (109 -0.0326) (50 -0.0316) (42 -0.031) (53 -0.0287) (41 0.0285) (90 -0.0278) (40 0.0278) (147 0.0271) (92 -0.027) (120 -0.0266) (61 0.0264) (77 -0.0246) (118 -0.0242) (102 -0.024) (97 0.0204) (57 0.0179) (60 0.0152) (94 -0.0146) (114 -0.0145) (75 -0.0141) (76 0.0133) (98 0.013) (86 0.0125) (100 0.012) (116 0.0112) (23 -0.0109) (117 0.0108) (65 -0.0103) 
   0.0044239   (44 -0.546) (71 -0.423) (43 -0.338) (79 -0.296) (80 -0.261) (72 -0.18) (83 0.158) (42 -0.151) (93 -0.143) (78 0.132) (68 -0.132) (86 0.129) (45 -0.125) (76 0.0856) (56 0.0836) (82 -0.0794) (55 -0.0789) (40 0.0776) (41 0.0756) (81 -0.071) (77 0.0688) (112 0.066) (99 -0.066) (108 -0.0648) (98 -0.0544) (66 0.0479) (96 -0.043) (50 0.0413) (87 -0.0388) (84 -0.0377) (59 0.0358) (103 0.0309) (73 -0.028) (75 0.0262) (28 -0.0256) (74 -0.0255) (52 0.0236) (47 -0.0225) (89 0.0225) (106 0.0224) (48 0.0218) (70 0.0198) (97 -0.0187) (104 0.0187) (157 -0.0182) (101 -0.0177) (91 -0.0151) (69 -0.015) (60 -0.015) (39 -0.0136) (65 -0.0132) (54 0.0123) (64 0.0119) (32 0.0112) (14 0.0111) (57 -0.0103) 
   0.0044471   (157 -0.999) (44 0.0299) (43 0.0188) 
   0.0045877   (44 -0.551) (71 0.502) (43 -0.35) (72 0.218) (78 -0.204) (79 0.2) (80 0.164) (42 -0.153) (68 0.139) (45 -0.134) (41 0.115) (86 -0.115) (40 0.102) (56 -0.0993) (83 -0.0932) (108 0.085) (66 -0.0706) (82 0.0705) (112 -0.0663) (87 0.0604) (90 0.0562) (76 -0.0482) (99 0.0452) (105 0.0405) (55 0.0369) (157 -0.0354) (98 0.0333) (69 0.0282) (81 0.0274) (48 0.0252) (39 -0.0246) (91 0.0241) (70 -0.0236) (75 -0.0228) (65 0.022) (84 0.0205) (74 0.0198) (106 -0.0197) (101 0.0194) (53 0.019) (57 0.019) (64 -0.0169) (32 0.0164) (104 -0.0152) (117 0.0141) (116 -0.0139) (73 0.0132) (47 -0.0129) (46 -0.0128) (77 -0.0123) (119 0.0119) (97 0.0113) (28 -0.0113) (34 -0.011) (93 -0.0103) (50 -0.0103) (38 -0.0103) (121 0.0101) 
   0.0047736   (19 -0.963) (135 -0.221) (18 -0.124) (17 -0.0712) (21 -0.023) (22 -0.0153) (23 -0.0152) (8 0.0145) (20 -0.0118) (26 -0.0116) 
   0.0048812   (135 -0.975) (19 0.219) (18 0.0283) (17 0.0162) 
   0.0049933   (8 -1) (19 -0.0127) 
   0.0051067   (4 1) 
    0.005274   (24 -0.821) (23 0.333) (25 -0.225) (21 0.185) (22 0.177) (20 -0.145) (30 0.118) (17 0.112) (15 -0.0992) (13 0.0967) (26 -0.0855) (139 0.0729) (16 -0.054) (31 -0.0532) (32 0.0418) (39 -0.0357) (27 0.0306) (18 0.0305) (29 0.0304) (41 0.03) (19 -0.0289) (40 0.0282) (43 -0.0245) (42 0.0231) (35 -0.0213) (82 0.0186) (28 0.0163) (44 0.0155) (56 -0.0153) (47 -0.0141) (14 0.0125) (68 -0.0123) (34 -0.0123) (37 0.0121) (57 0.0115) (46 -0.0106) (38 -0.0103) 
   0.0053512   (139 0.997) (24 0.0601) (23 -0.0244) (25 0.0164) (21 -0.0135) (22 -0.013) (20 0.0106) 
   0.0056335   (10 0.853) (17 0.377) (18 0.328) (20 0.0905) (19 -0.0697) (24 0.0469) (21 -0.0411) (15 -0.0361) (16 -0.0332) (23 -0.0287) (13 0.0257) (22 -0.0175) (25 -0.0162) (30 0.0144) (26 -0.0136) (32 0.0115) (31 -0.0105) 
   0.0057652   (138 0.996) (17 0.055) (10 -0.0499) (18 0.048) (20 0.0131) (19 -0.0101) 
   0.0059475   (17 -0.613) (18 -0.535) (10 0.52) (20 -0.146) (19 0.112) (138 0.0911) (24 -0.0758) (21 0.0643) (15 0.0603) (16 0.0532) (23 0.0497) (13 -0.0444) (25 0.0296) (22 0.0282) (26 0.0244) (30 -0.0242) (32 -0.0187) (31 0.0176) (27 -0.0148) (82 -0.0137) (43 0.0131) (39 0.013) 
   0.0062183   (12 0.947) (11 -0.229) (42 0.155) (40 -0.12) (44 -0.0605) (41 -0.039) (43 -0.0366) (13 0.0316) (39 0.0243) (55 0.0238) (14 0.0172) (46 -0.0162) (56 -0.0148) (15 -0.0138) (59 -0.0127) (23 -0.0107) (33 -0.0102) 
   0.0067285   (141 -0.998) (42 0.0493) (40 -0.0354) (44 -0.0166) (12 -0.0157) (41 -0.014) 
   0.0073298   (42 -0.72) (40 0.516) (44 0.244) (12 0.212) (41 0.205) (43 0.145) (39 -0.103) (141 -0.0684) (46 0.0677) (55 -0.0666) (11 -0.048) (33 0.0471) (56 0.0424) (50 0.0415) (59 0.0388) (52 0.0315) (32 0.0297) (23 -0.0289) (54 0.0283) (73 -0.0267) (65 -0.0257) (105 0.0227) (78 0.0225) (38 -0.0218) (31 -0.021) (30 0.0208) (60 0.0205) (84 -0.0192) (102 -0.0191) (28 -0.0191) (79 0.0187) (47 -0.0179) (74 -0.0174) (34 -0.0162) (75 -0.0158) (51 0.0153) (45 -0.0153) (20 -0.0152) (36 -0.0143) (80 -0.0141) (61 -0.0139) (71 0.0136) (67 -0.013) (22 -0.0107) 
   0.0082343   (11 -0.944) (12 -0.229) (33 -0.195) (32 -0.096) (31 0.0512) (36 -0.0424) (35 0.0421) (40 0.0233) (13 0.0188) (64 -0.0156) (27 0.0115) (136 0.0106) (26 -0.0104) 
   0.0091658   (136 0.981) (33 -0.153) (32 -0.0759) (11 0.0534) (31 0.0416) (36 -0.0317) (35 0.0299) (40 0.0194) (12 0.0131) (27 0.0119) (26 -0.0116) 

 Largest eigenvalues
      40.558   (162 -0.945) (163 0.249) 
      23.667   (55 0.403) (56 -0.615) (57 0.296) (68 -0.319) (82 -0.346) 
      15.883   (81 0.379) (82 -0.69) 
      5.1246   (102 -0.493) (105 0.691) 
      4.3208   (147 0.979) 
      1.5407   (162 -0.26) (163 -0.965) 
      1.2279   (164 0.998) 
      1.2023   (165 -0.996) 
      1.1279   (90 0.343) (91 -0.796) 
      1.1157   (100 -0.469) (101 0.492) (107 0.536) 
      1.1048   (100 -0.389) (101 0.295) (107 -0.736) (115 0.302) 
      1.0733   (111 0.345) (115 -0.791) 
      1.0247   (102 0.284) (103 -0.267) (104 0.789) (106 -0.212) 
      0.9926   (100 0.658) (101 0.566) 
     0.91716   (101 -0.227) (111 -0.686) (122 0.209) (130 -0.235) (134 0.222) 
     0.84107   (109 0.364) (111 0.446) 
     0.76265   (109 -0.744) (110 0.328) 
     0.67968   (97 -0.808) (99 0.427) 
     0.64283   (114 -0.503) (125 -0.514) (134 0.383) 
     0.64152   (114 0.818) (125 -0.313) 
     0.60037   (109 0.383) (110 0.547) (113 0.601) 
     0.57557   (110 -0.701) (113 0.454) 
     0.57358   (122 0.465) (123 0.414) (130 0.409) 
     0.57281   (123 -0.434) (124 -0.61) (125 0.326) (130 0.367) 
     0.55107   (119 -0.683) (121 0.385) (124 0.303) 
     0.54968   (117 -0.361) (118 0.745) 
     0.54867   (120 0.518) (121 -0.423) (126 0.342) 
     0.53227   (116 -0.469) (117 -0.457) (122 0.312) (134 -0.31) 
     0.50225   (116 0.598) (120 -0.331) (125 -0.32) (134 -0.355) 
     0.46047   (92 -0.96) 
     0.44573   (120 0.491) (126 -0.41) (134 -0.413) 
     0.43107   (94 -0.94) (103 0.211) 
     0.33266   (103 0.829) (104 0.306) 
      0.3171   (102 -0.682) (103 -0.337) (105 -0.481) 
     0.27784   (98 -0.358) (99 -0.302) (112 -0.329) 
     0.25789   (78 -0.322) (86 0.593) 
     0.25233   (78 0.488) (98 0.439) (99 0.393) 
     0.23713   (71 -0.316) (78 -0.504) (86 -0.515) 
     0.23029   (99 -0.303) (108 -0.379) (112 0.617) 
     0.19332   (90 -0.723) (93 0.482) 
     0.15429   (90 0.384) (96 0.541) (108 0.456) 
     0.14192   (87 0.314) (93 -0.605) (108 0.36) 
     0.13148   (85 -0.457) (87 -0.775) 
     0.11842   (88 -0.468) (89 -0.633) (93 0.311) (96 -0.317) 
     0.11058   (78 0.361) (80 0.435) (83 -0.415) 
     0.10837   (76 0.321) (77 0.348) (79 -0.32) (96 -0.281) 
     0.10311   (60 -0.299) (65 -0.338) (69 -0.299) (76 -0.317) 
    0.099488   (58 0.583) (60 0.45) 
    0.094085   (58 -0.601) (65 0.346) 
     0.09049   (58 0.382) (60 -0.363) (65 -0.227) (76 0.287) (96 0.306) (108 -0.296) 
    0.085134   (58 -0.3) (60 0.606) 
    0.076269   (60 -0.31) (63 0.315) (64 -0.338) (65 0.403) (69 -0.275) (79 -0.252) (83 -0.301) 
     0.07605   (63 -0.745) (67 -0.241) (69 0.273) (76 -0.217) (83 -0.227) 
    0.072666   (61 -0.492) (62 0.338) (63 0.462) (69 0.369) 
    0.071674   (61 0.681) (62 -0.268) (63 0.222) (69 0.225) (77 -0.205) 
    0.063589   (61 -0.305) (69 -0.287) (118 -0.283) (119 0.275) 
    0.061695   (67 -0.345) (73 0.289) (77 0.349) 
    0.057746   (61 -0.281) (62 -0.586) (67 0.28) (69 0.215) (73 -0.205) (79 -0.248) (80 0.232) (85 -0.228) 
    0.057128   (61 0.205) (62 0.58) (67 0.257) (72 -0.243) (73 -0.244) (77 -0.258) (85 -0.231) 
    0.053494   (62 -0.291) (67 -0.5) (69 -0.308) (76 0.287) (77 -0.289) 
     0.05109   (64 -0.376) (72 0.311) (80 -0.329) 
    0.047135   (64 0.497) (65 0.356) (77 0.302) 
    0.046681   (64 -0.435) (65 -0.33) (67 -0.329) (69 -0.252) (73 -0.269) 
    0.045672   (73 0.236) (75 0.201) (76 0.235) (77 -0.227) (79 -0.244) (80 0.336) (83 0.294) (85 0.236) (89 -0.206) 
    0.043907   (33 -0.205) (35 -0.83) (36 0.255) (40 -0.237) (41 0.257) 
    0.041999   (35 0.386) (40 -0.553) (41 0.569) 
    0.040125   (75 -0.48) (85 -0.244) (88 0.254) (98 -0.233) (120 -0.232) (121 -0.259) (122 -0.201) 
    0.039461   (48 0.497) (49 0.299) (75 0.437) 
    0.038522   (46 0.28) (48 -0.445) (75 0.487) 
    0.031193   (26 0.527) (27 0.599) (36 0.289) 
    0.029446   (27 -0.583) (30 0.356) (31 0.503) 
    0.027224   (30 -0.315) (31 -0.478) (88 -0.333) 
    0.025421   (34 0.659) (36 -0.455) 
    0.021102   (43 0.33) (46 0.343) (75 -0.301) (88 -0.314) 
    0.020781   (130 -0.531) (131 0.65) 
    0.020434   (127 0.578) (160 -0.807) 
    0.019125   (127 0.577) (160 0.301) (161 -0.759) 
    0.017991   (127 0.577) (160 0.507) (161 0.64) 
    0.015533   (28 -0.966) 
    0.015031   (140 0.998) 
