 1 31.6228
 2 25.1606
 3 1.4349
 4 31.6228
 5 19.749
 6 9.8647
 7 31.6206
 8 0.995716
 9 31.5053
 10 29.029
 11 1.03407
 12 28.0893
 13 31.6228
 14 31.5925
 15 0.903659
 16 31.6228
 17 31.5845
 18 0.9491
 19 31.6228
 20 28.6897
 21 3.99844
 22 31.6228
 23 30.3536
 24 2.28968
 25 14.6245
 26 16.1275
 27 1.35079
 28 31.3842
 29 14.5621
 30 8.6093
 31 21.1372
 32 3.00383
 33 28.3837
 34 13.9489
 35 9.66468
 36 14.5456
 37 31.4609
 38 31.5964
 39 1.32931
 40 23.7993
 41 30.8872
 42 1.28295
 43 21.3707
 44 28.5162
 45 1.56056
 46 31.5751
 47 23.5504
 48 9.79317
 49 29.8806
 50 14.9388
 51 16.8495
 52 7.01657
 53 30.5563
 54 16.6445
 55 11.7704
 56 9.08139
 57 29.3574
 58 10.2109
 59 12.292
 60 6.11008
 61 4.20318
 62 1.28441
 63 19.5762
 64 14.8131
 65 1.01228
 66 21.4861
 67 31.0653
 68 1.97029
 69 31.6224
 70 31.6228
 71 28.7222
 72 4.42805
 73 31.6151
 74 1.35886
 75 31.5731
 76 31.5053
 77 1.48534
 78 30.8438
 79 31.6105
 80 4.38695
 81 28.7586
 82 31.2579
 83 20.8187
 84 1.31799
 85 10.155
 86 1.32654
 87 31.4611
 88 1.1765
 89 1.11025
 90 1.35544
 91 2.39789
 92 16.4103
 93 24.8199
 94 16.631
 95 21.7473
 96 26.6982
 97 15.7234
 98 11.5743
 99 9.22446
 100 17.4474
 101 29.6952
 102 7.85251
 103 11.606
 104 10.182
 105 9.65711
 106 11.9315
 107 11.8456
 108 11.7058
 109 9.53865
 110 7.89467
 111 11.6092
 112 13.5013
 113 12.4403
 114 11.731
 115 11.3379
 116 9.55297
 117 11.5793
 118 12.2366
 119 10.3737
 120 8.12573
 121 10.2995
 122 6.50428
 123 7.50182
 124 5.35145
 125 5.11809
 126 6.89678
 127 4.51626
 128 8.36672
 129 7.42816
 130 6.75554
 131 4.18874
 132 4.42022
 133 4.49228
 134 5.7417
 135 2.74962
 136 6.42685
 137 2.96344
 138 2.93342
 139 2.95277
 140 3.15254
 141 3.15371
 142 2.70888
 143 2.86265
 144 3.68387
 145 3.77875
 146 3.44255
 147 2.948
 148 5.00738
 149 3.74444
 150 3.31921
 151 3.5921
 152 4.59734
 153 4.13921
 154 3.52012
 155 4.38148
 156 4.79947
 157 6.76169
 158 0.353807
 159 0.263682
 160 0.270184
 161 0.657062
 162 4.67997
 163 10.9522
 164 30.1082
 165 0.656413
