 1 1000
 2 649.049
 3 12.7503
 4 1000
 5 553.204
 6 259.079
 7 999.899
 8 2.86838
 9 995.348
 10 853.692
 11 3.55868
 12 803.05
 13 1000
 14 998.402
 15 0.820278
 16 1000
 17 998.559
 18 1.69902
 19 1000
 20 903.466
 21 95.9176
 22 1000
 23 958.276
 24 41.858
 25 228.954
 26 285.117
 27 7.50388
 28 987.552
 29 316.315
 30 175.732
 31 460.465
 32 62.7778
 33 870.575
 34 198.815
 35 207.515
 36 327.462
 37 990.914
 38 999.073
 39 2.46677
 40 578.346
 41 959.958
 42 1.66513
 43 487.763
 44 847.025
 45 7.99481
 46 998.121
 47 730.602
 48 272.078
 49 909.506
 50 237.46
 51 374.127
 52 136.322
 53 946.255
 54 286.949
 55 220.065
 56 163.268
 57 895.622
 58 117.376
 59 220.99
 60 95.0613
 61 20.8158
 62 1.66986
 63 387.766
 64 256.307
 65 2.5222
 66 499.138
 67 981.566
 68 20.3652
 69 999.988
 70 1000
 71 903.345
 72 97.5495
 73 999.659
 74 3.13564
 75 998.278
 76 993.342
 77 6.30399
 78 958.112
 79 999.47
 80 95.9768
 81 904.356
 82 981.936
 83 452.596
 84 2.02311
 85 106.892
 86 1.85999
 87 993.274
 88 1.82636
 89 1.72219
 90 2.10695
 91 7.63214
 92 324.861
 93 702.232
 94 371.549
 95 565.104
 96 776.204
 97 280.385
 98 164.922
 99 114.712
 100 351.872
 101 915.166
 102 77.5734
 103 146.769
 104 117.196
 105 106.608
 106 152.198
 107 152.204
 108 149.125
 109 103.527
 110 81.0763
 111 150.68
 112 193.05
 113 166.869
 114 150.481
 115 143.337
 116 109.826
 117 151.215
 118 165.191
 119 120.913
 120 75.1634
 121 112.668
 122 44.4278
 123 58.2773
 124 33.2891
 125 27.9987
 126 51.4726
 127 24.7949
 128 78.0585
 129 65.5164
 130 52.5594
 131 19.9349
 132 20.2236
 133 21.2002
 134 33.9054
 135 8.71487
 136 42.0906
 137 9.66996
 138 9.28302
 139 9.47138
 140 10.6683
 141 11.5418
 142 8.51889
 143 9.22022
 144 14.4436
 145 14.9771
 146 12.6255
 147 9.66487
 148 26.0917
 149 14.9442
 150 11.8966
 151 14.0055
 152 21.983
 153 17.8248
 154 13.0523
 155 19.8608
 156 23.7676
 157 46.5896
 158 0.497396
 159 0.108769
 160 0.444659
 161 0.801152
 162 25.6361
 163 150.789
 164 940.121
 165 11.1733
