 1 72395
 2 675.558
 3 13.2372
 4 170364
 5 569.581
 6 266.734
 7 969907
 8 71.5725
 9 34928.1
 10 2237.59
 11 7.22622
 12 1880.24
 13 147526
 14 3244.3
 15 0.829122
 16 501031
 17 4102.04
 18 4.33431
 19 134616
 20 2699.73
 21 284.46
 22 162834
 23 3593.62
 24 154.12
 25 244.091
 26 318.229
 27 8.3027
 28 2279.66
 29 350.329
 30 193.943
 31 485.805
 32 80.2224
 33 1115.02
 34 205.129
 35 216.874
 36 342.844
 37 1518.51
 38 3229.37
 39 4.26259
 40 993.099
 41 4574.05
 42 1.74924
 43 752.077
 44 1685.58
 45 14.3223
 46 2895.21
 47 1903.87
 48 685.423
 49 2048.79
 50 243.174
 51 538.197
 52 194.222
 53 3162.14
 54 341.063
 55 311.22
 56 233.33
 57 1317.62
 58 119.697
 59 269.33
 60 114.235
 61 20.8522
 62 1.66996
 63 389.096
 64 257.607
 65 2.52915
 66 501.313
 67 4136.85
 68 78.7145
 69 124954
 70 246047
 71 2399.48
 72 255.519
 73 15769.9
 74 33.6419
 75 20931.6
 76 8653.4
 77 12.6327
 78 2175.53
 79 7560.92
 80 281.087
 81 2576.04
 82 1564.21
 83 476.824
 84 2.04923
 85 140.994
 86 1.95937
 87 6067.35
 88 1.82644
 89 1.72219
 90 2.10704
 91 7.9024
 92 325.31
 93 705.58
 94 373.396
 95 606.655
 96 854.856
 97 286.687
 98 167.254
 99 115.368
 100 377.905
 101 1123.9
 102 79.7037
 103 148.192
 104 117.945
 105 106.941
 106 152.661
 107 152.943
 108 149.855
 109 104.004
 110 82.2188
 111 151.325
 112 193.699
 113 167.301
 114 150.634
 115 143.52
 116 110.093
 117 151.565
 118 165.287
 119 121.075
 120 75.4738
 121 112.946
 122 44.6916
 123 58.4407
 124 33.4641
 125 28.2687
 126 51.7141
 127 25.57
 128 79.6706
 129 66.5429
 130 53.4171
 131 20.0375
 132 20.3831
 133 21.363
 134 34.6472
 135 8.78318
 136 42.2217
 137 9.72512
 138 9.37061
 139 9.5674
 140 10.8463
 141 12.0955
 142 8.72749
 143 9.35176
 144 14.5994
 145 15.1024
 146 12.7493
 147 9.84582
 148 26.4178
 149 15.2301
 150 12.0437
 151 14.1879
 152 22.2237
 153 18.3216
 154 13.2428
 155 19.9873
 156 23.8202
 157 46.7557
 158 0.563038
 159 0.1107
 160 0.570568
 161 0.890932
 162 26.9962
 163 181.042
 164 1293.7
 165 15.2796
