 Smallest eigenvalues
  9.9763e-07   (9 -1) 
  1.9959e-06   (45 0.64) (42 0.526) (41 0.305) (46 -0.301) (44 -0.247) (154 -0.133) (49 -0.0777) (47 -0.0758) (81 -0.0746) (56 0.0699) (39 0.067) (14 0.0529) (55 0.0512) (35 -0.0491) (57 -0.049) (37 -0.0392) (25 0.0334) (30 -0.0315) (53 -0.0301) (23 -0.0275) (40 -0.0266) (16 0.0265) (43 -0.0259) (15 0.0244) (51 -0.0231) (26 -0.022) (59 0.0219) (18 0.0194) (77 -0.0181) (33 0.0174) (32 -0.0167) (19 0.0167) (27 0.0149) (83 -0.0149) (50 0.0148) (52 0.0121) (73 -0.0118) (31 0.0108) (24 0.0106) (75 0.0102) 
  4.0643e-06   (154 -0.991) (45 -0.0862) (42 -0.0709) (41 -0.0412) (46 0.0405) (44 0.0333) (49 0.0104) (47 0.0102) 
  5.8698e-06   (4 -1) 
  6.1412e-06   (41 0.667) (148 -0.564) (42 -0.454) (39 0.0939) (35 -0.0527) (81 -0.0518) (40 -0.043) (44 -0.0427) (14 0.0386) (47 -0.0358) (37 -0.0358) (25 0.032) (34 0.0317) (30 -0.0261) (50 0.0248) (23 -0.0212) (15 0.0209) (51 -0.0209) (16 0.0202) (38 -0.0201) (26 -0.0184) (32 -0.0178) (57 -0.0168) (52 0.0161) (56 -0.0142) (19 0.013) (59 0.0127) (33 0.0118) (18 0.0117) (54 -0.0108) (76 0.0106) 
  6.7785e-06   (148 -0.826) (41 -0.456) (42 0.31) (39 -0.0641) (35 0.036) (81 0.0352) (40 0.0294) (44 0.0292) (14 -0.0264) (47 0.0245) (37 0.0244) (25 -0.0219) (34 -0.0216) (30 0.0178) (50 -0.017) (23 0.0145) (15 -0.0143) (51 0.0143) (16 -0.0138) (38 0.0137) (26 0.0126) (32 0.0122) (57 0.0114) (52 -0.011) 
  7.4286e-06   (1 0.984) (26 -0.143) (25 0.0802) (30 0.0415) (28 0.039) (34 0.019) (14 0.018) (23 -0.0152) (15 0.0135) (41 -0.0128) (19 0.0119) (18 0.0115) 
  8.0001e-06   (157 -0.999) (26 -0.0349) (25 0.0197) (30 0.0103) 
  1.3813e-05   (26 0.779) (25 -0.44) (30 -0.229) (28 -0.207) (1 0.18) (34 -0.104) (14 -0.103) (23 0.0883) (15 -0.081) (18 -0.0652) (41 0.0651) (19 -0.0622) (16 -0.0565) (20 0.054) (24 -0.0534) (27 0.0478) (157 -0.0447) (29 -0.0446) (32 -0.0425) (81 0.0367) (31 0.0361) (39 0.0303) (42 0.0238) (33 0.0222) (35 -0.0217) (47 0.0157) (21 -0.0135) (50 -0.0124) (59 -0.0112) 
  3.0959e-05   (20 0.676) (43 0.415) (45 -0.332) (42 0.271) (19 -0.176) (41 0.172) (22 0.149) (46 -0.134) (18 -0.128) (44 0.105) (21 0.0953) (26 -0.0932) (34 -0.0757) (55 0.0692) (25 0.0669) (39 0.0526) (14 -0.0523) (15 -0.0499) (23 -0.0473) (24 0.043) (16 -0.0414) (27 0.0395) (81 -0.0355) (30 -0.0349) (38 -0.0326) (74 -0.0272) (49 -0.0249) (35 -0.0223) (48 -0.0202) (77 -0.0195) (33 0.0193) (40 -0.0193) (29 -0.0182) (71 -0.0181) (59 0.0159) (79 -0.015) (56 -0.0145) (52 0.0144) (31 0.014) (76 0.0139) (70 -0.0135) (78 0.0129) (83 -0.0122) (62 0.0122) (72 -0.0119) (57 -0.0115) 
  0.00010123   (156 0.998) (20 -0.034) (43 0.0265) (45 -0.0225) (42 0.0174) (46 -0.01) 
  0.00012067   (20 0.583) (43 -0.467) (45 0.395) (42 -0.307) (46 0.177) (41 -0.171) (19 -0.168) (22 0.134) (44 -0.13) (18 -0.124) (14 -0.0866) (21 0.0744) (39 -0.0699) (15 -0.0678) (81 0.0575) (156 0.0574) (34 -0.0555) (26 -0.055) (55 -0.0549) (16 -0.0545) (27 0.0343) (49 0.0329) (38 0.0325) (24 0.0292) (36 -0.0236) (32 0.0235) (74 0.0224) (48 0.0213) (47 0.0209) (64 -0.0204) (35 0.0202) (37 0.0198) (23 -0.0187) (57 0.0185) (40 0.0172) (29 -0.0172) (59 -0.0168) (76 -0.0157) (25 0.015) (53 0.0147) (71 0.0139) (77 0.0133) (52 -0.0129) (51 0.0119) (83 0.011) (82 -0.0103) (70 0.0103) (92 -0.0102) (79 0.0102) 
  0.00016347   (6 1) 
  0.00018567   (23 -0.803) (24 -0.358) (25 -0.247) (14 0.205) (16 0.203) (18 0.122) (20 0.111) (27 -0.106) (15 0.102) (19 0.102) (30 0.0881) (41 -0.0492) (17 -0.0417) (26 0.0378) (28 0.037) (42 -0.0357) (34 -0.0334) (22 -0.0325) (37 0.0295) (35 0.0286) (31 -0.0271) (43 0.0249) (39 -0.0173) (81 -0.016) (13 -0.0152) (33 -0.0147) (49 -0.013) (57 -0.0115) (32 0.0108) (46 -0.0106) 
  0.00022199   (159 1) 
  0.00023788   (2 1) 
  0.00023992   (16 0.695) (18 -0.522) (14 0.265) (15 0.263) (23 0.213) (19 -0.165) (17 -0.143) (25 -0.0567) (30 0.0392) (41 -0.0297) (158 0.0291) (22 0.0258) (27 -0.0253) (20 -0.0238) (26 0.0226) (13 -0.0177) (21 -0.017) (35 0.0155) (42 -0.0147) (81 -0.0139) (28 0.0133) (33 -0.0116) (39 -0.0112) 
    0.000266   (158 1) (16 -0.0203) (18 0.0152) 
   0.0002752   (7 -1) 
  0.00028955   (24 0.881) (149 0.308) (23 -0.28) (25 -0.144) (14 0.0723) (16 0.0668) (15 0.0574) (26 0.0534) (18 0.0453) (21 0.0451) (30 0.043) (19 0.043) (56 0.0324) (22 -0.0258) (41 -0.0252) (35 0.0208) (34 -0.0182) (42 -0.0177) (81 -0.0163) (38 -0.0158) (17 -0.0129) (55 0.0124) (27 -0.0119) (53 -0.0117) (32 0.0103) (20 -0.0103) 
  0.00029391   (149 0.951) (24 -0.285) (23 0.0908) (25 0.0468) (14 -0.0234) (16 -0.0217) (15 -0.0186) (26 -0.0173) (18 -0.0147) (21 -0.0146) (30 -0.0139) (19 -0.0139) (56 -0.0104) 
   0.0002977   (5 1) 
  0.00031499   (18 0.691) (19 -0.591) (16 0.219) (151 0.202) (23 0.145) (14 0.134) (22 0.122) (15 0.116) (21 -0.102) (17 -0.0392) (26 0.0262) (25 -0.0238) (41 -0.0197) (81 -0.0185) (20 0.018) (30 0.0178) (28 -0.0161) (47 -0.0131) (29 -0.0113) (27 -0.011) (31 0.0108) (42 -0.0106) 
  0.00033869   (151 0.979) (18 -0.143) (19 0.122) (16 -0.0452) (23 -0.0298) (14 -0.0277) (22 -0.0252) (15 -0.024) (21 0.021) 
  0.00037478   (73 -0.789) (57 0.49) (54 0.144) (53 -0.136) (58 0.124) (43 -0.119) (42 0.102) (81 0.0919) (51 0.0783) (46 0.0731) (49 0.0718) (41 0.0715) (45 -0.0629) (59 -0.0479) (37 -0.0439) (14 0.0407) (52 -0.0396) (32 -0.0346) (47 -0.0343) (30 -0.0341) (99 -0.0315) (71 -0.0307) (68 0.0273) (19 0.027) (74 -0.0249) (123 -0.0233) (72 0.0222) (39 0.0208) (92 0.0201) (44 0.0198) (33 0.0197) (31 0.0188) (105 -0.0186) (88 0.0162) (16 0.0156) (112 0.0154) (89 -0.0154) (122 -0.0149) (64 -0.0149) (70 0.0148) (95 -0.0135) (101 0.0135) (100 0.0135) (29 -0.0134) (116 0.0133) (103 0.0132) (91 -0.013) (76 0.0128) (18 0.0123) (28 -0.0123) (69 -0.0118) (75 0.0116) (26 -0.0114) (23 -0.0113) (97 -0.0108) (40 -0.0104) (110 0.0103) (27 0.0102) 
   0.0003991   (57 0.616) (73 0.579) (58 0.217) (53 -0.158) (43 -0.152) (42 0.152) (152 -0.147) (54 0.138) (68 0.137) (46 0.13) (67 0.118) (41 0.106) (49 0.0814) (51 0.0791) (64 -0.078) (45 -0.0737) (66 -0.0663) (14 0.0629) (52 -0.0612) (35 -0.0552) (37 -0.0523) (59 -0.0477) (30 -0.0468) (47 0.0452) (39 0.0363) (32 -0.0342) (18 0.0281) (19 0.0279) (81 -0.0278) (16 0.0274) (31 0.0273) (122 0.0258) (33 0.0258) (69 -0.024) (27 0.0224) (71 0.0215) (23 -0.021) (44 0.0198) (83 -0.0197) (72 -0.0182) (125 -0.0181) (55 0.0166) (74 0.016) (112 0.0159) (76 -0.0159) (126 -0.0153) (25 0.0151) (92 0.015) (120 0.0142) (118 0.0141) (29 -0.014) (26 -0.0137) (40 -0.0134) (116 0.0133) (110 0.0121) (34 0.0119) (130 -0.0117) (15 0.0117) (77 0.0116) (100 0.0115) (128 0.0102) 
  0.00042125   (152 -0.989) (57 -0.0939) (73 -0.0825) (58 -0.0327) (53 0.0242) (43 0.0236) (42 -0.0235) (54 -0.0213) (68 -0.0202) (46 -0.0199) (67 -0.0173) (41 -0.0163) (49 -0.0126) (51 -0.0122) (64 0.0115) (45 0.0114) (153 -0.0114) 
  0.00043323   (28 -0.957) (26 -0.148) (27 -0.111) (50 -0.105) (30 0.0977) (25 0.0887) (49 0.0683) (29 0.0439) (19 0.0392) (46 0.0346) (14 0.0342) (53 0.0316) (32 0.0314) (23 -0.0306) (52 0.0304) (35 -0.0295) (57 -0.0284) (34 0.0268) (47 0.0262) (43 -0.0251) (15 0.0236) (42 0.0218) (16 0.0213) (51 -0.0205) (22 0.0167) (33 -0.0165) (54 -0.015) (81 -0.0137) (45 -0.0101) 
   0.0004669   (147 -0.597) (50 -0.542) (49 0.381) (53 0.165) (42 0.164) (46 0.154) (52 0.152) (43 -0.152) (57 -0.123) (28 0.116) (41 0.114) (47 0.0848) (45 -0.0765) (51 -0.0662) (48 0.0654) (54 -0.0533) (30 -0.0501) (14 0.0419) (35 -0.0382) (37 -0.038) (39 0.0348) (32 -0.0277) (59 0.0249) (27 0.0241) (81 -0.0226) (31 0.0204) (73 -0.0204) (44 0.0189) (16 0.0172) (33 0.0166) (29 -0.016) (19 0.0148) (18 0.0143) (34 0.0136) (23 -0.013) (40 -0.0127) (55 -0.0116) 
  0.00047138   (147 -0.802) (50 0.404) (49 -0.284) (53 -0.123) (42 -0.122) (46 -0.115) (52 -0.113) (43 0.113) (57 0.0913) (41 -0.0853) (28 -0.0833) (47 -0.0632) (45 0.057) (51 0.0493) (48 -0.0487) (54 0.0397) (30 0.0371) (14 -0.0314) (35 0.0286) (37 0.0283) (39 -0.0259) (32 0.0205) (59 -0.0185) (27 -0.0176) (81 0.0167) (31 -0.0152) (73 0.0152) (44 -0.0141) (16 -0.0129) (33 -0.0123) (29 0.0118) (19 -0.0112) (18 -0.0107) (34 -0.0102) 
  0.00049281   (51 0.681) (52 -0.571) (35 0.3) (54 -0.181) (57 -0.153) (53 0.112) (41 0.101) (42 0.0899) (43 -0.0789) (48 0.0788) (49 0.0755) (45 -0.0475) (34 0.0465) (46 0.0464) (39 0.0432) (56 -0.029) (81 -0.0276) (68 0.0263) (50 -0.0213) (37 -0.0204) (67 0.0164) (47 -0.0138) (28 -0.0129) (150 -0.0127) (59 0.0126) (36 -0.0122) (40 -0.0119) (44 0.0108) (64 -0.01) (83 -0.01) 
  0.00062978   (150 -0.967) (35 -0.233) (34 -0.0506) (51 0.0506) (52 -0.0419) (41 -0.026) (30 -0.0223) (32 -0.019) (47 -0.0181) (57 -0.0158) (39 -0.0145) (14 0.0136) (42 -0.013) (54 -0.0119) (31 0.0111) 
  0.00067315   (35 0.87) (150 -0.255) (51 -0.226) (34 0.19) (52 0.188) (41 0.0936) (30 0.0845) (32 0.0722) (47 0.0697) (57 0.0673) (54 0.0541) (39 0.0527) (14 -0.052) (42 0.0448) (31 -0.0418) (81 0.0337) (26 0.033) (33 -0.0324) (53 -0.0316) (36 -0.031) (49 -0.0307) (25 -0.03) (19 -0.0299) (46 0.0236) (73 0.0215) (16 -0.0196) (29 0.0185) (21 -0.0176) (15 -0.0167) (18 -0.0161) (22 0.0159) (23 0.0151) (28 -0.0125) (40 -0.0119) (56 0.0104) (27 -0.0102) 
  0.00076166   (68 -0.81) (67 -0.415) (66 0.228) (69 0.206) (57 0.124) (64 0.109) (73 0.102) (70 -0.0818) (54 0.0658) (43 -0.0645) (42 0.0567) (51 0.0473) (41 0.045) (46 0.0412) (45 -0.0401) (58 -0.0366) (83 -0.0301) (53 -0.0272) (50 0.0268) (37 -0.0258) (14 0.0251) (32 -0.0247) (30 -0.0222) (146 -0.0211) (88 0.0197) (19 0.0195) (99 -0.019) (48 0.0187) (65 0.018) (39 0.0179) (52 -0.0176) (96 0.0174) (49 0.0169) (124 0.0166) (71 0.0159) (126 -0.0154) (92 0.0154) (123 -0.0142) (33 0.0128) (104 -0.0128) (116 0.0124) (105 -0.0123) (56 0.0117) (26 -0.0117) (112 0.0114) (80 -0.011) (59 0.0109) (62 0.0104) (122 -0.0103) (31 0.0103) 
  0.00079442   (146 -0.782) (47 0.447) (46 0.205) (49 -0.189) (50 0.169) (48 0.14) (42 0.128) (43 -0.105) (57 -0.0993) (41 0.0833) (45 -0.0563) (35 -0.05) (73 -0.0396) (53 0.037) (68 0.0341) (51 -0.0321) (14 0.0314) (81 -0.0292) (34 -0.0262) (39 0.0261) (30 -0.0251) (52 0.0219) (32 -0.0184) (58 -0.0175) (37 -0.0151) (18 0.0144) (33 0.0144) (31 0.0133) (16 0.0126) (19 0.0122) (26 -0.0122) (55 -0.0116) (27 0.0116) (69 -0.011) (25 0.0103) 
  0.00081252   (146 -0.623) (47 -0.561) (46 -0.258) (49 0.236) (50 -0.213) (48 -0.177) (42 -0.163) (43 0.135) (57 0.12) (41 -0.106) (45 0.0722) (35 0.0626) (73 0.0465) (53 -0.0454) (14 -0.0404) (51 0.0385) (81 0.0366) (39 -0.0335) (34 0.0333) (30 0.0324) (52 -0.0268) (32 0.0241) (58 0.0232) (37 0.02) (33 -0.0185) (18 -0.0183) (31 -0.0171) (16 -0.0162) (19 -0.0161) (26 0.0158) (68 -0.0153) (27 -0.0147) (55 0.0145) (25 -0.0133) (40 0.0113) (15 -0.0109) (21 -0.0102) 
  0.00087139   (37 -0.883) (19 0.243) (18 0.144) (23 0.127) (20 0.123) (38 -0.123) (21 0.118) (14 0.114) (39 -0.104) (41 -0.0979) (43 0.0869) (42 -0.0825) (16 0.0774) (34 -0.0744) (32 -0.0717) (35 0.0657) (22 -0.04) (45 0.0386) (33 0.0352) (46 -0.0325) (15 0.0295) (25 -0.028) (57 -0.0241) (40 0.0228) (47 0.0222) (53 0.0211) (54 -0.0176) (49 -0.0169) (44 -0.0167) (26 0.0136) (17 -0.0123) (51 -0.0118) (13 -0.011) (24 -0.0102) 
  0.00089312   (19 0.548) (37 0.372) (23 0.348) (18 0.343) (21 0.319) (20 0.287) (14 0.208) (16 0.167) (22 -0.118) (30 0.111) (25 -0.0903) (26 0.0747) (32 0.071) (15 0.0706) (27 -0.0566) (31 -0.0557) (34 0.0519) (38 0.0485) (33 -0.0385) (29 0.0366) (28 0.0282) (142 0.0275) (17 -0.0264) (39 0.0205) (13 -0.0199) (47 -0.012) (24 -0.0114) 
   0.0010273   (142 0.998) (143 0.0548) (19 -0.0156) 
   0.0010992   (49 -0.437) (47 -0.429) (48 -0.421) (43 -0.314) (46 0.297) (14 0.281) (42 0.203) (45 -0.177) (53 0.155) (57 -0.119) (15 -0.111) (44 0.0949) (52 0.0927) (41 0.0883) (54 -0.0852) (16 -0.0725) (39 0.0683) (34 -0.0575) (37 -0.0492) (32 -0.0418) (81 0.0363) (30 -0.0313) (51 -0.0284) (18 -0.0252) (33 0.0226) (67 0.0205) (31 0.0179) (68 0.0166) (13 -0.0157) (40 -0.014) (83 -0.0137) (64 -0.0135) (59 0.0134) (66 -0.0131) (19 -0.0131) (76 -0.0127) (112 0.0126) (17 0.0116) (77 0.0109) 
   0.0011638   (14 0.774) (15 -0.391) (16 -0.309) (19 -0.152) (18 -0.13) (47 0.127) (48 0.125) (49 0.121) (43 0.119) (46 -0.102) (42 -0.0881) (30 0.0644) (23 0.0638) (45 0.0628) (41 -0.0548) (17 0.0458) (13 -0.0411) (53 -0.0408) (25 -0.0405) (32 0.0368) (27 -0.0362) (31 -0.0335) (37 0.0328) (39 -0.0323) (44 -0.0302) (57 0.0276) (20 -0.0272) (52 -0.0247) (26 0.0241) (34 0.0238) (54 0.0203) (29 0.0197) (35 0.017) (33 -0.017) (81 -0.0118) 
    0.001413   (144 -1) 
   0.0015094   (54 0.729) (57 -0.342) (30 -0.309) (31 0.299) (53 -0.223) (55 -0.188) (56 -0.129) (29 -0.0926) (51 0.0824) (47 -0.0742) (14 0.0725) (32 0.0715) (49 0.0605) (26 -0.0559) (19 0.0542) (35 0.0516) (27 0.0465) (25 0.0448) (34 0.0427) (43 -0.0388) (33 -0.036) (81 0.0353) (16 0.0327) (67 0.0296) (52 -0.0292) (58 0.0285) (23 -0.0279) (45 -0.0272) (71 -0.0267) (28 -0.0259) (73 0.0244) (18 0.0242) (64 -0.0221) (68 0.02) (66 -0.0192) (44 0.0155) (46 0.0142) (15 0.013) (50 0.0126) (39 -0.0119) (41 -0.0112) (42 0.0104) (13 -0.0103) (59 0.0103) 
   0.0015936   (30 -0.558) (31 0.553) (54 -0.384) (32 0.186) (29 -0.162) (57 0.155) (53 0.132) (34 0.109) (14 0.101) (55 0.0948) (26 -0.0936) (43 0.0893) (33 -0.0876) (41 -0.0873) (138 -0.0824) (42 -0.0814) (25 0.0807) (27 0.08) (35 0.0722) (19 0.0695) (37 0.0671) (56 0.0649) (49 -0.0561) (16 0.0517) (23 -0.0483) (51 -0.0477) (39 -0.046) (18 0.0428) (45 0.0415) (47 0.0403) (46 -0.0395) (28 -0.0333) (15 0.0267) (52 0.0238) (44 -0.0201) (81 -0.0184) (73 -0.016) (58 -0.0151) (67 -0.0125) (40 0.0125) (21 0.0117) (71 0.0116) (13 -0.0115) 
   0.0016181   (138 -0.997) (30 0.0484) (31 -0.0479) (54 0.0265) (32 -0.0158) (29 0.0141) (57 -0.0106) 
   0.0017389   (22 0.705) (31 -0.465) (30 -0.337) (21 0.279) (27 0.18) (20 -0.172) (19 0.107) (29 -0.0664) (14 0.0607) (23 -0.0587) (32 0.0365) (15 0.0336) (26 -0.0304) (28 -0.0294) (25 0.0289) (134 -0.0281) (41 -0.027) (34 0.0238) (39 -0.0222) (18 0.0199) (33 -0.0198) (16 0.0185) (42 -0.0184) (37 0.0167) (13 0.0164) (71 0.0155) (35 0.0153) (43 0.0115) (76 -0.0107) 
   0.0019104   (134 -0.519) (31 -0.499) (22 -0.489) (30 -0.385) (21 -0.186) (27 0.14) (20 0.113) (25 0.0721) (29 -0.0677) (26 -0.0633) (28 -0.0495) (16 0.0407) (14 0.0383) (19 -0.0378) (41 -0.0313) (32 0.03) (18 0.0267) (35 0.0259) (33 -0.0258) (42 -0.0207) (23 -0.0188) (13 -0.0168) (34 0.0168) (24 0.0158) (37 0.0135) (15 0.0128) (49 -0.0116) (71 -0.01) 
   0.0020567   (134 -0.854) (31 0.318) (22 0.274) (30 0.245) (21 0.104) (27 -0.091) (20 -0.0632) (25 -0.0448) (29 0.0433) (26 0.0395) (28 0.031) (16 -0.0254) (14 -0.0253) (41 0.0199) (32 -0.0194) (19 0.0194) (18 -0.0169) (33 0.0163) (35 -0.0162) (23 0.0134) (42 0.0131) (34 -0.0109) 
   0.0021965   (27 0.861) (48 0.262) (30 0.241) (49 -0.198) (50 -0.144) (31 0.11) (47 -0.0921) (25 -0.0777) (67 -0.0725) (28 -0.0714) (29 0.0689) (55 -0.0626) (66 0.059) (46 -0.0489) (68 0.0453) (70 0.0436) (56 0.0403) (22 -0.0368) (14 0.0356) (33 -0.0311) (42 -0.0309) (26 -0.0308) (23 -0.0305) (16 0.0284) (24 -0.0277) (44 0.0271) (19 0.0266) (69 -0.0259) (45 -0.0244) (34 0.0225) (21 -0.0225) (57 0.0209) (59 -0.0195) (18 0.0189) (71 -0.0172) (53 -0.0163) (41 -0.0139) (38 0.0127) (74 0.0119) (39 0.0117) (51 0.0112) (40 0.0108) 
   0.0022783   (67 -0.51) (66 0.464) (68 0.333) (70 0.292) (48 -0.274) (49 0.247) (69 -0.239) (50 0.181) (132 -0.131) (64 0.128) (71 -0.114) (59 -0.0901) (74 0.0791) (78 -0.0567) (47 0.0564) (62 0.0553) (27 0.0534) (73 0.0464) (77 0.0443) (46 0.0427) (82 -0.0425) (52 -0.0411) (65 0.0405) (42 0.0378) (81 0.0376) (51 -0.0376) (76 0.0369) (63 0.0312) (83 -0.0304) (80 -0.0303) (57 -0.0279) (103 -0.0253) (104 -0.0235) (79 0.0229) (41 0.0216) (87 0.0216) (61 -0.0194) (75 -0.0182) (72 0.0173) (39 0.0173) (128 0.0162) (102 0.0162) (54 -0.0151) (14 0.0143) (117 0.014) (127 -0.0132) (86 -0.0132) (105 0.0132) (58 -0.0129) (43 -0.0122) (53 -0.0108) (92 0.0106) (84 0.0103) (130 0.0101) 
   0.0024963   (132 -0.477) (48 -0.45) (49 0.375) (27 0.326) (50 0.287) (67 0.235) (66 -0.213) (68 -0.152) (70 -0.15) (47 0.143) (55 0.114) (69 0.104) (56 -0.0798) (30 0.0779) (57 -0.0654) (71 0.0638) (46 0.0612) (59 0.0597) (44 -0.0406) (53 0.0396) (73 -0.0367) (54 -0.0358) (74 -0.0357) (25 -0.0331) (31 0.0309) (42 0.0297) (51 -0.0263) (28 -0.0256) (45 0.0255) (83 0.0254) (14 0.0247) (82 0.0226) (62 -0.0225) (65 -0.0215) (128 0.0214) (29 0.0214) (81 -0.0196) (22 -0.0194) (130 0.0194) (64 -0.0182) (16 0.0179) (77 -0.0176) (72 -0.0174) (36 0.0173) (23 -0.0167) (104 0.0152) (63 -0.0151) (19 0.0149) (41 0.0141) (21 -0.014) (43 0.0128) (24 -0.0128) (39 -0.0125) (116 -0.0122) (112 -0.0122) (88 -0.0122) (99 0.0118) (110 -0.0115) (34 0.0112) (26 -0.0112) (78 0.011) (18 0.0108) (52 -0.0104) (86 0.0104) 
   0.0025407   (132 -0.868) (48 0.287) (49 -0.243) (27 -0.193) (50 -0.184) (47 -0.0863) (55 -0.0628) (67 -0.0508) (66 0.0456) (30 -0.0442) (56 0.0422) (46 -0.0399) (57 0.0398) (70 0.0375) (68 0.0326) (130 0.0325) (44 0.0234) (42 -0.022) (54 0.0218) (69 -0.0204) (51 0.0202) (53 -0.0198) (25 0.0195) (128 0.0195) (59 -0.0187) (31 -0.0185) (71 -0.0176) (14 -0.0161) (28 0.0156) (45 -0.0144) (29 -0.0131) (73 0.013) (52 0.0121) (22 0.0118) (16 -0.0114) (41 -0.0111) (23 0.0104) (127 -0.01) 
   0.0027403   (21 -0.817) (22 0.318) (19 0.314) (53 0.242) (20 0.15) (54 0.103) (23 0.0701) (14 0.0622) (18 0.0532) (51 0.0523) (43 0.0494) (52 0.0493) (57 0.0474) (24 0.0467) (29 0.0463) (16 0.0355) (32 0.0355) (47 0.0302) (42 -0.03) (45 0.0282) (46 -0.0273) (56 0.0263) (49 -0.0257) (17 -0.0254) (30 0.0253) (28 0.0253) (37 0.0248) (26 0.0246) (27 -0.0237) (11 0.023) (31 -0.0205) (41 -0.0188) (120 -0.0151) (48 -0.0143) (68 0.0142) (13 -0.0141) (81 -0.0136) (39 0.0134) (35 -0.013) (34 -0.0125) (124 0.0123) (33 -0.011) (83 0.0104) (122 -0.0102) 
   0.0028989   (59 0.834) (53 -0.432) (54 -0.175) (58 -0.147) (21 -0.12) (43 -0.0726) (81 0.0662) (51 -0.062) (19 0.0558) (46 0.0521) (68 0.0507) (52 -0.0478) (22 0.0476) (34 0.0454) (45 -0.0439) (48 0.0422) (56 -0.0407) (66 0.04) (61 -0.0377) (42 0.036) (67 -0.032) (20 0.0316) (83 0.0315) (47 -0.031) (71 0.028) (133 -0.0274) (69 -0.0265) (49 0.0258) (70 0.025) (103 0.021) (55 -0.0201) (104 0.0188) (109 0.0177) (37 -0.0176) (79 0.0175) (62 0.0159) (125 -0.0158) (124 0.0147) (14 0.014) (121 -0.0139) (120 0.0138) (99 -0.0127) (26 0.0121) (89 -0.0119) (102 -0.0117) (23 0.0112) (100 0.0111) (76 0.011) (30 -0.0106) (44 0.0106) 
   0.0030013   (133 -0.647) (53 -0.481) (59 -0.377) (54 -0.248) (51 -0.17) (57 -0.165) (21 -0.157) (52 -0.138) (19 0.0734) (22 0.0627) (43 -0.0621) (56 -0.0556) (58 0.053) (39 0.0507) (49 0.0444) (68 -0.043) (42 0.0417) (46 0.0411) (44 0.0384) (47 -0.0352) (48 0.0348) (45 -0.0342) (66 -0.0338) (20 0.0335) (50 -0.0308) (67 0.0306) (83 -0.0278) (14 0.0273) (34 -0.0244) (69 0.0238) (70 -0.0234) (124 -0.0225) (71 -0.0189) (81 0.0186) (61 0.0172) (30 -0.0162) (104 -0.016) (64 -0.0158) (122 0.0141) (130 -0.0133) (37 -0.0122) (41 0.0119) (23 0.0119) (18 0.0119) (103 -0.0114) (76 -0.0113) (125 0.0112) (112 0.0112) (16 0.0106) (62 -0.0101) 
   0.0030591   (133 -0.761) (53 0.424) (59 0.289) (54 0.217) (51 0.146) (57 0.14) (21 0.138) (52 0.119) (19 -0.0644) (43 0.0557) (22 -0.055) (56 0.0486) (39 -0.0424) (58 -0.0395) (49 -0.0386) (46 -0.037) (42 -0.0368) (68 0.0348) (44 -0.0329) (124 0.0319) (48 -0.0312) (47 0.0311) (45 0.0308) (20 -0.0297) (66 0.0273) (50 0.0262) (67 -0.0248) (14 -0.0237) (83 0.0233) (125 -0.0227) (69 -0.0193) (70 0.0191) (34 0.0186) (81 -0.0173) (104 0.0163) (71 0.0152) (30 0.0142) (64 0.0134) (126 -0.0133) (61 -0.0132) (103 0.0125) (122 -0.0125) (130 -0.0121) (37 0.0111) (23 -0.0105) (18 -0.0103) (41 -0.0102) 
   0.0033186   (33 0.904) (58 0.315) (34 0.143) (83 0.133) (32 -0.0965) (57 -0.0773) (37 0.0663) (41 -0.0574) (30 -0.0531) (59 0.0508) (42 -0.0439) (43 0.0355) (54 -0.0324) (35 0.0307) (27 0.0291) (31 0.029) (51 -0.0281) (14 0.0263) (46 -0.0262) (86 0.026) (81 -0.0242) (53 0.0217) (19 0.0212) (67 -0.0209) (39 -0.0195) (28 -0.0191) (49 -0.0158) (89 0.0157) (104 -0.0157) (48 0.0153) (16 0.015) (26 -0.0146) (66 0.0139) (68 -0.0137) (45 0.0137) (103 -0.0126) (73 -0.0119) (25 0.011) (40 0.0105) 
    0.004087   (83 0.825) (58 -0.448) (131 0.169) (81 -0.128) (59 -0.117) (86 0.116) (57 0.095) (89 0.0707) (104 -0.0635) (103 -0.06) (88 0.0522) (90 0.0443) (53 -0.0408) (54 0.0406) (33 0.0403) (91 -0.0369) (112 0.0355) (102 0.0316) (80 0.0307) (43 -0.0286) (110 0.0275) (42 0.0248) (85 0.0236) (96 0.0226) (82 -0.022) (47 -0.0198) (76 0.0183) (111 -0.0182) (52 -0.0177) (68 0.0174) (92 0.017) (46 0.0166) (41 0.0165) (51 0.0158) (114 0.0155) (45 -0.0152) (39 0.0145) (109 0.0141) (30 -0.014) (113 -0.014) (37 -0.0134) (106 0.013) (50 -0.013) (14 0.0122) (101 -0.0122) (95 -0.0119) (125 0.0118) (32 -0.0115) (123 -0.0114) (69 -0.0112) (34 0.0111) (116 0.0104) (77 -0.0104) (73 0.0104) (61 0.0103) (70 0.0103) (121 0.0103) (118 0.0101) 
   0.0042308   (58 -0.633) (131 0.489) (83 -0.453) (33 0.297) (57 0.111) (59 -0.109) (81 0.0859) (86 -0.0663) (34 0.0583) (67 0.0566) (89 -0.0538) (103 0.0442) (54 0.0427) (104 0.0392) (66 -0.0385) (51 0.0381) (68 0.0348) (32 -0.0338) (90 -0.0264) (88 -0.0261) (73 0.0249) (53 -0.0246) (80 -0.0217) (71 -0.0217) (39 -0.0208) (30 -0.0206) (91 0.0189) (102 -0.0172) (64 -0.017) (14 0.0166) (130 -0.0164) (49 0.0152) (82 0.0149) (109 -0.0145) (27 0.0141) (106 -0.0139) (19 0.0139) (101 0.0133) (37 0.0132) (61 0.013) (99 -0.0127) (44 -0.012) (85 -0.0115) (48 -0.0112) (56 -0.011) (70 -0.0104) (31 0.0103) 
   0.0043031   (131 0.854) (58 0.449) (33 -0.185) (83 0.0934) (59 0.0856) (57 -0.0823) (34 -0.0366) (130 -0.0365) (67 -0.0326) (54 -0.0326) (51 -0.0247) (68 -0.0231) (81 -0.0225) (32 0.0225) (53 0.0224) (66 0.0214) (103 -0.0176) (89 0.0173) (73 -0.0161) (86 0.0156) (104 -0.0155) (30 0.0152) (14 -0.0124) (49 -0.0105) (71 0.0104) 
    0.004322   (107 0.5) (106 -0.438) (108 -0.391) (114 -0.351) (109 0.229) (110 -0.203) (115 -0.158) (118 0.133) (121 0.132) (100 0.12) (101 -0.114) (112 -0.103) (119 -0.0972) (97 -0.0929) (88 -0.0916) (113 -0.0898) (104 -0.0843) (99 -0.08) (52 0.077) (116 0.0757) (111 -0.0687) (51 0.0662) (98 -0.0634) (105 0.0568) (145 0.0456) (89 0.0397) (120 -0.0385) (123 -0.0383) (117 0.0353) (102 -0.0295) (53 -0.0293) (122 0.0288) (91 0.0285) (96 0.0267) (92 0.025) (93 0.0209) (95 -0.02) (130 -0.0145) (54 -0.0134) (86 0.0124) (103 -0.0122) (126 -0.0116) (160 -0.0113) (59 -0.0107) 
    0.004615   (145 -0.999) (114 -0.0264) (107 0.0187) (121 0.0169) (106 -0.0163) (108 -0.0139) (115 -0.0124) (118 0.0118) (110 -0.0113) (109 0.0106) 
   0.0046811   (52 0.71) (51 0.601) (53 -0.275) (54 -0.142) (59 -0.0823) (57 -0.06) (108 0.0559) (107 -0.0558) (50 0.0533) (106 0.0474) (44 -0.0438) (39 -0.0403) (104 0.0395) (58 0.0369) (114 0.0275) (47 0.0274) (88 -0.0265) (34 -0.0263) (48 -0.0248) (71 0.0225) (83 0.0219) (101 0.0219) (105 -0.0209) (109 -0.0195) (118 -0.0171) (110 0.0161) (115 0.0148) (121 -0.0146) (43 0.0146) (42 -0.0143) (100 -0.0142) (21 -0.0134) (67 -0.0133) (66 0.013) (91 -0.0127) (93 -0.0125) (73 0.0117) (70 0.0117) (68 0.0116) (55 0.0116) (112 0.0115) (119 0.0114) (35 0.011) (122 -0.0109) (99 0.0108) (49 0.0103) 
   0.0048344   (71 0.673) (44 -0.452) (80 -0.287) (77 -0.237) (79 0.183) (45 -0.171) (95 -0.134) (78 0.13) (86 -0.124) (82 0.115) (75 -0.111) (70 0.0976) (98 -0.0819) (90 0.0687) (111 -0.0678) (72 -0.0675) (84 -0.0587) (93 -0.0555) (85 -0.0533) (39 -0.0491) (59 -0.0473) (106 0.045) (74 0.0415) (67 -0.0385) (68 0.0367) (66 0.0364) (52 -0.0356) (47 -0.0348) (103 0.033) (110 0.0322) (51 -0.0317) (92 -0.0307) (112 -0.0285) (64 0.0208) (54 0.0205) (73 -0.0202) (104 -0.0196) (46 0.0191) (88 0.0188) (108 -0.0187) (50 -0.0174) (42 0.0157) (115 0.0152) (49 -0.015) (53 -0.0145) (116 0.0131) (102 0.0122) (155 -0.0117) (13 -0.0115) (114 -0.0115) (48 0.0115) (57 -0.0111) (69 -0.011) (89 0.0109) (22 -0.0105) (101 0.0102) 
   0.0049764   (155 -0.999) (44 0.0467) (45 0.0162) (71 0.014) 
   0.0051708   (44 -0.796) (71 -0.446) (45 -0.272) (77 0.117) (39 -0.101) (80 0.101) (86 0.0789) (79 -0.0646) (76 -0.0643) (70 -0.0631) (89 0.0621) (111 0.0596) (106 -0.0538) (78 -0.0517) (155 -0.0512) (85 0.0494) (82 -0.0425) (47 -0.0361) (110 -0.0357) (46 0.0346) (41 -0.0346) (34 -0.0341) (72 0.0341) (50 -0.034) (98 0.0337) (104 0.0329) (108 0.0304) (84 0.0298) (49 -0.0295) (90 0.0288) (52 -0.0271) (88 0.0266) (37 0.02) (68 -0.0198) (75 0.0188) (67 0.0186) (66 -0.0179) (51 -0.0172) (58 0.0153) (64 -0.0152) (43 0.0145) (74 -0.0135) (107 -0.0132) (73 0.0123) (31 -0.0116) (35 0.011) (112 0.0102) 
   0.0052238   (17 0.967) (16 0.207) (137 -0.136) (15 -0.0424) (8 -0.0193) (21 -0.0161) (34 0.0106) (30 0.0104) 
   0.0054081   (137 -0.991) (17 -0.132) (16 -0.0283) 
   0.0055103   (8 1) (17 0.0186) 
   0.0057141   (3 1) 
   0.0060053   (25 0.768) (26 0.503) (136 -0.309) (23 -0.153) (30 0.0973) (14 0.0882) (34 -0.0591) (16 0.0578) (15 0.0523) (27 0.0507) (41 -0.0432) (19 0.036) (35 0.0312) (81 -0.0264) (21 0.0247) (20 0.0244) (18 0.0238) (42 -0.0209) (24 0.0189) (39 -0.014) (37 0.0127) (31 0.0111) (50 0.0103) 
   0.0063446   (136 -0.951) (25 -0.25) (26 -0.164) (23 0.0497) (30 -0.0316) (14 -0.0287) (34 0.0192) (16 -0.0188) (15 -0.017) (27 -0.0165) (41 0.014) (19 -0.0117) (35 -0.0101) 
   0.0065837   (15 0.648) (10 0.638) (16 -0.356) (14 0.155) (17 0.103) (18 -0.0644) (25 -0.0418) (23 0.0396) (20 0.0379) (19 -0.0358) (26 0.0258) (21 -0.0205) (24 -0.0158) (41 -0.0138) (34 0.0117) (30 0.0112) (81 -0.0107) 
   0.0070338   (141 -0.999) (10 -0.0304) (15 0.0184) (16 -0.0103) 
    0.007961   (10 0.77) (15 -0.534) (16 0.298) (14 -0.123) (17 -0.0849) (18 0.0562) (141 -0.0374) (25 0.0373) (20 -0.0358) (23 -0.0338) (19 0.029) (26 -0.0265) (21 0.0193) (34 -0.0174) (24 0.0151) (41 0.0134) (81 0.0117) (32 -0.0109) (30 -0.0102) 
   0.0083378   (11 -0.928) (39 0.348) (41 -0.0755) (44 -0.052) (34 0.0399) (36 -0.0312) (37 -0.0309) (12 -0.0308) (42 -0.0287) (35 -0.0211) (14 0.0184) (52 0.0173) (51 0.016) (13 -0.0159) (59 0.0146) (29 0.0139) (40 0.0127) 
   0.0086708   (139 0.998) (39 0.0594) (11 0.0265) (41 -0.0132) 
   0.0091725   (39 -0.874) (11 -0.368) (41 0.194) (34 -0.113) (44 0.113) (37 0.0789) (36 0.0731) (42 0.0719) (139 0.0683) (35 0.0542) (21 -0.0384) (29 -0.0355) (40 -0.0322) (52 -0.0318) (55 -0.0293) (51 -0.0277) (59 -0.0262) (30 0.0212) (32 -0.018) (60 -0.0174) (83 0.0172) (63 -0.0168) (103 0.0163) (43 -0.0158) (12 -0.0157) (104 0.0148) (54 -0.0138) (56 0.0138) (46 0.0137) (38 0.0134) (58 0.013) (20 -0.0128) (19 0.0126) (23 0.012) (13 -0.0119) (65 0.0118) (47 -0.0113) (102 -0.0111) (74 0.0111) (67 -0.011) (53 -0.0107) 
   0.0098122   (12 0.938) (29 0.328) (30 -0.0841) (32 -0.0352) (11 -0.0323) (39 -0.0187) (31 0.0173) (36 0.0166) (25 0.0131) (15 0.0123) (66 -0.012) (14 0.0116) (67 -0.0103) 
    0.010015   (135 -0.952) (29 0.273) (12 -0.113) (30 -0.0696) (32 -0.0254) (31 0.0142) (36 0.0131) (39 -0.0126) (21 0.0102) 

 Largest eigenvalues
       24.17   (163 0.367) (165 0.916) 
      15.999   (34 -0.888) 
       15.17   (81 0.906) 
      11.345   (102 -0.291) (103 0.552) (104 0.56) 
       3.186   (160 0.998) 
      2.5585   (163 0.929) (165 -0.366) 
      1.2249   (164 0.997) 
      1.1736   (162 0.992) 
      1.1454   (88 0.853) (89 -0.368) 
      1.1221   (99 -0.684) (101 -0.323) (105 0.496) 
      1.1111   (99 -0.415) (105 -0.65) (107 0.357) 
      1.0067   (113 -0.289) (116 0.533) (118 -0.622) 
      1.0049   (105 -0.423) (107 -0.585) (108 -0.53) 
     0.97978   (100 0.777) (101 -0.48) 
      0.9227   (110 0.34) (112 0.509) (113 0.286) 
     0.85336   (110 -0.432) (113 -0.327) (118 0.451) 
     0.82207   (110 0.584) (111 0.309) (112 -0.321) 
     0.68586   (97 -0.914) 
     0.67506   (113 0.295) (115 -0.307) (124 0.309) (125 0.538) (130 -0.4) 
     0.65369   (113 -0.584) (114 -0.487) (125 0.289) 
     0.61244   (109 -0.605) (115 0.439) 
     0.60817   (109 0.674) (114 0.342) 
     0.58787   (123 -0.454) (124 -0.349) (127 0.533) 
     0.58611   (124 0.543) (125 -0.567) (127 0.457) 
     0.57719   (120 0.606) (121 -0.293) (122 0.484) (124 -0.354) 
     0.57692   (119 -0.319) (120 -0.713) (122 0.354) 
     0.55121   (119 0.463) (121 0.607) (126 0.396) 
      0.5348   (119 -0.659) (122 -0.289) (124 0.296) (126 0.287) (130 0.339) 
     0.49986   (119 0.445) (121 -0.486) (123 -0.363) (130 0.387) 
     0.41066   (91 -0.969) 
     0.40697   (121 0.422) (126 -0.562) (130 0.422) 
     0.33868   (92 0.549) (93 -0.752) 
     0.31279   (93 0.296) (103 0.648) (104 -0.472) 
     0.29661   (101 0.351) (102 -0.73) (104 -0.318) 
     0.28261   (98 -0.507) (122 -0.33) (123 0.312) 
     0.27575   (76 -0.287) (86 -0.649) (98 0.333) 
     0.23029   (76 0.475) (77 -0.352) (98 0.566) 
     0.22677   (76 -0.474) (77 0.288) (86 0.614) 
     0.19976   (98 -0.386) (111 -0.513) (112 -0.308) 
     0.16443   (88 -0.393) (89 -0.748) (90 -0.291) 
     0.14579   (95 0.441) (96 0.508) (106 -0.29) 
     0.14002   (85 0.307) (95 -0.603) 
     0.12483   (85 -0.86) (90 -0.213) (96 -0.219) 
     0.11242   (85 0.317) (87 0.395) (90 -0.554) (96 -0.358) 
       0.112   (71 0.414) (76 0.337) (79 -0.411) (80 0.409) 
     0.10307   (75 -0.349) (77 -0.317) (84 0.328) (87 -0.301) (96 -0.334) 
    0.095849   (61 -0.264) (65 -0.219) (69 0.375) (72 0.341) (75 0.266) (79 0.231) (90 0.244) 
    0.091622   (61 0.649) (65 0.263) (69 -0.26) (77 0.208) (82 0.244) 
    0.089753   (61 -0.585) (69 -0.364) (72 -0.302) 
    0.086731   (65 -0.343) (69 0.337) (96 0.301) 
    0.082644   (63 -0.438) (65 0.473) (72 0.396) 
    0.079718   (63 0.623) (69 -0.377) 
    0.078144   (60 0.394) (63 -0.446) (65 -0.468) 
     0.07341   (60 -0.786) (72 -0.309) 
    0.070509   (60 0.378) (65 0.466) (69 0.332) 
    0.068223   (65 -0.222) (69 -0.255) (72 0.383) (75 -0.22) (82 0.264) (111 -0.22) (115 -0.27) (116 -0.329) 
    0.062856   (72 -0.306) (74 -0.324) (75 0.306) (84 -0.291) 
     0.05916   (62 -0.561) (70 0.4) (74 0.294) (82 -0.319) 
    0.058651   (62 0.647) (74 0.341) 
    0.058323   (62 -0.392) (66 0.297) (70 -0.566) 
    0.053621   (66 -0.315) (70 0.271) (74 -0.454) (82 0.267) (84 0.31) 
    0.053288   (66 0.413) (67 0.365) (74 0.289) (75 0.314) (82 0.286) 
    0.051263   (66 -0.408) (67 -0.498) (70 -0.355) (74 0.328) 
    0.047144   (84 -0.352) (87 -0.395) (117 -0.345) 
    0.046299   (36 -0.932) (55 -0.24) 
    0.044626   (36 0.312) (55 -0.741) (56 0.337) 
    0.042322   (55 0.42) (78 -0.433) (117 -0.395) 
    0.040043   (56 -0.491) (64 0.345) (78 0.451) (117 -0.295) 
    0.037656   (56 0.645) (78 0.419) 
    0.034967   (38 -0.788) (46 0.34) 
    0.030187   (38 0.572) (46 0.387) (64 -0.386) 
    0.029446   (40 0.392) (46 -0.395) (92 -0.387) 
    0.028812   (40 -0.838) (92 -0.229) 
    0.028042   (40 0.34) (64 0.637) 
    0.023599   (128 -0.915) 
    0.022827   (129 -0.578) (153 -0.809) 
    0.021026   (129 -0.577) (153 0.311) (161 0.755) 
    0.020633   (129 -0.577) (153 0.498) (161 -0.647) 
    0.019766   (13 -0.994) 
    0.016913   (140 -0.999) 
