 1 31.6228
 2 21.8403
 3 1.90707
 4 31.6228
 5 15.9565
 6 11.3973
 7 31.6193
 8 1.02047
 9 31.4251
 10 29.6651
 11 0.983829
 12 27.8439
 13 31.6228
 14 31.583
 15 0.904338
 16 31.6228
 17 31.5363
 18 1.00372
 19 31.6228
 20 26.7242
 21 5.96452
 22 31.6228
 23 30.1288
 24 2.50811
 25 15.1586
 26 14.9048
 27 1.93731
 28 31.3466
 29 9.84571
 30 12.1592
 31 21.6772
 32 2.73795
 33 27.712
 34 14.4024
 35 6.91303
 36 16.674
 37 31.4256
 38 31.5549
 39 1.38598
 40 24.3808
 41 31.0778
 42 1.29397
 43 21.7201
 44 28.7908
 45 1.89368
 46 31.5738
 47 12.2191
 48 21.1415
 49 30.4853
 50 13.3881
 51 14.1195
 52 9.17136
 53 30.681
 54 16.3527
 55 9.13613
 56 11.9593
 57 29.2623
 58 8.8304
 59 8.83697
 60 10.5492
 61 4.40111
 62 1.32603
 63 21.2023
 64 16.3016
 65 0.969134
 66 21.1359
 67 29.7898
 68 3.34533
 69 31.6207
 70 31.6228
 71 28.3083
 72 4.8333
 73 31.6139
 74 1.3574
 75 31.5683
 76 31.353
 77 1.38016
 78 29.6961
 79 31.602
 80 2.03331
 81 30.9411
 82 31.4166
 83 15.4561
 84 1.39725
 85 10.1366
 86 1.4184
 87 31.3783
 88 1.0967
 89 1.04193
 90 1.24449
 91 2.45691
 92 18.2062
 93 26.9258
 94 22.4851
 95 28.9287
 96 30.2599
 97 16.3012
 98 15.4428
 99 9.01417
 100 27.0227
 101 30.3384
 102 9.96719
 103 11.6389
 104 10.7914
 105 10.8279
 106 12.2629
 107 12.3489
 108 12.4592
 109 10.3004
 110 8.33233
 111 12.7036
 112 13.9439
 113 13.3471
 114 12.5887
 115 12.6183
 116 10.8159
 117 12.2335
 118 13.1907
 119 11.5123
 120 8.48949
 121 10.6726
 122 6.70094
 123 7.7074
 124 5.51825
 125 5.11597
 126 6.89706
 127 4.50478
 128 8.80189
 129 7.29593
 130 7.1874
 131 4.09954
 132 4.44517
 133 4.5759
 134 5.84693
 135 2.65519
 136 6.7073
 137 2.87088
 138 2.81602
 139 2.82519
 140 3.06215
 141 3.01645
 142 2.662
 143 2.78488
 144 3.69148
 145 3.75139
 146 3.36426
 147 2.89049
 148 5.18018
 149 3.80393
 150 3.24909
 151 3.50036
 152 4.71932
 153 4.39165
 154 3.50875
 155 4.3686
 156 4.81528
 157 6.76395
 158 0.161324
 159 0.219099
 160 0.271471
 161 3.73343
 162 4.22595
 163 15.9679
 164 27.2049
 165 0.566989
