 1 54255.1
 2 657.768
 3 28.5389
 4 176046
 5 525.184
 6 363.209
 7 504355
 8 40.2664
 9 14658.8
 10 2496.79
 11 4.08079
 12 1684.38
 13 290731
 14 4006.03
 15 0.848905
 16 332930
 17 3698.83
 18 9.06845
 19 120522
 20 2149.85
 21 406
 22 163281
 23 3309.32
 24 166.899
 25 262.687
 26 323.287
 27 21.7267
 28 2805.97
 29 251.216
 30 316.01
 31 518.59
 32 68.4386
 33 1065.94
 34 220.323
 35 157.236
 36 424.926
 37 1527.57
 38 2973.26
 39 7.89303
 40 977.648
 41 4304.53
 42 2.09136
 43 682.238
 44 1478.07
 45 28.7997
 46 9159.08
 47 1010.13
 48 1618.9
 49 1862.29
 50 195.641
 51 343.586
 52 209.842
 53 2913.13
 54 307.982
 55 219.735
 56 313.503
 57 966.622
 58 90.3794
 59 146.193
 60 191.209
 61 22.5183
 62 1.78283
 63 489.345
 64 313.137
 65 1.69323
 66 499.532
 67 3387.02
 68 217.965
 69 146115
 70 172942
 71 2262.58
 72 278.053
 73 17265.5
 74 24.8464
 75 15113.3
 76 8355.22
 77 6.12594
 78 1920.53
 79 8615.53
 80 67.6959
 81 2740.13
 82 1580.78
 83 280.614
 84 2.93182
 85 138.01
 86 2.84919
 87 5004.8
 88 1.7118
 89 1.63908
 90 1.90659
 91 9.89392
 92 485.878
 93 1489.61
 94 1105.28
 95 2034.35
 96 2167.78
 97 327.519
 98 306.359
 99 127.991
 100 921.288
 101 1496.24
 102 125.253
 103 154.67
 104 134.886
 105 132.769
 106 161.473
 107 165.838
 108 170.143
 109 125.624
 110 97.7265
 111 180.587
 112 204.817
 113 189.851
 114 173.297
 115 179.751
 116 143.812
 117 171.734
 118 192.447
 119 150.617
 120 85.937
 121 122.812
 122 48.3011
 123 64.2477
 124 37.2118
 125 29.6777
 126 52.2702
 127 27.1014
 128 90.1563
 129 67.0747
 130 61.1703
 131 20.3786
 132 21.0256
 133 22.5916
 134 36.354
 135 8.77697
 136 46.4782
 137 9.93796
 138 9.22215
 139 9.26238
 140 10.9641
 141 11.4896
 142 8.89907
 143 9.52341
 144 15.2953
 145 15.2862
 146 12.7491
 147 10.4468
 148 30.1997
 149 16.5683
 150 12.1077
 151 14.0123
 152 23.8194
 153 21.369
 154 13.5818
 155 20.1979
 156 24.2758
 157 46.902
 158 0.211847
 159 0.0862862
 160 0.41153
 161 26.6534
 162 24.5249
 163 1448.41
 164 3120.19
 165 13.947
