 1 1000
 2 502.81
 3 22.0054
 4 1000
 5 407.677
 6 281.997
 7 999.834
 8 3.52128
 9 991.768
 10 889.068
 11 2.34152
 12 787.777
 13 1000
 14 997.914
 15 0.825088
 16 1000
 17 996.876
 18 3.08073
 19 1000
 20 838.22
 21 158.934
 22 1000
 23 950.672
 24 48.6843
 25 241.592
 26 252.503
 27 17.0999
 28 985.894
 29 196.461
 30 248.419
 31 491.489
 32 53.7406
 33 832.838
 34 213.538
 35 138.628
 36 372.66
 37 988.925
 38 997.579
 39 3.71844
 40 607.766
 41 969.969
 42 1.76336
 43 497.044
 44 862.455
 45 17.2284
 46 998.171
 47 352.093
 48 649.567
 49 942.825
 50 192.713
 51 282.801
 52 173.159
 53 952.954
 54 274.355
 55 162.593
 56 227.087
 57 891.48
 58 89.2396
 59 139.547
 60 181.325
 61 22.1378
 62 1.78019
 63 463.849
 64 310.515
 65 1.68319
 66 489.701
 67 939.199
 68 62.8806
 69 999.927
 70 1000
 71 889.246
 72 110.541
 73 999.596
 74 3.09213
 75 998.031
 76 984.152
 77 3.52254
 78 887.275
 79 999.09
 80 21.9678
 81 976.171
 82 990.253
 83 255.187
 84 2.79434
 85 107.772
 86 2.54793
 87 989.409
 88 1.71157
 89 1.63906
 90 1.90633
 91 8.94804
 92 415.16
 93 814.037
 94 609.833
 95 882.859
 96 941.467
 97 311.32
 98 292.765
 99 126.597
 100 773.225
 101 939.216
 102 120.965
 103 151.734
 104 133.613
 105 131.908
 106 160.832
 107 165.105
 108 169.221
 109 124.595
 110 95.8456
 111 179.399
 112 203.891
 113 189.162
 114 172.844
 115 179.248
 116 142.932
 117 171.172
 118 192.098
 119 150.012
 120 84.686
 121 122.16
 122 47.7671
 123 62.0576
 124 36.6638
 125 28.9008
 126 51.8425
 127 25.7181
 128 87.5998
 129 65.9113
 130 60.2513
 131 20.0354
 132 20.7559
 133 22.2275
 134 35.3571
 135 8.50369
 136 46.0133
 137 9.56685
 138 8.91405
 139 8.97107
 140 10.3596
 141 10.7655
 142 8.46491
 143 9.04925
 144 14.8061
 145 14.9892
 146 12.4034
 147 9.89136
 148 28.9243
 149 15.8611
 150 11.8037
 151 13.6904
 152 23.3404
 153 20.3651
 154 13.1838
 155 19.8325
 156 24.0414
 157 46.636
 158 0.172778
 159 0.0826699
 160 0.366579
 161 21.7546
 162 22.5739
 163 329.449
 164 802.695
 165 7.46867
