 Smallest eigenvalues
  1.9345e-06   (9 1) 
  3.0036e-06   (48 -0.629) (49 -0.446) (51 0.406) (154 -0.2) (42 -0.195) (52 -0.19) (43 0.142) (53 0.136) (55 -0.127) (78 0.122) (14 0.11) (47 -0.0755) (46 0.0693) (34 0.0644) (11 0.0566) (54 0.0565) (56 0.0537) (62 -0.0528) (25 0.0417) (45 0.0363) (38 0.0363) (40 0.035) (13 0.035) (24 0.0308) (71 -0.0287) (44 0.028) (61 0.0267) (60 -0.0249) (36 0.0245) (68 0.0224) (79 -0.0201) (17 -0.0198) (73 -0.0178) (29 -0.0177) (57 0.0165) (39 0.0164) (30 -0.0164) (66 0.0164) (35 -0.0156) (76 -0.0153) (84 0.0145) (72 0.014) (80 0.0134) (88 0.0131) (37 -0.0129) (31 0.0128) (12 0.0121) (50 0.0121) (41 0.0112) 
  3.4396e-06   (154 -0.98) (48 0.129) (49 0.091) (51 -0.0828) (42 0.0398) (52 0.0387) (43 -0.0291) (53 -0.0278) (55 0.0259) (78 -0.0244) (14 -0.0227) (47 0.0154) (46 -0.0142) (34 -0.0132) (11 -0.0116) (54 -0.0115) (56 -0.0109) (62 0.0107) 
  5.6803e-06   (4 -1) 
  5.7823e-06   (148 0.639) (44 -0.493) (47 0.346) (43 0.258) (42 -0.246) (45 0.198) (48 0.12) (46 -0.101) (14 0.0941) (78 0.0705) (34 0.0687) (11 0.0486) (51 -0.0439) (25 0.0425) (40 0.0399) (24 0.0343) (38 0.0323) (36 0.0302) (13 0.0299) (53 -0.0265) (52 -0.0255) (37 -0.0241) (56 0.0239) (17 -0.0176) (71 -0.0175) (77 -0.0171) (54 0.0169) (28 0.0167) (60 -0.0155) (26 -0.015) (62 -0.0136) (49 -0.0122) (35 -0.0116) (16 -0.0109) (73 -0.0108) (55 -0.0108) (12 0.0107) 
  6.1244e-06   (148 0.769) (44 0.41) (47 -0.288) (43 -0.215) (42 0.205) (45 -0.165) (48 -0.0998) (46 0.084) (14 -0.0782) (78 -0.0585) (34 -0.0571) (11 -0.0404) (51 0.0365) (25 -0.0353) (40 -0.0331) (24 -0.0285) (38 -0.0269) (36 -0.0251) (13 -0.0249) (53 0.022) (52 0.0212) (37 0.0201) (56 -0.0199) (17 0.0146) (71 0.0145) (77 0.0142) (54 -0.0141) (28 -0.0139) (60 0.0129) (26 0.0125) (62 0.0113) (49 0.0102) 
  6.8409e-06   (1 0.988) (29 -0.107) (30 0.056) (31 0.055) (34 -0.0533) (25 0.0309) (28 0.0278) (24 0.0222) (33 0.0155) (27 0.0148) (14 0.0129) (36 -0.0127) (26 -0.0126) (37 0.0118) (42 0.0116) (35 0.0109) 
  8.2972e-06   (155 -0.999) (29 -0.0339) (30 0.0179) (31 0.0175) (34 -0.0167) (25 0.0102) 
  1.8431e-05   (29 0.658) (30 -0.347) (31 -0.338) (34 0.325) (25 -0.198) (14 -0.18) (28 -0.172) (1 0.154) (24 -0.152) (11 -0.0973) (33 -0.0959) (27 -0.088) (26 0.0811) (35 -0.0797) (37 -0.0757) (36 0.0747) (42 -0.0688) (13 -0.0574) (155 -0.0515) (20 0.0512) (78 -0.0492) (21 -0.0386) (16 0.0363) (32 0.0354) (39 0.0301) (17 0.0282) (48 -0.0276) (43 0.0238) (22 -0.0226) (46 -0.0222) (12 -0.0213) (79 0.0164) (44 -0.0146) (54 -0.0144) (51 0.0142) (38 0.0134) (71 0.0133) (56 -0.0132) (60 0.0129) (50 -0.0126) (53 0.0124) (77 0.0121) (75 -0.0106) (40 0.0105) 
  3.5836e-05   (19 -0.561) (20 0.536) (46 -0.43) (44 0.236) (42 -0.212) (43 0.157) (22 0.12) (27 0.0976) (45 -0.0929) (16 -0.0851) (48 0.0833) (17 -0.0786) (47 -0.0751) (29 -0.0654) (21 -0.0637) (14 0.0578) (78 0.0533) (18 0.049) (28 -0.0381) (15 -0.0315) (32 -0.0307) (39 0.0307) (37 0.0291) (11 0.0271) (50 0.0268) (53 -0.0243) (13 0.0236) (74 -0.0236) (34 0.0213) (35 -0.0207) (72 0.0196) (24 -0.0183) (68 0.018) (38 0.0165) (40 0.0159) (30 -0.0158) (63 -0.0154) (67 -0.0149) (61 0.0126) (71 -0.0124) (56 0.0121) (33 -0.0116) (60 -0.0107) (12 0.0107) (54 0.0102) 
  9.6739e-05   (158 -0.999) (46 -0.0248) (20 -0.0176) (19 0.0175) (44 0.0137) (42 -0.0129) 
  0.00010513   (46 0.583) (20 0.4) (19 -0.395) (44 -0.322) (42 0.304) (43 -0.155) (48 -0.149) (45 0.14) (47 0.124) (22 0.0843) (78 -0.0823) (14 -0.077) (34 -0.0718) (25 -0.0699) (24 -0.0654) (21 -0.06) (158 -0.043) (11 -0.0418) (41 -0.0402) (16 -0.0399) (17 -0.0375) (28 -0.0373) (40 -0.036) (29 -0.0358) (37 0.0352) (36 -0.0351) (18 0.0342) (26 0.0325) (38 -0.031) (56 -0.0305) (32 -0.0303) (50 -0.0286) (54 -0.0271) (62 0.0253) (33 0.0221) (27 0.0218) (74 0.0216) (13 -0.021) (15 -0.0209) (71 0.0196) (68 -0.0195) (77 0.0194) (53 0.0193) (72 -0.0191) (51 0.0186) (67 0.0157) (30 -0.0151) (81 0.0134) (61 -0.0133) (80 -0.0131) (66 -0.0129) (76 -0.0115) (63 0.0114) (35 -0.0113) (60 0.011) (65 0.0106) 
  0.00010712   (3 -1) 
  0.00011262   (22 -0.568) (20 0.378) (14 0.328) (25 -0.291) (21 0.285) (19 0.263) (24 -0.26) (17 -0.2) (11 0.154) (23 -0.113) (13 0.103) (34 -0.1) (30 0.0756) (16 0.0611) (18 -0.045) (43 -0.0443) (32 0.0413) (38 -0.0394) (42 0.0357) (28 -0.0316) (36 -0.0314) (31 -0.0308) (12 0.0296) (47 0.0274) (29 0.0252) (15 0.0248) (46 -0.0242) (40 -0.0214) (26 0.0206) (78 0.0176) (35 0.013) (57 0.0125) (52 -0.011) 
  0.00019612   (159 1) 
  0.00021381   (2 -1) 
  0.00024235   (21 -0.878) (14 0.256) (25 -0.204) (24 -0.185) (17 -0.179) (11 0.12) (19 0.102) (13 0.0798) (20 -0.0753) (34 -0.0701) (23 0.0508) (157 0.047) (30 0.0387) (26 0.034) (31 -0.0297) (42 0.0267) (12 0.0233) (22 0.0224) (16 -0.0208) (36 -0.0203) (27 0.0195) (47 0.0168) (38 -0.0168) (78 0.0158) (28 -0.0151) (40 -0.0141) (44 0.0122) (43 -0.0122) (18 -0.012) (35 0.0106) 
  0.00028227   (157 0.999) (21 0.0413) (14 -0.0121) 
   0.0002841   (8 -1) 
  0.00030394   (28 -0.744) (150 -0.398) (26 0.289) (25 0.23) (27 -0.224) (14 0.144) (34 -0.141) (24 0.122) (32 -0.11) (11 0.0735) (35 0.053) (17 -0.0518) (31 -0.0506) (20 -0.0497) (37 0.0473) (36 -0.0467) (13 0.0461) (51 0.0448) (48 0.0429) (16 -0.0394) (21 0.0286) (42 0.0279) (78 0.0213) (12 0.0206) (29 -0.0191) (49 0.0167) (75 -0.0161) (19 -0.0156) (43 -0.0153) (15 -0.0147) (44 -0.0121) (30 0.0107) 
  0.00031373   (150 -0.917) (28 0.323) (26 -0.126) (25 -0.1) (27 0.0974) (14 -0.0627) (34 0.0613) (24 -0.0528) (32 0.0476) (11 -0.0319) (35 -0.023) (17 0.0225) (31 0.022) (20 0.0216) (37 -0.0205) (36 0.0203) (13 -0.02) (51 -0.0194) (48 -0.0186) (16 0.0171) (21 -0.0124) (42 -0.0121) 
  0.00032332   (6 -1) 
  0.00033171   (22 0.59) (25 -0.441) (21 0.308) (24 -0.291) (20 -0.255) (14 0.224) (23 -0.223) (153 -0.218) (17 -0.141) (11 0.104) (34 -0.0762) (32 -0.0756) (13 0.0717) (16 -0.0629) (19 -0.0612) (28 -0.0508) (12 0.0293) (15 -0.0273) (27 0.0248) (35 0.0237) (78 0.0236) (31 -0.0234) (42 0.0224) (48 0.0222) (37 0.022) (39 0.021) (29 -0.0188) (36 -0.018) (73 -0.0156) (33 0.0118) (51 0.0118) (56 0.011) 
  0.00034793   (153 -0.976) (22 -0.132) (25 0.0986) (21 -0.069) (24 0.0652) (20 0.0571) (14 -0.0501) (23 0.0499) (17 0.0316) (11 -0.0233) (34 0.017) (32 0.0169) (13 -0.0161) (16 0.0141) (19 0.0137) (28 0.0114) 
  0.00035837   (73 -0.604) (57 -0.475) (71 -0.275) (66 -0.229) (62 0.216) (70 -0.211) (74 -0.193) (60 0.162) (52 0.157) (78 -0.145) (43 0.119) (47 -0.0838) (46 0.0775) (56 0.0773) (61 -0.0648) (54 0.0625) (32 -0.0596) (69 -0.0583) (79 0.051) (42 -0.0496) (72 0.0463) (51 0.045) (16 0.0441) (68 -0.0429) (77 0.0421) (38 0.0391) (65 -0.0384) (50 0.0369) (20 0.0362) (19 0.0348) (40 0.0283) (29 -0.0225) (41 0.0216) (48 0.0203) (59 0.02) (88 0.0199) (123 -0.0196) (75 -0.0193) (89 -0.0185) (30 -0.0183) (67 0.0178) (122 -0.017) (109 0.0165) (64 0.0164) (119 -0.0161) (15 0.0159) (126 0.0157) (84 0.0156) (100 0.0151) (34 0.0151) (104 0.015) (45 0.0147) (25 -0.0127) (37 -0.0125) (80 -0.0123) (33 0.012) (99 -0.0119) (152 -0.0119) (91 -0.0109) (121 0.0104) (63 0.0104) (125 -0.0103) (106 -0.0103) (120 0.0103) (127 0.0101) 
   0.0004022   (73 0.655) (57 -0.406) (66 -0.284) (152 -0.24) (62 0.233) (74 0.167) (43 0.153) (47 -0.136) (70 -0.135) (52 0.134) (46 0.0985) (68 -0.0939) (60 0.0897) (49 0.0887) (56 0.0777) (72 -0.0723) (42 -0.0723) (71 0.0715) (14 0.0633) (32 -0.062) (61 -0.0602) (39 0.0516) (55 0.0502) (34 0.0488) (38 0.0481) (16 0.0474) (53 -0.0454) (65 -0.0452) (19 0.0402) (48 -0.0387) (51 0.0381) (120 0.0374) (40 0.035) (11 0.0332) (59 0.0329) (29 -0.0324) (41 0.0305) (45 0.0298) (79 -0.0288) (67 0.0287) (30 -0.028) (54 0.0278) (20 0.0258) (84 0.0224) (13 0.0191) (121 -0.0187) (125 -0.0182) (31 0.0181) (36 0.017) (64 0.0168) (127 0.0164) (22 0.0164) (15 0.0163) (89 -0.0162) (78 0.0158) (37 -0.0156) (122 0.0145) (88 0.0142) (117 -0.0127) (131 -0.0126) (137 0.0126) (23 0.0123) (99 -0.0117) (119 -0.0116) (33 0.0115) (35 -0.0105) (75 0.0104) (126 -0.0103) (63 0.0102) 
  0.00041181   (152 -0.971) (73 -0.154) (57 0.107) (66 0.0729) (62 -0.0603) (43 -0.0398) (74 -0.0389) (70 0.0357) (52 -0.0354) (47 0.035) (46 -0.0256) (60 -0.0242) (68 0.0236) (49 -0.022) (56 -0.0203) (42 0.0187) (72 0.0173) (32 0.0164) (14 -0.016) (61 0.0157) (71 -0.0144) (39 -0.0129) (38 -0.0126) (55 -0.0125) (16 -0.0125) (34 -0.0124) (65 0.0116) (53 0.0113) (19 -0.0106) (51 -0.0101) 
  0.00044443   (24 0.807) (25 -0.558) (54 -0.0881) (23 -0.0716) (52 0.0684) (53 -0.0504) (56 -0.0459) (22 -0.0401) (14 0.0368) (57 0.0354) (55 -0.0351) (21 -0.033) (47 -0.0329) (20 0.0306) (49 0.0293) (28 -0.0252) (11 0.0252) (46 0.0227) (30 -0.0226) (43 0.022) (39 0.0207) (16 -0.0189) (78 0.0156) (51 0.0154) (48 -0.0151) (27 -0.014) (26 0.0136) (32 -0.0131) (13 0.0105) (19 0.0104) (60 -0.01) 
  0.00048744   (147 0.748) (54 -0.374) (52 0.315) (56 -0.207) (53 -0.188) (55 -0.144) (57 0.131) (43 0.124) (47 -0.116) (49 0.0898) (51 0.0787) (24 -0.0781) (46 0.0748) (25 0.0719) (42 -0.0632) (48 -0.0589) (14 0.0479) (34 0.0398) (60 -0.0388) (73 -0.0374) (32 -0.0336) (62 -0.0299) (38 0.0293) (78 0.0293) (45 0.0259) (40 0.0256) (50 -0.0243) (16 0.0242) (11 0.0238) (39 0.0218) (71 -0.0208) (29 -0.0204) (19 0.0186) (23 0.0179) (41 0.0159) (36 0.0156) (13 0.0151) (66 0.0134) (37 -0.0126) (120 0.0112) (61 0.0108) 
  0.00049244   (147 0.664) (54 0.421) (52 -0.355) (56 0.234) (53 0.212) (55 0.162) (57 -0.148) (43 -0.14) (47 0.131) (49 -0.101) (51 -0.0888) (46 -0.0844) (24 0.0838) (25 -0.0781) (42 0.0712) (48 0.0665) (14 -0.0542) (34 -0.045) (60 0.0438) (73 0.0422) (32 0.038) (62 0.0338) (38 -0.033) (78 -0.033) (45 -0.0292) (40 -0.0289) (50 0.0274) (16 -0.0272) (11 -0.0269) (39 -0.0247) (71 0.0234) (29 0.023) (19 -0.0211) (23 -0.0198) (41 -0.0179) (36 -0.0176) (13 -0.0171) (66 -0.0152) (37 0.0142) (120 -0.0123) (61 -0.0122) (30 0.0113) (31 -0.0106) (35 0.0106) 
  0.00049993   (55 0.642) (53 0.501) (39 -0.38) (52 0.294) (57 0.167) (43 0.14) (40 0.103) (54 -0.0981) (42 -0.0871) (47 -0.0809) (49 0.0559) (60 -0.0513) (46 0.0496) (48 -0.0486) (78 0.0455) (56 0.0438) (34 -0.0372) (51 0.0356) (71 -0.0319) (45 0.0281) (36 -0.021) (151 -0.018) (50 -0.0168) (20 0.0163) (25 -0.0155) (73 -0.0146) (70 -0.013) (69 -0.0129) (62 -0.0107) 
  0.00052672   (151 -0.971) (39 0.209) (55 0.0602) (53 0.0439) (40 -0.0426) (34 0.0376) (52 0.0299) (14 0.0207) (42 0.0177) (57 0.0169) (43 -0.0166) (37 -0.0165) (36 0.016) (32 -0.0157) (25 0.0145) (38 0.0145) (78 0.012) (49 -0.0119) (48 0.0113) (29 -0.0106) (11 0.0101) 
  0.00055158   (39 -0.822) (55 -0.293) (151 -0.239) (53 -0.216) (40 0.165) (34 -0.15) (52 -0.144) (14 -0.0838) (57 -0.081) (37 0.0665) (42 -0.0654) (32 0.0643) (36 -0.0636) (38 -0.0587) (25 -0.0576) (43 0.0568) (78 -0.0521) (49 0.0445) (29 0.0427) (48 -0.0423) (11 -0.0412) (73 0.0392) (35 0.0379) (56 -0.0318) (23 -0.0318) (51 -0.0293) (60 0.029) (13 -0.0264) (24 -0.0257) (54 0.0256) (47 -0.025) (71 0.0249) (19 -0.023) (16 -0.0229) (50 -0.0196) (31 -0.0176) (28 -0.0171) (45 0.0146) (66 -0.0139) (79 0.0138) (62 0.0133) (41 -0.0127) (77 0.0115) (68 -0.0104) (27 -0.0102) (26 0.0101) 
  0.00058845   (70 0.706) (71 0.564) (57 -0.272) (73 -0.15) (52 0.146) (49 -0.124) (69 0.0789) (48 0.0766) (51 0.0708) (60 0.0699) (74 -0.055) (50 0.0548) (43 0.0513) (62 0.0427) (68 0.0391) (46 0.0336) (32 -0.0318) (55 0.0317) (149 0.0317) (75 -0.0309) (84 0.0298) (76 0.0262) (20 0.0246) (16 0.0244) (72 0.0226) (61 -0.0225) (38 0.0225) (56 0.0218) (65 -0.0207) (40 0.02) (88 0.019) (125 -0.0188) (19 0.018) (42 -0.0172) (39 -0.0167) (123 -0.0167) (77 0.0156) (127 0.0146) (66 -0.0134) (79 -0.0128) (29 -0.0125) (126 0.0121) (41 0.0117) (100 0.0117) (97 -0.0116) (104 0.0113) (89 -0.0111) (120 0.011) (90 0.0103) 
  0.00059432   (149 0.855) (49 0.355) (48 -0.18) (52 -0.143) (51 -0.125) (47 -0.122) (50 -0.112) (54 0.0945) (43 0.0943) (73 -0.0596) (70 0.0594) (42 -0.0566) (39 0.0503) (46 0.0434) (53 0.0429) (45 0.041) (14 0.0355) (78 0.032) (34 0.0285) (66 0.0244) (62 -0.0242) (32 -0.024) (55 -0.02) (71 0.0183) (38 0.018) (57 0.0178) (11 0.0174) (29 -0.0172) (16 0.0162) (68 0.0161) (19 0.0143) (79 -0.0132) (23 0.0129) (25 0.0124) (40 0.0117) (72 0.0111) (13 0.011) (41 0.0107) (44 -0.0105) (37 -0.0103) 
   0.0006297   (49 -0.581) (149 0.517) (48 0.293) (52 0.227) (47 0.204) (51 0.202) (50 0.182) (43 -0.16) (54 -0.156) (70 -0.142) (73 0.108) (42 0.0949) (39 -0.0822) (46 -0.0741) (53 -0.0709) (45 -0.0679) (71 -0.0649) (14 -0.0591) (78 -0.0534) (34 -0.0477) (32 0.0419) (66 -0.0398) (62 0.0374) (38 -0.0313) (55 0.0311) (29 0.0294) (68 -0.0291) (11 -0.0291) (16 -0.0286) (19 -0.0249) (79 0.0226) (23 -0.0214) (40 -0.0208) (25 -0.0201) (72 -0.0198) (74 0.0192) (41 -0.0186) (13 -0.0182) (37 0.0176) (44 0.0169) (120 -0.0154) (36 -0.0153) (31 -0.0152) (30 0.0142) (22 -0.0128) (57 -0.0121) (60 -0.0108) (77 0.0101) 
  0.00066872   (38 0.881) (23 0.2) (20 0.165) (19 0.163) (22 0.153) (43 -0.144) (40 -0.142) (39 -0.133) (16 0.114) (32 -0.0857) (41 -0.0662) (37 -0.0611) (46 -0.0603) (47 0.0596) (42 0.0575) (52 -0.0413) (15 0.0355) (57 0.0336) (14 0.0333) (18 -0.0261) (36 -0.0206) (24 0.02) (21 0.0193) (33 0.0183) (11 0.0175) (30 -0.0153) (56 -0.0149) (54 -0.0148) (51 -0.0133) (25 -0.0122) (78 -0.0114) 
  0.00079725   (23 0.578) (22 0.42) (38 -0.336) (19 0.335) (20 0.331) (32 0.218) (16 0.168) (29 0.124) (14 0.111) (24 0.0999) (30 0.0869) (21 0.083) (34 -0.0657) (11 0.0556) (18 -0.0533) (31 -0.0524) (15 0.0521) (25 0.05) (142 -0.044) (33 -0.039) (37 0.0388) (13 0.0313) (26 -0.0279) (40 0.0263) (43 -0.0174) (28 0.0168) (17 -0.0167) (35 0.0164) (42 0.0156) (47 0.0142) (49 -0.0119) (48 0.0113) 
  0.00086241   (142 -0.999) (23 -0.0265) (22 -0.0193) (19 -0.0157) (20 -0.0155) (137 0.0147) (144 0.0105) 
   0.0009349   (47 -0.42) (48 0.398) (52 -0.394) (43 0.32) (46 0.314) (16 0.284) (49 -0.284) (51 -0.184) (50 0.154) (57 0.141) (56 -0.0992) (41 0.09) (42 -0.0875) (32 -0.0856) (54 -0.0749) (17 0.0697) (53 0.0605) (15 0.0577) (14 0.0528) (38 0.0526) (78 -0.0505) (40 0.0456) (25 -0.032) (39 0.0314) (19 -0.0305) (60 -0.0295) (45 0.0291) (11 0.0253) (30 -0.0242) (29 -0.0216) (33 0.0181) (24 -0.017) (70 -0.0141) (77 0.0138) (13 0.0132) (37 -0.0131) (20 0.0128) (84 0.0127) (31 0.0114) (21 -0.0105) (36 -0.0101) 
   0.0011049   (16 0.797) (19 -0.324) (17 0.237) (14 0.186) (20 -0.163) (15 0.148) (47 0.136) (43 -0.129) (32 0.109) (46 -0.104) (48 -0.1) (52 0.0899) (11 0.0866) (49 0.0671) (22 -0.0571) (23 -0.053) (13 0.0526) (29 0.0521) (30 0.0513) (18 0.0496) (42 0.0471) (51 0.0423) (50 -0.0412) (34 -0.0401) (38 -0.0379) (41 -0.0354) (39 -0.0312) (57 -0.0268) (31 -0.0254) (40 -0.0234) (56 0.022) (33 -0.0199) (54 0.0173) (37 0.0147) (45 -0.0142) (78 0.014) (24 0.0131) (21 -0.0111) (53 -0.0108) (25 -0.0102) 
   0.0012385   (146 -1) (137 0.0182) 
   0.0012995   (54 0.695) (56 -0.339) (52 0.337) (32 -0.269) (57 0.233) (34 0.19) (36 0.18) (55 -0.0954) (29 -0.0949) (37 0.0891) (39 -0.0812) (16 0.0745) (51 0.0731) (50 0.0706) (33 0.0694) (19 0.0658) (30 -0.0622) (48 0.0611) (20 0.0566) (38 -0.0524) (35 -0.0523) (46 0.0492) (78 -0.046) (53 -0.0426) (31 0.0418) (60 -0.04) (47 -0.0395) (49 -0.0394) (15 0.0273) (43 0.0252) (14 0.0217) (23 0.0204) (72 0.0177) (79 0.017) (73 0.0164) (70 -0.0161) (71 0.0155) (22 0.0155) (139 0.0152) (66 -0.014) (25 -0.0129) (68 -0.0125) (18 -0.0106) (123 -0.0105) (119 -0.0105) (26 0.0104) (11 0.0101) (21 -0.01) 
   0.0014862   (32 -0.467) (34 0.41) (36 0.403) (54 -0.315) (37 0.215) (52 -0.202) (43 -0.18) (38 -0.176) (39 -0.17) (29 -0.165) (56 0.141) (33 0.126) (139 0.124) (35 -0.109) (30 -0.101) (42 0.0895) (47 0.0847) (19 0.0809) (57 -0.0774) (16 0.0771) (31 0.0768) (46 -0.0753) (14 0.0694) (40 -0.0585) (41 -0.0584) (51 -0.0541) (20 0.0519) (55 0.0404) (23 0.0378) (11 0.0359) (50 -0.0277) (53 0.0259) (137 0.0247) (78 0.0238) (15 0.0237) (22 0.022) (13 0.0195) (45 -0.0171) (73 -0.0161) (60 0.0141) (48 -0.0133) (18 -0.0131) (26 0.0117) (71 -0.0112) 
   0.0015278   (139 0.973) (137 0.191) (32 0.0644) (34 -0.0557) (36 -0.0545) (37 -0.029) (54 0.0286) (38 0.0233) (39 0.023) (29 0.0228) (43 0.0222) (52 0.0199) (33 -0.0174) (35 0.0148) (30 0.0141) (56 -0.0125) (19 -0.0116) (42 -0.0114) (16 -0.0113) (31 -0.0106) 
   0.0015334   (11 0.858) (14 -0.315) (36 -0.282) (13 -0.195) (34 0.156) (12 -0.115) (30 -0.0565) (134 -0.0343) (29 -0.0337) (31 0.0287) (37 0.0263) (38 -0.0257) (15 0.023) (32 -0.0184) (43 -0.0179) (42 0.0173) (39 -0.0148) (72 -0.0127) (45 -0.012) (40 -0.0106) 
   0.0016114   (134 -0.806) (36 -0.456) (34 0.261) (11 -0.178) (14 0.129) (30 -0.0821) (13 0.0636) (29 -0.0568) (31 0.0446) (38 -0.0386) (37 0.0374) (32 -0.0343) (12 0.0326) (39 -0.0316) (42 0.0295) (43 -0.0249) (25 0.0197) (40 -0.0176) (19 0.0156) (45 -0.0153) (24 0.0145) (35 -0.0129) (47 0.0126) (18 -0.0122) (53 0.0118) (55 -0.0112) (17 -0.0107) 
   0.0018718   (36 0.637) (134 -0.591) (34 -0.364) (11 0.193) (14 -0.158) (30 0.115) (29 0.0793) (13 -0.0753) (31 -0.0624) (38 0.0541) (37 -0.0525) (32 0.0478) (39 0.044) (42 -0.0412) (12 -0.0378) (43 0.0349) (25 -0.0269) (40 0.0246) (19 -0.0217) (45 0.0214) (24 -0.0193) (35 0.0179) (47 -0.0176) (18 0.0169) (53 -0.0162) (55 0.0156) (17 0.015) (16 -0.0132) (48 -0.0122) (78 -0.0122) (51 0.012) (22 -0.011) 
   0.0019962   (30 -0.729) (31 0.357) (32 0.345) (29 -0.265) (53 0.199) (55 -0.157) (36 0.139) (33 -0.0927) (28 -0.0857) (34 -0.0777) (51 -0.0691) (35 0.0682) (50 -0.0621) (52 0.0543) (71 -0.0531) (19 0.0513) (24 -0.0488) (16 0.0465) (70 0.0455) (25 -0.0451) (37 -0.0362) (69 -0.0361) (48 0.0324) (68 0.0301) (49 -0.0288) (74 0.0272) (40 -0.0263) (46 -0.0257) (72 0.0255) (54 -0.0239) (20 0.0224) (47 0.0214) (73 0.0199) (60 0.0195) (27 -0.0186) (78 -0.0179) (130 0.0178) (26 0.0166) (56 -0.0165) (57 -0.0161) (62 0.0151) (41 0.0147) (65 0.0138) (43 -0.0138) (42 0.0133) (45 -0.0131) (18 -0.0131) (21 -0.0104) 
    0.002049   (71 -0.52) (70 0.421) (68 0.337) (69 -0.314) (74 0.258) (130 0.247) (78 -0.193) (72 0.188) (53 -0.167) (55 0.121) (73 0.118) (66 0.107) (77 -0.0878) (67 -0.0869) (60 0.0833) (51 0.073) (57 -0.0708) (62 -0.0634) (42 -0.0582) (56 0.0576) (63 -0.0542) (83 -0.0524) (46 0.052) (80 -0.049) (54 0.0468) (59 -0.0375) (41 0.0356) (75 0.035) (61 0.0343) (86 -0.0335) (79 0.0315) (32 -0.0288) (47 -0.0266) (109 -0.0256) (30 0.0249) (65 0.0246) (81 0.0233) (48 0.0196) (40 0.0195) (107 -0.018) (87 -0.0175) (96 0.0171) (34 0.0163) (84 0.0159) (89 -0.0154) (110 0.0136) (58 -0.0134) (120 -0.0129) (16 0.0123) (119 0.012) (91 0.0119) (100 0.0115) (43 -0.0112) (38 0.0112) (36 -0.011) 
   0.0022389   (130 0.566) (53 -0.501) (55 0.41) (30 -0.184) (50 0.178) (71 0.17) (70 -0.146) (51 0.13) (69 0.129) (52 -0.113) (74 -0.092) (31 0.0858) (72 -0.0846) (32 0.0794) (68 -0.0775) (62 -0.0771) (73 -0.0764) (29 -0.0686) (42 -0.0655) (48 -0.0647) (49 0.0645) (56 0.0635) (54 0.056) (57 0.0559) (60 -0.0532) (78 0.0501) (43 -0.0403) (46 0.0388) (65 -0.0384) (45 0.035) (132 -0.0331) (131 0.0323) (35 0.0302) (84 -0.0297) (47 -0.0287) (28 -0.0268) (81 -0.0264) (19 0.0261) (33 -0.0212) (16 0.0206) (67 0.0194) (24 -0.0174) (77 0.017) (88 0.0159) (90 -0.0158) (80 0.0154) (120 -0.0153) (75 -0.015) (63 0.0149) (36 0.0142) (25 -0.0123) (123 0.0108) (14 0.0104) (15 0.01) (115 0.01) 
   0.0023511   (130 0.78) (53 0.41) (55 -0.331) (30 0.142) (50 -0.128) (51 -0.116) (52 0.0786) (62 0.0752) (132 -0.071) (31 -0.0684) (42 0.0656) (131 0.0646) (56 -0.0637) (32 -0.056) (54 -0.0548) (29 0.0532) (68 -0.0504) (49 -0.0443) (46 -0.0441) (71 0.0412) (48 0.0397) (43 0.0329) (47 0.0288) (70 -0.0277) (66 -0.0272) (45 -0.0251) (78 0.0239) (35 -0.0226) (19 -0.0212) (28 0.0211) (16 -0.02) (65 0.0196) (73 0.0178) (57 -0.0175) (84 0.0164) (83 0.016) (33 0.0158) (77 0.015) (74 -0.0148) (24 0.0139) (67 0.0134) (59 0.0128) (86 0.0125) (90 0.012) (79 -0.0118) (88 -0.0117) (81 0.0117) (60 0.0116) (25 0.0109) 
    0.002563   (23 -0.712) (20 0.32) (19 0.315) (22 0.273) (25 0.259) (56 -0.223) (21 -0.122) (24 0.117) (16 0.109) (32 0.107) (15 0.101) (29 0.0846) (52 -0.0788) (57 -0.0692) (55 0.0544) (43 -0.0478) (46 -0.0392) (47 0.0348) (60 0.0336) (30 0.0321) (17 0.0313) (54 -0.0289) (12 -0.0281) (78 0.0262) (38 -0.0242) (26 -0.0237) (48 -0.0235) (53 0.0226) (42 0.0225) (33 -0.0211) (18 -0.0204) (28 0.0176) (71 -0.0171) (120 -0.0159) (37 0.0159) (13 -0.0157) (36 0.0135) (34 0.0117) (51 -0.0115) (62 -0.0106) (125 -0.0103) 
   0.0026595   (60 -0.867) (56 0.311) (59 0.168) (57 -0.156) (61 0.114) (55 -0.114) (52 0.113) (62 -0.107) (78 -0.0902) (23 -0.0786) (46 0.0677) (20 0.0519) (133 0.0519) (54 0.0501) (47 -0.0468) (19 0.0431) (79 0.042) (48 0.0394) (22 0.033) (25 0.0295) (71 -0.0287) (43 0.0283) (49 0.0266) (16 0.0256) (63 -0.0235) (34 0.022) (84 -0.0216) (15 0.0212) (109 0.0212) (125 -0.0205) (68 0.0198) (77 0.0193) (108 -0.0188) (70 0.0186) (69 -0.0182) (72 -0.0172) (110 -0.0168) (21 -0.0163) (51 -0.0161) (50 0.0153) (64 -0.0151) (80 -0.0146) (44 0.0145) (73 -0.0141) (24 0.0136) (38 0.0132) (29 0.013) (124 -0.0129) (58 0.0123) (120 0.0121) (40 0.0112) (119 0.0112) (36 0.0103) (74 -0.0102) (82 0.01) 
   0.0026798   (133 0.759) (56 0.464) (57 0.271) (60 0.207) (52 0.123) (50 -0.108) (55 -0.103) (23 -0.102) (20 0.068) (53 -0.0662) (43 0.0605) (19 0.0605) (62 0.0524) (48 0.046) (47 -0.0456) (46 0.0446) (41 0.0435) (22 0.0432) (59 -0.0422) (54 0.0402) (78 -0.04) (71 0.0399) (16 0.0395) (25 0.0344) (51 0.0299) (61 -0.0291) (21 -0.0229) (68 -0.022) (15 0.0185) (84 0.0179) (45 -0.0177) (131 -0.0158) (32 -0.0154) (120 0.0148) (74 -0.0142) (40 0.0137) (77 0.0137) (65 0.0135) (69 0.0132) (24 0.0124) (38 0.012) 
   0.0028727   (133 0.648) (56 -0.567) (57 -0.303) (60 -0.171) (52 -0.153) (55 0.13) (23 0.126) (50 0.124) (20 -0.0837) (53 0.0772) (19 -0.0742) (43 -0.073) (46 -0.0578) (47 0.0572) (48 -0.057) (78 0.0535) (22 -0.0531) (62 -0.0526) (54 -0.0512) (41 -0.05) (16 -0.0483) (71 -0.0445) (25 -0.0426) (59 0.0356) (51 -0.0335) (125 -0.0327) (21 0.0281) (124 -0.0266) (61 0.0248) (68 0.0241) (15 -0.0235) (120 -0.0219) (84 -0.0201) (45 0.02) (32 0.0179) (77 -0.0175) (74 0.0175) (40 -0.0169) (122 0.0158) (24 -0.0156) (38 -0.0152) (65 -0.0151) (69 -0.014) (119 0.0133) (127 0.0126) (131 -0.0119) (34 -0.0113) (17 -0.0105) 
   0.0035584   (40 0.887) (66 -0.241) (39 0.151) (43 -0.143) (84 -0.135) (41 -0.131) (65 -0.129) (62 -0.122) (38 0.0964) (57 0.073) (42 0.0725) (32 -0.0598) (47 0.057) (87 0.0389) (30 -0.0334) (52 -0.0331) (46 -0.0308) (50 0.0303) (70 0.0293) (16 0.0292) (31 0.0268) (129 0.0256) (51 -0.0235) (44 0.0231) (69 -0.0229) (29 -0.0227) (19 0.0223) (20 0.0209) (96 0.0202) (55 -0.0199) (91 0.0196) (68 0.0191) (15 -0.0182) (33 0.0181) (53 0.0179) (78 0.0176) (25 -0.0166) (67 0.0162) (73 -0.0156) (109 -0.0153) (59 -0.0143) (64 -0.0139) (36 -0.0127) (23 0.0123) (61 0.0123) (37 0.012) (82 0.0101) 
   0.0038005   (84 -0.862) (129 0.327) (66 0.219) (87 0.166) (65 0.114) (62 0.111) (78 0.0852) (57 -0.0707) (91 0.0687) (85 0.0587) (109 -0.0497) (40 -0.0423) (43 0.0407) (52 0.0386) (96 0.0378) (92 -0.0367) (107 -0.0361) (90 0.0341) (86 -0.0311) (110 0.0273) (47 -0.0272) (120 0.0259) (77 -0.0257) (60 0.0253) (103 -0.0245) (46 0.0238) (83 0.0236) (119 -0.0232) (41 0.0231) (117 -0.0211) (88 0.0203) (123 -0.0202) (56 0.02) (89 -0.02) (127 0.0184) (94 -0.0183) (126 0.0176) (48 0.0175) (93 -0.0173) (54 0.017) (50 -0.0169) (67 -0.0169) (72 -0.0166) (111 -0.0161) (112 0.0151) (61 -0.0149) (114 0.0149) (124 0.0132) (69 0.0131) (39 -0.013) (100 0.013) (64 0.0123) (105 -0.0122) (49 -0.012) (71 -0.012) (115 -0.0113) (102 0.0108) (51 0.0107) (108 -0.0107) (97 -0.0107) (104 0.0106) (55 -0.0102) 
   0.0039964   (129 0.683) (66 0.438) (84 0.387) (65 0.227) (40 0.215) (62 0.195) (50 0.0956) (87 -0.0821) (57 -0.0793) (70 -0.073) (78 -0.0581) (69 0.0502) (91 -0.0467) (41 -0.0462) (39 0.0406) (68 -0.0386) (109 0.0326) (85 -0.0307) (96 -0.0296) (67 -0.0292) (38 0.028) (73 0.0271) (52 0.0247) (45 0.0237) (43 -0.0236) (127 0.0232) (64 0.0231) (71 0.0225) (49 0.0207) (48 -0.0197) (90 -0.0194) (59 0.0193) (32 -0.0192) (61 -0.019) (79 0.0171) (92 0.0165) (107 0.0163) (76 -0.016) (103 0.0153) (74 -0.0147) (86 0.014) (19 0.0136) (94 0.0129) (63 -0.0126) (30 -0.0123) (110 -0.0122) (56 0.0113) (82 -0.0111) (72 0.0108) (16 0.0105) (80 -0.0105) (108 0.0103) (29 -0.0102) 
   0.0040557   (129 0.652) (66 -0.56) (65 -0.29) (62 -0.256) (40 -0.24) (57 0.116) (50 -0.0913) (70 0.0775) (69 -0.0581) (52 -0.0445) (68 0.0435) (39 -0.0419) (41 0.0413) (67 0.0385) (38 -0.0373) (84 0.0366) (64 -0.0299) (73 -0.0296) (32 0.0274) (61 0.0271) (59 -0.0234) (45 -0.0228) (56 -0.0221) (109 -0.019) (16 -0.017) (71 -0.0168) (79 -0.0166) (19 -0.0165) (63 0.0162) (76 0.0161) (30 0.0159) (78 0.0158) (91 0.0154) (47 0.0153) (20 -0.015) (49 -0.015) (96 0.0146) (54 -0.0136) (46 -0.0134) (93 0.0125) (127 0.0117) (34 -0.0116) (29 0.0113) (119 0.0112) (74 0.0112) (82 0.0111) (48 0.011) (83 -0.0109) (14 -0.0109) 
   0.0041452   (105 0.582) (96 -0.329) (103 0.287) (123 -0.267) (108 -0.202) (101 0.198) (106 -0.175) (119 0.173) (99 -0.16) (107 -0.158) (124 0.156) (109 -0.152) (110 -0.149) (112 -0.144) (98 -0.123) (102 -0.121) (122 0.117) (118 -0.0906) (97 -0.0842) (100 -0.0791) (114 -0.0784) (111 -0.0751) (117 -0.0741) (50 0.0674) (90 -0.0665) (121 -0.0642) (104 -0.0614) (113 0.06) (115 -0.054) (94 0.0513) (84 -0.0293) (82 -0.0291) (72 -0.029) (116 -0.0276) (93 -0.0262) (92 0.0244) (89 0.0236) (91 0.018) (125 0.0174) (55 -0.0172) (85 -0.0171) (53 0.0157) (80 -0.0152) (70 0.0144) (60 0.0139) (49 0.013) (66 -0.0123) (81 -0.0122) (56 0.0119) (71 -0.0115) (51 -0.0109) (79 0.0107) (83 0.0102) 
   0.0042695   (144 0.999) (137 0.0285) (123 -0.025) (124 0.0147) (142 0.0109) (96 0.0106) 
   0.0042776   (50 0.857) (55 -0.178) (49 0.177) (53 0.161) (56 0.136) (48 -0.131) (72 -0.125) (51 -0.12) (45 0.108) (60 0.0941) (40 -0.0879) (57 0.0754) (52 0.0729) (41 -0.0718) (123 0.0668) (15 0.0667) (70 0.0655) (66 -0.0628) (84 -0.0578) (71 -0.0563) (119 -0.0526) (62 -0.0521) (82 -0.0516) (124 -0.0481) (109 0.0476) (43 -0.0469) (105 -0.0466) (42 -0.0452) (54 -0.0451) (107 0.0433) (96 -0.0427) (65 -0.0379) (122 -0.0342) (59 -0.0323) (80 -0.0314) (69 -0.0269) (68 0.0268) (23 -0.0255) (87 -0.0252) (108 0.0242) (103 -0.0233) (31 -0.0216) (101 -0.0213) (44 0.0213) (81 -0.0206) (117 0.0206) (92 -0.0199) (79 0.0197) (74 0.0195) (112 -0.0194) (91 -0.0191) (121 0.0185) (38 -0.0176) (118 0.0175) (90 -0.0174) (115 0.0167) (12 -0.016) (83 0.0156) (73 0.0153) (125 -0.0151) (111 -0.0133) (85 -0.012) (16 -0.0119) (99 0.0118) (39 -0.0112) (32 0.0103) 
   0.0044005   (72 -0.594) (45 0.496) (80 -0.318) (81 -0.277) (44 0.197) (50 -0.18) (93 -0.153) (83 0.148) (87 -0.128) (71 -0.121) (70 0.0942) (79 0.0847) (98 -0.0777) (48 0.074) (76 0.0692) (77 0.0679) (113 -0.0604) (107 0.0571) (41 -0.0571) (78 0.0551) (49 -0.055) (43 -0.0457) (97 0.045) (100 0.039) (105 -0.0372) (89 0.0368) (42 -0.0303) (60 0.0296) (75 -0.0288) (85 -0.0281) (91 0.0278) (96 0.0278) (123 -0.0261) (109 -0.0244) (66 0.0237) (156 0.0234) (90 0.0233) (54 0.0226) (119 0.022) (82 -0.0219) (73 -0.0209) (62 -0.0205) (101 -0.0174) (68 0.0165) (110 0.0164) (114 0.0163) (57 -0.0157) (115 -0.0155) (51 0.0149) (74 0.0147) (104 0.0147) (103 0.0146) (52 0.0141) (117 -0.0126) (59 -0.0117) (36 -0.0104) (46 -0.0103) (122 0.0102) (124 0.0101) 
   0.0045541   (156 0.999) (45 -0.0314) (44 -0.0121) 
   0.0046497   (45 0.737) (72 0.488) (44 0.276) (80 0.153) (79 -0.132) (81 0.118) (43 -0.104) (41 -0.101) (87 0.0923) (71 0.0905) (70 -0.0758) (83 -0.0635) (40 -0.0504) (48 0.0504) (42 -0.05) (90 0.0495) (113 0.0486) (109 0.048) (107 -0.0475) (98 0.0412) (85 0.0382) (78 -0.0379) (91 0.0367) (66 -0.0344) (62 0.0333) (110 -0.0288) (100 -0.0283) (49 -0.0273) (96 -0.0272) (36 -0.0272) (105 0.0269) (156 0.0261) (76 -0.0239) (50 -0.0236) (15 0.0233) (57 0.0223) (38 -0.0221) (46 -0.0218) (123 0.0204) (14 -0.0197) (117 0.0193) (75 0.018) (93 -0.0164) (114 -0.0163) (73 0.016) (115 0.0158) (86 -0.0145) (60 -0.0142) (34 -0.0136) (54 -0.0131) (124 -0.0126) (104 -0.0125) (120 -0.0125) (13 -0.0121) (12 -0.0118) (23 -0.0118) (122 -0.0115) (56 0.0115) (119 -0.0113) (59 0.0112) (102 0.0112) (101 0.0105) (89 -0.0102) (97 -0.0102) (19 0.0101) (68 -0.01) 
   0.0047143   (18 -0.96) (136 -0.246) (19 -0.109) (15 -0.0385) (17 -0.0287) (16 0.0255) (20 -0.0255) (23 -0.0233) (7 -0.0201) (25 0.0154) (36 0.0145) (14 -0.0139) (45 0.0119) (30 0.01) 
   0.0049661   (136 -0.969) (18 0.244) (19 0.0278) 
    0.005179   (7 1) (18 -0.0188) 
   0.0053399   (5 -1) 
   0.0053711   (30 -0.432) (34 -0.418) (32 -0.388) (135 0.33) (28 0.279) (31 -0.237) (25 0.234) (29 0.214) (14 0.21) (24 0.15) (36 -0.12) (11 0.107) (26 -0.0973) (33 0.0899) (37 0.0823) (13 0.0704) (17 -0.0668) (35 0.0632) (38 -0.0406) (27 0.0392) (16 -0.0378) (42 0.0376) (78 0.0342) (19 -0.0335) (21 0.0313) (20 -0.0283) (43 -0.0258) (40 -0.025) (47 0.022) (12 0.0219) (39 0.0139) (22 -0.0139) (48 0.0135) (15 -0.0103) (79 -0.0102) 
   0.0054768   (135 0.944) (30 0.151) (34 0.146) (32 0.136) (28 -0.0973) (31 0.0827) (25 -0.0818) (29 -0.0748) (14 -0.0735) (24 -0.0523) (36 0.0419) (11 -0.0376) (26 0.034) (33 -0.0314) (37 -0.0287) (13 -0.0246) (17 0.0233) (35 -0.0221) (38 0.0142) (27 -0.0137) (16 0.0132) (42 -0.0131) (19 0.0117) (78 -0.0117) (21 -0.0109) 
   0.0057202   (10 -0.738) (17 0.601) (16 -0.195) (14 0.168) (11 0.082) (25 -0.0674) (20 0.0647) (24 -0.0609) (13 0.0579) (15 -0.0362) (18 -0.0317) (19 0.0285) (21 -0.0269) (12 0.0217) (34 -0.0182) (26 0.013) (27 -0.0121) (78 0.0115) (28 -0.0112) 
   0.0058576   (145 0.999) (10 0.027) (17 0.0227) 
   0.0062879   (10 -0.674) (17 -0.664) (16 0.213) (14 -0.161) (11 -0.0793) (25 0.0768) (20 -0.0755) (24 0.0682) (13 -0.0519) (145 0.0368) (18 0.0343) (15 0.0332) (19 -0.0322) (21 0.031) (34 0.0204) (27 0.0163) (78 -0.0147) (30 0.0125) (26 -0.0122) (37 -0.012) (28 0.011) (42 -0.0108) 
   0.0065388   (12 0.643) (13 0.6) (41 0.306) (14 -0.302) (11 0.111) (42 0.11) (45 0.0631) (15 0.0477) (46 -0.044) (50 0.0419) (40 0.0348) (47 0.0311) (43 0.0247) (48 -0.0239) (38 0.0198) (34 0.0185) (44 0.0159) (29 0.0154) (31 0.0143) (16 0.0136) (60 -0.0119) (36 0.0113) (39 -0.0112) (20 0.011) (109 -0.0105) 
     0.00707   (143 -0.999) (41 0.0358) (42 0.0145) (12 -0.0114) (13 -0.0104) 
   0.0072938   (41 -0.817) (42 -0.332) (12 0.225) (13 0.204) (14 -0.169) (45 -0.148) (46 0.111) (40 -0.103) (50 -0.0834) (47 -0.082) (43 -0.0817) (34 -0.069) (38 -0.0588) (48 0.053) (143 -0.0445) (36 -0.044) (44 -0.0428) (29 -0.0414) (15 0.041) (19 0.0392) (39 0.0392) (35 0.0365) (32 -0.0302) (25 -0.0299) (74 0.0283) (31 -0.0281) (23 -0.0248) (60 0.0247) (17 0.0235) (59 0.0214) (16 0.0212) (109 0.019) (24 -0.0181) (28 -0.0179) (49 -0.0173) (52 0.0173) (56 0.0168) (80 0.0163) (81 -0.0149) (65 0.0147) (79 0.0139) (61 -0.0138) (55 -0.0133) (67 0.0131) (84 -0.0128) (75 0.0121) (33 0.0119) (66 -0.0112) (86 -0.0108) (68 0.0106) (21 -0.0103) (20 0.0101) 
   0.0077556   (12 0.673) (13 -0.645) (31 0.258) (29 0.174) (14 0.154) (32 -0.07) (30 0.0361) (37 -0.0262) (41 -0.0249) (35 0.0213) (34 -0.0205) (15 0.0197) (67 0.0171) (138 -0.0133) (33 -0.0132) (43 0.0111) (68 0.0104) 
   0.0085608   (138 -0.99) (31 0.103) (29 0.0683) (13 0.0419) (12 -0.041) (32 -0.025) (137 -0.0192) (30 0.0143) 

 Largest eigenvalues
      52.372   (162 -0.25) (164 0.956) 
      27.931   (14 -0.363) (32 -0.319) (34 -0.296) (78 -0.319) 
       22.92   (14 0.276) (78 -0.749) (79 0.242) 
      15.316   (107 0.295) (109 0.725) (110 -0.411) 
      4.5487   (96 -0.29) (119 -0.419) (123 0.537) (124 -0.373) 
      1.4541   (162 -0.968) (164 -0.247) 
      1.2234   (163 -0.998) 
      1.1469   (165 -0.996) 
      1.1415   (90 0.651) (91 -0.583) 
      1.1346   (101 0.759) (106 0.497) 
      1.1335   (101 0.351) (106 -0.78) 
     0.92449   (111 0.332) (115 -0.778) 
     0.90504   (104 0.821) (105 0.331) 
     0.86633   (99 -0.595) (100 -0.494) (103 -0.294) 
     0.86203   (111 -0.565) (112 0.345) 
     0.75926   (110 -0.415) (111 0.313) (115 0.321) (137 0.286) 
     0.67383   (109 0.305) (110 0.661) (111 0.293) 
     0.66931   (96 -0.761) (99 0.283) (110 0.217) 
     0.66345   (114 -0.495) (125 0.287) (126 0.48) (137 0.383) 
     0.60012   (111 -0.345) (112 -0.474) (114 0.523) 
     0.57732   (108 0.598) (112 0.344) (114 0.499) 
     0.57185   (108 -0.674) (112 0.394) 
     0.57082   (114 -0.335) (122 -0.44) (124 0.304) (127 0.287) (131 -0.303) (132 -0.373) 
     0.56833   (122 0.427) (124 -0.421) (125 -0.564) 
     0.55435   (118 0.331) (120 0.656) (121 -0.326) 
     0.53837   (117 -0.516) (118 -0.624) 
     0.49578   (116 0.42) (119 -0.444) (122 0.294) (123 -0.307) (127 -0.317) (132 -0.3) 
     0.48915   (116 -0.639) (126 0.303) (137 -0.302) 
     0.48474   (116 0.552) (122 -0.332) (126 0.391) (137 -0.35) 
     0.43438   (92 -0.966) 
     0.40267   (119 -0.361) (127 0.406) (137 -0.388) 
     0.32594   (94 -0.926) (103 0.218) 
     0.30404   (94 0.327) (103 0.694) (104 0.337) (105 -0.388) 
     0.30097   (102 -0.832) 
     0.27174   (98 -0.472) (113 0.319) (117 -0.272) 
     0.25371   (79 -0.343) (87 -0.654) 
     0.23366   (79 0.505) (98 0.557) 
     0.23029   (79 -0.501) (87 0.597) 
     0.21127   (98 -0.385) (107 0.402) (113 -0.578) 
     0.16741   (90 -0.572) (91 -0.588) (93 0.387) 
     0.15013   (91 0.314) (97 -0.546) (107 -0.404) 
     0.14154   (93 -0.623) (107 -0.36) 
     0.13208   (85 -0.796) (86 0.396) 
     0.12657   (88 -0.367) (89 -0.652) (93 0.343) (97 0.302) 
     0.11829   (72 -0.38) (81 0.475) (83 -0.393) 
     0.10981   (76 0.284) (77 0.334) (80 -0.326) 
     0.10856   (59 -0.317) (65 0.333) (69 -0.343) (76 -0.31) 
     0.10392   (58 0.544) (59 0.525) 
     0.09972   (58 -0.575) (65 -0.331) (69 0.29) 
    0.094451   (58 0.42) (59 -0.349) (65 0.267) (76 0.28) (97 -0.282) (107 0.258) 
     0.08884   (58 -0.362) (59 0.564) 
    0.079442   (59 -0.333) (64 -0.395) (65 -0.416) 
    0.075977   (64 0.762) (68 0.216) (69 0.211) (76 -0.212) (83 -0.217) 
    0.073814   (61 -0.58) (63 -0.391) (64 -0.286) (69 0.323) 
    0.073113   (61 0.644) (64 -0.251) (65 0.269) (69 0.245) 
    0.066855   (61 -0.279) (69 -0.26) (76 0.246) (118 0.262) (120 -0.285) 
    0.065081   (68 0.319) (74 -0.353) (77 0.321) 
    0.061262   (61 -0.232) (63 0.589) (68 -0.218) (76 -0.207) (80 -0.233) (81 0.238) (86 -0.263) 
    0.059028   (63 -0.551) (68 -0.288) (74 0.339) 
     0.05559   (63 0.277) (67 -0.295) (68 0.426) (70 -0.253) (71 0.276) (76 0.284) (77 -0.292) 
     0.05331   (67 0.433) (74 -0.388) (81 -0.348) 
    0.050284   (67 -0.55) (77 0.323) 
    0.047907   (67 0.539) (68 0.353) (74 0.288) 
    0.046338   (74 -0.28) (81 0.35) (83 0.295) 
    0.043905   (35 -0.869) (42 -0.284) (43 -0.241) 
    0.042171   (35 0.424) (42 -0.547) (43 -0.516) 
    0.041519   (75 0.461) (86 -0.264) (88 0.276) (121 0.333) 
    0.040463   (51 -0.568) (75 -0.418) 
    0.032358   (51 0.512) (75 -0.534) 
    0.031757   (26 -0.771) (28 -0.365) 
    0.029445   (26 0.452) (27 0.751) 
    0.027575   (27 -0.469) (33 -0.332) (44 0.283) (47 0.33) (88 -0.34) 
    0.026609   (26 -0.212) (33 0.813) (37 -0.209) (88 -0.264) 
    0.021758   (44 -0.351) (47 -0.428) (88 -0.381) 
    0.020813   (120 -0.305) (131 0.691) (132 -0.424) 
    0.020728   (128 -0.578) (160 -0.809) 
    0.019537   (128 -0.577) (160 0.311) (161 0.755) 
    0.018214   (128 -0.577) (160 0.498) (161 -0.647) 
    0.015522   (15 0.963) (16 -0.208) 
    0.015155   (140 0.997) 
