 1 1000
 2 537.591
 3 5.9721
 4 1000
 5 582.118
 6 58.1449
 7 999.957
 8 15.518
 9 980.035
 10 912.697
 11 3.88569
 12 737.239
 13 1000
 14 999.412
 15 0.814562
 16 1000
 17 999.093
 18 1.05169
 19 1000
 20 971.607
 21 25.8846
 22 1000
 23 994.556
 24 5.02226
 25 241.608
 26 267.043
 27 12.7337
 28 993.336
 29 298.073
 30 164.104
 31 528.692
 32 109.72
 33 695.263
 34 218.285
 35 180.714
 36 271.819
 37 989.538
 38 998.166
 39 3.27753
 40 596.569
 41 974.38
 42 1.77142
 43 483.683
 44 873.738
 45 15.6408
 46 998.251
 47 635.545
 48 366.551
 49 966.06
 50 175.487
 51 254.162
 52 200.974
 53 968.269
 54 271.541
 55 112.838
 56 248.046
 57 943.46
 58 77.9559
 59 115.266
 60 168.068
 61 29.4143
 62 1.80424
 63 200.104
 64 408.753
 65 1.76146
 66 412.819
 67 936.109
 68 66.0461
 69 999.748
 70 1000
 71 992.309
 72 7.42094
 73 999.758
 74 8.98589
 75 992.196
 76 988.935
 77 4.82557
 78 780.403
 79 999.304
 80 28.1408
 81 970.038
 82 993.259
 83 317.204
 84 2.57893
 85 134.159
 86 2.69092
 87 967.622
 88 1.70361
 89 1.63452
 90 1.86841
 91 8.98579
 92 452.621
 93 826.363
 94 700.868
 95 903.148
 96 945.795
 97 370.797
 98 328.429
 99 141.095
 100 916.117
 101 971.664
 102 124.492
 103 159.149
 104 149.568
 105 145.079
 106 167.682
 107 173.045
 108 177.8
 109 133.933
 110 99.2148
 111 193.832
 112 206.238
 113 191.068
 114 174.805
 115 190.397
 116 150.224
 117 182.55
 118 203.224
 119 160.836
 120 93.5082
 121 127.859
 122 49.7608
 123 61.1685
 124 39.0175
 125 30.215
 126 50.4959
 127 27.3985
 128 98.2783
 129 67.2553
 130 63.6529
 131 19.7337
 132 20.7674
 133 23.2026
 134 36.372
 135 8.78106
 136 47.8887
 137 10.0333
 138 9.11299
 139 8.96988
 140 10.5197
 141 11.0524
 142 8.54503
 143 9.10826
 144 14.8266
 145 14.7096
 146 12.2859
 147 9.91841
 148 25.0647
 149 16.6102
 150 12.0969
 151 13.4387
 152 23.2308
 153 21.929
 154 14.234
 155 19.644
 156 23.7958
 157 46.6384
 158 0.152127
 159 0.109147
 160 0.164898
 161 3.69755
 162 23.7985
 163 165.028
 164 254.759
 165 6.01511
