 1 59256.5
 2 571.272
 3 6.29444
 4 243779
 5 608.188
 6 60.7132
 7 624231
 8 76.7136
 9 5080.03
 10 2731.56
 11 6.48498
 12 1361.13
 13 828711
 14 8471.15
 15 0.816065
 16 621383
 17 5039.08
 18 1.93715
 19 145196
 20 2685.37
 21 69.7829
 22 256180
 23 3926.54
 24 17.189
 25 258.644
 26 313.153
 27 14.8982
 28 3443.4
 29 342.3
 30 187.207
 31 530.739
 32 113.535
 33 720.995
 34 225.199
 35 190.704
 36 288.163
 37 1537.74
 38 3071.57
 39 6.76304
 40 943.035
 41 4841.23
 42 2.08403
 43 644.681
 44 1474.44
 45 25.7773
 46 10514.6
 47 1787.51
 48 889.69
 49 1982.67
 50 178.483
 51 286.277
 52 230.392
 53 2955.2
 54 295.614
 55 137.399
 56 308.131
 57 1228.14
 58 79.6794
 59 124.74
 60 183.913
 61 29.4456
 62 1.8045
 63 200.908
 64 414.587
 65 1.76638
 66 415.085
 67 3277.41
 68 236.382
 69 102912
 70 322810
 71 3145.34
 72 19.5847
 73 22041.8
 74 79.1693
 75 10048.7
 76 10622.9
 77 7.04152
 78 1261.95
 79 11388.5
 80 72.665
 81 2278.05
 82 2162.03
 83 342.435
 84 2.70916
 85 169.141
 86 3.03292
 87 2002.88
 88 1.7037
 89 1.63453
 90 1.86855
 91 9.79956
 92 532.423
 93 1714.09
 94 1396.95
 95 2288.23
 96 2362.02
 97 392.3
 98 344.607
 99 144.033
 100 1136.74
 101 1630.09
 102 128.647
 103 162.498
 104 151.516
 105 146.062
 106 168.49
 107 173.896
 108 178.688
 109 134.94
 110 101.123
 111 194.764
 112 207.328
 113 191.883
 114 175.274
 115 190.941
 116 151.073
 117 183.013
 118 203.704
 119 161.662
 120 95.2052
 121 128.545
 122 50.5787
 123 64.3455
 124 39.8283
 125 30.8621
 126 50.8967
 127 28.9379
 128 100.073
 129 68.2709
 130 64.7201
 131 20.045
 132 21.0342
 133 23.5475
 134 37.1276
 135 9.06045
 136 48.2268
 137 10.2768
 138 9.38859
 139 9.23758
 140 10.8503
 141 11.6708
 142 8.8984
 143 9.43208
 144 15.1153
 145 15.0039
 146 12.6169
 147 10.2629
 148 25.4201
 149 17.0254
 150 12.401
 151 13.7616
 152 23.6588
 153 22.5848
 154 14.587
 155 19.9172
 156 24.0511
 157 46.9278
 158 0.185003
 159 0.112856
 160 0.176995
 161 3.86053
 162 24.9934
 163 191.506
 164 259.837
 165 6.42698
