 1 31.6228
 2 22.9234
 3 1.17683
 4 31.6228
 5 23.0244
 6 3.24686
 7 31.6219
 8 1.43471
 9 31.0655
 10 30.0664
 11 1.0533
 12 26.8978
 13 31.6228
 14 31.6114
 15 0.902427
 16 31.6228
 17 31.6022
 18 0.919425
 19 31.6228
 20 30.7922
 21 1.77547
 22 31.6228
 23 31.4684
 24 1.07498
 25 15.1703
 26 15.4418
 27 1.66666
 28 31.4934
 29 14.1344
 30 8.30579
 31 22.5204
 32 4.72289
 33 24.3464
 34 14.5912
 35 9.13055
 36 13.1551
 37 31.4375
 38 31.5712
 39 1.36913
 40 24.1593
 41 31.1564
 42 1.29545
 43 21.4404
 44 29.0317
 45 1.83704
 46 31.5748
 47 20.7196
 48 12.6545
 49 30.9555
 50 12.8029
 51 12.9609
 52 10.5383
 53 30.9781
 54 16.3406
 55 7.01795
 56 13.4
 57 30.3838
 58 8.28514
 59 8.11631
 60 10.5705
 61 4.86942
 62 1.3295
 63 13.8399
 64 18.7731
 65 0.972128
 66 19.0485
 67 29.6978
 68 3.45095
 69 31.6156
 70 31.6228
 71 31.4106
 72 1.52173
 73 31.6175
 74 1.58015
 75 31.3922
 76 31.4303
 77 1.44346
 78 27.8045
 79 31.6068
 80 2.23525
 81 30.7499
 82 31.4817
 83 17.2218
 84 1.37047
 85 10.8918
 86 1.4136
 87 30.8526
 88 1.09342
 89 1.04008
 90 1.22098
 91 2.45473
 92 18.7041
 93 27.294
 94 24.5216
 95 29.3422
 96 30.3299
 97 17.7031
 98 16.2413
 99 9.45172
 100 29.5475
 101 30.9071
 102 10.0885
 103 11.8709
 104 11.4487
 105 11.3908
 106 12.5073
 107 12.626
 108 12.7616
 109 10.6351
 110 8.44286
 111 13.2697
 112 14.0355
 113 13.4297
 114 12.6679
 115 13.0202
 116 11.0564
 117 12.6435
 118 13.5799
 119 11.9242
 120 8.87436
 121 10.8432
 122 6.82414
 123 7.66456
 124 5.69487
 125 5.19854
 126 6.80039
 127 4.58405
 128 9.29226
 129 7.29942
 130 7.38598
 131 4.04389
 132 4.44319
 133 4.6758
 134 5.92718
 135 2.68611
 136 6.84712
 137 2.9486
 138 2.83812
 139 2.82413
 140 3.10668
 141 3.06258
 142 2.65175
 143 2.79673
 144 3.71102
 145 3.71604
 146 3.34087
 147 2.92626
 148 4.91282
 149 3.92753
 150 3.28499
 151 3.46436
 152 4.7151
 153 4.57082
 154 3.64304
 155 4.3433
 156 4.77079
 157 6.74765
 158 0.147326
 159 0.254352
 160 0.270974
 161 1.41501
 162 4.4514
 163 11.7483
 164 15.427
 165 0.872561
