 Smallest eigenvalues
  1.2067e-06   (9 1) 
  1.5933e-06   (47 -0.556) (48 0.553) (49 0.439) (43 -0.271) (41 0.126) (51 -0.115) (39 -0.102) (154 -0.0962) (56 -0.0953) (40 0.0936) (53 0.0755) (55 -0.0694) (82 0.0692) (50 -0.0675) (32 0.0629) (42 -0.0552) (60 -0.0522) (52 -0.042) (15 -0.041) (58 0.0406) (69 0.0386) (44 -0.0376) (14 0.0369) (22 0.032) (81 -0.0316) (37 0.0287) (54 -0.0285) (19 -0.0273) (77 0.0261) (17 -0.0256) (28 -0.0247) (84 0.0246) (78 0.0244) (36 -0.0218) (29 0.0216) (31 -0.0202) (26 0.0193) (46 0.0189) (72 0.0188) (76 0.0188) (35 -0.018) (67 -0.0169) (79 -0.0167) (23 -0.0162) (88 0.0153) (61 -0.0139) (25 -0.0119) (75 0.0112) (85 -0.0108) (66 -0.0102) 
  1.6093e-06   (154 -0.995) (47 0.0538) (48 -0.0534) (49 -0.0424) (43 0.0263) (41 -0.0122) (51 0.011) 
  3.0978e-06   (6 1) 
  3.9035e-06   (46 0.724) (43 -0.456) (150 -0.299) (48 -0.245) (47 0.178) (42 -0.133) (41 0.12) (40 0.108) (39 -0.0771) (45 -0.076) (56 -0.0662) (49 0.063) (32 0.0622) (82 0.0546) (55 -0.037) (15 -0.035) (14 0.032) (50 0.0296) (69 0.0287) (28 -0.0276) (19 -0.0263) (53 0.0261) (37 0.0259) (22 0.0254) (60 -0.0243) (44 0.024) (81 -0.0236) (54 -0.0235) (17 -0.0214) (35 -0.0207) (36 -0.019) (84 0.0185) (31 -0.0182) (51 0.0174) (79 -0.0172) (78 0.0169) (58 0.0167) (23 -0.0136) (27 -0.0117) (66 -0.0112) (26 0.011) (30 -0.0105) (63 0.0102) (88 0.0102) 
  4.1021e-06   (150 -0.954) (46 -0.227) (43 0.143) (48 0.0768) (47 -0.0556) (42 0.0417) (41 -0.0376) (40 -0.0337) (39 0.0242) (45 0.0238) (56 0.0206) (49 -0.0197) (32 -0.0195) (82 -0.0168) (55 0.0115) (15 0.011) (14 -0.01) 
  6.8872e-06   (2 -0.997) (35 -0.0529) (32 0.0322) (36 0.032) (34 0.0111) (28 -0.0101) 
  9.7133e-06   (153 -0.993) (35 -0.0871) (32 0.0537) (36 0.0523) (34 0.0173) (28 -0.0154) (31 -0.0138) (39 0.0106) 
  1.6876e-05   (35 0.714) (32 -0.44) (36 -0.429) (34 -0.142) (28 0.126) (153 -0.121) (31 0.113) (39 -0.0868) (43 -0.0732) (2 -0.0728) (30 0.0648) (40 0.0622) (19 0.0562) (17 0.0493) (15 0.0466) (22 -0.0415) (33 -0.0408) (82 -0.0381) (14 -0.0364) (26 -0.0339) (48 0.0304) (27 0.0302) (24 -0.0273) (23 0.0265) (45 -0.0218) (81 0.0176) (46 0.0164) (41 0.0155) (69 -0.0149) (49 -0.0133) (42 -0.0124) (74 -0.0122) (16 0.0121) (54 0.0112) (51 -0.011) (29 0.0109) (55 0.0101) 
  3.5403e-05   (19 0.563) (22 0.448) (21 0.375) (45 -0.363) (46 -0.227) (20 -0.225) (43 -0.166) (25 0.112) (41 0.104) (47 0.0968) (26 0.0958) (17 0.0724) (40 0.0715) (34 0.0542) (48 -0.0524) (23 0.0514) (44 -0.0474) (32 0.0446) (24 0.0424) (56 -0.0346) (29 0.0333) (72 0.0331) (39 -0.0321) (27 -0.0314) (55 -0.0313) (15 0.029) (78 0.0246) (33 0.0239) (51 0.0222) (35 -0.0222) (30 -0.0214) (31 0.0201) (67 -0.0182) (82 0.0178) (52 0.0167) (62 -0.0154) (50 0.0154) (73 -0.0153) (61 -0.0151) (81 -0.0136) (42 -0.0125) (49 0.0123) (65 0.0117) (36 -0.0113) (18 0.0106) (71 -0.0105) (53 0.0105) 
  8.3666e-05   (156 0.998) (45 -0.0394) (46 -0.0257) (19 -0.0224) (43 -0.0176) (22 -0.0152) (21 -0.0139) (47 0.0111) 
  8.7999e-05   (45 0.623) (46 0.407) (19 0.346) (43 0.278) (22 0.235) (21 0.216) (47 -0.175) (41 -0.143) (39 0.139) (20 -0.126) (48 0.11) (44 0.0841) (40 -0.0675) (156 0.0634) (17 0.06) (82 -0.0496) (23 0.0452) (55 0.0436) (42 0.0431) (15 0.042) (72 -0.0394) (25 0.0374) (32 -0.0359) (49 -0.0352) (56 0.0339) (54 0.0324) (26 0.0311) (60 0.0272) (78 -0.0271) (81 0.0269) (53 -0.0269) (14 -0.0261) (52 -0.0232) (34 0.0229) (51 -0.0221) (28 0.0213) (67 0.0212) (69 -0.0177) (29 0.0173) (37 -0.0173) (62 0.0164) (24 0.0162) (58 -0.0161) (63 -0.0154) (84 -0.0147) (75 -0.0142) (80 -0.0141) (65 -0.0138) (18 0.0136) (73 0.0127) (76 0.0123) (61 0.0119) (88 -0.0118) (33 0.011) (71 0.011) 
  9.0029e-05   (1 -1) 
  0.00011323   (14 0.95) (15 0.27) (16 0.075) (17 0.0667) (22 -0.0603) (19 0.0489) (13 0.0393) (32 -0.0378) (23 0.03) (18 -0.0251) (43 0.0248) (11 0.0198) (40 -0.0185) (41 -0.018) (24 -0.0179) (36 0.016) (12 0.0159) (26 -0.0141) (28 0.0135) (42 0.0125) (25 0.0114) (56 -0.0113) (29 -0.0112) (37 -0.011) (45 -0.0103) 
  0.00018456   (159 1) 
  0.00020403   (3 1) 
  0.00025153   (16 -0.812) (15 -0.488) (17 0.202) (14 0.167) (19 0.0925) (22 -0.0891) (18 -0.065) (23 0.056) (32 -0.0505) (24 -0.033) (43 0.028) (25 0.0269) (27 0.0258) (26 -0.0178) (31 0.0166) (40 -0.0164) (13 0.0161) (42 0.0155) (36 0.0152) (29 -0.0151) (158 0.0148) (20 0.0148) (39 0.0131) (28 0.0125) 
  0.00025724   (158 1) (16 0.012) 
  0.00028585   (7 1) 
  0.00028664   (26 0.579) (27 -0.548) (25 -0.527) (152 -0.158) (31 0.101) (23 -0.0969) (22 0.0882) (28 0.0778) (32 -0.0656) (47 0.0632) (17 -0.0621) (19 -0.0579) (15 -0.0523) (14 0.0471) (16 -0.0347) (33 -0.0319) (29 -0.0248) (48 0.0232) (43 0.0211) (39 0.0206) (40 -0.0205) (45 0.0184) (41 -0.0183) (82 0.0158) (49 0.0144) (74 -0.0144) (34 0.0143) (56 -0.0129) (50 -0.0123) (35 0.0104) 
  0.00028741   (152 -0.987) (26 -0.0927) (27 0.0878) (25 0.0843) (31 -0.0161) (23 0.0155) (22 -0.0141) (28 -0.0124) (32 0.0105) (47 -0.0101) 
  0.00029677   (5 1) 
   0.0003244   (18 0.783) (17 -0.561) (22 -0.127) (19 0.112) (15 -0.109) (16 -0.0865) (14 0.0799) (25 0.0672) (155 -0.0643) (21 0.0549) (32 -0.0349) (23 0.0309) (24 0.029) (43 0.0219) (31 0.0206) (47 0.018) (36 -0.0158) (56 -0.0152) (82 0.0152) (39 0.0141) (73 0.0111) (33 -0.0104) (50 -0.0103) (34 0.01) 
   0.0003272   (155 -0.998) (18 -0.0504) (17 0.0361) 
  0.00034217   (75 0.54) (73 0.425) (60 0.386) (70 0.292) (56 0.23) (55 -0.207) (66 -0.192) (58 -0.179) (54 -0.136) (45 0.117) (50 -0.108) (53 0.092) (74 0.0893) (43 -0.089) (41 0.0851) (52 0.0775) (82 -0.0774) (72 0.0753) (46 -0.0625) (51 0.0546) (67 0.0491) (49 -0.0432) (36 -0.04) (37 0.0396) (61 -0.0388) (42 -0.0371) (63 -0.0352) (71 0.0348) (59 0.0336) (28 -0.0311) (22 0.0304) (15 -0.0299) (40 0.0297) (32 0.0284) (76 -0.0278) (81 0.0273) (19 -0.0246) (38 -0.0244) (121 -0.0234) (14 0.023) (79 0.022) (122 0.0218) (31 -0.0206) (88 0.0186) (62 0.0171) (68 0.017) (77 0.0164) (91 -0.0157) (101 -0.0153) (125 -0.0152) (151 0.015) (108 -0.0149) (29 0.0139) (47 0.0135) (104 -0.013) (97 -0.0124) (98 0.0124) (89 -0.0118) (39 -0.0117) (123 -0.0114) 
  0.00036566   (75 -0.5) (73 -0.438) (60 0.365) (66 -0.25) (56 0.245) (58 -0.235) (151 0.199) (49 -0.145) (43 -0.141) (45 0.139) (70 0.136) (55 -0.135) (54 -0.13) (40 0.103) (52 0.0939) (41 0.092) (74 -0.0908) (46 -0.0753) (67 0.0662) (42 -0.0661) (32 0.0587) (53 0.0572) (48 0.0559) (36 -0.0555) (72 -0.0528) (15 -0.0503) (37 0.0475) (14 0.0431) (22 0.0425) (28 -0.042) (19 -0.039) (51 0.0381) (63 -0.0349) (39 -0.0345) (119 -0.0323) (61 -0.0322) (31 -0.0287) (120 0.027) (78 -0.0267) (29 0.0253) (84 0.0237) (50 -0.0219) (38 -0.0211) (44 -0.0209) (17 -0.0206) (124 0.0202) (126 -0.0197) (69 -0.0179) (71 -0.0171) (62 0.0164) (76 0.0155) (88 0.0151) (137 -0.0128) (130 0.0128) (123 -0.0125) (59 0.0116) (79 0.0113) (89 -0.0108) (97 -0.0107) (65 0.0106) (104 -0.0105) (18 0.0101) (64 -0.01) 
  0.00038448   (151 0.98) (75 0.0933) (73 0.0823) (60 -0.0802) (66 0.0535) (56 -0.0534) (58 0.0506) (70 -0.0319) (55 0.0308) (45 -0.0306) (43 0.0304) (49 0.0304) (54 0.0287) (40 -0.0218) (52 -0.0205) (41 -0.0204) (74 0.0171) (46 0.0165) (42 0.0142) (67 -0.0142) (53 -0.0132) (32 -0.0126) (36 0.0121) (48 -0.0114) (15 0.0109) (37 -0.0105) 
  0.00045904   (21 0.769) (19 -0.43) (20 -0.364) (22 -0.27) (52 -0.0576) (18 -0.0518) (49 -0.0498) (24 -0.0496) (51 0.047) (53 -0.0315) (54 0.0222) (16 -0.022) (56 -0.0208) (23 -0.0189) (48 0.0179) (45 0.0176) (40 0.0175) (43 -0.0143) (17 -0.014) (50 -0.0139) (14 0.0133) (15 -0.012) (46 -0.0111) 
  0.00047784   (148 -0.595) (52 -0.408) (51 0.352) (49 -0.345) (53 -0.234) (54 0.171) (43 -0.162) (50 -0.161) (48 0.13) (45 0.122) (56 -0.11) (40 0.088) (41 0.088) (21 -0.0735) (42 -0.0688) (46 -0.0685) (60 -0.0629) (22 0.0535) (32 0.0525) (36 -0.0409) (15 -0.0376) (28 -0.0337) (58 0.0323) (20 0.0321) (14 0.0311) (39 -0.0308) (37 0.0303) (73 0.0294) (47 -0.0275) (44 -0.0259) (75 0.0257) (31 -0.024) (82 0.0213) (69 0.0187) (29 0.0148) (38 -0.0129) (17 -0.0124) (119 -0.0117) (120 0.0116) (35 -0.0112) (59 -0.0109) (84 0.0109) (81 -0.0102) 
  0.00048193   (148 -0.803) (52 0.302) (51 -0.261) (49 0.256) (53 0.174) (54 -0.127) (43 0.12) (50 0.119) (48 -0.0965) (45 -0.0903) (56 0.0815) (40 -0.0654) (41 -0.0653) (21 0.0513) (42 0.0511) (46 0.0508) (60 0.0466) (32 -0.0389) (22 -0.0386) (36 0.0304) (15 0.028) (28 0.025) (58 -0.0239) (14 -0.0231) (39 0.0228) (37 -0.0225) (20 -0.0223) (73 -0.0218) (47 0.0204) (44 0.0192) (75 -0.0191) (31 0.0178) (82 -0.0157) (69 -0.0139) (29 -0.011) 
  0.00050401   (52 0.519) (53 -0.446) (40 -0.401) (50 -0.311) (51 -0.269) (41 0.231) (49 -0.22) (43 -0.191) (56 -0.129) (55 0.111) (42 -0.0864) (45 0.0791) (54 0.0722) (48 0.0663) (60 -0.0476) (39 0.0453) (46 -0.0337) (44 -0.0269) (69 0.0245) (37 0.0216) (149 -0.021) (38 -0.0199) (47 -0.0173) (82 0.0165) (70 0.016) (59 -0.0158) (58 0.015) (73 0.0138) (22 0.0105) (81 -0.0102) 
   0.0005286   (149 -0.932) (40 0.296) (52 0.105) (41 -0.0973) (53 -0.0813) (50 -0.0783) (43 0.0483) (39 -0.0407) (51 -0.0353) (56 -0.0301) (32 0.027) (42 0.0268) (55 0.0189) (28 -0.0174) (36 -0.0173) (82 0.0141) (73 0.013) (15 -0.0127) (31 -0.0124) (22 0.0117) (60 -0.0113) (19 -0.0108) (45 0.0107) 
  0.00054502   (40 -0.739) (149 -0.362) (52 -0.3) (41 0.237) (53 0.235) (50 0.22) (43 -0.113) (51 0.107) (39 0.102) (56 0.0851) (32 -0.0692) (42 -0.064) (55 -0.0551) (28 0.0452) (36 0.0449) (82 -0.0375) (73 -0.0344) (15 0.0333) (31 0.0322) (45 -0.0322) (60 0.0317) (22 -0.0309) (49 0.0303) (19 0.0281) (54 -0.0267) (69 -0.0264) (75 -0.0255) (14 -0.024) (47 -0.0201) (48 0.0182) (81 0.017) (44 -0.0167) (35 0.0133) (21 0.0123) (46 0.0123) (38 -0.0115) (18 0.0113) (37 -0.01) 
  0.00055412   (70 -0.898) (56 0.189) (50 -0.151) (60 0.146) (55 -0.136) (75 0.134) (72 -0.114) (69 -0.105) (58 -0.0933) (51 0.0911) (54 -0.0717) (45 0.0601) (41 0.0564) (49 0.0511) (52 0.0508) (43 -0.0424) (76 -0.0375) (147 -0.0359) (71 0.031) (82 -0.0295) (46 -0.0283) (66 0.0274) (67 -0.0272) (77 0.0263) (37 0.0253) (48 -0.0245) (68 -0.0228) (36 -0.0227) (42 -0.0222) (84 0.0214) (28 -0.0208) (22 0.0206) (123 -0.0196) (59 0.0195) (32 0.0183) (15 -0.0182) (74 -0.0173) (47 0.017) (19 -0.0161) (38 -0.0156) (88 0.0155) (121 -0.0151) (90 0.0144) (78 -0.0143) (31 -0.0135) (124 0.0134) (126 -0.0133) (14 0.0131) (96 -0.0106) (125 -0.0103) 
  0.00057343   (147 -0.776) (49 -0.347) (50 0.336) (51 -0.258) (53 0.179) (48 0.109) (43 -0.0995) (40 0.0903) (70 -0.0732) (45 0.0677) (73 0.0534) (75 0.0502) (58 0.049) (46 -0.0395) (52 0.0359) (54 0.0353) (42 -0.0338) (56 -0.0331) (32 0.0329) (41 0.0328) (60 -0.0327) (82 0.0294) (66 0.0275) (15 -0.0248) (47 -0.0248) (44 -0.0244) (39 -0.0243) (28 -0.0211) (36 -0.0207) (22 0.0196) (19 -0.019) (55 0.0181) (37 0.0174) (14 0.0173) (31 -0.0141) (67 -0.0123) (119 -0.0121) (81 -0.0117) (17 -0.0102) (29 0.0102) 
  0.00059008   (147 -0.63) (49 0.425) (50 -0.405) (51 0.313) (53 -0.221) (70 0.142) (48 -0.133) (43 0.125) (40 -0.111) (45 -0.0872) (75 -0.0695) (73 -0.0655) (58 -0.0549) (46 0.0505) (52 -0.0474) (41 -0.044) (42 0.043) (32 -0.0418) (54 -0.0393) (66 -0.0356) (82 -0.0348) (60 0.0318) (15 0.0318) (44 0.0303) (39 0.0303) (56 0.0297) (47 0.0295) (28 0.0273) (36 0.027) (22 -0.0255) (19 0.0244) (37 -0.0231) (14 -0.0222) (31 0.0182) (67 0.0167) (119 0.0148) (81 0.0143) (55 -0.0142) (29 -0.0131) (17 0.0126) 
   0.0007596   (38 -0.772) (37 0.475) (22 0.242) (19 -0.162) (41 -0.14) (24 -0.136) (45 -0.0895) (36 -0.0866) (15 -0.0782) (43 0.0757) (40 -0.0741) (23 0.0716) (42 0.0542) (14 0.0474) (46 0.0428) (17 -0.0407) (39 0.0346) (25 0.0274) (50 0.0248) (31 -0.0242) (26 -0.023) (28 -0.0223) (54 0.0207) (53 -0.0198) (32 0.0194) (55 0.0194) (35 0.0188) (52 -0.0164) (18 0.0155) (49 0.0154) (60 -0.0128) (56 -0.0125) (27 0.0122) (21 -0.0115) (51 -0.0112) (20 -0.0109) 
  0.00078659   (22 0.613) (24 -0.447) (19 -0.402) (38 0.27) (37 -0.193) (23 0.179) (28 0.145) (15 -0.14) (32 -0.125) (17 -0.113) (36 0.11) (26 -0.0826) (31 0.0766) (25 0.0754) (14 0.0752) (29 -0.0635) (18 0.0491) (21 -0.0455) (144 0.0384) (27 0.0356) (30 0.0299) (40 -0.0233) (43 0.0189) (20 -0.0183) (49 0.0126) (16 0.0103) 
  0.00097804   (144 0.999) (22 -0.0254) (137 -0.0252) (24 0.0182) (19 0.0167) (143 -0.0131) 
   0.0010468   (45 0.48) (49 0.418) (48 -0.359) (46 -0.343) (50 0.24) (15 -0.225) (43 -0.2) (41 0.175) (54 0.156) (53 -0.153) (16 0.139) (42 -0.131) (51 -0.127) (47 0.124) (55 0.103) (52 -0.102) (40 0.0787) (14 0.0697) (36 -0.0582) (60 -0.057) (37 0.0542) (56 -0.0449) (38 -0.0392) (82 -0.0375) (28 -0.0351) (32 0.0321) (69 -0.0265) (39 -0.0252) (31 -0.0245) (17 0.0214) (44 -0.0207) (81 0.0181) (70 0.0172) (29 0.016) (78 -0.0148) (59 -0.0137) (58 0.0137) (79 0.0136) (75 0.0113) 
   0.0011438   (15 -0.738) (16 0.547) (22 -0.155) (45 -0.142) (19 0.142) (14 0.127) (17 0.115) (46 0.0945) (49 -0.0911) (48 0.0822) (43 0.0759) (41 -0.0699) (32 -0.0595) (28 0.0585) (36 0.0556) (50 -0.0539) (40 -0.0474) (42 0.046) (31 0.0347) (53 0.032) (54 -0.0316) (37 -0.0307) (47 -0.0296) (29 -0.0292) (21 0.0284) (51 0.0256) (18 -0.0245) (38 0.0213) (52 0.0204) (55 -0.0202) (39 0.0168) (24 -0.0129) (12 0.0128) (13 0.0127) (26 -0.0103) (30 0.0101) 
   0.0012577   (145 -0.999) (137 -0.0296) 
   0.0013692   (53 0.607) (54 0.39) (36 -0.34) (50 -0.303) (55 0.279) (52 0.241) (51 0.212) (32 0.167) (28 -0.0889) (45 0.0793) (56 -0.0777) (31 -0.0752) (60 -0.0708) (37 -0.057) (22 0.0569) (40 -0.0559) (15 -0.0523) (46 -0.0471) (19 -0.0461) (29 0.0411) (48 -0.0397) (35 -0.0396) (14 0.0341) (82 -0.0324) (69 -0.032) (30 -0.03) (47 0.0277) (34 0.0253) (71 -0.025) (38 0.0227) (136 -0.0218) (39 0.0209) (58 0.0199) (73 -0.019) (41 0.0185) (59 -0.0173) (43 -0.0163) (66 -0.0144) (121 -0.0127) (81 0.0119) (79 0.011) 
   0.0014776   (36 -0.707) (32 0.344) (53 -0.272) (37 -0.198) (50 0.157) (40 -0.149) (28 -0.147) (54 -0.146) (31 -0.136) (41 -0.132) (45 -0.12) (43 0.118) (136 -0.117) (52 -0.114) (51 -0.105) (38 0.104) (55 -0.102) (35 -0.1) (22 0.0787) (15 -0.0708) (29 0.0691) (19 -0.0667) (42 0.0645) (34 0.0571) (39 0.0565) (46 0.0556) (30 -0.0556) (14 0.0473) (49 0.0353) (56 0.0244) (60 0.0226) (17 -0.0225) (26 0.021) (33 0.0196) (82 0.0148) (27 -0.0134) (21 -0.013) (73 0.0128) (47 -0.0122) (44 0.0107) (25 -0.0106) 
   0.0015312   (136 -0.989) (36 0.0913) (137 0.088) (32 -0.0445) (37 0.0246) (28 0.0194) (53 0.0191) (40 0.0188) (31 0.0178) (41 0.0151) (43 -0.0134) (35 0.0127) (38 -0.0127) (45 0.0123) (50 -0.0119) (22 -0.0107) 
   0.0016519   (12 0.95) (35 0.196) (32 0.166) (36 0.101) (13 0.0922) (29 0.0646) (34 0.0609) (133 0.0352) (31 -0.024) (28 -0.0221) (37 -0.0167) (40 -0.0161) (43 0.0156) (14 -0.0136) (30 -0.0135) (41 -0.0129) (71 0.0124) (39 0.0106) (18 0.0103) 
   0.0017962   (133 0.603) (35 0.495) (32 0.434) (12 -0.253) (36 0.251) (34 0.155) (29 0.153) (31 -0.0712) (28 -0.0683) (40 -0.044) (15 -0.0423) (37 -0.0413) (43 0.0404) (19 -0.037) (14 0.0368) (22 0.0357) (39 0.0287) (17 -0.0275) (41 -0.0253) (33 -0.0225) (13 -0.0219) (23 -0.021) (44 0.019) (20 -0.0154) (27 -0.0153) (26 0.0148) (30 -0.014) (51 -0.0137) (48 -0.0135) (24 0.0121) (21 -0.0112) (52 -0.0112) (45 -0.0108) (38 0.0106) 
   0.0019706   (133 0.797) (35 -0.384) (32 -0.336) (36 -0.195) (12 0.15) (34 -0.12) (29 -0.119) (31 0.055) (28 0.0528) (40 0.034) (15 0.032) (37 0.032) (43 -0.0313) (19 0.0281) (22 -0.0275) (14 -0.0273) (39 -0.0222) (17 0.0212) (41 0.0197) (33 0.0175) (23 0.0162) (44 -0.0146) (13 0.0125) (27 0.0118) (20 0.0117) (26 -0.0114) (30 0.0112) (51 0.0105) (48 0.0104) 
   0.0021478   (29 0.918) (30 0.184) (51 -0.148) (32 -0.144) (35 -0.14) (50 -0.117) (31 0.109) (52 -0.106) (34 -0.101) (48 -0.0542) (53 0.0323) (75 -0.0281) (19 -0.0281) (37 -0.0259) (72 0.0252) (33 -0.0232) (41 -0.023) (73 0.0228) (28 -0.0228) (129 -0.0226) (36 0.0218) (39 -0.0215) (45 -0.0214) (60 0.0183) (43 0.0177) (21 -0.0165) (49 -0.0151) (55 -0.0147) (54 0.0146) (15 -0.0145) (76 0.0111) (61 -0.0108) (23 0.0106) (22 0.0104) 
   0.0023951   (73 0.527) (75 -0.48) (72 0.473) (129 -0.259) (77 -0.235) (67 -0.158) (68 0.158) (82 -0.119) (74 -0.103) (70 -0.0994) (66 0.0986) (56 0.0761) (69 0.0706) (54 -0.0634) (60 0.0529) (39 -0.0506) (83 -0.0489) (61 -0.0485) (51 0.0476) (78 -0.047) (58 0.0417) (29 -0.0386) (79 -0.0381) (62 -0.0379) (45 0.0366) (81 0.0362) (71 0.0355) (85 -0.0336) (65 0.0306) (106 -0.0298) (86 0.0273) (52 0.0252) (64 0.0247) (108 0.0225) (32 0.0211) (55 0.0204) (80 -0.0201) (59 0.0201) (41 0.0198) (50 -0.0193) (53 0.0169) (47 0.0169) (63 -0.0163) (49 0.0147) (89 -0.0141) (43 -0.0136) (93 -0.0132) (121 0.0125) (100 -0.0122) (37 0.0117) (46 -0.0113) (48 0.0112) 
    0.002475   (129 -0.63) (51 0.472) (50 0.363) (52 0.345) (29 0.161) (75 0.124) (48 0.123) (53 -0.117) (72 -0.115) (60 -0.0913) (73 -0.0906) (54 -0.0625) (55 0.0571) (39 -0.0547) (42 0.0401) (68 -0.0364) (77 0.0345) (49 0.0344) (56 0.031) (63 0.0303) (61 0.03) (30 0.0297) (43 -0.0296) (45 0.0293) (70 0.0288) (58 0.0288) (74 0.0238) (33 -0.021) (34 -0.0206) (84 -0.0198) (80 0.0191) (82 0.0182) (78 0.0179) (31 0.0163) (88 0.0148) (132 0.0146) (19 -0.0136) (76 -0.0133) (90 -0.0129) (123 0.0125) (120 -0.012) (119 0.0117) (79 0.011) (126 0.0105) (15 -0.0103) (85 -0.0102) (101 0.0101) (66 -0.0101) 
   0.0025422   (129 -0.73) (51 -0.419) (52 -0.303) (50 -0.302) (29 -0.153) (73 -0.109) (48 -0.109) (53 0.0939) (54 0.0762) (72 -0.0693) (39 0.0662) (75 0.0636) (60 0.0592) (55 -0.0561) (67 0.0552) (56 -0.0537) (77 0.0533) (132 0.041) (58 -0.0396) (45 -0.0379) (49 -0.0345) (42 -0.0312) (43 0.0299) (30 -0.0289) (66 -0.0265) (82 0.0255) (68 -0.0249) (131 -0.0246) (69 -0.0218) (130 -0.0213) (83 0.0211) (34 0.0211) (63 -0.0201) (85 0.02) (71 -0.018) (33 0.0171) (74 0.016) (84 0.0156) (62 0.015) (31 -0.0145) (19 0.013) (88 -0.0123) (15 0.0116) (70 0.0107) (76 0.0106) (101 -0.01) 
   0.0026402   (24 0.706) (23 0.613) (19 -0.199) (54 0.157) (22 0.141) (28 0.0828) (58 0.0706) (56 0.0629) (55 -0.0566) (25 -0.0528) (60 0.0472) (15 -0.0444) (45 -0.0429) (53 -0.0377) (50 0.0362) (31 0.0348) (59 0.0322) (29 -0.0321) (41 -0.0297) (37 -0.0279) (36 0.0263) (43 0.0259) (30 0.0251) (46 0.0215) (32 -0.0214) (14 0.0202) (38 0.0169) (13 0.0168) (82 0.0156) (34 -0.015) (69 0.0148) (51 -0.0143) (119 0.0138) (49 0.0134) (75 -0.0115) (26 -0.0112) (17 -0.0104) 
   0.0029691   (58 -0.699) (60 -0.578) (59 -0.283) (69 0.137) (55 -0.129) (54 -0.127) (56 0.0715) (24 0.0707) (23 0.067) (53 0.0659) (61 0.0608) (45 0.0489) (49 -0.0403) (50 -0.04) (73 0.0398) (131 -0.0346) (72 0.0321) (82 -0.0284) (63 0.028) (67 -0.0278) (84 -0.0276) (62 -0.0272) (19 -0.0272) (123 -0.0257) (81 0.0252) (108 -0.025) (106 0.0239) (46 -0.0225) (124 0.0223) (22 0.0221) (68 0.0217) (132 -0.021) (51 -0.0207) (36 -0.0178) (43 -0.0176) (42 0.0164) (78 0.0161) (110 -0.015) (122 -0.0145) (41 0.0137) (57 -0.0128) (71 -0.0123) (65 0.0117) (64 0.0113) (104 -0.0113) (48 -0.0113) (90 -0.0109) (35 0.0107) (37 0.0103) 
   0.0032231   (131 -0.714) (132 -0.422) (54 -0.409) (55 0.251) (56 -0.197) (24 0.0709) (69 -0.0705) (53 0.0678) (23 0.0658) (50 -0.0628) (45 0.0528) (52 -0.0453) (58 0.0414) (42 -0.0392) (60 0.0354) (46 -0.0349) (82 -0.0333) (41 0.032) (49 -0.0315) (22 0.0271) (51 0.0263) (19 -0.0245) (75 0.0195) (130 0.017) (72 -0.0149) (47 0.0145) (36 -0.014) (15 -0.0136) (81 0.013) (119 -0.013) (67 0.0129) (79 0.0126) (73 -0.0121) (78 -0.0113) (68 -0.011) (66 0.0109) (32 0.0106) (71 0.0104) (61 -0.0102) (48 -0.0102) 
   0.0035405   (54 0.617) (131 -0.48) (55 -0.363) (56 0.288) (132 -0.28) (24 -0.111) (53 -0.106) (23 -0.103) (50 0.0964) (69 0.0954) (45 -0.0822) (52 0.0671) (42 0.0566) (46 0.0535) (82 0.0517) (49 0.0499) (41 -0.0485) (22 -0.0421) (19 0.0386) (51 -0.0374) (123 -0.0369) (75 -0.0295) (119 0.0292) (124 0.0253) (36 0.0223) (47 -0.0221) (120 -0.0211) (122 -0.0211) (81 -0.021) (15 0.0209) (72 0.02) (59 0.0193) (79 -0.0187) (67 -0.0172) (48 0.016) (78 0.016) (66 -0.0159) (32 -0.0154) (73 0.0153) (40 -0.015) (43 0.015) (68 0.0148) (71 -0.0146) (70 0.0135) (38 0.0134) (84 -0.0128) (63 0.0125) (106 0.0122) (14 -0.0111) (77 -0.011) (61 0.0107) 
   0.0036331   (37 0.788) (38 0.538) (66 -0.216) (84 -0.0825) (36 -0.062) (43 0.0613) (60 -0.0579) (40 -0.0532) (58 0.0531) (41 -0.0512) (32 0.0426) (45 -0.0388) (71 0.0348) (128 -0.03) (39 0.0293) (55 0.0279) (29 0.0276) (42 0.0275) (70 -0.0265) (86 -0.0259) (68 0.025) (63 0.0244) (22 0.021) (73 0.0208) (52 -0.0202) (87 0.0176) (31 -0.0163) (82 0.016) (51 -0.0159) (46 0.0153) (49 0.0153) (28 -0.0151) (15 -0.0145) (19 -0.0142) (56 -0.0135) (35 0.0129) (61 0.0119) (14 0.0105) (48 -0.0104) 
   0.0037298   (84 -0.847) (128 -0.332) (82 0.222) (86 -0.196) (87 0.158) (66 0.119) (90 0.0685) (106 -0.0632) (60 0.0572) (92 -0.0567) (81 -0.0541) (83 -0.0493) (108 0.0488) (37 -0.0451) (38 -0.044) (88 0.0355) (93 -0.0345) (78 0.0318) (56 0.0317) (50 -0.0311) (120 0.0306) (109 -0.029) (79 -0.0284) (69 0.0277) (54 -0.0271) (42 -0.027) (45 0.0261) (91 0.0236) (41 0.0236) (125 -0.0208) (121 -0.0191) (119 -0.0191) (71 -0.0188) (111 -0.0187) (126 -0.0186) (85 -0.0181) (53 0.0178) (94 -0.0175) (103 -0.0175) (114 0.0159) (117 -0.0159) (96 -0.0156) (46 -0.0156) (43 -0.0151) (58 -0.0147) (110 -0.0139) (63 -0.0134) (104 0.0131) (115 -0.012) (77 -0.0114) (122 0.0103) (107 -0.0101) 
   0.0038222   (128 -0.713) (66 0.544) (84 0.297) (37 0.134) (60 0.121) (58 -0.0977) (71 -0.0933) (38 0.0842) (82 -0.0831) (70 0.0768) (86 0.0718) (55 -0.0689) (68 -0.0673) (73 -0.0585) (63 -0.0573) (87 -0.057) (90 -0.0322) (52 0.0306) (61 -0.028) (126 -0.0245) (108 -0.0245) (83 0.0244) (51 0.024) (67 0.0238) (106 0.0235) (92 0.0232) (76 0.0228) (69 -0.0209) (43 -0.0206) (59 -0.0192) (74 0.019) (91 -0.0186) (81 0.0181) (36 -0.0143) (32 0.0137) (109 0.0129) (75 0.0127) (110 0.0121) (65 -0.0116) (72 -0.0116) (45 0.0106) 
   0.0039741   (66 -0.684) (128 -0.616) (37 -0.169) (60 -0.169) (84 0.12) (58 0.118) (71 0.117) (38 -0.0997) (70 -0.0884) (68 0.0818) (55 0.0733) (63 0.0724) (73 0.064) (61 0.0358) (52 -0.0307) (43 0.0292) (67 -0.0282) (82 -0.0269) (76 -0.0267) (51 -0.0262) (45 -0.025) (50 0.0245) (36 0.0235) (86 0.0233) (74 -0.0224) (78 -0.021) (53 -0.021) (32 -0.0205) (87 -0.0199) (59 0.0184) (22 -0.0146) (65 0.0142) (15 0.0138) (93 0.013) (29 -0.0128) (19 0.0127) (41 -0.0121) (77 0.0121) (54 0.0115) (46 0.0114) (72 0.0109) (28 0.0106) (88 -0.0106) (75 -0.0105) (14 -0.0103) (49 0.0101) (120 -0.0101) (126 -0.0101) 
   0.0039987   (105 0.74) (113 0.31) (103 0.258) (107 0.217) (69 -0.201) (101 -0.173) (109 0.148) (115 0.141) (108 0.124) (91 0.117) (112 -0.113) (97 -0.105) (99 0.105) (71 0.101) (90 -0.0853) (114 -0.0804) (118 -0.0801) (116 -0.0797) (120 0.073) (100 -0.0666) (98 -0.0617) (146 -0.0428) (104 0.0412) (55 -0.0378) (82 0.0365) (94 0.0334) (56 -0.0325) (81 -0.0261) (58 -0.0255) (119 0.0252) (73 0.0239) (110 -0.0233) (75 -0.0227) (122 0.0199) (70 0.0191) (54 0.0167) (143 0.016) (88 -0.016) (79 -0.0155) (89 0.0143) (59 -0.0125) (78 0.0122) (111 -0.0119) (86 -0.0106) (125 -0.0106) (117 -0.0104) 
   0.0041169   (143 0.989) (146 0.135) (142 -0.0438) (137 -0.0417) (144 0.0121) (69 0.0115) 
   0.0043447   (69 -0.764) (71 0.402) (55 -0.258) (56 -0.245) (105 -0.193) (75 -0.101) (73 0.0917) (58 -0.0905) (82 0.0823) (107 -0.068) (70 0.0674) (108 -0.0653) (54 0.0621) (103 -0.062) (59 -0.0553) (113 -0.055) (52 0.0531) (81 -0.0516) (101 0.0505) (42 0.0404) (79 -0.0393) (106 0.0376) (60 -0.037) (115 -0.036) (68 -0.031) (92 -0.0308) (84 -0.0292) (77 -0.0281) (146 0.0273) (78 0.0268) (61 -0.0266) (102 -0.0259) (120 -0.0253) (67 0.0244) (99 -0.0237) (90 -0.0233) (114 0.023) (118 0.0229) (50 0.0219) (51 0.02) (97 0.02) (116 0.0188) (109 -0.0172) (57 -0.0162) (53 0.015) (94 -0.0141) (100 0.0138) (86 0.0136) (111 0.0127) (41 -0.0123) (112 0.0113) (98 0.0101) (66 0.01) 
   0.0043596   (44 -0.662) (71 0.393) (80 0.306) (79 -0.257) (42 0.201) (69 0.186) (83 0.183) (93 -0.141) (72 -0.132) (86 0.109) (78 0.0936) (76 -0.0867) (99 0.0853) (87 -0.0767) (56 0.0755) (55 0.0753) (77 0.0695) (82 -0.0665) (66 0.0643) (112 0.0526) (96 0.0495) (46 0.0472) (106 0.0472) (108 0.0459) (74 -0.0453) (45 0.0453) (84 -0.0429) (81 -0.0385) (50 -0.0363) (85 -0.0355) (75 -0.0349) (43 -0.0304) (113 0.0291) (52 -0.0288) (30 -0.0273) (104 -0.0269) (73 0.0255) (102 0.0238) (60 0.0232) (48 -0.0231) (105 -0.0222) (58 0.0221) (70 0.0216) (157 -0.0199) (89 0.0197) (101 0.0184) (51 -0.0178) (54 -0.0176) (91 -0.0171) (47 0.0168) (39 0.0161) (109 -0.0152) (98 -0.0149) (53 0.0147) (41 -0.0138) (100 -0.0129) (88 -0.0129) (63 -0.0128) (68 0.0127) (20 0.0126) (59 0.0105) 
   0.0044242   (157 -0.999) (44 0.0334) (42 -0.0111) 
     0.00463   (44 -0.643) (71 -0.497) (42 0.223) (69 -0.216) (80 -0.202) (79 0.197) (78 -0.189) (72 0.163) (83 -0.111) (56 -0.101) (87 0.0959) (66 -0.0942) (86 -0.0902) (108 -0.0793) (82 0.0672) (99 -0.0635) (76 0.0589) (46 0.0561) (55 -0.0553) (90 0.0537) (112 -0.0532) (45 0.0477) (74 0.0463) (41 -0.0369) (91 0.0342) (157 -0.0305) (113 -0.0298) (84 0.0295) (75 0.0289) (106 -0.0278) (85 0.0277) (104 0.0275) (58 -0.0273) (109 0.0272) (70 -0.0266) (77 -0.0239) (68 -0.0207) (48 -0.0197) (63 0.0197) (105 0.0192) (53 -0.0185) (39 0.0176) (73 -0.0161) (93 -0.0159) (36 0.0158) (121 0.0157) (67 -0.0145) (50 0.0136) (101 -0.0136) (37 -0.0133) (49 0.0131) (40 -0.0131) (119 0.0121) (118 -0.011) (117 0.0108) 
   0.0047129   (20 -0.86) (21 -0.432) (134 0.252) (22 -0.0699) (18 0.0383) (17 0.0371) (23 0.0267) (44 -0.0141) (28 0.0133) (30 -0.0131) (35 -0.0124) (8 -0.0122) 
   0.0048925   (134 0.968) (20 0.224) (21 0.113) (22 0.0182) (8 -0.0108) (18 -0.01) 
   0.0050236   (8 1) (134 0.0135) 
   0.0051305   (4 -1) 
   0.0052689   (23 -0.728) (24 0.496) (22 0.311) (19 -0.179) (32 -0.118) (15 -0.112) (17 -0.103) (26 -0.102) (14 0.0889) (25 0.0887) (27 0.0773) (140 0.0749) (28 0.0722) (20 -0.0481) (43 0.0458) (31 0.0439) (16 -0.0409) (18 -0.0343) (40 -0.0278) (29 -0.0259) (42 0.0219) (82 0.019) (35 0.0188) (41 -0.0185) (56 -0.0164) (39 0.016) (37 -0.0156) (36 0.0133) (55 -0.0129) (69 0.0129) (48 -0.0128) 
   0.0053019   (140 0.997) (23 0.0547) (24 -0.0373) (22 -0.0234) (19 0.0135) 
   0.0055757   (10 -0.863) (17 -0.383) (18 -0.305) (19 0.087) (23 0.0407) (22 -0.0362) (15 -0.0361) (16 -0.0248) (20 -0.024) (14 0.0205) (24 -0.0185) (26 -0.0179) (32 -0.0155) (28 0.0102) 
   0.0056313   (138 0.996) (17 -0.0542) (10 0.045) (18 -0.0433) (19 0.0121) 
   0.0057057   (17 0.652) (18 0.521) (10 -0.503) (19 -0.146) (138 0.0845) (23 -0.0707) (15 0.0636) (22 0.0599) (16 0.0417) (20 0.0405) (14 -0.0367) (26 0.0356) (24 0.0292) (32 0.0263) (28 -0.0205) (27 -0.015) (82 -0.0141) (35 -0.0135) (43 -0.0125) (36 0.0123) (45 -0.0116) (40 0.0108) (31 -0.01) 
   0.0060139   (13 -0.963) (42 -0.174) (11 -0.114) (12 0.095) (43 0.0854) (44 -0.0699) (39 -0.051) (14 0.0478) (55 -0.0217) (15 -0.0157) (45 -0.0153) (46 0.0151) (41 0.0134) (59 -0.012) (32 0.0106) (52 0.0102) 
   0.0065063   (141 -0.998) (42 -0.0497) (43 0.0243) (44 -0.0176) (13 0.0146) (39 -0.0118) 
   0.0072593   (42 0.802) (43 -0.392) (44 0.284) (13 -0.215) (39 0.189) (45 0.0698) (41 -0.0664) (46 -0.0636) (141 -0.062) (55 0.0593) (59 0.0379) (52 -0.0373) (33 -0.0361) (32 -0.0356) (34 0.0308) (54 -0.03) (56 0.0297) (50 -0.0287) (51 -0.0281) (72 -0.0243) (63 -0.024) (78 0.024) (75 -0.0239) (79 0.0234) (11 -0.0225) (108 -0.0205) (73 0.0205) (71 -0.0199) (36 0.0189) (12 0.0174) (106 0.0168) (23 0.0168) (65 -0.0163) (37 -0.0163) (24 0.016) (60 0.0153) (30 -0.015) (84 -0.0147) (80 0.0142) (67 -0.0138) (77 0.013) (22 -0.0128) (85 -0.0122) (64 0.012) (47 0.0119) (38 0.0118) (48 -0.0116) (58 0.0109) (19 -0.0106) (49 -0.0106) (61 0.0105) 
   0.0079566   (11 -0.965) (34 -0.193) (13 0.115) (33 0.1) (32 0.0633) (39 0.0285) (28 0.0215) (14 0.0207) (65 -0.0177) (31 0.0136) (42 0.0131) (135 -0.011) (35 0.0107) 
   0.0088208   (135 -0.987) (34 -0.127) (33 0.0693) (11 0.0477) (32 0.0422) (39 0.0216) (28 0.0183) (31 0.0105) 

 Largest eigenvalues
      62.763   (162 -0.94) (163 0.268) 
      17.199   (55 -0.536) (56 -0.591) (69 0.307) (82 -0.354) 
      15.951   (81 0.32) (82 -0.713) 
      5.8792   (106 0.584) (108 -0.637) 
      4.4333   (146 0.981) 
      1.5841   (162 -0.28) (163 -0.96) 
       1.228   (164 0.997) 
      1.2004   (165 0.997) 
      1.1334   (90 0.501) (91 -0.714) 
      1.1121   (100 -0.385) (101 -0.611) (105 -0.3) (107 0.518) 
      1.1119   (100 -0.334) (101 -0.369) (107 -0.747) 
        1.06   (111 0.359) (115 -0.795) 
      1.0244   (100 0.221) (103 -0.854) (105 0.219) 
     0.97494   (100 0.718) (101 -0.48) 
     0.90392   (101 0.234) (111 -0.664) (122 0.223) (130 -0.219) (137 -0.225) 
      0.8295   (109 0.345) (111 0.477) (115 0.35) 
      0.7612   (109 -0.707) (110 0.31) 
     0.67494   (97 -0.844) (98 -0.341) 
     0.64175   (114 -0.547) (124 -0.29) (125 -0.464) (137 -0.381) 
     0.63722   (112 -0.332) (113 0.538) (114 0.52) (125 -0.291) 
     0.59908   (109 0.363) (110 0.555) (113 -0.348) (114 0.45) 
     0.57159   (110 -0.705) (113 -0.327) 
     0.56784   (114 -0.315) (121 -0.325) (122 0.531) (126 -0.286) (130 0.327) (132 0.294) 
     0.56471   (122 -0.38) (123 -0.54) (124 0.454) (130 0.295) 
     0.55631   (118 0.289) (119 -0.661) (123 0.341) 
     0.54707   (117 -0.779) (118 -0.388) 
     0.54142   (116 0.337) (117 0.292) (119 0.342) (120 0.473) (124 -0.319) (126 0.303) 
      0.5374   (116 -0.632) (123 -0.288) (137 0.294) 
     0.52268   (116 0.633) (120 -0.328) (125 -0.343) (137 0.341) 
     0.49785   (91 -0.252) (92 -0.935) 
     0.47774   (120 0.472) (124 0.309) (125 -0.285) (126 -0.365) (137 0.402) 
     0.42768   (94 -0.942) 
     0.32426   (94 0.287) (102 0.676) (104 -0.552) 
     0.31691   (102 -0.68) (104 -0.575) 
      0.3164   (99 0.452) (104 0.313) (112 -0.313) (118 0.318) (126 -0.294) 
     0.28243   (78 -0.318) (86 0.582) (87 -0.304) 
     0.24649   (78 0.467) (99 -0.56) 
     0.23295   (71 0.315) (78 -0.492) (86 -0.495) (87 0.289) 
     0.23029   (99 0.407) (106 0.307) (112 0.516) (113 0.314) 
     0.21384   (90 -0.648) (91 -0.354) (93 0.531) 
     0.16448   (90 0.349) (91 0.287) (96 -0.533) (106 -0.33) (108 -0.31) 
     0.14912   (87 0.297) (93 -0.58) (106 -0.297) 
     0.13886   (85 -0.288) (86 -0.388) (87 -0.748) 
     0.12594   (89 -0.764) (93 0.313) (96 0.306) 
     0.11679   (78 0.421) (80 -0.457) (83 -0.441) 
     0.11343   (76 -0.296) (77 0.332) (79 -0.296) 
     0.10783   (59 -0.336) (63 -0.419) (68 0.268) (76 0.313) 
     0.10227   (57 0.511) (59 0.516) 
     0.09947   (57 -0.591) (63 0.42) 
    0.091457   (57 0.446) (59 -0.328) (63 -0.255) (76 -0.28) (96 -0.3) 
    0.086583   (57 -0.372) (59 0.563) (63 -0.31) 
    0.076654   (63 0.547) (68 0.296) (83 -0.294) 
    0.076286   (64 -0.716) (67 -0.326) 
     0.07487   (61 0.38) (62 -0.343) (64 0.555) (68 -0.333) 
    0.071742   (61 -0.676) (62 0.338) 
    0.063431   (61 0.343) (67 0.242) (68 0.214) (76 -0.243) (79 0.244) (118 0.314) (119 0.246) 
    0.061552   (61 -0.296) (67 -0.351) (77 0.352) 
     0.06031   (61 0.322) (62 0.583) 
    0.057302   (62 -0.557) (67 0.295) (72 -0.312) 
    0.056982   (62 0.265) (67 -0.425) (68 0.404) (76 -0.312) (77 -0.294) 
    0.053342   (65 -0.45) (72 0.376) (79 0.285) (80 0.316) (98 0.296) 
    0.047456   (65 0.605) (77 0.311) (98 0.308) 
    0.046395   (65 -0.521) (68 0.302) (72 -0.299) 
     0.04631   (76 -0.311) (77 -0.26) (79 -0.292) (80 -0.317) (83 0.271) (88 0.29) 
     0.04431   (33 0.811) (34 0.331) (39 -0.407) 
    0.041739   (33 -0.355) (39 -0.769) 
    0.040523   (74 0.431) (85 -0.337) (98 -0.29) 
    0.039147   (47 -0.536) (48 -0.43) (74 -0.413) 
    0.038393   (47 0.489) (48 0.374) (74 -0.506) 
    0.030922   (25 0.521) (27 -0.639) (31 0.378) 
    0.029445   (25 0.397) (26 0.674) (27 0.349) 
    0.027148   (25 -0.43) (28 -0.286) (31 0.283) (41 0.418) (88 -0.304) 
    0.025031   (28 0.322) (31 -0.729) 
    0.020869   (41 -0.486) (43 -0.279) (74 0.314) (85 0.331) (88 -0.384) 
    0.020665   (130 -0.647) (132 0.4) 
    0.020393   (127 0.578) (160 -0.807) 
    0.018587   (127 0.577) (160 0.301) (161 0.759) 
    0.016656   (127 0.577) (160 0.507) (161 -0.64) 
    0.015252   (30 -0.955) 
    0.014829   (139 0.997) 
