 1 46684.7
 2 699.68
 3 9.77831
 4 216969
 5 734.96
 6 79.9234
 7 718890
 8 67.8774
 9 4458.3
 10 2726.47
 11 5.62807
 12 1398.01
 13 589271
 14 12386.5
 15 0.815327
 16 424971
 17 6280.06
 18 2.21824
 19 124262
 20 2793.84
 21 102.354
 22 217084
 23 4576.05
 24 20.9328
 25 268.413
 26 331.971
 27 15.8127
 28 3542.3
 29 365.164
 30 198.704
 31 523.616
 32 129.312
 33 715.52
 34 229.193
 35 204.74
 36 297.917
 37 1542.13
 38 3048.22
 39 6.47166
 40 956.289
 41 4830.44
 42 2.10487
 43 646.735
 44 1466.3
 45 24.9127
 46 107996
 47 2649.37
 48 2622.88
 49 1933.3
 50 169.256
 51 244.404
 52 219.511
 53 2976.37
 54 298.256
 55 147.165
 56 312.998
 57 1079.37
 58 78.6008
 59 104.802
 60 199.912
 61 30.225
 62 1.91696
 63 193.076
 64 454.137
 65 1.64185
 66 411.5
 67 2362.75
 68 529.6
 69 28302.4
 70 252890
 71 4242.14
 72 21.4104
 73 22613.5
 74 56.4771
 75 9453.45
 76 10382.1
 77 5.30114
 78 1211.25
 79 11882.1
 80 40.8446
 81 2254.31
 82 2001.58
 83 219.007
 84 3.00866
 85 166.954
 86 3.89653
 87 1879.2
 88 1.72339
 89 1.65038
 90 1.92364
 91 12.3476
 92 493.411
 93 2416.16
 94 4522.12
 95 4700.67
 96 3145.58
 97 366.087
 98 441.369
 99 140.845
 100 1626.98
 101 1734.6
 102 140.194
 103 159.286
 104 155.803
 105 151.097
 106 167.623
 107 174.967
 108 182.151
 109 142.734
 110 110.065
 111 199.196
 112 206.351
 113 193.433
 114 177.81
 115 199.755
 116 166.793
 117 186.362
 118 209.199
 119 172.906
 120 98.1244
 121 132.616
 122 53.8259
 123 73.2659
 124 45.324
 125 33.0166
 126 52.8423
 127 31.5977
 128 101.149
 129 66.8072
 130 67.1761
 131 20.8117
 132 22.3815
 133 25.1219
 134 38.3887
 135 9.96906
 136 50.3863
 137 11.2814
 138 10.5802
 139 10.4584
 140 12.1605
 141 12.1385
 142 10.1911
 143 10.5682
 144 16.2452
 145 16.1294
 146 13.6034
 147 11.4191
 148 27.0538
 149 18.3666
 150 13.3873
 151 14.5956
 152 25.1774
 153 24.4727
 154 15.5892
 155 21.0806
 156 25.3723
 157 47.9614
 158 0.181216
 159 0.122086
 160 0.480791
 161 4.63106
 162 20.7114
 163 1530.28
 164 1130.46
 165 8.28754
