 1 1000
 2 512.051
 3 7.37734
 4 1000
 5 554.187
 6 60.4564
 7 999.967
 8 15.6117
 9 979.963
 10 921.376
 11 3.32829
 12 728.731
 13 1000
 14 999.526
 15 0.814255
 16 1000
 17 999.227
 18 1.05289
 19 1000
 20 961.115
 21 35.8727
 22 1000
 23 993.713
 24 5.24573
 25 250.418
 26 273.453
 27 13.1761
 28 993.418
 29 296.519
 30 162.305
 31 517.387
 32 112.664
 33 620.729
 34 221.839
 35 178.486
 36 259.019
 37 986.612
 38 998.175
 39 3.19587
 40 607.479
 41 975.336
 42 1.78282
 43 490.746
 44 873.336
 45 15.2339
 46 999.444
 47 433.76
 48 567.258
 49 973.199
 50 163.241
 51 223.837
 52 195.37
 53 968.695
 54 269.251
 55 116.861
 56 241.962
 57 936.099
 58 76.7101
 59 100.244
 60 189.043
 61 29.8936
 62 1.9147
 63 186.314
 64 444.004
 65 1.63587
 66 405.411
 67 874.1
 68 131.871
 69 994.545
 70 1000
 71 993.537
 72 6.38278
 73 999.779
 74 7.17179
 75 993.944
 76 988.118
 77 3.77056
 78 752.674
 79 999.294
 80 15.4845
 81 981.94
 82 994.887
 83 194.056
 84 2.80686
 85 135.799
 86 3.42825
 87 965.582
 88 1.72316
 89 1.65034
 90 1.92334
 91 10.0741
 92 232.306
 93 893.314
 94 959.883
 95 976.635
 96 972.114
 97 311.627
 98 408.887
 99 125.606
 100 955.838
 101 977.872
 102 131.213
 103 153.81
 104 151.75
 105 148.886
 106 165.925
 107 173.28
 108 180.076
 109 139.764
 110 107.166
 111 196.577
 112 203.547
 113 190.834
 114 175.697
 115 198.152
 116 164.811
 117 184.487
 118 206.708
 119 169.759
 120 94.88
 121 130.576
 122 50.8457
 123 64.3529
 124 40.8712
 125 30.009
 126 50.3676
 127 27.0705
 128 97.3159
 129 64.4829
 130 65.3034
 131 19.3775
 132 20.9174
 133 23.5218
 134 36.449
 135 8.62593
 136 48.8916
 137 9.82018
 138 9.03673
 139 8.93294
 140 10.3428
 141 10.4069
 142 8.52903
 143 9.07739
 144 14.8408
 145 14.6528
 146 12.1309
 147 9.8971
 148 25.5285
 149 16.772
 150 11.92
 151 13.0852
 152 23.5121
 153 22.3911
 154 14.0426
 155 19.6453
 156 23.9535
 157 46.4891
 158 0.0879834
 159 0.112972
 160 0.219542
 161 3.80012
 162 18.7723
 163 437.086
 164 463.023
 165 6.17169
