 1 31.6228
 2 22.2592
 3 1.24836
 4 31.6228
 5 22.3226
 6 3.37709
 7 31.6221
 8 1.43782
 9 31.062
 10 30.2092
 11 1.03025
 12 26.7229
 13 31.6228
 14 31.6134
 15 0.902314
 16 31.6228
 17 31.6046
 18 0.919483
 19 31.6228
 20 30.4778
 21 2.09916
 22 31.6228
 23 31.4503
 24 1.08303
 25 15.4182
 26 15.624
 27 1.68342
 28 31.4948
 29 14.1085
 30 8.25043
 31 22.3312
 32 4.99776
 33 22.8201
 34 14.6945
 35 9.14295
 36 12.7644
 37 31.3883
 38 31.5724
 39 1.36617
 40 24.3233
 41 31.1742
 42 1.29646
 43 21.5961
 44 29.0484
 45 1.82394
 46 31.6077
 47 14.6676
 48 18.6713
 49 31.0825
 50 12.1953
 51 12.0936
 52 10.781
 53 30.9873
 54 16.2658
 55 7.23858
 56 13.1199
 57 30.2194
 58 8.05857
 59 7.40547
 60 11.6315
 61 4.91524
 62 1.35764
 63 13.3194
 64 19.5702
 65 0.963656
 66 18.7737
 67 27.8484
 68 5.54283
 69 31.4623
 70 31.6228
 71 31.4462
 72 1.48362
 73 31.618
 74 1.51466
 75 31.4457
 76 31.4164
 77 1.39916
 78 27.321
 79 31.6061
 80 1.81421
 81 31.1131
 82 31.5123
 83 13.4588
 84 1.41234
 85 10.9073
 86 1.48523
 87 30.8077
 88 1.10541
 89 1.05212
 90 1.25275
 91 2.43007
 92 12.5932
 93 28.9289
 94 30.5907
 95 31.012
 96 30.8979
 97 16.0668
 98 18.3941
 99 8.87984
 100 30.4616
 101 31.0365
 102 10.5589
 103 11.5804
 104 11.499
 105 11.5579
 106 12.4223
 107 12.6151
 108 12.8066
 109 10.7252
 110 8.69927
 111 13.3621
 112 13.9446
 113 13.4255
 114 12.6823
 115 13.2646
 116 11.6036
 117 12.6541
 118 13.6663
 119 12.2007
 120 8.79892
 121 10.9188
 122 6.84418
 123 7.81436
 124 5.68517
 125 5.0779
 126 6.74617
 127 4.46999
 128 9.18514
 129 7.03963
 130 7.43893
 131 3.90669
 132 4.41232
 133 4.66514
 134 5.90581
 135 2.56906
 136 6.89688
 137 2.82548
 138 2.72801
 139 2.7239
 140 3.01535
 141 2.9258
 142 2.57287
 143 2.70879
 144 3.65168
 145 3.6483
 146 3.24093
 147 2.82189
 148 4.91998
 149 3.89142
 150 3.17636
 151 3.33643
 152 4.70951
 153 4.582
 154 3.57129
 155 4.32108
 156 4.76438
 157 6.72165
 158 0.0817211
 159 0.25454
 160 0.271412
 161 1.44716
 162 3.93677
 163 18.2487
 164 19.5495
 165 0.833834
