 Smallest eigenvalues
  1.3835e-06   (9 -1) 
   1.697e-06   (49 0.748) (48 0.358) (54 -0.248) (47 0.218) (44 -0.202) (40 -0.184) (46 0.14) (50 -0.129) (154 -0.111) (52 -0.0911) (42 0.0841) (12 0.0822) (15 0.0797) (56 0.0764) (30 -0.0711) (81 -0.068) (31 0.0515) (26 0.0489) (19 -0.0489) (41 0.0459) (55 0.0455) (68 0.0438) (34 -0.0422) (39 0.0407) (76 -0.0369) (21 -0.0369) (80 0.0353) (43 -0.0349) (29 0.0338) (71 0.0338) (79 -0.0328) (60 -0.0289) (38 -0.0284) (51 0.0283) (37 0.0245) (32 -0.0225) (66 0.0224) (59 0.0208) (28 -0.0207) (74 0.0202) (65 0.0192) (85 -0.0187) (16 0.0184) (78 0.018) (72 0.0171) (67 -0.0171) (70 -0.0169) (53 -0.0152) (33 0.0143) (69 -0.0143) (73 0.0133) (58 -0.013) (82 0.0124) (23 0.0114) (62 0.0107) (125 -0.0106) 
  2.3531e-06   (154 -0.994) (49 -0.0837) (48 -0.0401) (54 0.0277) (47 -0.0245) (44 0.0227) (40 0.0207) (46 -0.0157) (50 0.0144) (52 0.0102) 
  3.9543e-06   (6 1) 
  4.6065e-06   (48 -0.692) (46 0.419) (149 0.311) (44 -0.256) (47 -0.218) (40 -0.215) (42 0.126) (30 -0.0867) (49 0.0857) (12 0.0791) (15 0.0774) (43 -0.0695) (45 0.0657) (51 0.0634) (41 0.0564) (39 0.0555) (81 -0.0522) (54 -0.052) (56 0.0492) (19 -0.0465) (31 0.0463) (34 -0.0447) (26 0.0418) (21 -0.0365) (50 -0.0308) (79 -0.0294) (28 -0.0288) (29 0.0286) (80 0.028) (37 0.0271) (53 0.0234) (32 -0.023) (72 0.021) (59 0.0184) (69 -0.0183) (68 0.015) (65 0.0143) (85 -0.0137) (16 0.0132) (66 0.0126) (78 0.0116) (82 0.0105) (23 0.0103) 
  4.6089e-06   (149 0.95) (48 0.226) (46 -0.137) (44 0.0837) (47 0.0714) (40 0.0703) (42 -0.0412) (30 0.0284) (49 -0.028) (12 -0.026) (15 -0.0254) (43 0.0228) (45 -0.0215) (51 -0.0207) (41 -0.0185) (39 -0.0182) (54 0.017) (81 0.0169) (56 -0.0161) (19 0.0153) (31 -0.0152) (34 0.0147) (26 -0.0137) (21 0.012) (50 0.0101) 
  8.0475e-06   (1 -0.997) (8 0.0369) (40 0.0323) (30 -0.0286) (36 -0.0232) (39 -0.0213) (12 -0.0173) (34 -0.0169) (31 0.0143) (37 0.0115) (41 -0.0107) 
  9.0314e-06   (153 -0.993) (30 -0.0567) (40 0.0541) (36 -0.0445) (39 -0.0376) (34 -0.0329) (31 0.0269) (37 0.0227) (35 0.0198) (41 -0.0179) (32 -0.0178) (38 0.0178) (15 0.0166) (26 0.0153) (12 0.0147) (19 -0.0134) (28 -0.0126) (29 0.0115) 
   2.142e-05   (30 0.464) (40 -0.443) (36 0.364) (39 0.308) (34 0.269) (31 -0.22) (37 -0.185) (35 -0.162) (41 0.147) (38 -0.145) (32 0.145) (15 -0.135) (26 -0.125) (153 -0.121) (12 -0.12) (19 0.11) (28 0.103) (29 -0.0939) (21 0.0727) (1 -0.0582) (42 0.0578) (48 0.0424) (81 0.037) (46 0.0285) (43 0.0265) (44 -0.024) (80 -0.0231) (49 -0.0217) (20 0.0215) (47 -0.0209) (16 -0.0198) (23 -0.0184) (69 0.0167) (72 -0.0148) (22 0.0137) (45 0.0127) (17 0.0122) (59 -0.012) (8 0.0119) (73 0.0104) 
   3.497e-05   (23 -0.645) (24 0.575) (46 -0.402) (48 -0.128) (40 -0.116) (44 -0.0938) (29 0.0869) (42 0.0723) (31 0.0709) (28 -0.0666) (16 -0.056) (26 0.0516) (33 -0.0506) (38 0.0474) (25 0.0439) (34 -0.043) (39 0.0422) (50 -0.0418) (22 0.0401) (41 0.0381) (35 0.0373) (49 0.0324) (71 0.0293) (18 -0.0289) (51 0.0286) (21 -0.0226) (60 -0.0217) (78 0.0203) (53 0.0193) (72 0.0189) (81 -0.0172) (47 0.0164) (12 0.0156) (43 0.0154) (79 -0.0148) (66 0.0143) (56 0.0141) (37 0.0138) (61 -0.0132) (32 -0.0122) (45 0.0119) (62 -0.0115) (15 0.0105) (70 -0.0101) 
  3.6062e-05   (156 0.998) (46 -0.0434) (23 0.0204) (24 -0.018) (48 -0.0135) (40 -0.0123) 
  6.8402e-05   (46 0.756) (23 -0.347) (24 0.306) (48 0.236) (40 0.213) (42 -0.16) (44 0.154) (30 0.096) (15 -0.0719) (12 -0.0688) (41 -0.0676) (39 -0.063) (16 -0.0577) (156 0.0576) (49 -0.0551) (19 0.0545) (50 0.046) (81 0.0459) (38 0.0396) (71 -0.0361) (80 -0.0352) (25 0.033) (54 0.0298) (21 0.0291) (36 0.0283) (72 -0.0277) (22 0.0275) (68 -0.0271) (18 -0.0248) (78 -0.0245) (34 0.0237) (33 -0.0226) (56 -0.0226) (60 0.0226) (47 -0.0209) (32 0.0203) (53 -0.0201) (51 -0.0194) (70 0.0175) (75 -0.0161) (67 0.0161) (43 -0.0157) (66 -0.0153) (28 0.0146) (61 0.0143) (79 0.0141) (17 0.014) (26 -0.0134) (45 -0.0121) (29 -0.0117) (52 0.0111) (20 0.0104) (88 -0.0101) 
  8.0584e-05   (2 -1) 
   9.229e-05   (12 0.832) (15 -0.53) (19 0.105) (21 0.0585) (13 0.0541) (40 0.0414) (16 -0.0411) (30 0.0349) (26 -0.0321) (10 0.0202) (34 0.0194) (17 -0.0192) (44 0.0189) (31 -0.0186) (24 -0.0149) (28 0.0148) (29 -0.0147) (1 -0.0144) (32 0.0143) (8 -0.0142) (23 -0.0139) (37 -0.0119) (48 -0.0113) (41 -0.0111) 
  0.00014275   (159 1) 
  0.00017689   (3 1) 
  0.00019211   (19 0.72) (15 0.598) (12 0.265) (21 0.128) (17 -0.126) (26 -0.0772) (30 0.0574) (40 0.0569) (34 0.0337) (32 0.0318) (31 -0.0283) (28 0.0235) (39 -0.0203) (16 0.0193) (23 -0.0176) (29 -0.0169) (33 -0.0165) (18 -0.016) (158 0.0148) (41 -0.0148) (44 0.0144) (37 -0.0144) (42 -0.014) (20 -0.0128) (22 0.0121) (46 -0.0119) (25 0.0114) (48 -0.0107) (13 0.0106) 
  0.00019517   (158 1) (19 -0.0107) 
  0.00020849   (7 -1) 
  0.00024925   (26 0.819) (30 0.343) (152 -0.187) (31 -0.167) (28 -0.157) (15 0.143) (32 0.132) (40 0.122) (12 0.114) (19 -0.108) (34 0.0932) (21 -0.0889) (25 -0.0771) (47 -0.0732) (39 -0.0683) (18 -0.0547) (36 0.0489) (41 -0.0408) (24 -0.0399) (42 -0.0315) (22 -0.0281) (46 -0.0258) (20 -0.0204) (54 -0.0152) (49 0.0149) (81 -0.0147) (33 -0.0144) (43 -0.0135) (38 0.0134) (27 -0.0121) (73 0.0115) (16 -0.0115) (23 0.0112) (70 -0.0109) (74 0.0108) (50 -0.0106) 
  0.00027132   (152 -0.982) (26 -0.156) (30 -0.0654) (31 0.0317) (28 0.03) (15 -0.0272) (32 -0.0251) (40 -0.0232) (12 -0.0217) (19 0.0206) (34 -0.0177) (21 0.0169) (25 0.0147) (47 0.0139) (39 0.013) (18 0.0104) 
  0.00028172   (5 1) 
  0.00029561   (20 0.743) (19 -0.388) (21 0.318) (15 0.273) (12 0.177) (26 -0.156) (30 0.115) (22 0.0878) (32 0.0835) (25 0.078) (40 0.0749) (155 0.066) (18 -0.064) (17 -0.0439) (16 -0.0438) (39 -0.0413) (42 -0.0413) (31 -0.0405) (24 0.0388) (34 0.0381) (36 0.0331) (41 -0.029) (28 0.0253) (37 0.0228) (23 0.0211) (48 -0.0195) (46 -0.0186) (43 -0.0169) (50 -0.0164) (81 -0.0149) (74 0.0144) (79 -0.0122) (56 0.012) (68 0.0119) (33 -0.0111) (47 -0.0109) (10 0.01) 
  0.00030649   (155 0.998) (20 -0.0491) (19 0.0257) (21 -0.021) (15 -0.0181) (12 -0.0117) (26 0.0103) 
  0.00032605   (74 0.509) (56 -0.475) (73 -0.351) (70 -0.278) (68 -0.251) (59 -0.224) (69 -0.183) (44 -0.168) (75 0.167) (55 -0.13) (77 0.125) (66 0.101) (43 -0.099) (51 -0.0965) (50 -0.0905) (67 0.0664) (60 0.0603) (81 0.0593) (39 -0.0534) (76 0.0498) (36 0.0498) (52 -0.0436) (65 0.0404) (32 0.0393) (58 0.0376) (57 -0.0353) (79 0.0348) (37 0.0344) (80 -0.0343) (24 0.0331) (62 -0.0309) (17 0.0296) (23 0.0276) (41 -0.0271) (53 -0.0254) (45 -0.024) (120 0.0225) (82 -0.021) (19 0.0184) (31 0.0167) (150 0.0165) (42 -0.0164) (35 -0.0157) (78 0.0157) (125 -0.0156) (49 0.0133) (18 0.0128) (40 0.0127) (26 -0.0124) (61 0.0124) (123 -0.0123) (124 0.0117) (16 0.0112) (111 -0.0111) (88 0.0106) (91 -0.0106) (15 -0.0105) (64 0.0102) 
  0.00036258   (74 -0.54) (56 -0.434) (73 0.38) (68 -0.265) (44 -0.226) (150 0.192) (50 -0.17) (55 -0.148) (75 -0.147) (59 -0.142) (66 0.135) (43 -0.133) (67 0.0956) (69 -0.0927) (70 0.0778) (48 0.0751) (49 -0.0687) (52 -0.0686) (36 0.0571) (42 -0.057) (37 0.0568) (151 0.0562) (40 -0.0547) (60 0.051) (72 -0.0503) (54 0.0461) (62 -0.0455) (65 0.045) (23 0.0432) (12 0.0418) (31 0.0412) (58 0.0406) (17 0.0384) (45 -0.0363) (24 0.0363) (39 -0.0345) (57 -0.0345) (32 0.0314) (123 -0.03) (77 -0.0262) (15 0.0255) (119 -0.0251) (34 -0.0241) (120 -0.0216) (30 -0.0212) (21 -0.0199) (85 -0.0194) (16 0.0176) (33 0.0168) (78 -0.0166) (18 0.016) (129 -0.0159) (35 -0.0156) (79 0.0151) (41 -0.0141) (29 0.013) (46 0.0119) (133 -0.0117) (64 0.0117) (80 -0.0111) (130 0.0111) 
  0.00037198   (150 0.928) (151 0.313) (74 0.101) (56 0.097) (73 -0.0713) (68 0.058) (44 0.0497) (50 0.0366) (59 0.0329) (55 0.0326) (43 0.0294) (66 -0.0291) (75 0.0272) (69 0.0219) (67 -0.0206) (48 -0.0155) (52 0.0149) (49 0.0138) (36 -0.0128) (37 -0.0124) (42 0.0121) (60 -0.0115) (70 -0.0112) (40 0.011) (72 0.0101) 
  0.00040405   (22 0.96) (21 -0.231) (52 0.0705) (24 -0.0655) (20 -0.0555) (50 -0.0438) (15 0.0379) (12 0.0298) (49 -0.0297) (25 -0.029) (19 -0.0258) (55 0.0245) (26 -0.024) (53 0.0238) (56 0.0238) (44 -0.0217) (48 0.0205) (30 0.0193) (51 -0.0176) (42 -0.0147) (17 -0.0143) (43 -0.0138) (28 0.0116) (54 -0.0108) (18 -0.0106) (36 0.0102) 
  0.00045565   (147 0.594) (52 0.518) (50 -0.308) (49 -0.213) (44 -0.207) (51 -0.197) (55 0.185) (53 0.177) (48 0.152) (56 0.128) (43 -0.106) (22 -0.0888) (40 -0.0781) (54 -0.0678) (59 0.0492) (37 0.0447) (12 0.0412) (30 -0.0399) (31 0.0373) (46 0.0367) (74 0.0364) (36 0.034) (15 0.0312) (45 -0.0297) (34 -0.0283) (23 0.0255) (17 0.0244) (81 -0.0241) (24 0.0239) (73 -0.0207) (26 0.0144) (29 0.0142) (76 0.0137) (69 -0.0134) (16 0.0127) (77 0.0122) (60 -0.0122) (18 0.0113) (72 0.0112) (32 0.0112) (19 -0.011) (28 -0.011) (80 0.0102) (42 -0.0102) 
  0.00048045   (147 0.804) (52 -0.383) (50 0.228) (49 0.158) (44 0.153) (51 0.146) (55 -0.137) (53 -0.131) (48 -0.113) (56 -0.0944) (43 0.0787) (22 0.0615) (40 0.0577) (54 0.0501) (59 -0.0364) (37 -0.0331) (12 -0.0306) (30 0.0294) (31 -0.0276) (46 -0.0272) (74 -0.0268) (36 -0.0252) (15 -0.0233) (45 0.022) (34 0.0209) (23 -0.0189) (17 -0.018) (81 0.0177) (24 -0.0174) (73 0.0152) (26 -0.0106) (29 -0.0105) (76 -0.0101) 
  0.00049317   (52 -0.571) (42 0.485) (53 0.426) (51 -0.291) (49 -0.221) (44 -0.176) (56 0.176) (48 0.131) (50 -0.0993) (40 0.0876) (46 0.0632) (54 0.0627) (59 0.0552) (55 0.055) (39 -0.0528) (41 -0.0409) (69 -0.0348) (43 -0.0338) (148 0.0231) (32 0.0221) (81 -0.0204) (77 0.0199) (76 0.0194) (74 0.0188) (30 0.0162) (24 0.016) (36 0.0152) (45 -0.0144) (60 -0.0137) (80 0.0126) (72 0.0101) 
  0.00050539   (148 0.923) (42 -0.309) (52 -0.117) (40 -0.103) (53 0.0966) (51 -0.0871) (56 0.042) (30 -0.0372) (39 0.0358) (41 0.0316) (43 -0.0212) (31 0.0212) (44 0.0203) (12 0.0201) (15 0.0194) (74 0.0172) (34 -0.0166) (81 -0.0163) (37 0.0159) (48 -0.0155) (54 0.0146) (26 0.0146) (59 0.0128) (21 -0.0127) (46 -0.0117) (50 -0.0117) (19 -0.0106) 
  0.00050973   (42 0.714) (148 0.384) (52 0.316) (53 -0.258) (40 0.242) (51 0.227) (56 -0.111) (30 0.0884) (39 -0.0828) (41 -0.0733) (43 0.0532) (31 -0.0509) (12 -0.0481) (15 -0.0462) (74 -0.0426) (81 0.0406) (34 0.0392) (54 -0.0389) (37 -0.0386) (44 -0.0381) (26 -0.0345) (50 0.034) (59 -0.0339) (49 0.0329) (21 0.0305) (48 0.0295) (69 0.025) (19 0.0248) (46 0.0244) (28 0.023) (20 0.0205) (80 -0.0203) (73 0.0201) (76 -0.0201) (25 0.0197) (23 -0.0179) (36 -0.0177) (77 -0.017) (68 -0.017) (29 -0.0158) (79 0.0143) (72 -0.0138) (55 -0.0137) (17 -0.0129) (16 -0.0126) (38 -0.0123) (22 0.0121) (67 0.0108) (24 -0.0103) 
  0.00052196   (70 0.609) (69 0.512) (68 0.321) (56 -0.317) (74 0.207) (51 -0.172) (77 0.152) (59 -0.0883) (44 -0.0855) (75 0.0843) (76 0.08) (55 -0.0672) (73 0.0654) (53 0.0617) (67 -0.0577) (49 0.0566) (43 -0.0525) (54 0.0389) (146 -0.0377) (72 -0.0368) (39 -0.0347) (65 0.0304) (71 0.0293) (36 0.0291) (60 0.0273) (32 0.0238) (24 0.023) (58 0.022) (57 -0.0219) (48 -0.02) (37 0.0199) (79 0.019) (41 -0.0182) (17 0.0179) (85 -0.0177) (123 -0.0164) (23 0.0159) (52 0.015) (82 -0.0129) (45 -0.0124) (40 0.0123) (50 0.012) (19 0.0118) (90 0.0115) (129 -0.0115) (81 0.0114) (31 0.0112) (124 0.0108) (42 0.0101) (35 -0.0101) 
   0.0005589   (146 -0.771) (51 0.39) (49 -0.242) (50 -0.219) (53 -0.203) (52 -0.181) (48 0.119) (44 -0.112) (74 0.0818) (40 -0.0713) (56 0.0701) (68 0.0696) (54 -0.0616) (43 -0.0482) (42 -0.0425) (73 -0.0411) (69 0.0404) (70 0.0392) (81 -0.0337) (55 0.0313) (30 -0.0307) (12 0.0289) (15 0.0281) (46 0.0272) (31 0.0259) (67 -0.0258) (45 -0.0217) (37 0.0213) (34 -0.0195) (26 0.0191) (72 0.0184) (76 0.0177) (23 0.0176) (80 0.0166) (77 0.0159) (66 -0.0154) (19 -0.0152) (21 -0.0139) (17 0.0133) (25 -0.0128) (36 0.0126) (41 0.0114) (28 -0.0105) (24 0.0102) 
  0.00057097   (146 -0.636) (51 -0.462) (49 0.29) (50 0.265) (53 0.243) (52 0.218) (48 -0.143) (44 0.141) (74 -0.111) (68 -0.104) (40 0.0857) (70 -0.0837) (69 -0.0795) (54 0.0724) (56 -0.0655) (43 0.0619) (42 0.0509) (73 0.046) (81 0.0403) (30 0.0372) (12 -0.035) (67 0.0348) (55 -0.0338) (15 -0.0337) (46 -0.0327) (31 -0.0322) (77 -0.0281) (45 0.0272) (37 -0.0271) (76 -0.0261) (34 0.0237) (26 -0.0228) (23 -0.0224) (72 -0.0202) (80 -0.0202) (66 0.0191) (19 0.0177) (21 0.0174) (17 -0.0173) (36 -0.0172) (75 -0.0155) (25 0.0153) (59 0.0149) (24 -0.0139) (41 -0.0127) (28 0.0126) (29 -0.0112) (79 0.011) (16 -0.0107) (119 0.0104) 
  0.00059627   (39 -0.799) (40 -0.312) (41 0.249) (24 0.243) (23 0.195) (44 0.162) (43 0.128) (25 -0.127) (36 0.112) (32 0.0752) (37 0.0726) (17 0.0714) (21 -0.0507) (35 -0.0459) (42 0.0458) (26 -0.043) (30 0.0414) (50 0.0316) (18 0.0311) (56 0.0279) (16 0.0275) (45 0.0254) (38 0.0243) (34 0.0203) (55 0.0187) (51 0.0187) (28 0.0181) (19 0.0178) (29 -0.0154) (12 0.0137) (52 0.0107) 
   0.0007182   (24 0.606) (23 0.484) (25 -0.423) (39 0.293) (36 -0.139) (21 -0.132) (40 0.125) (32 -0.119) (37 -0.112) (17 0.11) (31 -0.102) (41 -0.0687) (12 0.0622) (26 -0.0567) (15 0.056) (16 0.0468) (18 0.0466) (34 0.0449) (35 0.0433) (30 0.039) (33 -0.0373) (143 0.0373) (29 -0.0346) (28 0.0307) (19 -0.0272) (44 0.0228) (20 0.0173) (27 0.0135) (50 0.013) (38 -0.0129) 
  0.00075799   (143 0.999) (24 -0.0246) (23 -0.0196) (25 0.0168) 
  0.00084985   (50 0.678) (44 -0.483) (43 -0.316) (17 0.239) (51 0.152) (55 0.124) (18 0.123) (56 0.12) (48 0.113) (45 -0.0957) (42 -0.0944) (39 -0.0908) (36 0.0785) (16 0.0606) (32 0.0604) (59 0.0511) (41 -0.0505) (40 0.0498) (37 0.0486) (52 0.0471) (54 0.0451) (46 -0.0448) (49 -0.0397) (53 0.0341) (35 -0.0319) (19 0.0315) (81 0.0309) (68 -0.0295) (30 0.0265) (26 -0.0241) (12 0.0217) (24 0.0204) (79 0.0188) (80 -0.0185) (77 0.0178) (72 -0.0154) (31 0.0154) (65 -0.0145) (21 0.0126) (33 0.0112) (60 -0.0106) (67 0.0106) (47 -0.0104) (85 -0.0102) 
  0.00087206   (17 0.797) (18 0.427) (16 0.184) (44 0.163) (23 -0.153) (50 -0.147) (24 -0.128) (43 0.108) (15 0.102) (21 0.101) (12 0.0738) (36 -0.07) (37 -0.0538) (32 -0.0533) (31 -0.0423) (39 0.0408) (42 0.0366) (48 -0.0341) (51 -0.0333) (45 0.03) (22 0.0282) (35 0.0243) (55 -0.024) (56 -0.0213) (34 0.018) (33 -0.0175) (41 0.0166) (20 0.0159) (49 0.0122) (54 -0.0119) (25 0.0117) (29 -0.0117) (30 0.0104) (13 0.01) 
   0.0011837   (144 -1) (145 -0.0109) 
   0.0012898   (53 -0.618) (54 0.409) (51 -0.39) (37 0.298) (36 0.234) (56 0.187) (55 0.17) (50 -0.119) (32 0.106) (52 -0.101) (40 0.0836) (49 0.0826) (44 -0.0703) (31 0.0682) (59 0.0611) (35 -0.0551) (24 0.0538) (34 -0.0523) (23 0.0514) (17 0.0477) (39 0.0447) (48 -0.0439) (68 -0.039) (43 -0.0357) (33 0.0293) (19 0.0239) (81 0.0238) (134 -0.0229) (18 0.0214) (21 -0.0211) (16 0.0191) (46 -0.0186) (38 -0.0182) (69 0.018) (30 -0.0178) (80 -0.0164) (73 0.0155) (41 -0.0146) (45 -0.0145) (77 0.0142) (29 0.014) (67 0.014) (79 0.0138) (57 0.0127) (42 0.0126) (60 -0.0106) (75 0.0106) (20 -0.0102) 
   0.0013765   (37 0.631) (36 0.444) (53 0.258) (39 0.235) (44 0.219) (51 0.189) (54 -0.168) (43 0.151) (32 0.149) (31 0.138) (34 -0.127) (134 -0.115) (50 0.103) (40 0.0905) (35 -0.0895) (30 -0.0841) (42 0.0761) (23 0.0686) (24 0.0609) (56 -0.0562) (55 -0.0535) (33 0.0524) (17 0.0508) (52 0.0474) (38 -0.0472) (12 0.0448) (21 -0.0417) (29 0.0406) (41 0.0391) (15 0.0365) (45 0.0311) (49 -0.0273) (16 0.0256) (18 0.022) (59 -0.0213) (26 0.0201) (25 -0.0197) (28 -0.0187) (135 0.0133) (81 -0.0132) (68 0.0104) (22 -0.0102) (20 -0.0101) 
   0.0014265   (134 -0.987) (135 0.11) (37 -0.0803) (36 -0.0572) (39 -0.0282) (44 -0.0235) (32 -0.0199) (31 -0.0177) (43 -0.0165) (34 0.016) (133 -0.0159) (53 -0.0159) (51 -0.0128) (40 -0.0125) (35 0.0117) (30 0.0102) (54 0.0101) 
   0.0016192   (8 -0.983) (36 0.111) (37 -0.11) (31 0.0489) (34 -0.0392) (1 -0.0364) (33 0.0342) (40 0.0293) (131 0.0193) (30 -0.0188) (12 -0.0166) (32 -0.0163) (29 0.0155) (44 0.0103) 
   0.0016903   (131 0.753) (36 0.399) (37 -0.39) (31 0.183) (34 -0.137) (8 0.13) (33 0.116) (40 0.0975) (30 -0.0915) (32 -0.0643) (29 0.057) (15 0.0485) (12 0.0473) (35 0.0387) (44 0.037) (26 0.0365) (19 -0.0296) (21 -0.029) (27 -0.0277) (28 -0.0235) (23 0.0208) (54 -0.0182) (39 -0.0168) (45 0.0155) (38 0.0133) (41 -0.013) (48 -0.0116) (24 0.0104) 
   0.0018694   (131 0.658) (36 -0.459) (37 0.449) (31 -0.211) (34 0.158) (33 -0.134) (8 -0.12) (40 -0.112) (30 0.105) (32 0.0741) (29 -0.0657) (15 -0.0555) (12 -0.0536) (35 -0.0446) (44 -0.0426) (26 -0.0419) (19 0.034) (21 0.0333) (27 0.0319) (28 0.0271) (23 -0.0239) (54 0.021) (39 0.0194) (45 -0.018) (38 -0.0153) (41 0.015) (48 0.0134) (24 -0.012) (17 -0.0112) (16 -0.011) 
   0.0021766   (31 0.657) (33 0.466) (30 0.438) (36 -0.26) (54 -0.151) (34 0.117) (32 -0.113) (29 0.0853) (51 -0.0726) (37 0.0693) (38 -0.0608) (35 -0.0599) (53 -0.0582) (49 -0.0501) (50 0.0383) (75 -0.0377) (23 0.0345) (55 0.0344) (128 0.0299) (44 0.0273) (52 -0.0242) (39 0.0233) (41 0.0232) (48 -0.021) (28 0.02) (27 -0.0171) (59 -0.0167) (17 0.0147) (19 0.0142) (40 -0.0119) (76 0.0116) (72 0.0114) (71 0.0109) 
   0.0021974   (75 -0.669) (76 0.409) (128 0.311) (72 0.241) (73 -0.226) (67 -0.198) (81 0.167) (71 0.143) (77 -0.127) (68 0.113) (59 -0.0893) (70 -0.0831) (65 -0.064) (83 -0.0614) (69 0.0596) (80 -0.0592) (56 -0.0509) (55 -0.0487) (82 -0.0474) (51 -0.047) (78 -0.0447) (60 -0.0446) (84 -0.0437) (31 -0.0392) (66 -0.0365) (63 0.0363) (44 -0.0337) (38 -0.0322) (61 -0.0294) (30 -0.0281) (36 0.0272) (111 0.0268) (74 -0.026) (124 0.0259) (43 -0.0241) (87 0.0241) (33 -0.0224) (54 -0.0207) (79 -0.0189) (49 0.0188) (39 -0.0182) (125 0.0178) (53 -0.0178) (89 -0.0171) (62 0.017) (135 0.0163) (47 -0.0155) (93 -0.0148) (58 -0.0132) (110 0.0132) (99 0.0125) (64 0.0124) (32 0.012) (108 -0.0116) (41 -0.0113) (40 0.0111) (100 -0.0108) (35 -0.0104) 
   0.0024585   (128 0.644) (54 0.57) (51 0.253) (53 0.23) (75 0.151) (55 -0.147) (49 0.144) (50 -0.12) (52 0.0904) (31 0.0867) (33 0.0816) (76 -0.0809) (72 -0.0703) (59 0.0654) (30 0.0538) (56 0.0479) (71 -0.045) (68 0.0399) (44 -0.0399) (38 -0.0396) (125 0.0361) (48 0.0341) (74 0.033) (124 0.0299) (80 0.0262) (69 -0.0256) (66 0.0242) (85 0.0241) (43 0.0241) (29 0.0221) (65 0.0206) (78 0.0187) (62 -0.0183) (73 0.0182) (87 -0.0176) (67 0.0165) (81 -0.0162) (36 -0.0161) (23 0.0155) (34 0.0146) (98 -0.0139) (88 0.013) (70 -0.0128) (123 0.0126) (46 0.0117) (84 -0.0116) (32 -0.0116) (90 -0.0103) (42 -0.0101) 
   0.0025523   (128 0.696) (54 -0.512) (51 -0.21) (53 -0.202) (75 0.161) (55 0.157) (49 -0.14) (50 0.111) (76 -0.109) (31 -0.091) (68 -0.0875) (33 -0.0856) (73 0.0848) (52 -0.0828) (67 0.074) (81 -0.059) (30 -0.0561) (38 0.0541) (44 0.0512) (70 0.049) (77 0.0478) (72 -0.0437) (83 0.0301) (48 -0.0298) (84 0.0297) (135 -0.0295) (29 -0.0255) (85 -0.0248) (71 -0.0228) (129 -0.0212) (56 -0.021) (61 0.02) (59 -0.0195) (74 -0.0187) (60 0.0175) (35 0.0158) (23 -0.0156) (47 0.0153) (34 -0.0151) (124 0.0151) (63 -0.0144) (130 0.014) (36 0.0138) (82 0.0137) (40 -0.0128) (58 0.0117) (43 -0.0114) (41 0.0108) (98 0.0107) (88 -0.0105) (46 -0.0103) (32 0.0101) (90 0.01) 
   0.0026983   (25 0.848) (23 0.324) (24 0.281) (55 0.176) (26 0.135) (32 -0.0907) (59 -0.076) (44 0.0568) (19 0.0539) (17 0.053) (39 0.0518) (22 0.0511) (36 -0.0453) (56 -0.0409) (54 0.0392) (40 -0.0359) (51 0.0327) (31 -0.0318) (37 -0.0317) (18 0.0286) (43 0.0271) (15 -0.0268) (30 -0.0266) (41 0.0242) (53 0.0216) (28 -0.0198) (50 0.019) (16 0.0178) (33 -0.0163) (81 -0.0155) (68 0.015) (69 -0.0149) (29 0.0145) (14 -0.0142) (21 -0.0116) (60 0.0114) (72 0.0113) (121 0.0105) (20 -0.0104) (119 0.0104) (42 0.0103) (12 -0.0101) 
   0.0027599   (59 0.9) (56 -0.276) (55 -0.184) (60 -0.138) (69 -0.0896) (25 0.0855) (54 -0.0839) (58 0.064) (68 0.0605) (53 -0.0598) (72 0.0583) (44 -0.0417) (23 0.0409) (24 0.0384) (74 0.0379) (67 -0.0379) (130 -0.0377) (81 0.0376) (49 -0.0363) (129 -0.0321) (51 -0.0305) (121 0.0291) (61 -0.0264) (65 0.0257) (111 -0.0242) (76 0.0239) (50 -0.0217) (57 -0.0208) (85 0.0197) (66 0.0181) (123 -0.0176) (36 0.0171) (19 0.0167) (15 -0.0149) (77 0.0145) (110 -0.0142) (17 0.0141) (52 -0.0138) (120 -0.0135) (109 -0.0132) (122 -0.0129) (78 0.0128) (70 -0.0123) (42 -0.0122) (71 0.0121) (30 0.0116) (41 -0.0114) (12 -0.0109) (80 -0.0106) (48 0.0101) 
   0.0030352   (130 -0.677) (129 -0.464) (55 -0.459) (56 0.245) (54 -0.0929) (25 0.088) (59 -0.0784) (51 -0.0644) (43 -0.0576) (69 0.0574) (68 -0.0556) (53 -0.0458) (44 -0.0439) (24 0.0436) (72 -0.0419) (52 0.0411) (23 0.0399) (65 -0.0306) (81 0.0285) (67 0.0278) (50 -0.0227) (77 0.0208) (79 0.0194) (75 0.0186) (49 -0.0183) (19 0.0178) (17 0.0174) (36 0.0174) (80 -0.0173) (66 -0.016) (39 -0.0153) (45 -0.0148) (40 0.0147) (15 -0.0139) (58 -0.0132) (70 0.0129) (57 0.0117) (60 0.0113) (119 -0.0104) 
    0.003543   (55 0.676) (130 -0.469) (56 -0.327) (129 -0.321) (54 0.141) (25 -0.135) (51 0.0952) (43 0.0832) (69 -0.0751) (68 0.0749) (53 0.0712) (44 0.0669) (24 -0.0664) (23 -0.0614) (52 -0.0576) (72 0.0556) (121 0.0496) (81 -0.0442) (65 0.0419) (67 -0.0368) (50 0.0347) (59 0.0331) (77 -0.0312) (49 0.0295) (79 -0.0284) (19 -0.0272) (36 -0.0265) (17 -0.0263) (75 -0.0261) (80 0.0259) (119 0.023) (122 -0.0228) (39 0.0226) (45 0.022) (40 -0.0216) (66 0.0215) (15 0.0214) (70 -0.0176) (57 -0.015) (12 0.0149) (37 -0.0145) (123 -0.0141) (58 0.0133) (18 -0.0125) (62 0.0124) (85 0.0122) (82 0.0117) (35 0.0114) (74 -0.0107) (46 0.0104) 
   0.0035703   (41 -0.886) (40 -0.335) (66 0.171) (65 0.159) (44 0.103) (85 0.0931) (39 -0.0892) (43 0.0657) (56 0.058) (36 0.0475) (126 -0.0429) (50 0.0332) (87 -0.0317) (37 0.0306) (72 -0.0235) (70 0.0226) (67 -0.0218) (31 0.0203) (75 -0.0199) (42 0.0182) (68 -0.017) (73 -0.0169) (24 0.0158) (76 0.0157) (33 0.0156) (35 -0.0155) (54 -0.0133) (23 0.0121) (77 0.012) (34 -0.0113) (62 0.0105) (17 0.0101) 
   0.0037149   (85 0.852) (126 -0.379) (87 -0.237) (81 -0.143) (41 0.0786) (82 0.0671) (125 -0.0639) (66 -0.0626) (90 0.0595) (111 0.0581) (65 -0.0537) (80 0.0499) (79 -0.0464) (91 -0.0375) (43 -0.0344) (59 -0.034) (83 -0.0331) (56 -0.0321) (40 0.0318) (51 -0.0312) (68 0.0303) (72 0.03) (93 -0.0299) (92 0.0285) (44 -0.0283) (55 -0.0263) (110 0.0257) (88 -0.0253) (84 -0.0237) (69 -0.0228) (124 0.0219) (78 0.021) (53 -0.0206) (122 0.0201) (109 -0.02) (54 -0.0195) (108 -0.0191) (94 -0.0182) (86 -0.0174) (113 -0.0139) (77 -0.0136) (96 -0.0135) (119 -0.0129) (102 0.0124) (123 -0.0113) (121 -0.0109) 
   0.0039079   (126 -0.736) (66 -0.384) (65 -0.354) (85 -0.329) (41 -0.136) (87 0.094) (125 -0.0907) (56 -0.0809) (70 -0.0623) (81 0.0573) (75 0.0553) (67 0.0544) (40 -0.05) (76 -0.0478) (72 0.0455) (77 -0.0354) (50 -0.0344) (90 -0.0332) (73 0.0321) (82 -0.0291) (68 0.0269) (111 -0.025) (71 -0.0243) (74 -0.0218) (83 0.0217) (44 -0.0216) (62 -0.0216) (63 0.0209) (39 -0.0206) (80 -0.0204) (124 0.0193) (69 0.0189) (92 -0.0176) (64 -0.0168) (49 0.0167) (54 0.0152) (36 0.0142) (53 0.0142) (109 0.0136) (79 0.013) (91 0.0122) (110 -0.0111) (88 0.0111) (94 0.0102) 
   0.0039693   (66 0.551) (126 -0.544) (65 0.505) (41 0.2) (85 -0.161) (56 0.128) (70 0.0835) (72 -0.0815) (67 -0.0721) (40 0.0721) (75 -0.0717) (76 0.063) (125 -0.0596) (68 -0.057) (77 0.0569) (73 -0.0492) (44 0.0412) (87 0.0407) (50 0.0393) (39 0.0362) (71 0.0343) (62 0.0306) (63 -0.0294) (59 0.0286) (36 -0.0284) (74 0.0279) (81 0.0256) (64 0.024) (51 0.0226) (49 -0.019) (78 -0.0181) (37 -0.0163) (79 0.0157) (93 0.0145) (24 -0.0142) (57 0.0141) (129 0.0133) (55 0.0132) (23 -0.0132) (43 0.0131) (17 -0.0121) (52 0.0118) (58 -0.0116) (31 -0.0111) (123 0.0107) 
   0.0041285   (105 0.753) (112 0.305) (101 -0.256) (100 -0.181) (106 -0.179) (107 -0.176) (72 -0.153) (69 0.121) (102 -0.118) (92 0.118) (115 0.116) (97 0.0961) (118 0.0948) (114 -0.0912) (116 -0.0908) (73 -0.0874) (68 -0.0849) (108 0.0838) (113 0.0831) (91 0.0823) (90 -0.0611) (81 -0.0555) (103 0.0511) (140 0.0411) (145 -0.0403) (111 -0.039) (75 -0.0381) (79 -0.0336) (94 0.0332) (99 0.0325) (80 0.0322) (104 -0.0321) (74 -0.0289) (59 0.0288) (70 -0.0271) (110 -0.0245) (67 0.0237) (77 -0.0227) (65 -0.0206) (98 -0.0202) (117 0.0193) (55 0.018) (121 -0.0179) (120 -0.0146) (66 -0.0103) 
   0.0041876   (140 0.988) (145 0.144) (105 -0.0283) (135 0.0132) (101 0.012) (72 0.0114) 
    0.004434   (72 -0.586) (69 0.471) (68 -0.333) (73 -0.331) (105 -0.209) (75 -0.148) (59 0.13) (81 -0.126) (74 -0.115) (55 0.105) (70 -0.0979) (67 0.0913) (79 -0.0843) (65 -0.0783) (77 -0.0752) (80 0.0736) (101 0.0688) (50 -0.0651) (106 0.0636) (112 -0.0602) (100 0.0472) (51 0.0451) (53 0.0431) (107 0.0425) (49 0.0419) (102 0.0413) (48 -0.0405) (40 0.0405) (111 -0.0373) (66 -0.0355) (104 0.0336) (115 -0.0323) (145 0.0286) (52 -0.0285) (60 -0.0283) (118 -0.0261) (91 -0.026) (85 0.0257) (42 -0.0255) (92 0.0243) (116 0.024) (114 0.0235) (54 -0.0217) (76 0.0211) (113 -0.0189) (97 -0.0187) (43 0.018) (87 0.018) (62 -0.016) (30 0.016) (46 -0.0154) (15 -0.0148) (71 0.0145) (12 -0.0143) (44 -0.0142) (32 0.014) (121 0.0138) (90 -0.0137) (103 0.0134) (78 0.0131) (39 -0.0129) (94 -0.0125) (108 -0.0124) (56 -0.0112) (19 0.0103) (82 0.0102) 
   0.0044661   (45 -0.631) (43 0.328) (80 0.294) (72 -0.274) (69 -0.27) (83 0.213) (79 -0.183) (81 0.169) (68 0.167) (93 -0.135) (87 0.135) (77 0.115) (44 -0.11) (70 0.096) (100 -0.0853) (73 -0.0679) (108 0.0654) (96 0.0587) (82 -0.0561) (84 -0.0497) (66 -0.0449) (59 -0.044) (114 -0.0432) (74 -0.0426) (85 0.0422) (51 -0.0401) (75 -0.0392) (76 0.036) (53 -0.0335) (27 0.0324) (104 -0.0323) (34 -0.0319) (48 -0.0307) (101 0.0283) (55 -0.0274) (46 0.0264) (67 -0.0256) (90 -0.0252) (50 0.0242) (157 -0.0236) (54 -0.0236) (105 -0.0229) (47 -0.0164) (37 -0.0159) (92 -0.0145) (40 -0.0143) (89 0.0139) (42 -0.0136) (10 0.0133) (35 0.0132) (56 -0.013) (39 0.0121) (62 0.012) (102 -0.0117) (49 -0.0116) (111 0.0115) (86 -0.0109) (60 0.0104) 
   0.0045716   (157 -0.999) (45 0.0282) (43 -0.0151) 
   0.0046294   (45 -0.57) (72 0.383) (69 0.356) (43 0.311) (68 -0.224) (80 -0.203) (79 0.197) (81 -0.171) (83 -0.138) (87 -0.138) (70 -0.138) (78 -0.12) (73 0.094) (44 -0.0828) (66 0.0735) (108 -0.0703) (77 -0.0691) (100 0.0676) (90 0.06) (75 0.0499) (48 -0.0455) (114 0.0454) (76 -0.0433) (74 0.0429) (67 0.0426) (59 0.0402) (104 0.0399) (82 0.038) (111 -0.038) (84 0.0372) (53 0.0367) (85 -0.0346) (42 -0.0339) (55 0.0268) (56 0.0267) (62 -0.0267) (40 0.0254) (46 0.0238) (88 -0.0229) (93 -0.0225) (157 -0.0225) (51 0.0222) (49 0.0214) (110 -0.0211) (37 -0.021) (105 0.0207) (101 -0.0203) (122 -0.0194) (92 0.0162) (71 -0.0143) (50 -0.0137) (91 0.0136) (27 0.0133) (86 -0.012) (58 0.0118) (89 0.0117) (35 0.0111) (47 -0.0107) 
   0.0048133   (27 -0.932) (132 0.353) (31 -0.0323) (45 -0.0271) (36 -0.0261) (10 0.0244) (34 -0.0217) (21 -0.0216) (37 0.0207) (43 0.0183) (26 -0.0182) (93 0.0172) (28 0.0166) (108 0.0142) (20 0.0108) (30 0.0102) 
   0.0049183   (132 0.933) (27 0.349) (10 -0.0811) (11 0.0191) (31 0.0123) 
   0.0050458   (10 0.968) (11 -0.23) (132 0.0692) (27 0.0522) (12 -0.0301) (86 0.0125) (14 -0.0105) 
   0.0051663   (4 1) 
    0.005208   (21 -0.683) (26 -0.327) (19 -0.274) (15 0.272) (30 0.217) (22 -0.213) (12 0.213) (25 0.171) (20 -0.135) (40 0.133) (28 0.113) (23 -0.11) (31 -0.106) (32 0.0873) (34 0.0748) (141 0.0677) (24 -0.0652) (29 -0.0608) (39 -0.0538) (41 -0.0392) (42 -0.0385) (16 0.0296) (48 -0.0265) (27 0.0232) (36 0.0222) (35 -0.022) (50 -0.0214) (38 -0.0186) (33 -0.0182) (44 0.0181) (81 -0.0172) (37 -0.0151) (46 -0.0146) (8 -0.0112) (79 -0.0103) 
   0.0053503   (141 0.998) (21 0.0464) (26 0.0222) (19 0.0186) (15 -0.0185) (30 -0.0147) (12 -0.0145) (22 0.0145) (25 -0.0116) (139 -0.0102) 
   0.0054146   (11 -0.86) (20 -0.301) (21 0.253) (10 -0.199) (19 -0.188) (15 0.11) (12 0.0729) (26 -0.0596) (30 0.0477) (24 0.036) (17 -0.0324) (40 0.0307) (22 0.0298) (28 0.0225) (32 0.0183) (34 0.0179) (16 0.0177) (31 -0.0168) (36 0.0159) (18 -0.0154) (39 -0.0153) (23 0.014) (25 0.0139) (29 -0.0113) (41 -0.0106) 
   0.0055753   (138 0.997) (20 -0.0409) (11 0.0355) (21 0.0342) (19 -0.0251) (139 -0.0225) (15 0.0143) 
   0.0058116   (20 0.568) (21 -0.476) (11 -0.454) (19 0.349) (15 -0.198) (26 0.119) (12 -0.117) (10 -0.116) (30 -0.0944) (138 0.0731) (24 -0.0694) (40 -0.0585) (22 -0.0582) (17 0.0572) (28 -0.0439) (31 0.0348) (32 -0.0332) (36 -0.0318) (34 -0.0305) (39 0.0304) (25 -0.0295) (23 -0.0294) (16 -0.0277) (18 0.0257) (29 0.0225) (41 0.0206) (42 0.0169) (27 0.0164) (81 0.0145) (35 0.0121) (60 -0.0112) (45 0.0102) (13 -0.0101) 
   0.0061863   (14 0.975) (43 -0.151) (45 -0.103) (44 0.0922) (13 -0.0601) (42 0.0268) (38 -0.0204) (48 -0.0187) (40 -0.0166) (50 -0.0162) (35 -0.0157) (49 0.0149) (55 0.0127) (10 0.0116) (59 0.0104) 
   0.0063239   (142 0.999) (43 -0.0361) (45 -0.023) (44 0.0224) (14 -0.0122) 
   0.0071975   (43 0.704) (45 0.45) (44 -0.438) (14 0.211) (42 -0.13) (40 0.0893) (48 0.0697) (50 0.0587) (49 -0.0577) (38 0.0554) (142 0.0513) (71 -0.0482) (35 0.0473) (51 -0.0386) (55 -0.037) (32 0.0351) (78 0.0342) (59 -0.0306) (75 -0.0297) (30 0.0289) (53 -0.0286) (62 0.0271) (41 -0.0268) (58 0.0231) (79 0.023) (76 -0.0219) (64 -0.0217) (12 -0.0198) (46 0.0192) (15 -0.0192) (66 0.0191) (111 -0.0187) (25 0.0185) (80 0.0184) (54 -0.0167) (23 0.0156) (72 0.0149) (84 -0.0142) (88 -0.0132) (47 -0.0125) (37 -0.012) (52 0.0115) (39 -0.0111) (19 0.011) (26 -0.0107) (34 0.0106) (81 -0.0106) (57 -0.0103) (21 0.0102) (85 0.0101) (29 -0.0101) (13 -0.0101) 
   0.0075737   (13 -0.971) (35 -0.203) (38 0.0606) (14 -0.0604) (12 0.0578) (32 -0.0353) (34 -0.032) (31 -0.0241) (33 0.0207) (64 -0.0129) (136 0.0121) (40 0.012) (63 -0.012) (37 -0.0117) (36 -0.0117) (30 -0.0105) 
   0.0083862   (136 0.993) (35 -0.1) (13 0.0373) (38 0.0315) (32 -0.022) (34 -0.017) (135 0.0115) (31 -0.0113) 

 Largest eigenvalues
      197.47   (162 -0.922) (163 0.324) 
      17.146   (40 0.32) (50 -0.287) (81 0.479) 
      16.131   (40 -0.313) (81 0.582) 
      7.6071   (110 -0.424) (111 -0.81) 
      4.2713   (145 0.979) 
      1.4201   (162 -0.337) (163 -0.941) 
      1.2283   (164 0.997) 
      1.2004   (165 0.998) 
      1.1411   (90 0.289) (92 -0.855) 
      1.1219   (101 -0.517) (103 -0.404) (106 -0.5) 
       1.109   (99 0.269) (101 -0.267) (103 -0.223) (106 0.79) (110 -0.231) 
      1.0378   (110 0.351) (115 -0.755) 
      1.0239   (101 0.419) (102 0.589) (103 -0.465) 
     0.93976   (99 -0.78) (101 -0.497) 
     0.91714   (110 -0.585) (123 -0.377) 
      0.8991   (107 -0.407) (110 0.408) (115 0.401) 
     0.81955   (97 -0.299) (107 0.736) 
     0.74523   (97 0.921) (107 0.218) 
     0.67508   (113 0.532) (123 0.387) (151 -0.37) 
     0.63949   (112 0.64) (113 -0.388) 
     0.60554   (107 -0.327) (109 0.577) (112 -0.366) (113 -0.501) 
     0.59837   (109 -0.705) (112 -0.354) (113 -0.304) 
     0.57202   (113 0.371) (120 0.488) (121 -0.321) (133 -0.308) (135 -0.306) 
     0.56527   (120 -0.424) (121 0.562) (123 -0.452) 
     0.55296   (117 -0.368) (118 -0.329) (119 -0.489) (121 -0.498) 
     0.54857   (117 0.825) (120 -0.244) (122 0.216) (135 -0.214) 
     0.54687   (116 0.377) (118 0.484) (119 0.32) (122 0.341) (135 -0.332) 
     0.54657   (116 -0.656) (125 -0.383) (135 -0.344) 
     0.52126   (116 0.572) (118 -0.331) (125 -0.311) 
      0.5068   (91 -0.902) (92 0.314) 
     0.50283   (118 0.436) (124 0.402) (151 0.36) 
     0.49842   (94 -0.939) 
     0.38369   (102 -0.578) (103 -0.409) (104 -0.521) 
     0.36151   (102 0.332) (103 0.512) (104 -0.61) 
     0.32603   (100 -0.488) (114 0.386) (122 0.329) 
      0.3124   (78 -0.257) (79 0.236) (86 -0.215) (87 0.625) (100 0.22) (104 0.256) 
     0.31023   (78 0.361) (79 -0.308) (100 0.544) 
     0.23603   (78 -0.391) (79 0.305) (87 -0.559) 
     0.23029   (100 -0.417) (108 0.443) (114 -0.529) 
     0.22725   (90 -0.65) (93 0.607) 
     0.22175   (90 0.428) (96 -0.492) (108 -0.435) 
     0.20675   (90 -0.377) (93 -0.533) (108 -0.362) 
      0.1713   (86 0.755) (88 0.409) 
      0.1503   (89 -0.8) (93 0.285) (96 0.283) 
     0.13472   (78 0.466) (80 -0.425) (83 -0.473) 
     0.12786   (77 0.337) (78 -0.259) (80 0.225) (89 0.266) (93 0.238) (96 0.227) (98 0.204) (114 0.21) (122 -0.239) 
     0.11576   (58 -0.42) (62 0.411) (68 -0.318) 
      0.1111   (57 0.328) (58 0.705) 
     0.10175   (57 -0.536) (62 -0.477) 
    0.092074   (57 0.564) (96 -0.288) 
    0.091314   (57 -0.505) (58 0.417) (62 0.462) 
    0.084193   (62 -0.5) (66 -0.294) 
    0.078609   (63 -0.456) (64 0.449) (65 -0.416) 
    0.075998   (61 -0.312) (63 0.6) (64 -0.355) 
    0.074791   (60 -0.616) (61 0.491) 
    0.071131   (60 0.394) (114 -0.245) (119 0.27) (124 0.243) 
    0.063247   (60 -0.377) (65 -0.229) (71 0.28) (76 -0.309) 
    0.062667   (60 0.411) (61 0.55) (67 0.294) 
    0.061205   (61 -0.506) (71 -0.307) 
     0.05789   (67 -0.531) (75 0.333) 
    0.053269   (64 -0.39) (71 0.377) (98 0.318) 
    0.049127   (63 0.335) (64 0.511) (76 -0.319) (98 0.328) 
    0.046248   (63 -0.254) (64 -0.404) (67 -0.32) (71 -0.328) (98 0.247) 
    0.045839   (71 0.301) (75 0.313) (76 0.386) (79 -0.295) (80 -0.275) (83 0.243) (88 0.297) 
    0.045006   (31 0.328) (33 -0.645) (38 -0.571) 
    0.042317   (31 -0.29) (33 0.49) (38 -0.699) 
    0.041215   (70 0.235) (71 -0.264) (73 -0.243) (84 -0.378) (98 -0.341) (119 -0.27) (125 0.248) 
    0.039341   (47 0.737) (98 -0.244) 
    0.037982   (47 -0.552) (70 -0.336) (71 0.313) (73 0.354) 
    0.030946   (18 0.489) (28 -0.662) (29 0.41) 
    0.029438   (16 0.733) (17 -0.336) (18 0.307) (28 0.415) 
    0.027165   (16 0.564) (18 -0.62) (28 -0.433) 
    0.024656   (28 0.33) (29 0.724) 
    0.020779   (29 -0.325) (84 0.55) (88 -0.392) 
    0.020459   (119 0.294) (125 0.365) (133 0.608) (135 -0.334) 
    0.020254   (127 0.578) (160 -0.808) 
    0.018125   (127 0.577) (160 0.313) (161 0.754) 
    0.015326   (127 0.577) (160 0.496) (161 -0.648) 
     0.01509   (32 0.394) (34 -0.8) 
    0.014254   (137 -0.995) 
