 1 31.6228
 2 21.8835
 3 1.90381
 4 31.6228
 5 15.9601
 6 11.4306
 7 31.6193
 8 1.01966
 9 31.4253
 10 29.6536
 11 0.983967
 12 27.8515
 13 31.6228
 14 31.5828
 15 0.904347
 16 31.6228
 17 31.5365
 18 1.00344
 19 31.6228
 20 26.7301
 21 5.95889
 22 31.6228
 23 30.1191
 24 2.5182
 25 15.1517
 26 14.914
 27 1.93109
 28 31.3459
 29 9.87006
 30 12.1451
 31 21.6702
 32 2.7294
 33 27.7344
 34 14.3964
 35 6.92178
 36 16.6834
 37 31.4255
 38 31.5553
 39 1.38546
 40 24.3762
 41 31.0753
 42 1.29382
 43 21.7181
 44 28.7863
 45 1.89041
 46 31.5731
 47 12.3651
 48 20.9975
 49 30.4759
 50 13.4103
 51 14.1455
 52 9.1639
 53 30.6793
 54 16.356
 55 9.15977
 56 11.9337
 57 29.2677
 58 8.84516
 59 8.87662
 60 10.4926
 61 4.39997
 62 1.32516
 63 21.2382
 64 16.2841
 65 0.96924
 66 21.1485
 67 29.8184
 68 3.31501
 69 31.6209
 70 31.6228
 71 28.282
 72 4.86029
 73 31.6138
 74 1.35707
 75 31.5685
 76 31.3529
 77 1.38101
 78 29.7038
 79 31.6021
 80 2.04865
 81 30.9275
 82 31.4156
 83 15.5386
 84 1.39562
 85 10.1373
 86 1.41635
 87 31.3794
 88 1.09729
 89 1.04245
 90 1.24552
 91 2.45469
 92 18.2072
 93 26.9409
 94 22.2765
 95 28.8401
 96 30.2411
 97 16.3158
 98 15.3717
 99 9.0222
 100 26.8703
 101 30.3213
 102 9.92111
 103 11.6208
 104 10.7667
 105 10.8027
 106 12.2481
 107 12.336
 108 12.4433
 109 10.2895
 110 8.31844
 111 12.7067
 112 13.9676
 113 13.3588
 114 12.5804
 115 12.5898
 116 10.799
 117 12.2273
 118 13.194
 119 11.5111
 120 8.48841
 121 10.6737
 122 6.69977
 123 7.70625
 124 5.51612
 125 5.11679
 126 6.89876
 127 4.50664
 128 8.80447
 129 7.30167
 130 7.18252
 131 4.10192
 132 4.44521
 133 4.57518
 134 5.84638
 135 2.65733
 136 6.7026
 137 2.873
 138 2.81839
 139 2.82789
 140 3.06413
 141 3.01955
 142 2.66337
 143 2.78678
 144 3.69189
 145 3.75257
 146 3.36619
 147 2.89219
 148 5.18047
 149 3.80334
 150 3.251
 151 3.50268
 152 4.71808
 153 4.38822
 154 3.50958
 155 4.36897
 156 4.81548
 157 6.76609
 158 0.163552
 159 0.279725
 160 0.271482
 161 3.73288
 162 4.20825
 163 15.9664
 164 27.2313
 165 0.568379
