 1 1000
 2 504.688
 3 21.9684
 4 1000
 5 408.322
 6 283.293
 7 999.832
 8 3.49968
 9 991.763
 10 888.428
 11 2.34522
 12 788.243
 13 1000
 14 997.905
 15 0.82516
 16 1000
 17 996.881
 18 3.07339
 19 1000
 20 838.419
 21 158.754
 22 1000
 23 950.355
 24 49.0008
 25 241.417
 26 252.694
 27 16.9945
 28 985.854
 29 197.087
 30 248.196
 31 491.072
 32 53.4942
 33 833.797
 34 213.327
 35 138.919
 36 373.121
 37 988.921
 38 997.596
 39 3.70684
 40 607.524
 41 969.832
 42 1.76183
 43 497.033
 44 862.214
 45 17.1342
 46 998.145
 47 356.934
 48 644.754
 49 942.321
 50 193.24
 51 283.828
 52 173.311
 53 952.864
 54 274.478
 55 163.113
 56 226.521
 57 891.766
 58 89.44
 59 140.453
 60 180.212
 61 22.1166
 62 1.77735
 63 465.345
 64 309.874
 65 1.68583
 66 490.189
 67 940.151
 68 61.9293
 69 999.932
 70 1000
 71 888.369
 72 111.409
 73 999.592
 74 3.08441
 75 998.038
 76 984.134
 77 3.54275
 78 887.703
 79 999.096
 80 22.4306
 81 975.721
 82 990.214
 83 257.825
 84 2.78058
 85 107.758
 86 2.53074
 87 989.453
 88 1.71238
 89 1.63966
 90 1.908
 91 8.93637
 92 413.662
 93 814.893
 94 601.37
 95 878.985
 96 940.696
 97 311.573
 98 290.255
 99 126.529
 100 765.119
 101 938.303
 102 119.903
 103 151.172
 104 132.955
 105 131.292
 106 160.411
 107 164.717
 108 168.748
 109 124.229
 110 95.5344
 111 179.503
 112 204.578
 113 189.506
 114 172.641
 115 178.475
 116 142.453
 117 170.965
 118 192.199
 119 149.979
 120 84.633
 121 122.171
 122 47.7407
 123 62.0297
 124 36.6128
 125 28.892
 126 51.8646
 127 25.7231
 128 87.6305
 129 65.9766
 130 60.1609
 131 20.0403
 132 20.7503
 133 22.2156
 134 35.3458
 135 8.50938
 136 45.9473
 137 9.57258
 138 8.92118
 139 8.98186
 140 10.3703
 141 10.7855
 142 8.46891
 143 9.05569
 144 14.8047
 145 14.9944
 146 12.4109
 147 9.89449
 148 28.9245
 149 15.8517
 150 11.81
 151 13.7015
 152 23.3269
 153 20.3322
 154 13.1868
 155 19.8356
 156 24.0416
 157 46.6631
 158 0.176305
 159 0.130568
 160 0.368461
 161 21.7567
 162 22.4006
 163 329.143
 164 803.828
 165 7.51249
