 1 53910.9
 2 656.859
 3 28.3493
 4 176304
 5 523.463
 6 363.111
 7 506547
 8 40.4114
 9 14832.4
 10 2491.68
 11 4.09588
 12 1689.12
 13 289517
 14 3976.11
 15 0.848912
 16 334616
 17 3693.97
 18 9.03057
 19 120651
 20 2152.51
 21 405.941
 22 163106
 23 3306.06
 24 167.89
 25 262.397
 26 322.797
 27 21.5454
 28 2797.82
 29 251.424
 30 314.986
 31 518.519
 32 68.2029
 33 1068.33
 34 220.088
 35 157.325
 36 424.786
 37 1527.28
 38 2975.39
 39 7.86119
 40 977.486
 41 4303.63
 42 2.08623
 43 682.948
 44 1480.04
 45 28.6764
 46 8904.57
 47 1017.44
 48 1600.11
 49 1863.29
 50 196.095
 51 345.502
 52 210.404
 53 2914.31
 54 308.207
 55 220.429
 56 312.646
 57 970.743
 58 90.5915
 59 147.376
 60 190.299
 61 22.4778
 62 1.77981
 63 490.987
 64 312.404
 65 1.69591
 66 499.974
 67 3407.92
 68 215.479
 69 144962
 70 172892
 71 2254.28
 72 279.514
 73 17230.7
 74 24.8723
 75 15216.5
 76 8346.57
 77 6.17658
 78 1924.5
 79 8599.61
 80 69.1007
 81 2742.05
 82 1579.37
 83 282.997
 84 2.9141
 85 137.986
 86 2.82703
 87 5030.1
 88 1.7126
 89 1.63968
 90 1.90826
 91 9.86544
 92 484.421
 93 1475.93
 94 1078.69
 95 1991.42
 96 2146.42
 97 327.673
 98 303.595
 99 127.899
 100 909.514
 101 1492.99
 102 124.142
 103 154.058
 104 134.21
 105 132.142
 106 161.048
 107 165.45
 108 169.666
 109 125.242
 110 97.406
 111 180.682
 112 205.503
 113 190.195
 114 173.089
 115 178.972
 116 143.32
 117 171.523
 118 192.539
 119 150.561
 120 85.8441
 121 122.815
 122 48.2573
 123 64.094
 124 37.1378
 125 29.6541
 126 52.2853
 127 27.0923
 128 90.1788
 129 67.1416
 130 61.0829
 131 20.3791
 132 21.0165
 133 22.5753
 134 36.3403
 135 8.77836
 136 46.4032
 137 9.93511
 138 9.22349
 139 9.26863
 140 10.9615
 141 11.5081
 142 8.89873
 143 9.52127
 144 15.2855
 145 15.2874
 146 12.7523
 147 10.4416
 148 30.1807
 149 16.5451
 150 12.1101
 151 14.0206
 152 23.8031
 153 21.3161
 154 13.5805
 155 20.1946
 156 24.272
 157 46.9251
 158 0.215656
 159 0.136201
 160 0.414174
 161 26.5925
 162 24.3467
 163 1413.63
 164 3048.88
 165 13.8311
