 Smallest eigenvalues
  1.9258e-06   (9 1) 
  2.9885e-06   (48 -0.634) (49 -0.456) (51 0.385) (42 -0.209) (154 -0.199) (52 -0.19) (53 0.139) (55 -0.127) (43 0.126) (78 0.122) (14 0.113) (46 0.0804) (34 0.0657) (11 0.0592) (47 -0.0591) (56 0.0534) (62 -0.0533) (54 0.05) (25 0.0411) (45 0.0396) (44 -0.0381) (38 0.0365) (40 0.0344) (24 0.0322) (71 -0.0281) (61 0.0268) (36 0.0243) (60 -0.0238) (13 0.0228) (68 0.0226) (17 0.0203) (79 -0.0189) (73 -0.0185) (29 -0.017) (30 -0.0169) (39 0.0164) (57 0.0162) (66 0.0152) (84 0.0144) (76 -0.0142) (72 0.0141) (37 -0.0134) (80 0.0128) (88 0.0128) (31 0.0124) (35 -0.0119) (50 0.0119) (21 0.0104) 
   3.454e-06   (154 -0.98) (48 0.129) (49 0.0929) (51 -0.0783) (42 0.0426) (52 0.0386) (53 -0.0281) (55 0.0259) (43 -0.0257) (78 -0.0244) (14 -0.0231) (46 -0.0164) (34 -0.0134) (11 -0.0121) (47 0.012) (56 -0.0109) (62 0.0108) (54 -0.0102) 
   5.672e-06   (4 1) 
   5.784e-06   (148 0.64) (44 0.492) (47 0.286) (42 -0.275) (43 0.244) (45 0.206) (46 -0.194) (48 0.121) (14 0.0959) (78 0.0702) (34 0.0698) (11 0.0507) (51 -0.0429) (25 0.0416) (40 0.0392) (24 0.0357) (38 0.0325) (36 0.03) (53 -0.0264) (52 -0.025) (37 -0.0246) (56 0.024) (13 0.0195) (77 -0.0195) (17 0.018) (71 -0.0173) (54 0.0166) (26 0.0161) (28 0.0151) (60 -0.015) (62 -0.0142) (55 -0.0122) (27 -0.0113) (16 0.0113) (73 -0.0108) (49 -0.0106) 
   6.131e-06   (148 0.769) (44 -0.409) (47 -0.238) (42 0.229) (43 -0.203) (45 -0.171) (46 0.161) (48 -0.1) (14 -0.0798) (78 -0.0583) (34 -0.0581) (11 -0.0422) (51 0.0357) (25 -0.0346) (40 -0.0327) (24 -0.0297) (38 -0.027) (36 -0.025) (53 0.0219) (52 0.0208) (37 0.0205) (56 -0.0199) (13 -0.0163) (77 0.0162) (17 -0.015) (71 0.0144) (54 -0.0138) (26 -0.0134) (28 -0.0126) (60 0.0125) (62 0.0118) (55 0.0101) 
  6.8952e-06   (1 -0.988) (29 -0.111) (34 -0.0536) (30 0.0528) (31 0.0517) (25 0.0307) (28 0.0253) (24 0.0235) (27 -0.0194) (33 0.0145) (26 0.0142) (14 0.0139) (36 -0.0124) (42 0.0122) (37 0.0115) 
  8.2884e-06   (155 -0.999) (29 -0.0349) (30 0.0168) (34 -0.0167) (31 0.0163) (25 0.0101) 
  1.8549e-05   (29 0.679) (30 -0.326) (34 0.326) (31 -0.317) (25 -0.196) (14 -0.184) (24 -0.16) (28 -0.156) (1 -0.155) (27 0.116) (11 -0.102) (26 -0.0902) (33 -0.0898) (37 -0.0737) (36 0.0725) (42 -0.0713) (35 -0.0591) (155 -0.0513) (20 -0.05) (78 -0.0491) (21 -0.0394) (13 -0.0375) (16 -0.0373) (32 0.0354) (39 0.0304) (17 -0.0293) (48 -0.0281) (46 -0.0228) (43 0.0187) (22 0.0185) (79 0.016) (54 -0.0145) (77 0.0138) (51 0.0137) (38 0.0134) (71 0.0131) (56 -0.0131) (50 -0.0128) (60 0.0126) (53 0.0124) (19 -0.0111) (44 0.0107) (75 -0.0104) (12 -0.0103) (40 0.0102) 
  3.5746e-05   (19 -0.569) (20 -0.53) (46 -0.382) (44 -0.278) (42 -0.229) (45 -0.158) (43 0.132) (22 -0.119) (27 -0.0893) (47 -0.0858) (16 0.0848) (48 0.0844) (17 0.0789) (29 -0.0639) (14 0.0585) (78 0.0535) (21 -0.0521) (28 -0.047) (39 0.0308) (32 -0.0305) (15 0.0296) (37 0.0294) (11 0.028) (50 0.0271) (53 -0.0244) (74 -0.0239) (34 0.0224) (72 0.0196) (18 0.0195) (35 -0.019) (24 -0.0182) (30 -0.0181) (68 0.0178) (13 0.0173) (38 0.0168) (63 -0.0159) (40 0.0154) (67 -0.015) (56 0.0122) (33 -0.0122) (61 0.0119) (71 -0.0115) (54 0.0105) (60 -0.0103) 
   9.924e-05   (158 -0.999) (46 -0.0217) (19 0.0178) (20 0.0175) (44 -0.0161) (42 -0.0137) 
  0.00010531   (46 0.512) (19 -0.402) (20 -0.397) (44 0.379) (42 0.322) (45 0.228) (48 -0.15) (47 0.136) (43 -0.12) (22 -0.085) (78 -0.082) (14 -0.0787) (34 -0.0716) (25 -0.0681) (24 -0.0671) (21 -0.0519) (11 -0.0438) (158 -0.043) (16 0.0396) (17 0.0373) (28 -0.0371) (29 -0.0361) (41 -0.0358) (40 -0.0352) (36 -0.0351) (37 0.0351) (26 -0.0341) (32 -0.0313) (38 -0.031) (56 -0.0305) (50 -0.0294) (54 -0.0271) (62 0.0263) (77 0.0225) (33 0.0219) (74 0.0214) (15 0.0197) (68 -0.0193) (53 0.0192) (72 -0.0191) (71 0.0187) (51 0.0169) (30 -0.0162) (67 0.0154) (35 -0.0151) (27 -0.0142) (18 0.0136) (81 0.0135) (66 -0.0132) (61 -0.013) (80 -0.0125) (13 -0.0125) (76 -0.012) (63 0.0119) (57 0.0101) (60 0.0101) (55 0.0101) 
  0.00010744   (3 -1) 
  0.00011436   (22 0.578) (20 -0.364) (14 0.335) (25 -0.292) (24 -0.276) (21 0.272) (19 0.252) (17 0.201) (11 0.162) (23 0.124) (34 -0.102) (30 0.0771) (13 0.0677) (16 -0.0571) (32 0.0416) (43 -0.0414) (42 0.0399) (38 -0.0395) (28 -0.0317) (31 -0.0312) (36 -0.0311) (18 -0.0279) (46 -0.026) (47 0.0247) (26 -0.0231) (29 0.0228) (15 -0.022) (40 -0.0213) (78 0.0176) (57 0.0126) (45 -0.0114) (52 -0.0109) (12 0.0106) (37 0.0103) 
  0.00019522   (159 1) 
  0.00021402   (2 -1) 
  0.00024235   (21 -0.877) (14 0.262) (25 -0.197) (24 -0.188) (17 0.182) (11 0.127) (19 0.103) (34 -0.0709) (20 0.0622) (22 -0.0557) (13 0.0524) (23 -0.0518) (157 0.0469) (30 0.0382) (26 -0.0341) (31 -0.03) (42 0.0283) (16 0.023) (36 -0.02) (47 0.017) (38 -0.0168) (28 -0.0166) (78 0.0157) (27 -0.0154) (40 -0.0139) (43 -0.0103) (44 -0.0101) 
  0.00028091   (157 0.999) (21 0.0412) (14 -0.0124) 
  0.00028414   (8 -1) 
  0.00030399   (28 -0.705) (150 -0.398) (26 -0.318) (27 0.293) (25 0.234) (14 0.148) (34 -0.145) (24 0.132) (32 -0.107) (11 0.0773) (17 0.053) (31 -0.0502) (20 0.0494) (37 0.0471) (36 -0.0461) (51 0.0452) (35 0.0445) (48 0.042) (16 0.0404) (13 0.0305) (21 0.0289) (42 0.0287) (78 0.0214) (29 -0.0166) (75 -0.0158) (49 0.0155) (19 -0.0151) (15 0.0144) (43 -0.0129) (47 -0.0122) (12 0.012) (44 0.0114) (53 0.0102) (23 -0.01) 
  0.00031353   (150 -0.917) (28 0.306) (26 0.138) (27 -0.127) (25 -0.101) (14 -0.0643) (34 0.0627) (24 -0.0571) (32 0.0466) (11 -0.0335) (17 -0.023) (31 0.0218) (20 -0.0214) (37 -0.0204) (36 0.02) (51 -0.0196) (35 -0.0193) (48 -0.0182) (16 -0.0175) (13 -0.0132) (21 -0.0125) (42 -0.0124) 
  0.00032344   (6 1) 
  0.00033139   (22 -0.592) (25 -0.422) (21 0.324) (24 -0.294) (20 0.259) (14 0.23) (153 -0.219) (23 0.218) (17 0.144) (11 0.11) (34 -0.0782) (32 -0.0751) (16 0.0648) (19 -0.0601) (28 -0.0527) (13 0.0478) (15 0.0269) (31 -0.0237) (78 0.0236) (42 0.0222) (48 0.0221) (37 0.0219) (39 0.0207) (35 0.0194) (36 -0.0179) (29 -0.0175) (12 0.0163) (73 -0.0153) (27 -0.0145) (51 0.0121) (56 0.011) (33 0.0103) 
  0.00034871   (153 -0.976) (22 0.133) (25 0.0949) (21 -0.0728) (24 0.0661) (20 -0.0582) (14 -0.0516) (23 -0.0491) (17 -0.0323) (11 -0.0246) (34 0.0175) (32 0.0169) (16 -0.0146) (19 0.0135) (28 0.0118) (13 -0.0108) 
  0.00035893   (73 -0.615) (57 -0.474) (71 -0.255) (62 0.226) (66 -0.224) (70 0.222) (74 -0.177) (52 0.155) (60 0.154) (78 -0.146) (43 0.115) (46 0.0852) (56 0.0765) (47 -0.0737) (61 -0.0675) (54 0.0649) (32 -0.0601) (42 -0.0596) (69 -0.0554) (79 0.0498) (72 0.049) (51 0.0479) (77 0.047) (65 -0.0467) (16 -0.0438) (68 -0.041) (38 0.0393) (50 0.0369) (20 -0.0367) (19 0.0347) (40 0.0278) (41 0.022) (29 -0.0218) (48 0.0209) (45 0.0206) (59 0.0205) (88 0.0197) (89 -0.0193) (30 -0.019) (123 -0.0187) (75 -0.0181) (122 -0.018) (119 -0.0173) (100 0.0162) (109 0.0161) (84 0.0158) (126 0.0156) (104 0.0151) (15 -0.015) (34 0.0148) (37 -0.0132) (25 -0.0128) (64 0.0126) (63 0.0121) (80 -0.0118) (152 -0.0117) (99 -0.0114) (67 0.0111) (14 0.0105) (125 -0.0104) (91 -0.0103) (106 -0.0102) (33 0.0101) (127 0.0101) 
  0.00040497   (73 0.658) (57 -0.406) (66 -0.28) (62 0.242) (152 -0.239) (74 0.148) (43 0.147) (70 0.137) (52 0.133) (47 -0.125) (46 0.109) (68 -0.0946) (49 0.0881) (42 -0.0856) (60 0.0837) (56 0.0774) (71 0.0738) (72 -0.0725) (14 0.0649) (61 -0.0627) (32 -0.0624) (65 -0.0558) (39 0.0511) (34 0.0489) (38 0.0485) (55 0.0474) (16 -0.0468) (53 -0.0461) (51 0.0416) (19 0.0402) (48 -0.0378) (45 0.0364) (59 0.0362) (120 0.0351) (11 0.0348) (40 0.0343) (54 0.0322) (29 -0.0313) (41 0.0306) (30 -0.0289) (79 -0.0289) (20 -0.0264) (84 0.0224) (67 0.0209) (121 -0.0185) (125 -0.0181) (31 0.0173) (78 0.0173) (89 -0.0166) (37 -0.0166) (36 0.0165) (119 -0.0164) (127 0.0163) (15 -0.0152) (22 -0.0149) (122 0.0149) (88 0.0139) (117 -0.0136) (137 -0.0127) (131 -0.0126) (64 0.0124) (63 0.0122) (13 0.0121) (23 -0.0121) (99 -0.0114) (126 -0.0105) 
  0.00042003   (152 -0.971) (73 -0.154) (57 0.106) (66 0.0715) (62 -0.0624) (43 -0.0382) (70 -0.0361) (52 -0.0351) (74 -0.0343) (47 0.0319) (46 -0.0283) (68 0.0237) (60 -0.0225) (42 0.0221) (49 -0.0218) (56 -0.0201) (72 0.0172) (32 0.0164) (14 -0.0163) (61 0.0163) (71 -0.0152) (65 0.0143) (39 -0.0128) (38 -0.0126) (34 -0.0124) (16 0.0123) (55 -0.0117) (53 0.0115) (51 -0.0109) (19 -0.0105) 
  0.00044495   (24 0.791) (25 -0.581) (54 -0.0897) (52 0.0688) (23 0.0669) (53 -0.05) (56 -0.0453) (22 0.0402) (14 0.0376) (57 0.0354) (21 -0.032) (55 -0.0318) (20 -0.0313) (47 -0.0307) (49 0.0291) (11 0.0262) (46 0.0253) (28 -0.024) (30 -0.0226) (43 0.0216) (39 0.0207) (16 0.0189) (27 0.0168) (51 0.0168) (78 0.0157) (26 -0.0154) (48 -0.0149) (32 -0.0131) (19 0.0108) 
  0.00048652   (147 0.747) (54 -0.38) (52 0.316) (56 -0.205) (53 -0.186) (57 0.131) (55 -0.129) (43 0.12) (47 -0.108) (49 0.0889) (51 0.0848) (46 0.0839) (24 -0.0765) (25 0.0742) (42 -0.0741) (48 -0.0582) (14 0.049) (34 0.0402) (60 -0.0375) (73 -0.0374) (32 -0.034) (62 -0.0319) (45 0.0305) (38 0.0295) (78 0.0292) (40 0.0251) (50 -0.0251) (11 0.0249) (16 -0.0239) (39 0.0216) (71 -0.0203) (29 -0.0201) (19 0.0186) (23 -0.0173) (41 0.0158) (36 0.0152) (37 -0.0132) (66 0.0131) (61 0.0113) (30 -0.0105) (120 0.0101) 
  0.00049177   (147 0.664) (54 0.428) (52 -0.356) (56 0.231) (53 0.21) (57 -0.147) (55 0.146) (43 -0.135) (47 0.122) (49 -0.1) (51 -0.0954) (46 -0.0945) (42 0.0834) (24 0.0819) (25 -0.0804) (48 0.0655) (14 -0.0554) (34 -0.0453) (60 0.0422) (73 0.0421) (32 0.0383) (62 0.0359) (45 -0.0344) (38 -0.0332) (78 -0.0328) (50 0.0282) (40 -0.0282) (11 -0.0282) (16 0.0268) (39 -0.0244) (71 0.0228) (29 0.0225) (19 -0.021) (23 0.0192) (41 -0.0178) (36 -0.0171) (37 0.0149) (66 -0.0148) (61 -0.0128) (30 0.0119) (13 -0.0111) (120 -0.0111) 
  0.00049932   (55 0.657) (53 0.488) (39 -0.379) (52 0.295) (57 0.167) (43 0.133) (40 0.103) (42 -0.0992) (47 -0.0742) (54 -0.0654) (49 0.0551) (46 0.0548) (60 -0.0497) (48 -0.0479) (78 0.0454) (56 0.0447) (51 0.0397) (34 -0.0378) (71 -0.0306) (45 0.0304) (36 -0.0209) (151 -0.0179) (50 -0.0168) (20 -0.0164) (25 -0.0156) (70 0.0154) (73 -0.0145) (69 -0.0133) (62 -0.0127) (77 -0.0114) 
  0.00052673   (151 -0.971) (39 0.209) (55 0.0608) (40 -0.0429) (53 0.0424) (34 0.0381) (52 0.0297) (14 0.0212) (42 0.0192) (37 -0.017) (57 0.0168) (32 -0.0159) (36 0.0158) (38 0.0151) (43 -0.015) (25 0.0142) (78 0.0119) (49 -0.0118) (48 0.0113) (11 0.0106) (29 -0.0105) 
  0.00055623   (39 -0.822) (55 -0.297) (151 -0.238) (53 -0.209) (40 0.167) (34 -0.152) (52 -0.143) (14 -0.0858) (57 -0.0808) (42 -0.0706) (37 0.0687) (32 0.0653) (36 -0.0626) (38 -0.0612) (25 -0.0568) (78 -0.0518) (43 0.0511) (49 0.0441) (11 -0.0433) (48 -0.0426) (29 0.0425) (73 0.0391) (56 -0.0319) (23 0.0317) (51 -0.0308) (35 0.0289) (60 0.028) (24 -0.0269) (47 -0.026) (71 0.0246) (19 -0.0234) (16 0.0223) (50 -0.0203) (13 -0.0173) (31 -0.0163) (28 -0.0151) (62 0.0145) (66 -0.0137) (27 0.0135) (41 -0.0134) (77 0.0133) (79 0.0132) (45 0.0125) (26 -0.0111) (69 0.0105) (68 -0.0105) (54 0.0104) 
  0.00058796   (70 -0.743) (71 0.521) (57 -0.271) (52 0.144) (73 -0.142) (49 -0.122) (48 0.0763) (51 0.0715) (69 0.0693) (60 0.0665) (50 0.0557) (43 0.0497) (74 -0.0474) (62 0.0474) (68 0.0426) (46 0.0359) (32 -0.0321) (55 0.0318) (149 0.0316) (84 0.0299) (75 -0.0298) (76 0.0252) (20 -0.0249) (16 -0.0242) (61 -0.0231) (38 0.0225) (42 -0.0216) (56 0.0215) (65 -0.0204) (40 0.0198) (125 -0.0191) (88 0.0188) (19 0.018) (72 0.0173) (39 -0.0167) (123 -0.0165) (77 0.0147) (127 0.0146) (79 -0.0129) (66 -0.0125) (29 -0.0123) (100 0.0122) (41 0.012) (89 -0.012) (126 0.0119) (97 -0.0117) (104 0.0115) (119 -0.0112) 
  0.00059611   (149 0.855) (49 0.355) (48 -0.18) (52 -0.142) (51 -0.124) (47 -0.121) (50 -0.116) (54 0.0923) (43 0.0905) (42 -0.0654) (70 -0.0602) (73 -0.0588) (39 0.0501) (46 0.05) (53 0.0437) (45 0.042) (14 0.0364) (78 0.0319) (34 0.0286) (62 -0.0247) (32 -0.0242) (66 0.024) (55 -0.0236) (11 0.0183) (38 0.0182) (57 0.0181) (29 -0.0169) (68 0.0164) (16 -0.016) (71 0.0149) (19 0.0145) (23 -0.0129) (79 -0.0128) (25 0.0123) (40 0.0113) (72 0.0108) (37 -0.0107) (41 0.0106) 
  0.00062914   (49 -0.58) (149 0.517) (48 0.293) (52 0.226) (47 0.201) (51 0.2) (50 0.188) (43 -0.153) (54 -0.153) (70 0.145) (42 0.11) (73 0.106) (46 -0.0851) (39 -0.0817) (53 -0.0722) (45 -0.0697) (14 -0.0605) (71 -0.0564) (78 -0.0532) (34 -0.0479) (32 0.0423) (66 -0.0391) (62 0.038) (55 0.0371) (38 -0.0316) (11 -0.0306) (68 -0.0298) (29 0.0288) (16 0.0281) (19 -0.0252) (79 0.022) (23 0.0213) (40 -0.0201) (25 -0.0199) (72 -0.019) (41 -0.0184) (37 0.0183) (74 0.0156) (120 -0.0154) (30 0.0152) (36 -0.0148) (31 -0.0145) (57 -0.0127) (77 0.012) (13 -0.0118) (22 0.0116) (60 -0.0109) 
   0.0006703   (38 0.88) (23 -0.201) (20 -0.17) (19 0.164) (22 -0.146) (40 -0.144) (43 -0.138) (39 -0.137) (16 -0.113) (32 -0.0859) (42 0.0708) (41 -0.0671) (46 -0.0663) (37 -0.0634) (47 0.0513) (52 -0.0408) (14 0.0348) (57 0.0335) (15 -0.0331) (21 0.0282) (36 -0.0218) (11 0.0187) (24 0.0178) (18 -0.0164) (33 0.0155) (54 -0.0153) (30 -0.0152) (56 -0.0147) (51 -0.0141) (25 -0.0131) (45 -0.013) (78 -0.0113) (48 -0.0105) 
  0.00079787   (23 -0.581) (22 -0.401) (20 -0.343) (19 0.338) (38 -0.336) (32 0.219) (16 -0.167) (29 0.121) (14 0.115) (21 0.105) (24 0.0966) (30 0.0903) (34 -0.0647) (11 0.0588) (31 -0.0494) (15 -0.0485) (25 0.0471) (142 0.0438) (37 0.0408) (18 -0.0337) (33 -0.032) (40 0.0277) (26 0.0273) (13 0.0193) (28 0.0177) (17 0.0174) (42 0.017) (43 -0.0161) (47 0.0134) (35 0.0121) (49 -0.0118) (48 0.0113) 
  0.00086005   (142 0.999) (23 0.0266) (22 0.0184) (20 0.016) (19 -0.0157) (137 -0.0139) 
  0.00093114   (48 0.399) (52 -0.39) (47 -0.384) (46 0.351) (43 0.313) (16 -0.284) (49 -0.282) (51 -0.192) (50 0.158) (57 0.141) (42 -0.114) (56 -0.0988) (41 0.0914) (32 -0.086) (54 -0.0777) (17 -0.0709) (53 0.0606) (14 0.0553) (45 0.0529) (38 0.0528) (15 -0.0528) (78 -0.0503) (40 0.0443) (25 -0.0317) (39 0.0306) (19 -0.0304) (60 -0.0285) (11 0.0272) (30 -0.0245) (29 -0.0207) (24 -0.0181) (33 0.0156) (77 0.0154) (70 0.0141) (37 -0.0139) (44 -0.0136) (84 0.0127) (20 -0.0124) (55 0.011) (31 0.0108) (36 -0.0108) (21 -0.0106) 
   0.0011067   (16 -0.799) (19 -0.321) (17 -0.241) (14 0.193) (20 0.166) (15 -0.135) (43 -0.125) (47 0.124) (46 -0.115) (32 0.109) (48 -0.1) (11 0.0922) (52 0.0893) (49 0.067) (42 0.0582) (30 0.0527) (23 0.0519) (22 0.0513) (29 0.0504) (51 0.0441) (50 -0.0423) (34 -0.0397) (38 -0.0381) (41 -0.0358) (13 0.033) (39 -0.0308) (18 0.0306) (57 -0.0269) (31 -0.0243) (40 -0.0228) (56 0.022) (45 -0.022) (54 0.0178) (21 -0.0169) (33 -0.0165) (37 0.0156) (78 0.014) (24 0.0135) (53 -0.0108) (25 -0.01) 
    0.001244   (146 -1) (137 -0.0174) 
   0.0013064   (54 0.689) (56 -0.345) (52 0.331) (32 -0.274) (57 0.234) (34 0.191) (36 0.179) (55 -0.129) (29 -0.0932) (37 0.0877) (39 -0.0811) (51 0.0779) (16 -0.0741) (50 0.0705) (19 0.0658) (30 -0.0653) (33 0.0629) (48 0.0616) (20 -0.0576) (46 0.0529) (38 -0.0519) (78 -0.046) (35 -0.041) (53 -0.0403) (31 0.0393) (60 -0.0388) (49 -0.0385) (47 -0.0329) (43 0.0262) (15 -0.0257) (14 0.0227) (23 -0.02) (72 0.0176) (73 0.0166) (71 0.0166) (79 0.0165) (139 0.0156) (70 0.0156) (22 -0.0142) (66 -0.0138) (25 -0.013) (68 -0.0128) (119 -0.0111) (77 0.0109) (26 -0.0109) (11 0.0109) (123 -0.0104) 
   0.0014913   (32 -0.476) (34 0.414) (36 0.4) (54 -0.313) (37 0.212) (52 -0.199) (38 -0.175) (43 -0.171) (39 -0.168) (29 -0.163) (56 0.144) (139 0.125) (33 0.116) (30 -0.107) (42 0.105) (35 -0.0846) (46 -0.0825) (19 0.0812) (57 -0.0782) (16 -0.0763) (47 0.0744) (31 0.0722) (14 0.0714) (41 -0.0583) (51 -0.0572) (40 -0.0569) (55 0.0558) (20 -0.0533) (11 0.0377) (23 -0.0373) (50 -0.0277) (53 0.025) (78 0.0238) (45 -0.0223) (15 -0.022) (22 -0.0197) (73 -0.0162) (137 -0.0162) (48 -0.014) (60 0.0138) (26 -0.0121) (13 0.0119) (71 -0.0113) 
   0.0015279   (139 0.984) (137 -0.124) (32 0.0654) (34 -0.056) (36 -0.054) (37 -0.0285) (54 0.0285) (38 0.0231) (39 0.0227) (29 0.0224) (43 0.021) (52 0.0196) (33 -0.0158) (30 0.0148) (42 -0.0134) (56 -0.0127) (19 -0.0116) (35 0.0115) (16 0.0111) 
   0.0015381   (11 0.843) (14 -0.347) (36 -0.285) (13 -0.195) (34 0.156) (12 -0.121) (30 -0.0578) (134 -0.0345) (29 -0.0322) (31 0.0286) (37 0.0273) (38 -0.0259) (15 -0.024) (42 0.0191) (32 -0.019) (43 -0.0166) (39 -0.015) (72 -0.0127) (45 -0.0121) (40 -0.0106) 
   0.0016249   (134 -0.803) (36 -0.459) (34 0.261) (11 -0.176) (14 0.14) (30 -0.0838) (13 0.0584) (29 -0.0544) (31 0.0441) (38 -0.0388) (37 0.0388) (32 -0.0354) (42 0.032) (39 -0.0319) (12 0.0315) (43 -0.0225) (25 0.0195) (40 -0.0175) (19 0.0165) (24 0.0153) (45 -0.0152) (47 0.012) (53 0.0119) (18 -0.0112) (17 0.011) (55 -0.0109) 
   0.0018692   (36 0.635) (134 -0.596) (34 -0.361) (11 0.189) (14 -0.168) (30 0.116) (29 0.0751) (13 -0.0675) (31 -0.0611) (37 -0.0539) (38 0.0538) (32 0.0488) (42 -0.0442) (39 0.0438) (12 -0.0355) (43 0.0313) (25 -0.0264) (40 0.0243) (19 -0.0226) (45 0.0212) (24 -0.0202) (47 -0.0166) (53 -0.0163) (18 0.0154) (17 -0.0152) (55 0.015) (16 0.0126) (48 -0.0122) (78 -0.0121) (51 0.012) 
   0.0019954   (30 -0.735) (31 0.363) (32 0.345) (29 -0.245) (53 0.202) (55 -0.153) (36 0.139) (28 -0.084) (33 -0.0804) (34 -0.0798) (51 -0.0706) (50 -0.0616) (35 0.0596) (52 0.0567) (71 -0.0544) (19 0.0518) (24 -0.051) (16 -0.0463) (25 -0.0443) (70 -0.0405) (69 -0.0398) (37 -0.0351) (48 0.033) (54 -0.0314) (68 0.0313) (49 -0.0285) (46 -0.0266) (40 -0.0263) (72 0.0262) (27 0.0256) (74 0.0255) (20 -0.023) (73 0.0211) (47 0.0197) (26 -0.0191) (60 0.0187) (78 -0.0181) (130 0.0176) (56 -0.0163) (62 0.0163) (57 -0.0159) (45 -0.0156) (42 0.0146) (41 0.0143) (65 0.0136) (43 -0.0119) (18 -0.01) 
   0.0020437   (71 -0.53) (70 -0.373) (69 -0.35) (68 0.345) (130 0.245) (74 0.244) (78 -0.196) (72 0.194) (53 -0.171) (73 0.129) (55 0.116) (66 0.105) (67 -0.0892) (60 0.082) (77 -0.0805) (51 0.075) (57 -0.0709) (62 -0.061) (42 -0.0577) (63 -0.0573) (56 0.0573) (46 0.0558) (54 0.0535) (83 -0.0517) (80 -0.0483) (59 -0.0415) (75 0.0371) (41 0.0339) (86 -0.0333) (61 0.0306) (79 0.0296) (32 -0.0284) (65 0.0276) (81 0.0249) (109 -0.0245) (30 0.0244) (47 -0.0212) (48 0.0196) (40 0.0191) (87 -0.0181) (43 -0.0173) (107 -0.0172) (96 0.017) (34 0.0162) (84 0.0159) (110 0.0157) (89 -0.0151) (58 -0.014) (119 0.0136) (16 -0.0122) (91 0.012) (131 0.0118) (38 0.0112) (100 0.0112) (120 -0.011) (36 -0.0109) 
   0.0022435   (130 0.565) (53 -0.507) (55 0.396) (30 -0.187) (50 0.176) (71 0.174) (69 0.141) (51 0.134) (70 0.129) (52 -0.118) (31 0.0877) (72 -0.0867) (74 -0.0863) (68 -0.0813) (62 -0.0803) (73 -0.08) (32 0.0798) (54 0.0754) (48 -0.0654) (49 0.0647) (29 -0.0637) (56 0.0627) (42 -0.062) (57 0.0549) (78 0.0511) (60 -0.0505) (43 -0.0466) (45 0.0387) (46 0.0385) (131 0.0377) (65 -0.0365) (132 -0.0356) (84 -0.0295) (35 0.0293) (47 -0.027) (28 -0.0268) (81 -0.0267) (19 0.0262) (67 0.021) (16 -0.0207) (33 -0.0185) (24 -0.0181) (63 0.0163) (90 -0.016) (75 -0.0157) (88 0.0154) (80 0.015) (77 0.0148) (36 0.0146) (120 -0.0142) (25 -0.0121) (14 0.0108) (123 0.0106) (115 0.0101) 
   0.0023512   (130 0.78) (53 0.415) (55 -0.319) (30 0.144) (50 -0.127) (51 -0.119) (52 0.0827) (62 0.0765) (132 -0.0743) (131 0.0721) (54 -0.0705) (31 -0.0697) (56 -0.0628) (42 0.0627) (32 -0.0563) (68 -0.0494) (29 0.0493) (46 -0.0449) (49 -0.0443) (71 0.0403) (48 0.0401) (43 0.0392) (45 -0.0294) (66 -0.0261) (47 0.0258) (78 0.0239) (70 0.0238) (35 -0.0221) (19 -0.0213) (28 0.0212) (16 0.0199) (65 0.0174) (73 0.0172) (57 -0.0169) (84 0.0163) (83 0.0157) (24 0.0145) (77 0.0142) (74 -0.014) (33 0.0138) (59 0.0135) (67 0.0128) (86 0.0126) (90 0.0122) (81 0.0115) (79 -0.0113) (88 -0.0113) (25 0.0107) (60 0.0102) (36 -0.0101) 
   0.0025587   (23 0.709) (20 -0.331) (19 0.315) (22 -0.274) (25 0.253) (56 -0.223) (24 0.127) (16 -0.11) (32 0.108) (21 -0.108) (15 -0.0985) (29 0.0832) (52 -0.0783) (57 -0.07) (55 0.0561) (43 -0.0461) (46 -0.0421) (30 0.035) (60 0.0329) (17 -0.0321) (47 0.0299) (54 -0.0283) (12 -0.0269) (78 0.0261) (42 0.026) (26 0.0243) (38 -0.0242) (48 -0.0239) (53 0.0217) (28 0.0189) (33 -0.0175) (71 -0.0171) (37 0.0162) (120 -0.016) (13 -0.0154) (36 0.0141) (51 -0.013) (34 0.0129) (45 -0.0119) (11 -0.011) (125 -0.0106) 
   0.0026596   (60 -0.858) (56 0.312) (59 0.198) (57 -0.15) (62 -0.125) (61 0.122) (55 -0.116) (52 0.112) (78 -0.0903) (23 0.0785) (46 0.0721) (20 -0.0534) (133 0.0515) (54 0.0478) (19 0.0431) (79 0.041) (48 0.0401) (47 -0.0386) (22 -0.033) (43 0.0292) (25 0.0287) (71 -0.0285) (49 0.0274) (16 -0.0258) (63 -0.0253) (34 0.0224) (77 0.0222) (84 -0.0213) (125 -0.0208) (15 -0.0206) (109 0.0197) (68 0.0195) (69 -0.0195) (108 -0.0187) (110 -0.0185) (72 -0.0168) (70 -0.0154) (50 0.0151) (24 0.0146) (21 -0.0144) (58 0.0143) (80 -0.0141) (73 -0.0137) (120 0.0136) (44 -0.0135) (64 -0.0134) (29 0.0133) (38 0.0132) (51 -0.0132) (45 0.0129) (124 -0.0124) (40 0.0111) (74 -0.0103) (36 0.0102) (82 0.01) 
   0.0026756   (133 0.758) (56 0.464) (57 0.271) (60 0.206) (52 0.122) (50 -0.107) (55 -0.106) (23 0.102) (20 -0.07) (53 -0.0644) (19 0.0606) (43 0.0604) (62 0.0563) (46 0.0518) (59 -0.0494) (48 0.0468) (41 0.0441) (22 -0.0432) (71 0.0398) (78 -0.0396) (16 -0.0396) (54 0.0392) (47 -0.0389) (25 0.0338) (51 0.0319) (61 -0.0313) (68 -0.0221) (21 -0.0205) (84 0.0179) (15 -0.0177) (32 -0.0154) (69 0.0151) (131 -0.0151) (77 0.015) (45 -0.0139) (24 0.0137) (74 -0.0136) (120 0.0134) (40 0.0134) (65 0.0125) (38 0.0122) 
   0.0028713   (133 0.649) (56 -0.565) (57 -0.302) (60 -0.171) (52 -0.151) (55 0.133) (23 -0.125) (50 0.122) (20 0.0858) (53 0.0748) (19 -0.0741) (43 -0.0726) (46 -0.0664) (48 -0.0578) (62 -0.0556) (22 0.053) (78 0.0529) (41 -0.0507) (54 -0.0497) (47 0.0485) (16 0.0482) (71 -0.0444) (25 -0.0416) (59 0.0416) (51 -0.0359) (125 -0.0334) (61 0.0267) (124 -0.0258) (21 0.025) (68 0.0243) (15 0.0224) (84 -0.02) (120 -0.0195) (77 -0.0191) (32 0.0179) (24 -0.0171) (74 0.0167) (40 -0.0165) (69 -0.0161) (119 0.016) (38 -0.0153) (45 0.015) (122 0.015) (65 -0.014) (127 0.0125) (34 -0.0114) (131 -0.0114) (17 0.0107) 
   0.0035544   (40 0.887) (66 -0.241) (39 0.152) (84 -0.135) (43 -0.134) (65 -0.131) (41 -0.127) (62 -0.12) (38 0.1) (42 0.0866) (57 0.0722) (32 -0.061) (47 0.053) (87 0.0387) (46 -0.0364) (30 -0.034) (52 -0.0327) (50 0.0305) (16 -0.0287) (70 -0.028) (31 0.0265) (129 0.0252) (69 -0.0239) (51 -0.0237) (19 0.0223) (29 -0.0222) (20 -0.0213) (96 0.0203) (91 0.0197) (68 0.0194) (55 -0.019) (15 0.0188) (53 0.0181) (78 0.0175) (44 -0.0173) (33 0.0169) (59 -0.0166) (25 -0.0166) (73 -0.0154) (109 -0.0147) (36 -0.0134) (61 0.0133) (23 -0.0122) (37 0.0112) (54 -0.0109) (64 -0.0105) (82 0.0101) 
    0.003803   (84 -0.862) (129 0.325) (66 0.222) (87 0.166) (65 0.117) (62 0.11) (78 0.0836) (57 -0.0706) (91 0.0695) (85 0.0585) (109 -0.0469) (40 -0.0413) (43 0.0398) (52 0.0386) (96 0.0373) (92 -0.0363) (107 -0.0346) (86 -0.0325) (90 0.0319) (110 0.0313) (77 -0.0284) (46 0.027) (119 -0.0263) (83 0.0247) (103 -0.0244) (47 -0.0241) (60 0.0232) (41 0.023) (120 0.0223) (117 -0.0222) (89 -0.0208) (56 0.02) (88 0.0195) (123 -0.0193) (94 -0.0182) (127 0.0177) (48 0.0177) (126 0.0174) (54 0.0171) (111 -0.017) (93 -0.017) (72 -0.0164) (61 -0.0162) (50 -0.0161) (114 0.0153) (112 0.0153) (124 0.014) (100 0.0132) (39 -0.013) (69 0.0127) (71 -0.0125) (49 -0.0121) (105 -0.0121) (115 -0.0117) (97 -0.0117) (51 0.0111) (104 0.0111) (108 -0.0109) (55 -0.0109) (67 -0.0107) (102 0.0104) 
   0.0040016   (129 0.681) (66 0.44) (84 0.387) (65 0.233) (40 0.216) (62 0.191) (50 0.0952) (87 -0.0819) (57 -0.0787) (70 0.07) (78 -0.0576) (69 0.053) (91 -0.047) (41 -0.0456) (39 0.0411) (68 -0.0396) (109 0.0315) (85 -0.0306) (96 -0.0296) (38 0.0291) (73 0.0267) (71 0.0249) (52 0.0247) (45 0.0238) (43 -0.023) (59 0.0225) (127 0.022) (49 0.0214) (61 -0.0207) (48 -0.0199) (32 -0.0197) (90 -0.0183) (64 0.0175) (79 0.0165) (67 -0.0163) (92 0.0163) (76 -0.0158) (107 0.0155) (103 0.0153) (74 -0.015) (110 -0.0149) (86 0.0146) (19 0.0137) (94 0.0129) (30 -0.0127) (63 -0.0127) (56 0.011) (82 -0.011) (16 -0.0106) (72 0.0105) (108 0.0104) (80 -0.0102) 
   0.0040555   (129 0.655) (66 -0.559) (65 -0.296) (62 -0.249) (40 -0.239) (57 0.115) (50 -0.0906) (70 -0.0742) (69 -0.0602) (68 0.0441) (52 -0.0441) (39 -0.0421) (41 0.0404) (38 -0.0383) (84 0.0342) (61 0.0291) (73 -0.0289) (32 0.0278) (59 -0.0271) (45 -0.0237) (64 -0.0225) (67 0.0219) (56 -0.0216) (71 -0.0189) (109 -0.0187) (16 0.0169) (19 -0.0165) (79 -0.0163) (78 0.0162) (63 0.0161) (30 0.0161) (76 0.0158) (49 -0.0157) (20 0.0153) (91 0.0153) (96 0.0148) (47 0.0146) (54 -0.0141) (93 0.0125) (46 -0.0123) (119 0.0115) (74 0.0114) (34 -0.0113) (14 -0.0111) (82 0.0111) (48 0.0111) (29 0.0109) (83 -0.0108) (127 0.0106) 
   0.0041394   (105 0.581) (96 -0.331) (103 0.288) (123 -0.267) (108 -0.203) (101 0.198) (106 -0.175) (119 0.168) (99 -0.166) (109 -0.165) (124 0.163) (107 -0.156) (112 -0.143) (110 -0.135) (98 -0.122) (102 -0.121) (122 0.11) (118 -0.0947) (114 -0.0774) (97 -0.0769) (111 -0.0762) (100 -0.0699) (117 -0.0687) (104 -0.0678) (50 0.0671) (90 -0.0657) (121 -0.0642) (113 0.0611) (115 -0.0544) (94 0.0515) (120 0.0305) (84 -0.0293) (82 -0.0292) (72 -0.0287) (116 -0.0272) (93 -0.0267) (89 0.0255) (92 0.0247) (125 0.0209) (85 -0.0173) (55 -0.0166) (91 0.0164) (53 0.0159) (80 -0.0154) (60 0.0137) (49 0.0137) (70 -0.0134) (71 -0.0125) (66 -0.0124) (81 -0.012) (56 0.0117) (79 0.0108) (51 -0.0104) (83 0.0102) 
   0.0042521   (144 0.999) (137 -0.0269) (123 -0.0252) (124 0.0157) (96 0.0104) 
    0.004284   (50 0.856) (49 0.186) (55 -0.172) (53 0.164) (56 0.135) (48 -0.134) (72 -0.124) (51 -0.114) (45 0.107) (60 0.0929) (40 -0.0875) (52 0.0742) (57 0.0739) (41 -0.0734) (15 -0.067) (123 0.0665) (66 -0.0635) (70 -0.0606) (71 -0.0605) (84 -0.0574) (82 -0.0517) (54 -0.0517) (119 -0.051) (43 -0.0505) (124 -0.0495) (62 -0.0491) (109 0.0479) (105 -0.0463) (96 -0.0429) (107 0.0421) (42 -0.0395) (65 -0.0377) (59 -0.0365) (122 -0.0326) (80 -0.0317) (69 -0.031) (68 0.0275) (23 0.0253) (87 -0.025) (44 -0.0246) (108 0.0243) (103 -0.0233) (31 -0.0215) (101 -0.0213) (81 -0.0202) (92 -0.0198) (79 0.0198) (112 -0.0193) (91 -0.0191) (117 0.019) (118 0.0186) (121 0.0183) (74 0.0182) (38 -0.0179) (46 -0.0172) (90 -0.0169) (115 0.0166) (125 -0.0163) (73 0.0161) (83 0.0156) (12 -0.0154) (111 -0.0127) (85 -0.0121) (99 0.012) (120 -0.0119) (39 -0.0112) (16 0.0108) (32 0.0104) 
    0.004396   (72 -0.593) (45 0.483) (80 -0.323) (81 -0.273) (44 -0.216) (50 -0.18) (93 -0.153) (83 0.147) (71 -0.134) (87 -0.128) (70 -0.0885) (79 0.0862) (98 -0.0783) (48 0.0751) (76 0.0685) (77 0.0646) (113 -0.0608) (107 0.0578) (41 -0.0576) (49 -0.0566) (78 0.0548) (46 -0.0535) (43 -0.0492) (97 0.0436) (105 -0.0371) (100 0.0371) (89 0.0366) (60 0.0291) (96 0.0291) (75 -0.0285) (91 0.0282) (85 -0.0274) (123 -0.0262) (42 -0.0251) (90 0.0242) (156 0.0232) (66 0.0224) (82 -0.0224) (54 0.0224) (109 -0.0213) (119 0.0206) (73 -0.0201) (62 -0.0194) (101 -0.0177) (110 0.0176) (68 0.0172) (114 0.0163) (57 -0.0157) (74 0.0155) (115 -0.0154) (104 0.0151) (103 0.0147) (51 0.014) (52 0.014) (59 -0.013) (120 0.0125) (117 -0.0119) (47 -0.0108) (124 0.0106) (36 -0.0105) 
   0.0045601   (156 0.999) (45 -0.0308) (44 0.0133) 
   0.0046451   (45 0.721) (72 0.486) (44 -0.304) (80 0.154) (79 -0.133) (81 0.116) (43 -0.109) (41 -0.102) (71 0.101) (87 0.0919) (46 -0.0897) (70 0.0714) (83 -0.0628) (48 0.0513) (40 -0.0498) (113 0.0491) (107 -0.049) (90 0.0488) (109 0.0436) (98 0.0417) (42 -0.0392) (85 0.0381) (91 0.038) (78 -0.0358) (62 0.0328) (66 -0.0328) (110 -0.0318) (49 -0.0278) (100 -0.0275) (96 -0.0272) (36 -0.0272) (105 0.0268) (156 0.0263) (50 -0.0247) (15 -0.0233) (76 -0.023) (57 0.0224) (38 -0.0223) (14 -0.0211) (123 0.0204) (117 0.0193) (75 0.0175) (93 -0.0164) (114 -0.0164) (115 0.0159) (73 0.0155) (86 -0.0152) (34 -0.0144) (60 -0.0142) (120 -0.0139) (54 -0.0133) (124 -0.0129) (104 -0.0128) (59 0.0125) (23 0.0117) (56 0.0114) (102 0.0114) (89 -0.0113) (122 -0.0107) (101 0.0107) (12 -0.0105) (13 -0.0104) (68 -0.0103) 
   0.0047351   (18 -0.965) (136 -0.244) (19 -0.0554) (15 0.0387) (17 0.0292) (16 -0.0252) (20 0.0228) (23 0.0225) (7 0.0204) (25 0.0147) (14 -0.0144) (36 0.0144) (45 0.0113) (30 0.01) 
    0.004979   (136 -0.97) (18 0.243) (19 0.014) 
   0.0051826   (7 -1) (18 -0.0193) 
   0.0053398   (5 1) 
   0.0053751   (30 -0.424) (34 -0.423) (32 -0.384) (135 0.331) (28 0.273) (29 0.235) (25 0.231) (31 -0.229) (14 0.215) (24 0.158) (36 -0.119) (11 0.112) (26 0.109) (37 0.0819) (33 0.0807) (17 0.068) (27 -0.0661) (13 0.0473) (38 -0.0401) (42 0.0401) (35 0.0399) (16 0.039) (78 0.0342) (19 -0.0334) (21 0.0313) (20 0.0276) (40 -0.0249) (43 -0.0228) (47 0.0215) (22 0.0187) (39 0.014) (48 0.0137) (15 0.0102) 
   0.0054805   (135 0.944) (30 0.149) (34 0.148) (32 0.135) (28 -0.0957) (29 -0.0825) (25 -0.0812) (31 0.0803) (14 -0.0754) (24 -0.0553) (36 0.0418) (11 -0.0395) (26 -0.0383) (37 -0.0287) (33 -0.0283) (17 -0.0239) (27 0.0232) (13 -0.0166) (38 0.014) (42 -0.014) (35 -0.014) (16 -0.0137) (19 0.0117) (78 -0.0117) (21 -0.011) 
   0.0057281   (10 -0.736) (17 -0.601) (16 0.201) (14 0.174) (11 0.0872) (25 -0.0657) (20 -0.0638) (24 -0.0629) (13 0.04) (15 0.0346) (18 -0.0301) (19 0.0282) (21 -0.0264) (34 -0.0187) (26 -0.0138) (27 0.0136) (78 0.0116) (12 0.0116) 
   0.0058775   (145 0.999) (10 0.027) (17 -0.0225) 
   0.0063113   (10 -0.676) (17 0.66) (16 -0.219) (14 -0.166) (11 -0.0835) (25 0.0745) (20 0.0742) (24 0.07) (145 0.0367) (13 -0.0344) (18 0.0324) (19 -0.0316) (15 -0.0311) (21 0.0302) (34 0.0208) (27 -0.0178) (78 -0.0146) (26 0.0131) (30 0.0122) (37 -0.0119) (42 -0.0115) 
   0.0065535   (13 0.639) (12 0.631) (41 0.311) (14 -0.222) (11 0.147) (42 0.0982) (45 0.0575) (46 -0.0536) (15 -0.0475) (50 0.0414) (40 0.0338) (43 0.0287) (47 0.0251) (48 -0.0242) (38 0.02) (34 0.0193) (44 -0.0188) (29 0.0148) (31 0.0144) (16 -0.014) (60 -0.0122) (39 -0.0115) (36 0.0113) (20 -0.0111) (109 -0.0102) 
   0.0070822   (143 -0.999) (41 0.0364) (42 0.0131) (13 -0.0114) (12 -0.0114) 
   0.0072778   (41 -0.828) (42 -0.299) (13 0.225) (12 0.224) (14 -0.141) (46 0.134) (45 -0.134) (40 -0.1) (43 -0.0952) (50 -0.0823) (34 -0.0722) (47 -0.0672) (38 -0.0592) (48 0.0537) (44 0.0491) (143 -0.0447) (36 -0.0442) (29 -0.0407) (15 -0.0406) (39 0.0399) (19 0.0394) (35 0.0332) (32 -0.031) (25 -0.0298) (31 -0.0286) (74 0.0278) (60 0.0254) (23 0.0246) (17 -0.024) (16 -0.0219) (59 0.0209) (11 0.0193) (24 -0.0191) (109 0.0184) (28 -0.0183) (49 -0.0176) (52 0.0175) (56 0.0168) (80 0.0159) (81 -0.0151) (65 0.0146) (61 -0.0141) (79 0.0137) (55 -0.0133) (84 -0.0126) (67 0.0123) (75 0.0121) (66 -0.012) (33 0.0111) (86 -0.0107) (68 0.0106) (20 -0.0105) (26 -0.0101) 
   0.0077547   (12 0.687) (13 -0.638) (31 0.262) (29 0.167) (14 0.119) (32 -0.0702) (30 0.0463) (37 -0.0258) (41 -0.0242) (34 -0.0227) (35 0.0204) (15 -0.0198) (67 0.017) (33 -0.0138) (138 0.0132) (43 0.0116) (68 0.0104) 
    0.008571   (138 0.99) (31 0.105) (29 0.066) (12 -0.0427) (13 0.0411) (32 -0.0253) (30 0.0185) 

 Largest eigenvalues
      51.006   (163 0.251) (164 0.956) 
      27.889   (14 -0.369) (32 -0.323) (34 -0.305) (78 -0.316) 
      15.319   (14 0.28) (78 -0.746) (79 0.235) 
       14.33   (109 0.689) (110 -0.471) 
       4.537   (96 -0.292) (119 -0.413) (123 0.536) (124 -0.385) 
      1.4487   (163 0.968) (164 -0.248) 
      1.2234   (162 0.996) 
      1.1468   (165 -0.996) 
      1.1416   (90 0.651) (91 -0.567) 
      1.1345   (101 0.753) (106 0.496) 
      1.1338   (101 0.347) (106 -0.779) 
     0.92508   (111 0.329) (115 -0.778) 
     0.90428   (104 0.817) (105 0.339) 
     0.86724   (99 -0.619) (100 -0.461) (103 -0.296) 
     0.86273   (111 -0.56) (112 0.348) 
      0.7594   (109 -0.297) (110 -0.389) (111 0.311) (115 0.316) (137 -0.289) 
     0.67385   (109 0.357) (110 0.635) (111 0.292) 
     0.66922   (96 -0.765) (99 0.289) 
     0.66338   (114 -0.494) (126 0.483) (137 -0.387) 
     0.60022   (111 -0.348) (112 -0.466) (114 0.527) 
     0.57741   (108 0.598) (112 0.344) (114 0.497) 
     0.57256   (108 -0.673) (112 0.394) 
     0.57062   (114 -0.333) (122 -0.45) (124 0.319) (131 -0.303) (132 -0.375) 
     0.56848   (122 0.423) (124 -0.408) (125 -0.575) 
     0.55495   (118 0.328) (120 0.658) (121 -0.325) 
     0.53905   (117 -0.501) (118 -0.638) 
     0.49596   (116 0.419) (119 -0.427) (123 -0.322) (127 -0.319) (132 -0.299) 
     0.48814   (116 -0.636) (126 0.304) (137 0.306) 
     0.47934   (116 0.553) (122 -0.331) (126 0.39) (137 0.355) 
     0.43546   (92 -0.965) 
     0.40218   (119 -0.382) (127 0.409) (137 0.392) 
     0.32541   (94 -0.926) (103 0.218) 
     0.30411   (94 0.327) (103 0.694) (104 0.338) (105 -0.386) 
     0.29835   (102 -0.834) 
     0.27005   (98 -0.474) (113 0.317) (117 -0.28) 
      0.2541   (79 -0.344) (87 -0.653) 
       0.234   (79 0.508) (98 0.56) 
     0.23029   (79 -0.504) (87 0.595) 
     0.21008   (98 -0.387) (107 0.405) (113 -0.577) 
     0.16681   (90 -0.559) (91 -0.599) (93 0.384) 
      0.1498   (91 0.317) (97 -0.549) (107 -0.407) 
     0.14116   (93 -0.625) (107 -0.363) 
     0.13173   (85 -0.809) (86 0.368) 
     0.12635   (88 -0.386) (89 -0.637) (93 0.342) (97 0.305) 
     0.11784   (72 -0.38) (80 0.386) (81 0.47) (83 -0.39) 
      0.1095   (76 0.289) (77 0.328) (80 -0.328) 
     0.10828   (59 -0.308) (65 0.331) (69 -0.338) (76 -0.313) 
      0.1038   (58 0.562) (59 0.504) 
    0.099434   (58 -0.576) (65 -0.336) (69 0.288) 
    0.094448   (58 0.407) (59 -0.361) (65 0.271) (76 0.285) (97 -0.285) (107 0.261) 
    0.088775   (58 -0.344) (59 0.562) 
    0.079421   (59 -0.335) (64 -0.394) (65 -0.421) (83 -0.295) 
    0.075913   (63 0.212) (64 0.75) (68 0.218) (69 0.21) (76 -0.212) (83 -0.217) 
    0.073818   (61 -0.604) (63 -0.374) (69 0.319) 
    0.073175   (61 0.645) (64 -0.265) (65 0.269) (69 0.248) 
    0.066991   (61 -0.27) (69 -0.258) (76 0.245) (118 0.258) (120 -0.285) 
    0.065338   (68 0.317) (74 -0.361) (77 0.321) 
    0.061284   (63 0.592) (68 -0.208) (76 -0.21) (80 -0.229) (81 0.242) (86 -0.267) 
    0.059062   (63 -0.548) (68 -0.288) (74 0.347) 
    0.055593   (63 0.272) (67 -0.305) (68 0.412) (70 0.248) (71 0.303) (76 0.277) (77 -0.296) 
    0.053323   (67 0.437) (74 -0.396) (81 -0.349) 
    0.050343   (67 -0.549) (77 0.326) 
    0.047932   (67 0.535) (68 0.355) (74 0.294) 
    0.046353   (74 -0.28) (76 0.271) (77 -0.241) (80 -0.228) (81 0.353) (83 0.298) (86 0.221) (121 0.223) 
    0.043903   (35 -0.88) (42 -0.262) (43 -0.264) 
    0.042221   (35 0.424) (42 -0.508) (43 -0.564) 
    0.041574   (75 0.462) (86 -0.266) (88 0.272) (121 0.338) 
    0.040449   (51 -0.571) (75 -0.419) 
    0.032413   (51 0.518) (75 -0.53) 
    0.031771   (26 0.761) (28 -0.418) 
    0.029445   (26 -0.448) (27 -0.746) 
    0.027583   (27 0.449) (33 -0.33) (47 0.372) (88 -0.337) 
    0.026653   (33 0.817) (37 -0.22) (88 -0.259) 
    0.021793   (44 0.292) (47 -0.487) (75 0.299) (88 -0.371) 
    0.020829   (131 0.691) (132 -0.424) 
    0.020744   (128 -0.578) (160 -0.809) 
    0.019586   (128 -0.577) (160 0.311) (161 0.755) 
    0.018307   (128 -0.577) (160 0.498) (161 -0.647) 
    0.015527   (15 -0.966) 
    0.015204   (140 0.997) 
