 1 1000
 2 525.635
 3 21.21
 4 1000
 5 417.907
 6 292.851
 7 999.823
 8 3.269
 9 992.048
 10 881.634
 11 2.4175
 12 792.144
 13 1000
 14 997.847
 15 0.82559
 16 1000
 17 997.002
 18 2.95274
 19 1000
 20 843.444
 21 154.03
 22 1000
 23 948.184
 24 51.2375
 25 238.868
 26 254.681
 27 15.7514
 28 985.519
 29 205.198
 30 244.289
 31 486.825
 32 51.2942
 33 843.676
 34 210.681
 35 142.786
 36 376.261
 37 989.131
 38 997.799
 39 3.56856
 40 603.167
 41 968.272
 42 1.7452
 43 496.074
 44 859.84
 45 16.0093
 46 997.896
 47 416.2
 48 585.859
 49 937.072
 50 198.57
 51 296.881
 52 171.806
 53 951.691
 54 274.88
 55 167.337
 56 219.4
 57 894.731
 58 91.4352
 59 150.181
 60 167.353
 61 21.8935
 62 1.74772
 63 473.894
 64 300.722
 65 1.72938
 66 489.151
 67 951.14
 68 50.9552
 69 999.964
 70 1000
 71 880.894
 72 118.938
 73 999.566
 74 3.03105
 75 998.098
 76 983.754
 77 3.77307
 78 887.974
 79 999.165
 80 27.8619
 81 970.483
 82 990.115
 83 289.778
 84 2.64734
 85 107.549
 86 2.35132
 87 990.043
 88 1.71912
 89 1.6446
 90 1.92094
 91 8.74618
 92 399.098
 93 819.565
 94 536.31
 95 837.903
 96 932.363
 97 313.929
 98 262.964
 99 126.126
 100 663.407
 101 927.698
 102 113.639
 103 152.989
 104 131.907
 105 128.817
 106 160.544
 107 163.816
 108 166.702
 109 120.913
 110 93.1266
 111 174.495
 112 202.343
 113 186.369
 114 170.215
 115 173.786
 116 136.694
 117 168.227
 118 187.971
 119 144.544
 120 82.8518
 121 120.525
 122 47.3304
 123 61.5003
 124 36.0575
 125 28.7729
 126 51.6214
 127 25.668
 128 85.9981
 129 66.4262
 130 59.0572
 131 20.095
 132 20.7104
 133 22.101
 134 35.2735
 135 8.57707
 136 45.4459
 137 9.65008
 138 9.0125
 139 9.10381
 140 10.4835
 141 10.9998
 142 8.51651
 143 9.13144
 144 14.8071
 145 15.0532
 146 12.5041
 147 9.93953
 148 28.9348
 149 15.7939
 150 11.9006
 151 13.8521
 152 23.2403
 153 20.0035
 154 13.2187
 155 19.8711
 156 24.0259
 157 46.7648
 158 0.221934
 159 0.0317327
 160 0.376825
 161 21.3322
 162 14.136
 163 323.558
 164 810.975
 165 7.77476
