 1 31.6228
 2 22.3684
 3 1.85374
 4 31.6228
 5 16.1114
 6 11.6399
 7 31.6191
 8 1.01102
 9 31.4337
 10 29.5302
 11 0.986906
 12 27.9137
 13 31.6228
 14 31.5817
 15 0.904404
 16 31.6228
 17 31.5402
 18 0.99886
 19 31.6228
 20 26.8801
 21 5.81178
 22 31.6228
 23 30.0522
 24 2.58939
 25 15.0577
 26 15.0157
 27 1.85823
 28 31.3399
 29 10.1937
 30 11.93
 31 21.5995
 32 2.6525
 33 27.9611
 34 14.3214
 35 7.05306
 36 16.7251
 37 31.4291
 38 31.5605
 39 1.37936
 40 24.2935
 41 31.0462
 42 1.29217
 43 21.6773
 44 28.7425
 45 1.85108
 46 31.5667
 47 14.1485
 48 19.2349
 49 30.3792
 50 13.6391
 51 14.516
 52 8.95582
 53 30.6578
 54 16.3645
 55 9.37374
 56 11.6405
 57 29.3244
 58 8.99757
 59 9.31005
 60 9.84407
 61 4.38806
 62 1.31569
 63 21.4771
 64 16.0459
 65 0.971522
 66 21.1612
 67 30.1484
 68 2.96498
 69 31.6218
 70 31.6228
 71 28.0572
 72 5.09366
 73 31.6133
 74 1.35476
 75 31.5703
 76 31.3506
 77 1.39082
 78 29.7217
 79 31.6037
 80 2.2274
 81 30.768
 82 31.4125
 83 16.5075
 84 1.37953
 85 10.1423
 86 1.39449
 87 31.3928
 88 1.10238
 89 1.04678
 90 1.25355
 91 2.45271
 92 18.129
 93 27.0163
 94 20.5581
 95 27.8718
 96 30.0314
 97 16.4581
 98 14.5857
 99 9.1414
 100 24.8673
 101 30.1024
 102 9.62461
 103 11.7236
 104 10.7363
 105 10.687
 106 12.2544
 107 12.3006
 108 12.3718
 109 10.1833
 110 8.25799
 111 12.5229
 112 13.8823
 113 13.237
 114 12.4942
 115 12.4343
 116 10.5837
 117 12.1469
 118 13.0535
 119 11.3125
 120 8.43116
 121 10.6139
 122 6.68368
 123 7.68235
 124 5.4998
 125 5.12768
 126 6.88883
 127 4.52451
 128 8.73624
 129 7.36136
 130 7.12595
 131 4.1299
 132 4.44907
 133 4.57062
 134 5.845
 135 2.6832
 136 6.66829
 137 2.90058
 138 2.84717
 139 2.85898
 140 3.08761
 141 3.05414
 142 2.6797
 143 2.80964
 144 3.70017
 145 3.76773
 146 3.39003
 147 2.91436
 148 5.18624
 149 3.80378
 150 3.27634
 151 3.53336
 152 4.71194
 153 4.35559
 154 3.51914
 155 4.37397
 156 4.81674
 157 6.77573
 158 0.192327
 159 0.133258
 160 0.271316
 161 3.71341
 162 3.39657
 163 15.8476
 164 27.4016
 165 0.577051
