 1 54500.3
 2 652.269
 3 26.1244
 4 179272
 5 511.902
 6 358.666
 7 550806
 8 42.5582
 9 17130.3
 10 2427.08
 11 4.32611
 12 1735.44
 13 278708
 14 3709.76
 15 0.848109
 16 355051
 17 3667.75
 18 8.53076
 19 123845
 20 2194.91
 21 399.15
 22 160325
 23 3288.6
 24 175.132
 25 258.281
 26 317.535
 27 19.5041
 28 2710.71
 29 255.521
 30 302.645
 31 517.344
 32 66.2116
 33 1093.87
 34 217.207
 35 159.391
 36 422.018
 37 1522.63
 38 3001.48
 39 7.48013
 40 973.531
 41 4303.59
 42 2.02969
 43 689.213
 44 1502.26
 45 27.1255
 46 6651.65
 47 1114.74
 48 1399.25
 49 1889.15
 50 200.737
 51 370.081
 52 213.289
 53 2897.02
 54 308.294
 55 227.391
 56 303.6
 57 1020.36
 58 92.6077
 59 160.582
 60 179.627
 61 22.1164
 62 1.74903
 63 496.965
 64 302.392
 65 1.73675
 66 495.318
 67 3601.47
 68 183.971
 69 135543
 70 162973
 71 2192.63
 72 292.93
 73 16909.3
 74 25.5138
 75 16302.6
 76 8257.5
 77 6.77972
 78 1969.16
 79 8409.86
 80 85.6985
 81 2765.23
 82 1588.09
 83 312.991
 84 2.74717
 85 137.803
 86 2.59694
 87 5280.43
 88 1.7193
 89 1.64461
 90 1.92115
 91 9.4981
 92 463.877
 93 1317.04
 94 846.882
 95 1574.39
 96 1909.62
 97 328.698
 98 273.365
 99 127.289
 100 771.323
 101 1439.72
 102 117.672
 103 155.581
 104 133.056
 105 129.551
 106 161.121
 107 164.542
 108 167.584
 109 121.781
 110 94.8754
 111 175.541
 112 203.202
 113 186.977
 114 170.585
 115 174.209
 116 137.399
 117 168.73
 118 188.229
 119 144.951
 120 83.7302
 121 121.069
 122 47.7123
 123 62.6425
 124 36.3728
 125 29.3462
 126 51.9671
 127 26.8778
 128 88.4075
 129 67.5648
 130 59.9844
 131 20.3843
 132 20.9345
 133 22.4115
 134 36.231
 135 8.79542
 136 45.7925
 137 9.93354
 138 9.2514
 139 9.33387
 140 10.9571
 141 11.7091
 142 8.89506
 143 9.51591
 144 15.2118
 145 15.3024
 146 12.7917
 147 10.4152
 148 30.0757
 149 16.3628
 150 12.1589
 151 14.1343
 152 23.6822
 153 20.8136
 154 13.5677
 155 20.1638
 156 24.2081
 157 46.9815
 158 0.265065
 159 0.0329039
 160 0.427198
 161 25.8876
 162 14.9128
 163 1086.6
 164 2344.45
 165 12.2951
