 Smallest eigenvalues
  1.7676e-06   (9 1) 
  2.8165e-06   (47 0.532) (49 0.473) (48 -0.444) (42 -0.259) (52 -0.198) (154 -0.192) (53 0.178) (46 0.137) (51 -0.13) (44 0.12) (77 -0.108) (13 -0.105) (54 0.0845) (14 0.0718) (33 -0.0714) (55 -0.0704) (78 0.0595) (24 0.0459) (56 0.0442) (38 0.0437) (50 -0.042) (45 -0.0399) (61 0.039) (60 0.036) (59 0.0335) (40 0.0307) (35 -0.0307) (25 -0.0288) (17 -0.0267) (71 -0.0261) (73 -0.0249) (29 0.0202) (36 0.0181) (68 0.0179) (37 -0.0168) (26 0.014) (84 0.0129) (21 -0.0127) (57 0.0126) (28 0.0121) (27 0.0116) (72 0.0109) (81 -0.0101) 
   3.588e-06   (154 -0.981) (47 -0.104) (49 -0.0926) (48 0.087) (42 0.0508) (52 0.0388) (53 -0.0348) (46 -0.0269) (51 0.0254) (44 -0.0236) (77 0.0209) (13 0.0206) (54 -0.0165) (14 -0.0141) (33 0.0141) (55 0.0138) (78 -0.0114) 
  5.5781e-06   (4 -1) 
   6.136e-06   (148 0.642) (44 -0.53) (42 -0.428) (43 -0.169) (46 -0.163) (45 -0.13) (48 0.115) (13 -0.0873) (33 -0.0759) (77 -0.0702) (14 0.0598) (24 0.0481) (38 0.0382) (51 0.0378) (40 0.037) (35 -0.0325) (26 0.0301) (36 0.0274) (37 -0.0269) (25 -0.0267) (47 -0.0241) (78 0.0235) (17 -0.0233) (53 -0.0229) (56 0.0222) (55 -0.0216) (50 0.0164) (16 0.0161) (52 -0.0159) (71 -0.0155) (61 0.0154) (60 0.0153) (73 -0.014) (34 0.012) (41 -0.011) (22 0.0104) (54 0.0102) 
  6.2373e-06   (148 0.767) (44 0.444) (42 0.358) (43 0.142) (46 0.136) (45 0.109) (48 -0.0963) (13 0.0731) (33 0.0635) (77 0.0586) (14 -0.05) (24 -0.0402) (38 -0.0319) (51 -0.0316) (40 -0.031) (35 0.0272) (26 -0.0252) (36 -0.0229) (37 0.0225) (25 0.0224) (47 0.0201) (78 -0.0196) (17 0.0195) (53 0.0192) (56 -0.0185) (55 0.0181) (50 -0.0137) (16 -0.0135) (52 0.0133) (71 0.0129) (61 -0.0129) (60 -0.0128) (73 0.0117) (34 -0.01) 
  7.3743e-06   (1 -0.987) (28 0.125) (33 0.0506) (26 0.0436) (24 0.0385) (30 -0.0313) (29 -0.03) (25 -0.024) (27 0.0228) (13 -0.0172) (32 -0.0151) (14 0.0138) (42 0.0137) (35 0.0134) (36 -0.0113) 
  8.0746e-06   (156 -0.999) (28 0.0365) (33 0.0145) (26 0.0129) (24 0.0121) 
  1.8349e-05   (28 -0.743) (33 -0.296) (26 -0.262) (24 -0.246) (30 0.186) (13 0.182) (29 0.18) (1 -0.162) (25 0.145) (27 -0.132) (14 -0.119) (32 0.0878) (35 -0.084) (42 -0.0753) (34 0.0575) (36 0.0555) (31 0.0524) (16 -0.0514) (77 0.0495) (156 -0.049) (37 -0.0486) (17 0.0468) (21 0.0427) (20 -0.04) (48 -0.0325) (22 -0.0289) (39 0.0269) (38 0.0208) (43 0.0179) (78 -0.0169) (19 0.0165) (55 0.0157) (15 -0.0155) (50 -0.0123) (79 0.0121) (73 0.0115) (56 -0.0112) (61 -0.0112) (53 0.0111) (40 0.0108) (12 -0.0108) (71 0.0104) (60 -0.0104) 
  3.4758e-05   (19 0.644) (20 -0.442) (46 -0.349) (42 -0.269) (44 0.252) (43 0.24) (45 0.144) (47 -0.113) (22 -0.0857) (28 0.0718) (16 0.0644) (17 -0.0626) (31 0.0498) (77 -0.0473) (21 -0.0385) (37 0.0381) (32 0.0353) (13 -0.0296) (29 0.0291) (33 -0.0285) (78 0.0285) (14 0.0281) (48 0.0279) (39 0.0276) (38 0.0267) (50 0.0265) (74 -0.0251) (53 -0.0217) (72 0.0188) (23 0.0181) (68 0.0178) (52 -0.0174) (63 -0.0156) (67 -0.0151) (79 0.014) (35 -0.0134) (55 -0.0132) (71 -0.0131) (56 0.013) (61 0.013) (40 0.0126) (49 0.0114) 
  0.00010665   (158 0.999) (19 -0.0215) (46 -0.0186) (43 0.0156) (20 0.0153) (42 -0.0142) (44 0.0141) 
  0.00010877   (19 0.477) (46 0.428) (43 -0.359) (20 -0.34) (42 0.327) (44 -0.325) (45 -0.199) (47 0.17) (13 0.0868) (77 0.0822) (22 -0.08) (33 0.0736) (24 -0.0718) (48 -0.065) (14 -0.0541) (36 -0.0489) (26 -0.0459) (158 0.0439) (28 0.0394) (25 0.0338) (55 0.0338) (38 -0.0323) (40 -0.0314) (49 -0.0314) (56 -0.0289) (78 -0.0284) (32 -0.0272) (61 -0.0268) (50 -0.0258) (37 0.0252) (31 0.0239) (16 0.0224) (74 0.0222) (35 0.0217) (17 -0.0209) (29 0.0207) (34 -0.0197) (41 -0.0185) (71 0.0184) (68 -0.0178) (72 -0.0173) (59 -0.0155) (67 0.0151) (21 -0.0149) (53 0.0145) (39 0.0142) (60 -0.0138) (57 0.0131) (81 0.0129) (76 -0.0127) (63 0.0121) (23 0.0105) 
  0.00012741   (3 1) 
  0.00013778   (22 0.607) (24 -0.452) (13 -0.309) (20 -0.251) (25 0.23) (14 0.227) (17 -0.218) (23 -0.19) (21 -0.162) (19 -0.12) (33 0.107) (29 -0.0914) (26 -0.066) (42 0.0564) (38 -0.0426) (31 -0.0401) (35 0.0323) (46 -0.0286) (32 0.028) (36 -0.0274) (30 0.0247) (44 -0.0218) (37 0.0215) (40 -0.02) (12 0.0196) (43 0.0193) (77 -0.0184) (11 0.0163) (15 0.0142) (51 0.0136) (57 0.0133) (18 -0.0108) 
  0.00018702   (159 1) 
  0.00021708   (2 1) 
   0.0002436   (21 0.83) (22 -0.279) (13 -0.254) (17 -0.233) (24 -0.2) (14 0.187) (25 0.109) (23 0.0799) (33 0.0737) (16 0.0537) (157 0.0456) (19 -0.0448) (26 -0.0424) (29 -0.0372) (42 0.0323) (30 0.0273) (35 0.0237) (20 -0.0223) (38 -0.0185) (77 -0.0171) (15 0.017) (12 0.0154) (37 0.0148) (46 -0.0148) (36 -0.0142) (11 0.0139) (48 0.0137) (40 -0.0136) (32 0.0112) 
  0.00026877   (157 0.999) (21 -0.0379) (22 0.0127) (13 0.0116) (17 0.0106) 
  0.00028741   (8 1) 
  0.00030406   (26 -0.735) (150 -0.392) (27 -0.291) (24 0.264) (25 -0.242) (33 0.15) (13 -0.141) (14 0.0982) (31 0.0895) (17 -0.0684) (35 0.0661) (22 0.0525) (30 0.0519) (16 0.0511) (28 0.0492) (20 0.0461) (37 0.0427) (47 -0.0403) (51 -0.0388) (21 -0.0299) (42 0.0282) (34 -0.0234) (36 -0.023) (52 -0.0196) (53 0.0191) (77 -0.0185) (15 0.0174) (19 0.0166) (29 -0.0129) (78 0.0121) (44 -0.0117) (75 -0.0117) (40 -0.0112) (48 0.0105) 
  0.00030974   (150 -0.92) (26 0.313) (27 0.124) (24 -0.112) (25 0.103) (33 -0.064) (13 0.0602) (14 -0.0419) (31 -0.0381) (17 0.0291) (35 -0.0281) (22 -0.0224) (30 -0.0221) (16 -0.0218) (28 -0.0209) (20 -0.0196) (37 -0.0182) (47 0.0171) (51 0.0165) (21 0.0127) (42 -0.012) 
  0.00032483   (6 -1) 
  0.00032899   (22 -0.58) (21 -0.448) (20 0.33) (24 -0.307) (25 0.233) (153 -0.224) (13 -0.213) (17 -0.18) (14 0.161) (23 -0.119) (33 0.0899) (16 0.0852) (19 0.0814) (31 0.0634) (26 -0.0553) (15 0.0331) (35 0.0331) (30 0.0276) (27 -0.0227) (77 -0.0226) (37 0.0209) (39 0.019) (42 0.0186) (28 0.0178) (48 0.0178) (32 -0.0173) (73 -0.0152) (51 -0.0142) (34 -0.0121) (12 0.0117) (36 -0.0114) 
  0.00035632   (153 -0.975) (22 0.133) (21 0.103) (20 -0.0758) (24 0.0707) (25 -0.0537) (13 0.0491) (17 0.0413) (14 -0.0372) (23 0.0275) (33 -0.0207) (16 -0.0196) (19 -0.0187) (31 -0.0146) (26 0.0127) 
  0.00036651   (73 -0.664) (57 -0.442) (61 -0.206) (65 0.192) (70 0.191) (59 -0.186) (71 -0.174) (60 -0.172) (74 -0.168) (77 0.166) (51 -0.116) (42 -0.105) (52 0.1) (55 -0.083) (43 -0.0819) (44 0.0808) (46 0.0773) (56 0.0678) (66 -0.0569) (31 0.0569) (78 -0.0562) (38 0.0405) (20 -0.039) (79 0.0374) (16 -0.0369) (72 0.0333) (54 -0.0327) (50 0.0325) (47 -0.0296) (69 -0.0291) (19 -0.0284) (32 -0.0273) (41 0.0251) (89 -0.0245) (122 -0.0234) (48 0.023) (84 0.0215) (29 0.0206) (40 0.0205) (37 -0.0198) (13 -0.0188) (100 0.0184) (45 -0.0181) (68 -0.0177) (28 0.0177) (114 0.0173) (104 0.017) (115 0.0152) (63 0.0151) (76 -0.0144) (88 0.0141) (126 0.014) (58 0.0137) (99 -0.0132) (124 0.013) (25 0.0124) (62 -0.0109) (53 -0.0109) (14 0.0107) (152 -0.0106) (24 -0.0104) (118 0.0103) (127 0.01) 
  0.00041977   (73 0.64) (57 -0.398) (65 0.252) (59 -0.235) (152 -0.229) (61 -0.195) (70 0.174) (42 -0.144) (60 -0.136) (74 0.13) (46 0.112) (51 -0.11) (44 0.109) (43 -0.1) (68 -0.0934) (69 0.0857) (52 0.0826) (66 -0.0752) (56 0.0742) (49 -0.0741) (13 -0.0668) (31 0.0602) (38 0.0558) (48 -0.0547) (53 -0.0509) (54 -0.0506) (47 -0.0454) (14 0.044) (39 0.0417) (55 -0.0416) (71 0.0406) (33 -0.0374) (72 -0.0369) (16 -0.0366) (77 -0.0352) (19 -0.0343) (29 0.0329) (41 0.0318) (45 -0.0317) (20 -0.0304) (32 -0.0302) (79 -0.028) (120 0.0279) (37 -0.0263) (28 0.0247) (40 0.0231) (84 0.0211) (122 0.0211) (63 0.0184) (115 0.0177) (89 -0.0176) (121 -0.0174) (50 0.0167) (114 0.0163) (127 0.0158) (125 -0.0154) (21 -0.0152) (58 0.0148) (118 0.0144) (99 -0.013) (136 -0.0126) (126 -0.0126) (62 -0.0124) (130 0.0123) (35 -0.0122) (67 0.0121) (17 -0.0121) (78 0.012) (91 0.0119) (104 0.0103) 
  0.00045534   (152 -0.973) (73 -0.143) (57 0.0989) (65 -0.0614) (59 0.0574) (61 0.0481) (70 -0.0427) (42 0.0357) (60 0.034) (74 -0.0287) (46 -0.0277) (51 0.0276) (44 -0.027) (43 0.0249) (68 0.0221) (52 -0.0208) (69 -0.0198) (56 -0.0184) (66 0.0183) (49 0.0175) (13 0.0162) (31 -0.0151) (38 -0.0138) (48 0.0127) (54 0.0124) (53 0.0122) (47 0.0111) (55 0.0109) (14 -0.0106) 
  0.00047346   (25 0.813) (24 0.549) (55 0.0684) (54 0.0676) (52 0.0574) (51 -0.053) (26 -0.0515) (53 -0.0501) (23 -0.0478) (22 0.0452) (13 -0.0448) (56 -0.0389) (57 0.0343) (20 -0.0339) (46 0.0272) (49 -0.0266) (29 0.0239) (44 0.0229) (21 0.022) (48 -0.0218) (14 0.0216) (16 0.0206) (39 0.0206) (43 -0.02) (77 -0.0161) (27 -0.0155) (42 -0.0152) (17 -0.0139) (47 -0.0119) (31 0.0116) 
  0.00048192   (147 0.738) (55 0.293) (54 0.275) (52 0.263) (51 -0.244) (53 -0.19) (56 -0.179) (57 0.125) (42 -0.124) (25 -0.0976) (44 0.0931) (46 0.0901) (49 -0.0821) (43 -0.0818) (48 -0.0725) (24 -0.0504) (13 -0.0473) (61 0.0383) (60 0.0367) (73 -0.0365) (33 -0.0356) (38 0.034) (31 0.0336) (14 0.0332) (47 -0.0303) (77 -0.0291) (45 -0.0262) (59 0.0221) (37 -0.0195) (40 0.0192) (16 -0.0183) (41 0.018) (32 -0.0168) (19 -0.0167) (28 0.0163) (39 0.0163) (26 0.0142) (71 -0.0141) (35 -0.0139) (29 0.013) (23 0.012) (50 -0.0114) (65 -0.0107) (69 -0.0102) (20 -0.0101) 
  0.00049143   (147 0.675) (55 -0.32) (54 -0.301) (52 -0.288) (51 0.267) (53 0.208) (56 0.195) (57 -0.137) (42 0.135) (25 0.103) (44 -0.102) (46 -0.0986) (49 0.0899) (43 0.0896) (48 0.0793) (24 0.0523) (13 0.052) (61 -0.0419) (60 -0.0402) (73 0.04) (33 0.0389) (38 -0.0372) (31 -0.0368) (14 -0.0364) (47 0.0331) (77 0.0318) (45 0.0287) (59 -0.0242) (37 0.0213) (40 -0.021) (16 0.0199) (41 -0.0197) (32 0.0184) (19 0.0183) (39 -0.0179) (28 -0.0178) (71 0.0154) (26 -0.0153) (35 0.0152) (29 -0.0143) (23 -0.0128) (50 0.0125) (65 0.0117) (20 0.0112) (69 0.0111) (78 -0.0109) 
   0.0005233   (54 -0.686) (39 -0.357) (53 0.336) (55 0.294) (52 0.282) (57 0.167) (51 -0.161) (42 -0.149) (40 0.12) (44 0.0732) (43 -0.0703) (49 -0.053) (46 0.0508) (56 0.0495) (77 -0.045) (38 -0.0447) (48 -0.0417) (33 0.0416) (60 0.0361) (61 0.0304) (45 -0.0241) (70 0.024) (35 0.0231) (71 -0.0228) (37 0.017) (151 -0.017) (36 -0.0169) (20 -0.0164) (25 0.0163) (78 0.016) (73 -0.015) 
  0.00054024   (151 -0.972) (39 0.197) (54 -0.0605) (40 -0.0553) (38 0.0389) (33 -0.0368) (53 0.027) (52 0.0242) (42 0.0234) (37 -0.0227) (55 0.0208) (13 -0.0196) (31 0.0178) (51 -0.0167) (35 -0.0167) (57 0.0157) (48 0.0143) (14 0.014) (36 0.0113) (77 -0.0111) (25 -0.0109) 
  0.00058556   (39 -0.799) (54 0.303) (151 -0.233) (40 0.222) (38 -0.159) (33 0.151) (53 -0.138) (52 -0.122) (55 -0.108) (37 0.0936) (42 -0.0868) (13 0.082) (51 0.0818) (57 -0.0775) (31 -0.0745) (35 0.068) (14 -0.0581) (48 -0.057) (77 0.0498) (36 -0.0459) (25 0.0441) (24 -0.0405) (73 0.0381) (49 -0.0376) (28 -0.0371) (56 -0.0297) (26 -0.0285) (23 -0.0259) (32 0.0257) (19 0.0241) (60 -0.0228) (34 -0.022) (61 -0.0217) (78 -0.0181) (71 0.017) (22 -0.0161) (44 0.0155) (50 -0.0152) (16 0.0137) (69 0.0137) (17 0.0131) (65 0.0123) (20 0.0118) (68 -0.0109) (29 -0.0107) 
  0.00060905   (70 -0.819) (71 0.433) (57 -0.25) (51 -0.115) (49 0.103) (48 0.0907) (52 0.088) (69 -0.0797) (59 -0.0585) (61 -0.0581) (68 0.057) (60 -0.0542) (73 -0.0486) (42 -0.0436) (43 -0.0354) (54 -0.0321) (31 0.0312) (149 0.0302) (74 -0.0302) (84 0.0298) (50 0.0296) (44 0.0291) (20 -0.0267) (46 0.0231) (75 -0.0214) (38 0.0209) (16 -0.0207) (125 -0.0194) (56 0.0176) (89 -0.0175) (40 0.0164) (39 -0.0163) (88 0.0161) (120 0.0152) (19 -0.0149) (127 0.0148) (100 0.0147) (32 -0.014) (104 0.0135) (97 -0.0127) (37 -0.0127) (114 0.0125) (41 0.0124) (122 -0.0123) (79 -0.0118) (78 0.0115) (28 0.0112) (65 0.0109) (13 -0.0107) (53 -0.0101) 
  0.00062055   (149 0.853) (49 -0.347) (48 -0.248) (51 0.159) (42 -0.106) (52 -0.0897) (55 -0.0765) (44 0.0761) (46 0.0724) (53 0.0558) (43 -0.0556) (70 -0.0547) (73 -0.0502) (47 -0.0474) (50 -0.0472) (39 0.0448) (13 -0.0354) (45 -0.0353) (77 -0.031) (59 0.0263) (33 -0.0252) (38 0.025) (14 0.025) (31 0.0246) (57 0.0205) (65 -0.0204) (69 -0.0186) (68 0.017) (61 0.0157) (28 0.0145) (37 -0.0144) (19 -0.0139) (41 0.0129) (54 -0.0126) (78 0.0119) (29 0.0118) (16 -0.0115) (25 -0.0111) (23 0.011) (56 -0.011) (32 -0.0105) 
  0.00062513   (49 0.562) (149 0.521) (48 0.401) (51 -0.253) (42 0.176) (52 0.142) (70 0.137) (44 -0.126) (55 0.126) (46 -0.12) (43 0.0934) (53 -0.0908) (73 0.0853) (47 0.0777) (50 0.0755) (39 -0.0722) (13 0.0587) (45 0.058) (77 0.0509) (31 -0.0424) (38 -0.0423) (33 0.0413) (14 -0.0411) (71 -0.041) (59 -0.0397) (69 0.0352) (65 0.0328) (68 -0.0312) (28 -0.0244) (37 0.0243) (19 0.0237) (54 0.0226) (61 -0.0222) (41 -0.0219) (78 -0.0203) (16 0.0201) (29 -0.02) (57 -0.0184) (32 0.0181) (23 -0.0178) (25 0.0175) (79 0.017) (56 0.0169) (35 0.0132) (66 -0.0117) (24 -0.0115) (21 0.0111) (74 0.0109) (120 -0.0106) (20 0.0101) (40 -0.01) 
  0.00069639   (38 0.843) (39 -0.257) (20 -0.216) (23 0.19) (40 -0.175) (19 -0.159) (42 0.13) (22 -0.0969) (16 -0.0958) (37 -0.0888) (21 -0.0783) (31 0.0764) (43 0.0748) (44 -0.0668) (41 -0.0653) (46 -0.0538) (13 -0.0501) (32 -0.0349) (57 0.0319) (51 0.0317) (14 0.0311) (35 0.0308) (33 0.0292) (36 -0.0279) (52 -0.0248) (55 0.0187) (25 0.0174) (47 0.0161) (56 -0.0127) (45 0.0116) (77 0.0112) (48 -0.0108) (26 -0.0103) (29 0.01) 
   0.0008059   (23 0.554) (20 -0.463) (19 -0.342) (38 -0.335) (22 -0.257) (21 -0.225) (31 -0.197) (16 -0.137) (13 -0.13) (29 -0.102) (28 -0.101) (32 0.0906) (14 0.0873) (24 0.0798) (37 0.0588) (39 0.0548) (40 0.047) (143 0.0424) (17 -0.0367) (33 0.0288) (25 -0.0213) (42 0.02) (18 -0.0162) (26 0.0162) (27 -0.0144) (48 0.0131) (30 0.0123) (11 0.011) 
  0.00083799   (143 0.999) (23 -0.0244) (20 0.0207) (19 0.0153) (141 0.0125) (22 0.0114) (38 0.0101) 
  0.00088998   (47 -0.371) (51 0.363) (49 0.362) (46 0.329) (44 0.279) (16 -0.276) (43 -0.275) (48 0.251) (42 -0.236) (52 -0.221) (57 0.139) (55 0.11) (17 0.0894) (56 -0.0892) (41 0.0868) (31 0.0789) (13 -0.0751) (50 0.0584) (53 0.0575) (38 0.0534) (14 0.051) (77 0.0499) (45 -0.0496) (32 -0.0376) (24 -0.0301) (25 0.0246) (40 0.024) (29 0.0234) (39 0.0231) (37 -0.0216) (60 0.0206) (33 0.0193) (19 0.0192) (61 0.0187) (35 0.0181) (28 0.0176) (36 -0.0162) (54 0.016) (78 -0.0159) (59 0.0156) (26 -0.0149) (70 0.0127) (84 0.0126) (21 0.0116) (20 -0.0101) (118 0.01) 
   0.0011249   (16 -0.796) (17 0.307) (19 0.24) (13 -0.224) (20 0.179) (14 0.162) (46 -0.11) (42 0.108) (47 0.105) (31 -0.1) (44 -0.0981) (43 0.0972) (49 -0.0917) (51 -0.0852) (48 -0.062) (29 -0.0577) (52 0.0524) (32 0.0483) (21 0.0456) (38 -0.0409) (28 -0.0389) (41 -0.0348) (23 -0.0274) (57 -0.0274) (55 -0.0262) (39 -0.0248) (37 0.0234) (33 0.0222) (56 0.0204) (45 0.0201) (18 0.0194) (11 0.0178) (50 -0.0173) (15 -0.0167) (24 0.0164) (77 -0.0142) (40 -0.013) (12 0.0124) (53 -0.0102) 
   0.0012607   (146 -1) (136 -0.0104) 
   0.0014448   (55 -0.687) (56 -0.393) (31 0.282) (57 0.244) (52 0.203) (51 -0.194) (32 -0.17) (35 -0.145) (33 -0.138) (54 -0.113) (36 0.0854) (28 0.0785) (34 -0.077) (29 0.0767) (39 -0.0742) (48 0.0674) (37 0.0664) (20 -0.0646) (16 -0.0627) (19 -0.0576) (50 0.0566) (38 -0.0539) (77 0.0456) (46 0.0414) (49 0.0388) (43 -0.0385) (44 0.0334) (13 -0.0331) (47 -0.0286) (60 0.0281) (53 -0.027) (61 0.0233) (14 0.0216) (72 0.0214) (73 0.0201) (78 -0.0188) (24 -0.0186) (139 0.0149) (69 0.0149) (68 -0.0149) (70 0.0144) (71 0.0138) (59 0.0131) (79 0.0124) (65 0.0122) (27 0.0113) (26 -0.011) (23 0.0108) (25 0.0107) 
   0.0015039   (31 0.494) (35 -0.329) (55 0.324) (33 -0.315) (32 -0.311) (36 0.2) (38 -0.172) (37 0.171) (56 0.17) (42 0.168) (34 -0.162) (39 -0.144) (28 0.135) (51 0.131) (29 0.128) (52 -0.124) (139 0.122) (43 0.0915) (57 -0.0862) (44 -0.08) (13 -0.0783) (19 -0.0734) (46 -0.0712) (20 -0.0639) (16 -0.0612) (54 0.0548) (41 -0.0546) (14 0.0512) (40 -0.0303) (23 0.0253) (50 -0.025) (77 -0.0236) (47 0.022) (53 0.02) (27 0.0195) (73 -0.0176) (48 -0.0175) (30 -0.0173) (45 0.0164) (17 -0.0113) (21 -0.0108) 
   0.0015408   (139 0.992) (31 -0.0653) (35 0.0427) (32 0.041) (33 0.0409) (55 -0.0294) (36 -0.0259) (136 -0.0225) (37 -0.022) (38 0.0219) (34 0.0211) (42 -0.0204) (39 0.0188) (28 -0.0178) (29 -0.017) (56 -0.0151) (51 -0.013) (52 0.012) (43 -0.0105) (13 0.0102) (19 0.01) 
   0.0015837   (14 -0.732) (13 -0.566) (35 0.241) (33 -0.198) (36 -0.176) (29 0.0682) (15 -0.0432) (134 -0.0362) (34 0.0335) (37 0.0306) (38 -0.0299) (42 0.0278) (28 0.0235) (32 -0.0226) (31 0.0225) (30 -0.0193) (72 -0.0141) (39 -0.0135) (45 0.0118) (17 -0.0115) (12 0.0109) 
   0.0018266   (134 -0.765) (35 0.373) (33 -0.315) (36 -0.274) (14 0.253) (13 0.105) (29 0.095) (34 0.0547) (38 -0.0443) (31 0.0426) (37 0.042) (42 0.0413) (28 0.0399) (32 -0.0374) (39 -0.0291) (30 -0.0266) (24 0.0236) (19 -0.0171) (15 0.0159) (40 -0.0159) (17 -0.0153) (25 -0.0145) (45 0.0143) (26 0.0129) (53 0.0124) (44 -0.0121) (18 -0.0102) 
    0.001863   (134 -0.643) (35 -0.457) (33 0.386) (36 0.335) (14 -0.259) (29 -0.117) (13 -0.093) (34 -0.0669) (38 0.0543) (31 -0.0519) (37 -0.0516) (42 -0.0506) (28 -0.0487) (32 0.0457) (39 0.0353) (30 0.0327) (24 -0.0278) (19 0.0203) (40 0.0194) (17 0.0188) (25 0.0177) (45 -0.0176) (15 -0.0165) (26 -0.0156) (53 -0.015) (44 0.015) (18 0.0124) (51 -0.0121) (48 -0.012) (77 0.0116) (46 0.0113) (54 -0.0102) 
   0.0019966   (29 0.804) (31 -0.29) (30 -0.281) (53 0.216) (28 0.18) (52 0.128) (54 0.119) (36 0.108) (32 0.0933) (35 -0.0864) (24 -0.0771) (26 -0.0696) (27 -0.0694) (33 0.0666) (50 -0.0661) (51 0.065) (69 -0.0573) (71 -0.0529) (19 -0.0499) (68 0.0443) (48 0.0423) (16 -0.0419) (46 -0.0419) (20 -0.0295) (25 0.0286) (40 -0.0257) (74 0.0229) (73 0.0215) (72 0.0214) (61 -0.0203) (37 -0.019) (42 0.0186) (45 0.0177) (70 -0.0175) (34 0.0151) (56 -0.0151) (131 -0.015) (15 0.0145) (60 -0.0133) (57 -0.0131) (44 -0.013) (78 -0.0127) (65 -0.0123) (55 -0.0115) (77 0.011) (38 -0.011) (81 0.0103) (62 -0.0101) 
   0.0020153   (69 -0.505) (71 -0.487) (68 0.44) (131 -0.22) (74 0.203) (53 -0.189) (78 -0.169) (70 -0.158) (72 0.142) (73 0.136) (54 -0.106) (77 0.103) (65 -0.0929) (51 -0.0928) (46 0.087) (52 -0.0816) (59 0.0797) (57 -0.074) (67 -0.0696) (63 -0.058) (56 0.0518) (83 -0.0451) (80 -0.0394) (42 -0.0394) (43 0.0377) (132 -0.0361) (87 0.0352) (130 0.0338) (81 0.0322) (75 0.029) (55 -0.0263) (31 0.0246) (115 -0.0217) (62 -0.021) (76 0.0203) (41 0.0189) (60 -0.0181) (58 -0.0168) (50 0.0162) (48 0.0161) (29 -0.0161) (40 0.0143) (96 0.0143) (91 0.0141) (118 -0.0136) (47 -0.0128) (79 0.0124) (100 0.0117) (33 -0.0115) (16 -0.0115) (66 -0.0108) (38 0.0108) (45 -0.0107) (89 -0.0102) 
   0.0023011   (131 -0.536) (53 -0.515) (54 -0.293) (52 -0.272) (29 0.219) (69 0.197) (50 0.178) (71 0.167) (132 -0.134) (51 -0.132) (68 -0.13) (46 0.0895) (130 0.0809) (73 -0.0799) (74 -0.0746) (30 -0.0727) (61 0.0709) (72 -0.0707) (31 -0.0702) (48 -0.0691) (43 0.0662) (59 0.0593) (56 0.056) (70 0.0501) (28 0.0499) (60 0.0493) (57 0.0402) (78 0.0398) (45 -0.0392) (55 0.0317) (36 0.0307) (77 -0.0301) (65 0.0291) (32 0.0278) (81 -0.0267) (24 -0.0266) (62 0.0261) (42 -0.0256) (84 -0.0247) (66 0.0245) (19 -0.024) (27 -0.0226) (26 -0.0201) (16 -0.0193) (67 0.0166) (63 0.0155) (75 -0.0146) (49 -0.0142) (120 -0.0136) (14 0.0129) (91 0.0128) (80 0.012) (114 -0.0117) (20 -0.0113) (90 -0.0113) (41 -0.0107) 
   0.0023811   (131 -0.762) (53 0.409) (54 0.232) (132 -0.217) (52 0.211) (29 -0.164) (50 -0.128) (51 0.117) (130 0.101) (46 -0.0868) (59 -0.0637) (43 -0.057) (30 0.0555) (56 -0.0535) (31 0.0475) (61 -0.0474) (48 0.0428) (28 -0.0383) (68 -0.0341) (45 0.0301) (60 -0.0289) (42 0.0289) (36 -0.0217) (71 0.0213) (24 0.0211) (32 -0.0195) (78 0.0191) (19 0.0191) (16 0.0176) (27 0.0173) (73 0.0171) (26 0.0151) (84 0.0145) (55 -0.0144) (66 -0.0139) (91 -0.0122) (83 0.0121) (62 -0.0121) (20 0.0111) (14 -0.0103) 
   0.0025165   (23 -0.742) (20 -0.384) (22 -0.289) (19 -0.256) (56 -0.224) (24 0.153) (25 -0.143) (16 -0.0947) (31 -0.092) (57 -0.0779) (55 0.0683) (28 -0.0646) (15 -0.0591) (52 -0.0551) (51 0.0492) (29 -0.0416) (42 0.0397) (54 -0.0381) (32 0.0373) (43 0.0367) (46 -0.0361) (44 -0.0351) (77 -0.0246) (38 -0.0246) (48 -0.0246) (37 0.0203) (11 0.0198) (33 -0.0194) (26 0.0191) (47 0.0187) (17 0.0182) (59 0.0161) (60 -0.0149) (35 -0.0144) (71 -0.0139) (120 -0.0138) (53 0.0137) (125 -0.0136) (30 -0.0136) (21 0.0124) (36 0.0106) (13 -0.0104) (45 0.0104) (123 -0.0101) 
   0.0026345   (60 0.652) (61 0.463) (59 -0.414) (56 0.325) (55 -0.117) (77 0.098) (52 0.0919) (23 -0.0855) (57 -0.0808) (54 0.0749) (20 -0.0614) (46 0.0595) (44 0.0487) (43 -0.048) (133 0.0473) (51 -0.0459) (48 0.0422) (78 -0.0372) (19 -0.0341) (47 -0.0339) (22 -0.0337) (49 -0.0307) (79 0.0301) (58 0.0238) (125 -0.0236) (16 -0.0232) (33 -0.0218) (63 -0.0208) (108 -0.0177) (24 0.0164) (25 -0.0157) (119 0.0156) (62 -0.0154) (28 -0.0149) (115 0.0142) (71 -0.0137) (74 -0.0136) (38 0.0136) (72 -0.0131) (84 -0.0131) (45 -0.013) (15 -0.0128) (68 0.0127) (64 -0.0118) (35 -0.0114) (40 0.0112) 
   0.0026707   (133 0.749) (56 0.466) (57 0.266) (60 -0.181) (61 -0.136) (55 -0.117) (23 -0.115) (59 0.114) (50 -0.0871) (51 -0.0863) (54 0.084) (52 0.0827) (20 -0.0812) (19 -0.0525) (43 -0.0518) (22 -0.0471) (53 -0.0444) (44 0.0441) (46 0.0392) (41 0.0369) (48 0.0354) (16 -0.0353) (77 0.035) (42 -0.0349) (71 0.0305) (47 -0.025) (68 -0.0198) (25 -0.0188) (69 0.0164) (31 0.0161) (49 -0.0159) (24 0.015) (84 0.0147) (70 -0.0122) (38 0.0109) (120 0.0106) (130 0.0105) (58 -0.0104) (32 -0.0102) 
   0.0028675   (133 0.661) (56 -0.551) (57 -0.294) (60 0.157) (55 0.141) (23 0.136) (61 0.12) (51 0.101) (54 -0.101) (52 -0.1) (59 -0.0986) (50 0.0975) (20 0.0963) (43 0.0622) (19 0.0618) (22 0.0557) (44 -0.0535) (53 0.0494) (46 -0.0489) (77 -0.0461) (48 -0.0432) (16 0.0416) (41 -0.0415) (125 -0.0409) (42 0.0397) (71 -0.0337) (47 0.0308) (25 0.0224) (68 0.0216) (49 0.0203) (123 -0.0196) (31 -0.0183) (120 -0.0183) (24 -0.0182) (69 -0.018) (84 -0.0163) (70 0.0135) (38 -0.0134) (78 0.013) (127 0.0127) (124 -0.0125) (15 0.0119) (32 0.0118) (74 0.0114) (58 0.01) 
   0.0035105   (40 0.876) (65 0.281) (39 0.19) (38 0.173) (84 -0.136) (42 0.135) (41 -0.0828) (59 0.0819) (31 0.0636) (57 0.0617) (43 0.0558) (61 0.0549) (66 -0.0491) (32 -0.039) (29 0.0388) (44 -0.0367) (46 -0.0357) (51 0.0343) (50 0.0329) (86 0.0328) (68 0.0266) (69 -0.0249) (20 -0.0245) (15 0.0239) (16 -0.0231) (35 0.023) (70 -0.0224) (28 0.022) (19 -0.021) (129 0.0208) (60 0.0206) (53 0.0202) (36 -0.0199) (87 -0.0195) (54 0.0188) (96 0.0188) (30 -0.0174) (52 -0.0166) (24 -0.0162) (77 -0.0156) (47 0.0155) (73 -0.0148) (34 -0.0147) (48 0.0144) (25 0.0143) (91 0.0134) (62 0.0121) (33 0.0116) (26 -0.0111) (85 0.0107) (90 0.0107) 
    0.003874   (84 -0.865) (129 0.301) (65 -0.285) (86 0.141) (87 -0.0842) (59 -0.0704) (77 -0.0698) (57 -0.0677) (61 -0.0674) (85 0.0623) (66 0.051) (91 0.0478) (90 0.0462) (83 0.0443) (60 -0.0396) (120 0.0393) (117 -0.0316) (40 -0.031) (96 0.0301) (52 0.0298) (92 -0.0292) (43 -0.0291) (42 -0.028) (51 -0.0263) (55 -0.0254) (44 0.0235) (46 0.0219) (103 -0.0211) (116 0.02) (78 0.0194) (89 -0.0192) (124 0.0186) (88 0.0183) (111 -0.0182) (100 0.0182) (56 0.0177) (113 -0.0174) (41 0.0164) (68 -0.0164) (97 -0.016) (94 -0.0159) (126 0.0155) (104 0.0155) (72 -0.0154) (107 -0.0152) (115 -0.0144) (119 -0.0143) (93 -0.0137) (108 -0.0136) (47 -0.0134) (118 0.0134) (39 -0.0132) (127 0.0129) (48 0.0121) (105 -0.0119) (114 0.0118) (62 -0.0116) (70 0.0116) (31 0.0106) 
   0.0039915   (129 0.659) (65 -0.526) (84 0.395) (40 0.224) (59 -0.118) (66 0.0951) (50 0.0928) (61 -0.0905) (57 -0.0695) (86 -0.0694) (69 0.0607) (68 -0.0571) (70 0.0544) (77 0.0512) (38 0.0506) (39 0.0498) (87 0.0431) (60 -0.0386) (90 -0.0328) (85 -0.0325) (41 -0.0307) (91 -0.0272) (96 -0.0267) (73 0.0266) (78 -0.0237) (45 -0.0224) (31 0.0198) (62 -0.0196) (52 0.019) (115 0.0175) (51 -0.0151) (48 -0.0149) (71 0.0148) (29 0.0145) (127 0.0143) (76 -0.0142) (103 0.0139) (72 0.0134) (92 0.0131) (32 -0.0128) (94 0.0127) (42 0.0124) (108 0.0123) (20 -0.0117) (79 0.0112) (19 -0.0111) (83 -0.0111) (43 0.011) (67 -0.0108) (82 -0.0106) (110 -0.0103) (13 -0.0102) (74 -0.0102) 
      0.0041   (129 0.689) (65 0.618) (40 -0.228) (59 0.141) (61 0.115) (66 -0.112) (57 0.0947) (50 -0.0843) (69 -0.0611) (68 0.0607) (38 -0.0562) (70 -0.0561) (60 0.0539) (39 -0.0476) (52 -0.031) (31 -0.0259) (51 0.0252) (73 -0.0247) (41 0.0243) (62 0.0235) (45 0.0216) (55 0.0195) (77 -0.0167) (56 -0.0166) (29 -0.0165) (20 0.0164) (46 -0.0162) (115 -0.0162) (32 0.0159) (96 0.0146) (78 0.0136) (67 0.0135) (16 0.0133) (19 0.0128) (13 0.0122) (93 0.012) (76 0.0118) (90 0.0118) (44 -0.0111) (82 0.0111) (79 -0.011) (63 0.0102) 
   0.0041194   (105 0.563) (96 -0.336) (103 0.305) (123 -0.251) (124 0.22) (108 -0.219) (109 0.204) (101 0.197) (99 -0.18) (106 -0.168) (112 -0.14) (104 -0.135) (107 -0.132) (119 0.13) (102 -0.125) (98 -0.102) (115 -0.0962) (117 -0.0843) (121 -0.0829) (111 0.0786) (100 -0.0778) (118 0.0777) (50 0.0675) (113 0.065) (125 0.0633) (97 -0.0594) (94 0.0534) (89 0.0458) (110 -0.0436) (120 -0.0406) (122 0.0378) (114 0.0367) (90 -0.034) (93 -0.0332) (91 0.0325) (82 -0.0302) (92 0.03) (72 -0.0291) (84 -0.0275) (116 0.0215) (85 -0.0187) (53 0.0169) (80 -0.0159) (126 -0.0154) (65 0.014) (54 0.0121) (145 0.0119) (79 0.0114) (52 0.0112) (69 -0.0106) (83 0.0104) 
   0.0041907   (145 -0.999) (123 -0.0249) (124 0.0241) (136 -0.0157) 
   0.0043081   (50 0.9) (53 0.181) (54 0.139) (52 0.121) (72 -0.12) (45 -0.109) (56 0.105) (48 -0.0957) (40 -0.0758) (65 0.075) (59 0.0737) (15 -0.0654) (51 0.0621) (123 0.0619) (124 -0.0579) (43 0.0574) (41 -0.0568) (82 -0.0531) (57 0.0525) (84 -0.0485) (69 -0.0475) (71 -0.0429) (105 -0.0425) (96 -0.0418) (119 -0.041) (49 -0.0401) (60 -0.0366) (110 -0.0347) (115 0.0332) (68 0.0305) (80 -0.0304) (125 -0.0295) (107 0.0277) (108 0.0265) (70 -0.0257) (103 -0.025) (117 0.0241) (109 -0.0241) (121 0.0228) (86 -0.0224) (23 -0.0217) (101 -0.0217) (39 -0.02) (38 -0.0197) (90 -0.0196) (92 -0.019) (79 0.0183) (66 -0.0179) (46 0.0167) (122 -0.0165) (73 0.0163) (116 -0.0163) (30 0.0155) (83 0.0153) (31 -0.015) (99 0.0148) (85 -0.0138) (61 -0.0135) (118 -0.0131) (74 0.0128) (81 -0.0126) (11 0.012) (87 0.0111) (111 0.0107) (29 -0.0107) (112 -0.0103) 
   0.0044299   (72 -0.619) (45 -0.5) (80 -0.35) (81 -0.23) (50 -0.175) (93 -0.151) (83 0.127) (79 0.114) (43 0.109) (44 0.106) (86 -0.101) (71 -0.0972) (78 0.0819) (98 -0.0809) (46 -0.077) (87 0.0751) (76 0.0643) (107 0.0625) (112 0.0563) (69 -0.0514) (48 0.0507) (41 -0.0501) (90 0.0422) (75 -0.0404) (97 0.0382) (82 -0.0375) (96 0.0348) (105 -0.0341) (70 -0.0328) (89 0.0324) (100 0.0309) (85 -0.0269) (55 -0.0263) (47 -0.0257) (123 -0.0252) (111 0.0229) (119 0.0226) (155 0.021) (59 0.0209) (49 0.0209) (74 0.0191) (104 0.0186) (115 -0.0185) (68 0.017) (101 -0.017) (110 -0.017) (57 -0.0162) (103 0.0153) (88 0.0139) (124 0.0139) (51 -0.0133) (113 -0.0133) (116 0.0131) (65 -0.0123) (117 -0.0112) (125 0.011) (52 0.0102) 
   0.0045798   (155 0.999) (45 0.0335) 
   0.0046687   (45 -0.765) (72 0.489) (43 0.188) (80 0.155) (79 -0.141) (44 0.132) (46 -0.11) (81 0.0945) (41 -0.0855) (86 0.0754) (71 0.0685) (90 0.0648) (107 -0.0628) (83 -0.0537) (87 -0.0483) (112 -0.0442) (98 0.0425) (69 0.0414) (85 0.0396) (40 -0.039) (42 0.0331) (50 -0.0328) (47 -0.0318) (48 0.03) (155 0.0293) (59 -0.0282) (70 0.0267) (100 -0.0249) (117 0.0247) (96 -0.0245) (105 0.0239) (49 0.0233) (35 0.0226) (65 0.0224) (115 0.0219) (57 0.0213) (38 -0.0208) (15 -0.0205) (89 -0.02) (116 -0.0188) (76 -0.018) (75 0.0178) (123 0.0176) (93 -0.0172) (120 -0.0172) (77 0.0171) (14 -0.0164) (78 -0.0153) (104 -0.0151) (102 0.0149) (124 -0.0146) (113 0.0143) (119 -0.0142) (111 -0.0132) (36 -0.0128) (33 0.0111) (13 0.0109) (91 0.0108) (52 0.0102) (101 0.01) 
   0.0047441   (18 -0.972) (137 0.221) (15 0.0361) (16 -0.0297) (17 -0.0286) (7 0.0213) (19 0.0204) (23 -0.015) (14 -0.0145) (20 0.014) (13 0.0137) (24 0.0125) (35 -0.0114) (31 -0.0108) 
   0.0050218   (137 0.975) (18 0.22) 
   0.0052812   (7 -1) (18 -0.0207) 
   0.0053315   (5 1) 
    0.005397   (33 0.426) (28 -0.407) (135 0.342) (29 0.327) (26 0.306) (31 0.26) (24 0.244) (13 -0.199) (30 0.183) (25 -0.176) (14 0.138) (35 0.13) (32 -0.117) (36 -0.105) (27 0.105) (17 -0.0828) (22 0.0708) (37 0.0707) (16 0.0521) (34 -0.05) (42 0.0462) (19 0.039) (38 -0.0377) (77 -0.0338) (21 -0.0296) (40 -0.0283) (20 0.0236) (39 0.0211) (48 0.0168) (15 0.0161) (12 0.0156) (78 0.0138) (46 -0.0105) 
   0.0055577   (135 0.94) (33 -0.155) (28 0.148) (29 -0.119) (26 -0.111) (31 -0.0946) (24 -0.0888) (13 0.0726) (30 -0.0668) (25 0.0641) (14 -0.0501) (35 -0.0474) (32 0.0427) (36 0.0383) (27 -0.0381) (17 0.0302) (22 -0.0258) (37 -0.0257) (16 -0.019) (34 0.0182) (42 -0.0168) (19 -0.0142) (38 0.0137) (77 0.012) (21 0.0108) (40 0.0103) 
   0.0058145   (10 0.715) (17 0.585) (16 0.281) (13 -0.181) (14 0.13) (24 -0.081) (20 -0.0566) (25 0.0405) (15 0.0363) (18 -0.0321) (26 -0.0262) (22 -0.026) (21 0.0237) (33 0.0227) (19 -0.0188) (12 0.014) (42 0.0113) (32 -0.0109) (77 -0.0107) 
   0.0059947   (144 0.999) (10 -0.0272) (17 0.0202) 
   0.0065739   (10 0.698) (17 -0.606) (16 -0.286) (13 0.167) (14 -0.117) (24 0.0864) (20 0.0628) (25 -0.0442) (144 0.036) (18 0.0324) (15 -0.0301) (22 0.0274) (26 0.0264) (21 -0.0256) (33 -0.0242) (19 0.0196) (77 0.015) (42 -0.014) (32 0.0136) (12 -0.0131) (11 -0.0116) 
   0.0067813   (11 -0.82) (12 0.447) (41 0.34) (46 -0.0547) (42 0.0449) (45 -0.0444) (15 -0.0342) (50 0.0302) (40 0.0217) (33 -0.0212) (38 0.0195) (13 -0.018) (35 -0.0173) (30 -0.016) (48 -0.0147) (14 0.013) (47 0.013) (60 0.0129) (39 -0.0117) (28 -0.0115) (43 -0.0104) 
   0.0072486   (142 0.999) (41 0.0413) (11 0.0164) 
   0.0073422   (41 -0.884) (11 -0.311) (12 0.169) (46 0.15) (42 -0.138) (45 0.102) (33 0.0734) (40 -0.0641) (35 0.0592) (50 -0.0585) (43 0.0547) (38 -0.0526) (142 0.0474) (13 0.0412) (39 0.0379) (48 0.0331) (47 -0.0327) (28 0.0297) (60 -0.0289) (19 -0.0285) (15 -0.0271) (30 0.0271) (24 -0.0263) (14 -0.0242) (31 0.0234) (74 0.0231) (52 0.0216) (17 0.0209) (25 0.0202) (16 -0.0183) (26 -0.0183) (23 -0.0166) (66 -0.0157) (81 -0.0146) (22 -0.0145) (67 0.0137) (56 0.0135) (80 0.0135) (62 0.0132) (79 0.0114) (75 0.0108) (37 0.0107) (87 0.0106) (53 0.0103) (61 0.0102) 
   0.0078577   (12 -0.826) (11 -0.446) (30 -0.299) (28 -0.102) (31 0.0729) (13 -0.0675) (29 -0.0603) (14 0.0363) (33 0.0244) (35 0.022) (37 -0.02) (15 -0.0186) (67 0.0171) (41 -0.0161) (34 0.0155) (27 -0.0146) (138 0.0125) (36 0.0116) (19 0.0113) (43 -0.0107) 
   0.0087844   (138 0.987) (30 -0.132) (12 0.0574) (28 -0.0438) (11 0.032) (31 0.0295) (29 -0.0262) (33 0.01) 

 Largest eigenvalues
      60.013   (162 -0.261) (163 0.953) 
      37.297   (13 0.29) (33 0.367) (77 0.315) 
      27.518   (13 -0.236) (77 0.748) (78 -0.27) 
      15.344   (115 0.595) (116 -0.304) (117 0.365) (120 -0.512) 
      4.4351   (96 -0.292) (119 -0.355) (123 0.507) (124 -0.466) 
      1.4067   (162 -0.965) (163 -0.258) 
      1.2232   (165 0.999) 
      1.1452   (164 -0.996) 
      1.1439   (88 0.323) (89 -0.62) (91 -0.613) 
      1.1378   (100 0.363) (101 0.718) (106 0.481) 
      1.1331   (100 0.288) (101 0.326) (106 -0.765) 
     0.93331   (106 -0.234) (110 0.253) (111 0.234) (114 0.72) (115 -0.279) 
     0.89902   (104 0.755) (105 0.429) (106 0.293) 
     0.87811   (99 -0.62) (100 -0.463) (103 -0.316) 
     0.86937   (110 -0.452) (111 -0.522) 
     0.76308   (109 0.504) (111 0.312) (115 0.386) (136 -0.289) 
     0.67346   (109 -0.706) (110 0.295) 
     0.66895   (96 -0.778) (99 0.292) 
     0.66253   (113 0.475) (126 0.521) (136 -0.391) 
     0.60132   (110 -0.347) (112 -0.477) (113 -0.573) 
     0.58065   (108 0.595) (112 0.306) (113 -0.466) 
     0.57807   (108 -0.676) (112 0.381) 
     0.57025   (113 0.296) (122 -0.465) (124 0.398) (130 0.36) (132 -0.311) 
     0.56835   (122 0.335) (125 -0.662) (130 0.301) 
      0.5612   (115 0.335) (119 0.31) (120 0.463) (121 -0.35) (123 0.324) (125 0.331) 
     0.54663   (117 -0.373) (118 0.667) (120 -0.324) 
      0.4997   (116 0.332) (117 0.294) (119 -0.47) (123 -0.421) (127 -0.343) 
     0.47739   (116 -0.592) (117 -0.292) (122 -0.289) (126 0.322) (136 0.318) 
     0.44824   (116 0.552) (119 0.3) (126 0.379) (136 0.365) 
     0.41898   (91 0.295) (92 -0.918) 
     0.39807   (119 -0.359) (124 0.373) (127 0.441) (136 0.401) 
     0.32052   (94 -0.921) (103 0.218) 
       0.305   (94 0.326) (103 0.691) (104 0.36) (105 -0.361) 
     0.27236   (102 -0.854) 
     0.25917   (86 0.201) (98 -0.489) (112 -0.205) (115 0.217) (117 -0.234) (121 0.216) (124 -0.24) (127 0.246) 
     0.25467   (79 -0.355) (86 -0.568) (87 0.326) (98 0.292) 
     0.23845   (79 0.537) (98 0.57) 
     0.23029   (79 -0.521) (86 0.528) (87 -0.293) 
     0.19619   (98 -0.39) (107 0.405) (112 0.422) 
     0.15975   (90 -0.797) (93 0.368) 
     0.14711   (90 0.335) (93 0.299) (97 -0.559) (107 -0.445) 
     0.13744   (85 0.295) (93 -0.621) (107 -0.382) 
     0.12927   (85 -0.87) (97 0.239) 
     0.12284   (88 -0.554) (89 -0.442) (93 0.338) (97 0.313) 
     0.11157   (72 -0.387) (80 0.475) (81 0.431) 
     0.10823   (76 0.283) (78 0.32) (80 -0.322) (83 -0.278) (88 0.275) (97 0.274) 
     0.10727   (66 -0.353) (69 -0.316) (76 -0.292) 
     0.10201   (58 0.586) (60 -0.325) 
    0.096162   (58 -0.583) (66 0.343) 
     0.09464   (58 0.38) (60 0.228) (66 -0.301) (76 0.265) (97 -0.291) (107 0.287) 
    0.090277   (58 -0.315) (60 -0.399) (61 0.475) (69 -0.287) 
    0.087615   (60 0.262) (61 -0.332) (64 -0.386) (66 0.438) (83 -0.295) 
    0.079028   (63 0.211) (64 0.744) (69 0.236) (83 -0.225) 
     0.07456   (62 0.659) (63 -0.328) (69 0.31) 
    0.073462   (62 -0.604) (64 -0.337) (66 -0.301) 
    0.071971   (62 0.245) (66 0.244) (69 -0.29) (76 0.219) (80 0.21) (117 -0.235) (118 -0.331) (120 -0.202) 
    0.066694   (68 0.299) (74 -0.353) (78 0.351) 
    0.061475   (63 0.59) (68 -0.272) (74 0.226) (81 0.266) (87 0.263) 
    0.058783   (63 -0.574) (74 0.348) 
    0.055657   (63 0.3) (68 0.452) (71 0.353) (78 -0.282) 
    0.053465   (67 0.405) (74 -0.409) (81 -0.353) 
    0.050846   (67 -0.545) (78 0.295) 
     0.04817   (67 0.556) (68 0.363) (74 0.306) 
    0.046618   (74 -0.278) (75 -0.283) (81 0.365) (83 0.318) (87 -0.251) (121 0.262) 
    0.043831   (35 -0.529) (36 -0.713) 
    0.042324   (36 0.306) (43 0.616) (46 0.478) 
    0.041761   (75 0.421) (76 0.244) (121 0.363) 
    0.040163   (51 0.427) (52 0.385) (75 -0.368) 
    0.032562   (47 -0.392) (51 -0.429) (75 -0.429) 
      0.0319   (26 0.319) (27 -0.744) (32 0.311) (37 0.315) 
    0.029446   (27 0.518) (32 0.586) 
    0.027633   (32 -0.496) (34 0.317) 
     0.02712   (34 -0.736) (37 -0.428) 
    0.022108   (47 -0.372) (48 -0.414) (49 0.271) (88 -0.251) (91 -0.247) 
    0.021242   (130 -0.635) (132 -0.559) 
    0.021078   (128 -0.578) (160 -0.809) 
    0.020029   (128 -0.577) (160 0.312) (161 0.755) 
    0.019157   (128 -0.577) (160 0.498) (161 -0.647) 
    0.015782   (15 -0.985) 
     0.01564   (140 0.998) 
