 1 31.6228
 2 24.6855
 3 1.53859
 4 31.6228
 5 18.5693
 6 10.8149
 7 31.62
 8 0.991037
 9 31.4928
 10 29.108
 11 1.01251
 12 28.1906
 13 31.6228
 14 31.5882
 15 0.90388
 16 31.6228
 17 31.5744
 18 0.960487
 19 31.6228
 20 28.1726
 21 4.52146
 22 31.6228
 23 30.1642
 24 2.48488
 25 14.7077
 26 15.9061
 27 1.43602
 28 31.3651
 29 13.4788
 30 9.4388
 31 21.2469
 32 2.78736
 33 28.4596
 34 14.0163
 35 8.81816
 36 15.4163
 37 31.4533
 38 31.59
 39 1.33907
 40 23.9056
 41 30.9153
 42 1.28443
 43 21.455
 44 28.5455
 45 1.61706
 46 31.5699
 47 21.8646
 48 11.5046
 49 29.9971
 50 14.6897
 51 16.4352
 52 7.46892
 53 30.5692
 54 16.54
 55 11.215
 56 9.58252
 57 29.4115
 58 9.95714
 59 11.7588
 60 6.75799
 61 4.33522
 62 1.2887
 63 24.0078
 64 15.1505
 65 1.00064
 66 21.6258
 67 30.9547
 68 2.09227
 69 31.6224
 70 31.6228
 71 28.31
 72 4.84548
 73 31.6143
 74 1.34831
 75 31.5793
 76 31.4605
 77 1.4613
 78 30.5942
 79 31.6091
 80 3.76562
 81 29.3502
 82 31.2843
 83 20.1134
 84 1.32612
 85 10.2429
 86 1.33473
 87 31.4165
 88 1.15422
 89 1.09158
 90 1.32942
 91 2.41051
 92 16.8656
 93 26.1161
 94 17.547
 95 22.6284
 96 27.4876
 97 16.151
 98 11.9507
 99 9.31069
 100 18.3443
 101 29.7448
 102 8.13112
 103 11.6784
 104 10.3021
 105 9.86507
 106 12.0102
 107 11.9439
 108 11.8263
 109 9.64419
 110 7.95865
 111 11.7606
 112 13.5693
 113 12.6023
 114 11.8843
 115 11.5337
 116 9.72093
 117 11.6779
 118 12.3912
 119 10.5152
 120 8.20347
 121 10.3691
 122 6.55237
 123 7.53355
 124 5.39
 125 5.12893
 126 6.8945
 127 4.52364
 128 8.44344
 129 7.44529
 130 6.8206
 131 4.19276
 132 4.42945
 133 4.50694
 134 5.78031
 135 2.73933
 136 6.48337
 137 2.96533
 138 2.92258
 139 2.94167
 140 3.14794
 141 3.13936
 142 2.71096
 143 2.85659
 144 3.70594
 145 3.7743
 146 3.43824
 147 2.95918
 148 5.12582
 149 3.7746
 150 3.31387
 151 3.58216
 152 4.62171
 153 4.1868
 154 3.5295
 155 4.38486
 156 4.80257
 157 6.77562
 158 0.321906
 159 0.191485
 160 0.269124
 161 3.72388
 162 3.6564
 163 11.2971
 164 25.6762
 165 0.60377
