 1 24551.4
 2 657.601
 3 15.7786
 4 186906
 5 532.6
 6 295.294
 7 811595
 8 57.2536
 9 29627
 10 2260.25
 11 6.04001
 12 1899.25
 13 277288
 14 3235.09
 15 0.833038
 16 426438
 17 3960.59
 18 5.28986
 19 130742
 20 2549.81
 21 321.97
 22 148865
 23 3466.09
 24 171.868
 25 246.331
 26 314.131
 27 9.93783
 28 2331.85
 29 323.076
 30 216.048
 31 495.678
 32 72.4888
 33 1130.42
 34 206.408
 35 196.26
 36 366.806
 37 1520.31
 38 3180.53
 39 4.88487
 40 982.748
 41 4495.8
 42 1.78812
 43 739.858
 44 1649.25
 45 17.0037
 46 3153.12
 47 1724.74
 48 805.037
 49 2021.09
 50 232.615
 51 502.77
 52 201.993
 53 3092.91
 54 329.335
 55 289.706
 56 245.608
 57 1281.16
 58 112.714
 59 245.058
 60 125.773
 61 21.2047
 62 1.67895
 63 639.046
 64 267.564
 65 2.31236
 66 510.791
 67 4079.67
 68 92.8783
 69 124534
 70 158734
 71 2268.06
 72 279.56
 73 15845.3
 74 28.5452
 75 20978.4
 76 8572.4
 77 11.0994
 78 2138.88
 79 7736.12
 80 226.668
 81 2660.86
 82 1572.73
 83 442.958
 84 2.14027
 85 142.816
 86 2.03473
 87 6665.13
 88 1.79318
 89 1.69878
 90 2.05635
 91 8.1288
 92 347.123
 93 790.101
 94 420.995
 95 692.309
 96 996.663
 97 303.521
 98 180.091
 99 119.151
 100 418.217
 101 1180.97
 102 85.3993
 103 150.643
 104 121.123
 105 111.396
 106 154.669
 107 155.452
 108 152.999
 109 106.733
 110 84.307
 111 155.246
 112 195.423
 113 171.27
 114 154.56
 115 148.8
 116 114.351
 117 154.461
 118 169.49
 119 124.575
 120 77.2256
 121 114.672
 122 45.3925
 123 59.06
 124 33.9928
 125 28.494
 126 51.6762
 127 25.8278
 128 81.7566
 129 67.2803
 130 54.5942
 131 20.2203
 132 20.482
 133 21.4952
 134 35.2261
 135 8.7559
 136 43.0011
 137 9.90451
 138 9.34123
 139 9.59223
 140 10.9188
 141 12.0551
 142 8.78643
 143 9.40604
 144 14.9148
 145 15.0875
 146 12.7853
 147 10.2535
 148 28.9792
 149 15.6268
 150 12.0546
 151 14.1447
 152 22.5811
 153 18.7359
 154 13.4593
 155 20.0719
 156 23.8467
 157 46.7547
 158 0.496465
 159 0.0614265
 160 0.474341
 161 26.3547
 162 17.8294
 163 175.597
 164 703.085
 165 9.37347
