 1 1000
 2 627.94
 3 15.1043
 4 1000
 5 514.343
 6 285.185
 7 999.867
 8 2.74555
 9 994.597
 10 857.823
 11 3.04294
 12 808.015
 13 1000
 14 998.171
 15 0.821722
 16 1000
 17 998.197
 18 1.97389
 19 1000
 20 886.373
 21 112.634
 22 1000
 23 952.028
 24 47.9663
 25 230.643
 26 278.389
 27 8.87274
 28 986.608
 29 287.944
 30 193.324
 31 466.302
 32 55.9686
 33 870.608
 34 200.387
 35 187.192
 36 349.121
 37 990.489
 38 998.855
 39 2.67167
 40 583.279
 41 961.376
 42 1.67606
 43 490.417
 44 848.662
 45 9.50035
 46 997.933
 47 674.129
 48 328.611
 49 915.883
 50 228.931
 51 361.429
 52 146.361
 53 946.998
 54 282.467
 55 207.071
 56 173.598
 57 898.274
 58 111.015
 59 207.276
 60 107.426
 61 21.185
 62 1.67867
 63 592.054
 64 266.889
 65 2.30145
 66 505.991
 67 977.888
 68 24.0352
 69 999.988
 70 1000
 71 889.44
 72 110.951
 73 999.619
 74 2.88899
 75 998.464
 76 990.502
 77 5.6313
 78 942.378
 79 999.4
 80 76.0967
 81 923.969
 82 983.312
 83 423.531
 84 2.11115
 85 109.063
 86 1.91453
 87 990.879
 88 1.7931
 89 1.69877
 90 2.05626
 91 7.81608
 92 345.144
 93 776.658
 94 416.687
 95 602.01
 96 811.571
 97 296.142
 98 177.182
 99 118.451
 100 384.154
 101 916.386
 102 82.9353
 103 149.038
 104 120.308
 105 111.032
 106 154.215
 107 154.721
 108 152.242
 109 106.217
 110 83.0683
 111 154.571
 112 194.732
 113 170.813
 114 154.381
 115 148.595
 116 114.058
 117 154.096
 118 169.387
 119 124.399
 120 76.8837
 121 114.4
 122 45.129
 123 58.848
 124 33.8564
 125 28.2008
 126 51.4625
 127 24.9829
 128 79.6517
 129 66.1646
 130 53.7092
 131 20.0694
 132 20.344
 133 21.3305
 134 34.3598
 135 8.68393
 136 42.8513
 137 9.78499
 138 9.24967
 139 9.46071
 140 10.7298
 141 11.4682
 142 8.56178
 143 9.25311
 144 14.7097
 145 14.9584
 146 12.6388
 147 9.9715
 148 28.3524
 149 15.3584
 150 11.9022
 151 13.9789
 152 22.2901
 153 18.3121
 154 13.1699
 155 19.908
 156 23.7904
 157 46.6623
 158 0.438143
 159 0.0602128
 160 0.425648
 161 22.5055
 162 16.7625
 163 152.913
 164 683.669
 165 8.65953
