 Smallest eigenvalues
  1.1923e-06   (10 1) 
   2.345e-06   (46 -0.679) (43 -0.399) (45 -0.387) (40 -0.313) (154 -0.148) (41 -0.148) (48 0.116) (42 -0.114) (50 0.0927) (56 -0.0862) (53 -0.0769) (79 -0.076) (47 -0.0655) (44 -0.0649) (14 0.0589) (39 -0.0513) (57 0.05) (36 -0.0439) (30 -0.0378) (25 0.0376) (55 -0.0295) (81 -0.0294) (37 0.0284) (16 -0.0281) (23 0.0258) (33 0.0221) (77 -0.0216) (15 0.0199) (80 -0.0194) (17 0.0192) (19 -0.0184) (24 -0.0179) (28 -0.0176) (60 0.0175) (78 0.0159) (83 -0.0152) (52 0.015) (73 -0.0142) (49 0.0137) (32 0.0137) (35 0.013) (20 -0.0125) (38 0.0111) (54 -0.0109) (92 0.0101) 
  3.6064e-06   (154 -0.989) (46 0.102) (43 0.0599) (45 0.0581) (40 0.047) (41 0.0222) (48 -0.0174) (42 0.0171) (50 -0.0139) (56 0.0128) (53 0.0115) (79 0.011) 
  5.3503e-06   (4 1) 
  6.2998e-06   (40 -0.63) (149 0.597) (43 0.384) (41 0.234) (42 0.125) (39 -0.0852) (79 -0.0521) (14 0.0437) (36 -0.0419) (48 0.0418) (44 -0.0413) (25 0.0375) (30 -0.0315) (51 -0.0314) (52 0.0271) (46 0.0258) (45 0.0249) (47 -0.0224) (37 0.022) (16 -0.0211) (81 -0.0205) (23 0.0198) (33 0.0191) (15 0.0182) (57 0.0176) (32 0.017) (55 0.0164) (17 0.0163) (80 -0.0149) (38 0.014) (77 -0.0129) (50 0.0116) (76 0.0115) (19 -0.0114) (24 -0.011) (20 -0.0103) 
  6.7175e-06   (149 0.802) (40 0.468) (43 -0.286) (41 -0.174) (42 -0.0933) (39 0.0634) (79 0.0386) (14 -0.0325) (36 0.0312) (48 -0.0311) (44 0.0307) (25 -0.0279) (30 0.0234) (51 0.0234) (52 -0.0201) (46 -0.0191) (45 -0.0186) (47 0.0167) (37 -0.0164) (16 0.0157) (81 0.0152) (23 -0.0147) (33 -0.0142) (15 -0.0135) (57 -0.013) (32 -0.0126) (55 -0.0122) (17 -0.0121) (80 0.0111) (38 -0.0104) 
  7.6486e-06   (1 0.984) (25 0.12) (26 0.114) (27 0.0408) (30 0.0316) (24 -0.0213) (14 0.0203) (23 0.0165) (40 0.0149) (15 0.0118) (19 -0.0118) (16 -0.0117) 
  8.0268e-06   (158 0.999) (25 0.0284) (26 0.0269) 
  3.0873e-05   (25 -0.655) (26 -0.62) (27 -0.216) (1 0.18) (30 -0.176) (24 0.12) (14 -0.117) (23 -0.0945) (40 -0.0754) (15 -0.0719) (16 0.0695) (19 0.0655) (28 -0.051) (36 -0.046) (17 -0.0457) (20 0.044) (158 0.0434) (41 -0.0407) (18 0.039) (79 0.0365) (29 0.033) (32 0.031) (21 0.0284) (46 -0.018) (48 -0.0169) (31 0.0149) (33 0.0143) (51 0.0142) (81 0.0136) (80 0.0103) 
  4.0731e-05   (21 0.676) (45 0.47) (42 -0.293) (43 -0.212) (40 -0.207) (20 0.19) (19 0.175) (41 -0.13) (18 0.124) (25 0.083) (54 -0.0746) (23 0.0587) (14 -0.0579) (16 0.0576) (24 -0.0562) (46 0.0474) (17 -0.0453) (15 -0.0437) (36 -0.0412) (26 0.0379) (79 -0.0375) (30 -0.0336) (44 0.0332) (28 -0.0322) (53 -0.0321) (50 0.0282) (74 -0.0274) (35 -0.0246) (39 -0.0245) (77 -0.0216) (47 0.0206) (22 0.0204) (78 0.0198) (48 0.0188) (71 -0.0164) (69 -0.014) (52 0.0139) (29 0.0134) (76 0.0133) (27 0.0123) (70 -0.0122) (33 0.0122) (72 -0.012) (60 0.0118) (56 -0.0117) (37 0.0117) (66 0.0115) (63 0.0114) (57 0.0109) 
  0.00010201   (157 -0.999) (21 -0.0303) (45 0.0284) (42 -0.0162) (43 -0.0138) (40 -0.0105) 
  0.00011748   (21 0.578) (45 -0.559) (42 0.318) (43 0.272) (40 0.205) (20 0.177) (19 0.164) (18 0.111) (41 0.0973) (14 -0.0968) (16 0.071) (39 0.0661) (15 -0.059) (46 -0.0581) (79 0.0573) (54 0.0553) (17 -0.053) (157 -0.0515) (44 -0.0512) (48 -0.044) (53 0.0364) (50 -0.0351) (24 -0.0333) (23 0.029) (32 -0.0281) (26 0.0268) (28 -0.0247) (62 -0.0231) (22 0.023) (74 0.0228) (25 0.0226) (34 0.0218) (35 0.0201) (77 0.0195) (81 0.0186) (57 -0.0167) (76 -0.0153) (27 0.0152) (29 0.0144) (56 0.0141) (52 -0.0137) (80 0.0132) (60 -0.0128) (37 -0.0127) (71 0.0127) (69 0.0121) (47 -0.0107) (38 -0.0104) (83 0.0103) 
  0.00014797   (3 -1) 
  0.00018652   (23 0.813) (24 0.31) (25 -0.232) (14 0.23) (16 -0.2) (17 0.149) (21 0.117) (19 -0.117) (28 0.113) (30 0.104) (20 -0.0849) (15 0.0741) (40 0.0538) (43 0.039) (26 0.0325) (37 -0.0241) (39 0.0227) (33 -0.022) (36 0.0204) (18 -0.018) (45 0.0167) (46 -0.0162) (79 -0.0152) (50 0.0146) (57 0.0122) (42 -0.011) (13 -0.0107) (32 -0.0107) 
  0.00022202   (160 -1) 
  0.00024232   (2 -1) 
  0.00024296   (19 0.591) (16 -0.534) (17 0.4) (14 0.269) (23 -0.23) (15 0.163) (18 0.159) (20 0.113) (21 -0.0643) (25 -0.0635) (30 0.0422) (40 0.0335) (159 -0.0334) (28 0.03) (24 0.0294) (36 0.0155) (43 0.0139) (29 0.0136) (79 -0.0134) (33 -0.0127) (22 0.0114) (13 -0.0102) (11 -0.0101) 
  0.00027114   (159 -0.999) (19 -0.0198) (16 0.0179) (17 -0.0134) 
   0.0002737   (7 1) 
  0.00028358   (24 -0.878) (150 -0.334) (25 -0.22) (23 0.199) (14 0.0802) (16 -0.0664) (30 0.0507) (17 0.0485) (15 0.0466) (22 -0.0417) (19 -0.0415) (20 -0.0308) (40 0.0297) (56 -0.0288) (53 -0.0241) (26 -0.0229) (35 -0.0222) (27 -0.0196) (18 -0.0177) (79 -0.0163) (36 0.0163) (43 0.0161) (28 0.0147) (29 0.0144) (55 -0.0141) (34 -0.0124) (49 0.0113) (32 -0.0112) (42 0.0106) 
  0.00028985   (150 -0.942) (24 0.311) (25 0.0782) (23 -0.0707) (14 -0.0285) (16 0.0235) (30 -0.018) (17 -0.0172) (15 -0.0165) (22 0.0148) (19 0.0147) (20 0.0109) (40 -0.0105) (56 0.0102) 
  0.00030263   (6 1) 
  0.00031978   (20 0.681) (19 -0.588) (152 -0.217) (16 -0.204) (23 -0.162) (17 0.149) (14 0.145) (22 0.132) (15 0.0836) (18 0.0429) (25 -0.0371) (40 0.0232) (27 -0.0224) (21 0.0224) (79 -0.0179) (30 0.0166) (26 -0.0159) (24 0.0156) (31 -0.0145) (29 0.0145) (48 0.0134) (53 -0.0126) (43 0.0103) 
  0.00035087   (152 -0.976) (20 -0.151) (19 0.131) (16 0.0452) (23 0.036) (17 -0.033) (14 -0.0323) (22 -0.0294) (15 -0.0186) 
   0.0003832   (73 -0.779) (57 -0.508) (53 -0.139) (58 -0.132) (46 0.112) (43 -0.0962) (79 0.0943) (50 -0.0841) (52 -0.0749) (40 -0.0736) (41 -0.0713) (45 -0.0595) (42 0.0595) (56 0.0589) (60 -0.0567) (55 -0.0499) (69 -0.0461) (14 0.0431) (37 0.0421) (30 -0.042) (81 0.0416) (62 -0.0405) (74 -0.0384) (48 0.035) (32 0.0311) (70 0.0301) (68 -0.0281) (99 -0.0279) (49 -0.0278) (71 -0.0241) (80 0.0236) (33 0.0233) (88 0.023) (20 -0.0221) (47 0.0217) (92 0.0214) (59 -0.0214) (104 0.0199) (123 0.0191) (122 -0.0164) (111 -0.0164) (39 -0.0163) (83 -0.0158) (16 -0.0149) (101 -0.0148) (21 0.0147) (109 -0.0142) (124 0.014) (72 0.0135) (28 -0.0135) (91 -0.0123) (75 0.0122) (94 -0.012) (114 -0.0119) (77 0.0111) (19 -0.0111) (17 0.011) (44 -0.0107) (113 -0.0107) (23 0.0104) (31 -0.0103) 
  0.00041034   (57 -0.613) (73 0.587) (58 -0.215) (153 0.163) (46 0.153) (67 0.153) (43 -0.152) (53 -0.143) (68 -0.111) (40 -0.109) (69 -0.0983) (45 -0.0975) (50 -0.0974) (62 -0.0965) (52 -0.0854) (41 -0.0704) (14 0.0679) (42 0.064) (56 0.0639) (30 -0.0589) (48 -0.056) (36 -0.0471) (37 0.0444) (60 -0.0411) (39 -0.0386) (33 0.0336) (32 0.0312) (122 0.0274) (16 -0.0269) (79 -0.0269) (66 -0.0266) (19 -0.0265) (28 -0.0252) (74 0.0245) (55 -0.0222) (20 -0.021) (17 0.0193) (23 0.0185) (126 0.0178) (59 -0.0177) (117 0.0172) (47 0.0171) (83 -0.0169) (111 -0.0167) (81 -0.0167) (25 0.0163) (31 -0.0161) (92 0.0159) (71 0.0153) (127 0.0152) (51 0.0142) (21 0.0135) (49 -0.013) (109 -0.0128) (121 0.0127) (101 -0.0126) (72 -0.012) (18 -0.012) (44 -0.0115) (133 0.0115) (77 0.011) (64 -0.0105) (130 0.0104) (120 0.0103) 
   0.0004231   (153 0.987) (57 0.104) (73 -0.0927) (58 0.0361) (46 -0.0263) (43 0.026) (67 -0.025) (53 0.0246) (40 0.0187) (68 0.0183) (50 0.0167) (45 0.0167) (69 0.0163) (62 0.0161) (52 0.0146) (41 0.0123) (14 -0.0117) (42 -0.0111) (56 -0.011) (30 0.0102) 
  0.00043347   (27 -0.948) (26 0.151) (25 0.15) (28 -0.15) (51 0.103) (50 -0.0679) (52 0.0459) (53 0.0395) (30 0.0395) (14 0.0357) (23 0.0337) (46 0.0329) (57 0.0313) (48 -0.0307) (20 -0.0307) (43 -0.029) (45 -0.0235) (36 -0.0233) (16 -0.0228) (18 -0.0225) (32 -0.0218) (15 0.0204) (29 -0.019) (17 0.0158) (31 -0.0157) (79 -0.0137) (22 0.0134) (21 0.0116) (33 -0.0104) 
  0.00046958   (148 0.634) (51 0.511) (50 -0.354) (52 0.194) (53 0.191) (43 -0.157) (46 0.152) (57 0.129) (27 0.12) (40 -0.115) (45 -0.0995) (48 -0.0973) (49 -0.0749) (41 -0.0622) (42 0.0538) (30 -0.0508) (14 0.0444) (39 -0.0359) (56 -0.0308) (36 -0.0296) (37 0.0296) (32 0.0241) (73 -0.0234) (79 -0.0231) (60 0.0229) (33 0.0221) (16 -0.0164) (55 -0.0159) (54 -0.0156) (26 -0.0151) (19 -0.014) (20 -0.0122) (17 0.0118) (23 0.0109) 
  0.00048732   (148 0.774) (51 -0.419) (50 0.29) (52 -0.159) (53 -0.157) (43 0.128) (46 -0.125) (57 -0.106) (27 -0.0946) (40 0.094) (45 0.0816) (48 0.0798) (49 0.0614) (41 0.051) (42 -0.0441) (30 0.0415) (14 -0.0365) (39 0.0294) (56 0.0253) (36 0.0243) (37 -0.0242) (32 -0.0197) (73 0.0191) (79 0.0188) (60 -0.0188) (33 -0.018) (16 0.0136) (55 0.013) (54 0.0128) (26 0.0119) (19 0.0115) (20 0.0101) 
  0.00051561   (52 -0.869) (36 0.318) (53 0.177) (57 0.157) (55 0.152) (40 -0.114) (49 -0.11) (50 -0.0906) (41 -0.0832) (51 0.0762) (43 -0.0712) (46 0.0691) (45 -0.0387) (42 0.0387) (79 -0.0283) (56 -0.0247) (39 -0.0219) (69 -0.0209) (35 -0.0208) (37 0.0208) (68 -0.0184) (34 0.0154) (67 0.0152) (47 0.0143) (151 0.0134) (27 -0.0133) (44 -0.0125) 
  0.00062832   (151 0.97) (36 -0.223) (52 -0.0638) (30 -0.0265) (40 0.0262) (48 0.0182) (35 0.0179) (32 0.017) (57 0.0154) (14 0.0144) (33 0.0136) (34 -0.0115) (53 0.011) (55 0.0101) 
  0.00069821   (36 0.883) (52 0.306) (151 0.241) (30 0.106) (40 -0.0993) (48 -0.0739) (35 -0.0712) (57 -0.0708) (32 -0.0688) (14 -0.0585) (33 -0.0548) (53 -0.0542) (55 -0.0491) (34 0.0455) (25 -0.0384) (50 0.0379) (79 0.0331) (41 -0.0305) (20 0.0291) (43 -0.0274) (39 -0.0274) (49 0.027) (73 0.0236) (16 0.022) (22 0.0218) (31 0.0216) (27 -0.0212) (19 0.0175) (51 -0.016) (45 -0.0156) (23 -0.0153) (17 -0.0143) (24 0.014) (81 0.0131) (26 -0.0131) (15 -0.0122) 
  0.00077204   (69 0.643) (68 0.55) (67 -0.442) (57 -0.163) (70 -0.117) (73 0.0944) (66 0.0711) (62 0.0581) (46 0.0547) (52 -0.0509) (43 -0.0453) (55 -0.0448) (40 -0.043) (41 -0.0414) (53 -0.0413) (50 -0.0395) (48 0.0346) (42 0.0329) (58 0.0323) (83 -0.0297) (30 -0.0254) (14 0.0253) (37 0.025) (147 0.0229) (45 -0.0228) (49 -0.0217) (32 0.0216) (99 -0.0201) (88 0.0179) (60 0.0173) (56 0.0165) (20 -0.0159) (92 0.0159) (97 -0.0158) (104 0.0158) (71 0.0157) (127 0.0155) (124 0.0153) (33 0.0144) (125 0.0135) (111 -0.0109) (21 0.0109) (90 0.0105) (116 0.0103) (122 -0.0102) (39 -0.0101) 
  0.00078291   (147 0.807) (48 -0.462) (50 0.18) (51 -0.153) (46 0.135) (43 -0.0986) (41 -0.0924) (45 -0.0914) (40 -0.0874) (57 0.0857) (49 -0.0788) (36 -0.0511) (73 -0.0378) (14 0.0326) (47 0.0319) (42 0.029) (30 -0.0289) (44 -0.0273) (79 -0.0259) (55 -0.0258) (52 0.0198) (53 0.0187) (58 0.0169) (33 0.0158) (32 0.0154) (37 0.0146) (39 -0.0136) (19 -0.0135) (16 -0.0127) (81 -0.0118) (25 0.0115) (28 -0.0106) (69 -0.0105) 
  0.00078393   (48 0.63) (147 0.59) (50 -0.244) (51 0.21) (46 -0.187) (43 0.137) (41 0.128) (45 0.126) (40 0.121) (57 -0.11) (49 0.109) (36 0.0695) (73 0.0483) (14 -0.0457) (47 -0.044) (42 -0.0411) (30 0.0407) (44 0.0376) (55 0.0371) (79 0.0353) (67 0.0268) (52 -0.0248) (58 -0.0244) (53 -0.0238) (33 -0.0222) (32 -0.022) (37 -0.0211) (39 0.0191) (19 0.0187) (16 0.0178) (25 -0.0162) (81 0.016) (62 -0.0155) (68 -0.0154) (28 0.0148) (20 0.0135) (22 0.0124) (17 -0.0117) (24 0.0114) (69 -0.0108) (121 -0.0105) (122 -0.0102) 
  0.00085405   (37 0.899) (20 -0.198) (21 0.158) (19 -0.139) (23 -0.132) (14 0.118) (22 -0.118) (40 0.0967) (41 0.0835) (16 -0.0757) (18 -0.0724) (32 0.0701) (43 0.0675) (46 -0.0605) (42 -0.0587) (17 0.0541) (33 0.054) (36 0.0525) (39 0.0496) (35 0.0377) (45 0.0345) (25 -0.0307) (57 0.0262) (38 -0.025) (53 0.0236) (24 0.0209) (48 -0.0207) (50 0.0205) (30 -0.0155) (52 0.0135) (15 0.012) 
  0.00098956   (20 -0.451) (37 -0.372) (23 -0.367) (21 0.366) (19 -0.338) (22 -0.337) (14 0.218) (16 -0.166) (18 -0.162) (30 0.133) (17 0.118) (25 -0.1) (32 -0.0659) (28 0.0649) (33 -0.0484) (24 0.0423) (15 0.0367) (143 0.0307) (31 0.0291) (29 -0.0233) (35 -0.0227) (26 -0.0181) (13 -0.0132) (48 0.0131) (36 0.0114) 
   0.0010345   (143 0.996) (144 -0.0784) (20 0.0144) (21 -0.0117) (23 0.0116) (19 0.0108) (22 0.0107) 
   0.0011684   (46 0.424) (48 0.419) (50 0.414) (49 0.398) (14 0.271) (41 -0.229) (45 -0.188) (43 -0.177) (53 0.17) (42 0.161) (57 0.125) (15 -0.116) (40 -0.0958) (16 0.0752) (52 0.069) (37 0.0537) (17 -0.0524) (79 0.0375) (32 0.0367) (30 -0.0362) (56 -0.0349) (39 -0.034) (44 0.03) (33 0.027) (19 0.0229) (67 0.0219) (47 0.0209) (55 0.0194) (54 -0.0172) (77 0.0141) (68 -0.0134) (111 -0.0117) (83 -0.0114) (62 -0.0113) (76 -0.0112) (81 0.0111) (80 0.0106) (51 -0.0103) (31 -0.0102) (35 0.0101) 
   0.0013723   (14 0.742) (15 -0.393) (16 0.32) (17 -0.221) (46 -0.144) (48 -0.12) (19 0.119) (49 -0.116) (20 0.115) (50 -0.111) (41 0.0867) (43 0.0775) (30 0.0762) (18 0.0715) (45 0.0699) (42 -0.061) (23 -0.0608) (40 0.0591) (21 -0.0577) (53 -0.0433) (25 -0.0412) (28 0.0383) (37 -0.0337) (32 -0.0331) (57 -0.0281) (13 -0.0234) (33 -0.0209) (36 0.0208) (39 0.0199) (31 0.0178) (52 -0.0173) (79 -0.0122) (11 -0.0117) (29 -0.0116) 
   0.0014024   (145 1) 
   0.0014473   (55 -0.528) (56 0.524) (30 -0.376) (53 -0.338) (57 0.284) (31 -0.221) (52 -0.086) (48 0.0834) (50 -0.0772) (14 0.0759) (32 -0.073) (36 0.0631) (28 -0.0526) (46 0.0497) (29 0.0472) (25 0.0469) (20 -0.0447) (33 -0.0389) (67 0.0357) (79 0.0321) (16 -0.0315) (23 0.0258) (54 0.0249) (71 -0.0246) (42 0.0233) (73 0.0231) (19 -0.0224) (49 -0.0223) (17 0.0223) (47 0.0223) (58 -0.0217) (62 -0.0215) (21 0.0203) (81 0.0174) (18 -0.0168) (43 -0.0161) (68 -0.016) (40 0.0135) (45 -0.0133) (41 -0.0131) (60 0.013) (26 0.011) (80 0.011) (70 -0.0109) (37 -0.0104) 
   0.0015098   (30 -0.687) (31 -0.417) (56 -0.268) (55 0.268) (53 0.19) (32 -0.187) (57 -0.122) (14 0.106) (36 0.1) (40 0.0974) (33 -0.0954) (139 0.0915) (28 -0.0883) (41 0.0872) (25 0.0851) (29 0.0797) (37 -0.0783) (46 -0.0733) (43 0.0683) (50 0.0678) (42 -0.0547) (20 -0.0544) (52 0.0519) (16 -0.0507) (23 0.045) (45 0.0419) (48 -0.0407) (19 -0.0395) (17 0.0359) (35 -0.0264) (18 -0.0253) (39 0.0252) (49 0.0244) (24 -0.0208) (27 0.0188) (21 0.0187) (47 -0.0181) (79 -0.0168) (26 0.0167) (73 -0.0161) (67 -0.0152) (54 -0.0142) (15 0.0141) (58 0.0119) (71 0.0105) (22 -0.0103) 
   0.0015863   (139 0.996) (30 0.0664) (31 0.0402) (56 0.0202) (55 -0.0202) (32 0.0177) (53 -0.0145) (14 -0.0105) 
   0.0016821   (18 -0.788) (31 0.485) (30 -0.221) (20 0.181) (19 0.156) (28 -0.14) (14 0.0669) (21 0.0497) (23 0.0345) (32 -0.0336) (135 0.0312) (40 0.0298) (15 0.0293) (27 0.0272) (25 0.0262) (36 0.0209) (33 -0.0203) (13 0.0197) (16 -0.0177) (37 -0.0174) (29 0.0154) (71 0.0154) (41 0.0145) (43 0.0143) (17 0.0132) (39 0.0125) 
   0.0017092   (31 0.579) (135 0.571) (18 0.441) (30 -0.282) (28 -0.134) (20 -0.125) (19 -0.121) (25 0.0644) (16 -0.0412) (14 0.0368) (40 0.0364) (36 0.0325) (32 -0.0309) (33 -0.0286) (23 0.0268) (21 -0.0236) (24 -0.0201) (29 0.0182) (43 0.0169) (37 -0.0155) (41 0.0147) (17 0.0143) (13 -0.0139) (50 0.0131) (44 0.0106) 
     0.00191   (135 0.82) (31 -0.422) (18 -0.277) (30 0.204) (28 0.0987) (20 0.0804) (19 0.0786) (25 -0.0459) (16 0.0294) (14 -0.0282) (40 -0.0264) (36 -0.0234) (32 0.0228) (33 0.0207) (23 -0.02) (21 0.0146) (24 0.0141) (29 -0.0132) (43 -0.0123) (37 0.0114) (41 -0.0107) (17 -0.0105) 
   0.0020821   (28 -0.868) (49 -0.235) (30 0.206) (50 0.199) (27 0.143) (51 0.134) (31 -0.134) (54 0.102) (67 -0.0838) (25 -0.0766) (48 0.0629) (47 -0.0528) (44 0.0475) (70 0.0454) (69 -0.0434) (29 -0.0394) (45 0.0378) (14 0.0368) (33 -0.0322) (23 0.0309) (20 -0.0297) (71 -0.029) (24 0.028) (55 -0.0264) (16 -0.0262) (43 0.0244) (26 0.0242) (66 0.024) (57 -0.0221) (19 -0.0219) (42 0.0198) (39 -0.0171) (13 0.0158) (17 0.0157) (40 0.0156) (60 -0.0148) (18 0.0148) (68 -0.0137) (74 0.0126) (35 0.0126) (73 0.0123) (82 -0.0111) 
   0.0022272   (67 -0.649) (69 -0.379) (70 0.34) (50 -0.252) (49 0.242) (66 0.228) (71 -0.181) (51 -0.175) (132 0.142) (62 0.0918) (74 0.0889) (78 -0.0802) (73 0.0702) (68 -0.0697) (79 0.0583) (60 -0.0471) (82 -0.0465) (76 0.0417) (63 0.04) (43 -0.04) (28 -0.0397) (59 -0.0393) (133 0.0348) (48 -0.0296) (45 -0.0292) (54 -0.027) (81 0.0255) (46 0.024) (65 0.0227) (77 0.0226) (87 0.0219) (40 -0.0218) (47 0.0206) (115 -0.0205) (53 -0.0194) (130 0.019) (58 0.0184) (75 -0.0181) (83 -0.0179) (44 -0.017) (84 0.015) (57 0.0147) (14 0.0138) (128 0.0138) (39 -0.0135) (72 0.0135) (55 0.0132) (92 0.0131) (96 -0.0127) (114 0.0127) (80 -0.0126) (61 0.0126) (118 -0.0124) (86 -0.0116) (112 0.011) (85 0.0105) (52 -0.0103) (56 -0.0103) 
   0.0023351   (132 0.477) (49 0.415) (50 -0.391) (28 -0.308) (51 -0.282) (67 0.277) (54 -0.191) (70 -0.159) (69 0.157) (133 0.134) (47 0.113) (44 -0.103) (66 -0.0969) (71 0.0962) (48 -0.093) (57 0.0733) (55 0.0656) (30 0.0621) (27 0.053) (73 -0.0485) (60 0.0433) (45 -0.0402) (43 -0.0394) (74 -0.038) (68 0.0357) (42 -0.0353) (31 -0.0328) (25 -0.0309) (130 0.0266) (79 -0.0265) (82 0.0257) (14 0.0254) (63 -0.0227) (41 0.0225) (83 0.0211) (53 0.0211) (78 0.0193) (34 -0.0168) (20 -0.0167) (33 -0.0167) (72 -0.0167) (40 -0.0166) (59 0.0166) (23 0.0159) (16 -0.0151) (39 0.0148) (99 0.0146) (77 -0.0144) (111 0.0143) (65 -0.0136) (17 0.0126) (19 -0.0125) (62 0.0124) (24 0.0123) (116 -0.0116) (29 -0.0109) (64 0.0108) (117 -0.0101) 
   0.0025237   (132 0.823) (49 -0.281) (50 0.269) (133 0.234) (28 0.193) (51 0.193) (54 0.114) (47 -0.0682) (44 0.0619) (48 0.0585) (67 -0.0482) (57 -0.0446) (55 -0.0399) (30 -0.0365) (70 0.0337) (27 -0.0329) (43 0.0297) (45 0.0281) (69 -0.0258) (130 0.025) (71 -0.0246) (62 -0.0229) (42 0.021) (31 0.0203) (25 0.0193) (14 -0.0176) (60 -0.0167) (66 0.0166) (73 0.016) (40 0.0134) (41 -0.0123) (128 0.0119) (20 0.0112) (23 -0.0105) (16 0.0103) 
   0.0027341   (22 0.882) (20 -0.289) (53 0.19) (55 -0.177) (21 0.114) (23 -0.101) (18 -0.0731) (19 -0.0715) (14 0.0712) (54 -0.0693) (57 -0.0528) (46 -0.0504) (13 -0.0492) (17 0.0467) (30 0.0439) (25 -0.0353) (43 0.0346) (16 -0.0344) (29 -0.0341) (32 -0.0332) (50 0.0329) (24 -0.0291) (37 -0.0267) (42 -0.0266) (48 -0.026) (28 0.0254) (26 -0.0243) (45 0.022) (11 -0.0213) (49 0.0203) (40 0.0202) (41 0.0189) (79 -0.016) (27 0.0159) (36 -0.0145) (56 -0.0139) (69 -0.0128) (52 -0.0123) (31 0.012) (125 0.012) (120 -0.0117) (122 -0.011) (121 -0.0109) 
   0.0027473   (60 0.804) (53 -0.319) (55 0.295) (59 0.278) (54 0.132) (58 0.13) (22 0.123) (46 0.0881) (43 -0.0669) (79 0.0617) (49 -0.0515) (20 -0.0499) (69 -0.0408) (45 -0.0385) (42 0.0339) (50 -0.0306) (134 -0.03) (61 0.0257) (21 0.0251) (56 0.025) (41 0.0242) (68 -0.0225) (52 0.0218) (48 0.0202) (70 0.0202) (108 -0.0182) (83 0.0182) (125 0.0179) (67 -0.0176) (115 0.0168) (121 0.0165) (14 0.0164) (71 0.0159) (47 -0.0154) (23 -0.0153) (39 -0.0149) (30 -0.0142) (126 0.0138) (63 0.0135) (18 -0.0128) (80 0.0126) (66 0.0122) (81 0.0119) (13 -0.0111) (25 -0.0108) (37 0.0106) 
   0.0028749   (134 -0.67) (55 0.391) (53 -0.38) (60 -0.345) (57 0.178) (22 0.165) (54 0.14) (59 -0.119) (46 0.0661) (20 -0.0653) (50 -0.0647) (44 0.0581) (47 -0.054) (41 -0.0533) (52 0.0462) (58 -0.0458) (42 0.0413) (69 0.0377) (39 -0.0344) (43 -0.0314) (21 0.0287) (49 -0.0286) (14 0.0281) (45 -0.0258) (67 0.0254) (133 0.0247) (79 0.0235) (70 -0.0223) (62 -0.0211) (125 -0.0186) (83 -0.0175) (23 -0.0173) (68 0.0172) (18 -0.0165) (19 -0.0145) (48 0.0143) (30 -0.0142) (56 0.0137) (122 0.0134) (61 -0.0121) (51 0.0119) (66 -0.0119) (37 0.0117) (40 -0.0116) (81 0.0115) (124 -0.0109) (77 0.0102) 
    0.002899   (134 -0.741) (55 -0.365) (53 0.356) (60 0.278) (57 -0.161) (22 -0.154) (54 -0.132) (59 0.0959) (46 -0.0637) (20 0.061) (50 0.0597) (44 -0.0525) (47 0.0492) (41 0.0468) (52 -0.0425) (42 -0.0387) (58 0.0359) (125 0.0339) (69 -0.0325) (39 0.0316) (43 0.0314) (49 0.0281) (21 -0.027) (14 -0.0261) (45 0.025) (133 0.0238) (79 -0.0231) (67 -0.0222) (70 0.0194) (62 0.0188) (126 0.0185) (23 0.0162) (83 0.0156) (18 0.0155) (68 -0.0147) (127 0.0143) (124 0.0141) (48 -0.0139) (30 0.0135) (56 -0.0135) (19 0.0134) (122 -0.0132) (117 -0.0113) (37 -0.0111) (51 -0.0107) (81 -0.0107) (40 0.0104) (66 0.0103) 
   0.0033871   (33 0.911) (58 -0.306) (83 0.13) (37 -0.1) (36 0.0824) (57 0.0799) (41 0.0686) (40 0.0664) (30 -0.0636) (32 0.06) (60 0.0481) (28 -0.0415) (44 -0.0346) (86 0.033) (39 0.031) (13 0.0291) (14 0.0283) (42 -0.0277) (46 -0.0269) (43 0.0249) (56 -0.022) (67 -0.022) (52 0.0215) (45 0.0212) (53 0.0209) (50 0.0203) (35 -0.0199) (47 0.0178) (96 -0.0175) (79 -0.017) (31 -0.0169) (20 -0.0165) (81 -0.016) (16 -0.0157) (51 -0.0141) (49 -0.0138) (89 -0.0133) (73 -0.0123) (68 0.012) (85 0.0116) (25 0.0111) (69 0.011) (23 0.0106) 
   0.0041897   (83 0.836) (58 0.423) (131 0.191) (86 0.14) (79 -0.114) (57 -0.1) (60 -0.0961) (85 0.0639) (89 -0.0527) (90 0.0467) (115 -0.0445) (53 -0.0408) (91 -0.039) (80 -0.0345) (81 -0.0333) (84 0.0317) (111 -0.0312) (46 0.0312) (43 -0.0306) (117 0.0284) (33 0.0281) (56 0.028) (97 -0.0257) (114 0.0245) (96 -0.0242) (71 0.0235) (103 -0.0233) (82 0.0207) (101 -0.0205) (48 0.02) (77 -0.0191) (52 -0.0191) (92 0.0188) (99 -0.0179) (69 -0.0174) (40 -0.0166) (70 0.0164) (104 0.016) (45 -0.0158) (30 -0.0149) (42 0.0148) (76 0.0148) (59 -0.0147) (51 0.0146) (87 -0.0141) (124 0.0137) (108 -0.0135) (120 0.0135) (39 -0.0133) (106 0.013) (50 -0.0127) (126 -0.0125) (14 0.0121) (93 0.0119) (37 0.0114) (112 0.011) (113 -0.0101) (116 0.01) 
   0.0042318   (58 0.621) (131 0.524) (83 -0.437) (33 0.279) (57 -0.112) (60 -0.107) (86 -0.0803) (44 -0.0733) (47 0.0694) (79 0.0684) (67 0.0657) (89 0.0395) (85 -0.0373) (41 0.036) (81 0.0358) (68 -0.0305) (90 -0.0294) (96 0.029) (56 0.0263) (73 0.0261) (69 -0.0257) (30 -0.0248) (43 -0.0246) (53 -0.0238) (37 -0.0236) (84 -0.023) (36 0.0227) (114 -0.0219) (115 0.0215) (39 0.0212) (32 0.0198) (91 0.0183) (14 0.0179) (52 -0.0178) (103 0.0173) (94 -0.0167) (28 -0.0166) (46 0.0143) (66 -0.0143) (88 0.0143) (108 0.0139) (112 -0.0133) (109 -0.0123) (51 0.0123) (50 -0.012) (80 0.0119) (93 -0.0115) (133 -0.0114) (20 -0.0113) (55 -0.0111) (42 -0.011) (48 0.0106) (127 0.0105) (45 -0.0103) (77 0.0102) 
   0.0042409   (131 0.83) (58 -0.486) (33 -0.192) (57 0.0936) (60 0.0892) (83 0.0805) (44 0.0461) (47 -0.0444) (67 -0.0417) (53 0.0247) (56 -0.0231) (43 0.0226) (41 -0.0217) (68 0.021) (69 0.0201) (30 0.02) (86 0.0192) (73 -0.0167) (36 -0.0164) (46 -0.0164) (79 -0.0157) (52 0.0156) (32 -0.0152) (14 -0.0146) (81 -0.0144) (96 -0.0139) (89 -0.0133) (37 0.013) (114 0.0123) (115 -0.0121) (28 0.0118) (48 -0.0116) (133 -0.0115) (51 -0.0111) (94 0.0109) (50 0.0104) (130 0.0104) (39 -0.0102) (45 0.0102) 
   0.0042844   (105 0.515) (96 0.348) (103 0.346) (124 0.31) (100 0.258) (108 -0.241) (109 0.21) (104 -0.21) (101 0.169) (125 -0.154) (121 0.13) (120 -0.121) (107 -0.11) (115 -0.0911) (94 -0.0885) (112 -0.0875) (106 0.085) (102 -0.0829) (123 -0.0823) (99 -0.0757) (116 0.0728) (111 0.0683) (98 -0.0671) (93 -0.0535) (110 -0.0513) (88 -0.0468) (113 -0.0467) (47 0.0433) (146 -0.0421) (119 -0.0373) (117 0.0334) (44 -0.031) (92 0.0294) (81 0.029) (83 0.0284) (89 0.0272) (71 0.027) (85 -0.0195) (41 0.0172) (58 -0.0163) (97 0.0156) (122 0.0141) (80 -0.0137) (114 -0.0131) (133 0.0128) (91 0.0128) (49 -0.0127) (67 -0.0122) (79 -0.0119) (70 0.0117) 
   0.0044573   (146 0.998) (124 0.0419) (125 -0.0209) (105 0.0163) (120 -0.0107) (121 0.01) 
   0.0045466   (47 0.702) (44 -0.554) (41 0.192) (49 -0.163) (48 0.12) (71 0.0992) (58 -0.0974) (43 -0.0962) (50 0.0893) (42 -0.0864) (33 -0.0864) (39 0.0853) (13 -0.0794) (124 -0.0696) (55 0.0588) (46 0.0569) (67 -0.0558) (81 0.0521) (51 0.0504) (70 0.0499) (125 0.049) (53 -0.0479) (83 0.0479) (57 0.0461) (54 0.0451) (60 -0.0445) (96 0.0436) (121 -0.0406) (52 0.0346) (45 -0.0318) (56 -0.0314) (109 -0.0307) (105 -0.0304) (22 0.0303) (112 -0.03) (120 0.0272) (123 0.0262) (108 0.0249) (59 -0.0238) (115 0.0232) (106 -0.022) (80 -0.0212) (103 -0.0207) (86 -0.0206) (66 0.0193) (69 -0.0189) (89 0.0182) (91 -0.0177) (99 0.017) (110 -0.017) (79 -0.0167) (11 -0.0163) (30 0.0162) (85 -0.0155) (77 -0.0155) (111 0.0147) (29 0.0137) (100 -0.0133) (28 0.0131) (114 -0.0123) (107 0.0121) (94 -0.0117) (32 -0.0115) (73 0.0109) (116 -0.0104) (12 -0.0103) 
   0.0045827   (71 0.652) (47 -0.388) (44 -0.319) (80 -0.313) (77 -0.189) (70 0.164) (78 0.156) (94 -0.131) (82 0.119) (86 -0.113) (81 0.107) (75 -0.102) (79 0.0956) (98 -0.0818) (67 -0.0739) (90 0.0717) (72 -0.0714) (84 -0.0612) (96 -0.0532) (46 0.0511) (110 -0.0473) (39 0.0461) (112 0.0425) (85 -0.0413) (93 0.0396) (107 0.0391) (41 -0.0369) (74 0.0368) (45 0.0347) (92 -0.0342) (106 -0.0323) (104 0.0307) (69 -0.0306) (76 -0.0306) (109 -0.0298) (114 0.0287) (105 -0.0276) (121 0.025) (66 0.0247) (60 -0.0231) (124 0.0216) (101 -0.0193) (68 -0.0184) (55 -0.0179) (53 -0.0179) (125 -0.0179) (42 -0.0176) (62 0.0174) (116 0.0164) (59 -0.0161) (56 0.0146) (103 0.0135) (123 -0.0134) (100 -0.0134) (156 0.0132) (95 -0.0124) (58 -0.0121) (89 -0.0119) (99 -0.0115) (18 0.0114) (49 0.0104) 
   0.0048297   (156 0.999) (44 0.0361) (47 0.0278) (71 0.011) 
   0.0050714   (44 -0.68) (47 -0.479) (71 -0.444) (77 0.113) (39 0.112) (70 -0.109) (80 0.108) (46 0.0769) (86 0.0738) (78 -0.0674) (89 -0.0593) (42 -0.0547) (79 -0.0502) (76 -0.0481) (156 0.0463) (107 -0.0438) (67 0.0436) (85 0.0431) (82 -0.0425) (45 0.0422) (72 0.0387) (90 0.0369) (98 0.0368) (112 -0.0366) (40 0.0326) (115 0.0324) (110 0.032) (106 0.0318) (81 -0.0312) (33 -0.0296) (114 -0.0289) (84 0.0285) (41 -0.0249) (51 0.0239) (96 0.0233) (109 0.0225) (13 -0.0213) (75 0.0209) (49 0.0205) (50 0.0203) (104 -0.0189) (101 0.0178) (121 -0.0173) (124 -0.0166) (62 -0.0162) (105 0.0161) (94 -0.0158) (88 0.015) (125 0.0148) (66 -0.0147) (99 0.0144) (68 0.0144) (55 0.0139) (31 0.0134) (102 0.0134) (69 0.0124) (74 -0.0117) (22 0.0112) 
   0.0051649   (17 -0.783) (16 -0.6) (138 -0.148) (15 -0.05) (13 0.0318) (8 0.0201) (22 0.0184) 
   0.0053216   (138 -0.989) (17 0.118) (16 0.09) 
   0.0053785   (8 -1) (17 -0.0157) (16 -0.012) 
   0.0056032   (5 -1) 
   0.0058258   (26 -0.711) (25 0.566) (136 -0.33) (30 0.129) (23 0.129) (14 0.0995) (24 -0.061) (16 -0.06) (40 0.0508) (15 0.0436) (17 0.0423) (20 -0.0316) (29 0.0276) (43 0.0272) (28 -0.0269) (79 -0.0258) (31 -0.0246) (39 0.0242) (19 -0.023) (36 0.0201) (21 0.0195) (22 -0.017) (32 -0.0157) (18 -0.0139) (41 -0.0133) (51 -0.0109) (81 -0.0101) 
   0.0061393   (136 -0.944) (26 0.249) (25 -0.198) (30 -0.0452) (23 -0.0451) (14 -0.0348) (24 0.0213) (16 0.021) (40 -0.0177) (15 -0.0153) (17 -0.0148) (20 0.0111) 
   0.0064164   (15 0.675) (9 0.638) (16 0.222) (17 -0.213) (14 0.182) (25 -0.0454) (19 0.044) (18 0.0397) (23 -0.0369) (24 0.0236) (21 0.0216) (40 0.0158) (20 0.0127) (79 -0.0101) (22 0.01) 
   0.0068136   (142 0.999) (9 -0.0278) (15 0.0174) 
   0.0077119   (9 0.769) (15 -0.558) (16 -0.187) (17 0.179) (14 -0.145) (25 0.0412) (19 -0.0392) (142 0.0341) (23 0.0319) (18 -0.0317) (24 -0.0223) (21 -0.0211) (40 -0.0156) (79 0.0112) (22 -0.0109) 
   0.0081439   (11 0.925) (39 -0.342) (44 -0.0777) (41 -0.0643) (13 -0.0607) (40 0.0579) (43 0.0556) (12 -0.0531) (34 0.029) (47 0.0243) (14 0.0243) (46 -0.0177) (29 -0.0144) (54 -0.0133) (37 0.0127) 
   0.0084078   (140 0.998) (39 -0.0548) (11 -0.0247) (44 -0.0102) 
   0.0087348   (39 0.868) (11 0.366) (44 0.163) (40 -0.157) (41 0.145) (43 -0.133) (34 -0.0695) (140 0.0636) (54 0.0453) (47 -0.0419) (46 0.0398) (13 -0.0359) (37 -0.03) (29 0.0296) (38 -0.0248) (12 -0.0244) (22 0.0241) (33 -0.0228) (61 -0.0196) (64 0.0184) (30 0.0164) (60 -0.0142) (45 -0.014) (21 -0.0139) (42 0.0138) (115 0.0122) (74 0.0122) (36 0.012) (77 -0.0115) (32 0.0111) (35 0.0109) (82 0.0107) (65 0.0102) (49 0.0101) 
   0.0095468   (12 0.934) (29 -0.339) (13 -0.0603) (11 0.0493) (30 -0.0415) (32 0.0352) (26 -0.0172) (34 -0.0168) (39 0.0161) (66 -0.0158) (14 0.0141) (15 0.0117) (33 -0.0108) 
   0.0096698   (137 -0.962) (29 -0.247) (12 -0.102) (30 -0.0298) (32 0.0224) (34 -0.0116) (26 -0.01) 

 Largest eigenvalues
      29.673   (163 0.295) (164 -0.943) 
      26.385   (41 -0.767) (43 0.437) 
      15.683   (79 0.813) (81 0.316) 
      13.664   (114 -0.479) (115 0.666) (117 -0.287) 
      3.5209   (96 0.289) (121 -0.339) (124 -0.582) (125 0.411) 
      1.2244   (163 0.953) (164 0.293) 
      1.1657   (165 -0.998) 
      1.1478   (162 0.991) 
      1.1322   (88 0.923) (99 0.25) 
       1.117   (99 -0.694) (101 0.373) (105 -0.379) 
      1.0898   (99 -0.428) (104 0.398) (105 0.385) (106 -0.491) 
     0.98703   (113 -0.318) (116 0.652) (117 -0.405) 
     0.95825   (104 0.385) (105 0.302) (106 0.588) (107 0.493) 
     0.90688   (100 0.744) (103 -0.398) 
     0.86572   (109 -0.351) (111 -0.401) (112 -0.372) (113 0.31) 
     0.80192   (109 0.387) (110 -0.294) (113 -0.372) (117 0.471) 
     0.67737   (109 -0.537) (110 0.425) 
      0.6678   (96 0.761) (100 -0.354) 
     0.65897   (113 0.291) (114 -0.361) (126 -0.572) (133 0.383) 
     0.60814   (112 -0.506) (113 -0.533) (114 0.396) (126 -0.301) 
     0.60699   (108 0.583) (111 -0.372) (112 0.29) (114 0.366) 
     0.58393   (108 -0.686) (111 -0.372) 
     0.58267   (123 0.426) (125 -0.355) (128 -0.532) 
     0.58012   (125 0.55) (126 0.484) (128 -0.443) 
     0.57263   (120 0.423) (121 0.441) (122 0.501) 
     0.55503   (119 -0.316) (120 -0.682) (122 0.316) 
     0.52674   (119 0.419) (121 -0.488) (123 -0.379) (127 -0.397) 
     0.49137   (119 -0.662) (122 -0.291) (133 -0.323) 
     0.42103   (119 0.481) (121 0.314) (123 0.396) (125 0.306) (133 -0.368) 
     0.40249   (91 -0.968) 
     0.32949   (121 -0.327) (122 0.338) (127 0.538) (133 -0.404) 
      0.3107   (92 0.313) (93 0.876) 
     0.29191   (93 -0.328) (103 0.608) (104 0.476) (105 -0.295) 
     0.28866   (102 -0.856) 
     0.27199   (98 -0.508) (122 -0.299) 
     0.23056   (86 -0.649) (98 0.326) 
     0.23029   (76 0.41) (77 -0.412) (98 0.566) 
     0.20734   (76 -0.423) (77 0.363) (86 0.612) 
     0.16833   (98 -0.382) (110 -0.454) 
     0.14706   (89 0.8) (90 -0.412) (94 0.315) 
     0.14478   (94 0.43) (97 -0.523) (107 -0.364) 
     0.13101   (85 0.309) (94 -0.594) (107 -0.331) 
     0.12551   (85 -0.866) (90 -0.218) (97 0.216) 
     0.11396   (85 0.314) (87 0.342) (89 -0.4) (90 -0.513) (97 0.354) 
     0.10588   (71 0.393) (76 0.35) (80 0.576) (82 -0.315) 
     0.10356   (75 -0.328) (76 -0.277) (84 0.324) (87 -0.3) (97 0.327) 
    0.095542   (68 -0.299) (72 0.346) (80 -0.287) 
    0.092299   (59 0.632) (60 -0.213) (64 0.207) (65 0.251) (68 0.21) (82 0.237) 
    0.091963   (59 -0.57) (68 0.302) (72 -0.307) 
    0.087762   (59 0.265) (65 -0.324) (68 -0.277) (75 -0.267) (97 -0.308) 
     0.08511   (64 0.488) (65 0.427) (72 0.385) 
    0.081613   (64 -0.613) (68 0.326) 
    0.077905   (61 0.387) (64 0.379) (65 -0.526) 
    0.074791   (61 -0.809) (72 -0.316) 
    0.072551   (61 0.409) (65 0.483) 
    0.069814   (65 -0.221) (68 0.22) (72 0.38) (75 -0.223) (82 0.254) (115 -0.244) (116 -0.294) (117 -0.223) 
    0.067319   (72 -0.291) (74 -0.324) (75 0.318) (84 -0.277) 
    0.062632   (63 -0.553) (70 0.376) (74 0.294) (82 -0.317) 
    0.058243   (63 0.631) (74 0.338) 
     0.05745   (63 -0.382) (70 -0.553) (75 -0.298) 
    0.054907   (66 -0.374) (70 0.268) (74 -0.45) (82 0.285) (84 0.308) (101 -0.306) 
     0.05261   (66 0.527) (74 0.288) (75 0.321) (82 0.288) (101 -0.302) 
    0.049647   (66 -0.56) (67 -0.326) (70 -0.344) (74 0.331) 
    0.047357   (84 -0.361) (87 -0.393) (118 0.342) 
    0.045682   (34 0.922) (54 0.26) 
    0.043514   (34 -0.318) (54 0.789) 
    0.042577   (54 -0.367) (78 -0.369) (118 0.399) 
    0.039993   (56 0.432) (62 0.319) (78 0.409) (101 0.26) (118 0.296) 
    0.034488   (53 -0.342) (55 -0.291) (56 -0.514) (78 0.373) 
    0.032892   (35 -0.792) (42 -0.334) 
    0.029446   (35 0.556) (42 -0.451) (62 -0.376) 
    0.029421   (38 -0.408) (42 0.425) (92 -0.444) 
    0.028299   (38 0.837) (92 -0.266) 
    0.027036   (38 -0.322) (42 -0.293) (62 0.619) 
    0.023195   (130 -0.909) 
    0.022286   (129 -0.578) (155 0.809) 
    0.020923   (129 -0.577) (155 -0.314) (161 0.754) 
    0.020394   (129 -0.577) (155 -0.496) (161 -0.649) 
    0.019001   (13 -0.985) 
    0.016632   (141 -0.999) 
